-19.4869
-19.1975
-5.76749
-25.1944
42.4946
-3.91949
-9.85412
-13.2519
6.88533
-10.0807
4.07033
8.69542
2.15359
-6.53979
-2.59786
20.5491
11.2974
-8.81993
-7.80646
10.0532
-0.58186
13.6048
7.41285
1.24961
-6.71898
23.8398
20.9615
-17.2828
3.68508
-6.98742
-24.0537
12.6118
2.14283
-8.12955
4.3798
-7.49045
27.4483
8.05169
12.9702
-13.4564
6.66031
-0.246637
-7.47889
6.4572
10.3546
8.56523
-10.1544
-0.309754
-45.3905
-3.30638
-16.5186
-13.7769
7.92027
-10.493
-2.19392
-5.28751
19.5546
2.91654
9.63167
3.29558
7.72217
-0.238404
11.1006
-7.7601
3.3682
27.0717
-2.60944
-7.61103
-8.20287
3.24798
-19.3318
2.49903
-16.1058
-1.14725
16.492
2.72019
5.96873
9.9636
-5.8963
18.1447
4.60867
-12.379
8.48365
-3.62488
-6.81076
4.63536
39.256
1.01807
7.26911
-12.5024
-9.6902
1.90963
17.4603
-0.086257
14.2323
14.9456
19.7947
-8.2681
16.2127
9.05434
-0.408073
-3.8156
12.1917
5.04879
12.3705
3.00057
2.87723
-12.7994
7.89826
14.1762
-16.0029
-22.4423
12.1595
6.12562
16.4808
27.0682
4.84953
13.6513
13.4424
-4.74812
-7.95956
-2.13641
-4.23168
-10.9554
10.2618
-4.45635
-12.6354
-9.64523
20.8009
4.24868
-11.6259
0.0942268
-8.68221
10.1477
5.76225
-15.5525
30.5398
9.0834
-14.0024
-3.77236
-12.202
14.8732
-17.9459
-4.33347
-18.1762
1.62667
13.9716
-0.864426
5.04988
13.623
7.28795
0.885995
-5.95663
0.828314
-20.1859
-3.47869
-6.97229
10.8555
5.78322
7.26744
-4.49238
-21.6663
11.3162
-17.1514
-7.38092
-5.43452
6.65069
-14.6032
0.360183
-14.2308
4.74301
-3.77242
20.1295
-2.58621
10.2288
15.921
14.577
9.90564
12.7045
-11.0886
-23.5257
-2.66412
6.80342
-9.18541
-2.14363
-15.8543
-1.43738
-3.81167
1.83721
-25.92
11.9156
-2.36522
-7.80614
14.5908
-9.8899
-2.19359
-16.6515
0.65765
-16.5696
1.07044
-1.15067
-9.44276
1.44742
9.35423
9.27712
0.209067
8.378
14.9139
-3.71015
11.9865
-7.64216
17.7022
-20.9951
-0.085808
-20.2181
8.81173
-21.5305
-2.49123
1.86292
-16.8153
-9.30921
-12.1314
-5.17552
-12.4508
-11.033
-14.2855
-11.7664
-13.6567
-6.37282
-11.8168
1.91452
5.80086
-7.59593
-1.44111
7.77257
-14.7676
18.4779
-1.28772
-9.35503
-2.4422
-5.37284
0.699643
17.5729
15.4161
-8.96944
-9.01737
16.8057
-1.5056
-20.9142
13.2336
9.83488
-11.9983
7.00991
8.85921
3.09597
-19.8056
-4.20911
4.21619
-1.92407
-1.58616
27.3724
14.13
7.04929
-20.4437
-13.4873
34.6725
-7.0134
2.70955
-2.71426
-4.08321
2.0808
-14.3766
-3.11084
3.99308
28.3749
3.52893
-7.7501
-24.9944
15.3935
8.68822
-9.42426
0.409924
-7.23838
-6.57953
-8.99413
13.0949
10.4889
-3.63545
-6.48296
22.2373
0.113066
7.68727
-23.876
11.3118
9.38902
-1.2081
-2.00281
-18.6415
2.07623
20.1363
-6.24348
22.4639
-2.65083
-11.1076
-7.31772
-22.2889
5.8698
-8.88181
4.03794
-8.34304
-8.5625
-4.30654
-22.6451
-5.64724
19.3743
2.30606
-5.93819
-15.1329
19.4446
20.4299
-9.80573
1.88052
26.1127
-24.7899
-2.80552
-16.6011
-1.47379
19.846
-2.04488
8.81187
-4.64854
-13.2318
-1.48129
-2.19301
-28.865
-4.09291
8.39785
-14.3757
34.8795
-6.12536
-3.96669
6.02073
-8.46743
-17.2512
-10.9361
4.9733
0.944906
-20.4813
-8.74154
16.9024
-1.21535
-20.7983
-7.08225
-10.5389
1.55461
-4.41788
-11.8064
2.04958
-1.10122
12.3561
10.4555
0.464718
2.77529
16.048
11.8598
10.7353
5.5504
4.88271
-15.1017
-5.45144
-4.37734
1.80172
10.4863
14.1277
-22.3297
-14.6758
-7.63969
3.2726
-13.593
-2.75132
-12.3745
-3.2632
-11.6448
0.019674
3.86916
-10.0235
-1.75269
0.092792
-7.69463
12.5456
-19.3595
-25.3709
-15.6784
-16.1336
-5.26079
-0.719136
16.8191
4.48564
-24.6129
5.24914
7.06182
-6.46011
8.16705
-3.71835
3.14881
-13.2156
-8.29038
16.0617
-15.8068
-4.1293
4.73406
-11.7152
2.76953
-2.00635
1.74605
3.65974
19.3187
-3.4229
-13.2845
-1.60601
16.9513
9.19062
8.04404
7.72062
-15.1822
12.456
10.7856
-21.1675
-4.71742
20.2597
-13.1339
3.62279
-22.9379
27.8091
0.757724
15.3903
-6.69318
25.2864
4.13424
11.8743
4.91061
-9.1669
13.9593
-6.75925
17.7176
-3.30961
21.1956
-3.42945
6.10557
1.31051
21.1729
-14.5344
-12.3126
-5.80971
5.91691
1.87193
6.24785
-1.50323
-5.87458
14.3856
-6.61128
16.7744
2.19592
10.3121
18.4513
30.3949
9.07138
-18.4857
1.22667
-15.9025
-11.2741
12.8548
-2.01777
10.8995
-1.96023
-6.19719
3.24383
4.96433
14.0661
-12.426
-13.131
-24.8439
-3.14402
-6.24002
11.9897
-11.8075
-4.6856
-1.66855
9.40765
8.41233
23.7654
3.41697
1.51758
-1.57369
7.32676
-8.86619
-10.6045
-7.40436
-1.86535
1.88534
-44.9821
13.7919
2.33706
-9.73953
-8.4853
-7.66334
11.7248
-2.99227
6.15187
7.72652
22.7886
6.24098
6.09952
-9.83652
-6.40182
-11.4578
10.8625
-9.65269
-4.92427
-24.9892
-8.60381
-7.57028
19.7153
6.73548
0.600224
-4.39194
-2.0281
14.9064
0.537994
7.86212
-16.7382
-17.8432
-1.58018
-17.8618
12.9045
31.5494
16.86
5.00537
-2.97417
14.579
-8.75121
16.2219
-9.96185
-5.99358
5.18879
-4.35795
2.39601
-9.86668
-13.2342
-11.291
19.7208
-4.11695
8.97181
-1.63337
21.2083
-6.41761
16.4851
-8.07561
11.3822
-6.27505
5.1993
10.5199
4.1587
21.6687
-9.54952
14.4607
1.36341
26.3825
-25.012
4.78044
-15.4046
17.848
-7.20378
-28.5843
6.34727
7.75546
-17.0299
6.28324
3.51553
6.96015
7.48002
-7.58214
-13.9054
0.353173
20.3091
4.38804
1.09727
-8.77979
-0.933763
-9.29947
0.679525
-7.20714
-20.5874
14.2968
-19.5511
-18.7023
5.69119
-8.26294
7.71344
-4.56893
0.867868
1.86427
-26.224
4.86391
14.7125
-2.50078
-7.40969
-12.5947
-14.6789
-20.4302
-9.20754
17.0739
-8.21108
3.30531
0.811748
-10.8372
0.561552
-2.94537
-11.0879
0.760361
-11.079
0.52917
-18.6065
-0.643646
-13.3336
-10.1504
-20.1357
16.1664
13.6597
-0.0858335
-1.00028
-4.84404
-14.7349
4.50684
5.33679
10.3111
10.8031
13.2103
-2.49166
-1.70534
7.56546
9.73402
-6.99947
-2.78723
-11.7331
1.30142
3.2054
-9.68439
-8.97283
-18.3329
1.65125
14.9157
-14.4764
-22.3494
0.315262
3.36899
-6.16334
-8.04641
-6.07369
4.95063
-1.68364
-4.63449
37.7551
-17.3722
1.11261
-3.17095
-26.9241
-0.343265
1.95532
-14.3712
-0.861021
11.5754
1.57815
20.4599
-5.33722
-16.4158
-0.516746
-18.9271
29.8948
-1.35621
-5.74526
18.8438
15.9444
-16.1053
-9.11154
2.98153
16.6993
-7.04196
-23.3235
-1.68566
-8.40629
-11.0818
3.48985
-8.36283
8.37436
-19.0705
-4.36905
-10.3001
5.85243e-06
25.047
-8.46547
21.1441
-4.29828
-22.8894
-1.69843
0.136179
11.0599
7.1421
-19.765
10.2914
6.29983
21.2104
-10.8528
-3.28035
12.9001
13.1714
-6.90483
-5.00157
-10.5221
-1.33669
-7.887
10.8869
4.94224
-28.4783
2.75699
9.64962
23.9543
-0.274233
-6.74935
-13.9594
9.72728
-0.886049
-1.31126
1.60513
-4.48248
32.9322
-14.1506
-22.076
7.91925
18.1054
25.3172
-2.39135
-2.99121
3.37002
-9.37694
-14.3847
2.8548
14.275
4.88686
-11.4764
6.87547
6.77012
-25.0142
0.483432
17.9598
-7.29557
-7.3178
12.1594
8.51076
-6.41911
-7.98336
-4.69695
-8.71616
2.18645
19.0288
-13.7004
9.6853
-6.7017
-10.9529
7.68021
-2.80596
-10.6215
-4.29517
-21.0173
-7.40321
-10.8474
-9.93592
-7.75479
-0.78266
-11.9219
-6.64859
-16.1307
10.2331
-1.8027
-21.691
7.51269
-15.5744
6.85974
-13.25
22.843
-4.87714
7.40443
-2.5249
15.8152
9.97401
0.69102
3.71436
2.75098
-2.93679
-10.8414
-3.73849
-0.663743
-12.0479
3.78722
-13.7688
-2.0226
-6.41665
12.5354
-10.1471
-0.764122
6.08612
-32.5962
-6.20296
-4.42115
-5.417
-15.5193
0.447686
-7.51413
5.87875
-3.1803
-21.6615
-3.15379
12.5924
14.6499
10.1
15.7169
3.97363
-2.12732
16.5938
-4.07027
-5.87391
-14.8026
-0.110991
-20.9012
6.76467
-9.03253
-6.1834
-19.7926
15.6903
-18.5904
4.61322
9.67974
7.92416
12.0688
-3.98831
-6.26967
-21.15
0.828559
-8.68479
5.6383
9.81473
13.3575
6.98654
1.86338
17.7849
4.1633
-21.1913
-5.84443
-12.1342
23.838
-11.2208
4.15501
-10.9236
8.29893
31.743
-18.3683
5.79266
9.9197
-7.99397
-0.0714799
-5.35162
2.33278
20.1108
-10.9412
-17.6632
-3.21568
13.0784
-9.35954
-3.22388
-4.27656
-8.27317
-3.44097
21.1289
16.8579
11.2089
23.9691
19.4236
4.3006
10.7005
-22.4236
-8.74256
22.6353
6.90004
-6.59958
5.08915
9.42824
19.6799
5.99541
7.6687
-2.1518
-1.52573
9.10558
14.7205
-12.1529
17.6458
13.9212
13.4398
-4.6566
18.178
-3.83394
-8.65174
-13.1689
10.8457
5.07181
40.5417
3.61305
-5.86229
-8.53782
7.69774
-19.5
6.71807
19.3006
-6.61427
14.2384
9.09883
7.67544
17.4182
-4.99066
-20.7978
2.79247
-19.2702
5.33731
-8.09278
-6.70625
-4.8538
31.9308
3.49726
-10.2646
9.9914
-3.86216
7.88732
-1.35959
5.8096
1.84675
15.9451
-7.32197
-5.98543
-12.5323
6.5689
-19.2979
-14.7564
-0.63841
-45.3185
7.61922
-14.9603
5.96066
9.38703
7.81761
-4.81829
2.41937
11.5176
-7.34417
17.7828
4.14764
26.984
-9.34036
2.25135
-7.62565
3.11679
13.363
-26.3824
-5.19162
2.40014
-15.0275
25.1077
19.7365
-8.63296
0.934999
10.2586
11.0332
-1.88753
6.86951
-7.85657
-1.03777
13.8099
21.6303
-4.8464
-8.89905
2.41226
5.77078
1.64971
-13.8371
2.98056
-8.95398
-9.73736
-1.06225
32.1525
-34.5535
-4.77997
-21.0306
