-4.2089
1.46927
-0.599646
-4.40771
2.35477
5.56024
7.2277
4.71787
-1.73862
-2.45689
0.642483
1.03419
-4.44902
-1.10166
-6.96245
3.01455
-0.714912
0.326502
-2.77221
-0.297213
-4.27193
-0.85058
-0.691672
2.99114
-4.55448
-1.82516
-4.22295
3.47241
6.51659
-0.0660204
0.090648
-1.48647
-5.37227
-1.87566
0.376617
-0.128167
6.1805
4.126
-3.29028
-2.09874
-4.0778
2.95597
-0.342531
-0.658562
-4.22053
-0.029233
-2.71736
0.562133
-0.78084
2.56336
-6.67829
-1.1611
-3.96191
0.842482
0.794049
-2.63223
-1.67098
3.52905
7.10117
5.46554
3.26181
-3.81095
-0.581279
1.14638
