-0.211236
0.963761
0.507133
0.197758
-0.749135
-0.740491
-0.943737
0.815172
0.215539
0.441289
-1.00303
0.993104
0.711203
-0.622165
-0.676991
-0.667371
-0.412992
0.00988257
-0.142552
-0.465271
0.232151
-0.797503
-0.405529
-0.28483
-0.077565
0.585071
-0.641766
0.0364299
0.187975
-0.996954
0.254593
-0.71838
-0.849004
1.04233
1.0401
0.628771
-0.472435
-0.873617
0.393145
-0.161072
-0.818736
0.0167408
-0.98429
0.891075
-0.507626
0.386989
-0.397715
0.117126
0.134765
-0.584087
1.01954
0.59075
0.899492
0.762678
0.132381
0.698838
-1.01603
-0.714668
-0.987862
-0.350043
-0.233014
-0.471082
0.695589
-0.354706
-0.450708
0.106805
-0.707069
0.661864
-0.889186
1.07462
0.489115
-0.72343
-0.989974
0.786198
0.446725
0.465795
0.441282
-0.962956
-0.289463
-0.761003
0.798312
0.171741
-0.479242
-0.939446
-0.371931
-0.244303
0.575541
0.349366
0.77914
-0.154234
-0.779323
0.564847
0.51043
0.117925
0.492262
-0.123478
-0.0829278
-0.304408
-1.11815
-0.7857
-0.895223
0.372002
-0.341668
0.18703
0.824307
-0.567117
-0.12643
0.438886
-0.644764
-0.82368
-0.292773
-0.496799
1.1269
0.695511
0.265058
0.764768
0.453917
-0.645404
0.853188
0.00642419
0.547789
0.497458
-0.626057
-0.86352
-0.453945
-0.0987455
0.724113
0.503399
-1.20989
0.023158
-0.242603
-0.564489
-0.630319
-0.161167
0.978168
-0.395491
0.0592898
0.428948
-0.229043
0.954209
0.704975
-0.781808
-0.155463
-0.490289
-0.528467
-0.884799
0.373803
-0.0715388
-0.874734
-0.206413
0.886329
-0.570881
-0.562881
0.285293
1.02942
-0.562974
0.380491
0.40992
-0.535008
0.468345
-0.302153
0.270564
0.175415
-0.103233
-0.789745
0.671446
-0.55352
-0.655959
-0.808579
0.380171
0.321961
-0.894759
0.150846
-0.419939
0.449979
-0.544869
0.541977
-0.158209
0.804042
-0.803548
-0.152762
-0.43858
1.17349
0.727179
-0.483578
0.478089
0.603975
0.0300713
-0.0694853
-0.456826
-0.601229
1.04767
0.71799
0.205394
-0.359968
-0.141053
0.572948
0.758821
0.542482
0.126018
-3.74019e-06
-1.00459
-0.510774
0.774865
-0.0263984
-1.10112
-0.541916
0.476161
-0.970322
-0.357049
0.393983
0.515809
0.307004
-0.441503
0.479707
-0.456294
0.000709891
0.641866
0.330768
0.587893
0.0900275
-0.169551
-0.841147
-0.070933
-0.239527
-0.231354
1.08029
-0.163414
0.700816
0.208727
0.454286
-0.136179
0.0323294
-0.119588
-0.496343
0.403073
-0.499864
-0.624701
0.524261
-0.284786
1.1111
0.708374
0.390151
-0.415165
-0.707569
1.03761
-0.0639077
0.847333
0.574533
0.159301
-0.61966
-0.20246
0.554715
-0.54628
-0.49059
0.357309
0.756795
-0.0581963
-0.0923575
-0.702841
0.438094
0.821158
-0.723318
0.28826
0.630305
0.376316
0.187941
0.110405
-0.381032
-0.236861
0.693915
0.303639
0.538757
0.333364
-0.335168
-0.142761
0.301763
-0.0862136
0.0109262
0.256331
0.162788
-0.855156
-0.560128
-0.853736
0.0806985
-0.717058
-0.069532
-0.0584565
-0.455738
-0.0152031
-0.868931
-0.370844
0.620197
-0.447363
-0.530066
0.289451
0.325221
-0.613715
0.214159
-0.592914
-0.666899
0.365891
0.311036
0.427648
0.439597
0.454081
-0.350833
-0.373481
0.305525
-0.669078
-0.191967
-0.636431
-0.249368
0.971633
0.0837765
0.00040637
-0.419158
-0.648294
-0.406178
-0.149634
0.384656
0.339581
0.208359
-0.20323
0.729005
0.064834
-0.207064
-0.0988405
-0.320681
-0.63618
-0.23341
0.182372
-0.87572
-0.411575
-0.30836
-0.00759587
0.872613
0.283749
-0.270012
-0.497048
0.179335
-0.0357739
-0.197615
0.132746
-0.026289
0.251731
0.0304523
-0.646214
0.236652
0.273487
0.120045
0.58968
-0.00099393
-0.655272
-0.403152
0.422901
-0.358859
0.496841
0.771552
0.0196484
-0.0702631
0.306729
-0.065255
0.0869972
0.364507
-0.252343
0.539773
0.0599385
-0.960205
-0.561925
-0.231413
-0.222947
-0.310144
0.552462
-0.380742
0.239744
0.601743
-0.505214
0.544331
-0.390195
-0.149953
0.748947
0.323733
0.540151
0.15065
0.119828
-0.501956
-0.189665
0.710377
0.379526
0.433956
-0.426008
-0.0524073
0.552839
-0.230289
0.697986
0.201822
-0.324638
0.215287
0.0345083
-0.724443
0.635285
-0.153324
0.222312
-0.367072
0.313241
-0.472411
-0.216193
0.725031
-0.745152
0.00946662
0.753071
0.0812805
-0.297069
0.0532057
-0.285759
-0.350781
-0.0547013
0.345103
0.141208
0.0601864
0.0258679
-0.881617
-0.0604198
-0.379846
0.297353
-0.000424594
0.362338
-0.33385
-0.557584
-0.267014
0.520432
-0.025506
-0.468956
-0.0428189
0.384191
-0.405685
0.698087
0.167862
-0.368608
-0.0487728
0.726736
-0.360022
0.00111805
0.694036
0.38173
0.226547
-0.231032
-0.334547
-0.231448
0.474622
-0.039328
-0.137758
0.135781
-0.609327
0.0534937
-0.259961
0.123182
-0.520909
-0.0715814
0.0734942
0.537042
0.362684
-0.0951957
0.14219
-0.317591
-0.195859
0.499238
-0.320209
0.486273
-0.545661
0.326124
-0.568184
0.528617
0.00923979
0.327839
-0.559423
0.188637
0.283049
-0.0332035
0.0574667
0.0641427
-0.097366
0.10422
-0.0661724
0.101717
-0.793032
0.0544343
0.598661
-0.0735831
-0.300119
0.148309
-0.23324
-0.393788
0.101963
-0.120094
0.227016
-0.16159
0.340233
0.0941021
0.0766343
-0.169664
-0.217347
0.238229
-0.00185918
-0.246135
0.257587
-0.119156
0.166106
-0.0306205
0.00917724
-0.265197
0.187209
-0.0919287
0.0274754
-0.212196
0.15426
0.158184
0.142456
-0.299014
0.0871139
-0.164877
0.480926
0.152475
-0.0556376
-0.390852
-0.0811341
-0.052411
-0.127177
0.686109
0.358094
0.117635
0.0364872
-0.226583
0.0910839
0.142229
-0.249073
-0.657753
0.158008
-0.298147
0.379498
-0.173637
0.0927895
0.193555
-0.161052
-0.139432
-0.308708
0.226534
0.0200953
-0.000358202
-0.204441
0.103303
-0.113651
-0.148761
0.27317
-0.328288
0.232013
-0.0401146
0.352844
-0.0975918
-0.182861
-0.141071
-0.192382
0.00446727
0.0871005
0.196458
-0.0110425
0.0405723
0.208994
-0.198957
0.0967773
-0.0813171
-0.259241
0.082178
0.136891
0.0930933
-0.370444
0.262743
-0.111193
-0.535592
-0.00371818
0.145585
0.0621526
-0.268434
0.391367
0.085772
-0.732154
-0.0388354
-0.130121
-0.0557736
0.0592834
0.00772081
-0.125545
-0.0851496
0.2924
-0.182352
0.195056
-0.357512
0.173705
0.0139349
-0.190318
0.0223683
-0.0585188
-0.0676985
0.0223023
-0.201756
-0.0799367
-0.241322
0.0530015
0.186673
-0.253474
0.333818
-0.179591
-0.147617
-0.152746
0.106429
-0.491066
0.123556
0.239289
-0.0328564
-0.0648309
-0.089514
0.093978
0.00233103
0.0300224
-0.182256
-0.0520662
0.0440369
0.0657306
0.0343316
0.305331
-0.0683082
-0.060317
0.168093
-0.137772
-0.111136
0.00294619
-0.226283
0.0650436
-0.0497851
-0.172036
-0.000517949
-0.322349
0.0709082
0.0634137
0.0986547
-0.0254208
0.0808523
-0.0152081
0.28122
-0.0964755
0.133389
-0.0358309
0.123523
0.105281
0.0119832
-0.162126
-0.181257
0.129217
0.00216038
-0.119888
0.147058
-0.0489095
0.308223
0.122994
-0.159308
-0.0757778
-0.0507398
-0.142157
0.00121995
-0.342407
-0.189389
-0.2966
-0.037796
0.0995783
-0.038388
-0.100483
-0.224728
-0.201361
0.191506
0.0541593
-0.255155
0.0677941
0.112291
0.0289764
0.161055
-0.0447227
-0.0613465
0.0264045
0.141713
0.0715866
-0.0849802
0.0818906
-0.255185
-0.0327677
0.196575
-0.117904
-0.00652
-0.122978
-0.189673
-0.0630769
-0.0850204
0.0524922
-0.224438
-0.0322917
-0.513452
-0.00554889
-0.215789
-0.241031
0.088069
-0.184192
-0.105784
0.118727
0.00846577
-0.289162
0.031262
0.0178851
0.202615
-0.141052
-0.105357
0.00288165
0.586408
-0.00478099
0.19879
-0.00262905
0.083214
0.15571
-0.0247153
0.235708
0.00972222
0.0295086
-0.246786
-0.0874449
0.123147
0.0676482
-0.17647
-0.123265
0.0649815
0.103877
0.0457689
-0.105614
0.0482418
-0.316201
-0.0644593
-0.0979558
-0.197893
-0.0831283
-0.109492
-0.0701879
0.46175
-0.0874469
0.18901
0.00683056
-0.0484471
-0.0953966
-0.0654205
0.18909
0.00286135
0.0927387
0.170124
-0.0352967
0.0209279
0.0748624
-0.396826
0.143365
0.228786
-0.175763
-0.0402678
0.203294
4.30942e-05
0.393756
-0.195326
-0.300511
-0.0547179
-0.00480337
-0.0113212
-0.130999
-0.452346
-0.0035573
-0.0922698
0.197274
-0.0197186
0.0977179
-0.0718129
-0.288978
-0.263093
-0.0511091
0.117401
0.00341959
-0.0638696
0.113227
-0.31774
-0.0385622
-0.0376646
-0.104032
0.0467113
0.108231
0.094192
0.0790439
0.129603
-0.108832
0.328596
0.143093
-0.0367524
-0.0336371
-0.0659771
0.132329
0.7488
0.342715
-0.0145703
-0.190087
0.200305
0.506572
-0.143272
0.69014
0.570724
0.300795
0.373614
0.182024
-0.499421
-0.203837
0.385676
0.0493737
0.0832037
-0.275887
-0.0362811
0.462635
0.0191108
-0.192603
0.202337
0.10859
-0.0886263
-0.0130545
-0.506644
-0.258005
-0.123286
-0.0281576
-0.076504
0.0632532
0.0907086
0.275963
-0.28241
0.0608408
0.0522009
-0.00568123
-0.0321612
-0.0503613
-0.453117
0.195486
0.151531
0.0464991
0.0519382
0.0788445
0.0485843
0.448885
0.0617614
-0.607719
-0.681121
-0.0541846
-0.056943
-0.0848675
0.10739
-0.0583258
0.0804199
0.0388665
-0.019139
-0.0199288
-0.198993
-0.440154
0.0803107
0.706224
0.177294
0.205557
0.25281
0.074406
-0.571115
-0.270425
0.226973
0.412521
0.0977294
-0.494613
-0.285377
0.136479
-0.147024
-0.704389
0.0951464
0.022503
0.0101316
0.00920932
-0.745689
-0.575734
0.190364
0.205529
-0.0521443
0.17675
0.124439
-0.190023
-0.189754
0.42411
-0.403803
-0.00638169
-0.269506
-0.020175
-0.752728
-0.422725
-0.284528
0.108696
0.638283
-0.114053
-0.205072
-0.265208
-0.069707
-0.331299
0.0419562
-0.165289
-0.0162615
-0.00895174
-0.347911
0.126757
0.405067
-0.465491
0.706331
0.225124
0.281842
0.623381
0.21987
-0.893586
-0.498448
0.0248688
0.0545843
-0.0303995
-0.510186
0.0560082
0.807344
0.348428
-0.84942
-0.518859
-0.327735
0.31308
-0.200874
-0.0279487
-0.326743
0.0161702
0.0414851
0.0564468
-0.383348
-0.650836
-0.741648
-0.062461
0.866118
0.339466
0.106885
0.335246
-0.220292
0.490162
0.0410675
-0.0689584
0.168891
0.0605758
-0.688995
0.00866205
-0.667962
0.0078256
-0.40286
-0.32311
-0.293764
-0.33543
0.0529467
-0.22754
-0.198703
-0.0571754
-0.0500218
-0.0206996
0.462899
-0.0770569
-0.637697
-0.326281
0.213398
-0.66665
-0.327197
-0.0280583
-0.25131
0.433386
-0.523627
-0.771967
-0.00246888
-0.0115619
0.263255
-0.164161
-0.662395
-0.088998
0.655482
0.462143
0.0443272
-0.00154873
0.0403886
-0.667944
0.213435
-0.684019
0.340872
-0.0240459
-0.451982
-0.277895
0.434357
-0.0528421
0.602975
0.391809
0.421333
0.520635
-0.0467378
-0.126796
-0.391672
0.798993
0.655994
-1.03901
0.173716
0.381267
-0.452774
0.0206791
0.655862
-0.642966
0.384311
-0.444233
-0.0220423
