-0.00592888
-106.376
212.809
-851.071
425.611
-851.063
0.0694951
0.0738942
851.206
-425.476
0.0762657
0.0714442
0.0667906
0.0619105
0.056931
0.052572
0.051925
0.0545514
851.165
0.0666407
0.0771073
0.090896
0.107061
-850.993
0.143286
0.164965
0.183922
0.194409
0.194173
0.188169
0.180591
0.162659
0.13952
0.105129
0.0750977
0.0380547
0.00680095
-0.0331422
-0.0673083
-0.0921603
-0.119205
-0.136975
-0.154356
-0.162878
-0.173308
-0.176677
-0.176055
-0.17107
-0.162484
-0.15458
-0.145591
-0.133644
-0.122198
-0.111584
-0.102361
-0.0897826
-0.0779547
-0.0692518
-0.0547572
-0.0433968
-0.0285607
-0.0170909
-0.00252025
0.00628782
0.0152154
0.0229282
0.02507
0.0250884
0.0210926
0.0106162
-0.00379026
-0.0208096
-0.0371267
-0.0563244
-0.0741973
-0.0890644
-0.0971454
-0.103329
-0.105201
-0.103551
-0.0878274
-0.0762445
-0.0591413
-0.0276481
-0.00475367
0.020401
0.0405276
0.0744382
0.096085
0.11739
0.131612
0.151354
0.164544
0.181011
0.199749
0.208773
0.22497
0.247092
0.265487
0.270252
0.26623
-850.857
0.241987
0.223065
0.196073
0.150155
0.120787
0.085833
0.0523169
-0.0124983
-0.0392611
-0.0692394
-0.109963
-0.133032
-0.1498
-0.160697
-0.191273
-0.201838
-0.206251
-0.20314
-0.201431
-0.199432
-0.195025
-0.18426
-0.175605
-0.168622
-0.159877
-0.143776
-0.13164
-0.121761
-0.0947845
-0.0784101
-0.0572861
-0.0413275
-0.0217184
-0.00675416
0.0123342
0.0278067
0.0516913
0.0590504
0.0648176
0.068306
0.0648831
0.0581757
0.0505378
0.0358972
0.0209361
0.00481597
-0.01057
-0.0242513
-0.03936
-0.0540354
-0.0652671
-0.0711845
-0.0754136
-0.0787468
-0.0761053
-0.0712235
-0.0651934
-0.0450061
-0.0352374
-0.0227354
-0.0109545
0.00318057
0.0134329
0.024241
0.0487769
0.0538487
0.0576307
0.0603581
0.0651208
0.067794
0.0699072
0.0726298
0.0842456
0.0863285
0.0931973
0.10056
0.106365
0.110164
0.118382
0.133499
0.144034
0.152865
0.167994
0.190023
0.214753
0.225575
0.207784
0.208911
0.198879
0.193314
0.152831
0.128769
0.0868054
0.00524151
-0.0201739
-0.0684465
-0.0892724
-0.133569
-0.15004
-0.184674
-0.192777
-0.226116
-0.235448
-0.239131
-0.241252
-0.232864
-0.221979
-0.215639
-0.198343
-0.181122
-0.172789
-0.151904
-0.14835
-0.126
-0.117525
-0.076205
-0.0525149
-0.0423476
-0.00797465
0.00918699
0.037374
0.0459884
0.0893339
0.109692
0.113505
0.119658
0.120653
0.118825
0.110271
0.085181
0.0613088
0.0452213
0.0142546
-0.0101533
-0.0396053
-0.0562041
-0.0815081
-0.105515
-0.116884
-0.118468
-0.120577
-0.11382
-0.113336
-0.0917268
-0.0479373
-0.0421699
-0.00888131
0.00630698
0.04101
0.0454976
0.0702847
0.104322
0.107807
0.118461
0.11122
0.120338
0.119821
0.128569
0.135162
0.141168
0.157994
0.169841
0.181819
0.197159
0.226846
-850.859
0.26823
0.252638
0.266492
0.238193
0.248174
0.19092
0.181732
0.0776236
0.00276334
-0.0113314
-0.097871
-0.107427
-0.174215
-0.180599
-0.253829
-0.2802
-0.275571
-0.28857
-0.287872
-0.285418
-0.271364
-0.245225
-0.217799
-0.217155
-0.187324
-0.182682
-0.153311
-0.154329
-0.108295
-0.0746956
-0.0806152
-0.048601
-0.0447522
-0.00403444
-0.00188248
0.0322807
0.0763921
0.0830824
0.107891
0.108831
0.117969
0.11687
0.114798
0.0915269
0.0804299
0.050119
0.0333328
-0.00724506
-0.0274314
-0.0638885
-0.0960251
-0.115027
-0.135199
-0.149861
-0.148197
-0.15775
-0.144931
-0.103299
-0.105124
-0.0614271
-0.0634507
-0.00979858
-0.00580106
0.0459174
0.100516
0.0990139
0.137968
0.13847
0.165019
0.155864
0.177197
0.175151
0.200263
0.20559
0.212495
0.223066
0.236284
0.243396
0.259675
0.272558
0.271821
0.304848
0.274326
0.287357
0.23847
0.262545
0.151386
0.050505
0.0398612
-0.063984
-0.0635818
-0.163866
-0.17605
-0.273135
-0.320226
-0.316307
-0.335075
-0.330987
-0.329594
-0.325911
-0.308166
-0.25339
-0.243508
-0.199288
-0.20912
-0.16185
-0.152324
-0.106229
-0.0469002
-0.0668166
-0.0249634
-0.022454
0.0145235
0.0013501
0.040677
0.0771203
0.0804014
0.100366
0.0985272
0.110903
0.109842
0.104274
0.0817501
0.0791214
0.0467317
0.0294916
-0.0118934
-0.0242561
-0.0716832
-0.110041
-0.128191
-0.14597
-0.173683
-0.181441
-0.18843
-0.162402
-0.187105
-0.140692
-0.0849447
-0.0709342
-0.00162138
-0.0301688
0.0428196
0.0616924
0.134859
0.176745
0.163503
0.212569
0.221454
0.239914
0.226807
0.261545
0.268392
0.269464
0.255844
0.278404
0.279807
0.285705
0.26197
0.242901
0.320152
0.295296
0.293717
0.228046
0.302898
0.225193
0.0860012
0.0435262
-0.0765724
-0.025781
-0.151859
-0.197035
-0.290622
-0.351571
-0.340816
-0.382788
-0.385603
-0.369164
-0.3665
-0.358999
-0.304962
-0.278526
-0.206613
-0.243016
-0.187308
-0.165374
-0.101945
-0.0331611
-0.0756285
-0.0245871
-0.0101492
0.0290362
-0.00443632
0.0369028
0.0782834
0.0846536
0.0899074
0.0779923
0.0897214
0.090623
0.077105
0.0706314
0.0464785
0.0168003
-0.00481007
-0.040982
-0.048756
-0.0886531
-0.117076
-0.141531
-0.140846
-0.173748
-0.172921
-0.18183
-0.146069
-0.188356
-0.127588
-0.0670533
-0.0411298
0.0341889
-0.010758
0.0671253
0.097287
0.172513
0.212599
0.189977
0.234699
0.254333
0.273516
0.259991
0.287487
0.293606
0.302551
0.276705
0.31249
0.297562
0.299521
0.266947
0.20521
0.300357
0.271057
0.266778
0.192769
0.296247
0.217719
0.0875127
0.0310137
-0.102584
-0.0148958
-0.155436
-0.220082
-0.3293
-0.387041
-0.376179
-0.420441
-0.431814
-0.407941
-0.417727
-0.39458
-0.327735
-0.291897
-0.197639
-0.251984
-0.175706
-0.143111
-0.0683401
-0.115319
-0.0442545
0.00310073
0.017677
0.0541832
0.0172571
0.0458775
0.0534378
0.0749893
0.0794794
0.070195
0.069978
0.0654749
0.0487805
0.0455655
0.0134585
-0.0167262
-0.0389478
-0.0706449
-0.0898853
-0.128867
-0.153146
-0.158947
-0.147283
-0.205244
-0.187209
-0.174477
-0.117594
-0.187069
-0.106182
-0.0257161
0.0151054
0.0949796
0.0352295
0.124607
0.162637
0.218603
0.249414
0.23744
0.27544
0.286765
0.286333
0.286791
0.31306
0.312353
0.311991
0.272806
0.334901
0.316455
0.309628
0.258934
0.178322
0.297987
0.258875
0.251991
0.165201
0.295157
0.198332
0.0623834
-0.00397406
-0.138719
-0.038062
-0.196775
-0.274397
-0.374876
-425.867
-0.425606
-0.467225
-0.469507
-0.416398
-0.449276
-0.404358
-0.362117
-0.25809
-0.14922
-0.221774
-0.127106
-0.0831619
-0.0119538
-0.0705706
0.000257171
0.0417117
0.0532263
0.0703229
0.0425497
0.0584645
0.0591669
0.0589962
0.0479067
0.0436324
0.0268052
0.0116254
-0.0105081
-0.0139308
-0.0590349
-0.094568
-0.115638
-0.12528
-0.164132
-0.185989
-0.197453
-0.174036
-0.116894
-0.199749
-0.144525
-0.108885
-0.0338673
-0.127139
-0.0351056
0.070438
0.117578
0.178202
0.121566
0.202857
0.239931
0.269198
0.261785
0.271946
0.28991
0.29066
0.268569
0.289827
0.298503
0.280211
0.271117
0.225344
0.30601
0.278162
0.265019
0.215684
0.149947
0.286062
0.25016
0.240458
0.154244
0.308569
0.206008
0.132877
-0.0270782
-0.17087
-0.0633058
-0.236891
-0.334545
-0.423347
-0.361214
-0.477883
-0.496566
-0.476522
-0.393816
-0.446435
-0.373865
-0.311595
-0.184442
-0.0848199
-0.162172
-0.0652076
-0.0295095
0.0245273
-0.0351023
0.00817358
0.0404003
0.0306868
0.0378537
0.0129408
0.0197531
0.0228963
0.0190859
0.013955
0.0082388
-0.0111191
-0.0247986
-0.0512208
-0.0623163
-0.106315
-0.146853
-0.162333
-0.162738
-0.23168
-0.222835
-0.229955
-0.151403
-0.0725217
-0.182545
-0.0680357
-0.0255281
0.0946767
0.00505701
0.0936138
0.206814
0.233718
0.258038
0.246023
0.275123
0.286435
0.270247
0.203398
0.258824
0.247666
0.226439
0.206953
0.244027
0.240461
0.254727
0.204842
0.185125
0.273174
0.234809
0.244653
0.16344
0.279314
0.283276
0.220065
0.236454
0.0975939
0.263249
0.199692
0.0678672
-0.0532559
-0.218265
-0.142608
-0.262348
-0.384137
-0.435727
-0.382713
-0.496456
-0.496824
-0.428678
-0.350786
-0.41585
-0.307238
-0.269463
-0.117626
-0.0393064
-0.112753
-0.0153633
-0.0145447
0.0332333
-0.0135554
-0.00394321
0.0128162
-0.00819781
-0.00354719
-0.0286085
-0.0258715
-0.0163453
-0.0249194
-0.0217744
-0.0503606
-0.0604894
-0.0642008
-0.0890261
-0.133255
-0.158295
-0.173081
-0.140983
-0.138532
-0.242999
-0.17268
-0.174673
-0.037696
0.0197723
-0.0925872
0.0549469
0.0749443
0.17966
0.129997
0.174605
0.24064
0.253909
0.229342
0.271788
0.271463
0.245302
0.224148
0.219656
0.216819
0.210255
0.172581
0.175123
0.218723
0.214095
0.237249
0.175995
0.18447
0.280686
0.229273
0.255244
0.148109
0.29456
0.322606
0.222234
0.258467
0.0608391
0.236749
0.194078
-0.00828612
-0.110163
-0.288809
-0.269715
-0.353692
-0.45618
-0.491944
-0.475094
-0.555402
-0.521951
-0.357483
-0.289224
-0.388034
-0.21438
-0.184432
0.00303903
0.0481542
-0.0129148
0.0568497
0.0343187
0.044889
0.027876
0.0114292
-0.0216065
-0.0599734
-0.0526491
-0.0763232
-0.0760579
-0.072533
-0.0929255
-0.0543268
-0.104417
-0.110531
-0.0945797
-0.128594
-0.204511
-0.179061
-0.204698
-0.0971899
-0.101422
-0.235802
-0.0932468
-0.0913579
0.0775698
-0.0209389
0.0118854
0.154324
0.168072
0.218003
0.221914
0.222656
0.239963
0.236027
0.169489
0.242013
0.228143
0.174172
0.166875
0.170991
0.180239
0.190657
0.149472
0.169199
0.218102
0.22007
0.25261
0.157078
0.175212
0.279294
0.213236
0.260076
0.134017
0.309555
0.372314
0.217433
0.272016
0.0212394
0.208339
0.177914
-0.10655
-0.189676
-0.345514
-0.401559
-0.46936
-0.524992
-0.55247
-0.573926
-0.53998
-0.483934
-0.229599
-0.176935
-0.281773
-0.060133
-0.0418579
0.0910565
0.0917405
0.0572588
0.0526769
0.0201077
-0.0125073
-0.0315647
-0.0653116
-0.102304
-0.126289
-0.0780727
-0.133269
-0.13899
-0.105795
-0.126149
-0.166149
-0.137059
-0.163562
-0.116962
-0.155653
-0.267879
-0.170137
-0.206977
-0.0329191
-0.0295708
-0.170004
0.0408423
0.0442287
0.172287
0.123895
0.13242
0.215797
0.219393
0.175633
0.211482
0.184935
0.163424
0.162205
0.0947628
0.152479
0.144683
0.12995
0.154442
0.146825
0.191451
0.219415
0.190949
0.235032
0.294293
0.248186
0.281855
0.151563
0.180886
0.306428
0.188208
0.254118
0.107469
0.319056
0.410335
0.192611
0.26109
-0.0463996
0.12184
0.0950548
-0.250029
-0.342655
-0.404777
-0.580251
-0.622025
-0.541758
-0.572561
-0.667281
-0.453231
-0.363776
-0.0311361
0.00356814
-0.0927405
0.114269
0.134006
0.141814
0.152269
0.107269
-0.0190254
-0.0608277
-0.107034
-0.158597
-0.20223
-0.205272
-0.213322
-0.0690529
-0.154094
-0.160197
-0.0906106
-0.120484
-0.178849
-0.118728
-0.173637
-0.115044
-0.166597
-0.303047
-0.129331
-0.172462
0.0406268
0.0563676
-0.0692734
0.169612
0.176919
0.215341
0.226008
0.206465
0.210393
0.214259
0.100356
0.141801
0.108447
0.0878348
0.0974562
0.0549378
0.0959656
0.102582
0.126006
0.16488
0.150025
0.212857
0.244649
0.190916
0.242533
0.311838
0.241933
0.277793
0.120677
0.180381
0.331169
0.203385
0.282003
0.0996309
0.356604
0.483372
0.157392
0.204529
-0.122144
0.021253
0.0171931
-0.367806
-0.495276
-0.373309
-0.646528
-0.662656
-0.460867
-0.498751
-0.616299
-0.25341
-0.207917
0.108261
0.121051
0.075416
0.154126
0.168197
0.0568991
0.064415
-0.022785
-0.175551
-0.211959
-0.145827
-0.262665
-0.309929
-0.207414
-0.18739
-6.81658e-05
-0.0962108
-0.139112
-0.0666524
-0.100302
-0.169093
-0.130496
-0.222061
-0.119287
-0.154288
-0.303486
-0.0500558
-0.096571
0.11416
0.152589
0.0727498
0.255538
0.250727
0.16303
0.205572
0.175224
0.120711
0.0995406
0.014526
0.0245816
0.0247352
0.0885797
0.103014
0.0748941
0.143649
0.180528
0.198351
0.230585
0.215678
0.226181
0.268796
0.170896
0.219123
0.28351
0.193322
0.268799
0.129474
0.308332
0.360189
0.20066
0.33104
0.108259
0.386175
0.487426
0.088534
0.0844009
-0.196237
-0.164118
-0.20266
-0.505111
-0.616335
-0.54386
-0.597339
-0.611425
-0.289477
-0.301553
-0.389947
0.00320759
0.0337272
0.142681
0.142247
0.169424
0.0884418
0.0677615
-0.0950595
-0.147115
-0.206916
-0.243784
-0.294134
-0.130937
-0.286117
-0.301338
-0.107693
-0.11131
0.0111224
-0.0993427
-0.167729
-0.0837342
-0.141086
-0.257562
-0.198323
-0.280047
-0.049932
-0.053268
-0.212775
0.0822035
0.0548264
0.197967
0.241476
0.20131
0.207141
0.178804
0.0635024
0.0897219
0.0470699
0.0329242
0.0117687
0.0378895
0.072215
0.100819
0.170481
0.187673
851.243
0.220094
0.249579
0.157153
0.172281
0.166304
0.187421
0.252056
0.14588
0.210149
0.292529
0.255813
0.377845
0.146434
0.361801
0.423153
0.171216
0.312982
0.0184636
0.229865
0.317481
-0.0593427
-0.0418514
-0.206572
-0.288008
-0.332305
-0.466596
-0.541507
-0.494404
-0.475694
-0.520701
-0.180103
-0.168063
-0.224535
0.057476
0.0521852
0.102739
0.12132
0.18002
0.0172538
-0.031752
-0.139641
-0.20731
-0.234818
-0.249433
-0.342466
-0.124057
-0.286936
-0.2908
-0.087519
-0.142754
-0.00504114
-0.118828
-0.175409
-0.0572429
-0.144803
-0.305824
-0.147103
-0.196965
0.0348319
0.0194691
-0.143819
0.14643
0.151817
0.201533
0.223634
0.187109
0.140054
0.128584
0.02928
0.0257053
-0.0380602
0.00836986
0.0190958
0.0750197
0.127572
0.134208
0.182209
0.228155
0.191605
0.23966
0.239829
0.11696
0.171331
0.199098
0.220346
0.280163
0.134061
0.239968
0.377764
0.261903
0.364836
0.0772824
0.301447
0.392684
0.0963703
0.203592
-0.0303337
0.155597
0.292051
-0.0533809
-0.0433178
-0.18318
-0.277542
-0.28922
-0.411707
-0.526852
-0.510281
-0.454711
-0.469456
-0.117818
-0.134925
-0.200811
0.0708282
0.102587
0.105546
0.0941757
0.141422
-0.059791
-0.0966734
-0.15608
-0.292564
-0.352749
-0.268361
-0.351859
-0.0688652
-0.244396
-0.275787
-0.0424367
-0.0854602
0.0166196
-0.0892241
-0.183686
-0.0759572
-0.158398
-0.322909
-0.124266
-0.223774
0.0573299
0.0710689
-0.0611989
0.207071
0.204407
0.166018
0.237284
0.19506
0.0936534
0.0527405
-0.0213667
-0.0322183
-0.0664093
0.0462428
0.062089
0.0848106
0.200298
0.235393
0.213535
0.254301
0.225269
0.182532
0.196744
0.0795512
0.13708
0.157158
0.190589
0.284834
0.164878
0.283286
0.442687
0.229881
0.347831
0.0421522
0.259978
0.355512
0.00868046
0.099875
-0.047847
0.0935644
0.227678
-0.0875507
-0.0898002
-0.140337
-0.241612
-0.249436
-0.35134
-0.487539
-0.49413
-0.382836
-0.412198
-0.0832998
-0.121869
-0.192156
0.0934295
0.125181
0.0875585
0.0625652
0.101261
-0.0758958
-0.122626
-0.150785
-0.343185
-0.412433
-0.275165
-0.341793
-0.0285365
-0.208067
-0.251727
-0.00384782
-0.0535778
-0.157581
-0.0624426
-0.160163
-0.0577816
-0.14464
-0.326638
-0.0943644
-0.176619
0.0875027
0.109756
-0.0231375
0.204648
0.226543
0.149654
0.224999
0.163922
0.0366818
0.0219804
-0.00438424
-0.0133036
-0.0617022
0.0358482
0.0762624
0.0995815
0.230354
0.243315
0.144884
0.212668
0.240144
0.192253
0.191629
0.0230248
0.108529
0.19665
0.246709
0.347221
0.0976518
0.211984
0.42567
0.206232
0.318972
-0.0340071
0.0905865
0.196312
0.013594
0.124142
-0.00430909
0.0719882
0.219262
0.0010571
0.0388798
-0.0548426
-0.254961
-0.306718
-0.377428
-0.524441
-0.529123
-0.365507
-0.454406
-0.0563381
-0.0697668
-0.106977
0.150998
0.179869
0.0606435
0.0964069
0.0778594
-0.146935
-0.251682
-0.174404
-0.397335
-0.458316
-0.163413
-0.229483
0.00907715
-0.112831
-0.159495
0.0384109
-0.0112352
-0.121201
-0.139064
-0.280202
-0.0807449
-0.140157
-0.332292
-0.0649561
-0.169672
0.0958652
0.193326
0.15717
0.238698
0.228492
0.038623
0.158324
0.120129
-0.00246287
-0.0646699
-0.0389494
-0.00525993
0.00242652
0.127094
0.166477
0.0320183
0.258092
0.32963
0.168699
0.210926
0.194287
0.0626374
0.106933
0.0534166
0.138149
0.171185
0.192533
0.353877
0.156383
0.28268
0.474299
0.0680877
0.168259
-0.0388571
0.0914108
0.191227
-0.0248494
0.0402983
0.00543414
0.172834
0.365463
0.0140667
-0.016708
0.178273
-0.266224
-0.276528
-0.250108
-0.486309
-0.656838
-0.438519
-0.492126
0.0541819
0.0412711
-0.025601
0.159095
0.222456
0.0520864
0.0569049
-0.00575827
-0.214277
-0.302367
-0.0631228
-0.347731
-0.467144
-0.212903
-0.276227
0.0407346
-0.0111065
-0.0838302
-0.00180108
-0.0819863
-0.179402
-0.10526
-0.238428
-0.101559
-0.201053
-0.408231
0.0484181
0.0185726
0.147257
0.201639
0.118621
0.155459
0.205641
0.0530771
0.0882691
0.01063
-0.0399204
-0.0555569
0.0126972
0.025587
0.00970318
0.110512
0.219166
0.0914224
0.286829
0.301558
0.0185298
0.0794403
0.134126
0.0673077
0.0795068
0.00749579
0.122356
0.257823
0.303291
0.463216
0.0433588
0.267883
0.369334
0.0925161
0.202413
-0.0339154
-0.0713326
0.010948
0.0180149
0.137495
0.0477552
0.113631
0.288325
0.102863
0.188676
0.469221
-0.240066
-0.343974
-0.387783
-0.590319
-0.599429
-0.249167
-0.388256
-0.0326222
-0.0591069
-0.0877188
0.156007
0.193952
0.0319111
0.0510913
0.0448175
-0.124566
-0.286953
-0.151227
-0.398322
-0.451059
-0.0347231
-0.113783
0.0199034
-0.0851323
-0.148431
0.0136143
-0.0409012
-0.188394
-0.201301
-0.353552
-0.0336619
-0.0537851
-0.245885
0.000340215
-0.084366
0.040825
0.162593
0.180406
0.146003
0.119964
-0.0377071
0.047283
0.00815771
0.0124839
-0.0189153
-0.0395548
0.121278
0.188264
0.1896
0.254326
0.199824
0.114408
0.169483
0.0403396
0.060466
0.00915335
0.0351666
0.116563
0.119895
0.274445
0.350076
0.16961
0.3679
0.103767
0.362607
0.4276
-0.0625087
-0.0456992
-0.0560917
0.0252162
0.128789
0.0176963
0.0853209
0.0518338
0.274354
0.483766
0.0226727
-0.028908
0.154603
-0.262527
-0.286517
-0.0981481
-0.389779
-0.652164
-0.368511
-0.42256
0.0762272
0.0866874
0.0714708
0.134735
0.180818
0.0149777
-0.0766428
-0.152373
-0.223825
-0.339597
0.0296005
-0.200601
-0.306445
-0.113548
-0.202228
-0.00127841
-0.0176328
-0.1133
-0.0705235
-0.197557
-0.330899
-0.0616908
-0.160202
-0.0252907
-0.0965874
-0.283855
0.073345
0.0999107
0.0983886
0.0971647
0.0133878
0.0141683
0.0574489
0.0307933
0.0352664
-0.0421679
0.0090404
0.0786682
0.0553119
0.155157
0.13566
0.0147445
0.118943
0.18213
0.152547
0.146485
-0.0307491
0.0477923
0.125664
0.165607
0.218214
-0.0186027
0.121114
0.360997
0.280772
0.442413
-0.0108798
0.0617481
0.148033
0.000309756
0.0895171
0.0317573
0.002924
0.103922
0.101739
0.270032
0.0767588
0.0636852
0.154857
-0.00416008
0.102618
0.413413
-0.171307
-0.342533
-0.291088
-0.424983
-0.367824
-0.105147
-0.302044
-0.0553637
-0.0966528
-0.114963
0.0362567
-0.00189522
0.00542348
-0.00769138
0.00292954
-0.0314725
-0.170206
-0.0698303
-0.241652
-0.282538
-0.0136264
-0.138739
-851.441
-0.187372
-0.282793
-0.00809415
-0.0616722
-0.240962
-0.0889985
-0.221555
-0.0395796
-0.00583921
-0.105456
0.043965
-0.0456672
-0.0682153
0.0526457
0.0475769
0.0914018
0.0413966
-0.0900751
0.0399901
0.0708109
0.112372
0.119485
-0.100184
0.0674755
0.15737
0.13694
0.191558
0.11548
0.00805751
0.0852085
0.0742173
0.13174
0.0682184
0.0185979
0.163278
0.133626
0.274018
0.334713
0.0285429
0.204187
0.0680991
0.273582
0.326478
-0.0345133
-0.0219989
-0.016366
0.0756152
0.17701
0.0210659
0.0655267
0.0255565
0.179003
0.330091
0.0275487
-0.0304645
0.125655
-0.0576523
-0.00175091
0.0634845
-0.187516
-0.376968
-0.339824
-0.445542
0.060946
-0.101599
-0.157245
-0.0366236
-0.0830114
0.020063
0.0246736
-0.00754509
-0.0755699
-0.143973
0.0645118
-0.0858145
-0.216648
-0.164401
-0.296787
-0.333392
-0.0235173
-0.136196
-0.0623298
-0.184237
-0.31293
0.00326461
-0.0653839
-0.0147313
-0.113242
-0.301
0.00556955
0.0284638
0.0500142
0.000110704
-0.0927782
-0.00638803
0.0885973
0.0411866
0.0729226
-0.00380784
-0.027096
0.0606917
0.0247829
0.107057
0.0671173
-0.0409695
0.0774284
0.167414
0.161678
0.162268
-0.0534574
0.0435871
0.164642
0.137359
0.175785
-0.0496815
0.0421483
0.231969
0.194123
0.342101
-0.00811153
0.0838076
0.212968
0.0704318
0.187616
0.0742682
-0.0355741
0.0190351
0.0243784
0.138776
0.0824473
0.0351901
0.120781
0.0453388
0.165036
0.424495
-0.00926566
-0.0787531
-0.155009
-0.251868
-0.102035
-0.0287234
-0.290421
-0.145879
-0.360944
-0.318887
0.054207
-0.0144971
0.00669974
-0.0398418
-0.0119642
0.0179335
-0.0712414
-0.0398713
-0.184472
-0.218076
0.0251421
-0.0799622
-0.258234
-0.199554
-0.305376
0.00395216
-0.0294557
-0.213877
-0.129346
-0.263987
-0.04386
0.0173283
-0.0738707
-0.0185871
-0.121445
-0.0925156
0.0293981
-0.00346626
0.0365518
-0.0211422
-0.127988
0.0350159
0.0797297
0.098446
0.101789
-0.127655
0.0208751
0.107858
0.0847059
0.115647
0.0294635
0.00527179
0.0998572
0.0716703
0.143154
0.12391
-0.00171055
0.0997562
0.0467739
0.137347
0.182258
-0.0120443
0.0717682
0.0449427
0.237373
0.358557
0.0157685
