-0.00193787
0.0960925
0.19319
0.288434
0.380893
0.469691
0.553959
0.632897
0.705733
0.771774
0.830372
0.880967
0.923056
0.956233
0.980154
0.994574
0.999318
0.994853
0.980717
0.95707
0.924165
0.882336
0.831983
0.773616
0.707783
0.635142
0.55637
0.472252
0.383573
0.291213
0.196034
0.0989816
0.000961304
-0.0970531
-0.194146
-0.289358
-0.381793
-0.470543
-0.554769
-0.633644
-0.706421
-0.772387
-0.830913
-0.881422
-0.923426
-0.956512
-0.980342
-0.994668
-0.999316
-0.994761
-0.980531
-0.956793
-0.923799
-0.881876
-0.831449
-0.772998
-0.707103
-0.634389
-0.555571
-0.471393
-0.382684
-0.29028
-0.19509
-0.0980117
0
0.0980117
0.19509
0.29028
0.382684
0.471393
0.555571
0.634389
0.707103
0.772998
0.831449
0.881876
0.923799
0.956793
0.980531
0.994761
0.999316
0.994668
0.980342
0.956512
0.923426
0.881422
0.830913
0.772387
0.706421
0.633644
0.554769
0.470543
0.381793
0.289358
0.194146
0.0970531
-0.000961304
-0.0989816
-0.196034
-0.291213
-0.383573
-0.472252
-0.55637
-0.635142
-0.707783
-0.773616
-0.831983
-0.882336
-0.924165
-0.95707
-0.980717
-0.994853
-0.999318
-0.994574
-0.980154
-0.956233
-0.923056
-0.880967
-0.830372
-0.771774
-0.705733
-0.632897
-0.553959
-0.469691
-0.380893
-0.288434
-0.19319
-0.0960925
