0.139034
0.0403694
0.20534
1.02885
0.26672
-0.0613474
-0.299852
-0.399984
0.281969
-0.104077
-0.957908
0.361235
0.429023
0.164546
-0.318194
0.316624
1.2582
-1.17998
0.467931
0.904831
0.604173
0.928764
0.345684
0.460816
0.180907
-0.109996
-0.108388
0.30925
0.376913
0.922981
0.0693561
-1.03602
0.450934
-0.0135903
0.563327
0.246116
-0.325235
-0.615669
-2.01527
-3.70223
-7.4543
-17.9767
-36.9251
-47.7883
-10.8342
55.4521
16.1117
-53.1629
74.8439
-37.9967
120.886
-120.9
-16.1589
4.38124
2.30672
0.610361
-1.19513
-1.43999
-3.69623
-0.706574
-1.15556
-1.9212
-0.918391
-1.4608
-2.60547
-1.61852
-2.09079
-2.24955
-2.06928
-2.41896
-1.83086
-2.13052
-2.0586
-2.32048
-1.09146
-1.11816
-2.175
-2.46418
-3.57972
-3.87055
-6.38896
-5.98883
-6.58898
-5.96246
-0.193542
9.01079
18.1701
11.8581
-6.6549
-11.6361
6.86885
14.9673
-4.8342
-2.89869
12.3591
-6.79578
-1.52275
-4.42508
-19.9632
-18.4625
-38.2934
-38.6063
33.6044
42.7505
13.8695
-6.35056
-10.5218
-7.5604
-3.04084
0.0128167
1.04095
0.507592
-0.105974
-0.234331
0.616086
2.30707
2.9555
2.45712
2.13618
2.32277
2.99268
3.58486
4.29142
5.20368
6.37114
5.1341
5.1491
3.80143
-0.622424
-1.09362
1.30897
6.03996
4.84321
-2.76027
-3.14703
2.64456
3.50716
-5.73082
-0.263298
6.69054
-4.20179
-0.895432
6.95098
-5.46432
7.92174
1.18111
-1.28303
8.88663
-7.77275
17.0473
-9.01477
8.7415
9.96465
-50.5474
8.29212
42.1996
-5.46316
-24.379
-0.617636
11.0486
-1.11214
-3.00836
-0.287896
1.32986
1.52105
1.08342
1.82329
1.06843
0.425068
-1.81753
-2.58788
0.69287
4.73231
4.58045
-0.819797
-4.7525
-1.53647
2.29298
4.65655
-4.60147
-3.34475
3.50015
0.223277
-6.62348
-1.14182
6.71559
-9.43069
-1.17171
9.65282
-9.39378
3.22561
4.38468
-5.23416
12.3363
-6.14707
7.02332
-0.328042
-2.40543
-2.64994
-2.75176
-13.2813
8.87473
-25.1328
25.246
16.2583
-16.5185
-8.88547
5.56175
3.15169
-4.04944
-3.24418
1.75147
-1.44103
-0.483609
2.22056
1.07815
-3.9692
-6.16505
-0.384257
3.07752
1.35944
-3.20428
-1.42595
1.4637
3.73361
-3.17448
-2.14071
5.86428
1.32509
-7.9522
4.5289
5.03813
-6.70178
4.91911
3.64693
-8.04901
5.91597
0.893367
-6.10409
10.463
-9.15186
7.58284
-3.65807
-3.45044
7.70467
-10.344
9.69149
-15.1244
18.2055
-16.5034
17.1052
-8.97851
2.53673
14.2442
-30.8573
9.40006
19.6779
-11.8644
-14.3099
10.7966
10.76
-9.98989
-5.77512
4.76235
4.45211
-3.79604
-2.06732
4.1738
-2.08403
0.581733
1.51924
-1.71116
2.64161
-0.768148
0.8843
-0.830125
0.110989
1.61441
-1.93487
2.56845
-1.7464
1.14617
0.0842306
-1.57256
1.70561
1.86483
-3.50599
3.68367
-2.23012
-0.0744823
2.48196
-4.59084
6.49186
-6.99644
5.66202
-3.09975
3.07708
-2.66634
4.68448
-6.70041
8.51407
-15.2235
20.9297
-25.4468
16.9424
9.92891
-29.945
27.193
-12.2635
-2.60404
11.5822
-10.7762
6.67896
-3.48767
1.60397
1.1869
-2.22767
3.31413
-3.14575
2.6574
-2.50258
2.12413
-1.63664
0.470005
0.386946
-0.822879
1.31791
-0.947693
0.147355
0.462711
-0.570706
0.549298
-0.694423
0.224302
-0.633904
0.379958
-0.421128
-0.720375
0.578185
-0.642358
1.11337
-0.385482
0.640614
-0.555764
0.420346
-0.992446
0.710029
-0.756137
0.0724414
-0.335432
-0.507871
0.78916
1.75283
-2.77458
4.60928
-3.60109
-1.8523
4.3167
-1.61077
-0.231157
-0.348302
-0.213775
1.7976
-3.88205
5.07859
-4.05908
2.39375
-1.51539
1.76737
-1.71686
1.08524
0.15926
-1.90332
2.40912
-1.24115
-0.217444
0.816713
0.341998
-1.30356
2.34622
-3.04335
1.34583
0.615632
-3.42509
4.30707
-2.19944
0.0687324
3.48103
-4.75399
3.21088
-1.45266
-0.775239
2.90263
-2.4441
2.20534
-3.53898
2.96635
0.179884
-0.176004
0.166542
-0.904547
1.67781
-0.275399
-0.993132
0.43104
0.347101
0.192637
0.935075
-0.726772
-0.133436
1.01143
-1.54332
1.1843
0.440271
-2.01307
2.18256
-0.188317
-1.16014
0.158274
1.35003
0.0590689
-3.15342
3.58557
-0.784697
-2.67051
6.00754
-2.42894
-2.31882
4.85934
-5.9479
1.19316
3.26185
-2.13728
2.56773
-2.03124
-1.16256
-0.434179
1.08666
2.29009
-2.24698
0.202415
-1.99612
4.62189
-0.520616
-2.01921
-1.19877
4.50823
-0.51277
-1.22632
-2.70878
3.28637
0.72132
-3.4457
0.260516
3.4848
0.718821
-4.99484
-0.0546142
3.30373
-2.41868
-4.21549
3.85211
2.98999
-5.08323
-1.4186
4.00755
-1.69513
-2.18172
2.2718
-1.31688
-0.288712
1.79762
-0.0876794
1.56587
-2.4574
-3.53457
2.36933
1.7759
2.73289
1.98131
-3.69204
-1.79103
-2.21486
3.66343
2.75642
-2.3081
-4.2841
-2.16751
4.8391
1.07774
-1.31261
-1.31366
3.03414
1.3944
-0.463414
-2.26562
0.938031
-0.730388
-1.02331
-1.32799
0.984647
-0.885692
0.560602
1.02579
0.285085
0.401999
0.329905
0.581341
-0.540747
-0.646874
-0.0509792
-0.384818
-0.0521555
1.02588
0.0655015
-0.400127
0.17969
-0.538052
0.456619
0.626591
0.0991175
0.365234
-0.62522
-0.0855924
0.740027
-0.535549
-0.368891
-0.924934
0.575608
2.31239
0.772179
-0.761234
-0.99342
0.0027137
0.683304
-0.368524
0.857917
-0.292104
0.71373
-0.531215
0.153346
0.0277247
0.929003
-0.21649
0.0527008
0.478522
-0.0128568
-1.23152
-0.101972
-0.532394
0.207093
-0.974999
1.40137
-0.275966
-0.0378998
1.02436
-0.646925
-0.155776
0.297464
-0.212268
0.00489192
0.182413
0.461472
0.0459545
0.301643
-0.06083
0.0262119
0.677571
0.21592
0.784618
0.677206
-0.471616
0.284719
0.207934
-0.367492
0.236078
-0.15458
-0.0966378
0.628584
-0.0569334
0.33146
0.143047
0.454758
-0.112681
0.0864055
-0.516191
0.345658
0.0940755
0.14445
0.142823
0.227405
0.700305
0.1422
0.251116
0.139463
0.0655669
-0.447195
-0.367543
-0.184765
0.0148287
0.569345
0.277697
-0.130692
-0.2487
0.0307562
-0.131693
0.153355
0.338401
0.237098
-0.415819
-0.191595
0.27886
0.232623
-0.28171
-0.398813
-0.00090795
0.526772
0.184753
-0.0477647
0.129496
0.352315
0.148224
0.0134707
0.131446
-0.167364
0.0725289
0.13404
0.0107887
0.194982
-0.0812765
-0.0707392
-0.47707
0.316948
0.115505
-0.485305
-0.174163
0.57094
-0.0931389
-0.663043
0.44313
0.0518238
0.072396
-0.571344
0.19184
-0.00544973
0.0272078
0.88075
0.585324
-0.191092
-0.126027
-0.121317
0.202411
0.328777
0.0946262
-0.0359239
-0.0203318
-0.184569
0.55657
0.0911946
-0.482777
0.46035
0.194263
-0.414039
-0.121353
0.0839758
0.194889
0.598884
-0.0403841
-0.266307
0.261561
0.0388333
0.308367
-0.189675
-0.185704
0.358085
-0.366827
0.388749
-0.102778
0.220407
-0.456117
-0.0284362
0.505572
0.145289
-0.631077
-0.0994173
0.157178
0.0555472
0.0726478
-0.412027
-0.901196
-0.030622
0.789733
0.300559
0.150818
0.010676
-0.224834
-0.529649
0.656664
0.0925696
-0.308582
-0.675707
-0.102492
0.845504
1.05388
-0.317767
-0.0877713
0.869217
-0.458017
-0.620412
0.229315
0.803285
0.2808
-1.13157
-0.547969
1.26296
-0.129155
-0.383747
-0.291536
0.477133
0.967283
-0.782527
-0.302429
-0.00443448
-0.587925
0.159488
0.195419
0.631188
-0.315453
0.127786
0.0517659
0.361996
-0.177175
0.00770387
1.12404
-0.101336
0.0697987
-0.485033
0.0961834
-0.13716
0.290514
-0.19461
0.321085
-0.10989
0.743007
0.36113
-0.531338
-0.526371
0.868502
0.695474
0.108246
-1.89894
1.38361
0.527835
-0.187698
-0.0486064
0.39922
0.577301
0.489727
-0.895324
0.420526
-0.334372
-1.23699
1.66931
0.0263548
-1.06323
0.596407
1.83125
0.631625
-2.70371
-0.305577
1.69506
-1.02083
0.284828
1.3916
1.69339
-2.87553
0.690461
0.943182
-2.61345
1.00243
0.722941
1.1274
-0.410934
1.43545
-1.55508
0.215683
-0.250787
0.530216
-0.844167
0.628523
-1.05375
-1.45652
0.776837
-1.18841
0.790734
-0.521634
1.68008
-0.610916
0.0853612
-0.516748
0.418567
-1.00882
-0.535994
1.84465
-1.65327
1.60262
-0.467201
-0.432772
1.18148
-2.48969
-0.854176
0.629932
-1.44765
1.15924
0.395538
-0.245272
0.718704
-1.29877
0.803671
-0.339793
1.07462
0.05613
0.0839522
0.394747
-1.4631
1.05378
-0.124954
-0.364057
0.682093
-0.0968412
-0.419366
-0.679334
0.309851
-0.223472
0.543229
-0.103688
0.19659
0.203785
0.114095
-0.347847
-0.0798863
0.327409
0.127337
-0.255524
0.259304
0.0216281
0.00396512
-0.126707
0.170858
0.388675
-0.393395
-0.460394
0.56373
-0.419982
0.278936
-0.322676
0.238587
0.13956
-0.124982
-0.0530025
0.612966
-0.145693
-1.03575
1.14276
-0.268781
-0.0110095
0.312668
0.193905
-0.293077
0.201358
-0.0114441
0.240287
0.32669
-0.0342534
0.26392
-0.481819
0.565462
-0.215949
0.257175
0.0396723
0.182893
-0.255464
0.146627
0.131947
0.122422
0.0392499
0.169538
-0.115124
-0.303472
0.460679
-0.290184
-0.185194
0.0290391
0.240858
-0.21367
0.255832
-0.218384
0.4389
0.0975813
-0.00307289
0.0590387
0.310001
0.244312
-0.251958
0.0183065
0.140677
0.353792
0.317312
-0.438365
0.302661
0.187411
-0.199124
0.239213
0.862003
-0.891138
0.0193109
0.658026
-0.392163
-0.13823
0.320261
-0.130827
-0.388276
0.350471
-0.363826
0.175695
0.225865
-0.194642
1.12836
-0.532111
0.822978
-0.59554
0.441677
-0.354904
0.182542
0.0512769
0.118845
-0.469485
0.185466
-0.62315
0.927063
-0.477799
0.528916
0.233015
0.143029
0.0877091
0.106751
-0.299869
0.653642
-1.11819
0.77896
-0.89872
0.759362
-0.462255
0.379243
-0.0856854
-0.229722
0.0723783
0.0474366
-0.282522
0.25556
0.0942809
-0.0441086
-0.261066
-0.034896
0.0946434
0.00287381
0.0573577
-0.0804662
0.100099
0.233888
-0.00687243
0.144054
0.0485998
0.00891305
0.0851537
0.13263
0.109249
0.00207512
0.0530126
0.0657463
0.103925
0.0209036
0.052147
0.0650592
0.0605346
0.00194136
0.0824069
-0.187109
0.0376144
0.0636041
-0.0379032
0.0815889
0.122405
0.0622948
0.0610926
0.157243
0.0682514
0.0651117
0.0623282
0.0571837
0.0574446
0.0325815
0.0152779
0.0758183
0.0342712
0.0521959
0.0790823
0.0020323
0.126784
0.0642921
0.107513
-0.0495279
-0.0610032
0.101931
0.0715824
0.0328921
0.0486385
0.028138
0.00799708
-0.0122425
-0.0121
0.12464
0.0271861
0.146297
0.0611651
0.0880524
0.136008
0.169713
-0.00965292
0.0174089
0.22503
0.164327
0.0477952
0.210602
0.0640382
0.0984688
0.114732
0.067951
0.0426137
0.247005
-0.0351668
0.018142
-0.0106313
-0.012316
0.00983293
0.0773912
0.123481
0.0794546
0.00344959
-0.00131491
0.441522
0.0450453
0.00431097
-0.0215699
0.0865502
-0.170216
0.0300819
0.0290349
0.14862
0.102715
-0.0921624
0.0929295
0.0451005
0.197731
0.157637
0.10009
-0.101037
0.0186302
0.0712956
-0.0478319
0.545598
0.0927959
0.0288805
-0.00052545
-0.158711
-0.00298576
0.0354909
-0.0180936
0.217673
0.0203109
-0.0637042
0.127228
-0.0883346
0.284084
0.0768449
0.0438482
0.169246
-0.00135564
0.0816515
0.114007
0.158737
0.00881677
0.0165877
0.0349613
0.0427715
-0.0836622
0.10073
0.0917237
0.0823262
0.328305
-0.290025
-0.0850342
-0.0970231
0.127564
0.0583985
0.262138
-0.0873975
-0.044282
0.226063
0.0497796
0.0126933
0.0871762
0.0751556
0.0516339
-0.447305
-0.00518724
0.235882
0.104752
-0.126918
0.0517361
0.0433146
-0.42518
-0.240006
0.0579401
0.241768
0.093533
0.110001
0.083779
0.0974685
0.0472842
-0.0472954
0.211389
-0.0155775
0.0479195
-0.0671866
-0.0456062
0.875459
-0.19697
0.037783
0.0769106
-0.0237391
0.0137453
0.026089
0.0438522
0.102104
-0.0347399
0.095307
0.0310673
0.10436
0.175908
1.00175
-0.122902
0.0485394
0.0809605
0.0693651
0.0473229
-0.0887484
-0.101321
0.0215472
-0.0720496
-0.0873248
0.130014
0.0616611
0.07422
0.032888
0.349392
0.0480407
0.106411
-0.013747
-0.0699103
0.0329039
0.0145594
0.307193
0.102725
-0.0642533
-0.0703999
-0.0965359
0.102791
0.0805301
-0.0487134
0.109653
0.0849532
0.128001
0.0779896
0.015438
-0.0387864
0.243791
-0.00437723
0.0149043
0.29435
0.0884588
0.0855764
0.0603203
0.0455738
0.02595
0.0236398
0.00424631
0.0133886
0.0137006
0.00765834
0.0531114
0.0202811
0.0942384
0.1289
0.106761
-0.0639936
0.0439542
-0.0503035
0.00911833
-0.0193486
0.0559306
0.093606
0.0988202
-0.128438
0.0444428
0.158735
0.0338797
0.0995489
0.00429077
0.321931
-0.0065778
-0.000858078
0.000820979
0.352388
0.10067
0.0668642
-0.0162572
-0.440142
0.00533021
0.00684163
0.225359
0.387812
0.250389
-0.0794738
-0.0723203
0.0398421
0.225323
-0.0220209
0.105983
0.099682
-0.0553935
-0.00360579
0.109391
-0.0492373
0.0598848
0.0638874
-0.0516632
0.246527
0.283755
0.2171
0.41242
-0.113098
0.0605617
0.226462
-0.168736
0.193909
-0.142733
0.00570054
-0.00845158
0.036618
0.0840836
-0.105319
0.122276
0.00484845
0.130753
-0.108194
-0.288498
-0.0683846
0.105844
0.229258
0.0325534
0.0509871
0.233041
0.084917
0.075054
-0.0300956
0.126946
0.0632419
-0.00632904
0.0749522
0.0616409
-0.296965
-0.112706
0.164101
0.132987
0.151344
0.211228
0.250283
0.139514
0.097644
0.0587133
0.0820931
-0.217175
0.106448
0.0747772
0.063237
0.239863
0.0503517
-0.143743
0.718457
-0.38504
0.0879643
0.161401
0.233189
-0.106194
0.00561538
-0.0749974
-0.0170859
-0.00112207
-0.0142811
-0.0174729
-0.0685082
0.0539342
0.220997
0.00784664
-0.0108975
-0.160779
-0.509752
0.00849126
-0.604975
-0.11456
0.0936535
-0.184598
0.224047
0.236292
0.0543931
0.0433049
-0.00903359
-0.526142
0.0407437
0.595789
0.235021
0.121721
0.0500736
0.0256971
-0.109306
0.142722
-0.00976026
0.0554055
0.79277
-0.00729595
0.235955
0.084357
0.110529
0.0083339
0.124089
0.148012
-0.395385
0.266953
-0.603495
1.51464
-0.0249439
0.102802
0.0117898
0.16028
0.0117906
-0.146617
0.0551316
0.0190397
-0.0696644
-0.0151493
0.189185
0.362563
-0.11039
0.161629
-0.0350144
-0.191877
-0.0189741
0.148781
-0.00776775
0.0423831
0.0519235
0.0857216
0.0115812
0.208233
0.084504
0.104988
0.0882717
-0.0866006
0.122301
-0.0177954
-0.11461
-0.115475
0.30467
0.213108
0.486966
0.137695
0.0167231
-0.0992918
0.0208275
0.0241772
0.0849517
-0.0448965
-0.0239916
-0.011319
0.119917
0.159552
0.0705013
-0.092464
-0.0430039
-0.176325
0.357663
-0.0965383
-0.115152
0.0904804
0.100608
0.0271885
0.0158315
0.0277913
0.358997
0.0318908
0.0812957
0.204216
0.156152
0.00978145
-0.0610413
0.34312
0.00669179
-0.510288
-0.118549
0.207324
0.0421691
0.00986525
0.121785
0.0869438
-0.056796
0.167325
-0.135517
-0.01767
0.142825
0.0705536
0.0516311
0.189082
-0.075714
0.302528
0.23083
0.114921
-0.0267488
-0.371009
0.0780983
0.0542212
0.124718
-0.121908
0.0513224
0.214354
0.119003
0.207819
0.186085
0.0233079
0.112371
0.652407
-0.0477975
0.0279062
0.166152
0.0233566
-0.0180995
-0.103089
0.0160573
0.0334863
-0.0830696
0.0443234
-0.0562098
0.0576833
0.306334
0.132287
0.00310602
0.0974599
0.0453708
0.043839
0.165129
0.0447229
-0.22528
0.0732995
0.161871
0.0598711
0.135883
0.0426963
-0.0731987
-0.122212
-0.188267
0.0101404
0.0531157
0.265146
-0.0464113
0.0450632
0.0144075
0.124893
0.152981
0.0616191
0.00401476
0.0449512
0.114599
0.0492205
0.100777
-0.0509978
0.00136618
0.169254
0.0667524
0.0242026
0.0254633
0.0311438
0.113991
0.0646731
0.073504
0.0395099
0.139308
0.176179
0.0429466
0.00251594
-0.00969588
0.0824892
0.0800791
0.183749
0.130825
0.103147
-0.204305
-0.015014
0.0670919
0.0434422
0.401084
0.0831422
0.142127
0.0655413
-0.10081
0.0315292
0.0408353
-0.156023
0.115636
0.0323086
0.121342
0.0239899
0.198772
-0.0727152
0.0930587
0.0433913
0.354083
-0.00297286
0.0414297
-0.00911009
-0.170595
-0.0492835
0.208154
0.295576
0.0137478
0.0918586
0.113379
0.155107
-0.03602
-0.17467
-0.111866
-0.0050627
0.184967
0.178762
0.0558181
-0.00174972
0.05613
0.0688922
0.0116695
0.168638
0.156875
0.242465
-0.0368896
0.14682
-0.529476
0.105574
0.102066
0.16756
0.0675834
0.00461249
-0.500628
0.225417
0.159635
0.136897
-0.140321
-0.0656946
0.0650437
0.155718
-0.0719604
-0.0196914
0.15785
0.467085
0.119334
-0.0731215
-0.115848
0.31824
0.201552
0.0613706
0.121209
-0.0551851
0.00389118
-1.32409
-0.601048
0.226899
-0.05009
-0.0386408
0.0263936
0.157156
0.296612
-0.0852103
9.0301e-06
0.0593828
0.130119
-0.390374
-0.27844
0.116461
0.0633007
0.109913
-0.0226214
0.217004
0.192475
-1.37757
0.0553844
0.0873064
0.171837
0.0619113
0.079819
0.0556862
-0.14902
-0.130763
0.207351
0.611155
0.0839839
-0.0698991
0.0514637
-0.143174
-0.00601809
-0.054954
0.0306172
-0.0227887
-0.0772767
0.109462
-0.372357
-0.0138186
-0.0884121
0.120948
0.167284
0.0362169
-0.0799447
0.168786
0.00347863
0.271275
0.0917899
0.14732
0.0819267
0.0724238
0.141643
-0.0789725
0.204464
0.0873498
0.0468296
-0.711721
-0.0403491
-0.107742
0.107237
-0.0149856
-0.0302338
-0.0327066
0.0175804
0.185167
0.012128
-0.0698239
-0.192775
0.0784134
0.116696
0.0854974
-0.10805
-0.0448726
0.0669157
-0.0309406
0.0512038
0.0681269
-0.0718288
0.156223
0.0329985
0.0137423
0.0370525
0.170582
-0.01264
-0.142146
-0.220149
-0.0305185
0.0968522
-0.208524
0.0156213
0.113025
-0.0381464
0.022767
-0.0793278
0.0920554
0.208111
0.0423368
0.105877
0.132572
0.156137
0.263912
0.107442
0.0705007
0.155938
0.0750637
0.0828628
-0.369655
-0.0164367
0.0966049
0.117812
0.0608424
0.012127
0.0241621
-1.15671
0.554249
0.0517844
0.181378
0.093197
0.034359
-0.0370031
0.0902967
0.0300866
0.093248
0.105635
0.0257045
0.239732
0.120901
-0.410483
0.136547
0.150859
0.00733624
-0.0148909
0.0549756
-0.10171
0.210893
0.336854
0.0692373
0.085246
0.00430476
0.0624058
0.167592
0.187839
0.103467
0.597021
0.0398552
0.00669336
0.0834686
-0.0433546
-0.0246648
0.144082
-0.121682
0.0922603
0.0924252
0.00665952
0.146582
-0.146466
0.277205
-0.0664167
0.234134
0.134336
-0.00946236
0.259728
0.169538
0.0943783
-0.200167
0.0162921
0.0325495
-0.254045
0.11953
0.0972162
0.199411
-0.031156
0.165593
0.175447
0.0526415
0.0414505
0.0755074
-0.081541
-0.221723
0.240496
0.149942
0.0744941
-0.00247819
0.140009
0.157685
0.105109
0.0857925
-0.0028915
0.107667
0.784224
0.0576262
-0.0274492
0.0587163
0.0518467
0.086975
0.318856
0.0455725
0.0154478
-0.00939944
0.0932807
-0.0432726
-0.154225
-0.00915951
0.00321586
-0.00238821
0.105169
0.190622
0.0100949
0.066364
-0.0517007
0.0792173
0.22238
0.258873
-0.102504
0.153591
-0.119863
0.0903606
0.0857965
-0.0734829
0.0550288
-0.128188
0.0140804
0.0829185
0.118013
-0.0169029
-0.0561281
0.00968957
0.0646472
0.171745
0.183541
0.0545071
-0.00340592
0.0938902
0.0501949
0.0181846
0.0158522
0.0775962
-9.47118e-05
0.123246
0.0494419
0.0664872
-0.140014
-0.0631915
0.169648
0.0731705
0.0914711
-0.0533637
0.0478006
0.0213925
0.0821364
0.0626126
0.167764
-0.133998
0.130869
0.0516229
0.020022
-0.363036
0.0402173
0.0211958
-0.0491125
-0.128661
0.0830364
0.0440186
0.06985
0.0122371
0.0765894
-0.166673
0.00263628
0.0622141
0.112865
-0.166016
0.222975
0.183091
0.079049
-0.0827051
-0.048159
0.439989
0.0338403
0.0453979
-0.00617945
0.0812612
0.0666404
0.21384
0.336046
-0.0296725
0.0108556
-0.0378689
-0.000174813
0.0791869
0.108872
0.190423
0.0473244
0.116143
0.146906
0.0564131
-0.00866152
-0.0610466
0.0425165
-0.0995606
0.0258421
0.0387091
0.0839943
0.0169207
-0.0656433
-0.0206455
0.0985592
0.072032
-0.0152855
-0.0119276
0.125587
-0.00524168
0.108792
0.0873237
-0.0215129
0.151385
0.0483944
-0.0216466
-0.0356432
0.245971
-0.0299617
-0.00522518
0.101249
0.106859
0.0498844
0.207621
0.0737289
0.051394
0.0246493
-0.0225503
0.0308392
-0.00566175
0.074566
-0.0358777
0.109266
0.024754
0.113947
-0.0708646
0.00991704
0.0205393
-0.100218
0.17558
-0.0292169
0.0126721
0.0585065
0.381437
0.138583
-0.00232784
0.0779867
0.0804946
0.103226
0.0666623
0.130941
-0.0110309
0.0594918
0.0260417
0.0547068
-0.121086
0.081043
-0.024375
0.074667
-0.0422625
0.0234523
0.0919505
0.094577
0.0498523
-0.0193112
0.000712641
0.00347174
0.0205923
0.00795484
0.183708
0.0549628
0.0847986
-0.038804
-0.10214
0.107239
0.0873201
0.0670936
-0.00536335
0.0447598
0.186097
0.0157392
0.136863
0.117114
0.0664396
0.0324323
0.0727703
0.0619357
0.0241047
-0.0185587
0.022583
0.010529
-0.00746358
0.0791609
0.0193977
0.0404553
0.0686811
0.00895295
0.0313971
0.0831774
0.0841483
0.0598508
0.0512263
0.0617375
0.0442883
0.0564371
0.0520767
0.0434807
0.0446536
0.0289708
0.0439459
0.0736908
0.081254
0.0770065
0.0129673
0.0621001
0.0216527
0.0792183
0.0822736
0.0528068
0.0479707
0.0449555
0.0520029
0.0445942
0.0451165
0.0475956
0.0446342
-0.00318039
0.0508476
-0.0277386
0.0682121
0.0414504
0.0899594
0.0251205
-0.032891
0.0625305
0.0545116
0.0854719
0.0328898
-0.114106
0.0637809
0.0387571
0.0668071
0.117808
0.0825147
0.0335192
0.0624678
-0.0109816
0.0954545
0.089698
-0.0558721
0.113716
0.107215
0.0141617
0.0666457
-0.00892175
0.454167
-0.0985999
0.0847243
0.117989
0.0111893
-0.00353028
0.131974
0.0819958
0.054614
0.0240982
-0.0474487
0.00219222
0.133188
0.0599477
0.0919134
0.0276577
0.100856
-0.00608721
0.0609888
0.0613439
0.109788
0.127418
0.00215626
0.111443
-0.0277267
0.0285522
-0.159243
0.0851556
-0.117762
0.0468483
0.0607001
0.0114706
0.218616
0.200648
0.2777
0.0509894
0.00633036
0.044279
0.019707
0.114296
0.0427184
0.0487931
0.0789268
-0.0328019
0.0688159
0.0218318
0.146381
0.0207518
0.00175013
0.0508828
0.237014
0.19923
0.0562397
0.175265
0.105551
0.198814
0.235652
0.0514418
0.0617299
0.0201875
0.0207542
0.0436502
0.04221
0.0228866
0.0843594
-0.28621
0.142728
0.154484
-0.109141
0.063752
-0.015814
-0.0300737
0.0121629
0.241161
0.0552811
0.0590502
0.0301494
-0.0618232
-0.0168596
-0.0244907
0.42688
0.127625
0.0990077
0.0743671
0.143673
0.0240967
-0.0101322
0.0628546
0.103291
0.110425
-0.125642
0.0816973
0.118907
0.016535
0.120944
0.0776905
0.00422918
-0.0821489
0.0374563
0.136739
-0.466231
0.0865466
0.0749623
0.212141
-0.168082
0.148904
0.0426679
0.10787
-0.173658
0.0274241
0.123892
-0.034811
0.0850277
0.0678745
0.0766541
0.0771273
-0.119698
0.084689
0.149967
-0.0820814
0.164464
0.0541469
0.010291
0.237557
-0.000793748
-0.0332124
0.0661934
0.143057
0.00180788
-0.0486751
0.00391293
0.150289
0.11426
0.0164204
0.0654982
0.0488551
-0.119447
0.0868447
0.150122
0.05053
0.151955
-0.170029
-0.055651
0.0695129
0.200171
0.316469
-0.0808324
0.0618487
0.0822654
0.172027
0.192116
0.0569058
-0.00269815
0.201459
0.0940761
-0.292997
0.0705889
0.0197714
-0.0345716
0.00442988
0.150916
0.258455
-0.017258
0.0530371
0.136885
0.032292
0.0910958
-0.212167
-0.0174829
-0.036816
0.0174337
-0.0453105
0.0684869
-0.0118028
-0.0119351
0.115527
0.108834
-0.0291617
0.155826
-0.053852
0.0228818
0.0688097
0.174448
-0.00704811
0.145245
0.11095
0.180525
0.0148138
-0.35399
0.146759
0.0511112
0.0136024
-0.192833
0.018136
0.281072
0.272838
0.123833
0.0278259
0.135604
-0.125648
-0.148305
0.0181641
0.182083
0.0253557
-0.0413921
0.0712419
-0.164865
0.154292
-0.005456
-0.0359599
-0.0164251
0.0966228
-0.0284541
0.4842
0.169013
-0.232167
0.0868426
0.0968318
0.0119072
0.0945925
0.053449
0.430616
0.0347087
-0.0493549
0.156156
0.0221546
0.0593245
0.0923061
-0.0644859
0.316064
0.136917
0.15669
-0.0164615
0.0953197
0.0201482
0.0658491
0.090705
-0.132077
0.05147
0.103325
0.111359
-0.017024
-0.202284
-0.597258
0.0889762
0.0416595
-0.0174577
0.0810928
-0.0474715
0.0350976
-0.527096
0.0122785
-0.00192824
-0.0267348
0.0517071
0.0538095
0.131224
0.242169
-0.0209554
0.00595655
-0.140512
0.126811
0.0222844
0.246717
-0.000760011
-0.00227649
0.0971008
0.0832328
0.23102
0.0586904
0.046464
0.0145951
-0.174663
-0.0579546
-0.00914771
0.0338041
-0.0445708
0.109725
0.178517
-0.285798
0.0980462
0.0109669
0.142487
-0.0118163
0.0731603
-0.0223541
0.128454
-0.039761
-0.147805
0.0702835
-0.0640641
-0.027344
0.0507214
-0.284865
-0.0535844
0.116279
0.0667868
0.304778
-0.103546
-0.0426104
-0.203634
0.207392
0.0801062
0.148918
0.0040148
-0.0704467
0.273008
-0.0619911
0.170008
0.138318
0.037739
0.166834
-0.0403595
0.0700454
0.0247602
0.111498
0.0873371
0.0104546
-0.046144
-0.390047
0.266186
0.0137042
0.143271
0.0466328
0.0427856
-0.0153105
-0.108003
-0.13551
0.0486321
0.220867
0.489919
0.0971443
0.16217
0.257905
0.200783
0.123443
0.099904
0.0265537
0.211043
0.07549
-1.41701
-0.692309
-0.0293211
-0.0807245
0.0582913
-0.0177008
0.0971564
0.0257824
-0.0613496
-0.158374
0.00637059
0.0489214
0.0179169
0.300885
0.0633279
0.0302342
-0.0175514
-0.0080988
0.07181
0.127908
-1.58282
-0.0734097
0.0588924
-0.036204
0.0582171
0.215921
-0.106704
0.325404
-0.208756
0.145417
0.500963
0.148978
0.0887422
0.0989018
0.0489129
0.046001
0.0498602
0.0441997
0.206797
0.0877194
-0.00825153
-0.272131
0.15054
0.077125
0.0937984
0.0725514
0.0342316
-0.204736
0.19232
-0.142208
0.266901
0.132772
0.309477
0.0116524
0.0623527
-0.0221759
-0.0110033
0.114665
-0.060928
0.0622982
-0.193771
-0.102406
-0.123203
0.161111
0.0763112
0.186531
0.0407747
0.134387
0.378342
-0.0127929
0.0201125
-0.0730536
-0.147321
-0.0216929
-0.0316654
0.246865
-0.00583815
0.155752
0.173729
0.0406269
0.107176
0.124375
0.0559339
-0.0186012
-0.0299143
0.0638828
0.0053321
-0.0648126
0.00764935
0.112784
0.0301336
0.117628
0.0282046
0.0464625
-0.0558019
-0.202196
-0.00646575
0.00939526
0.250154
0.147651
0.132602
-0.0703289
0.0412562
0.0175745
0.0902023
-0.00454719
-0.0214993
0.119002
0.0967202
0.0497502
0.00099998
0.100583
0.0700379
0.0534249
0.13215
0.169755
0.0131864
0.00927916
0.0227284
0.12453
0.132151
0.11761
0.0662835
-0.0330849
0.219161
0.0646728
0.00239297
-0.0441073
0.111938
0.12974
0.114604
-0.122657
0.0435209
0.0370942
0.148921
0.169924
0.0373135
0.232035
0.16658
-0.197935
-0.0566274
0.124305
-0.0188446
0.0139605
0.0765628
0.030924
0.161993
0.130199
0.0877397
0.118162
0.0146817
1.02511
0.079508
-0.0312821
0.199709
0.0684047
0.0120289
0.130222
-0.0150286
0.00720704
0.724673
-0.0242988
0.23061
-0.0758441
0.171257
0.104571
0.149654
0.0642884
-0.118989
0.00154874
0.0164469
0.117718
0.0650861
-0.12153
0.112874
0.293145
0.371553
0.0733651
0.224238
0.0131373
0.178936
0.14409
0.120282
-0.00346854
-0.047987
0.118093
0.0077643
-0.00802419
0.0379
0.305734
0.309932
-0.149405
-0.230992
-0.106395
0.463813
-0.0786302
0.133676
0.173322
0.172683
0.0132535
0.223348
-0.0760742
0.123154
0.0381606
0.154627
0.0924319
0.26794
-0.00201261
0.0169034
0.375867
-0.211767
-0.00282706
-0.0517485
0.169638
0.201234
0.125951
0.111517
0.0809536
0.0974006
0.0779208
-0.0258592
0.400133
0.0223575
0.0190325
-0.0431859
0.548341
0.138527
0.188038
0.130603
-0.109832
0.0745228
0.0116267
-0.0302129
0.157514
0.0852486
0.0700382
0.123695
0.0591539
0.128314
0.0246685
0.0978205
-0.0441414
0.101885
-0.131952
-0.20415
0.0596943
0.00617643
-0.121839
0.339553
0.200169
-0.00859046
0.0804304
-0.059875
0.0310765
-0.0107098
0.000212975
0.196946
0.00182629
-0.0421082
0.084751
1.37455
-0.579959
0.868317
0.136272
-0.0681712
0.152365
0.0239526
-0.0313078
0.0194723
0.208882
-0.0367246
0.732162
0.198076
-0.171299
0.0595925
0.0613833
-0.0353537
0.0342007
-0.110071
-0.472001
0.515679
-0.097455
-0.474367
0.0555792
0.0749094
0.148487
-0.115392
0.205439
-0.218459
0.0423949
0.267673
0.142472
0.808752
-0.310587
-0.0919256
0.0504128
-0.0393178
-0.140972
0.0632824
-0.0992143
0.0310655
-0.00237659
0.0199881
0.129891
0.00813758
0.0623074
-0.226568
0.187136
0.169488
-0.0218978
-0.295231
0.564637
-0.0683829
0.0502852
0.0734006
0.0630948
0.0132746
0.0880885
0.165224
0.0785763
-0.00705004
-0.0484837
0.0515127
0.234741
-0.0254613
0.143784
0.0914423
0.137401
-0.188285
-0.295034
0.106481
-0.111601
0.243384
0.111187
0.175679
0.016627
0.0487573
0.0825347
0.0374005
0.0182119
0.0540761
0.131916
-0.0861674
0.000139758
-0.230316
-0.0999953
0.0904471
0.0646355
0.14749
0.0121502
-0.044651
0.0951957
-0.0508231
-0.018506
-0.0207997
0.139873
-0.119978
0.201
0.0904691
-0.14952
0.127945
0.287397
0.325456
0.228807
0.0335782
0.142015
0.0139855
0.0563499
0.0859112
0.177431
0.144862
0.166855
-0.00672926
0.0732731
0.281943
-0.0416088
-0.0237479
-0.128137
0.265326
0.401357
0.0395448
-0.0417429
0.016918
0.180546
-0.0387167
0.0609534
-0.0247849
0.343924
-0.0914532
0.0792976
0.02054
0.282882
0.0610098
-0.054171
0.0380841
0.176388
-0.0246867
-0.0664737
0.149722
-0.00315119
0.0502279
-0.0218133
0.102614
0.162394
0.0991565
-0.0350424
0.0725977
0.077092
0.0772107
0.0380957
0.0206359
0.00899138
0.124179
0.0324344
0.106545
0.0266536
0.197891
0.0559146
0.0202203
-0.0137766
0.0839909
0.189905
-0.106054
-0.108193
0.244163
0.059471
0.00244196
0.0936598
0.0738683
0.0160347
0.143357
-0.0297316
0.206103
-0.0749075
-0.0293358
-0.0212394
-0.121603
0.0675102
0.172614
0.0076639
-0.0020136
0.0614786
0.0296558
0.0669765
-0.00239846
0.574872
0.021725
0.10997
0.0961495
0.0502462
0.261669
0.0227216
0.0332671
-0.0515304
0.146566
0.151391
-0.0371887
0.0806288
0.0127198
-0.0181123
1.39552
0.21045
0.1262
-0.073448
0.0160902
0.245555
0.010519
0.0597689
0.104773
0.0247672
0.0105041
0.0643036
-0.0543459
0.0949127
0.445545
-0.00241509
0.00712891
-0.0841171
0.116043
0.0505584
0.185293
0.0734427
0.235156
0.181996
-0.0133564
0.0440443
0.310186
0.127941
0.327655
-0.366979
0.0748939
0.197409
0.0300981
0.0103218
0.179881
-0.0227318
-0.3185
-0.0376564
-0.0820652
-0.00195114
0.0325146
0.334079
0.111724
-0.0102402
0.0397644
0.201666
0.158656
-0.00381426
0.0705215
-0.0121258
-0.00273649
0.310146
0.0362969
-0.0373004
0.14616
-0.207291
0.101547
0.125797
0.0220867
-0.0625793
0.0367654
0.0364213
0.0629346
0.0585224
0.138401
0.0623417
0.0167225
-0.0378027
-0.0105307
0.0942862
-0.0553413
0.0754539
0.183217
0.0348333
0.0729754
-0.0774949
0.0902052
0.137358
-0.0288108
0.0421823
0.305413
0.0407435
-0.0776473
0.0909927
-0.0515324
0.0403368
0.10083
0.16516
-0.0584239
0.0273626
-0.0191214
0.0629285
0.122801
0.0722219
0.0561311
0.01471
-0.0289444
0.0198449
-0.114168
-0.0276786
0.29315
0.069867
-0.0125098
0.0607953
0.00308307
0.0584245
0.0641102
0.0517099
0.0386468
0.0223688
-0.0192576
0.331122
0.0725672
0.0305579
0.0200602
0.0661316
0.0226397
0.182715
0.0344965
0.0723206
0.0766736
0.00652665
-0.00422325
-0.175644
0.0314665
0.107946
-0.101718
0.192268
0.23712
0.0510365
-0.0243451
-0.0041206
0.0424714
0.0919848
0.180923
0.0830668
-0.00423179
0.0317785
-0.0344088
0.0186308
-0.0256324
0.0952049
0.0381167
0.126174
0.0865645
0.122249
0.00930396
0.0315907
0.0703063
0.0402848
0.0897191
0.0742224
0.0367284
0.0640076
0.0089311
0.0386258
0.123692
-0.0133364
0.0892453
0.066253
0.0700563
0.0556724
0.0277946
0.223679
0.00219108
0.0304021
0.10263
0.0204138
0.0548517
0.148944
0.122835
0.116871
0.0067875
0.0222908
0.127701
-0.0487116
0.00957971
0.0280815
0.123173
0.148162
0.0547216
0.066908
0.0446526
0.0491773
0.135315
0.125787
0.0175734
0.0644746
-0.09796
0.0307411
0.0453994
0.0863866
-0.155515
-0.0257735
0.288941
-0.182154
-0.104158
0.49948
-0.550361
0.686591
-0.591019
0.739679
-1.09565
0.357815
-0.2961
0.0264974
0.451331
0.0986076
0.253783
0.789612
-0.487429
0.799603
-0.649659
0.156445
-0.600606
0.12284
0.0882736
0.214372
-0.379716
0.416047
-0.643523
0.768865
-0.574695
0.636492
-0.251223
0.0942352
0.024896
-0.432174
0.325709
-0.391859
-0.246945
0.363987
-0.200396
-0.542205
0.641135
-0.00710696
-0.878891
0.880983
0.216314
-0.123386
0.145794
0.393547
-0.387325
0.178783
0.335077
0.211779
0.0399997
-0.289562
0.166495
0.41622
0.217116
0.17134
0.107665
0.503097
-0.421142
0.279544
-0.527949
0.169726
0.000719322
-0.0963973
-0.0617889
0.231444
-0.605793
0.0698249
0.221002
-0.151077
-0.248079
0.114501
0.238368
-0.327415
0.354293
-0.0683815
-0.0292287
-0.434197
0.408441
-0.44286
0.168984
-0.159381
0.234572
-0.0418964
-0.0822932
0.244928
-0.205153
0.163843
0.340468
0.0352283
-0.277686
1.14718
-1.35763
-0.311047
0.797877
0.0963213
-0.278923
0.126767
0.19299
-0.493201
0.161555
-0.432325
0.47338
-0.435457
-0.16116
0.282571
-0.0307343
-0.0312615
-0.0500356
-0.0534181
0.430971
-0.564782
0.126978
0.306986
-0.00831878
-0.608398
0.563555
0.222539
0.186371
-0.139377
0.616145
-0.201989
0.277317
-0.365471
-0.408928
-0.0413534
0.641494
-0.348215
-0.259647
0.816065
-1.51217
0.33037
0.275377
0.123199
0.911343
-0.34161
0.99516
-0.970507
0.908959
-0.159666
0.464162
1.34448
-1.40292
0.602052
-0.83305
-1.29629
0.788287
-0.368358
-0.513184
2.11726
-1.43936
2.11764
-0.683083
-1.06959
0.444208
-0.543476
-0.0747447
-0.677801
1.70998
-0.433207
0.557586
-1.21648
0.958817
-1.379
-0.877154
0.538315
-0.547319
0.550143
-0.222679
0.356863
-1.51953
1.94063
-1.03529
0.771029
0.542011
0.690731
-2.44059
0.878757
0.440991
-3.1847
2.18373
1.25211
0.378771
-1.17475
1.76903
-0.615618
-2.77854
0.45523
1.89039
0.720049
-1.2629
-0.0644429
2.05939
-1.11637
-0.561462
0.566027
-0.823288
0.197649
0.582449
0.566065
0.555263
-0.292455
0.284188
0.855855
-1.94678
-0.568604
0.667302
1.20099
-0.879268
-0.546181
0.0105083
0.633157
0.0711267
0.313484
-0.109546
0.338688
-0.00815687
0.252966
-0.715062
0.30809
-0.352716
1.03076
-0.428879
-0.0995367
0.239219
-0.0500183
0.160337
-0.26253
0.811794
0.0660876
-0.145465
-0.0970092
-0.0209434
0.194699
-0.674555
0.499251
0.30526
-0.336911
-0.453617
0.213268
1.38007
-0.950019
-1.11906
0.228265
0.875643
-0.318718
-0.705729
-0.361466
0.797555
-0.189757
-0.490885
0.0863586
0.69931
0.236706
-0.583026
-0.392076
-0.264098
0.376291
-0.196326
0.0663698
0.164207
-0.00209253
0.432965
1.05519
-0.410622
-0.777991
-0.394248
0.389214
0.0843995
0.0971869
-0.093229
-0.585886
0.145576
0.384835
-0.328498
-0.376031
0.0338336
-0.0571935
0.287697
-0.229381
0.433094
0.072707
-0.229285
0.29368
0.0903365
0.115522
-0.292814
0.0472037
0.604721
0.383343
0.108507
-0.175544
-0.445045
0.373214
0.728871
-0.446639
-0.0540633
0.315878
-0.110413
-0.149001
0.0192411
-0.0175152
0.438924
-0.0512838
0.0671672
-0.188586
-0.127914
0.495111
0.653835
0.280708
-0.0796444
0.0458122
-0.135934
0.0359778
-0.0558581
0.47792
-0.567264
-0.335387
0.537493
0.366618
-0.77471
0.275636
0.348914
-0.317305
-0.0426343
0.445656
0.302363
-0.318965
0.200997
0.249953
-0.121495
0.187896
0.118827
0.0504923
0.371755
0.166098
-0.0813787
0.0282224
0.188362
0.160952
-0.150203
-0.02304
0.182638
-0.0971685
-0.225935
-0.383235
0.36388
0.449176
-0.0698605
-0.103279
0.0965564
-0.215608
-0.0348712
0.0754477
0.380675
0.250412
0.00196394
-0.487687
-0.47376
0.108466
-0.0940876
0.259984
0.128065
0.937793
-0.192498
0.13883
0.13644
0.220698
0.236182
-0.173282
0.0585966
-0.108601
0.265119
0.0525324
0.160306
0.279765
-0.232704
0.0272372
-0.167093
0.15226
-0.304194
0.0312574
0.418401
-0.473441
0.48132
0.801352
0.163349
0.551534
0.271601
-1.21085
0.318961
0.21286
0.482559
0.232557
-0.23522
-0.158984
0.447633
-0.119502
-0.922488
0.499838
-0.0360924
-0.261728
1.44995
-0.94757
0.565554
-0.662823
0.133876
-1.08309
0.0299108
0.126886
0.0978084
-0.682891
0.772194
-0.3179
0.334469
-0.786742
0.805137
-0.32345
0.949421
-0.763836
0.620084
0.500812
-1.25897
-0.987445
0.0899449
2.20078
1.19748
-1.02589
0.0335821
-0.740754
0.495202
-0.0204055
-0.64243
0.225261
0.0264715
0.464411
0.517339
-0.0201073
0.278086
-0.295136
0.258988
0.97311
0.493735
-0.0957733
-0.284636
-0.743948
-0.675664
-0.0176347
-0.0168868
0.364077
0.25883
0.714832
0.995923
-0.351043
0.540129
-2.06396
-1.09169
-0.818813
0.573402
-1.83119
-1.30076
1.82325
3.28157
-2.00865
-1.50134
-0.50165
3.43527
1.14278
-4.17461
-1.77087
1.58717
2.02459
-0.855855
-1.9767
-4.24761
0.999658
2.84816
1.97588
0.761832
-3.13288
-3.09812
1.73355
-0.0158709
1.63579
-0.168195
-2.05801
1.85336
-1.90368
-2.83235
4.15821
0.885257
-3.78068
2.72418
5.45508
-4.92697
-3.73722
3.36857
-0.0139447
-4.80842
2.50377
3.37452
-2.30871
-3.24948
-1.0161
3.15295
-2.27966
0.249552
0.0483691
4.50651
-2.15784
-2.06948
-2.98985
4.42173
-1.25674
0.341026
-3.141
1.29824
0.237116
0.153195
-1.2734
-1.95615
2.51329
-2.08744
2.64533
-1.15049
-5.32971
3.72331
-3.77746
-3.80716
5.27311
-3.09156
-1.6253
3.13758
-2.41186
1.47008
1.2713
0.395101
-1.25998
-0.391043
2.46099
-2.05494
0.177588
0.471302
-1.5494
0.637729
-0.21253
-0.745114
1.00711
0.235426
0.418861
0.141841
-0.839082
0.583119
1.37849
-0.567753
0.291114
-0.312763
0.436796
2.44814
-3.23671
2.3846
-2.36876
1.66933
-1.54688
-1.76886
2.32328
-4.73149
2.06655
-0.70162
-2.97469
3.81576
-3.84298
-0.590519
0.275174
-3.18717
2.81888
-1.24709
-0.31493
0.0824916
0.23403
-0.512807
2.49077
-1.49595
0.409241
1.62016
-1.28669
1.10957
-1.97069
1.81857
-4.41803
5.04765
-3.84863
1.46353
-0.73436
-0.396696
0.535025
-1.71412
3.68154
-2.45245
-3.43539
4.91034
-1.77829
2.11363
0.581312
-0.800962
-0.486485
0.373278
-0.737189
0.522712
-1.31092
0.425789
-0.557804
0.50451
-0.5146
0.899841
-0.532003
0.650027
-1.09976
-0.21507
0.553591
-0.18608
0.51824
-0.69036
0.149049
-0.588222
0.536573
-0.00392594
-0.758285
1.16321
-0.768058
0.588514
0.587975
-1.02401
2.08077
-2.61753
2.82647
-2.52817
3.06509
-2.59438
1.01028
0.818566
-2.83103
6.75224
-11.3994
11.2964
-3.34463
-12.0529
27.4839
-32.7734
11.4833
16.1109
-24.7081
20.6434
-16.3398
8.24493
-6.29281
5.77688
-0.70254
3.96834
-2.0245
5.30585
-6.83298
6.86205
-4.31912
2.97679
-0.926742
-2.45508
3.45506
-3.60214
0.23323
0.457913
-1.28128
0.361085
1.34781
-2.34512
2.14116
-0.828879
2.47993
0.411834
-0.295569
1.13329
-1.17879
1.81842
-1.51135
0.350557
0.222028
-1.46399
4.01668
-2.04258
-4.30132
4.10186
5.57078
-4.40038
-10.2679
10.0824
10.313
-14.4674
-11.7196
19.5306
6.7671
-29.6196
15.0745
2.07515
-12.042
14.5986
-17.6296
18.4272
-13.0176
10.852
-9.1328
9.68543
-4.59232
-6.15087
6.7557
-9.61227
10.5938
-7.53486
-0.748843
4.63275
-7.97699
-0.854711
2.95388
-6.41194
7.26336
3.93186
-6.38767
3.00479
5.91937
-3.50827
-3.45802
2.30585
-0.439007
0.00852389
-2.39307
0.48942
2.75265
-3.02838
-5.05723
-2.39442
-0.126155
2.51822
-1.01032
-0.932363
0.989613
-2.30642
-4.36824
3.46744
5.45864
-7.72652
-15.8077
20.0227
25.2845
-25.0274
9.7651
-9.97141
-0.286987
-1.51555
-2.4674
-2.19299
3.73959
-7.27592
12.0171
-5.62675
2.71525
2.00804
-9.94764
10.3143
-3.087
-9.95673
7.87816
-0.220806
-6.22284
1.33818
3.98176
-4.0462
-4.6515
3.05417
0.601763
1.42789
-4.49301
0.933199
3.98757
2.95037
2.89495
-2.28475
-1.29608
-0.00665643
1.30933
1.64565
1.05042
2.31216
0.699604
-0.518803
-2.98025
-1.04264
11.4233
-0.261391
-25.4906
-4.35767
41.9662
9.0109
-52.0143
9.66407
7.58368
-6.90569
19.2974
-5.20258
10.1704
-1.28894
-0.79705
5.42561
-5.93447
7.71531
-1.59561
-5.29419
7.4386
0.138667
-4.46708
4.03294
3.72836
-3.14424
-3.39108
3.13006
5.07947
3.43454
-0.346778
-1.01373
3.02616
5.04463
5.37016
6.81203
2.46558
3.75686
2.25056
4.42497
2.76883
3.80386
2.13039
2.63429
2.58459
0.600152
0.467494
-0.544354
-0.104237
1.67792
0.148591
-2.10972
-8.69253
-11.4516
-5.96268
14.246
42.9582
34.3444
-39.5111
-36.7786
-19.543
-20.2999
-8.3427
-5.42813
-6.84293
12.4209
-5.27071
-7.71419
13.5263
5.76613
-4.93293
-4.52035
12.9669
9.55557
6.25988
7.82318
-0.697894
-9.14076
-4.48734
-6.30435
-3.65142
-3.33031
-1.18114
-2.5056
-1.04675
-0.419035
-1.87614
-3.00682
-2.46032
-2.37386
-1.42942
-1.46409
-0.770963
-3.15813
-3.11709
-1.46964
-0.368005
0.560142
-3.14448
-2.80665
1.16744
-3.04456
2.62488
-3.62243
-3.87079
4.17316
11.9853
-6.41457
-131.209
111.059
-43.7383
82.7166
-57.4136
-4.71945
30.6842
-7.79579
-15.4493
-31.2511
-7.54026
9.49704
-2.86686
-7.62066
-3.25996
4.8504
5.43968
1.53978
-2.1988
-1.38884
1.43781
3.5328
1.80684
-0.752694
-0.192344
1.93474
0.203457
0.802222
-0.227215
-0.143561
2.35263
0.856024
1.19541
0.000305004
-1.1594
2.84755
0.484242
1.3686
-0.435653
0.181235
0.294412
-0.547379
0.142231
0.229045
0.977714
0.110664
0.439603
1.09104
-0.110853
1.03395
0.839486
