0
7.01434
-22.5863
26.3393
2.05011
21.6706
-22.4475
60.8146
5.26592
-42.2469
-3.4857
-22.105
-8.25564
17.9067
17.099
19.9955
-15.3531
-9.45449
-7.63539
58.0237
-3.88829
-5.22123
-9.9194
-11.269
3.75494
-15.1331
-20.6619
25.1208
5.52863
35.2407
17.7132
-4.70894
6.52183
-13.3724
5.76935
-6.91121
-20.9377
14.0272
29.5563
9.36921
-20.8761
9.52508
-18.9822
-4.28348
6.31467
19.3902
-26.7771
9.62625
0.758021
24.6815
27.7505
0.0442474
-22.1352
-26.73
-0.389964
14.8348
-19.5515
-14.5085
29.0993
2.23454
-19.7477
23.4481
24.1849
-21.8789
36.6982
-39.7708
15.5817
-0.44945
-37.6418
11.2317
19.2489
3.79262
6.20215
8.9149
-18.1305
0.803722
-10.9137
-34.5737
20.0054
-3.88249
-16.3614
-10.0131
-23.6155
-5.34359
14.8421
37.8596
-15.0488
-16.0119
-14.2347
-27.051
-3.1999
-28.9856
-21.0606
-23.4273
0.570435
-28.6197
7.69807
25.3223
33.453
34.0244
-0.933413
26.0783
-0.60835
58.4819
-16.7932
15.0005
-25.4737
15.3064
14.7275
23.8524
8.30009
29.4433
-14.8065
-10.0787
12.3173
23.4788
-1.5296
16.7546
-40.8414
12.4569
9.30335
-4.31859
-19.1284
18.295
-15.8202
-7.27155
-0.307303
0.354002
9.26065
-8.62829
25.9575
-54.4054
-1.30315
-12.0575
-0.17147
18.5025
-6.50197
2.01224
-18.051
-37.2467
0.749699
18.874
15.5076
6.05818
-11.3905
4.74072
-18.2449
19.7288
31.5138
-5.94826
28.2795
-3.92712
5.10571
-5.51334
23.4618
0.149834
4.1932
14.2446
-21.4814
-3.42892
-8.72111
-29.8053
-33.6604
17.3597
-14.927
16.5844
-36.4332
11.0813
-10.7329
18.7789
-8.81308
13.4749
21.0684
-25.0441
-12.0962
-14.8581
17.977
-10.6924
-28.4386
23.2301
6.97662
2.96706
-13.3906
12.7959
27.2561
7.36549
-27.1
39.9853
13.1145
13.0775
27.7246
-21.8388
18.8339
19.1979
-46.5252
15.4001
-2.11679
1.14798
-37.9645
-25.8155
-14.1393
0.368031
-18.7514
3.186
-44.0893
-0.31634
6.5756
9.24748
34.3936
-27.0767
-3.32657
-30.5783
-6.34045
-27.9833
34.8106
10.9399
23.2439
5.25883
-10.7619
-25.4186
30.9733
5.13088
25.1819
49.697
-0.72247
1.27743
5.16219
3.15378
40.6732
3.40489
-29.7345
-27.6821
13
8.30591
-0.425795
-0.482409
-19.4654
-37.073
-40.7711
-12.6037
11.8461
2.26378
5.15873
-14.3383
-33.7374
-9.61181
0.00160864
25.6115
-36.0101
-33.0128
13.418
-11.3835
-29.8119
-12.3336
-14.9708
17.2012
28.5444
-1.42395
-17.713
-33.4815
-5.22319
-20.7294
20.4556
-3.19564
-6.74861
2.52561
-18.253
-13.2423
-31.8862
-9.04937
-18.8419
12.8501
22.5282
-12.8066
-21.1833
-27.0872
-39.777
-13.7844
27.4065
-26.993
11.9357
13.6218
1.4542
-12.036
-13.4812
-13.6445
-6.5988
-7.21735
-9.05771
13.0445
19.4864
1.75053
3.18791
-23.3773
2.0338
28.7033
9.9398
-5.21115
-26.7007
-5.36004
21.1395
-19.4909
-17.3902
-32.6709
-21.0061
-18.3009
-38.9677
-26.2491
5.59491
10.3806
2.46358
-13.019
34.7248
2.57874
15.337
-12.812
-46.7557
1.15542
15.0784
-15.7785
30.8261
-24.6053
11.7348
-1.03616
-14.9395
-34.1551
-9.88269
-2.90836
36.7116
8.05794
-31.633
6.87759
-4.99915
-31.648
-50.5716
-2.96767
-10.2287
-18.8558
-6.747
4.27022
-20.947
23.5585
21.5851
21.9014
5.09562
-7.86375
7.76145
-4.52329
-12.2914
3.2824
-27.2982
-17.475
-8.37046
-7.59248
1.02535
-16.6719
-24.0221
-12.303
-11.801
-38.5084
2.49452
36.7896
21.5262
13.4509
-7.4795
-28.1192
8.42725
-9.31988
-25.0591
-14.2241
5.43863
11.2217
-9.41117
7.76057
0.40917
-20.4589
-48.2482
-7.2902
-92.6732
15.0016
-19.3565
-21.0226
-5.44568
-9.59992
-1.58328
37.8962
10.6706
10.4258
1.18042
-5.83437
3.94152
-20.2806
-1.10028
19.4074
7.3026
-11.5686
27.8442
6.59285
-12.3499
0.792911
-3.91148
2.50766
-14.7538
27.5281
-2.39875
13.7589
-18.4735
-11.1864
-38.4342
-23.0311
0.279619
24.1782
1.44149
33.6922
1.72532
-10.8454
-17.0326
4.42099
-30.1967
-49.1384
15.8955
4.44991
1.16531
-38.3973
34.7877
-11.0605
34.2605
-21.451
17.4331
-12.8402
-38.2451
-23.3623
12.3865
26.2674
-10.5185
27.2138
10.5462
-12.7606
-26.3263
-16.222
0.0645478
-4.63137
-1.14663
-0.971866
32.716
-3.99602
20.7342
-19.9851
24.399
10.0368
12.158
8.42019
-1.16872
4.9025
-16.6335
13.2894
57.4638
0.727374
-9.0247
38.6537
-6.10016
20.4598
-10.4811
11.2735
-4.97272
17.0086
-4.75287
1.34467
-10.805
-12.9954
-17.1437
27.809
-4.30256
-1.72489
10.4727
2.76813
28.1605
0.386723
26.5551
18.2579
22.3939
5.27475
-37.714
6.84839
-3.20997
7.42232
-11.3792
-24.7327
19.8513
1.89249
47.0881
4.31312
4.19833
6.21787
20.253
-32.1847
-15.0317
29.0743
-11.5671
-2.26755
31.9076
9.16259
8.52783
9.52049
47.7992
10.194
8.3183
-10.4278
0.918216
-11.4118
0.597399
4.93808
-19.6813
-0.89794
-14.1111
-0.78908
11.2266
-17.9013
-7.15413
35.1497
1.52937
-8.66084
24.3667
-15.4986
-3.99091
-30.3663
-13.4104
-18.7118
-21.9798
20.4038
-0.707297
-20.0624
-2.23546
-11.1292
-17.2812
-5.45298
3.95305
-18.4181
3.97849
-18.8615
12.2735
-8.90239
-1.76248
13.6481
2.93039
-6.37257
-43.1177
20.5597
-3.84678
-34.514
-6.72447
-16.231
4.53945
13.9413
-16.0227
21.7449
-13.7541
18.9513
2.09699
-2.30959
32.9636
-7.38928
-22.3323
1.87089
-28.5528
9.21793
-16.0775
-1.48788
37.1692
18.4707
1.3363
-5.24918
7.15714
2.54172
-0.726795
3.95744
-17.8601
17.4972
7.59629
-7.80778
39.2725
6.36971
9.40549
3.69094
0.882388
34.3095
-16.1215
-5.1372
10.675
-26.3353
4.58594
-4.5472
16.4372
3.89073
-13.4045
27.2378
-0.829914
12.835
29.1792
-0.0742971
-38.2753
21.2604
-25.7359
-23.4696
-16.2318
-3.56201
-4.54127
-7.56466
-20.7883
-26.7152
24.2588
-1.08306
13.8596
-15.2319
-24.748
0.522581
15.4634
-5.53474
-34.5834
32.1758
3.81012
-13.3478
23.5957
-18.5606
-42.3694
-0.473413
36.0612
16.8542
14.3535
-6.97558
-11.5767
-5.74574
-2.80803
11.7823
19.2591
30.4855
27.478
26.6441
-19.0166
-18.3148
7.53943
10.4701
5.76126
-4.33271
33.9203
-49.9099
26.9543
-5.42797
6.98987
-0.246033
19.4595
31.0519
-12.2178
23.6775
33.2906
-28.9488
-3.48074
2.62236
11.3108
-38.8923
2.11584
5.697
-6.6232
-5.92425
4.4675
-25.9481
-6.00344
-26.381
22.4743
0.920796
42.2394
-8.00569
-18.2279
-29.06
7.77289
45.2175
42.9811
-35.3499
-33.1517
-0.449851
-6.93411
12.9107
10.0842
-7.4198
-3.37096
-16.5962
8.22058
-11.7477
28.4114
20.72
3.47951
1.93235
-41.8829
-10.5664
-20.299
13.1119
-1.19209
6.11472
10.7512
-19.254
-10.3072
-29.7724
23.9634
25.2647
-36.8566
21.8417
9.06197
-10.6729
20.4393
19.0439
7.00033
9.6874
-26.4714
22.1352
-40.2413
21.0894
-29.6396
28.4649
-35.9406
-1.30001
-28.1468
11.2399
-10.7678
-9.98212
4.16491
21.1457
-11.5248
-0.688548
3.22802
-20.7497
-13.0902
-0.927988
-1.79593
-8.46239
-15.6017
-16.5497
-9.84895
-4.80516
-14.5204
32.7905
4.5908
0.653384
8.21712
-1.14416
28.9133
-9.09085
22.5432
-43.0314
-19.0898
-12.4362
-18.5361
-8.54706
-20.4992
29.4254
-4.83802
10.8705
-7.71973
8.4807
19.0498
9.43257
-22.9445
6.41001
27.1826
-32.5678
20.2159
27.7259
-16.8687
-0.643932
-19.4242
9.99273
24.6877
-1.84206
26.6903
-3.01818
10.5492
0.796953
-23.7321
-3.56332
22.6137
-1.55202
36.0007
-17.4057
23.6611
1.20727
-9.25557
-2.32607
19.0334
-2.66931
16.3077
15.0291
-17.1141
36.0274
-13.8985
-19.581
17.1057
-17.2885
21.6817
2.9977
4.02763
14.2478
-10.5755
-1.36998
-11.4484
34.8718
2.86894
-16.7683
-13.4398
-5.72206
7.75203
-35.6952
-41.6745
0.528472
-38.065
22.9955
15.116
-27.8418
2.32402
20.1908
-24.8039
3.2717
-35.0552
-16.8865
22.0005
26.3379
8.0946
18.3427
-16.7655
-11.8227
14.1682
7.30532
14.1375
8.71574
23.3901
-17.9223
14.9489
11.3945
17.8154
21.2493
-4.02
24.8955
-36.7548
17.6506
-8.38736
14.7193
-13.812
-1.52899
-29.6905
-8.20728
37.5163
-3.28945
-10.6261
-8.78074
-40.2055
-10.42
-22.4501
15.28
9.16822
25.6941
10.2264
-25.9493
-14.5658
11.5788
35.6165
-10.1855
-0.971395
53.6075
19.4643
-10.3374
-30.5919
-13.3731
18.8017
-1.17845
-9.65377
25.1223
3.94838
-17.0402
-13.7697
13.7082
26.6036
-19.8803
-2.39136
-16.5282
13.1227
-6.80866
-41.5119
-23.9545
15.919
1.36334
-15.6108
-24.9394
-26.164
45.2765
-4.90721
-5.79449
10.1227
-4.74753
31.2691
-1.88113
-33.7995
9.9759
0.300396
-31.1388
-8.50872
19.9339
9.18725
-22.5861
17.9707
11.6257
1.34349
-8.64849
-26.5893
-27.3604
-19.0011
12.7787
-27.9659
23.0621
-23.8887
-23.9997
18.2099
-2.37109
-13.1163
21.9726
0.796488
16.696
-11.8039
9.49688
-35.0002
8.98339
-11.3667
19.3504
9.37326
-26.8439
1.46035
-15.7054
-78.6423
-1.56834
-21.1668
-30.5652
-33.9709
-3.45278
-8.32542
20.7115
9.85805
3.72567
-14.7335
-5.52575
-12.5217
-13.9062
-2.03316
-30.7669
6.44744
-8.74762
-12.0109
-8.35607
26.9817
-19.7121
17.5238
-52.2633
-10.6357
-3.84816
-12.2811
7.90385
25.5695
14.1907
13.5571
-0.245799
-30.9723
18.3409
-6.97779
-6.16169
2.44009
-15.593
4.59489
-0.306193
-11.2792
30.6629
-12.7645
17.3532
2.7719
54.8989
5.09747
-13.9943
28.1661
-12.1136
-2.90445
10.4699
-20.8798
13.5292
36.5763
-34.4665
-30.2642
-22.7035
20.8345
-5.8177
-34.8568
-23.7528
14.3112
-6.83344
54.4975
-31.7917
-1.29332
32.7761
-48.3677
9.96538
-0.334342
22.1943
31.4535
3.34978
-20.8316
21.9522
27.0655
18.2336
-41.617
-10.5046
20.7141
-8.84545
3.38316
4.70593
-29.6929
16.8226
-5.65006
-51.08
9.29838
-4.36924
16.1803
-25.2442
21.6347
5.63082
3.25376
17.1033
-3.86839
6.37949
11.9884
-16.4304
31.8544
-6.01758
-14.536
-13.819
-26.5357
3.87721
23.4508
7.9452
21.7526
53.3703
-15.4502
17.3428
-23.3396
18.4632
14.2697
12.418
-4.11587
29.815
0.708391
23.6602
14.6686
3.41187
9.43867
-3.62822
-5.71571
-18.9329
13.5443
16.5437
32.5154
25.4017
18.6622
8.96388
72.1384
7.72187
0.0906855
21.6402
-11.8507
-20.0696
18.1608
-10.6523
29.6156
-16.2269
5.39345
-15.3112
4.75624
-12.8688
15.3455
4.24274
-10.5872
26.6245
11.665
-25.712
26.8073
-15.0998
25.3258
22.1094
13.9466
-6.46515
-4.46336
-13.3538
-16.4112
17.2527
-16.3762
-14.1852
11.9984
27.5347
1.72477
-6.85224
32.184
-0.876997
-29.5199
15.8042
-11.6934
8.75414
5.7783
-43.9747
34.4722
25.9869
19.4006
-6.76717
-12.2847
28.8898
41.3127
2.12701
-18.7878
7.00777
1.81682
13.9052
-28.8146
-6.91723
15.5636
13.68
-4.61406
-25.1406
8.53225
0.222592
-8.53423
17.4643
24.3103
4.49539
-22.8538
-54.0786
1.86486
6.4387
-34.9726
-7.59091
14.1782
21.2113
-12.4895
-23.9962
-9.81564
-17.5905
21.1325
12.2254
42.2466
2.81102
9.50971
-4.21986
-40.9323
14.446
30.1224
-5.31172
9.38872
-16.1085
9.99497
-15.5222
34.7109
-29.8523
-2.58461
-25.7874
-19.1752
-0.578493
-8.38215
20.4607
-20.8283
-3.30009
-9.54928
-8.4034
-12.095
10.3658
6.66791
-23.8603
-9.28467
-18.2998
-15.896
20.5407
34.9233
-6.6524
22.0455
-25.7056
2.13964
27.6791
-14.1819
-21.7724
40.8114
1.23875
41.1968
25.7595
-12.243
1.37197
10.7443
13.8333
-8.72027
-30.3069
12.3177
-5.17139
8.26909
-12.5898
-2.05613
-6.22706
-26.4008
19.0742
-15.3034
25.8155
10.0394
-33.3104
18.3698
-14.3406
-15.5042
3.00975
-22.7014
4.27212
0.525609
-5.13177
-30.4656
15.3314
-49.3251
7.01739
-15.4821
8.07872
21.1604
-2.19431
-10.4962
-4.77461
-28.2012
-1.96758
-26.4953
-4.23678
25.2211
2.74598
11.8191
-28.9709
-16.1934
29.7533
-32.7365
-5.65912
18.8386
-17.4401
-18.2457
-11.3403
3.93838
-9.49781
8.33031
-26.8416
28.7538
11.3296
19.4979
17.1452
17.0751
38.7681
-24.4877
9.78422
-25.2669
6.86622
-6.29479
5.37186
-8.3871
-27.8535
22.2616
5.33473
9.26663
20.748
16.9324
12.0899
2.7626
3.89628
17.2982
23.1355
-6.39152
2.05569
10.7619
-21.3448
-0.469266
12.2351
5.56332
-5.6081
31.2964
1.65455
34.3123
-29.0158
29.4154
-10.66
38.5368
-22.7386
22.3441
-11.0628
-11.7876
-21.441
-8.88399
11.5452
-14.1069
-19.3818
34.51
-25.1965
-20.6633
27.9384
8.87603
12.8923
-9.7887
-4.70728
-1.82749
-10.0343
20.4166
17.9323
39.3508
-10.8818
-6.03338
-21.644
-25.8807
14.0218
-13.5033
10.8115
-1.96566
5.36467
-8.66642
-7.71019
10.9987
-0.332832
33.2216
24.9296
-43.4822
-44.2567
-2.83366
30.3746
15.3458
3.10038
-46.5675
-3.24657
-24.5182
32.938
7.83502
25.1866
-11.8788
1.98623
1.41023
-0.285654
1.12978
37.3747
-14.1057
1.55843
-2.17437
18.7587
-39.8872
-23.0484
5.85263
-33.2027
-20.9501
1.77382
-4.67845
4.52433
-29.2029
45.3181
-33.207
8.37423
-11.1265
-10.4158
-9.34707
17.5041
15.603
-29.385
-24.3095
-27.9426
-18.0939
-12.2787
7.75954
15.185
13.1381
6.48446
-6.46973
-14.6993
-27.5005
10.0526
38.0598
14.7628
-26.6398
9.55906
-10.6113
-27.2045
37.208
8.61156
-12.3768
5.43681
24.6863
14.7519
-12.2242
0.657529
-26.376
31.2646
14.1895
-2.59402
-0.753148
1.33128
16.4342
29.4847
24.7728
-28.0622
34.4579
-5.40655
-30.0638
-17.6308
-3.31936
-27.0286
8.84157
-5.24914
-11.3224
6.3331
-1.78128
30.7748
-11.3984
1.56553
13.7373
-36.1245
-6.86325
-8.60678
-5.70278
-6.35499
-32.1656
9.77903
2.86454
-10.4263
18.4569
0.993994
2.49063
3.79433
-2.74108
8.76488
1.79112
-15.6628
-31.8836
6.36123
15.2077
-11.012
26.7094
-5.34014
22.9884
1.15645
-36.298
3.17239
-0.240845
-14.0749
26.5576
-21.7049
14.38
-6.29921
5.39148
18.3183
13.2339
30.971
6.06318
-18.6091
47.6868
-0.3329
-3.77763
-7.54871
5.45533
13.2352
-4.50828
20.9476
-4.90912
17.5137
-6.50878
4.64852
18.4737
9.06325
0.497282
13.85
3.08503
-18.7733
21.8924
6.58363
4.4479
25.9699
0.498752
14.0703
-21.713
11.3782
0.689108
-25.9318
13.4377
17.9382
-11.6558
4.83782
14.6815
-3.51834
10.4326
-7.76272
-12.2345
8.1653
-3.59681
7.00427
-14.9069
-20.6783
-47.0972
-4.90706
-12.3207
-9.25428
-29.4974
6.31477
12.4335
-28.4831
18.1747
29.3583
-26.5828
-3.80986
0.477704
-12.9326
-49.2906
2.91923
-16.0675
24.4259
12.0614
-4.92134
11.4295
-0.951129
36.1667
-8.49882
-28.9753
-17.6198
-22.4377
8.95586
-28.8383
13.673
-7.31061
14.7023
7.66271
-18.8241
19.7505
14.1217
7.97091
-5.27054
-4.7112
-16.1699
4.56935
-9.45367
9.51007
-22.9099
6.96708
-27.5166
9.29467
-9.78861
-58.3222
-13.4201
20.2439
1.78815
0.237537
-7.36003
-12.8077
-11.1201
-16.5847
23.6386
-20.9919
12.0336
-29.676
0.875336
2.06473
12.7764
2.71548
19.9108
18.2391
10.4541
-15.6535
-28.8687
13.346
-18.8973
-3.28927
39.3885
45.2805
9.49849
-19.1496
22.1745
-27.7847
15.2632
-33.227
42.3438
0.741103
-4.85982
-10.187
46.7388
26.2196
-1.26788
14.1011
6.94007
-3.2884
-29.7182
9.22381
-24.3507
16.135
26.8243
37.3684
8.36534
13.9711
-19.0098
-0.783951
-26.4396
15.0341
-5.90042
4.87928
2.57854
12.6648
-3.72446
-30.2924
13.606
-6.9098
-16.4288
3.54901
19.5243
-7.201
6.11851
-5.73238
-17.5629
-7.3569
-27.539
5.84733
20.6115
17.6719
27.587
21.5779
-13.711
87.4893
4.63969
48.4293
18.6153
-7.14001
-12.8755
8.1615
-6.4578
-5.50478
18.4236
23.0855
1.74976
-11.2687
29.4637
1.04775
-14.2655
-23.1048
-25.8444
4.91194
50.4278
11.1234
14.1212
26.3417
17.0763
3.25045
4.15673
19.408
20.8742
27.7752
-4.12011
12.111
-3.69948
-10.0486
6.61048
-4.34335
-14.2174
-21.8554
-20.308
36.7974
3.84537
9.77646
20.5084
11.0506
3.3843
47.9742
30.9694
-2.03443
-12.5342
26.8071
-23.9641
-36.1013
4.79724
10.7686
44.5432
14.4206
0.836211
-18.0242
24.0349
-31.0294
17.5898
-11.5705
16.2446
50.3336
1.90668
-15.485
-5.28879
-35.2914
12.3139
-5.82092
-7.90081
-0.493446
33.2588
37.7067
16.4788
19.3034
35.0132
10.6802
19.2199
-23.2206
8.45648
26.3516
0.909982
-19.2537
-26.4339
8.39136
25.4346
-4.25522
-3.22596
-21.6331
-14.8028
7.35147
8.09416
8.50485
20.5457
11.0266
13.5961
-1.88963
-16.0116
-8.85915
25.4465
-30.8682
14.0824
35.9391
16.3823
17.8317
12.6516
-18.169
-7.83349
18.0929
8.75125
32.6791
12.8344
13.0464
-10.2041
-2.05166
0.446071
-17.8558
20.8448
-0.239057
15.7813
11.9106
1.1716
-27.2853
-14.1301
15.738
14.3407
22.8308
15.5807
-12.8597
38.2642
24.8676
-30.2768
-4.48072
4.79891
30.1576
6.44421
-13.0055
-6.40962
-12.2946
18.8938
40.0547
33.1688
5.21549
-5.05521
-0.445341
-7.90147
-10.373
18.1749
28.9011
-6.94714
-42.1992
-9.0404
-6.05785
-2.27036
-9.17432
-53.211
-19.874
-1.46388
-25.9672
33.2455
13.5132
-9.99374
-20.5163
-6.56194
-27.7008
40.1493
7.07998
32.2012
-3.50219
21.8488
-39.4506
-8.33633
-5.60378
0.890112
46.0388
-3.04947
15.6179
-5.14603
12.3197
16.5035
35.2278
-17.5892
-1.79385
-15.3912
30.1021
-24.8408
-7.76445
20.865
-31.927
-12.4758
-14.4159
-34.4704
31.0558
-4.11902
-24.5291
-7.16016
13.8422
-7.92484
-11.7691
-17.3564
31.7846
13.0664
-9.49821
15.9338
11.847
20.3967
-15.8438
-11.4541
8.53477
-18.1324
9.8702
-9.77817
31.3363
-15.2282
15.9021
-20.0412
33.0394
29.3794
5.19706
0.821113
18.7445
-27.1704
-6.71812
-0.504548
-22.5925
4.02474
-9.21976
-2.27472
-29.121
3.9636
-28.0678
-18.7579
20.4147
-12.5262
1.83133
-10.6297
-14.8676
-12.3352
2.53855
42.7062
17.9078
-7.14683
-4.28486
-23.2124
4.97599
11.4386
6.11576
54.2394
-28.9773
-4.02331
-13.49
-4.00623
-3.73743
2.0498
15.1936
-20.477
17.6996
4.06469
-15.2243
-12.4568
35.5976
-20.2677
2.29324
-17.0515
-9.23893
8.95396
12.9337
-29.4516
-9.13738
-28.116
-14.1641
-14.5488
18.7743
-15.1775
11.4185
-60.9835
3.79474
-17.6283
-0.622842
-32.208
-25.2878
-17.0299
-7.14299
34.5408
11.5341
26.5467
22.6665
29.5162
7.37615
29.0055
14.7325
20.4919
7.25295
-42.2037
-8.28054
20.6967
24.7089
9.14392
13.7498
-6.34174
-26.9316
33.9865
5.08158
-8.28911
13.0651
-9.01329
0.402984
-9.68507
-22.2097
-13.0591
39.4001
-0.200757
-16.4011
29.5917
-47.7791
20.4758
-30.5528
-23.9635
12.5561
-2.30583
-29.3211
17.3459
17.8331
-12.8362
0.178188
29.6949
21.3075
-8.27258
-27.5639
-22.3421
-0.978552
-10.0986
30.2645
-18.0889
-0.428076
2.76432
18.6127
-17.7086
19.8336
-16.2806
-28.5526
-6.4164
23.3413
6.86089
-9.62602
10.1224
-7.2338
4.32114
-18.9959
-34.0436
-4.75157
-19.6132
24.693
15.4201
-4.36627
8.61433
3.57246
0.0681938
-8.56942
-57.9913
17.7959
9.03701
15.0792
-14.827
-19.6916
-18.8491
11.2424
22.0055
1.61357
30.9967
-14.0005
-61.7437
15.7633
-22.3
0.15534
-26.1527
23.3465
-7.52779
