-0.873614
-0.490196
-0.908632
-0.620415
-0.976939
-0.26555
-0.997814
-1.00569
-1.58678
-1.62149
-2.5658
-3.11021
-4.28146
-20.5254
12.8394
3.29539
1.20048
0.760868
0.030442
0.923746
0.872899
2.71701
4.13363
5.36021
3.80727
-6.9536
1.48888
-14.8868
-2.64233
-2.19191
1.26433
2.33711
1.2975
-0.13396
-1.94051
-2.17136
-3.03197
-1.11366
-3.0775
-21.4558
0.805856
8.40105
5.45865
4.3563
3.18487
2.7566
1.20085
0.827746
0.985407
3.56531
4.05528
-1.23971
14.034
-0.219334
-1.79294
-0.288875
-0.905276
0.211307
0.621954
0.654268
0.313156
0.752839
-0.806339
-1.02646
0.482309
-5.7923
-7.47471
-3.54053
-1.96153
-0.605184
-0.554795
-0.0105727
-0.315527
-0.112297
-0.576535
-0.121706
0.136389
-0.774181
0.856336
1.47966
0.646936
1.01244
0.410879
0.543032
0.159518
0.374338
0.0808682
0.484775
0.262051
0.0315936
0.324155
-0.651348
-0.239834
0.432788
0.0221401
0.394103
-0.0687083
0.453963
0.202272
0.554982
0.222966
0.457019
0.359386
0.565645
0.599922
0.416448
0.00458366
0.35096
0.0876101
0.476621
0.0748818
0.427142
-0.00627399
0.386967
0.101946
0.430374
-0.0201681
0.396241
0.263801
0.48635
0.173397
0.451087
0.145231
0.452429
0.134065
0.479846
0.160041
0.443273
-0.171195
0.568614
0.100422
0.398129
0.0938432
0.444438
0.0981233
0.413191
0.090757
0.439239
0.0457597
0.366408
-0.0810656
0.449186
-0.100145
0.40935
0.113361
0.450922
0.129173
0.481324
0.131164
0.5146
0.108538
0.445542
0.172937
0.505918
0.109142
0.494904
0.102347
0.419193
0.0718359
0.441125
-0.063225
0.428122
0.0897288
0.379126
0.101116
0.455396
0.0837784
0.452199
0.209017
0.639841
0.189774
0.430713
0.111488
0.426417
0.0369322
0.416439
0.00973035
0.533054
0.0173743
0.330133
0.136428
0.120225
-0.0619138
0.66406
0.432404
0.416236
0.102717
0.425369
0.354936
0.551966
0.286977
0.651557
-0.260127
0.47838
0.152485
1.19883
0.810661
0.607385
0.0740817
0.481414
0.234624
0.436285
0.15457
0.472546
0.0953358
0.481279
0.0938222
0.456569
-0.199976
0.303446
0.119513
0.43765
0.0598312
0.415228
0.0817087
0.403533
0.0622255
0.402449
0.0765742
0.425033
0.168225
0.533606
0.105385
0.447163
-0.0863352
0.469839
0.199639
0.531165
0.0934546
0.447159
0.233472
0.427908
0.309418
0.393909
0.0218613
0.428269
0.0591987
0.487291
0.101376
0.47272
-0.139427
0.559804
0.166288
0.304106
0.0921564
0.376264
0.053173
0.439534
0.126465
0.425973
0.0868933
0.435043
0.103101
0.429874
0.0890995
0.430791
-0.392928
0.442554
0.0871048
0.436921
0.10263
0.441079
0.0837795
0.465094
0.130086
0.445536
0.0887337
0.434732
0.108015
0.431412
0.103309
0.444515
0.0287889
0.448742
0.0737729
0.436684
0.112546
0.447333
0.066941
0.449598
0.136662
0.436222
0.099461
0.436788
0.078298
0.459023
0.0933963
0.496285
-0.0738782
0.473234
0.0856639
0.444915
0.104005
0.454223
0.0970729
0.436786
0.121074
0.422039
0.0933124
0.423946
0.069232
0.44344
0.13142
0.442838
0.0316136
0.431832
0.0910441
0.438605
0.104385
0.442843
0.0789859
0.440307
0.135278
0.417912
0.111766
0.435096
0.114226
0.441143
0.0818995
0.441017
-0.194499
0.445164
0.0967445
0.43752
0.0703242
0.416771
0.0868633
0.42738
0.131065
0.430152
0.0956828
0.442468
0.105073
0.459668
0.0572729
0.441431
0.0304824
0.448972
0.0950849
0.461779
0.0932753
0.447967
0.111347
0.454418
0.145467
0.447432
0.0710256
0.435426
0.098934
0.409804
0.102738
0.45296
-0.0742957
0.444941
0.0910121
0.42787
0.089264
0.441018
0.0691073
0.463893
0.14061
0.435023
0.0899714
0.44542
0.122261
0.440534
0.0903333
0.449904
0.0280845
0.448991
0.0885185
0.440269
0.107846
0.440947
0.092963
0.442161
0.12582
0.451764
0.0789877
0.4444
0.089756
0.438567
0.089786
0.448615
-0.136662
0.429399
0.0906593
0.438886
0.116756
0.450939
0.0945106
0.430767
0.142156
0.443326
0.0899899
0.43518
0.106769
0.450001
0.0815324
0.451902
0.0351806
0.460853
0.0741875
0.420033
0.100024
0.447982
0.0955674
0.399198
0.123574
0.424284
0.0773849
0.427265
0.0954479
0.433392
0.119798
0.378554
-0.0669947
0.450173
0.100502
0.448117
0.149368
0.431163
0.0890401
0.430549
0.131051
0.436998
0.0884225
0.446953
0.106351
0.43951
0.0884081
0.449541
0.0277047
0.424012
0.108396
0.48453
0.11744
0.48206
0.0936507
0.44525
0.141644
0.433246
0.0666018
0.451604
0.119232
0.425346
0.0716637
0.439486
-0.194102
0.419978
0.105067
0.436557
0.0981147
0.439519
0.0872639
0.435791
0.125599
0.44346
0.0881323
0.438739
0.110521
0.428139
0.0852176
0.465197
0.0315612
0.445559
0.0923484
0.453957
0.120732
0.481598
0.0877646
0.444206
0.12824
0.438732
0.0910139
0.438887
0.122481
0.462649
0.0858409
0.438545
-0.0713312
0.448297
0.0819507
0.472967
0.110211
0.444481
0.0827158
0.424614
0.132653
0.430827
0.096023
0.42635
0.0881329
0.420689
0.0801767
0.442389
0.0318878
0.453245
0.0892787
0.443256
0.0969558
0.446707
0.0900803
0.442483
0.132938
0.434358
0.0919635
0.428265
0.10692
0.443181
0.0908971
0.439609
-0.873614
0.439609
0.0908971
0.443181
0.10692
0.428265
0.0919635
0.434358
0.132938
0.442483
0.0900803
0.446707
0.0969558
0.443256
0.0892787
0.453245
0.0318878
0.442389
0.0801767
0.420689
0.0881329
0.42635
0.096023
0.430827
0.132653
0.424614
0.0827158
0.444481
0.110211
0.472967
0.0819507
0.448297
-0.0713312
0.438545
0.0858409
0.462649
0.122481
0.438887
0.0910139
0.438732
0.12824
0.444206
0.0877646
0.481598
0.120732
0.453957
0.0923484
0.445559
0.0315612
0.465197
0.0852176
0.428139
0.110521
0.438739
0.0881323
0.44346
0.125599
0.435791
0.0872639
0.439519
0.0981147
0.436557
0.105067
0.419978
-0.194102
0.439486
0.0716637
0.425346
0.119232
0.451604
0.0666018
0.433246
0.141644
0.44525
0.0936507
0.48206
0.11744
0.48453
0.108396
0.424012
0.0277047
0.449541
0.0884081
0.43951
0.106351
0.446953
0.0884225
0.436998
0.131051
0.430549
0.0890401
0.431163
0.149368
0.448117
0.100502
0.450173
-0.0669947
0.378554
0.119798
0.433392
0.0954479
0.427265
0.0773849
0.424284
0.123574
0.399198
0.0955674
0.447982
0.100024
0.420033
0.0741875
0.460853
0.0351806
0.451902
0.0815324
0.450001
0.106769
0.43518
0.0899899
0.443326
0.142156
0.430767
0.0945106
0.450939
0.116756
0.438886
0.0906593
0.429399
-0.136662
0.448615
0.089786
0.438567
0.089756
0.4444
0.0789877
0.451764
0.12582
0.442161
0.092963
0.440947
0.107846
0.440269
0.0885185
0.448991
0.0280845
0.449904
0.0903333
0.440534
0.122261
0.44542
0.0899714
0.435023
0.14061
0.463893
0.0691073
0.441018
0.089264
0.42787
0.0910121
0.444941
-0.0742957
0.45296
0.102738
0.409804
0.098934
0.435426
0.0710256
0.447432
0.145467
0.454418
0.111347
0.447967
0.0932753
0.461779
0.0950849
0.448972
0.0304824
0.441431
0.0572729
0.459668
0.105073
0.442468
0.0956828
0.430152
0.131065
0.42738
0.0868633
0.416771
0.0703242
0.43752
0.0967445
0.445164
-0.194499
0.441017
0.0818995
0.441143
0.114226
0.435096
0.111766
0.417912
0.135278
0.440307
0.0789859
0.442843
0.104385
0.438605
0.0910441
0.431832
0.0316136
0.442838
0.13142
0.44344
0.069232
0.423946
0.0933124
0.422039
0.121074
0.436786
0.0970729
0.454223
0.104005
0.444915
0.0856639
0.473234
-0.0738782
0.496285
0.0933963
0.459023
0.078298
0.436788
0.099461
0.436222
0.136662
0.449598
0.066941
0.447333
0.112546
0.436684
0.0737729
0.448742
0.0287889
0.444515
0.103309
0.431412
0.108015
0.434732
0.0887337
0.445536
0.130086
0.465094
0.0837795
0.441079
0.10263
0.436921
0.0871048
0.442554
-0.392928
0.430791
0.0890995
0.429874
0.103101
0.435043
0.0868933
0.425973
0.126465
0.439534
0.053173
0.376264
0.0921564
0.304106
0.166288
0.559804
-0.139427
0.47272
0.101376
0.487291
0.0591987
0.428269
0.0218613
0.393909
0.309418
0.427908
0.233472
0.447159
0.0934546
0.531165
0.199639
0.469839
-0.0863352
0.447163
0.105385
0.533606
0.168225
0.425033
0.0765742
0.402449
0.0622255
0.403533
0.0817087
0.415228
0.0598312
0.43765
0.119513
0.303446
-0.199976
0.456569
0.0938222
0.481279
0.0953358
0.472546
0.15457
0.436285
0.234624
0.481414
0.0740817
0.607385
0.810661
1.19883
0.152485
0.47838
-0.260127
0.651557
0.286977
0.551966
0.354936
0.425369
0.102717
0.416236
0.432404
0.66406
-0.0619138
0.120225
0.136428
0.330133
0.0173743
0.533054
0.00973035
0.416439
0.0369322
0.426417
0.111488
0.430713
0.189774
0.639841
0.209017
0.452199
0.0837784
0.455396
0.101116
0.379126
0.0897288
0.428122
-0.063225
0.441125
0.0718359
0.419193
0.102347
0.494904
0.109142
0.505918
0.172937
0.445542
0.108538
0.5146
0.131164
0.481324
0.129173
0.450922
0.113361
0.40935
-0.100145
0.449186
-0.0810656
0.366408
0.0457597
0.439239
0.090757
0.413191
0.0981233
0.444438
0.0938432
0.398129
0.100422
0.568614
-0.171195
0.443273
0.160041
0.479846
0.134065
0.452429
0.145231
0.451087
0.173397
0.48635
0.263801
0.396241
-0.0201681
0.430374
0.101946
0.386967
-0.00627399
0.427142
0.0748818
0.476621
0.0876101
0.35096
0.00458366
0.416448
0.599922
0.565645
0.359386
0.457019
0.222966
0.554982
0.202272
0.453963
-0.0687083
0.394103
0.0221401
0.432788
-0.239834
-0.651348
0.324155
0.0315936
0.262051
0.484775
0.0808682
0.374338
0.159518
0.543032
0.410879
1.01244
0.646936
1.47966
0.856336
-0.774181
0.136389
-0.121706
-0.576535
-0.112297
-0.315527
-0.0105727
-0.554795
-0.605184
-1.96153
-3.54053
-7.47471
-5.7923
0.482309
-1.02646
-0.806339
0.752839
0.313156
0.654268
0.621954
0.211307
-0.905276
-0.288875
-1.79294
-0.219334
14.034
-1.23971
4.05528
3.56531
0.985407
0.827746
1.20085
2.7566
3.18487
4.3563
5.45865
8.40105
0.805856
-21.4558
-3.0775
-1.11366
-3.03197
-2.17136
-1.94051
-0.13396
1.2975
2.33711
1.26433
-2.19191
-2.64233
-14.8868
1.48888
-6.9536
3.80727
5.36021
4.13363
2.71701
0.872899
0.923746
0.030442
0.760868
1.20048
3.29539
12.8394
-20.5254
-4.28146
-3.11021
-2.5658
-1.62149
-1.58678
-1.00569
-0.997814
-0.26555
-0.976939
-0.620415
-0.908632
-0.490196
