-0.403656
1.77408
0.879717
0.280256
-1.06857
-1.19866
-1.75272
1.21748
0.238828
0.727218
-1.21977
1.52473
0.993789
-0.936152
-1.10087
-1.01307
-0.63606
0.240509
-0.109211
-0.875877
0.415496
-1.3045
-0.608671
-0.603602
-0.0508594
0.792575
-0.729949
-0.0144959
0.371309
-1.31634
-0.0218546
-1.21433
-1.32935
1.57269
1.64586
1.09355
-0.433136
-1.33642
0.788845
-0.26884
-1.36529
0.147855
-1.52683
1.29803
-0.836459
0.395967
-0.659587
-0.00823213
-0.0317003
-1.0587
1.78475
1.00629
1.5686
1.30631
0.43055
1.30702
-1.30748
-0.939757
-1.43436
-0.732136
-0.37867
-0.680598
1.18299
-0.417095
-0.804157
0.18471
-1.16764
1.12118
-1.37467
1.77976
0.773878
-0.882956
-1.70466
1.04935
0.761295
1.03508
0.817458
-1.50172
-0.595763
-1.26491
1.10327
0.35206
-0.580088
-1.3745
-0.811713
-0.389598
0.813547
0.355599
1.52716
-0.0388984
-0.994137
0.818083
0.968279
0.342014
1.0845
-0.0887809
-0.000323546
-0.196225
-1.58946
-1.28147
-1.52119
0.386652
-0.726204
-0.00979444
1.24022
-0.830991
-0.256787
0.839199
-1.0849
-1.52974
-0.865783
-1.19459
1.36245
0.976451
0.174198
1.06197
0.835506
-1.00771
1.16218
-0.0318709
1.20104
1.35567
-0.533037
-1.61533
-0.617125
-0.210853
1.07434
1.04712
-1.60873
0.320035
0.0400746
-0.730799
-1.24551
-0.554934
1.46598
-0.538487
0.0830239
0.655025
-0.452347
1.68684
1.71145
-0.937193
-0.0117108
-0.628515
-0.542012
-1.41735
0.513397
0.0101761
-1.43185
-0.60934
1.36952
-0.749619
-1.23384
-0.0280907
1.47384
-1.04138
0.50308
0.973986
-0.744539
0.681738
-0.429457
0.389715
0.324287
0.177144
-1.37677
1.30096
-0.62653
-1.01244
-1.52971
0.321865
0.552275
-1.48601
-0.0544792
-0.935444
0.486709
-0.822252
0.674252
-0.345784
1.34654
-1.394
-0.339988
-1.43972
1.24589
1.17071
-0.722072
0.58655
1.09435
0.281744
0.0436205
-0.941531
-1.2945
1.45765
1.51828
0.403798
-0.389155
-0.474984
0.836694
1.16031
1.3854
0.910504
0.539554
-1.44505
-0.989592
1.24045
0.21854
-1.65237
-1.29743
0.448956
-1.74425
-1.04413
0.219949
0.486998
0.553105
-0.978683
0.643858
-1.01876
-0.550257
0.794715
0.518243
1.25192
0.619442
0.216716
-1.42263
-0.438976
-0.87775
-0.953071
1.44198
-0.326938
1.50193
0.212018
1.17214
-0.000936074
0.208633
-0.00822242
-1.01564
0.720714
-0.860505
-1.64068
0.503537
-1.11587
1.43055
1.39653
1.40139
-0.396055
-1.46081
1.49513
-0.276299
1.58849
1.61358
0.966594
-0.715483
-0.434179
1.23
-0.645726
-1.22518
0.280282
1.55616
0.67029
0.122303
-1.48473
0.311777
1.7418
-1.21334
0.0484348
1.12571
1.08261
0.494467
0.492476
-0.313488
-0.756567
0.828084
1.124
1.43436
1.34591
0.170922
-0.19566
1.01611
0.587139
0.540066
0.962359
1.44535
-0.352511
-0.44077
-1.39908
0.376141
-1.3795
-0.158729
0.160418
-0.806661
0.183362
-1.45227
-1.78788
1.22103
-0.426367
-1.35323
0.171008
0.848592
-1.0803
0.547234
-1.42
-1.63172
0.048752
0.0392685
0.523938
0.693918
1.84991
0.0402606
-0.360166
0.8268
-0.777542
-0.315628
-1.20535
-1.48812
1.55753
0.832401
0.626294
-0.214041
-1.06648
-1.19059
-0.890108
0.241721
0.847409
0.279418
-0.739552
1.56098
0.768678
0.115715
0.60218
-0.276435
-0.748552
-0.237517
0.851351
-1.57193
-1.20922
-1.604
-1.49465
1.33443
0.838638
0.0486983
-1.23848
-0.169437
-0.0286375
-1.00909
-0.23843
-0.21024
0.486951
0.597717
-1.44898
-0.449477
0.395737
0.0616894
1.08936
0.502544
-1.10122
-1.34325
0.533863
-1.613
0.321147
1.63333
0.0699503
-0.587003
0.62294
-0.134794
0.127903
1.43715
-0.359201
1.34518
1.30493
-1.03306
-1.23834
-1.42714
-1.57894
-1.49654
0.539533
-1.16582
-0.54836
1.20093
-1.62395
1.15478
-0.499866
-1.41682
0.845279
0.34966
1.19937
0.87279
1.2
-0.650591
-1.35552
0.862595
1.16862
1.64531
-0.512868
-0.543558
0.947106
-0.532505
1.47856
1.18936
-0.23482
0.952684
0.875989
-1.15574
1.17937
0.0182646
1.09118
-0.520373
1.14889
-0.119145
-1.6225
1.31711
-1.21902
-0.510079
1.58816
1.69118
0.16893
0.475222
-0.0110569
-0.607104
-0.643629
0.569931
0.837541
0.850542
0.981377
-1.4267
-0.0252879
-1.64146
0.201883
-0.185886
1.11507
-0.628777
-1.35922
-1.17112
0.751757
0.170137
-1.4064
-1.53157
0.645938
-1.38041
1.08062
0.74105
-1.58124
-1.36567
1.59519
-0.173838
-0.408799
1.1164
1.6143
1.62237
0.839459
-0.438456
-1.42189
0.902171
0.238722
-0.437545
1.13071
-1.16934
0.138273
-1.65323
-0.194497
-1.42687
-1.30672
-1.23175
0.618532
0.858596
0.293486
1.66069
-0.311918
-0.674627
1.25213
-0.961292
1.41769
-1.70648
1.59075
-1.63141
1.42724
-0.0405796
1.88055
-1.38904
0.302234
1.54207
0.14266
0.529886
0.572402
-0.121043
0.489696
0.556951
1.34402
-1.44883
-0.828217
1.42391
1.33991
-0.104094
0.520515
-0.786976
-0.910801
-0.257146
-0.305864
0.149971
-1.23646
1.60642
1.50673
0.830145
0.0679451
-0.582942
0.824004
0.560273
-1.03715
1.32347
1.1097
1.28458
0.791226
0.518924
-0.170542
1.52653
1.35936
-1.46092
-1.56188
-0.32194
0.832898
1.68868
-1.09678
0.496804
-0.438982
1.63712
1.17971
1.03797
-0.352166
-0.219538
-0.975346
-1.55281
1.09524
1.30966
1.65061
1.61285
0.0607324
1.00062
1.5117
1.27148
-0.759923
-0.278511
-1.19275
1.61511
0.342957
-0.962495
0.658084
0.37742
-0.429274
-1.2118
0.552012
0.0217296
0.927239
0.222159
1.13015
0.113657
0.035657
1.18032
-0.233349
-1.32188
-1.62559
0.851035
0.377935
0.729171
-1.16502
-1.17757
-1.58564
-0.533243
0.444597
-0.289641
-0.280107
1.08741
-0.617047
-0.150708
0.899939
-0.713334
0.32058
1.13117
1.54698
-1.23953
1.5
-0.183067
-0.829953
0.0238528
1.71904
-0.0442136
-0.535879
0.515448
-0.816721
-1.5086
-1.17801
-1.04424
-0.955028
-1.25399
0.753754
-1.08282
-0.802332
1.31789
-0.228832
0.492578
-1.07543
-1.27685
-1.64178
-1.015
-0.715866
-1.15927
-1.41921
-1.30322
-0.0759171
-1.14757
-0.335515
-0.0787549
0.766299
-1.41648
0.997169
0.564821
-1.31142
1.41858
1.39054
-1.53279
-0.642971
1.06655
0.717445
-0.883408
-1.0582
-0.320844
-0.134023
0.364424
-0.510862
-0.120131
0.835148
-1.47133
-0.739972
0.657269
1.33373
0.147384
0.333353
-1.10862
-0.282249
-0.0802876
-0.828004
-0.94106
-0.248398
-1.60083
-0.640425
-0.864665
-0.606094
-1.30617
1.42019
0.374898
0.65982
0.937428
0.0748754
-1.11827
0.193677
0.341156
0.865968
-0.165879
-1.18205
-0.79409
-0.436264
0.453338
0.03903
-0.507362
1.64612
0.233561
-0.996095
-1.51865
-1.18937
-0.897593
-1.0307
-0.995988
-0.82572
-0.959455
1.34086
-1.3235
0.0233607
-0.162286
1.69112
-1.31441
-0.469854
1.64838
1.42137
1.0984
-0.940709
-0.953813
0.641497
1.27967
0.139274
0.279948
-0.695862
0.938061
-0.990332
-0.644785
-0.133263
0.108205
-0.961647
-1.15288
0.250826
-0.652049
0.301973
-1.09343
-0.233214
-0.0463331
-1.49274
-0.507767
-1.0548
-1.43726
1.5226
-0.742296
1.16201
-0.680716
0.498991
0.900342
0.207357
-0.192083
-0.259705
-0.261967
1.60414
1.11086
1.49833
-1.35702
0.881143
1.60699
-1.18385
-1.44042
0.897144
0.159343
1.23581
-1.36626
0.928815
-1.15048
-1.05478
-0.852817
0.958866
0.486864
0.0635276
-0.380492
1.20652
-0.334495
0.996723
-0.154491
-0.513411
-0.151738
-0.809375
1.02933
-0.0069782
-1.00929
1.51472
-0.523623
0.333889
1.4192
0.527701
-1.13999
1.44609
0.420266
-0.542571
-1.16316
1.31147
0.427423
0.0875063
1.31227
1.01449
-1.33613
-0.725139
-0.833243
0.700152
-1.44629
0.123984
0.902125
1.26977
-0.635771
0.928608
-1.33214
1.13037
-1.24775
-0.206007
1.00012
-1.27443
-0.76424
0.769504
0.842898
0.421644
0.715218
-0.160856
-0.941514
-0.522467
-1.00517
1.5337
0.267777
-0.400339
-0.0350659
1.60844
-1.08666
0.201141
0.139268
0.280208
-1.80653
1.11676
1.41243
0.154498
0.881542
1.32218
0.614957
-1.028
0.418475
0.377614
-0.379724
0.669749
1.38221
1.56615
-0.275402
-1.5404
1.83207
0.960747
-1.38063
1.43914
1.31264
0.0428195
0.18808
-0.29544
-1.31931
-0.541722
1.29442
-1.72619
-0.764365
-0.463956
0.0876961
1.5667
-0.404227
-0.437697
0.816501
0.0095168
-0.799594
-0.228773
-1.17017
-0.960442
0.00718726
-0.177323
1.69933
-0.471109
0.520704
0.508592
-1.66043
0.614528
-1.23535
1.53853
-1.16952
-0.370902
-1.37107
1.69602
-0.0327089
0.294347
-1.51949
0.956924
-1.01806
1.29618
-1.11874
-1.3225
-1.60634
-0.0334374
0.202359
-1.57192
0.952448
0.00739893
0.0067594
-0.348593
-0.441412
0.153038
-1.14332
-1.00166
1.13316
1.56266
-0.590538
-0.847966
0.483004
-0.202145
-1.74588
-1.05324
0.58672
0.584968
-1.51067
-0.841309
-0.811296
0.590072
-1.58361
-1.32939
0.833876
-1.02205
0.617964
-0.793949
-1.35031
-0.639924
0.871581
1.16438
1.23113
-0.230447
0.478693
-0.820766
-0.597733
1.2743
-1.65379
-1.48112
-0.658438
-1.61646
-0.901651
0.244934
-0.349997
1.16431
1.11869
-0.650681
-0.815541
-0.604687
0.150404
-0.755983
0.515494
-0.182526
0.0875855
-0.278056
-0.700479
1.57115
0.958966
-1.2198
1.28541
-0.251863
1.61192
1.12603
-0.171195
-1.87488
-0.857588
0.209263
0.476181
-0.801375
-1.2218
1.1352
1.69425
-0.0638269
-0.86833
-0.753279
-1.51352
1.43915
-1.20738
0.375798
-0.388959
0.0526609
0.749118
1.11884
-1.08144
-1.71317
-1.16448
1.37858
1.20612
0.411473
0.492519
0.621697
-1.21324
1.41348
-0.128378
-0.474828
-0.139988
-1.41067
-0.960198
0.540194
-1.25642
0.352754
-0.720056
-0.52073
-0.588886
-0.307333
0.889221
-0.546355
0.176896
-0.0741999
0.736086
1.3661
0.687746
-1.01463
-1.72508
-0.781421
0.388998
-1.65806
-0.00225532
0.245672
-0.417389
0.833771
-1.26435
-1.46758
0.82944
0.104895
0.580205
-0.227887
-0.749266
1.1396
0.829996
0.77418
-0.536809
0.349128
-0.393064
-1.32675
1.47736
-1.22342
1.61148
-0.182411
-1.13198
-0.00585648
1.20302
0.804567
1.18392
0.444829
0.710083
1.09265
-0.904956
-0.197855
-0.918893
1.58879
1.53707
-1.53135
0.617567
1.19697
-1.15247
0.231443
1.27857
-1.40943
0.785549
-0.693121
1.38067
1.65925
1.40229
-0.0344812
1.06705
1.12285
-0.721012
1.13923
-1.37956
0.231422
-1.00646
-1.40054
-1.65851
0.520756
-0.707203
0.553904
-1.49387
-0.569323
0.266792
0.946388
-0.529744
0.420365
1.25765
0.345683
-0.902818
-1.61939
1.22215
-1.61958
1.23978
-0.0797431
1.59577
1.03322
1.58231
-0.399179
0.819464
-0.39479
0.08713
0.478081
1.28906
1.59895
0.779547
-0.093547
-0.248064
1.00163
-1.021
-1.13667
-0.211906
-0.772882
-0.694565
-0.905864
-1.65155
-1.58656
1.55626
-0.405225
-0.427805
0.783251
-1.06004
1.50023
0.964115
-1.48397
-0.306191
1.24431
1.56692
-0.173264
0.391613
-1.02995
1.55907
-0.899051
1.46504
0.444827
0.477963
0.0739088
-0.880367
-0.912013
-0.924787
-1.042
1.19583
-0.729158
-1.51425
1.67864
1.29553
1.39411
1.7633
-1.2471
-0.419004
0.914521
0.371972
-1.29405
0.981672
-0.954066
-1.04954
0.11193
0.288882
-0.0662136
-1.27931
1.34275
-0.877257
-1.39877
1.26563
1.56413
0.97073
1.15386
0.478952
-0.0460607
-1.567
-0.213277
-0.506847
-0.935058
0.489566
-0.0723226
-1.42715
-1.00099
0.763796
-1.59714
1.21997
-0.246966
-0.121099
0.430347
0.891475
-0.262725
0.894325
0.19836
-0.548048
1.39682
1.05124
0.491992
1.05442
1.40052
0.665422
1.02427
0.626225
0.520167
0.310741
0.856914
-1.00191
1.21884
1.04678
-1.58847
0.962409
-1.1971
-0.697651
0.822703
-1.14344
0.950433
1.06437
0.153193
-1.6451
-0.74327
0.394759
1.80253
0.401926
-0.70418
0.452743
-0.149875
0.892604
-1.16753
0.902403
0.203361
1.25989
-0.510193
0.45087
1.49162
-1.29966
1.47845
0.503136
-1.50017
-0.762878
0.607757
-1.58805
0.202427
-0.632129
0.675532
-1.55338
1.17111
1.55913
1.38335
0.613799
-1.37813
0.648839
-1.60834
-1.75346
-0.354418
0.14658
0.90636
0.647417
-0.131198
-0.792673
1.66453
-0.408491
-0.296866
-1.18664
0.928263
0.623078
-0.817538
-1.45205
0.520968
0.340125
-0.791667
1.67603
-1.2005
-0.202398
1.68604
-0.12178
0.606733
-0.370818
-0.881521
1.52109
-0.25225
1.43535
-1.08882
-0.96229
-1.60097
0.476408
-0.579403
1.26604
-0.0546328
1.60561
-1.00521
1.22278
1.03986
0.886422
1.00822
0.766017
0.151561
-1.4104
-1.58768
1.52695
0.318588
0.986554
-0.0922968
-1.55493
-1.29018
0.686536
-0.426627
-0.938957
0.0995742
-1.31066
0.445469
-0.959459
1.07383
-0.696871
-0.148506
-1.83138
-1.5862
-0.442102
-0.118471
0.471176
-0.807438
0.626507
1.24521
1.07571
-1.53247
0.120652
-1.3318
-0.792582
1.57082
-1.36881
-0.144072
0.211181
0.886858
0.14545
-1.77165
-0.572694
0.0868799
-1.3491
-0.37704
-1.6671
-1.50204
-0.538096
-1.01687
0.240045
0.885033
1.12497
-1.01411
-1.03644
-1.24056
0.498691
0.655847
-1.72131
1.53366
-1.59714
0.141433
0.795043
1.24807
0.570126
0.930588
-0.398063
1.07403
-1.22698
1.33588
0.0906305
1.07914
-0.19154
0.455035
0.142284
0.835064
-1.17788
-1.48701
-0.945486
-1.19652
1.39881
-0.85042
1.7432
-0.495748
-1.28718
1.08268
0.451843
-0.0854336
-0.0319563
0.895855
-0.960958
1.50579
1.51862
0.41821
-0.998903
0.696179
-1.38973
-1.80896
-0.702199
-0.0479862
1.19141
0.518629
0.705667
-0.230582
-0.710398
-0.478792
1.7374
-1.57282
1.23691
0.278483
-0.0827891
0.838787
-0.224018
1.25207
1.42078
-0.267845
-0.74961
0.439701
1.37314
-1.03978
0.383233
0.323504
0.465864
-1.40613
0.645381
1.50924
-0.92869
-0.9397
1.56735
-0.995279
1.19792
0.12035
-0.827934
0.950923
-0.297372
-0.0706913
-0.520528
0.267245
-1.35113
-0.301222
1.37544
-0.866166
0.645578
-0.433943
0.941926
-1.27347
1.71022
-0.0135396
-1.11356
-1.42661
-1.12988
0.13573
-0.376085
1.0312
-0.122487
-0.97756
0.351042
0.878224
-1.0046
-1.12525
-1.63326
0.72608
0.530805
0.0276822
1.19801
1.07515
0.426613
1.24004
-0.898936
-1.43525
-0.687255
-1.5103
0.188554
1.25258
-1.57848
-1.23515
-0.191503
1.36194
-0.560035
0.00751861
-1.45315
-1.2826
1.65598
1.65815
-1.62743
1.48734
0.426461
1.13797
-0.0802595
-0.0654178
-0.0921916
0.600313
-1.13758
-1.61066
-0.506406
0.633698
-0.781207
0.474265
1.39414
-1.40246
0.731639
-0.174581
1.16803
-1.21406
0.644342
1.01753
1.39199
0.591902
0.144971
0.462178
1.2334
0.331192
-1.45958
1.40467
0.648994
0.463515
-1.20924
0.481155
-0.414802
0.473549
-1.40971
0.483267
1.61236
-1.67611
1.63642
-0.098466
1.2306
0.929717
0.0414371
0.744731
1.19583
-0.407799
-0.466572
0.71954
1.06592
1.02772
1.13995
-0.107873
0.866841
-1.26838
0.210266
-1.61948
-0.472192
-0.70182
-0.536208
0.617387
-0.409354
-0.226057
-0.525902
-0.594933
-1.0486
-1.41003
0.313774
0.50848
0.608268
-0.098648
-0.373126
1.05596
-0.0476029
-0.123177
-1.64509
-0.607119
-0.52485
-0.385004
0.344386
0.161294
0.361165
1.07734
0.790858
0.778708
1.52032
-1.87629
-0.997022
-1.72963
0.539426
1.35267
-0.875684
1.4039
-1.47711
1.37752
-0.57404
-1.2847
0.202333
-0.785232
-0.858249
-0.723423
1.04893
-0.112182
-0.687942
0.382073
0.712194
-0.626041
-0.166598
-1.22194
-1.1273
0.569506
-1.23228
-0.109471
0.571299
-1.22068
0.23177
-0.752867
1.61517
0.00606838
1.00831
0.231693
-1.48897
0.368851
1.47975
0.424956
1.11817
1.40557
-0.859495
-0.864177
0.315164
-0.283334
1.11165
1.40203
-0.570923
-0.854141
0.994513
-0.747327
1.1418
-0.192341
0.428763
-1.27636
0.312726
-0.150456
0.208083
-1.24786
0.840465
1.15969
-0.943467
-1.55261
-1.58414
0.519639
0.182637
0.309497
-0.75347
-0.312766
0.553763
0.112655
1.71755
-1.28889
0.568211
-0.098524
-0.173442
0.791243
0.600591
1.60364
-1.47473
-1.29681
0.852027
0.182316
-0.818985
-1.49663
-1.18838
1.52117
-0.964807
-0.543298
-0.88057
-0.231367
-1.37608
0.0924279
-1.62488
0.965883
-0.79911
-0.0158104
1.1347
0.471347
-0.0308595
-0.615402
-0.537908
0.620337
1.6381
0.552125
0.141018
0.607964
-0.100122
-1.52485
0.241311
1.48133
-1.10591
0.823685
-1.1836
0.216805
-1.3295
-0.23715
0.751327
-0.616535
0.49617
1.05846
1.46565
-0.772277
-0.337529
-1.17274
1.66428
1.44658
0.303964
1.14425
0.19085
0.640416
-1.45829
0.976769
-1.34246
1.15129
0.906364
0.637498
-1.77733
-0.6413
-0.824498
-0.286388
-1.54212
1.19736
0.146505
-0.515202
-0.153125
-0.0976059
0.514861
0.182177
1.58338
0.0864299
1.62811
1.14724
-0.912227
1.52164
-1.21978
1.14091
-0.376884
1.35104
1.2199
1.18474
1.01749
-0.733399
-1.47838
-0.165903
-1.04816
0.727326
-0.522115
1.53793
0.474028
1.1291
-1.22121
1.21257
1.27401
0.0809487
0.395776
0.69655
-1.19915
0.00252017
-0.196791
-1.15087
-0.279641
-1.51493
-1.64582
-1.21832
1.55536
0.156951
1.45609
-0.260269
-0.621364
0.157211
-0.0263025
-1.15635
0.628359
-0.935538
0.401512
0.439159
-0.908305
-1.3541
0.929478
-0.17885
-1.7564
1.73714
-1.29875
0.734232
1.68171
-0.802129
-1.0127
-1.17603
-0.5935
-1.4332
0.614329
-1.45612
-0.00666749
1.71755
1.06265
0.502979
-0.387013
0.180799
0.0537973
-0.34291
-1.12587
1.12486
-0.220304
-1.07625
-0.547851
-0.247697
1.0106
0.705488
0.87798
-1.72164
-0.418027
-0.082721
-1.64182
-0.891084
0.955481
-1.41683
0.10497
-0.942763
-1.55178
-0.887995
1.84762
0.981373
1.5264
-0.226819
-1.43093
0.162678
-0.298408
1.17804
-1.43387
0.0815133
-1.15759
-0.567704
0.796458
-0.209894
-0.444329
-0.189952
-0.137083
1.04282
1.24553
1.44999
0.919151
-0.742552
0.788375
-0.251504
-0.771324
1.27048
-1.5947
1.51849
-0.077028
0.421443
0.455872
1.28695
0.38893
0.42516
-1.22587
0.0200105
-1.20883
0.545717
0.172738
0.549743
-1.39358
-1.45616
0.654939
-1.35655
-1.57778
-1.50074
1.37972
0.905395
-0.534022
-0.817629
-0.501282
1.07044
0.578023
-1.2196
-1.16183
-1.3018
0.421929
0.948329
-0.764833
-1.64645
-1.54776
1.73515
-0.752024
0.958253
0.563204
-0.298327
-0.93058
-1.33516
0.221523
0.841607
0.590324
-0.0231104
-1.44933
1.55245
1.03626
-0.552326
1.5121
0.306714
0.0530899
0.976305
1.02063
0.477456
-1.36761
-0.605705
1.50852
-1.07412
-0.540106
-0.271448
-0.203243
0.480016
1.5683
-0.73376
-1.1696
-1.22337
1.20953
0.675998
-0.666457
0.81348
1.28901
1.23297
1.31168
-0.77132
0.878951
-0.109156
1.03981
0.759157
0.751701
0.439137
-0.951051
0.187588
2.03674
1.31206
-1.74716
-1.15325
-1.13787
1.00332
1.17703
-0.994736
0.0866573
1.28921
0.680074
-0.029799
0.176133
0.100533
-0.696794
0.251641
0.665967
1.07012
0.665897
0.840387
-1.16952
0.200286
-1.78055
-0.823482
0.66574
1.5634
-1.3051
-0.60321
1.07263
-1.03526
-0.0129678
0.851252
0.248005
-1.21542
-0.53684
0.953745
-0.0792993
-1.64993
0.655454
-1.62975
0.908704
-0.932449
1.59034
-0.532751
-0.474978
-1.16239
-0.752358
1.31671
1.63595
-0.49194
-0.0549104
0.730816
1.26061
0.288545
-0.597284
-0.13648
0.984565
-1.77723
0.166546
-0.528121
1.07148
-1.30742
0.175973
-0.0754378
0.656786
-1.41241
0.0675529
0.181587
0.322575
0.360486
0.724905
0.938472
-0.700877
1.20161
-0.0556865
-1.43658
-1.57376
-0.556985
0.856906
0.693178
1.06537
0.136264
-0.303586
-1.24811
-0.510503
-0.182137
-1.50256
-0.850999
0.347652
0.77205
1.67225
1.39997
0.43332
-0.165412
0.527409
0.895176
-1.4018
-0.301036
1.1761
-0.446423
0.46348
0.407641
-1.20434
-0.864819
-0.624371
-1.60139
-1.57555
1.06827
-0.784855
-0.220046
-0.728553
1.38888
-0.862515
-0.0600374
1.08151
1.11653
-1.15786
1.02194
-0.0364422
-0.0716997
-1.24444
-1.37326
0.81199
0.0111118
-0.285129
1.01665
0.881501
-1.13612
0.421938
-1.39274
0.830727
0.362106
1.60032
-1.36714
-1.4504
-0.833956
-0.771336
-0.9587
1.58119
-0.738051
-0.842589
0.675154
-0.258891
0.911454
-1.58851
-0.0247273
-1.71169
-1.42622
1.49799
-1.27423
0.0735296
-0.174199
-0.489216
1.48111
-1.59554
0.598967
1.56463
0.0767266
1.37935
-1.45286
-0.179669
-1.11487
0.764159
1.42974
-0.757309
0.420629
-0.906203
0.322729
-0.135997
1.34385
0.307155
-0.428405
-1.22776
-1.26874
-1.08108
-0.830044
1.22408
0.181811
0.173654
-1.24897
1.22559
0.662041
-1.61692
0.704677
0.180657
-1.42417
-0.238002
-0.106362
-1.0311
1.59031
1.2457
0.652633
-0.15461
-0.363233
0.351689
0.20425
-1.63706
0.175516
1.06492
-0.0819626
-1.50425
0.999494
-1.03572
-0.861225
-1.13685
-0.608588
0.706468
0.188074
-0.94041
1.40439
1.16845
1.4937
-0.877756
-0.167553
1.44051
0.988459
-1.48412
-1.48945
-0.226607
1.44597
0.0483926
-0.140099
-1.28527
0.554828
1.01902
-0.523245
0.926923
1.71385
-0.967649
0.0146979
-0.746904
1.22499
0.282841
0.607424
0.807098
-0.221591
1.29396
0.00170446
-1.25135
0.727618
0.9292
-0.570172
1.10409
1.52333
-0.798037
1.56045
-1.12042
-1.19611
-1.20445
1.53392
0.586394
-0.935666
-0.185834
0.335316
-1.31818
1.17648
1.05586
-0.0559266
1.7332
-0.247785
1.56068
0.425665
0.340564
-1.10142
1.42789
-0.235917
-1.21163
-1.4882
0.37086
0.11775
0.706086
1.15392
-1.2269
0.797844
-0.832787
1.25673
0.884733
0.0759472
0.562267
-0.669995
-0.123021
1.18683
-0.234361
-0.47689
-0.0322546
0.910214
-0.469891
-1.03282
0.580203
1.00478
-1.26664
-0.775751
-1.29912
-0.53242
-0.114247
0.698437
0.411057
0.360761
-0.571818
1.24407
-0.136678
1.6023
0.32157
-1.23431
0.443947
-0.768793
0.405532
-1.31027
-1.19829
1.0766
-0.804902
1.08514
-0.752331
0.375769
0.52431
0.10141
-0.581119
-0.890801
-1.60565
-0.710833
0.584362
1.52053
1.24487
0.962702
1.03124
0.616814
-1.01124
1.54577
0.578766
0.135702
-1.38515
-0.0805627
-0.104469
1.19443
0.265367
-0.375236
1.39909
-1.11809
-0.288602
-1.45974
0.859001
1.49386
-0.586532
1.2093
-0.59723
1.14366
0.938393
1.07701
-1.42246
1.63615
0.64507
-0.823932
1.07961
-0.863576
1.34174
-1.36315
0.767064
0.15245
-1.32442
-0.903566
-1.62766
-0.234353
-0.729084
0.184184
-0.822025
-0.686747
0.766608
-1.40946
1.51024
1.15443
0.548683
0.256375
1.489
-1.11373
-1.4823
-1.07587
0.958864
-1.63361
0.290477
1.65608
1.16856
-0.119977
-1.52633
1.17114
0.505789
-1.31431
-1.36683
1.31267
0.672463
1.14196
1.4665
0.206753
-0.0969891
-0.126751
-0.738049
-0.277822
0.846782
0.356683
1.32404
-0.223741
0.357781
0.171306
0.414728
0.614626
-0.918883
-0.0902163
-1.18014
-0.349049
-0.165194
0.438299
1.51471
0.465411
0.799634
-0.05891
0.606272
-1.33582
-0.600089
-0.370204
-0.0750517
-1.60352
-0.958825
-0.862571
1.59584
-0.617974
-0.146593
-0.879826
0.697245
-0.963084
-1.07175
0.129859
-1.67415
-1.55741
-0.846538
-1.55046
-1.32763
-0.500092
0.852
0.170966
-0.121121
-0.619894
1.59906
-0.307559
-1.2654
0.550752
-1.19262
-0.637477
0.0487019
1.04025
-0.0409065
0.896804
1.48029
-1.37733
-0.697308
-0.490288
-0.34743
-0.486537
1.51742
0.650731
0.435529
-0.533142
1.24777
1.7001
1.17068
-1.76516
0.355208
-1.72551
-0.836014
-1.59265
0.537582
0.669182
-1.27439
-0.579784
-0.281876
-0.402147
-1.27396
-0.287627
1.04489
-1.48166
-1.40835
-0.313731
1.50268
0.247008
0.584191
-0.264983
0.318837
-1.61607
0.438465
1.45651
0.280945
1.22373
0.771015
-1.3085
1.51361
-1.388
0.156679
-1.30788
-1.54537
-0.287404
-0.891094
0.0532277
0.254967
-1.40041
-1.45672
0.119639
-0.673021
0.799272
0.397851
1.20081
0.760558
-0.143234
0.485141
-0.688697
-0.681647
0.875664
-0.172528
1.1163
1.26158
1.05307
1.42909
-0.225287
-0.825101
0.282242
-0.483033
0.400669
0.670424
0.533398
-0.679252
-1.32663
-0.0681403
-1.40761
1.25989
-0.556922
-1.1647
-1.45863
0.676688
0.534125
-0.461484
-1.45586
-0.187947
-0.654109
0.673891
0.399
-0.500822
-0.778044
1.67254
-0.323191
0.663061
-1.21487
0.0526283
-1.43754
-0.0635073
1.66631
-0.552618
-1.55302
-1.47477
-0.353432
-0.992953
-1.57319
0.634647
-0.128921
-0.589936
1.32869
-1.28824
1.61937
-0.644252
1.33778
0.268953
1.22108
1.56406
-0.60381
1.45893
-0.387805
-0.377612
-0.541571
0.176138
-1.16933
0.228215
0.151508
0.765812
1.20964
-0.27419
-0.608114
-0.671157
-1.0357
-1.61679
-0.460424
-0.985177
1.5615
0.287072
-0.466541
0.162977
-1.23206
-0.159054
0.547777
-0.116605
-0.229416
1.5306
1.23259
0.389178
0.213936
0.450987
-1.00078
-0.195298
-1.41414
-0.0594805
0.185035
-0.983111
1.49975
1.46521
0.829283
-0.00668657
1.36699
-1.1098
1.16111
-1.40651
0.853255
-0.697608
1.14135
1.61057
-1.27864
-0.159538
1.73953
0.0440495
1.18672
0.313514
-0.539866
-1.00254
-0.961536
0.883568
-0.376106
0.146655
-0.11229
0.337066
1.22097
1.82768
-0.42646
1.17836
0.768566
0.294036
1.66713
-0.930032
-1.46753
1.27696
-0.05065
1.11863
1.2486
-1.15572
1.37314
-0.175385
0.00337014
0.287927
1.34242
-1.53878
-0.0162443
0.747284
0.842181
0.451717
-1.22772
-0.667348
-0.449837
0.986252
-0.694489
-0.854352
1.57522
-1.89249
1.57843
0.41246
1.03886
-0.824953
-1.43861
0.853337
1.22066
0.639766
-1.37565
0.912212
0.873013
0.4671
0.747347
1.01472
0.200621
-1.50382
-0.185793
-1.27963
-0.283309
-0.460195
-1.4593
-0.363036
-1.45422
0.883323
1.35137
-1.46657
1.50072
-0.0465395
-0.650234
-1.46065
0.0348892
0.797652
0.523025
-1.28164
-1.58085
-0.227091
-0.528212
-0.753268
-0.771585
1.07368
1.45213
-0.241523
1.24829
-0.685093
-0.264969
-0.853361
0.54019
1.61533
0.333357
-0.35188
0.45262
-1.29951
1.26474
-0.00284557
-0.147594
0.354447
0.182874
-1.47894
0.723249
-0.778715
0.760425
1.34777
0.896376
0.23493
0.0767643
-1.27487
1.07145
-0.838834
-0.108989
-0.741603
-1.16011
0.649571
-1.46827
0.786026
-0.691787
-1.61908
-0.072616
-1.43978
-0.769772
0.848657
-1.44608
1.14942
-1.62691
-0.944544
1.01639
-0.702384
-1.31413
-0.388917
-0.701761
0.94481
-0.605699
0.955519
1.32797
-0.143234
1.30377
-0.550882
1.34396
-1.38887
0.763622
-0.0538277
-0.23818
0.239744
0.75433
-1.61254
-1.18523
0.565134
0.577529
1.30904
0.777198
1.53325
0.657898
-0.874226
-1.33338
1.06753
0.499572
-1.66311
-0.524015
1.56785
-0.0699341
-0.107575
-0.125161
-1.07121
-0.321797
-0.519712
-1.60918
0.801182
-0.150615
0.933314
0.943558
-1.16232
0.621559
-0.0478635
1.22633
-0.813245
0.733837
0.474612
-0.824714
-1.44229
0.221239
0.898993
-0.603193
0.306203
-0.454881
0.725778
-1.0527
1.25165
-0.694078
-0.518651
-1.39604
-1.37034
0.075938
-0.86305
1.27845
-1.44706
-0.444971
-0.528638
-1.79816
-1.2696
-0.298344
-0.124042
-0.421382
0.374045
0.25445
-1.58858
-0.24775
1.57303
-0.0518788
0.558861
-0.687208
0.97942
0.903327
0.01573
1.58658
-1.3047
-1.4802
1.11043
1.10705
-1.3212
-0.735361
-1.83097
-0.447997
0.808541
0.115719
-0.507613
-0.349418
-1.66982
-0.708904
0.612
1.72473
1.10384
-1.58153
1.19369
0.83182
0.897638
-0.313064
-0.233839
-0.637317
-1.40312
-0.741083
-0.835438
-0.104834
0.836528
-0.169952
-1.45868
1.65256
1.46048
1.02023
1.67066
0.213632
1.64797
-1.59306
-0.619607
-0.866772
-0.866091
-1.07199
0.487861
0.82196
0.335801
-1.20325
0.977785
0.387329
-0.357214
0.512407
-0.926452
-0.453097
1.35902
-1.02735
-0.263988
1.21936
0.611521
-1.62545
-1.4365
-1.64182
0.375554
-0.0882302
-1.3017
1.56241
-0.110389
-0.807839
0.111354
0.463618
-1.52996
-0.805431
0.946066
-0.231443
0.219305
-0.136132
-1.46229
-1.06032
-0.0516519
-1.06637
-1.52641
1.2588
1.44883
0.873881
1.28263
-0.783224
1.52674
-1.21324
1.67952
1.5784
0.700786
1.62074
0.175027
-0.829439
-0.172343
0.285403
-1.44842
0.781896
1.6938
-0.973205
0.795368
1.38532
1.29184
1.36256
-0.120969
1.49153
0.935955
-1.01517
-0.0715392
0.721341
-0.9386
0.381861
0.61166
-1.11877
0.0489174
0.883696
0.119079
-1.83211
-1.8078
-0.370087
1.15796
-0.897822
0.404693
-0.764249
-0.73198
0.84093
0.634553
-1.40475
-0.301103
-1.61977
-0.0623838
0.577848
-1.16254
-0.555372
-0.512164
1.3927
1.84912
-1.70713
0.881122
-0.360826
-0.529337
0.987523
1.26704
1.43683
0.398106
-0.578644
0.937519
-1.01117
0.156362
-0.660339
0.424778
-0.839269
-1.24781
1.37568
-1.42271
0.0744986
-0.735798
-1.66845
-1.45302
-0.958056
1.05629
-0.641275
1.61022
0.0632974
-0.224195
0.253221
0.215563
0.920372
-0.604857
-0.62763
1.1049
1.54037
1.36156
-0.192508
0.863788
-0.271538
-0.0207051
-0.999826
0.0462069
-1.22966
-0.676287
1.14784
-1.1052
-1.5107
-1.39372
1.30634
-0.0962193
-0.35894
1.15858
1.25633
-0.756747
0.704752
0.723132
0.465357
-1.23398
1.30096
0.0909518
-0.91063
-0.392171
-1.64022
-1.26809
0.734609
-1.55133
-0.188324
0.168012
-1.41288
1.86883
-0.866391
-0.572459
-0.799536
-1.13428
-1.61979
0.603786
1.86245
-0.973003
0.444709
0.841111
1.14711
-0.237526
-0.622943
-0.580843
0.613114
1.09949
-0.986579
-0.434635
1.37878
0.863762
1.82825
0.829073
-0.333065
0.301276
0.602959
-1.29114
0.410747
0.695061
-0.991609
1.09249
0.460688
1.34936
-1.7978
-0.90116
0.395682
-0.56102
0.73084
0.819565
-1.20891
-0.184055
-0.0484304
-0.41596
1.33662
1.0677
0.8018
0.608635
0.0682544
1.5694
0.662931
0.612687
1.3097
-0.661353
0.989691
-1.01665
-0.489272
-0.486866
1.51132
1.15242
0.558382
0.70562
0.179042
1.60418
-0.117862
-0.195901
-1.26852
0.952704
0.720083
-0.778514
-1.6197
1.01973
-1.81119
0.579333
1.6462
-0.154826
-0.638386
0.613565
1.07251
0.188025
1.39745
-1.69456
0.206356
0.69142
1.14765
-1.14924
0.984435
0.129037
-0.494156
-1.34618
1.1404
-1.19078
-0.702668
-0.832566
1.24879
0.708863
1.04817
-0.972047
0.580925
0.204452
1.3882
1.37658
-1.67121
0.871917
-1.54975
-0.0436692
-0.706761
-0.544964
-0.501889
0.390742
-0.479113
0.781891
-0.232543
-1.46412
0.918363
-0.679241
-0.358024
0.706496
-0.587658
-1.44166
-0.24609
1.60431
0.537692
0.470218
0.324799
-1.01977
-0.277135
0.819464
-1.2556
-0.739304
-0.547878
-0.0958974
1.64281
-1.40694
0.0213588
-0.984599
1.35376
-1.15566
-0.0924493
0.634347
0.697489
-0.187767
-0.666273
-0.355289
-0.777673
-0.966261
-0.0405565
-0.954837
-0.797058
0.71232
1.69192
0.355145
-1.64532
-1.33393
1.44317
-0.326592
-1.32458
0.478029
0.454696
0.69952
-0.729333
-1.41141
1.51854
-1.01152
0.488044
0.830239
0.450632
-0.58631
-0.725102
0.329781
1.10357
1.65381
-1.25832
-1.10154
1.40676
0.760082
1.43286
-1.01577
0.284674
0.812106
0.643834
-0.414741
-1.71242
0.426175
-0.843851
-0.296419
1.50853
-0.337524
1.07031
-1.18521
0.385979
1.6997
-1.44237
-1.51077
-0.108217
-1.05073
0.909039
1.61946
-0.445097
-0.700527
-0.0760672
0.697836
-1.58563
0.422831
0.188415
0.553084
-0.687628
0.833238
-1.29011
-1.03197
1.4432
0.479803
-1.67062
-0.693703
-0.985102
-0.765649
-0.705011
-1.38069
-0.0869191
0.767609
0.603241
0.568282
-1.43084
1.58534
1.26106
1.00926
1.12149
1.31932
0.197456
-0.957148
0.422001
0.759055
0.695126
0.00631763
-1.36907
-0.543181
1.55091
0.211715
0.190355
-0.743494
-0.635517
1.3423
0.534515
1.05316
-0.119284
0.487364
-0.965112
0.681815
-0.35151
-0.0932449
0.564695
1.53978
-1.65848
1.06374
-0.76399
-0.0693137
-1.64523
-0.496109
0.0452616
-1.36557
0.0483413
1.525
-1.25594
1.10091
-0.334597
0.708016
-0.629749
-1.22153
-1.11509
-1.44562
-1.04677
0.608836
1.26175
1.01035
0.762115
-1.20101
-0.660704
-0.519989
-0.79903
-0.0559891
0.116418
-0.508446
-0.534062
1.14877
0.795243
-0.522105
1.43626
1.56847
-0.67797
-0.77005
-0.119645
1.48719
1.28835
-1.3028
-0.126221
0.0754368
-0.148128
-0.803363
1.22916
0.480138
0.97759
1.21169
0.871193
-0.151495
0.219347
-1.03254
0.573852
-1.10842
0.633793
-1.07795
-1.34373
-1.05344
-1.73935
0.823432
0.585226
0.00159642
-1.38173
-1.48952
-1.85946
-1.03541
1.49452
-0.98113
-0.410758
-1.33267
-1.04092
0.140538
0.177147
-0.834852
-1.59965
-0.378693
-1.0393
-0.778235
1.49688
0.484451
0.0986792
-0.376311
-0.239667
0.129965
0.68316
0.762098
-1.01861
0.128056
-0.279558
1.34858
0.397083
0.206734
-1.22656
0.328428
-1.21457
-0.660888
-1.16829
0.724065
-1.07341
-0.311968
1.29226
-1.02261
0.0083435
-0.198937
-1.76743
1.09742
-1.54069
0.112179
0.201973
0.347541
0.564584
-0.602141
-1.54789
0.77552
-0.0204076
1.17888
1.13021
1.01326
-0.0377291
-0.49297
1.04761
-0.0332873
-1.0731
1.3077
1.14792
-0.233328
-1.42717
-0.0794509
1.10435
1.28023
-1.18377
-1.65358
1.20071
-0.179062
0.188081
1.41234
-1.76234
0.550299
-1.20959
-0.387203
1.18913
-0.371458
1.67262
0.23307
-0.66311
-0.847278
-0.689022
-0.23345
-1.43908
-0.382969
-0.0170421
0.838205
0.636945
0.614821
-1.63124
-0.985524
0.572646
-0.281751
-1.75314
1.23968
0.852419
0.19072
-1.46442
1.01623
0.264503
1.11663
0.70939
1.27231
0.0350918
-1.17382
0.470187
0.492608
0.843339
-1.10428
-0.878786
1.31933
0.955383
1.46812
0.894861
0.194578
0.396944
1.36888
0.15567
0.29791
-1.11231
-0.0530087
0.955054
-0.673681
-1.01895
-0.647423
-0.827463
-0.628889
-0.24635
1.35953
-0.00959205
-1.09728
-1.51959
0.773847
-0.401632
1.32233
0.564391
1.17727
-0.653916
0.637815
-0.794707
1.42043
0.331968
-0.370993
-0.623591
-0.962891
0.501073
-1.11217
0.428943
-0.646895
0.531369
1.09611
0.943339
0.743238
-1.18851
-1.33836
0.672019
-0.276156
-0.377204
-1.65939
-0.746339
-1.56168
1.29155
-0.875032
0.388894
-1.54173
0.525898
-0.312101
1.56877
1.28814
-0.481902
1.4148
1.86851
1.18115
1.16473
-0.875967
0.329975
-1.36218
-1.42563
1.61383
-0.548993
0.825137
1.1174
1.16285
1.48227
-0.854009
-1.38825
-0.326668
-1.04698
-1.38931
-0.320569
1.0254
0.323196
-0.689931
0.530595
-1.02757
-1.76073
1.19044
0.500798
0.769888
-1.67218
1.3486
0.260855
0.00750349
0.412132
0.985538
0.159755
0.0634902
1.63139
0.587875
-0.283486
0.853149
-0.36776
-0.88743
0.50668
1.56345
1.40099
-0.632907
0.0790238
-1.04817
1.9975
1.64903
0.681921
0.944439
0.526549
0.215741
-1.62797
-0.0341064
0.599867
0.542651
-0.498174
1.76751
-1.18286
-0.0218841
0.628833
0.629919
0.393936
-0.872014
-1.16296
0.411094
0.499196
-1.11708
0.666233
-0.142588
0.58873
1.03499
-1.35972
-1.49007
0.865597
0.55726
0.614221
1.31708
0.806726
1.46381
0.0537996
-0.132157
-0.378107
-1.1488
0.336092
-0.876049
1.30345
0.326904
0.459001
-0.369881
-1.62913
-1.74211
-0.206077
-1.25801
0.316814
1.15996
1.3253
0.267197
-0.921097
1.17264
1.11116
-0.991286
0.785332
-0.721909
0.829451
1.65135
-1.4519
1.3172
0.600838
1.56254
0.110062
1.13776
-1.54402
-0.557999
-1.52986
1.59542
0.990407
1.31071
1.43643
-1.28418
-0.38429
-1.49061
-1.199
-0.90232
-0.0536708
-0.953892
-1.28676
-1.08205
-1.03536
1.55812
0.929938
1.62013
-0.316612
-0.856863
0.856383
-0.574282
-0.81751
-0.882795
-1.23299
-0.898809
-0.479568
0.622676
-1.48615
-0.9056
1.14881
-1.11477
-0.595359
1.30144
-1.20782
-1.30249
-0.29979
-0.720845
0.214006
1.11534
-1.23304
0.34079
-0.0343287
-1.41297
0.510828
-0.914435
-0.0249681
-1.29611
-0.319958
-0.577551
1.11472
-1.56583
-0.280789
0.0515265
0.751043
0.201963
0.592805
0.719223
1.20859
-0.594293
0.1595
1.11677
1.53223
1.36044
-0.494071
-1.09067
-0.0850176
0.899223
-0.0925166
-0.199931
1.10361
-0.507267
1.28259
-0.103425
-0.430427
-0.16713
0.81792
-1.27171
-1.08838
1.79257
-0.976244
0.137249
0.370818
0.233686
0.267439
-0.929869
0.159039
-0.387102
0.314888
-1.02201
0.197055
-1.15789
-0.762962
-1.18197
-1.14175
1.37927
-0.814611
1.52395
1.46252
0.15456
-1.1681
-0.586396
0.847816
-0.45255
-1.34561
0.261774
1.10604
0.952097
-0.979242
0.574138
-0.800326
-0.874246
1.40019
-0.958826
-0.749376
-1.43951
1.17783
1.00514
0.614217
0.941935
-1.04187
-0.0168112
-0.564078
-1.69019
0.0113075
1.41987
-1.64056
-0.69498
-0.967441
-1.04083
1.32123
-0.0506962
-0.125375
1.09406
-1.16523
0.167847
-0.0973916
0.339934
1.60097
1.01398
-0.458546
1.12994
-0.979242
-1.57274
-1.00886
-0.424005
0.0939456
0.64638
1.59152
-0.174577
0.19497
-1.42975
-1.53591
0.231562
-0.112471
1.23933
-1.13545
-1.45891
-0.302962
-0.649612
-1.45047
0.752072
-1.20293
0.367526
-0.879764
-1.23333
-0.417449
0.872651
-0.241651
0.954515
-1.32976
0.986368
-0.805193
0.782399
0.0872099
1.19695
-0.490157
-1.34173
-1.35318
0.991484
0.153987
0.689223
-0.678924
-0.555926
-1.57146
1.62014
0.589503
1.45961
-0.7988
0.370468
0.760467
-0.556228
1.23654
1.39791
1.42939
0.683813
-0.804693
-0.768879
1.51374
-1.57964
0.647592
0.647842
0.473173
1.69406
-0.509177
-0.498627
-1.42794
-0.157203
-0.527231
-0.575213
1.12647
1.33784
-1.1234
-0.42998
1.40351
-1.51867
-1.52149
-1.01061
0.406715
-1.45135
1.69095
-0.0607455
-0.222834
-1.09349
0.131537
0.463382
0.931172
1.06854
0.238207
1.37366
1.13498
0.81777
-1.65215
-1.78964
-0.916218
0.555929
-0.190912
-0.388449
1.32399
1.38359
1.15535
-0.823659
0.511807
-0.918144
-1.06674
-0.838656
-0.498535
-0.34269
0.976108
-1.47029
0.850164
0.0658321
-0.688088
-0.126097
-0.702162
0.374485
-0.308577
-1.2433
-1.39243
0.221382
1.25281
-0.43676
0.892145
0.337179
1.59913
1.10954
0.156723
0.546554
1.37244
-0.347319
-0.604256
-1.70565
1.01872
1.02536
-1.49175
0.216709
-0.122265
-1.34062
1.56659
-0.954658
-1.34268
0.443674
0.754623
-1.51714
0.697856
-0.0350903
-1.59959
-0.882255
0.327826
-0.647572
1.54532
1.13443
1.53824
-0.913674
1.69316
-0.0937724
-0.637317
-1.62781
-1.46945
0.837523
-0.190345
-1.02495
0.40511
-0.828716
0.382499
-0.401614
0.962219
0.823078
-0.130877
-0.337085
-0.597755
0.837263
-0.522307
-1.1713
-1.13685
-0.0893569
-0.0378638
1.09665
-0.687139
-0.495035
1.0564
1.27484
-0.289422
-0.0821583
-0.514905
1.61801
-1.19177
1.37473
0.537499
0.163269
-1.75063
0.111268
-0.33296
-1.21931
0.541943
1.44435
0.171439
0.758803
-1.30272
-0.31274
-1.13386
0.645707
1.57381
0.675138
-1.34701
-0.353925
0.230767
-0.334346
1.21237
1.16782
0.33862
-0.446777
-0.921735
-1.39669
-0.414828
-0.41572
0.725909
0.70635
-1.24925
0.0297063
-0.907664
-0.923914
0.949755
-1.67478
-0.281733
-0.917898
1.15328
0.358394
-0.988127
0.110805
0.686248
1.30961
-0.870282
1.14612
1.34213
1.19151
0.26874
0.370115
-0.340369
0.835381
0.13072
0.600481
-0.388348
0.816218
1.32253
-1.45091
1.15236
0.194156
1.18934
-0.127813
-0.321541
1.51845
-0.899865
1.07839
-0.23262
0.1624
-0.56591
0.297182
-0.596648
-1.27869
-0.708026
-1.53945
1.60686
1.58625
-0.153234
0.78946
-0.413904
0.681027
0.943225
1.51692
-0.327933
0.869961
-0.758111
1.60224
-1.55772
0.32971
0.536312
0.69315
-1.22538
1.34165
-1.13512
0.601032
-1.03096
-0.61148
0.178296
-0.268804
-1.18921
-1.14553
-0.177291
0.943659
1.28756
-1.34366
-0.271474
-1.34204
-1.88098
0.647801
0.280098
-1.21546
-0.932072
-1.48592
1.20976
1.43763
-1.4946
-0.966767
1.15555
1.498
-0.382416
-1.44936
-1.46944
0.291852
-0.463297
-1.5841
0.388497
-1.40651
0.916959
-0.818222
-1.68492
0.534575
-0.357407
1.2954
0.407985
-0.867319
0.704949
-0.460184
1.27136
-0.433012
0.0746617
-1.40473
-0.131904
1.18556
0.882596
-0.888742
-0.817409
1.13149
1.56323
-1.41629
-0.0761308
-0.810167
1.22594
-1.0565
-1.04822
0.779443
-1.75086
-0.167797
-0.14116
-0.333756
-0.32055
0.179877
-1.06036
