0.999998
0.998889
0.995373
0.989458
0.981162
0.9705
0.957501
0.942195
0.924625
0.904826
0.88285
0.858753
0.832602
0.804451
0.774378
0.742462
0.708794
0.673449
0.63653
0.598138
0.558388
0.517379
0.475235
0.432091
0.38806
0.343286
0.297912
0.252094
0.205968
0.159703
0.113463
0.0674295
0.0217601
-0.0647148
-0.110741
-0.156964
-0.203233
-0.249371
-0.29522
-0.340616
-0.38543
-0.429509
-0.472708
-0.514915
-0.555995
-0.59583
-0.634298
-0.671307
-0.706748
-0.740524
-0.77254
-0.802724
-0.830991
-0.857267
-0.881483
-0.903585
-0.923515
-0.941221
-0.956659
-0.969796
-0.980597
-0.989035
-0.995089
-0.998748
-1
-0.998843
-0.995279
-0.989318
-0.980973
-0.970267
-0.957222
-0.941872
-0.924253
-0.904414
-0.882397
-0.858259
-0.832062
-0.803878
-0.773768
-0.741817
-0.708108
-0.672738
-0.635789
-0.597369
-0.557586
-0.516561
-0.474396
-0.431225
-0.387186
-0.342399
-0.297015
-0.25118
-0.20506
-0.158793
-0.112555
-0.0665182
-0.0208674
0.0656164
0.111648
0.157883
0.204141
0.250276
0.296118
0.341512
0.386304
0.430367
0.473557
0.515734
0.556791
0.5966
0.635047
0.672019
0.707428
0.741171
0.773158
0.803298
0.831527
0.857763
0.881942
0.903998
0.923884
0.941547
0.956942
0.970031
0.980785
0.989177
0.995185
0.998795
1
0.998795
0.995185
0.989177
0.980785
0.970031
0.956942
0.941547
0.923884
0.903998
0.881942
0.857763
0.831527
0.803298
0.773158
0.741171
0.707428
0.672019
0.635047
0.5966
0.556791
0.515734
0.473557
0.430367
0.386304
0.341512
0.296118
0.250276
0.204141
0.157883
0.111648
0.0656164
-0.0208674
-0.0665182
-0.112555
-0.158793
-0.20506
-0.25118
-0.297015
-0.342399
-0.387186
-0.431225
-0.474396
-0.516561
-0.557586
-0.597369
-0.635789
-0.672738
-0.708108
-0.741817
-0.773768
-0.803878
-0.832062
-0.858259
-0.882397
-0.904414
-0.924253
-0.941872
-0.957222
-0.970267
-0.980973
-0.989318
-0.995279
-0.998843
-1
-0.998748
-0.995089
-0.989035
-0.980597
-0.969796
-0.956659
-0.941221
-0.923515
-0.903585
-0.881483
-0.857267
-0.830991
-0.802724
-0.77254
-0.740524
-0.706748
-0.671307
-0.634298
-0.59583
-0.555995
-0.514915
-0.472708
-0.429509
-0.38543
-0.340616
-0.29522
-0.249371
-0.203233
-0.156964
-0.110741
-0.0647148
0.0217601
0.0674295
0.113463
0.159703
0.205968
0.252094
0.297912
0.343286
0.38806
0.432091
0.475235
0.517379
0.558388
0.598138
0.63653
0.673449
0.708794
0.742462
0.774378
0.804451
0.832602
0.858753
0.88285
0.904826
0.924625
0.942195
0.957501
0.9705
0.981162
0.989458
0.995373
0.998889
