0
2.1131
5.10118
2.41393
4.05548
1.39726
-8.83845
5.42686
-4.16278
-1.58053
-0.469547
2.66763
4.30062
-1.27643
2.34037
-11.9614
-3.46914
0.371044
0.848457
3.04255
8.22819
-4.36554
6.83371
-5.64381
-9.17913
5.41674
1.29212
-0.717822
-3.75884
7.28022
3.0734
-2.86545
2.74708
4.55423
-2.57633
-4.76663
0.215512
-3.78673
-1.18692
-2.00966
2.09489
-1.55182
3.01061
6.6493
2.5488
4.23058
-2.71253
-6.30327
-13.8384
4.45914
5.38467
-0.665071
-7.73687
9.15083
-2.8265
5.99197
-0.831105
-0.202185
-4.00495
2.67052
-7.88789
-5.70282
0.885893
-5.52156
-0.0777627
4.65348
-0.669095
5.10052
9.62307
-2.51118
4.64667
0.511377
-0.177478
-4.48511
1.82972
-9.40783
7.47788
-0.186481
-4.61596
-5.24611
13.2904
7.31624
3.78169
-1.53977
-1.4715
-6.2042
-4.44194
1.12286
-1.37645
2.40026
0.648188
3.10336
1.01801
4.18857
4.42189
-5.30599
-3.01641
2.61522
-2.80573
-6.56201
4.95983
1.8528
-0.687147
-4.46563
8.7857
7.64655
-6.6677
5.32727
-6.83224
-5.69762
-0.81446
-1.61029
2.10019
9.14956
-2.00834
2.73962
-5.74635
-4.211
-2.42139
1.88341
4.42707
-6.58817
10.1642
-0.0802476
-2.89679
-3.53073
-6.24896
-2.94874
