-19.8908
-16.5589
-9.06338
-1.06422
-5.55008
-45.2819
-16.9005
16.0612
21.7534
-34.2177
-31.924
23.3062
-69.4595
-15.7364
-15.749
44.0655
23.4994
21.9051
-43.7042
-5.43736
-14.2427
-11.0029
-13.8527
1.85549
7.39499
-63.9534
-47.3437
17.9588
-27.5874
30.4498
57.3445
24.517
12.6678
-23.5544
-2.56537
-5.84491
12.0431
-29.7195
14.7794
60.4534
-16.185
20.5617
-8.43124
15.6777
13.0895
-7.62122
-4.59495
2.5323
5.00311
9.40617
22.0372
-22.4329
-14.4623
-16.4675
-25.3926
8.64309
20.5706
-10.2985
-51.2605
13.9429
8.29504
-11.3979
-12.4513
-32.628
40.5753
37.3659
3.04257
-3.90112
-48.0689
24.6385
2.7565
17.1592
-26.1393
-3.65121
23.9991
-30.0985
24.3295
-0.451627
-15.7461
62.933
-15.9274
-33.3954
-25.6602
17.6458
17.4038
-12.3764
-34.5537
-30.6295
6.76971
1.82978
51.6126
5.35251
1.72723
1.58199
-16.4965
1.18968
-4.10894
-39.1626
-29.4093
30.6837
21.2318
35.8928
-1.57494
17.046
58.1585
29.9419
28.1672
33.2303
-39.3371
-20.7197
5.35157
43.316
-6.03995
1.10971
-2.63042
-49.3672
-34.8971
-17.4285
-17.9326
17.6406
-20.9612
-17.4257
-5.37384
13.7062
-36.7264
40.6187
24.5551
-34.0968
-15.8556
18.1132
-15.9757
-19.3858
-11.2468
16.8474
21.8414
15.9483
15.3462
-12.0171
19.7404
-20.7653
-21.5005
29.7308
-8.95393
15.6925
52.9417
44.4124
-7.92667
21.894
24.7222
-31.1181
-28.8221
16.1555
24.0227
12.2548
-39.2802
-29.1412
-10.047
-0.973457
-16.2004
23.6337
42.7268
7.04201
0.147433
5.4921
0.772701
-0.400211
47.1594
-42.2875
26.9199
-19.6097
1.35356
13.2585
-26.2693
3.18811
74.2979
1.49363
21.3496
28.4796
-11.9004
-1.2632
6.20599
17.4557
-33.9731
3.5798
-2.13793
-27.0284
-29.6469
-19.7458
26.3296
-24.0274
3.11058
-46.2297
-40.7971
-22.4182
10.3563
-46.8595
40.0947
16.3134
-2.68588
10.64
-22.7424
-10.0325
23.5844
2.31052
-12.9026
-6.98843
-23.1629
6.90925
-9.36552
-33.657
-6.68164
48.8456
-10.0243
-25.2033
-16.458
-6.24485
-3.35939
-4.62447
-38.259
-33.8429
-20.7981
28.0708
9.93351
2.25297
51.1474
-20.4683
-2.12543
0.0243165
24.9735
2.38725
38.5045
20.489
-9.56968
-6.38988
-8.42934
58.3872
24.2239
17.0447
16.04
-14.9698
-4.196
36.2648
3.73649
53.9639
15.2004
-38.2037
-3.25123
58.493
-27.9478
7.48078
-27.2824
-20.9606
-21.3018
2.01304
-28.1552
23.4456
-3.8278
19.2984
-24.2012
4.32642
24.4412
38.971
56.0111
-41.0115
15.7667
-13.8891
-7.72503
4.20488
-4.98881
-2.83694
-23.6134
12.7702
-13.4681
-33.7009
-10.9567
4.86486
0.855015
4.6284
39.995
-36.6373
7.23647
-21.6494
28.1917
-11.298
-3.44457
31.0964
-36.0701
46.2131
5.23907
-44.8796
-19.6342
-28.9424
-19.6949
-46.3637
-2.95071
-34.8383
45.0481
-2.72793
-27.2708
-20.458
-15.3195
71.0529
-1.70697
22.8903
5.77236
-0.201736
5.22466
-6.52332
-0.590205
20.5088
-30.1032
26.3783
-12.4698
49.0786
-39.5168
37.1883
34.547
14.9241
-9.8652
19.6193
27.1218
32.5061
25.4928
-22.3425
10.2595
-27.394
-37.468
6.18224
11.5478
8.61063
18.5162
54.7867
-16.8262
-43.2134
16.1917
23.4542
-3.14087
-2.53205
-12.2738
18.9991
-19.9262
-1.46143
-23.5035
33.275
56.4779
21.8496
25.591
-24.1567
23.6187
-7.62075
21.629
-2.50641
-13.036
29.0825
-1.89139
18.5782
-19.8199
-21.2509
-26.0495
-35.1728
-7.53965
9.23712
10.9863
12.1065
50.626
-39.5829
15.4056
-11.8359
16.6561
38.4029
6.43406
1.31701
16.0174
-41.7167
-19.8355
28.667
-7.31193
5.34835
27.8981
10.9454
-11.1079
13.4591
11.2035
14.262
63.4071
13.0796
-11.6905
74.5875
-23.9594
-31.4501
-7.14998
-11.7738
-34.1222
53.2827
-29.8321
45.1171
-4.9323
16.5662
-3.98582
-38.0103
-13.9551
3.90013
-7.5274
9.5745
-46.6147
1.04449
-16.1269
-0.483641
55.6048
-34.5181
5.04208
-26.4494
-23.6713
3.01585
11.7276
1.27683
1.25262
83.4062
30.5411
-15.0584
-38.4859
8.79743
3.64252
-26.9764
12.7601
-23.3281
33.9882
-30.4199
20.3644
-13.631
-12.235
8.82899
9.53249
0.00444984
1.84484
3.32323
23.666
3.51099
-27.6237
40.649
14.3787
32.3549
48.0024
8.57329
-46.1724
-16.5226
12.3288
42.1937
-19.7816
22.9122
-7.72386
-24.8608
4.30242
-26.5749
12.225
16.5083
46.4185
62.2141
34.6818
33.9824
18.9785
10.8668
-16.4412
-3.53429
1.87014
-27.8882
-0.278887
25.2735
-13.5995
50.4711
-39.385
22.0887
-13.941
13.7001
-7.35376
27.5671
9.2385
-21.753
31.3
-12.5494
-20.1075
15.1256
-25.3253
-6.78814
-44.3269
45.8377
8.87567
4.97366
-5.76201
-3.70778
-20.007
-9.39142
-29.9145
-32.1042
-38.0247
51.3792
12.9106
4.09416
56.7354
-25.8795
-4.93387
26.9433
75.802
24.5633
-44.3265
0.6382
0.6287
-19.1821
0.919666
-28.5002
-11.8814
13.4146
17.4153
22.1046
15.8589
24.3382
-39.1333
18.8566
-48.5396
-24.7704
0.505426
8.89223
19.6512
-19.1754
24.8549
46.9102
-52.6792
-22.3306
-5.51425
-34.2438
-44.26
36.6618
29.3615
15.2873
22.5017
9.05201
20.8359
2.75571
8.58018
21.1029
-12.924
-42.5676
15.1846
-33.6385
37.032
45.132
-1.35666
40.0775
16.973
7.03639
-36.2063
6.15705
-25.948
-33.7036
-50.0357
-28.019
-23.9885
37.826
-4.99265
-9.37909
5.81799
-7.94812
-23.6873
3.55534
-1.05537
-12.933
31.3829
16.9207
-15.4584
-38.0683
55.1231
-11.9023
-2.68523
2.82467
-40.296
-18.7134
-31.2469
6.39417
20.0531
-5.43639
-12.7772
-23.1248
22.9598
20.3625
-0.407903
-19.3598
-6.47298
-6.91882
54.7058
8.78605
24.2886
21.614
-32.2748
-7.36654
-3.38131
35.7609
10.8087
-1.47094
-9.63847
-53.5851
-0.108079
18.0136
56.1328
7.3198
12.5577
-9.81595
44.1055
-26.9281
-11.1314
-9.21925
-23.2038
2.50517
21.4308
-21.213
31.8384
-43.9859
-21.3317
-18.9646
7.68419
-7.27368
-12.2943
23.407
-32.8622
-26.2708
-3.52777
-5.9521
4.28008
-20.1434
29.233
-14.676
17.9052
-24.8645
9.3404
-55.5934
34.0069
-28.2701
-17.5512
-7.21983
61.9547
10.0806
-17.7433
24.3364
-9.65421
-16.2988
-24.1345
12.7407
18.4336
36.8432
-3.66639
-7.15841
15.4995
-29.1962
-30.1177
8.66407
13.8099
18.0334
-11.0086
55.6932
-39.9071
29.5051
5.77832
-22.5688
-30.1879
33.801
12.1449
21.1663
43.1421
7.49501
27.5603
-7.07067
-8.98114
-22.6616
7.44539
-11.5991
14.3315
-33.456
4.74059
-17.7713
2.84696
28.3332
41.5215
-20.0712
-27.8276
-10.6651
-9.69363
-7.1773
0.456968
-26.2246
-20.4325
29.4908
0.622467
7.2253
-28.9663
-31.373
45.9082
23.0602
31.8294
23.2409
5.35935
17.4464
12.5105
9.60073
4.98992
-16.6853
23.0932
1.25357
-43.7836
32.5885
44.4351
2.65715
27.5672
7.85951
43.1441
-13.0913
-7.35204
2.58519
-1.92353
-21.7282
39.5959
-36.1722
7.37434
-4.98171
-14.5635
22.8075
-21.2346
21.8782
38.246
17.9328
-15.7045
0.168528
-0.663396
-9.44505
10.3448
-0.76785
-45.871
-23.2541
-31.7946
-25.9029
19.8194
10.4373
-49.9404
-30.4349
6.73137
-13.606
1.24259
3.46431
-4.83485
18.3983
-24.6455
0.918313
69.6148
37.0875
27.1106
-11.9236
-19.79
32.6019
-3.90415
-98.1525
-23.9933
12.8619
-9.01494
-32.9162
9.46045
-28.6391
42.6512
-19.4891
39.3389
-17.9897
22.6381
-13.7905
-38.3912
42.1838
51.848
-0.756274
-37.6015
-40.011
-50.1821
-5.20322
20.0332
0.470721
-16.8699
-8.60506
5.37043
-73.4046
-12.1224
-39.2953
20.5608
-41.1281
-62.8699
-19.6522
-32.0439
-9.27142
-26.5518
23.6439
20.2509
29.9704
0.278404
-3.12843
-7.7798
27.7479
32.9146
-8.58227
-28.6412
3.28292
10.9774
-28.6563
11.3876
8.41271
0.468386
-6.07058
-1.56257
27.0746
-7.93244
-26.4852
-3.92928
-23.1094
67.1285
-35.5076
-10.0601
-64.1606
-8.62527
0.392803
-18.2667
19.0639
53.7206
-4.55916
12.4322
23.4328
-4.85311
10.0036
14.321
-18.5101
0.620813
18.6295
24.5097
6.90927
-13.1448
7.58128
-1.19466
-57.6013
28.5775
-4.23563
4.60107
-4.53972
37.8753
34.7734
-19.3601
-40.6069
-51.9083
19.1258
21.7937
-30.3982
0.174765
42.2509
15.4911
-15.0462
-52.403
5.86159
-5.45432
25.0607
66.4491
-36.2636
1.10672
-42.7543
9.60929
-9.63616
-24.7587
8.47408
-42.4221
-15.7207
-54.7167
23.681
-9.24177
25.6185
34.798
32.2652
-8.22793
-27.4433
26.9746
-16.4484
-11.3456
-5.31771
17.7368
6.97847
-5.77388
-1.51097
-37.0246
-21.048
-6.80735
19.3989
-4.83541
14.0111
-17.2225
29.9497
22.1441
-15.3708
4.68167
13.8532
-28.6703
2.60597
-31.6135
0.499912
-2.44458
10.0038
-30.0667
-35.6839
24.4768
-0.0509839
-36.9144
-53.426
-28.1195
-38.8064
-17.4262
21.4727
-33.8854
4.60992
41.6288
-17.6048
24.4847
33.7861
-8.35205
-19.8106
4.81036
20.3928
55.4442
-4.82437
30.5492
-3.56306
3.20583
-4.36845
0.131336
13.1339
-52.8709
-21.3835
0.553392
-14.3619
38.9969
3.8964
-2.4275
-36.9706
-10.7815
-36.2305
28.4414
23.1085
9.70798
-3.30233
-35.9333
-2.09016
-34.9055
39.0674
14.9983
46.8364
-12.2925
3.15961
-14.0543
-7.12678
-34.1513
-3.1503
-15.3078
23.3259
-51.5129
6.42875
-23.3657
33.7079
-45.9389
-25.0589
64.883
-8.6707
38.0803
-28.0082
-2.54395
28.2195
12.1403
-13.1995
-18.4666
-45.7819
-34.13
-18.4556
16.6591
-8.61575
4.24544
40.7224
-19.6376
-2.9076
50.1736
7.17075
18.9805
5.82137
-15.049
12.6401
26.3825
-25.9326
-28.6612
-41.9751
-17.9303
4.78953
9.09673
14.1992
16.2378
-16.8316
13.4162
-0.986761
3.89315
17.2744
-30.7439
-4.74715
8.65143
30.627
-9.59531
31.5431
-13.7411
4.38962
10.5286
19.9977
-2.30339
-6.21281
-6.45842
16.1991
-20.9006
19.5979
-42.1934
-1.42305
42.9667
1.01413
8.14046
-32.7042
21.2083
-23.2
18.8497
16.6095
21.4899
-7.40107
-20.9088
5.66125
5.17513
-11.0873
43.7056
-39.0626
18.0715
19.4323
22.5217
13.22
18.318
3.2568
-30.1152
65.6325
15.1533
49.1055
-14.277
27.2571
24.8669
-27.2392
13.2769
14.3543
-36.8732
35.004
25.0386
-4.2001
2.74744
17.5171
28.0493
31.2039
-42.1371
-19.4706
-31.3397
8.93741
35.1935
-2.67517
12.5552
-4.85995
7.27674
-2.11812
17.9263
-15.8917
15.3056
25.5244
34.8611
19.1038
12.735
-18.1306
20.1168
21.5512
8.74475
21.4852
-26.6003
-46.0385
29.1611
-13.0983
-15.009
14.0103
-2.27344
-12.3125
36.5737
-38.5428
-15.9397
-11.3367
41.6843
5.46245
-10.8271
-35.2891
-0.19324
7.03222
-39.6987
-3.05519
-7.13246
-19.8901
4.08132
11.7444
-6.28014
-69.4662
-1.67711
36.5538
50.6132
-8.61823
-31.5572
15.9108
2.95938
11.5308
-32.3359
2.08293
-46.8206
46.7436
12.5651
-8.79554
38.2689
7.72556
-19.5458
15.0065
-3.87421
-28.3624
2.76593
-10.3883
32.394
-55.7714
-9.48769
-45.4653
1.70547
-2.11744
22.6378
35.5058
3.86314
19.8198
4.28461
9.43723
-28.9135
13.6387
21.8899
4.42651
-9.70316
4.72121
-4.37265
31.8762
-24.9566
19.4585
-42.7785
25.258
13.6795
-17.618
-58.0714
-9.35692
-20.3975
42.5541
2.20888
28.2417
-5.69157
40.9165
-52.0809
2.47582
-3.3393
-30.7605
5.75213
42.1281
-7.37967
-6.51209
-8.94439
-5.76807
-3.56515
-2.3789
15.6932
-11.6245
-23.7477
32.3227
-12.7385
12.5195
-25.3758
26.341
-28.6994
-8.07923
-53.9045
-13.1133
20.5356
7.15902
-23.805
-14.9467
-36.4233
-15.6893
29.9315
47.4622
28.1262
48.7219
29.8173
-50.571
-15.4967
19.959
47.039
15.0029
20.836
25.3217
-25.9702
4.26464
-38.7972
20.9792
-42.361
-0.210479
-9.18893
-9.69655
-12.6266
-30.5518
26.8348
-32.0433
-38.086
-2.95033
-18.4101
4.33583
-13.319
41.3666
-31.2727
23.3223
-20.4657
-8.85264
-27.5933
8.46532
-18.3035
26.6438
-7.04953
6.82742
19.4057
-18.5325
-31.3529
18.754
3.77431
-41.1723
10.3737
-31.6372
-9.938
6.01409
-0.224205
-7.24339
-32.2187
-76.1669
-0.558035
-5.60669
-29.0839
4.79303
24.0013
22.4981
12.033
6.48407
4.02182
-5.1848
-2.47327
-0.638756
-1.45706
16.3267
-2.53838
-6.81753
-41.4522
6.00031
-29.6534
8.43472
-22.5685
37.5678
14.8646
13.119
2.59659
47.1869
-1.12658
-15.8348
19.6892
-16.392
-28.3961
0.689258
17.6463
-12.5068
0.567408
-27.4973
43.1817
3.53101
-9.38705
48.7135
3.1811
-51.3461
-15.6779
-4.70485
-0.639103
-2.95554
-6.83723
-0.714485
-2.11441
-11.6221
-41.6365
16.1905
-12.9191
30.0966
-7.74667
-9.15952
11.102
3.71838
2.20309
61.1167
-56.4215
-53.5653
31.3701
-29.7544
40.9197
-17.7521
-7.6041
-0.128477
51.6761
-12.0729
14.8078
41.7008
4.9581
31.2533
-12.4163
-16.0688
15.7404
7.4674
-24.8157
-0.223052
8.96136
-26.6768
-7.62706
24.6622
16.1856
2.71609
-37.3294
30.0038
-45.9171
-22.8165
-2.80637
27.0848
1.71112
17.3885
12.5256
6.34401
-4.62917
-45.8995
26.9231
-2.53703
-37.0045
5.12298
34.5764
57.4182
16.9425
-9.77744
-10.4281
-13.6726
-17.6197
-17.6951
20.8528
-21.5296
14.5429
12.1715
-13.3399
11.0054
-23.3479
-13.5
-7.86958
-6.60493
-9.76956
-11.5131
22.1068
-31.7446
9.20165
-25.285
30.6967
17.443
13.2783
23.7948
-11.6964
16.6958
-1.46543
26.9535
10.7943
-17.7084
16.8176
-9.91589
-0.170967
18.4046
-34.6618
8.81364
0.00109625
-33.5394
-10.524
12.8556
-10.3768
-4.43132
5.50377
7.85276
-6.77285
12.371
-33.6341
-24.2267
-20.2751
27.0363
-7.47097
38.9009
-5.24334
-17.3665
-27.9335
22.4812
-53.1317
-40.3189
-7.53174
7.21745
-0.624858
9.30048
-51.5476
3.83685
9.9379
-18.1869
40.8965
24.3721
-28.1003
2.03156
19.5954
26.7337
14.7462
-29.7362
7.71512
-4.8373
37.5361
22.7431
8.31149
19.5224
45.375
-47.0356
-11.9185
1.11402
28.9025
-36.1853
20.9357
19.6784
-7.16789
-14.4811
29.1984
-26.2062
-0.163555
-0.0984268
-5.89773
7.29437
19.592
-13.0275
-6.57304
9.90131
21.1239
-7.22324
18.303
-9.73622
24.4103
-7.73034
2.9471
-24.049
-16.1753
21.0837
15.6381
4.94835
-12.837
-10.8951
7.17329
-35.3077
9.19741
26.321
21.6184
-33.8559
32.7093
-46.0699
19.1021
49.3572
-48.492
-19.62
40.5927
33.3294
-10.0821
-5.06319
41.9194
-33.3968
4.70181
22.7554
19.4271
22.912
-7.8259
58.2947
32.3277
-18.9573
-32.1642
-6.84909
-21.7483
-24.2961
16.2397
-27.2597
-5.08602
-21.6903
-18.057
2.29094
-21.1274
12.9025
21.058
-5.82302
-12.3567
2.47548
-26.4366
-37.7196
-15.0131
-15.7563
-9.2519
11.7041
-24.2772
8.61578
-19.7748
-34.3268
4.88217
-6.61704
-30.1374
-25.5958
-16.9801
-19.4002
18.661
-23.9154
-17.9795
-22.7949
65.9185
20.7885
-14.9316
-16.8877
24.3422
-36.5726
-32.1436
22.9702
-19.5326
49.8738
-68.9916
-18.0207
-8.46748
17.9313
0.633957
-4.97587
21.7724
-5.34877
-14.2828
22.5639
-22.0441
-44.4436
18.2778
2.56169
11.7027
19.977
-33.8195
12.9644
3.87558
28.6423
-5.16387
-9.58288
-37.165
47.9567
21.0634
-17.3015
-0.846275
-29.0947
-5.89906
5.56842
-27.8736
-1.82145
14.3664
-19.3534
-13.6741
17.2732
-9.88467
38.5558
11.5695
9.46583
-19.0232
33.5439
6.70784
-0.640646
-8.24584
28.249
1.73432
5.27638
5.38841
2.10732
-41.0728
20.5674
-25.5244
-30.0206
-16.2355
41.2897
-38.4197
72.83
7.44956
-17.1951
-6.88824
-17.3876
19.0083
-51.3743
-7.08239
50.8775
-16.1996
-0.375262
34.8846
16.5662
-12.0529
32.2955
-34.7427
21.8039
-22.1374
-12.7752
4.57652
21.5372
-10.4179
-13.8125
-35.0114
-7.51459
14.5707
-42.7653
-12.1663
5.17011
3.93645
26.8546
-6.23662
-6.06538
-5.55056
29.0509
-73.455
46.5894
-34.5333
-43.554
-17.9522
-2.88662
48.8518
-59.5
-63.6047
-4.98543
-31.986
4.00475
-8.93873
9.07739
-3.76738
0.482048
-15.8565
8.9315
-12.9964
-49.8301
22.2762
-30.6818
13.1967
18.1185
-23.1865
4.3288
-0.846612
11.2491
17.1142
3.85829
15.1139
55.8357
-32.6779
-29.8215
3.34854
25.3884
33.1469
7.97025
-24.9601
-8.32497
1.40215
10.3267
3.88048
13.3923
3.0863
7.24201
40.7097
-21.5103
-20.9141
11.5795
26.9376
4.24759
-15.8323
17.8527
9.76221
-8.43998
21.7527
-16.9685
-9.73936
-38.5598
32.5531
-36.6056
-61.7702
44.116
45.3181
-23.4161
47.2373
-33.2316
22.4444
-2.09799
18.228
2.72961
-26.7196
-11.9725
-24.2364
-35.1732
-17.6704
-8.4664
-36.7161
-48.5041
43.4615
15.8163
5.66075
11.3668
2.35797
-6.54925
-14.9044
-18.1266
46.3355
-67.4772
-56.8918
41.6331
-28.0314
-39.9084
21.4824
-20.5335
-24.5793
10.9141
22.9427
14.8566
18.8928
10.1965
16.5852
-16.576
33.5779
-0.298852
0.902802
53.707
4.92614
-12.1559
6.65993
3.761
-25.0758
13.4478
35.6797
10.9311
32.4622
-29.0173
-10.2057
1.51407
27.9803
35.6045
-28.617
26.5183
10.7686
-18.5238
-21.6054
25.2893
-1.74857
-13.6452
-25.479
-16.8897
44.032
10.8487
20.1469
21.0758
31.5195
-47.1117
-16.2854
10.7742
-24.1778
0.359688
29.8723
36.981
-32.9486
-26.7157
-1.56767
6.84198
-53.5989
27.0078
7.90868
-1.9285
13.2009
-30.8631
7.1035
16.07
21.134
-6.83103
8.02131
20.7968
-7.23534
19.4507
16.6443
-0.968583
-14.587
-7.63656
-21.9867
47.3721
-8.6959
-14.0235
-5.25513
-5.18236
-10.2256
0.0361414
-33.522
25.5522
26.5951
-32.9571
3.34905
27.7189
-21.7469
-6.45196
37.4377
-1.03319
-21.668
0.192929
43.7635
-26.3853
8.66609
-48.9396
20.5813
-13.3022
-9.85098
15.3293
0.646912
-15.9477
-18.3207
1.94693
-17.3792
-58.7875
54.7512
-67.0518
-46.6101
48.2959
-37.4021
-32.5545
32.5367
18.5662
15.9899
16.8754
35.4286
11.0007
-26.9864
-11.2048
4.54792
23.7997
-39.2737
-45.7822
23.7902
-21.4695
-6.57954
-18.5077
18.7742
-2.58266
-8.14438
29.9801
22.8381
-0.0746517
-3.33317
-15.7044
42.6053
4.84902
-14.1957
-13.6055
32.6688
-52.8015
16.6748
35.1032
-22.9438
-7.92969
6.93392
-28.4631
-2.45832
-25.4533
-18.6234
-11.1423
-9.27119
-57.9639
-43.4951
33.6154
37.5231
-34.9261
22.0113
6.2956
-17.6674
2.37883
1.86142
32.2793
51.8574
-31.3515
4.59316
36.5167
-22.4877
0.68246
-0.698571
-35.6941
-3.0169
-11.0598
-3.39332
14.532
16.8204
-1.47367
-3.4094
0.739604
-14.9042
14.0636
-6.93449
-18.103
14.9599
31.8279
15.0757
-6.5216
-15.6109
-35.2395
15.6182
21.1796
-61.6632
-47.8037
-46.6089
32.8083
-24.3395
-34.8741
-22.6225
7.89705
12.5258
5.38734
-5.99629
2.92458
15.4288
-15.2465
-18.6328
12.5988
22.962
-13.4884
-18.4769
-4.44265
-13.6594
-9.81173
-3.66804
0.517396
23.0032
0.888619
37.5981
-1.98409
-29.516
-20.031
-18.3951
-9.68842
53.7165
13.4108
-47.1212
43.198
18.0961
-6.81588
-31.5789
33.6502
14.1863
39.7483
-40.8385
-30.4142
-9.09057
18.9251
-28.8797
-16.6346
17.8326
16.7476
-3.55656
38.7659
-21.6127
-37.9691
-23.4143
27.032
-27.7462
48.0863
40.0141
-41.9348
24.2851
5.71193
-24.3931
-48.0807
-12.4477
26.7573
10.8711
28.7059
-17.4386
-43.6523
-15.8293
-90.117
22.9089
31.24
31.0536
-61.0532
-15.5543
48.0541
13.4498
-11.9989
-32.5994
-44.9209
13.4138
54.472
49.8804
-32.9206
-30.5707
-5.63442
-10.0178
-2.08781
-20.4499
-1.86108
-52.0569
17.3552
33.4079
-0.613186
18.3633
-50.6275
-39.9117
-7.18674
11.9802
22.3138
30.5448
17.0335
4.2906
-6.11274
20.2482
-10.8447
-22.5468
-4.34369
30.089
22.148
-0.50894
-12.635
-29.6747
-1.98701
34.6996
-14.7131
15.1441
-8.92726
-4.27989
-38.6298
49.5649
-22.7656
-0.987722
19.0144
-2.28472
23.6912
4.5859
11.7748
1.5817
-13.6086
-43.2522
-10.7592
31.8073
25.8027
0.285706
-5.16943
-40.0309
30.8632
26.2233
-25.128
2.12089
-1.07098
8.55425
8.57525
-17.4663
-19.6426
-17.4944
24.9872
18.1385
11.4765
-2.03319
-35.5742
16.5067
28.8534
22.6426
-64.0637
-16.3876
11.8187
3.64113
2.53051
-22.811
-4.31213
-1.1919
-31.3174
-63.9714
33.9364
40.7078
15.0215
-10.2367
8.31508
8.39796
-32.2935
-10.4968
8.50584
0.831266
-12.7523
-25.8131
37.6696
13.5094
-3.31807
-40.7666
-3.46658
3.87794
6.79218
29.8904
15.058
-30.6797
33.2015
-21.5634
3.29055
15.4052
-6.27217
-2.50754
-18.198
8.75977
27.0175
-19.8984
-54.4095
-10.8267
-4.59489
-12.3895
9.33388
-38.2314
-19.2029
-6.96175
-2.82237
-12.0796
-27.3368
10.5479
0.130289
-29.8822
38.9723
45.2296
36.7818
5.18146
-8.35906
-16.7656
28.9836
26.848
0.868167
2.49846
-13.7326
15.8092
29.378
-25.6463
-34.7607
-14.0864
-0.298499
-27.5048
-42.9099
1.21881
14.5337
43.1351
-11.6023
7.3491
31.7328
6.88955
25.9244
-28.0929
32.0581
24.7873
15.0691
1.7724
6.28764
-34.9492
-23.5538
-40.2952
-12.1231
-29.9739
-12.7416
8.10336
39.5253
-36.7063
-54.8199
45.3976
60.2123
-12.5761
-62.312
-20.1283
-6.17862
15.4863
-14.8831
43.9604
-5.81944
11.7993
25.4397
9.93433
-0.349533
-9.40441
-6.47341
-47.939
-35.8472
31.1769
-10.5421
-31.5661
-31.4066
-26.1402
15.4499
35.1913
13.53
29.3655
9.22956
-31.2295
-5.57293
45.132
40.1586
41.8115
-12.6352
-1.36051
34.7046
-11.659
-28.1212
0.133404
3.13368
-28.4263
-1.39608
5.30206
-17.9676
-2.57776
27.4685
-7.54833
14.508
23.4277
15.0528
5.75576
11.7206
20.8806
-18.0523
-4.0574
2.43417
-14.8292
11.4859
48.2641
-14.619
35.8421
18.7478
23.8522
-30.2673
24.0245
23.0261
15.8452
-14.6223
-0.39965
-21.2307
-6.33495
-24.9673
19.6694
30.7413
-7.65958
-11.4452
9.76598
27.799
20.1499
18.9188
-24.5981
-8.24271
-5.75055
12.2835
1.32644
37.3572
21.1526
29.5318
-4.29048
28.0878
22.4398
13.6798
34.7702
26.0735
7.51344
-18.9147
-14.0169
-12.7233
-9.25845
37.865
2.58349
-23.5129
-31.9674
-11.002
-24.8293
32.9634
25.15
-28.906
-18.7434
10.7397
-14.1355
-25.5762
-5.2765
0.464756
-39.3569
-75.6568
-60.7301
27.6442
37.6141
19.8712
-44.3932
-0.95429
18.434
-9.30981
5.44164
33.6746
18.2977
-12.5209
-52.5855
-35.2973
30.4834
55.9822
-69.6661
8.88731
-6.25357
-12.3737
-3.83764
15.6435
1.79352
8.13931
7.83647
31.1134
-22.7309
-7.68323
-12.114
17.3545
-5.92088
-12.9573
-19.1461
-12.4516
19.6567
-1.95708
1.25692
-12.252
-0.614761
31.8291
-4.01961
40.9237
16.7633
36.2756
13.5205
-6.39244
-20.663
1.95182
-8.72786
-0.50954
-19.3445
-2.04196
4.88066
-16.1058
-20.7938
5.83696
-0.256356
-9.01946
-17.8462
-8.35811
20.0264
44.3764
36.6243
-16.6836
-39.835
-22.6972
-57.0731
-6.75995
-11.7445
-7.32346
-13.5208
-32.3979
5.01064
-0.42849
-9.44859
-50.6948
-20.1222
-55.6118
29.8736
54.1506
57.3348
-23.4445
12.9505
-36.7654
-50.7803
-4.40266
-3.89215
-2.40605
-37.3397
-23.4895
-11.9492
22.249
34.7062
-52.5755
-45.9437
-39.2635
26.2272
-4.02454
58.7316
44.799
30.1669
-38.9391
35.7389
13.361
17.5507
25.5334
-19.1746
-38.1589
9.59733
1.20101
31.6093
49.065
2.272
-14.8225
-41.1025
-22.2761
30.965
-87.0284
35.046
23.9862
45.3515
11.4324
-26.3916
38.1703
5.19983
30.4831
37.3123
-15.2976
-11.6492
13.5068
19.7581
14.0564
16.5397
-22.375
-8.56281
-9.77151
6.09959
-52.5951
-11.5924
-17.6766
-5.09734
12.7613
23.6134
-10.2049
-16.505
-46.8724
-27.3781
15.9889
17.5121
-28.8972
-7.39018
21.2127
19.0175
-32.7173
-64.4428
-44.555
45.716
18.8015
15.5652
7.00826
-2.84867
0.758713
13.9242
15.5559
26.292
-56.4848
-56.9404
-20.359
9.40966
-31.1425
20.042
25.0484
-0.708676
-8.25309
-16.1252
5.38735
17.962
-7.11073
49.5662
4.28814
4.06649
-7.29792
-65.8352
53.5167
16.7045
-9.85091
-27.5616
10.121
-13.9456
26.6453
-15.5362
-34.753
19.7305
-6.30089
-15.7487
-45.6375
-39.1161
-30.0035
-16.9411
-49.0909
16.4135
37.8905
-14.4993
-1.51827
2.83826
29.7345
9.75194
-27.1929
-13.9339
-20.6607
23.4389
-3.36607
-32.3226
-40.1534
-28.7453
38.6929
13.0377
-12.7779
-9.0102
3.31246
22.5732
-22.082
-20.6736
23.53
-18.1727
13.7199
35.2663
39.062
-12.663
-12.392
9.10128
-18.3138
-3.65524
15.554
3.63632
-44.5285
-29.0514
-1.89835
24.8452
38.9177
-24.4906
10.5521
12.9172
8.21923
-2.54933
-8.67219
7.63109
-0.165281
-9.71331
10.7468
-7.06898
29.3674
27.9183
-6.80635
14.0711
-12.9631
0.51869
-4.59082
5.77549
-29.5396
10.2293
3.8478
-14.5947
-15.2079
-29.6481
-20.8274
18.606
-12.2435
-16.675
28.5515
4.11365
-17.8831
2.88348
19.7593
34.755
-8.94958
-8.10054
16.4273
22.767
3.78361
-27.3669
34.6351
23.8525
2.90639
-14.0942
-0.839729
-1.00845
-6.66402
5.85667
-12.9181
28.8679
-2.54325
13.3223
13.9787
-38.4774
2.31031
-39.7807
-27.01
-1.23596
-16.3635
-8.37191
32.155
19.6506
-0.614955
-19.0167
-13.1355
-51.4788
-21.2056
7.25222
-5.06577
4.12605
0.0331383
44.1506
9.34702
1.30383
-7.22581
-52.7243
-6.0546
6.57772
15.7513
-5.60157
-20.8244
45.8849
24.6463
23.6529
-8.5683
12.1908
-26.7694
-12.0971
-12.6128
24.8049
24.1183
19.8853
8.12467
-12.1803
-32.6206
0.58837
-25.8265
-33.6085
-32.5577
-5.81563
-41.6649
-13.6565
-30.4903
-6.21888
52.0753
56.2898
20.3899
13.1313
2.34083
-21.6476
6.25262
-23.939
13.2753
1.39284
0.227006
68.2369
33.6512
12.1337
-7.87856
-40.2317
-9.33893
-28.9841
4.06467
16.246
13.409
-0.928708
1.06209
3.81211
-30.1831
-32.0496
-12.0263
-30.9647
-65.2458
14.5289
47.8434
-20.9402
-21.9
-32.6496
16.0747
27.7842
-13.72
2.1254
4.09991
-17.5251
-16.9254
38.5854
31.9869
16.4268
-0.675504
-6.63338
-10.2052
49.9236
-17.39
59.5565
56.4703
-2.35444
4.65911
-8.67944
3.14787
11.0979
-4.66629
-0.0519094
0.992657
-20.446
-16.773
39.1359
-0.193661
15.6558
-22.062
-32.4594
-36.067
-0.0101166
-27.9209
22.4529
29.0936
21.2815
-48.6715
-16.9764
-7.67181
46.5613
25.0564
-28.8917
28.0105
-25.7285
-29.6387
-13.3185
28.8181
-5.31381
12.5393
0.122089
6.1918
7.7246
16.4401
29.8952
-6.92899
14.3438
48.0916
9.99529
2.21655
-25.2952
-29.6186
-22.5061
-41.2012
4.51947
-23.5665
-11.2728
28.8031
-12.0792
18.1544
-3.48064
-15.9509
-0.214118
-16.918
-1.25624
9.47041
8.67
-8.31422
-12.1112
2.52598
-80.9373
-58.3814
48.8965
-7.52279
46.8602
-21.5475
-24.8783
-8.87329
-17.0652
-31.5746
38.8046
-24.4072
-49.3505
47.52
-14.6323
-33.3895
-4.35853
19.3255
-33.8648
42.4228
-17.1971
-10.3653
4.74303
-12.0367
14.1808
34.1029
-13.0098
-33.4941
-5.43328
-72.8458
-21.4506
28.8871
26.5484
-19.6416
45.2634
23.435
-28.4931
-43.9063
-4.0812
-34.789
-20.1267
-8.16967
10.296
20.6039
26.4248
35.8369
15.791
-11.6239
4.12938
10.6212
-2.25817
49.3057
52.9695
46.5515
-6.75455
-42.5447
5.3636
22.463
5.16425
17.3897
-55.9926
4.39312
-4.84292
7.69781
21.8022
22.8193
-25.8977
14.209
3.60541
-24.2269
-13.0525
23.1502
-24.5998
-27.6122
10.2866
-11.5464
-1.05434
14.5009
19.7992
9.46368
-18.4363
-25.4787
-12.7757
-17.099
-8.7311
6.17555
-5.43678
7.30498
10.207
8.95908
-31.0295
-5.52879
14.3965
13.4205
2.34273
-12.5079
-21.2486
7.46347
14.9438
5.65924
-7.6778
-9.93196
6.73707
5.63736
8.79797
-14.6709
-30.4431
-20.961
-17.2724
29.3812
18.9137
0.385122
-8.58427
-34.1273
-32.4726
5.93996
-46.3889
0.935859
-44.5605
-47.7937
-33.1797
25.7998
-9.55225
10.5761
12.449
2.16761
60.3643
27.0712
52.9847
23.0257
-4.10783
-14.4882
11.5891
-12.7558
-17.6848
-33.2226
-7.51191
12.6245
-2.06439
-13.4737
-44.7623
-19.1288
18.8016
13.952
5.77137
58.2302
-20.9126
46.3702
-9.08327
-32.2414
-33.7102
-32.0793
10.2622
-8.18775
-8.35926
-26.6627
-43.2641
27.0282
-23.1606
-26.9386
1.69703
8.5507
23.9551
26.1249
10.6754
31.6913
-12.0342
47.4526
-27.9377
-27.9974
-28.7912
11.5358
-11.94
-4.65709
-34.9172
-13.1463
41.5279
-12.8497
24.4564
-35.4566
-16.5292
36.1472
-8.42999
30.547
10.2825
10.2526
-12.0224
6.89397
26.5952
27.9606
2.20618
-35.7202
-34.0076
-24.3918
-59.5904
-36.9512
31.9218
-3.7825
36.391
-9.19236
0.0616455
24.7959
1.21369
42.648
24.5134
16.9962
-2.122
34.8004
21.4272
46.2469
32.1649
-18.8922
-14.3866
-14.2842
16.7775
35.6158
27.0634
17.6966
6.4551
12.5981
-17.8959
-18.1707
-2.31291
-28.6127
-20.4125
11.6312
21.3469
7.42574
-7.38222
-47.4909
18.4883
39.072
-4.56606
35.2049
6.81308
8.21339
10.3584
8.67439
-8.62618
9.37263
37.4283
27.4931
-9.51941
12.6163
-64.3494
1.28177
31.292
-14.4948
49.0921
-13.327
-26.709
-18.5481
-9.66621
3.72191
-8.41019
-8.07832
-8.38392
9.62193
21.4581
59.6528
18.2759
-9.9559
40.982
17.5188
20.0078
11.1067
4.82486
-19.8631
-2.1366
-15.8947
5.78996
22.4567
23.7505
-19.6422
-61.2484
-46.2315
-32.4403
-38.6146
-0.866727
-54.4014
31.2752
-32.5491
-4.2784
65.1408
-24.4295
52.1084
22.2704
34.4481
26.2831
-24.8374
-10.6973
-13.552
-23.1804
-10.7728
40.7449
14.1389
28.2709
10.864
-38.7097
-7.55488
-40.5465
-37.4271
-34.1054
14.9724
-4.21968
-31.3577
9.44002
-23.8137
-53.2613
-11.1371
14.3115
-6.78898
-0.903912
14.5179
-7.64732
-12.5077
-11.3065
-9.46326
3.69939
27.9622
-11.7596
27.3586
26.3589
12.45
-17.0205
-2.36158
-6.94737
-23.3246
-13.5826
19.1144
14.5584
3.92973
-42.4682
-36.7091
-26.4551
1.63927
6.08844
-4.83148
-21.2772
-42.881
-21.144
-13.846
21.1393
28.6862
-18.6605
-31.6537
6.20366
-16.1119
-20.8143
-12.2301
-30.7409
-13.1811
-18.5471
-11.9192
-21.5441
28.7078
-6.69583
-5.08413
-1.03609
15.5401
9.00334
-22.4821
-25.211
-24.3608
-17.8118
-8.64285
-7.62289
0.454575
2.94227
-5.22569
8.14821
4.1121
0.073252
6.05636
32.5451
42.1885
19.6316
20.0711
-29.1553
-30.9035
-7.87848
9.7506
16.1664
-31.532
-28.563
3.0033
-29.5682
19.6368
23.384
47.1504
49.9711
24.5041
34.7568
-21.7309
-24.7716
-1.52287
13.8046
-35.8555
-8.80744
-5.02887
5.04762
-61.7465
-31.6313
26.1785
21.9687
-16.0458
-9.06766
-30.0777
-18.2306
-16.9188
-16.7694
-7.8925
36.5841
47.9651
61.3128
17.4276
16.3639
-10.8228
6.13554
18.1146
22.8757
16.9601
35.0623
-11.2135
-7.84232
13.0571
-3.2887
-19.5013
15.6086
13.7127
-2.28841
-3.31127
16.579
55.4941
-15.7595
-41.1717
35.3606
-4.96279
27.9781
-1.42542
-12.9288
16.5463
6.70932
-30.4946
-1.6998
7.31578
-4.423
0.904356
3.26901
36.7104
32.593
25.5543
30.8679
6.17285
30.8104
28.4279
-4.02234
-15.9388
-33.2453
-1.71093
12.5999
-31.9991
3.75031
-5.35016
-83.2632
-80.9744
-45.8432
-76.2213
-13.4749
-11.2513
-7.59716
-7.27222
-6.47354
-24.9536
-5.82058
-0.0886097
-4.78622
42.119
44.1742
-2.96757
43.0866
51.5661
-0.182249
30.436
-2.40128
22.1998
15.2786
-20.8639
-21.5246
27.1193
-51.5325
-52.5575
-22.8328
26.0298
24.8282
-5.9281
2.91664
28.217
23.7213
41.8779
-19.3074
-18.9141
11.4394
-19.1571
21.4094
-0.80661
17.8462
42.7433
-10.4067
17.8109
-5.61346
14.0804
38.1862
-1.35766
-15.4721
-8.06702
-9.51979
-5.7172
11.9547
17.651
11.1352
7.94355
0.246745
37.9001
6.306
26.0744
28.0575
-9.72099
8.63946
23.8823
16.1054
60.1069
45.6678
4.44027
-1.88041
13.9627
16.8607
12.9997
3.18661
23.1045
12.6683
20.7573
11.6732
-52.7655
39.0118
-34.2678
16.1013
37.6299
-7.68069
32.8074
-13.4471
5.78283
15.4863
20.2166
38.9507
-3.70093
30.6363
30.3425
34.5793
34.3542
40.7971
56.6523
39.9
15.5301
-47.8961
4.59063
-45.7306
-52.7497
-12.2443
3.68827
18.6028
-15.6221
-25.4814
-1.14918
11.0321
2.36886
22.7844
17.6477
-16.4765
-37.7837
-21.8655
-10.2287
18.5682
40.2086
47.2412
1.46838
38.4707
5.79451
8.58861
1.89484
29.2301
-3.66036
10.1353
-3.97763
-35.3675
-7.27521
-8.2707
-26.4022
6.66911
70.4672
-6.0951
36.8606
7.24228
7.7384
9.94066
-38.3687
7.11434
19.3802
20.1916
0.521926
-0.548572
42.149
19.7161
11.5194
-11.0632
33.3715
-5.97402
68.9138
40.7905
-54.2776
65.856
-6.22805
11.6867
9.32838
-1.16965
-12.7907
-35.0536
7.80881
19.3293
5.74314
11.3608
16.3995
-19.0602
-23.9862
-25.2216
8.4602
-10.6431
33.6364
-22.6437
-38.994
26.5251
2.31642
-3.59975
40.2344
45.368
-27.075
32.0836
24.9789
-2.01137
-8.87595
-11.5621
4.49858
0.250016
3.62963
10.3346
4.24554
-9.47176
-10.3911
-11.9734
-5.68187
-17.6132
-16.5581
6.7197
17.0956
16.5796
23.3438
2.5258
33.128
18.5233
-2.52592
10.9225
-9.61825
32.576
10.1064
-9.13626
52.0076
19.6528
9.54832
46.2319
42.4711
1.05135
1.11387
27.1127
-1.22712
-8.30378
20.75
-22.2438
10.9997
0.483941
-2.45316
0.151703
-3.33574
28.8478
-28.0248
-2.72537
-1.9141
-17.1588
7.54631
19.3444
-2.4121
19.0488
44.1688
40.8632
9.84642
69.3453
56.6617
-14.5969
12.3111
-28.2548
16.4616
24.1629
0.943357
9.08172
14.8531
17.4797
14.5065
5.09203
22.688
37.6157
-24.8285
-9.25055
32.5238
-10.3363
2.96871
3.56688
-1.99642
-8.11128
12.9136
-29.5315
7.57755
-7.44992
-49.7032
12.2001
-26.2414
57.1435
49.1095
-8.9814
12.2472
-16.9936
-7.59983
-9.88742
-10.7975
-17.1471
-5.87886
-37.5994
-4.26866
18.2802
49.662
9.54371
-12.1634
24.8351
32.9769
-26.1192
-21.8432
2.86228
-34.2659
-38.9981
-25.4639
-20.6955
-24.412
-26.2628
-14.056
14.3561
-4.61718
12.3777
-14.6614
-21.4002
-11.1926
-3.07391
-22.9482
-15.5876
-7.77409
-34.8702
12.7202
-12.5605
9.57894
22.2915
-7.82842
16.4678
-13.5868
-1.29333
10.8764
33.0326
-2.46859
39.435
4.94654
-11.9259
-18.8996
27.7745
27.9796
32.7498
78.1057
70.8608
10.1022
13.1134
27.2749
-20.5475
-8.04646
28.0644
-8.57004
5.92567
74.8981
67.047
-10.731
24.3688
26.0745
9.50072
13.7437
5.15583
-29.2058
-6.86499
45.4871
23.1726
-39.1436
46.6531
-9.85182
45.2558
40.8825
-2.72022
35.524
28.7061
-58.8621
-52.5634
4.78752
-24.9608
-29.9623
17.6749
14.7677
-3.08749
1.76852
-9.02981
24.7751
40.8912
40.5503
-24.4411
33.7718
-12.2269
-28.6857
-49.3331
-19.2992
-40.6649
-19.2277
-29.6514
-17.3938
-46.6532
-66.2896
-5.13213
-14.1847
-15.4127
-3.98707
-6.66274
-6.65018
2.3817
4.33399
-7.7549
-23.6737
35.3212
-11.3024
-26.7988
28.4152
-38.9148
3.15169
50.3227
55.9247
1.39459
47.3444
23.8289
19.7677
13.5608
19.9155
4.94342
1.23059
-5.04641
-5.73491
-3.89842
-19.0054
-12.9189
41.4754
53.2928
5.14402
28.353
21.8051
-6.86721
-17.5673
7.21041
5.86203
-3.25213
6.71528
7.89618
-24.124
9.85476
-44.0597
-1.86442
16.9955
-26.4539
21.1287
27.0136
-31.4093
41.8345
32.5467
-17.378
16.4088
-2.90779
55.081
61.5905
34.0739
23.7494
-21.2538
23.356
27.0955
8.60414
-34.8568
-14.7168
-26.7512
-25.8566
-6.61515
-5.58998
5.93202
29.8539
25.3019
-4.23021
42.696
20.5706
-28.5366
-10.424
30.5444
-33.2059
-6.06215
-16.3027
-32.515
-31.0836
-6.66531
16.0268
13.9245
6.03357
-5.7236
26.6091
-21.4109
64.7616
66.784
12.251
-5.16423
8.47846
-12.9963
-6.47076
17.7584
10.7406
-10.886
37.6505
11.7844
-4.43114
4.53184
44.728
-23.7324
-12.5566
-5.05526
0.218148
-1.13027
8.24763
-9.95503
-16.8766
-42.2347
-45.099
13.8584
-37.7644
-44.3832
1.23102
22.7781
-45.5716
-13.7434
4.49371
49.3997
21.9652
2.15882
32.9854
31.3048
-27.6815
-22.819
-3.83907
-30.2014
-31.8189
-1.67656
-16.9605
2.82289
0.241275
2.87822
-34.3167
22.6439
21.1115
-27.293
-36.0898
-21.3515
8.50172
-24.3331
-21.7615
-15.9296
3.98143
-30.4293
19.7914
12.5932
-9.32825
-12.8073
-10.6995
-1.94879
-36.6308
1.72338
17.7384
43.9227
-20.4639
-8.66468
26.0212
19.8944
-16.7315
33.2386
54.0147
-23.9196
-15.569
27.2308
3.00826
-3.37842
8.88839
11.0204
13.8396
-12.1658
24.0942
13.4019
17.2415
22.4865
-27.3732
-25.9669
13.1476
-6.17804
-47.8645
31.1869
-7.95641
-44.097
-33.8251
10.6443
-6.79752
5.56256
1.80414
2.88938
7.96793
-17.2024
-40.9154
-7.32238
8.78017
33.9553
-45.3235
-14.478
18.4193
-4.13215
-15.4031
21.9481
-5.90639
-64.2683
-66.1198
-49.0028
-31.4635
-37.6594
38.7547
18.5355
-1.47818
-9.37266
30.6318
-22.8765
-6.79548
3.53607
5.45048
-6.01267
-13.3387
6.50389
14.3298
-4.70012
2.69405
33.7728
-31.9458
-45.3655
45.827
-4.36131
16.5373
28.2463
22.6681
17.7844
33.6668
23.6252
14.4857
7.40142
17.4086
32.37
-46.3498
-43.1065
-27.8857
-34.115
-64.7499
14.7592
60.5178
56.3465
-27.5098
9.39164
20.9325
52.7788
51.7433
7.26735
44.5404
38.4207
1.34554
12.3674
12.2066
2.15633
-44.6836
-18.3652
-11.3475
0.59144
25.3215
34.661
30.9695
-30.7746
-20.5994
23.6663
33.8427
0.644624
0.706745
19.0269
47.0364
-26.5954
-18.1158
-19.7879
-38.4455
-53.4628
53.4235
10.5662
26.8395
29.0356
2.20345
-43.358
-37.1133
24.3351
11.0376
-31.7522
1.98279
11.9458
-7.40282
10.9536
48.8198
70.537
24.7619
40.1219
55.3663
57.0561
55.7532
11.7596
0.721975
18.083
35.3011
-43.3924
-56.1602
50.0346
9.72997
-4.60473
33.4579
31.5188
-26.3124
12.9217
24.1217
17.7361
-9.10199
1.34874
-3.83454
-2.85437
23.5874
-34.3707
68.0762
34.3363
6.15135
-35.1024
-48.1817
31.3245
-7.22697
-21.0988
23.1689
-5.7005
2.80457
28.7698
33.7396
42.0752
-1.70779
35.9048
51.5381
41.8316
21.9797
22.0984
-34.6144
9.75259
21.9377
-14.7977
-23.9842
22.6661
19.708
12.6527
5.35563
-5.47581
-4.28019
-6.48723
-5.8144
16.9843
5.02594
-10.5056
3.00257
58.6417
63.8214
23.6904
-20.2299
42.5158
-6.39205
-8.26213
-7.92313
30.6699
33.8806
18.4372
17.9035
9.4662
-42.0899
-1.90499
38.3704
36.7885
-4.2417
20.5145
42.5801
-1.3594
-6.8584
-13.0658
47.1238
52.0655
2.37203
-25.6464
-68.3243
16.5585
20.144
-4.32723
-22.8431
-49.7982
26.7254
-25.3938
-40.8349
-28.1137
20.2288
-29.164
