0
-0.0495648
-0.060992
-0.273731
-0.484036
-0.96802
-0.633738
-0.615535
-0.0176017
-0.835651
-1.39611
-1.74886
-1.76463
-1.83678
-2.24806
-2.50791
-2.43266
-4.04864
-3.7402
-4.41413
-4.95797
-6.13883
-7.59332
-12.8369
-25.5263
-79.7243
70.5294
13.7915
6.40074
5.04917
3.2268
3.6027
2.93999
2.96644
3.94514
3.71374
3.54212
3.92692
3.78622
3.95307
3.60228
3.9127
2.2347
1.96277
0.555252
-0.80071
-4.18101
-6.43373
-10.983
-14.1629
-2.81197
59.4842
-21.4794
-0.963162
8.91728
5.47813
4.82766
6.62017
5.24987
3.60935
3.36819
2.11354
0.357751
0.520746
-1.36805
-1.14978
-1.66726
-0.538881
0.799367
1.46097
0.958138
2.77635
0.418053
0.378588
-1.70265
-16.7264
-37.476
55.0856
-32.8366
18.6395
-6.1664
2.30017
-0.0775757
0.794733
0.748123
0.531887
-0.00160614
-0.680066
-1.57068
-0.0705141
1.42736
0.493255
0.68409
1.08099
2.36901
3.85948
3.40028
1.60596
0.0550756
4.42072
13.5106
9.06035
-27.7763
8.22673
-6.15561
1.63132
-2.78581
0.738297
-0.917747
0.405534
-0.228
-0.355704
0.931538
0.0973888
-0.708516
1.15384
0.378107
-0.12915
-0.739027
-1.22492
-1.90678
-1.13838
-1.82162
-0.939109
3.77539
11.9246
23.8328
0.777303
-11.8967
10.7105
-10.0844
7.98759
-4.19423
5.93327
-2.92456
-0.13256
-0.661468
1.42653
1.81648
-1.55631
1.20311
-1.4332
-1.95988
0.160581
-1.16219
-2.41299
-2.09452
-0.391546
-2.85331
-6.77054
-7.97055
-0.922773
32.2058
18.2772
-21.0068
-9.68242
4.59827
7.22644
4.50165
1.51947
-0.233176
-1.42069
-1.19369
0.160566
1.04797
0.153808
-0.452954
-0.359832
-0.851147
-0.622289
0.233562
0.478027
0.420428
0.683158
1.13332
-0.112195
-2.89235
-0.321754
4.57757
-1.9664
0.908963
-0.330014
-0.0812747
0.31216
0.575733
1.14098
1.56515
1.11005
0.384393
0.687023
0.441061
0.26188
0.672757
1.04252
0.87976
0.661427
0.555672
0.652857
1.17401
1.71085
1.61135
1.17492
0.0433894
0.576652
-0.6803
0.668195
0.531994
0.370065
0.194698
0.323523
0.41748
0.491172
0.48419
0.264815
0.262163
0.357149
0.188937
0.256744
0.240875
0.200998
0.119538
0.186158
0.0662084
0.482274
0.965557
1.2426
2.025
1.33498
-0.0573185
0.564231
0.573529
0.37844
0.548213
0.232458
0.381439
0.387439
0.407307
0.472728
0.487621
0.403435
0.387192
0.404666
0.331412
0.293911
0.292608
0.226474
0.191057
0.0357449
0.0115017
0.418995
0.701958
1.16643
1.02996
0.188096
0.495807
0.352417
0.405038
0.38493
0.455676
0.360882
0.382469
0.276251
0.301562
0.462523
0.442133
0.289106
0.482432
0.340872
0.366095
0.27064
0.255101
0.0649693
0.243714
-0.201985
0.0149475
0.282352
0.927065
1.39198
0.746532
-0.361702
0.51187
0.410506
0.610486
0.435351
0.433474
0.351655
0.353924
0.286586
0.433074
0.362842
0.399338
0.25164
0.307548
0.175317
0.34384
0.336152
0.371538
0.321178
0.318396
0.217972
0.236667
0.299436
0.463177
0.42574
0.100591
0.404295
0.292732
0.320367
0.270344
0.366493
0.284341
0.29808
0.23755
0.333872
0.285188
0.277039
0.325005
0.283937
0.191005
0.423747
0.302837
0.298792
0.317845
0.342419
0.214491
0.280034
0.218143
0.430134
0.396049
0.104873
0.224202
0.178519
0.275758
0.236533
0.284867
0.262806
0.234582
0.216857
0.147931
0.320836
0.30156
0.310666
0.36412
0.24264
0.415318
0.397306
0.230482
0.211625
0.192071
0.411253
0.423437
0.191728
0.123314
0.0496956
0.263233
0.0595872
0.378323
0.258719
0.231138
0.61883
0.122535
0.0352608
0.663734
0.0409968
0.342648
0.210249
0.438313
0.14477
-0.0282293
0.285334
0.470739
0.459669
0.125336
0.526731
-0.0263655
0.535708
-0.1805
-0.00190628
0.227847
0.161994
-0.263615
0.335799
0.48341
0.535942
0.369787
-0.34114
0.820876
-1.35569
1.99977
-0.223423
0.328669
1.50197
-0.0601093
-0.224899
-0.0911287
-0.0368084
-0.4751
0.262546
1.0747
1.44886
0.538562
1.66918
1.21206
-0.937511
-1.04063
0.693742
0.00490806
-0.893909
-0.626013
0.460455
0.670694
1.10833
0.473393
-0.321966
0.0245408
-0.287149
-0.180564
0.0549607
0.501394
0.109873
-0.0217189
0.000751019
0.34404
0.0275108
0.136486
0.111206
0.193401
0.63088
0.572386
-0.00175872
0.66249
1.02004
-0.325725
0.129314
-0.0642362
0.0307297
0.169729
0.480456
0.197513
0.108894
0.00151336
0.298579
0.118815
0.309082
0.0192571
0.299444
0.284073
0.526269
0.104521
-0.0160738
-0.258335
-0.183203
0.274575
0.512283
0.00344634
-0.0664576
0.926553
-0.286924
0.445518
0.542618
-0.0893458
0.58425
0.366196
0.496707
0.17645
0.119847
-0.0211613
0.288831
0.231804
0.707832
0.143243
0.242275
0.157783
0.27388
0.263919
0.124914
-0.402315
-0.516412
-0.0532831
0.203307
-0.0879829
0.0321328
0.100268
0.00404352
0.0576279
0.0458486
0.0605449
0.0703777
0.0610586
0.074614
0.0838161
0.0505795
0.0635874
0.069185
0.081924
0.0744378
0.0844932
0.0931587
0.057568
0.0687701
0.0757827
0.0858655
0.0797636
0.0895831
0.0952741
0.103422
0.0730748
0.0832542
0.0812059
0.0857779
0.094758
0.0993077
0.105236
0.0748282
0.0898705
0.0799633
0.0996519
0.086491
0.0977103
0.10819
0.0651909
0.0943217
0.0820792
0.112829
0.104063
0.0532523
0.106609
0.0688135
0.0691278
0.0596597
0.0978624
0.0687844
0.0703558
0.140016
0.146664
0.0579832
0.0802658
0.0806088
0.0999315
0.100191
0.091323
0.0895965
0.0612394
0.0790505
0.0864145
0.0776176
0.107828
0.109334
0.104318
0.0649147
0.038761
0.0852132
0.0951879
0.123841
0.0759641
0.101846
0.0644565
0.15644
0.0722415
0.106793
0.0739962
0.101011
0.0931967
0.0627674
0.0183683
0.0729173
0.0946287
0.0807336
0.0408729
0.0821563
0.100867
0.0689831
0.0737662
0.0838961
0.0995729
0.134164
0.0845343
0.0892064
0.0809433
0.0843058
0.073287
0.0777246
0.0986593
0.0978762
0.0894938
0.0479893
0.108416
0.0700609
0.0795081
0.067622
0.103521
0.110975
0.0486264
0.0217455
0.06428
0.0809189
0.0762971
0.0865841
0.0891077
0.0988621
0.0840289
0.0634865
0.0826261
0.0616779
0.079711
0.0945951
0.0832876
0.00608487
-0.00829758
0.0748745
0.057159
0.0619343
0.0965114
0.0507943
0.147047
-0.20786
0.615814
-0.0925645
0.0111218
0.0716592
0.10808
0.0605483
0.0224929
0.229475
-0.181276
0.192017
0.000675097
0.0515875
0.0218414
0.0451513
0.042336
0.073924
-0.0785289
0.395492
0.0656932
0.158601
0.0442802
0.0133138
0.0420279
0.0567935
-0.0657731
1.19703
0.052485
0.116992
0.065023
0.0306169
0.0598523
0.138528
0.159616
0.0528061
0.00303115
-0.0855322
0.0648417
0.148916
0.135209
0.136844
0.127417
0.0773035
1.08778
-0.170053
-0.0355871
-0.0458591
0.0131798
0.0214994
-0.0426433
-0.00527948
0.0444921
0.0529725
0.0504557
0.0657181
0.0917167
0.111812
0.0661823
0.11632
0.179352
0.908979
-0.0669547
-0.0245946
-0.0393741
-0.0286604
-0.0219414
0.00860676
0.143504
0.365907
0.521997
-0.0691833
-0.0844289
-0.00491919
0.0826241
0.0610511
0.0368835
0.0609591
0.806516
-0.441312
0.0147947
0.0166485
0.0601343
0.038533
-0.0185503
0.00502594
-0.239046
-0.161278
0.0987675
0.0202638
0.00827937
0.000701323
0.0624819
0.0737156
-0.188666
0.257908
0.24075
-0.0742054
0.0563127
0.0886243
0.0900456
0.0574215
0.0709075
-0.139022
0.545798
-0.115931
0.059215
0.0479016
0.034045
0.0215295
0.0130089
-0.0766203
-0.061584
0.047828
0.0268124
-0.00846291
0.0151656
-0.00545913
0.0405001
-0.011144
0.0520337
0.0215692
0.0432206
0.005363
0.00654891
0.0205951
0.012403
0.000322983
-0.00589843
0.0372252
0.00838818
0.00586524
0.0163953
0.011501
0.0270702
0.0285285
0.0276936
0.0153448
0.00416598
0.0163106
0.015963
0.0218541
0.0239392
0.0365363
-0.00156083
-0.0164828
0.00472228
0.0110691
0.0204354
0.018591
0.0315762
0.030838
0.00258052
0.01171
0.0114682
0.0864865
0.0843934
0.0358431
0.0217601
-0.0153713
0.0594627
0.0202334
0.0271072
0.00949199
0.0303633
0.0108327
-0.0697901
-0.0143991
0.00982878
0.0182529
0.0454309
0.0906508
0.0209459
0.000971042
-0.00941233
-0.0126241
0.031768
0.00437596
0.0153559
0.00758053
0.0228296
0.747298
-0.0581238
-0.00974265
-0.000614323
0.0341237
0.0103311
0.0448385
0.0164259
-0.023323
-0.0048819
-0.0455379
0.0243756
0.0271241
0.0520687
-0.0316759
-0.00648673
0.0388127
0.0144555
0.00804526
0.0147269
-0.0610956
-0.0406332
-0.0112639
0.0165932
0.0230664
0.0494748
0.0116309
0.0134316
-0.00351546
-0.00602022
0.0851497
-0.0473391
0.0141808
0.00754291
0.0136685
0.0164476
0.0108302
-0.0162012
-0.0112524
0.0145907
-0.0311269
0.0208841
0.0184591
-0.015278
0.0570464
-0.0114602
0.00968622
-0.00532565
0.0272987
0.0129938
-0.0299748
-0.0615803
-0.00408306
0.00837588
0.00450376
0.0273879
0.0094472
-0.0340176
-0.0182477
0.0222809
0.0100344
-0.0214986
0.0159801
0.00501786
-0.0358419
-0.0137722
0.0391161
0.00617252
-0.00752773
0.0362061
-0.0076562
0.0258862
-0.0122426
-0.0182771
0.00189862
-0.014051
0.00485338
-0.00979254
0.019508
-0.0135964
-0.00392012
0.0119421
-0.0113211
0.00836208
0.0200621
0.0301448
-0.0188449
-0.0182877
-0.00236083
-0.012888
-0.00214328
-0.0363085
0.0215618
-0.037267
-0.0304729
-0.0112485
-0.0141501
-0.00622741
-0.0177612
0.00532225
-0.0187064
-0.0401059
-0.0120728
-0.0190471
-0.00591145
-0.0114684
0.0071967
-0.0300355
-0.0671492
-0.0132364
-0.0270569
-0.0372301
0.0149634
0.00638425
-0.000478644
-0.0393076
-0.0205205
-0.0201118
-0.013049
-0.0287811
-0.000447493
0.0110653
-0.04328
-0.0132298
-0.0305189
-0.00744924
-0.0196015
0.00137531
-0.00424161
-0.0469778
-0.0214495
-0.0321524
0.02788
-0.0275533
0.0280337
-0.0115415
0.0187542
-0.0250461
-0.0418651
-0.0153371
-0.00846463
-0.00329468
-0.0171791
0.00800297
-0.0291807
-0.0397269
-0.0140783
-0.0406301
-0.00859287
-0.0220213
0.00500368
-0.0294566
-0.0432852
-0.0182332
-0.0317044
-0.0168507
-0.0196964
0.00298185
-0.0361556
-0.0426903
-0.0238041
-0.0321395
-0.0152288
-0.030576
0.0214109
-0.0437694
-0.0465463
-0.0218524
-0.0382705
-0.0149454
-0.0285456
-0.000648282
-0.00745036
-0.0527613
-0.0296483
-0.032205
-0.0215316
-0.0330251
-0.00520112
-0.0173164
-0.0517248
-0.0276207
-0.0406749
-0.021554
-0.0328739
-0.00913155
-0.0198328
-0.0563102
-0.0333092
-0.0460364
-0.0194891
-0.037398
-0.0123697
-0.0240862
-0.0602705
-0.0352546
-0.0482844
-0.0215228
-0.0399726
-0.0127039
-0.0270064
-0.0645284
-0.0379963
-0.0519419
-0.02462
-0.0435956
-0.0158514
-0.0304164
-0.00191355
-0.0409286
-0.0550722
-0.0275335
-0.0466059
-0.0185979
-0.0335659
-0.0047631
-0.0440241
-0.0568537
-0.0305457
-0.0444168
-0.0210846
-0.0355408
-0.00752795
-0.0475796
-0.0592671
-0.0341268
-0.0458823
-0.0228958
-0.0374276
-0.0121262
-0.0542146
-0.0625702
-0.033234
-0.0553548
-0.0275404
-0.0413456
-0.0170101
-0.0273
-0.0663871
-0.0403156
-0.0547697
-0.0275992
-0.0481223
-0.0175976
-0.0167569
-0.0739424
-0.0459551
-0.0571032
-0.0337289
-0.0483233
-0.018691
-0.0381026
-0.0706498
-0.0475656
-0.0640309
-0.0201358
-0.0499105
-0.0227844
-0.0307481
-0.0610519
-0.0485337
-0.0544486
-0.0298508
-0.0625095
-0.0258289
-0.0402282
-0.0771059
-0.0464143
-0.0644263
-0.037815
-0.0799324
-0.0277481
-0.0514405
-0.0135551
-0.055177
-0.0692389
-0.0461553
-0.0557648
-0.0496587
-0.0466172
0.0350705
-0.0568855
-0.0705772
-0.0420611
-0.061767
-0.0370126
-0.0531902
-0.023453
-0.0587328
-0.0780022
-0.050093
-0.0579612
-0.0332337
-0.0552036
-0.0250439
-0.0631278
-0.0778878
-0.0499649
-0.0700267
-0.0419244
-0.0548975
-0.0269916
-0.094473
-0.066798
-0.0517375
-0.0558018
-0.0416872
-0.0561272
-0.0368012
-0.041388
-0.0981237
-0.0487836
-0.0720652
-0.032923
-0.0648689
-0.0322775
-0.0524521
-0.0856885
-0.0565811
-0.120889
-0.0398083
-0.0701575
-0.0426604
-0.0539186
-0.0793663
-0.0621604
-0.0381913
-0.0496991
-0.0615374
-0.0433039
-0.0803883
-0.0840655
-0.0625494
-0.104357
-0.0576511
-0.0776642
-0.0445551
-0.16987
-0.025112
-0.0703169
-0.0729046
-0.0776327
-0.068977
-0.0366508
-0.0844315
-0.0396975
-0.0645259
-0.0828075
-0.0553132
-0.0765486
-0.0413719
-0.0787079
-0.0440829
-0.0641798
-0.0856273
-0.0638153
-0.0800236
-0.0444611
-0.0669699
0.04022
-0.0608684
-0.0831213
-0.0537079
-0.0723729
-0.0586326
-0.0770314
-0.0218744
-0.0821125
-0.0779746
-0.0662643
-0.14116
-0.0548176
-0.078218
-0.0374773
-0.00314955
-0.0899745
-0.0689698
-0.0922794
-0.0601556
-0.0252139
-0.0254814
-0.0443075
-0.0889804
-0.114293
-0.0882741
-0.144975
-0.0819626
-0.0508111
-0.0688453
-0.0750995
-0.0761817
-0.0925861
-0.0519828
-0.0902266
-0.0719315
-0.044131
-0.0919125
-0.0872539
-0.0879171
-0.0603485
0.667045
-0.017748
-0.0813579
-0.0309605
-0.0658414
-0.103488
-0.0865563
-0.0881994
-0.0334608
-0.0492906
-0.423711
-0.0823692
-0.108139
-0.061688
-0.102941
-0.0756292
-0.0567057
-0.0235265
-0.105024
-0.109424
-0.157054
-0.135513
-0.0502026
-0.0780194
-0.0415227
-0.114437
-0.103707
-0.068449
-0.0881851
-0.0450607
-0.0461625
-0.0928976
-0.0634741
-0.104856
-0.0990734
-0.0616407
-0.06589
-0.1028
-0.0509973
-0.0666889
-0.108829
-0.071965
-0.0887707
-0.062548
-0.084525
-0.0422987
-0.0492741
-0.12128
-0.094319
-0.0959813
-0.0651096
-0.0938939
-0.0537322
-0.07577
-0.114865
-0.0859421
-0.113156
-0.067631
-0.0929993
-0.0547658
-0.0767071
-0.114929
-0.0846329
-0.0981255
-0.104459
-0.109147
-0.0479626
-0.0926955
-0.125498
-0.0897759
-0.114929
-0.063923
-0.0982946
-0.0785728
-0.0814236
-0.0424478
-0.0760259
-0.138367
-0.0971496
-0.0198087
-0.0812218
-0.0990268
-0.0721611
-0.0991547
-0.130009
-0.0505461
-0.0492726
-0.367877
-0.495383
-0.13215
-0.121958
-0.138581
-0.104886
-0.127467
0.0568369
-0.312986
0.0423605
-0.282932
-0.180972
-0.120794
-0.117679
-0.0772248
-0.0930435
-0.130282
0.0730328
0.133439
-0.13377
-0.135539
-0.0862051
-0.179479
-0.0677833
-0.123161
0.0962248
-1.12917
-0.0351734
-0.0649292
-0.128411
-0.107811
-0.0625105
-0.0737151
-0.00831333
-0.599206
-0.374151
-0.202601
-0.0589062
-0.0360732
-0.135235
-0.055615
-0.163117
0.00210541
-3.09119
-0.23341
-0.150952
-0.0766338
-0.118186
-0.0961256
-0.111194
-0.116554
-0.0862173
-0.0963746
-0.03746
-0.0804874
-0.12105
-0.0579271
-0.0279118
0.00933647
0.0110592
-1.62501
-0.123996
-0.0958078
-0.167014
-0.146132
-0.163144
-0.103856
0.0504863
-0.0840358
-0.0565828
-0.201747
-0.177355
-0.10926
-0.0798433
-0.103255
-0.130876
-0.0190518
-1.34512
0.0408724
-0.128204
-0.126139
-0.097685
-0.129811
-0.20938
-0.105544
0.058346
-0.00453982
-0.171485
-0.0839733
-0.121802
-0.17013
-0.122744
-0.196507
-0.427685
0.0251548
-0.254441
-0.0210066
-0.187091
-0.129132
-0.148349
-0.0849686
-0.0921711
-0.831134
-0.0636232
-0.0737288
-0.0781983
-0.137969
-0.0979853
-0.156472
-0.123718
-0.0922191
-0.102974
-0.142732
-0.168223
-0.123832
-0.144818
-0.123546
-0.141869
-0.129324
-0.139969
-0.147476
-0.131038
-0.143264
-0.122289
-0.14356
-0.107243
-0.157385
-0.132426
-0.161922
-0.13525
-0.121006
-0.133607
-0.181702
-0.142009
-0.15963
-0.150375
-0.130393
-0.130962
-0.143581
-0.118102
-0.154843
-0.150625
-0.149384
-0.403748
-0.127957
-0.1406
-0.122195
-0.147936
-0.15595
-0.133059
-0.197844
-0.121888
-0.142561
-0.111966
-0.0702453
-0.158647
-0.146057
-0.147191
-0.115524
-0.136933
-0.131584
-0.101413
-0.164919
-0.143039
-0.149892
-0.13608
-0.165558
-0.117955
-0.139761
-0.135252
-0.15084
-0.169897
-0.145548
-0.151629
-0.129645
-0.103362
-0.158566
-0.134976
-0.157728
-0.15465
-0.161632
-0.113395
-0.122154
-0.151449
-0.169517
-0.173662
-0.120825
-0.148235
-0.153834
-0.130761
-0.103288
-0.147733
-0.166622
-0.147638
-0.168829
-0.150042
-0.141661
-0.135122
-0.158517
-0.174478
-0.140248
-0.156118
-0.152939
-0.154462
-0.127543
-0.161788
-0.16102
-0.150021
-0.162894
-0.132052
-0.133089
-0.131199
-0.162678
-0.172747
-0.139571
-0.15928
-0.143653
-0.160786
-0.11436
-0.138384
-0.166944
-0.150146
-0.166637
-0.129178
-0.149685
-0.125964
-0.145293
-0.168216
-0.13258
-0.148806
-0.136833
-0.154287
-0.095913
-0.125833
-0.168278
-0.0713842
-0.210922
-0.0717671
-0.0263959
-0.244852
-0.0186148
0.221926
0.178677
-0.5146
-0.565447
-0.505785
-0.18891
-0.32575
-0.253038
-0.792117
-0.252816
-0.305013
-0.0389521
-0.223593
-0.361098
-0.560265
-0.463726
-0.559736
0.0590723
-0.687459
-0.403098
0.170852
-0.939501
0.202788
-0.0896979
-0.42133
-0.145015
0.193012
0.10967
-0.0445698
-0.330349
-0.628335
-0.360484
-0.316914
-0.0777393
-0.344504
-0.155153
-0.304536
-0.049719
-0.191292
-0.360648
-0.541608
-0.114527
-0.0550706
-0.0299752
-0.302922
0.084562
-1.31007
-0.51469
-0.019719
-0.623548
-0.554894
0.0902992
0.036174
-0.136707
-0.0710937
-0.382447
0.00946921
-0.0719354
-0.238719
-0.491441
0.0305914
0.139841
-0.0566564
-0.159383
0.0315582
-0.983008
-1.10388
-0.522328
-0.23324
0.864557
0.840628
-0.422651
-0.254534
0.816844
-0.125348
-1.72224
-1.70425
-0.582156
-1.34181
-0.984667
0.201055
0.78507
0.518198
-0.25098
0.126944
-0.352661
-1.61739
0.0219522
-0.0568015
-1.75953
1.58323
-0.939099
0.491362
-0.493305
-0.234206
-0.750663
-0.0489657
0.0957788
-0.248119
-0.221826
-0.0183891
-0.00756116
-0.78125
0.0319667
-0.612889
-0.219475
-0.501141
-0.463824
-0.193562
-0.0366873
-0.220266
-0.57409
-0.249505
-0.331039
-0.095959
-0.699518
-0.03047
-0.198097
-0.635647
-0.308346
-0.188837
-0.445451
-0.0186703
-0.380379
-0.121658
-0.238852
-0.239924
-0.503793
-0.468416
-0.247358
-0.242745
-0.252613
-0.424112
-0.440332
-0.284201
-0.383424
-0.340887
-0.320821
-0.319689
-0.129958
-0.25689
-0.281907
-0.294793
-0.310141
-0.248655
-0.276621
-0.251301
-0.224841
-0.235364
-0.423723
-0.442515
-0.242143
-0.328948
-0.221267
-0.36462
-0.339764
-0.328882
-0.355695
-0.416893
-0.23685
-0.288494
-0.352926
-0.278932
-0.330553
-0.334983
-0.26765
-0.340345
-0.284715
-0.397328
-0.31659
-0.349805
-0.308982
-0.413363
-0.159753
-0.480965
-0.469615
-0.265366
-0.261186
-0.257925
-0.381286
-0.396749
-0.391291
-0.370437
-0.378413
-0.285515
-0.30934
-0.271824
-0.464177
-0.37172
-0.423055
-0.275628
-0.396617
-0.399084
-0.482587
-0.470129
-0.182234
-0.380216
-0.447918
0.273586
-1.11859
-1.40544
-0.653041
0.192867
0.17409
0.183515
-0.291014
-0.0931104
-0.298245
-0.332479
-0.402571
-0.357617
-0.493687
-0.367465
-0.361834
-0.462209
-0.302915
-0.301513
-0.421245
-0.359832
-0.495697
-0.395142
-0.433162
-0.393067
-0.515948
-0.380302
-1.08059
-0.998073
-0.256616
-0.288121
0.138017
0.00470138
-0.176225
-0.223831
-0.328903
-0.33412
-0.388026
-0.425811
-0.41365
-0.415323
-0.469428
-0.446544
-0.369513
-0.408473
-0.386223
-0.280375
-0.629387
-0.355767
-0.624284
-0.635371
-0.109855
-1.59253
-2.02668
-0.844185
-0.12187
0.0839353
0.46694
-0.103559
-0.00721444
-0.178014
-0.158488
-0.0997125
-0.184032
-0.334163
-0.251312
-0.264766
-0.509134
-0.501276
-0.271745
-0.261038
-0.117234
-0.430921
-0.541109
-0.585643
0.55816
-0.606002
-0.381436
-1.57719
-1.60914
-1.19132
-1.0697
-0.412083
-0.459611
-0.429647
-0.497307
-0.905661
-0.274069
-0.037032
-0.27577
-0.675819
-0.369278
-1.04393
-1.20545
-0.21653
-0.372331
0.133845
0.343624
0.570408
-0.495126
1.92261
-4.58545
1.44654
3.08952
0.018261
-1.43004
-0.441328
-0.117224
0.0219279
-0.0590853
0.851009
0.829639
0.0535045
-0.274881
-0.491111
-1.16479
-0.0731889
0.873262
1.2284
-0.682391
-3.23128
-4.97091
-4.43963
-2.67273
12.156
17.3852
-25.9153
-18.4719
7.44608
12.0748
7.77158
2.08768
0.430247
2.28504
1.46467
0.504792
-0.706061
1.92218
0.332225
-1.70819
0.767745
-1.84845
-1.14834
0.518894
-0.136903
1.06285
-6.15261
3.92486
-8.32082
10.7095
-15.2834
13.462
-11.2531
-24.2607
-4.81086
-3.25416
3.47057
4.14283
2.49556
3.41516
1.38859
1.0193
0.411061
0.296417
-0.238093
1.13753
0.137097
-0.575244
0.896332
0.244421
-0.441838
0.827414
-0.67273
1.99208
-1.60445
6.11858
-8.57066
26.7398
-23.8919
-15.4988
-3.14977
1.26743
0.78083
-3.21572
-3.0472
-0.679576
-0.224413
0.147221
-0.406536
-0.729207
0.812992
2.62917
1.59816
0.292689
0.0960615
0.0147864
0.417994
0.238409
-1.5179
5.6774
-16.5143
30.9937
-52.7041
45.0559
15.6428
-2.89728
-3.73753
-1.04081
-3.6324
-1.52738
-1.79922
-0.832356
0.403858
1.5965
0.965846
1.45803
-0.537237
-0.0999636
-2.02037
-3.03836
-3.62067
-4.93446
-6.3309
-4.42571
-4.61906
-8.80645
1.51215
22.1778
-50.7948
1.7605
13.5534
10.1041
6.07789
3.85325
0.772457
-0.656891
-1.64691
-2.32606
-3.61748
-3.70915
-4.00782
-3.73493
-3.4365
-2.21676
-3.60205
-3.22713
-2.29182
-1.48201
-3.55768
-2.96304
-3.22876
-4.3286
-5.75491
-66.4964
108.907
31.2263
10.6206
1.58387
5.54064
3.67155
3.299
1.7475
3.78482
2.07628
1.21952
1.36521
0.472004
1.60539
1.17182
0.92642
-0.209638
1.02139
0.499952
0.385818
0.951818
-0.0738579
0.217891
-0.11079
-0.105628
