0
0.146976
-0.0385044
0.107237
0.534467
0.751713
0.211478
0.618959
0.38152
1.57924
0.895916
1.31693
1.23566
1.22439
1.48757
2.22998
2.35443
2.96832
3.35804
4.21664
5.16911
6.68373
9.12449
12.876
22.1616
31.1438
-132.277
-4.85967
-15.0448
-12.2968
-8.24921
-7.5489
-6.4222
-5.55725
-4.66994
-3.39985
-2.73596
-2.27959
-1.75064
-1.26879
-0.821097
-0.946821
-0.506752
-2.34561
-2.10154
-3.3921
-4.73541
-7.81821
-9.92538
-14.5752
-18.7933
-7.59151
74.4351
-18.8754
-9.75495
5.80885
4.66888
2.72196
4.06102
4.60115
1.72723
1.97971
0.866069
0.00798772
-1.86618
-2.38916
-2.74517
-1.37007
-3.17904
-0.652886
-0.684725
0.753256
1.05434
3.13074
0.79739
2.89345
5.7211
-5.74263
-47.8102
41.417
-30.0317
13.6416
-8.15666
-0.43987
-2.63236
-1.71945
-1.68042
-1.97374
-2.45369
-3.18392
-3.42392
-1.71746
-1.37204
-3.08875
-2.15681
-1.36875
0.890732
0.914164
-0.742873
-2.18841
-7.72221
-9.88768
-15.1086
-14.0688
21.5442
-10.6646
5.81338
-2.72187
-1.11734
1.19574
0.303442
-0.024637
1.00379
0.933945
-0.992935
0.149187
-0.0590072
-1.67505
0.144648
-0.400266
-0.338632
-0.796936
-1.29911
-2.86694
-1.24922
-2.51696
-0.621815
4.73934
12.8289
24.3003
-5.79849
-6.44669
5.10656
-5.15687
5.94735
-2.53695
4.47079
-3.89125
2.28886
0.5659
2.52277
-1.29971
-0.31344
0.657665
-1.08932
2.28621
1.05176
0.334377
1.25082
2.88407
0.946609
1.2206
3.53888
3.0481
-4.21672
-25.1129
-18.3187
31.4167
5.21077
-13.4968
-7.90312
0.406879
2.85596
2.14237
0.477454
-1.84375
-2.47807
-1.38475
-0.193352
-0.901409
-1.63134
-1.5516
-1.951
-1.23128
0.0586371
0.0953891
-0.107263
0.0377873
-0.497885
-1.44439
-0.82366
3.91389
0.284123
-0.901377
1.03072
0.0148126
0.884925
0.539022
0.151321
-0.153363
-1.21771
-1.15992
-0.489466
-0.219507
-0.414533
-0.0465599
-0.710836
-1.0335
-0.820247
-0.353226
-0.561211
-0.616809
-0.754934
-0.765153
0.118579
0.597553
1.14094
0.16013
0.178866
-1.03399
-0.111236
0.111385
-0.0749201
-0.148241
-0.0829155
0.125165
0.124049
0.0452688
-0.0668338
-0.0483032
0.136734
-0.0303954
0.225502
0.145053
0.178942
0.267346
0.428434
0.587774
0.937533
0.142396
-0.582829
-1.5576
-1.82294
-0.280272
-0.432299
-0.264835
-0.428655
-0.452692
-0.106898
-0.207281
-0.391536
-0.364518
-0.480235
-0.388322
-0.252107
-0.260463
-0.314941
-0.178813
-0.24241
-0.292891
-0.265938
-0.298939
-0.322978
-0.58239
-0.485617
0.00871342
0.164858
0.779264
0.468657
-0.471111
0.0871425
-0.132551
-0.0369948
0.026987
-0.0204637
-0.112518
-0.0527284
-0.100734
-0.00818855
-0.0380232
-0.122518
-0.141693
-0.156171
-0.208648
-0.110696
-0.226527
-0.188042
-0.0402511
-0.261462
-0.0049206
0.0704712
-0.0948288
-0.937773
-1.41125
-0.202077
0.665382
-0.596671
-0.243304
-0.49503
0.293912
-0.156305
-0.0979713
-0.214714
-0.163282
-0.226679
-0.0587701
-0.174184
-0.112448
-0.236834
-0.196378
-0.56678
-0.136989
-0.0730191
-0.0927227
0.131387
-0.0749445
-0.205334
-0.0841981
-0.0426754
0.0519133
-0.212563
-0.057704
0.111622
-0.181294
-0.0542538
-0.309935
-0.123584
-0.204346
-0.0926964
-0.100545
-0.0908111
-0.279628
-0.158246
-0.125801
-0.216169
-0.108787
-0.164676
-0.00529373
-0.0530385
-0.0591016
-0.083171
-0.0755685
-0.181172
-0.0342806
-0.120419
-0.0160241
0.0303129
-0.161725
-0.238815
-0.1688
-0.0787446
-0.0706937
-0.0803411
-0.101617
-0.10941
-0.173195
-0.146471
-0.0113982
-0.0618389
-0.0590274
-0.0420307
-0.121626
0.0817753
-0.0542746
-0.200492
-0.251755
-0.306892
-0.188085
-0.0832728
0.108668
-0.158991
-0.180872
0.041526
0.406651
-0.85943
0.624464
-0.622008
0.140332
-0.0102901
0.0139773
-0.359126
0.069308
0.0202865
-0.0823635
-0.127788
0.352054
-0.117577
-0.25855
-0.471883
-0.00654447
0.188488
-0.158157
0.185029
-0.293957
0.0433403
-0.534757
-0.263309
-0.026949
-0.23245
-0.39501
0.783213
-1.10057
0.978227
-1.60737
0.821436
-0.68899
0.10373
1.00429
-2.10584
1.1274
-1.15634
-1.24057
-0.12805
0.00929421
0.241058
0.797652
-0.238703
-1.14452
-1.70504
-0.601563
-0.656807
-0.41701
2.06512
1.34774
-0.835732
1.01668
1.07936
-0.583064
-1.14208
-0.249222
0.74087
0.7667
0.57507
-0.530661
-0.185571
-0.572726
-0.352275
-0.237759
0.277427
-0.120337
-0.0188968
-0.0259085
0.253631
-0.0312009
0.0916638
0.351289
0.353249
0.289101
-0.280539
-0.132965
0.317558
-0.346047
-0.40644
0.260547
0.125631
0.211047
-0.0204413
-0.180715
-0.2767
0.166207
0.197479
0.063822
-0.138094
-0.0241393
-0.0597464
-0.0588014
-0.117345
0.0409896
0.415524
0.291736
-0.0974802
-0.332393
-0.482275
-0.248069
-0.200471
-0.241567
-0.523432
0.62014
-0.606688
0.310018
0.148032
-0.432744
0.225842
0.0181302
-0.0950428
-0.446715
-0.465135
-0.375717
-0.0991621
-0.3857
-0.296741
-0.422707
-0.0807887
-0.191997
-1.04756
-1.10167
-0.143491
0.268263
0.384225
0.254617
0.110244
-0.171096
0.0334358
-0.0822203
0.0762882
-0.015325
0.00679684
0.0571646
-0.111163
-0.0799156
-0.0335208
0.0056079
-0.0283349
0.0202778
0.0442209
-0.11383
-0.0709409
-0.0360637
-0.00565857
-0.0304439
0.0115269
0.0375507
-0.110826
-0.0739604
-0.0469164
-0.00962865
-0.0321189
0.00211698
0.0307212
0.0746553
-0.0802058
-0.086078
0.00347948
-0.0343372
0.0106016
0.0312432
0.0902117
-0.047189
-0.0443556
-0.00609016
-0.0423434
-0.0259625
0.0185542
0.0782155
-0.066003
-0.0307561
0.0194591
-0.0242781
0.0106507
0.010081
0.0590475
-0.070321
-0.00641984
-0.0517625
0.012152
0.0283225
0.0642214
0.069707
-0.0863796
-0.0551237
-0.0656294
0.0452343
0.0477877
0.0138856
-0.0670471
-0.0986285
-0.0278925
-0.0284767
0.00903758
-0.0175104
0.0158559
0.0974078
-0.0630006
0.0936658
-0.0543997
0.0223227
0.0808553
0.211703
-0.00439808
-0.0788236
-0.0883098
-0.040076
-0.0135434
-0.0909373
0.144807
0.0539158
-0.0940156
-0.0382317
-0.0893011
-0.0138862
0.00854957
-0.0129834
0.192741
0.0708747
-0.0304312
-0.0325119
-0.0125961
-0.00462025
-0.034757
0.0167413
0.0387836
-0.0687422
0.0017817
-0.0826637
-0.0255873
-0.00454444
0.04821
0.0323007
-0.0723023
-0.0369189
-0.0528394
-0.137123
0.019845
0.0584271
0.359443
-0.075945
0.0329213
0.01026
-0.107815
-0.00543168
0.0493681
0.0519095
-0.0584665
-0.0559881
-0.0131701
0.0170796
0.0246296
0.0620341
0.0947719
-0.088734
-0.0148113
-0.0370832
0.149587
0.00667787
0.00594783
0.095776
-0.0974258
-0.0951503
0.0996295
-0.126477
0.636331
0.876132
-0.129102
0.0548692
0.00305015
0.0289735
0.0530229
-0.0931787
0.258431
-0.595432
0.451661
-0.221518
-0.0582934
-0.0383506
0.0652295
0.10941
0.0895618
0.169612
0.257046
-0.0815118
0.131366
-0.00796524
0.071385
0.082059
0.0552856
-0.0345042
-0.718976
0.728232
-0.0201791
0.0458744
-0.0557458
0.00907543
1.78218e-05
0.143374
0.180021
-0.655195
-0.384124
-0.0639879
0.167128
-0.0430825
-0.0662855
-0.0548848
-0.115959
-0.0493905
-0.110835
-0.508143
0.209241
0.0239493
0.0357519
0.0459909
0.0380154
-0.0396329
0.0371909
-0.031065
0.0114822
0.0436854
0.0779371
0.123086
0.116599
0.0956677
-0.28397
0.190877
-0.136209
-0.0933203
-0.12831
-0.0774434
-0.0200999
0.0943156
0.112971
0.394595
-2.12052
-0.110093
-0.109678
-0.0322995
0.03121
0.0347431
0.0338563
-0.0052667
0.167861
-2.07758
0.44917
0.038336
0.0641818
0.0252221
0.0114042
-0.0216916
0.182702
-0.589673
-0.450986
-0.0738943
-0.0706592
-0.0685748
-0.109572
0.00403765
0.0832632
0.169128
0.535031
-0.0782315
0.0465398
0.0624323
0.00265533
0.0090486
0.109472
-0.0313791
0.456663
-0.939088
-0.0535928
0.0998466
0.0165697
0.0800394
0.208534
-0.0486064
-0.00170282
-0.00783369
0.0295882
0.117777
0.0589158
0.00409293
0.0304955
0.0153668
0.0417697
0.00587942
0.0135807
0.0900118
0.011848
0.0109765
-0.11339
0.0486321
0.0382007
0.0791829
0.00676689
-0.0184205
0.010495
-0.0188293
0.0516358
0.0282692
0.0750701
0.0622625
-0.0479321
0.0350194
0.0118158
0.0602484
0.0306031
0.101315
0.0616471
0.109877
0.0156125
0.0329412
0.0850091
0.0420363
0.132376
0.0632594
0.175084
0.0110571
0.0611101
0.0331978
0.000258628
0.0747381
-0.189226
-0.0669944
-0.0637519
-0.019562
0.016047
0.229641
-0.114121
0.0749576
0.107119
0.0021548
0.0111092
0.0392774
-0.0266172
0.132909
0.069224
0.124096
-0.146574
0.00861645
0.0976216
0.00759834
0.0388517
-0.149644
0.137632
0.0102991
0.0312511
0.120021
-0.705502
-0.0890376
0.0755832
0.114413
0.0534742
-0.0340088
0.0133686
-0.0204327
0.0955984
0.112977
0.00755805
0.242145
-0.00460047
0.054103
0.00600188
-0.0879184
-0.237695
0.186965
0.00170888
-0.0168589
0.0420633
0.481988
0.0541141
0.0271891
0.0750494
0.0552787
0.488171
0.0399297
0.053855
0.0322829
0.0216222
0.224398
-0.146104
-0.00440633
0.0882128
0.00437907
0.0996673
0.318487
0.218023
0.0820219
0.000258714
0.0861443
-0.0502699
0.0988112
0.0762528
0.0415923
0.114337
-0.0428533
0.0460675
0.291057
0.114153
0.0557438
0.0955988
0.0757401
-0.0366675
0.0744965
0.0249867
0.0980617
0.0495342
0.110507
0.0975088
0.0219541
0.0787901
0.0226966
0.0861105
0.0260316
0.0826059
0.132207
0.0329849
0.0683721
0.0463721
0.0881528
0.0381158
0.111162
0.0860574
-0.317575
0.0558616
0.0219248
0.0694771
0.167486
0.103397
0.074142
-0.184068
0.0425711
0.0402587
0.0884192
0.0319038
0.0371621
0.155332
0.0866616
0.0296116
0.0215804
0.0794943
0.114525
-0.10286
0.0831156
0.0905713
0.0416237
0.0248495
0.065495
0.0276113
0.115707
0.200152
0.1519
0.0427479
0.057257
0.0593215
0.0419789
0.0754403
0.071371
-0.0475155
0.0485449
0.0345593
0.0824134
0.0185564
0.189255
0.0808853
0.100074
0.064997
0.00569677
0.0884458
0.0465038
0.136042
0.101977
0.153865
0.0425218
0.0194061
0.0880095
0.0573734
0.145607
0.074927
0.103926
0.0377088
0.0078547
0.10413
0.0256233
0.10313
0.0662872
0.100486
0.0413274
0.106903
0.116357
0.0483871
0.0977514
0.0847375
0.0982878
0.0482306
-0.0107726
0.0930302
0.0477002
0.0892286
0.0958677
0.113279
0.0748735
0.0215713
0.057062
0.0322712
0.0976572
0.0845528
0.104984
0.0929912
0.0436289
0.0770506
0.0478443
0.106331
0.0714766
0.0938365
0.0795903
-0.0203532
0.10807
0.0470363
0.0872386
0.0782761
0.113646
0.0939115
0.00858541
0.0640141
0.0348068
0.107325
0.0639408
0.0832768
0.0912046
-0.00189463
0.0785245
0.0472915
0.104874
0.0645894
0.103295
0.0934413
0.00422812
0.0750974
0.0424513
0.106566
0.074872
0.0928094
0.0928756
0.00766863
0.0786201
0.044071
0.102949
0.0723315
0.0939788
0.0922871
0.00160806
0.0784236
0.0436879
0.0997527
0.0676396
0.0941741
0.0935727
0
0.0773932
0.0416511
0.0994035
0.0660735
0.0942942
0.0921425
0.0682961
0.0763209
0.0397304
0.099172
0.0623191
0.0942147
0.091437
0.0694544
0.0760843
0.0437807
0.103753
0.0724469
0.0885907
0.088538
0.0649004
0.0816537
0.0343174
0.0912433
0.0478784
0.0989735
0.0887775
0.0675366
0.0726762
0.0434185
0.0985628
0.053093
0.0965506
0.090503
0.0693111
0.0908859
0.058116
0.0971084
0.0327471
0.089727
0.0786936
0.0531179
0.0609338
0.0410757
0.0855263
0.0675328
0.0972834
0.0886037
0.0601705
0.0133032
0.0400295
0.0939626
0.0706645
0.103281
0.0902804
0.0481371
0.0700286
0.00661287
0.110232
0.0781838
0.11297
-0.0535729
0.0659339
0.0687397
0.00943533
0.0847604
0.0395534
0.101213
0.0243705
0.054318
0.072711
0.0176745
0.113089
0.057295
0.0974543
0.0834767
-0.0401643
0.0865541
0.0874796
0.100646
0.0965591
0.14631
0.0640758
0.101856
0.0766429
0.0232338
0.140109
0.0782874
0.123884
0.0763127
0.249296
0.0919704
0.0249596
0.08981
0.0651203
0.111082
0.0724321
0.128956
0.0851285
0.0448951
0.109842
0.0748273
0.0212823
0.0905215
0.135554
0.110281
0.0236761
-0.0166973
0.0520331
0.0826398
0.323731
0.0597004
0.0960721
0.0256946
0.101938
0.08107
-0.255297
0.0840173
0.061586
0.196206
0.0227421
0.0610858
0.0383945
0.00406206
0.0746732
0.12607
0.12684
0.184068
0.0644594
0.0757343
0.112122
0.00853533
0.133477
0.0954334
-0.0147633
0.128292
0.0259635
0.137236
0.276773
0.0653926
0.113985
0.0579632
0.655244
0.0406839
0.098455
0.0686822
0.0823724
0.109959
0.0389171
0.574942
0.0320217
0.0969827
0.11337
0.433829
0.0897456
0.0474053
0.093531
0.0839164
0.128029
0.0719144
0.0732815
0.0712518
0.0479988
0.0839318
-0.124753
0.117897
0.131631
0.0756855
0.184314
0.0720423
0.113625
0.00074321
0.168726
0.191921
0.135269
0.0705897
0.0325775
0.0545027
-0.091378
0.21874
0.0796562
0.0484661
0.0836015
0.202831
0.158112
0.0350132
0.144089
0.0874893
0.219988
0.0541926
0.0562518
0.0974536
-0.00813407
0.135061
0.213234
0.0382579
0.116113
0.0692312
0.17606
-0.317672
-0.0179312
0.133536
0.0435992
-0.0133673
-0.00884177
0.03902
0.0251088
0.167274
0.122059
-0.823493
0.032288
-0.00891973
0.128437
0.018361
-0.0499957
0.208738
0.119464
0.0641711
0.0619223
0.0809289
0.270265
0.102081
0.0694066
0.134165
0.0729814
-0.245943
0.11808
0.048963
0.132043
0.113341
-0.110429
0.0403928
0.0153027
0.14845
0.0504282
-0.00895828
0.152207
0.0623126
0.090207
0.0198922
0.107819
0.0373437
0.0966161
0.0728779
0.103063
0.0867891
0.0405019
0.0909642
0.0278911
0.104205
0.065749
0.0911544
0.103059
0.0652807
0.106908
0.0479321
0.123845
0.0710022
0.086041
0.0997998
0.036747
0.109838
0.00339368
0.10751
0.0892884
0.101847
0.104471
-0.00849211
0.112512
0.0243773
0.115433
0.1318
0.0969636
0.130437
0.00493896
0.12479
0.0198467
0.112163
0.101976
0.122441
0.0165135
0.0868868
0.115208
-0.102908
0.160963
0.0460964
0.0608147
-0.0133619
-0.319052
0.263348
0.315948
-0.0408216
0.103841
-0.000345618
0.0450633
0.101851
-0.28182
0.681429
-0.1878
-0.0448604
0.135997
0.125428
0.0579144
0.134227
0.00726393
0.286325
-0.585681
-0.263034
0.232219
0.0250364
0.0332973
-0.0673212
0.123587
-0.0757504
0.21352
0.13459
0.194568
0.0777145
-0.0540697
0.0731958
0.156178
0.267146
0.357098
1.74285
-0.128215
-0.143839
0.0898399
0.11875
0.186709
0.181827
-0.0802587
0.309182
-3.91701
-0.0183285
0.24714
0.0531095
0.0661093
0.0332643
0.125603
0.128152
0.0977654
0.117548
0.00954333
0.195711
0.031847
0.0921078
0.0529692
0.0275942
-0.246812
1.18327
-0.168239
0.378693
0.0886559
-0.0527863
0.0983093
0.0494952
0.252112
0.473787
-0.681334
-0.119274
-0.15733
0.075018
0.145317
0.203281
0.0935329
0.0311247
0.596194
0.796605
0.0857374
0.123956
0.0985544
0.159744
0.119064
0.0704719
0.321702
0.110336
0.159777
0.130969
0.0625166
0.119793
0.045369
-0.0901493
0.0913592
-0.423307
-0.885149
0.193137
-0.0997395
0.138829
0.12297
0.109717
-0.0439792
0.0194008
0.757145
0.450355
-0.130956
-0.123219
0.0845032
0.0417938
0.0517466
0.103186
0.0201325
0.313001
-0.0355024
0.112354
-0.00861293
0.0994022
0.106528
0.129595
0.0673829
-0.0257495
0.113008
-0.0517595
0.0990566
0.11428
0.0411547
0.182281
-0.220806
0.090827
-0.0286205
0.161071
0.13919
0.0971689
0.108748
-0.0106238
0.146815
-0.0445403
0.133948
0.0847118
0.0924829
0.123933
0.0701065
0.08272
-0.0708629
0.107701
0.0549635
0.14305
0.10912
-0.0224076
0.101646
-0.0246007
0.125703
0.148055
0.430519
0.0698273
0.0295181
0.182224
-0.124112
0.119113
0.109789
0.17333
0.13252
-0.0118001
0.117942
0.121939
0.100098
0.0260172
0.0390791
0.256794
0.0209281
0.1294
-0.188314
0.0864338
0.0574018
0.11565
0.0906759
0.0184299
0.107399
0.0675516
0.102004
0.142996
0.0471605
0.058668
0.124372
0.128296
-0.0568458
0.0637722
0.100331
0.142224
0.148889
0.0922002
0.0676604
-0.0123264
0.116985
0.103573
0.0427175
0.132113
0.0161203
0.145188
-0.0855996
0.0583035
0.147136
0.110719
0.12238
-0.0296469
0.119378
0.0376021
0.133462
0.117431
0.0612887
0.146222
0.0820636
0.11929
-0.071045
0.09688
0.139011
0.136557
0.138382
-0.0220886
0.133081
0.0135705
0.14055
0.110826
0.0687154
0.155895
0.0838184
0.163232
-0.0837498
0.0543334
-0.0775033
0.152097
0.159882
-0.0159178
0.148782
0.0222287
0.173312
-0.151076
0.0977657
0.210216
0.0851709
0.187132
-0.0871651
0.040356
0.0551475
0.0854683
-0.0679042
0.334758
0.746655
0.0894665
0.816353
-0.75698
-0.302745
-0.0318487
-0.122767
-0.0806958
-0.312936
-0.27826
-0.13303
0.0558076
0.216793
-0.601377
-0.303261
-0.18544
0.280607
-0.343068
0.031156
0.398296
-0.245213
0.637105
-0.428501
0.125239
-0.169649
0.116416
0.11854
-0.185747
-0.381655
0.0849385
0.0782627
0.0165258
0.0310105
0.134658
-0.0814968
0.222037
-0.394459
-0.0310076
-0.0256661
0.384862
0.108678
0.112541
0.0228555
0.303948
0.161611
0.262378
-0.812918
-0.53646
0.283662
-0.0420041
-0.293559
0.0557024
0.162945
0.287172
0.286702
-0.0844272
0.388792
0.474282
0.196503
-0.227126
0.345205
0.552534
0.723727
0.0813793
-0.169928
-0.589367
0.817339
1.01008
0.98044
-0.0951577
-0.259122
-0.996425
1.25629
-1.84366
-1.09898
-0.645222
2.37829
1.01817
-0.649875
0.641108
-1.66302
-1.01379
-0.493809
0.591672
0.300723
0.356762
1.35887
-1.68838
-0.336881
1.67498
-2.14501
0.635307
-0.638868
0.0361263
-1.08332
-0.365805
0.661908
-0.184714
0.477375
-0.41315
0.042384
-0.137838
-0.287061
-0.515702
0.59549
-0.310509
0.0289899
-0.176532
-0.113252
0.764182
-0.0251822
-0.0282634
-0.268037
0.122795
0.2305
-0.360286
0.165032
-0.474951
0.0188642
0.151915
-0.345893
0.56617
-0.649852
0.626649
-0.377482
0.0443361
0.301123
0.126294
0.0898856
-0.30149
-0.0852195
-0.0366503
0.129256
0.172356
-0.214872
-0.168916
-0.0271475
-0.0307523
-0.0959187
-0.0759733
0.0288193
0.18258
0.148585
-0.093209
-0.0164401
-0.0518027
0.173645
0.185575
-0.194843
0.255468
-0.338838
0.0709234
-0.0338548
0.0660465
0.0673863
0.107617
0.178121
-0.174032
-0.0908858
-0.133825
0.0886272
0.194323
-0.138419
0.163145
-0.0774717
0.145744
-0.129048
-0.116631
0.0462052
0.0530062
0.0960506
-0.274982
-0.00695372
-0.142605
0.0804796
0.0134789
0.312545
0.139044
-0.111762
0.162724
-0.276151
-0.0525624
0.225556
0.0052644
0.216764
-0.160906
0.0249458
-0.000415385
0.142539
0.295459
-0.286647
0.330573
0.0102782
0.269279
-0.364254
-0.207475
0.134393
0.114706
0.203902
-0.0277107
-0.218795
-0.399911
-0.508646
0.689874
0.0403152
-0.36407
-1.06879
-0.585198
0.510288
0.0811303
-0.0738536
0.0556239
0.166956
-0.214153
-0.140029
-0.29889
0.0160332
0.108562
-0.258851
-0.0635059
0.0339232
0.00697179
-0.0682578
-0.124054
0.000933215
0.0690134
0.128727
-0.123784
0.138462
-0.212332
0.105754
-0.164858
0.566935
0.877817
0.0476905
0.375785
-0.480747
-0.24001
-0.319087
0.139524
0.269428
-0.203535
-0.0219023
-0.0966563
0.204912
-0.374023
-0.282041
0.054412
-0.300163
0.217573
-0.273684
0.0249497
-0.490358
0.140341
0.540997
-0.495251
-1.07823
-1.41285
-1.27529
1.16053
0.476518
-0.0202615
0.278075
0.0128813
0.078713
0.179638
0.190579
0.12968
0.0977745
-0.0491932
-0.00216419
0.15547
0.350846
-0.344961
0.130208
0.119494
0.266668
0.579693
-0.277935
-0.461896
-0.50861
-0.170852
0.0528068
0.539455
0.889654
-0.388946
0.35496
-0.631532
-0.410928
0.618836
-0.302419
0.161888
-0.659875
-0.23472
-0.646228
0.328033
1.05087
-1.14445
-1.31446
-0.66859
-0.646413
0.970508
1.0995
-0.501544
2.18916
-2.39506
2.11178
3.77234
-1.75668
-0.68265
0.150804
0.39345
0.76494
0.76153
2.01193
-2.13518
-1.8805
0.220035
-0.869784
0.171339
0.0279043
-0.647292
-2.16438
-2.23882
-2.29538
2.60877
3.98152
3.2666
2.26073
-8.13652
4.75704
31.1799
-4.30893
-7.04078
1.40597
-1.54966
1.67858
-2.51697
-3.35585
2.97054
0.782199
-0.537283
-0.944293
1.56281
-1.11083
0.122452
-1.15333
-3.14781
2.33887
-0.233375
1.18102
-6.37523
2.5626
-6.24097
9.2941
-16.0652
14.3233
-20.8561
-2.29925
-2.33509
12.7097
5.34608
-3.98794
1.35669
1.63052
1.46916
-1.81743
-0.193628
1.86369
0.276938
2.34635
-3.03207
-1.10704
-1.83455
-0.954167
-0.45989
-0.783809
0.500042
-1.09078
4.20896
-3.98906
-1.36386
10.3865
8.88388
19.6256
-20.11
-8.77934
0.0267575
-2.14637
-0.262815
-2.58713
-2.2247
-0.984341
0.559046
0.334853
-1.07027
0.927843
2.31826
2.32028
-0.58883
-0.77528
-0.236994
0.757208
2.68422
-1.80161
2.7452
-5.54758
15.3845
-1.23046
26.4991
-13.3473
-7.21633
-3.34262
4.97673
-0.806333
0.329917
-0.315153
0.647618
0.792683
3.00622
1.66165
2.95501
1.93924
0.766463
-0.283284
-1.27719
-2.05386
-2.6063
-5.12056
-5.34387
-2.96284
-4.47275
-6.69983
6.08178
15.9928
-64.748
0.381351
9.74311
12.0754
7.97859
7.84091
-0.795722
-0.565522
-2.21336
-1.609
0.461422
-4.17806
-2.53378
-1.75232
1.43466
-3.2248
-2.99294
1.47902
1.94286
5.64857
-2.43675
-0.261529
-0.748166
8.36052
15.839
-23.6544
47.3353
-56.3894
-28.5364
25.8356
6.4369
-6.41992
-2.9501
-5.03137
4.4438
1.7102
0.95174
-1.81982
-1.54187
1.79966
-0.659555
-0.0558111
-1.22613
1.27863
3.42034
-1.52445
-1.00206
-0.862828
1.4412
-0.42552
-0.274297
-1.24284
