0.0449385
0.0117926
0.0264085
0.0301285
0.0473922
0.0439111
0.0529891
0.0507277
0.0687054
0.0535656
0.0572194
0.0492198
0.0557195
0.0433516
0.0452783
0.0375508
0.0572424
0.0387682
0.0469537
0.0459779
0.0617324
0.060993
0.0760669
0.0813527
0.10916
0.106789
0.123718
0.125044
0.135251
0.123104
0.122913
0.107951
0.0892656
0.0730998
0.0576338
0.0314227
0.0191808
-0.0116511
-0.026264
-0.0490722
-0.0488995
-0.077717
-0.0822636
-0.0944057
-0.0904268
-0.103162
-0.0977531
-0.0993236
-0.0745056
-0.0901148
-0.0796208
-0.078014
-0.0614318
-0.0643625
-0.0530238
-0.0515388
-0.0289773
-0.0383524
-0.0262763
-0.0230919
-0.0047723
-0.00593032
0.00653129
0.00796638
0.0652093
0.0173196
0.0245499
0.0199422
0.0272337
0.0118092
0.00795409
-0.00734361
-0.00206123
-0.0291697
-0.0353411
-0.0497882
-0.0465644
-0.059778
-0.0562021
-0.0594071
-0.0332773
-0.0447892
-0.0287679
-0.0202188
0.0055183
0.0127289
0.0331302
0.0429676
0.074725
0.0735901
0.0897459
0.0936585
0.113377
0.114956
0.128804
0.131039
0.138725
0.156947
0.174307
0.172808
0.179866
0.167404
0.16792
0.15131
0.147888
0.109899
0.0929725
0.0643581
0.0481342
0.014147
-0.00224181
-0.028073
-0.0292333
-0.0683867
-0.0766809
-0.0920141
-0.0933334
-0.112764
-0.112705
-0.117907
-0.101131
-0.116702
-0.109661
-0.110173
-0.0957631
-0.101079
-0.0903071
-0.0869785
-0.0435138
-0.071287
-0.0582567
-0.0515185
-0.027971
-0.025075
-0.00945714
-0.00294298
0.0261684
0.0221249
0.0357778
0.037178
0.0519791
0.0452815
0.0494213
0.0408369
0.0562895
0.0291792
0.0248722
0.00961684
0.00992663
-0.00846432
-0.0133224
-0.0280465
-0.0191671
-0.0393362
-0.0374295
-0.0446091
-0.0346486
-0.0408208
-0.0311797
-0.0310472
-0.0273228
-0.0154792
-0.00148189
0.00163507
0.0192328
0.0181135
0.0306156
0.0308741
0.0505146
0.0379385
0.0461078
0.0437263
0.0558327
0.0489877
0.0564946
0.0542645
0.0789094
0.0637638
0.0730403
0.0716059
0.0865371
0.0846584
0.096951
0.0982197
0.123668
0.122813
0.143072
0.145876
0.155934
0.144961
0.147588
0.133791
0.167511
0.0925549
0.0742183
0.0448892
0.0271111
-0.0104418
-0.0303012
-0.0574065
-0.0630868
-0.0987983
-0.108078
-0.12229
-0.120558
-0.137318
-0.13523
-0.137235
-0.111639
-0.127717
-0.118195
-0.116016
-0.0977997
-0.0994543
-0.0864
-0.0808674
-0.0528191
-0.0577728
-0.0417858
-0.0322201
-0.00463134
0.00299393
0.0223125
0.0313417
0.0437233
0.0605048
0.0740947
0.073863
0.0869434
0.0780982
0.0781856
0.0635812
0.0681738
0.0392222
0.0277958
0.00406898
-0.00344271
-0.0277155
-0.0374125
-0.0566479
-0.0461527
-0.0706196
-0.0668007
-0.0714909
-0.057674
-0.0576531
-0.0405501
-0.0332936
-0.00307753
-0.00161788
0.0203829
0.0283936
0.0487993
0.0509534
0.0664197
0.066676
0.0449385
0.0713399
0.0813318
0.0795165
0.0908605
0.0868414
0.102086
0.106829
0.130071
0.125099
0.149276
0.165224
0.187057
0.179842
0.183919
0.176742
0.187706
0.146684
0.123707
0.0889589
0.0672051
0.0230362
-0.0076842
-0.0457421
-0.0595399
-0.103213
-0.122047
-0.143569
-0.144132
-0.161668
-0.162974
-0.168569
-0.164891
-0.151996
-0.138362
-0.135194
-0.115326
-0.113286
-0.0976126
-0.0922004
-0.0644384
-0.0684291
-0.0529284
-0.0469649
-0.0228568
-0.0152519
0.0055032
0.0141419
0.049189
0.0449831
0.0634533
0.066901
0.0818578
0.0760272
0.0809597
0.0699173
0.0756024
0.0472861
0.0366562
0.011773
0.000441242
-0.0274871
-0.0391096
-0.0611834
-0.0250655
-0.0873014
-0.0870554
-0.093993
-0.0837274
-0.087166
-0.0705665
-0.0617082
-0.0305407
-0.0279007
-0.00133996
0.0138192
0.0398542
0.0460673
0.0684194
0.0788802
0.108977
0.0949869
0.108036
0.112629
0.129592
0.125089
0.136698
0.140747
0.164769
0.155494
0.17069
0.181376
0.205811
0.2027
0.206169
0.196602
0.185377
0.170967
0.147306
0.107236
0.0796027
0.0303513
-0.00699948
-0.0530973
-0.0734505
-0.121638
-0.145232
-0.171617
-0.173784
-0.189046
-0.188397
-0.194623
-0.167229
-0.173113
-0.153019
-0.14557
-0.122709
-0.115397
-0.0926245
-0.0818587
-0.0512145
-0.0521067
-0.0330355
-0.0260524
-0.00406468
0.00122561
0.021241
0.0284412
0.0737948
0.0500597
0.065635
0.0674784
0.0797944
0.0704658
0.072624
0.0596867
0.0632783
0.0326708
0.0203782
-0.00611184
-0.0199182
-0.0500009
-0.0620289
-0.0840264
-0.0809579
-0.113764
-0.112787
-0.11568
-0.101162
-0.102105
-0.0828491
-0.0691474
-0.0325004
-0.0253217
0.00569362
0.0262025
0.0573573
0.0672772
0.0931516
0.108493
0.120213
0.13286
0.148133
0.155694
0.174622
0.168197
0.175092
0.175581
0.197734
0.184616
0.193143
0.198783
0.222771
0.220574
0.221974
0.208298
0.218023
0.178809
0.151488
0.105235
0.0719363
0.0182879
-0.024077
-0.0759113
-0.0999518
-0.148971
-0.173409
-0.20216
-0.205286
-0.217852
-0.213336
-0.217525
-0.157191
-0.190742
-0.164978
-0.153108
-0.127604
-0.117352
-0.0909599
-0.0775577
-0.0452945
-0.0439006
-0.0222667
-0.0146274
0.0061206
0.011203
0.0325196
0.0386875
0.0639545
0.0480668
0.0596354
0.0587599
0.0657476
0.0486477
0.0443998
0.0281592
0.0294772
-0.00333943
-0.0161864
-0.0411237
-0.0529231
-0.0808094
-0.0884893
-0.103626
-0.117406
-0.122334
-0.116709
-0.112529
-0.0903584
-0.085929
-0.0624973
-0.0434685
-0.00116382
0.00863069
0.0391266
0.059317
0.0916331
0.101341
0.124479
0.137405
0.172533
0.162288
0.176404
0.182752
0.202772
0.197864
0.202997
0.198842
0.217088
0.201663
0.206406
0.205362
0.222331
0.215598
0.213929
0.196361
