2.71569
2.93209
2.87345
3.52845
3.53657
5.70041
18.1122
-5.15764
-3.13862
-2.23823
-0.233864
4.42257
5.50756
-0.181999
-7.95665
-0.213111
1.31382
-1.71588
-1.35764
1.27937
-0.0563232
0.0630857
-0.215361
-1.41126
-0.997921
1.11368
1.47275
-1.2264
-1.36362
-0.139109
-0.139705
-0.597907
0.652809
-0.199269
-0.306572
0.0203558
-0.535016
-0.247644
-0.0194596
-0.0398226
0.466197
-0.0149098
-0.372592
-0.135225
-0.502037
0.0925595
-0.127973
-0.0787651
-0.137367
-0.00694206
-0.263584
0.129161
-0.470461
-0.0451675
-0.272189
-0.0140504
0.341518
0.0495177
-0.265395
-0.0302489
-0.510839
-0.0118764
-0.248883
0.0171805
0.556221
-0.0544608
-0.261724
-0.0164794
-0.510453
0.00110882
-0.332771
-0.0584072
0.368541
-0.0137192
-0.221796
-0.0129235
-0.48434
-0.0346085
-0.238226
-0.0125834
-0.0306107
-0.0107134
-0.248282
0.00333948
-0.455547
0.00709186
-0.240616
-0.066508
0.366387
-0.0923363
-0.149285
0.0100118
-0.460996
0.0538455
-0.149919
-0.0131489
0.0631212
-0.00844758
-0.223047
0.0306276
-0.471729
-0.010952
-0.277723
-0.0277476
0.417438
0.0458284
-0.258341
0.0252995
-0.519378
0.0236117
-0.198823
0.0256894
-0.0695732
0.0288628
-0.30376
0.0883962
-0.383524
0.00259248
-0.25601
0.0327525
0.291044
0.0527387
-0.185695
0.0692446
-0.430895
0.0411215
-0.188627
0.0345075
1.30943
0.0316059
-0.194805
0.0300515
-0.450749
0.0288679
-0.197195
0.0285036
0.406057
0.0278087
-0.197782
0.0274989
-0.45266
0.0275802
-0.198073
0.0274666
-0.0103935
0.0272567
-0.198535
0.0274098
-0.452905
0.027509
-0.198455
0.0274462
0.405389
0.0274254
-0.19816
0.0273644
-0.452736
0.0276259
-0.198716
0.0274384
0.0994695
0.0277508
-0.19762
0.027996
-0.45269
0.0281069
-0.196559
0.0271713
0.406488
0.0271435
-0.198381
0.0276482
-0.452953
0.0289143
-0.197626
0.0282896
-0.00974338
0.0280409
-0.197304
0.0281844
-0.451958
0.028348
-0.197216
0.0285068
0.406516
0.0286262
-0.197133
0.0286265
-0.451503
0.0285014
-0.196548
0.0288615
0.659454
0.0287046
-0.197042
0.0287868
-0.451533
0.0288475
-0.196105
0.029027
0.406961
0.0291494
-0.196622
0.0291293
-0.45092
0.0292077
-0.195924
0.0293402
-0.00848607
0.0292816
-0.196047
0.0291264
-0.451095
0.0293086
-0.196134
0.0294885
0.407327
0.0294521
-0.195956
0.0295131
-0.450881
0.029518
-0.196171
0.0293668
0.101479
0.0297104
-0.195883
0.029366
-0.450721
0.0296162
-0.196023
0.0296341
0.407547
0.0297809
-0.196166
0.0297935
-0.450671
0.0296012
-0.195894
0.0297607
-0.00805458
0.0296247
-0.195775
0.0296679
-0.45065
0.0297745
-0.1963
0.029584
0.407758
0.0297092
-0.195695
0.029755
-0.450533
0.0297089
-0.195818
0.0297531
2.71569
0.0297531
-0.195818
0.0297089
-0.450533
0.029755
-0.195695
0.0297092
0.407758
0.029584
-0.1963
0.0297745
-0.45065
0.0296679
-0.195775
0.0296247
-0.00805458
0.0297607
-0.195894
0.0296012
-0.450671
0.0297935
-0.196166
0.0297809
0.407547
0.0296341
-0.196023
0.0296162
-0.450721
0.029366
-0.195883
0.0297104
0.101479
0.0293668
-0.196171
0.029518
-0.450881
0.0295131
-0.195956
0.0294521
0.407327
0.0294885
-0.196134
0.0293086
-0.451095
0.0291264
-0.196047
0.0292816
-0.00848607
0.0293402
-0.195924
0.0292077
-0.45092
0.0291293
-0.196622
0.0291494
0.406961
0.029027
-0.196105
0.0288475
-0.451533
0.0287868
-0.197042
0.0287046
0.659454
0.0288615
-0.196548
0.0285014
-0.451503
0.0286265
-0.197133
0.0286262
0.406516
0.0285068
-0.197216
0.028348
-0.451958
0.0281844
-0.197304
0.0280409
-0.00974338
0.0282896
-0.197626
0.0289143
-0.452953
0.0276482
-0.198381
0.0271435
0.406488
0.0271713
-0.196559
0.0281069
-0.45269
0.027996
-0.19762
0.0277508
0.0994695
0.0274384
-0.198716
0.0276259
-0.452736
0.0273644
-0.19816
0.0274254
0.405389
0.0274462
-0.198455
0.027509
-0.452905
0.0274098
-0.198535
0.0272567
-0.0103935
0.0274666
-0.198073
0.0275802
-0.45266
0.0274989
-0.197782
0.0278087
0.406057
0.0285036
-0.197195
0.0288679
-0.450749
0.0300515
-0.194805
0.0316059
1.30943
0.0345075
-0.188627
0.0411215
-0.430895
0.0692446
-0.185695
0.0527387
0.291044
0.0327525
-0.25601
0.00259248
-0.383524
0.0883962
-0.30376
0.0288628
-0.0695732
0.0256894
-0.198823
0.0236117
-0.519378
0.0252995
-0.258341
0.0458284
0.417438
-0.0277476
-0.277723
-0.010952
-0.471729
0.0306276
-0.223047
-0.00844758
0.0631212
-0.0131489
-0.149919
0.0538455
-0.460996
0.0100118
-0.149285
-0.0923363
0.366387
-0.066508
-0.240616
0.00709186
-0.455547
0.00333948
-0.248282
-0.0107134
-0.0306107
-0.0125834
-0.238226
-0.0346085
-0.48434
-0.0129235
-0.221796
-0.0137192
0.368541
-0.0584072
-0.332771
0.00110882
-0.510453
-0.0164794
-0.261724
-0.0544608
0.556221
0.0171805
-0.248883
-0.0118764
-0.510839
-0.0302489
-0.265395
0.0495177
0.341518
-0.0140504
-0.272189
-0.0451675
-0.470461
0.129161
-0.263584
-0.00694206
-0.137367
-0.0787651
-0.127973
0.0925595
-0.502037
-0.135225
-0.372592
-0.0149098
0.466197
-0.0398226
-0.0194596
-0.247644
-0.535016
0.0203558
-0.306572
-0.199269
0.652809
-0.597907
-0.139705
-0.139109
-1.36362
-1.2264
1.47275
1.11368
-0.997921
-1.41126
-0.215361
0.0630857
-0.0563232
1.27937
-1.35764
-1.71588
1.31382
-0.213111
-7.95665
-0.181999
5.50756
4.42257
-0.233864
-2.23823
-3.13862
-5.15764
18.1122
5.70041
3.53657
3.52845
2.87345
2.93209
