-0.361826
0.761164
0.407769
0.177476
-0.667853
-0.758507
-0.921917
0.611116
0.134206
0.311226
-0.93471
0.892888
0.560705
-0.620916
-0.701062
-0.664407
-0.370626
0.0105314
-0.124519
-0.453106
0.206959
-0.692291
-0.357675
-0.262899
-0.180365
0.579082
-0.5956
-0.00823285
0.123117
-0.847759
0.10945
-0.658965
-0.844921
0.935996
0.93537
0.51466
-0.340055
-0.744019
0.384843
-0.184433
-0.708494
0.0507171
-0.949589
0.871502
-0.54241
0.25471
-0.346552
-0.00583373
0.00808109
-0.605199
1.01987
0.543247
0.805398
0.615963
0.195349
0.74836
-0.890813
-0.649773
-0.880781
-0.354212
-0.179499
-0.389532
0.64327
-0.358021
-0.391483
0.0686924
-0.62373
0.515219
-0.804818
0.954559
0.367124
-0.698401
-1.00463
0.682095
0.358336
0.431712
0.538755
-0.859351
-0.292393
-0.715978
0.758066
0.178637
-0.351957
-0.798048
-0.252788
-0.269036
0.478082
0.290744
0.789859
-0.0595591
-0.688862
0.45429
0.483757
0.0459686
0.452258
-0.0876183
-0.00895328
-0.186552
-0.90626
-0.686042
-0.870555
0.33039
-0.341929
0.038358
0.716972
-0.395674
-0.140169
0.443571
-0.618382
-0.794391
-0.289361
-0.545313
0.944455
0.531493
0.352282
0.717501
0.504627
-0.579908
0.788816
0.0670225
0.527247
0.580446
-0.498927
-0.729127
-0.468592
-0.12962
0.544945
0.566024
-1.00902
0.106012
-0.205241
-0.451414
-0.620297
-0.0614038
0.941131
-0.337805
0.125712
0.420292
-0.293173
0.906739
0.745892
-0.625942
-0.110097
-0.525104
-0.431949
-0.742004
0.330078
0.0233064
-0.739149
-0.25419
0.757283
-0.484962
-0.604819
0.212287
0.884394
-0.500705
0.376643
0.493602
-0.554705
0.546994
-0.222522
0.20588
0.245977
-0.0426928
-0.798155
0.583014
-0.363999
-0.621289
-0.78274
0.269282
0.237386
-0.890755
0.0567603
-0.381415
0.244864
-0.5091
0.470669
-0.192512
0.678325
-0.794014
-0.220092
-0.575301
0.952959
0.638396
-0.438979
0.439049
0.619684
0.0490808
0.0588502
-0.431892
-0.698494
0.948268
0.771978
0.184995
-0.238334
-0.168611
0.517034
0.755998
0.562835
0.322684
0.103248
-0.770137
-0.536915
0.681866
-0.0925306
-0.968566
-0.61955
0.336036
-0.824802
-0.341436
0.319031
0.488796
0.238712
-0.387047
0.427422
-0.584111
-0.111913
0.618129
0.280964
0.579323
0.147616
-0.0231367
-0.72341
-0.0786005
-0.295881
-0.304056
0.960048
-0.0881366
0.811593
0.316037
0.572334
-0.144856
0.146369
-0.0103005
-0.496743
0.388993
-0.406778
-0.788802
0.410881
-0.356547
0.935404
0.814186
0.596679
-0.399086
-0.690112
0.927854
0.00258861
0.845869
0.795437
0.372026
-0.553567
-0.15043
0.431434
-0.360507
-0.481659
0.198945
0.765223
0.156534
0.0187702
-0.61357
0.226917
0.8295
-0.693116
0.183266
0.767172
0.268759
0.288464
0.227897
-0.285871
-0.309672
0.626866
0.521993
0.498627
0.515702
-0.189462
-0.133708
0.470751
0.0762264
0.241457
0.388749
0.385548
-0.700329
-0.375549
-0.712011
0.042264
-0.882342
-0.0469321
-0.0829698
-0.435452
0.112652
-0.846072
-0.650182
0.642864
-0.363705
-0.674534
0.191607
0.448663
-0.710525
0.161433
-0.694351
-0.566977
0.326723
0.224428
0.44229
0.461981
0.725847
-0.191134
-0.356899
0.31991
-0.564057
-0.175775
-0.614224
-0.460425
0.999166
0.427226
0.141611
-0.396742
-0.646174
-0.437138
-0.191841
0.395794
0.493134
0.107936
-0.259
0.82814
0.252282
-0.0742342
0.0302275
-0.367871
-0.5105
-0.246374
0.213332
-1.00079
-0.714905
-0.72371
-0.470813
0.885848
0.302344
-0.218771
-0.603065
0.0943803
-0.0759623
-0.492418
0.0137152
-0.00471149
0.284974
0.19031
-0.707317
0.0132901
0.347291
0.168076
0.480661
0.0932848
-0.553634
-0.559051
0.416772
-0.552868
0.438649
0.757584
0.144143
-0.157403
0.294553
-0.0421667
0.230071
0.693144
-0.204017
0.72842
0.286706
-0.885089
-0.878346
-0.638523
-0.646319
-0.326268
0.503536
-0.589603
0.0558735
0.719653
-0.614762
0.770363
-0.14446
-0.270941
0.746291
0.384962
0.783062
0.323383
0.333745
-0.431142
-0.333655
0.704963
0.632256
0.616749
-0.341902
-0.125837
0.464262
-0.104381
0.777124
0.367171
-0.191351
0.423364
0.113142
-0.590614
0.620879
-0.00123045
0.365852
-0.420116
0.442182
-0.423844
-0.569455
0.626904
-0.638044
-0.0441769
0.837742
0.473516
-0.0677319
0.0563421
-0.208856
-0.334331
-0.103728
0.377163
0.287468
0.256949
0.0846393
-0.83168
-0.0254087
-0.549627
0.221372
-0.0429756
0.455026
-0.433491
-0.58193
-0.30923
0.473048
0.0452321
-0.649544
-0.354325
0.418431
-0.360214
0.675361
0.151184
-0.603125
-0.347837
0.841701
-0.240483
0.0665222
0.657605
0.578779
0.507811
-0.0169806
-0.5066
-0.609702
0.490321
-0.0588206
-0.147042
0.307273
-0.773381
-0.103063
-0.719639
0.0571467
-0.475699
-0.339488
-0.149639
0.646175
0.608784
0.209896
0.534275
-0.325342
-0.130597
0.53604
-0.407434
0.743329
-0.717034
0.839216
-0.487903
0.720815
0.124492
0.627883
-0.550939
0.304603
0.725957
-0.0157666
0.139424
0.175494
-0.170877
0.182979
0.0672415
0.320046
-0.737075
0.0214941
0.648195
0.330522
-0.207586
-0.00469093
-0.457172
-0.346244
0.122808
-0.0430815
0.261653
-0.296932
0.897633
0.55632
0.0692378
-0.0588492
-0.200558
0.427203
0.127951
-0.370849
0.670682
0.326468
0.414331
0.0244571
-0.0604062
-0.317015
