-0.284353
1.27389
0.560095
0.440075
-1.08593
-1.01122
-1.22262
0.984749
0.313859
0.484404
-1.49646
1.29612
1.02927
-0.821577
-0.99944
-0.913035
-0.662838
0.282821
-0.246215
-0.609651
0.358289
-0.992835
-0.58121
-0.209295
-0.110106
0.899744
-0.743432
0.0861016
0.172001
-1.33612
0.379044
-0.949392
-1.26811
1.32073
1.17967
0.801022
-0.467303
-1.10791
0.541319
-0.167924
-0.965964
-0.0573373
-1.25474
1.22222
-0.661769
0.593056
-0.464648
-0.100448
0.13924
-0.866446
1.23539
0.719018
1.1381
1.00073
0.454819
1.22182
-1.22425
-0.960097
-1.34805
-0.585735
-0.185639
-0.745608
0.984768
-0.351574
-0.572085
0.301737
-0.928028
0.93539
-1.2562
1.29694
0.791189
-0.83944
-1.43366
0.881133
0.719476
0.679733
0.890122
-1.20719
-0.549901
-1.10838
0.920816
0.315194
-0.470491
-1.07693
-0.399362
-0.351231
0.637821
0.467177
1.11386
-0.119143
-1.1509
0.636908
0.758722
0.125662
0.784574
-0.136702
0.0708917
-0.269255
-1.20305
-0.980782
-1.28128
0.433002
-0.529027
-0.166483
1.08609
-0.5251
-0.401895
0.802694
-0.89838
-1.33175
-0.656666
-1.03841
1.16742
0.870094
0.309361
1.1582
0.660845
-0.864149
1.18796
-0.0376592
0.878832
1.12774
-0.411078
-1.11059
-0.71911
-0.166673
0.90587
0.979441
-1.28623
0.0327636
-0.290351
-0.813508
-1.15035
-0.358417
1.3378
-0.586205
0.0816774
0.392687
-0.405198
1.27858
1.25586
-0.534132
0.0143029
-0.501186
-0.555608
-1.2055
0.336949
-0.077892
-1.19689
-0.696185
1.34332
-0.800811
-1.12052
-0.180165
1.30611
-0.535806
0.665888
0.705064
-0.624913
0.702021
-0.30243
0.329333
0.289678
0.0466696
-1.16084
0.91242
-0.50799
-0.701123
-1.22859
0.205502
0.544174
-1.23193
-0.00181934
-0.750432
0.541184
-1.10464
0.386198
-0.245995
1.15152
-1.00672
-0.41321
-1.00388
1.21522
1.10546
-0.637626
0.61066
0.701617
0.00919411
0.0950756
-0.834082
-1.29661
1.11513
0.973169
0.156798
-0.551494
-0.543462
0.721389
1.07753
1.1075
1.00164
0.433526
-1.20458
-0.920077
1.0865
0.315755
-1.36567
-1.10485
0.493397
-1.29458
-1.00637
0.144955
0.569631
0.581106
-0.718292
0.620641
-0.714733
-0.404981
0.733362
0.534188
0.963545
0.578842
0.120528
-1.28121
-0.462903
-0.624735
-0.626934
1.19029
-0.338383
1.14839
0.319186
0.867529
0.00574676
0.314166
-0.163174
-0.776367
0.639248
-0.485958
-1.27737
0.38239
-0.992476
1.31302
1.33633
0.993697
-0.456077
-1.2924
1.20561
-0.167206
1.29869
1.4385
0.914732
-0.481172
-0.323313
0.815739
-0.526084
-0.870017
-0.0333697
1.21075
0.53718
0.264117
-1.15232
0.340738
1.32347
-1.04445
-0.0960758
0.966808
0.41298
0.531083
0.458239
-0.420139
-0.51673
1.07528
1.02304
1.04695
1.12011
0.184556
-0.0587488
0.897677
0.378487
0.595792
0.928913
1.11002
-0.429508
-0.196968
-1.21738
0.102032
-1.40273
-0.0413689
0.25138
-0.737303
0.0997634
-1.29699
-1.3059
0.845451
-0.406425
-1.08767
0.0839589
0.954942
-0.790884
0.371606
-1.03845
-1.42438
0.111475
0.222886
0.299919
0.593756
1.36415
0.160643
-0.558838
0.765715
-0.500899
-0.147264
-1.14595
-1.36467
1.37507
0.873946
0.342657
-0.286671
-0.965379
-0.824314
-0.66531
0.143198
0.564663
0.429795
-0.651803
1.40204
0.693026
0.172568
0.364128
-0.173424
-0.796262
-0.260429
0.788333
-1.24384
-0.936742
-1.15029
-1.30354
0.979181
0.651576
-0.00815247
-1.21065
-0.0752652
-0.240044
-1.01972
-0.180652
-0.290496
0.171805
0.293597
-1.34094
-0.349073
0.354342
0.228394
1.04769
0.440225
-0.937466
-1.19994
0.376643
-1.24557
0.322918
1.30571
0.310749
-0.0952119
0.353774
-0.202201
0.211534
1.18112
-0.306971
1.21005
1.03633
-0.797564
-1.21887
-1.15688
-1.15659
-1.01618
0.489643
-1.15763
-0.586173
0.83086
-1.29191
0.802071
-0.497215
-0.900399
0.396894
0.183973
1.081
0.669517
0.70349
-0.683442
-0.82601
0.779816
0.851157
1.34936
-0.197812
-0.29346
0.886001
-0.481556
1.21271
1.05244
-0.0866823
0.871368
0.809533
-1.12364
1.32604
-0.0714182
0.909063
-0.518014
1.08476
-0.379203
-1.30454
1.1823
-1.08422
-0.441741
1.40895
1.34564
0.324212
0.577806
-0.016506
-0.632584
-0.417061
0.472677
0.543373
0.747684
1.01636
-1.21921
-0.164724
-1.14689
0.128962
-0.248161
1.09125
-0.302211
-1.19243
-0.977098
0.814244
0.110944
-1.17098
-1.08788
0.482264
-1.01255
0.984773
0.628871
-1.09553
-1.19252
1.3966
-0.338676
-0.257323
0.831703
1.33209
1.34237
0.681973
-0.4575
-1.22917
0.766226
0.132286
-0.196854
1.05687
-0.878542
-0.0930983
-1.39103
-0.270218
-1.23902
-1.10466
-1.24613
0.416887
0.737947
0.269583
1.23856
-0.471224
-0.606026
0.983319
-0.881059
1.24512
-1.4643
1.14417
-1.15031
1.19843
0.00571338
1.42242
-1.16281
0.0989664
1.24932
0.0860278
0.272005
0.618394
-0.166055
0.462366
0.314397
1.07457
-1.14327
-0.79884
1.24514
1.17371
-0.0575184
0.219582
-0.738116
-0.850959
-0.243459
-0.286566
0.0680234
-1.19999
1.35324
1.23926
0.655353
-0.140065
-0.654632
0.986328
0.375126
-0.777514
1.09956
1.03467
1.17059
0.532232
0.332864
-0.21207
1.1979
0.984335
-1.13578
-1.48948
-0.295946
0.958529
1.37797
-0.977896
0.157607
-0.338263
1.19503
0.980599
1.0528
-0.0893188
-0.3456
-0.655545
-1.14689
0.85143
0.916423
1.31881
1.41459
0.134712
0.818128
1.25479
0.906938
-0.736074
-0.120999
-1.12422
1.25256
0.286083
-0.74803
0.345085
0.35358
-0.43428
-0.911383
0.348964
0.0858458
0.706211
0.0997673
0.990084
0.0822696
0.079898
0.976226
-0.307861
-1.21499
-1.26033
0.794003
0.287684
0.626909
-0.704222
-1.00919
-1.40691
-0.187825
0.197185
-0.151571
-0.148407
1.01149
-0.448798
0.113595
0.779063
-0.233291
0.234097
1.0343
1.32092
-0.873491
1.09065
0.00613706
-0.55801
-0.219304
1.28276
-0.0319477
-0.395544
0.398897
-0.582468
-1.08825
-0.997074
-1.09357
-0.970525
-0.963701
0.519192
-0.95363
-0.32198
1.12764
-0.245634
0.467685
-1.09043
-0.939523
-1.19043
-0.923629
-0.574803
-0.904399
-0.995846
-1.15625
-0.189724
-0.798713
-0.359757
0.106259
0.610928
-1.4461
0.868352
0.388034
-1.08611
1.09798
1.1153
-1.38678
-0.691796
0.723975
0.560328
-0.743466
-0.691748
-0.414432
0.00293887
0.157863
-0.3963
0.00605707
0.687237
-1.21685
-0.439973
0.621705
1.21263
0.147763
-0.0085256
-1.30491
-0.171407
-0.0222119
-0.628404
-0.758069
-0.486698
-1.16332
-0.472324
-0.82418
-0.465105
-1.04012
1.16814
0.457441
0.566333
0.824013
-0.00765089
-0.969406
0.0317092
0.262862
0.667341
-0.303823
-1.21145
-0.666498
-0.474935
0.384846
0.0777109
-0.450118
1.49398
0.358806
-0.711544
-1.18122
-0.93371
-0.526685
-0.839947
-0.633679
-0.600007
-0.765918
1.1516
-1.14067
0.0890095
-0.269147
1.37884
-1.1281
-0.254271
1.33172
1.06181
0.896935
-0.692612
-0.783609
0.527355
1.21553
-0.111447
0.159981
-0.613144
0.847434
-0.778818
-0.574505
-0.0851533
-0.132462
-0.768899
-0.996842
0.27855
-0.741686
0.161312
-0.936443
0.00549955
0.00866103
-1.13294
-0.417281
-0.995
-1.21074
1.43194
-0.569092
0.916158
-0.80413
0.56533
0.837266
0.142156
-0.180178
-0.209297
-0.401013
1.24105
0.84952
1.39951
-1.00277
0.756877
1.18679
-0.883535
-1.31618
0.634104
0.281058
0.961739
-0.936931
0.803836
-0.91967
-0.847254
-0.80663
1.01063
0.512227
-0.0912997
-0.463617
0.850885
-0.419507
0.834873
-0.190731
-0.512295
-0.0855702
-0.558386
0.806196
-0.0239753
-0.90797
0.975632
-0.256401
0.138028
1.01596
0.34992
-1.04316
1.12014
0.357977
-0.547679
-1.04176
0.849153
0.524298
0.0345509
0.931154
0.871426
-1.04367
-0.501266
-0.765353
0.831539
-1.18919
0.226295
0.84424
1.01877
-0.45751
0.903193
-1.17024
0.902472
-1.06454
-0.358238
0.695615
-0.878966
-0.711044
0.562141
0.620435
0.281132
0.68375
0.0647296
-0.682317
-0.507556
-0.865512
1.30011
0.206235
-0.231633
-0.0297999
1.31112
-0.941839
0.289635
0.137132
0.33215
-1.32
1.19327
1.20806
0.17546
0.647683
1.26729
0.632531
-0.909511
0.207581
0.268988
-0.196355
0.628829
1.24361
1.01735
-0.340344
-1.19351
1.31344
0.934646
-1.04181
1.06542
0.935218
0.201103
0.309824
-0.318547
-1.35858
-0.346674
1.00529
-1.39523
-0.634291
-0.219772
-0.0690136
1.0942
-0.384455
-0.456347
0.644188
0.0641359
-0.707808
-0.161749
-0.926414
-0.751256
0.0323325
-0.265324
1.23888
-0.470928
0.147521
0.320291
-1.34768
0.484929
-0.81953
1.313
-0.92505
-0.073575
-1.35637
1.29986
-0.0434927
0.3279
-1.11193
0.744123
-0.67307
1.07274
-0.835337
-0.685055
-1.29004
-0.054331
0.174137
-1.14186
0.702171
-0.259615
0.0957421
-0.320906
-0.217846
0.147277
-0.954228
-0.796754
1.08467
1.34605
-0.314921
-0.625553
0.66659
-0.320326
-1.43509
-1.00784
0.702901
0.440516
-1.23364
-0.811607
-0.79899
0.38041
-1.42372
-1.08833
0.634756
-0.832543
0.359482
-0.893648
-1.30216
-0.803067
0.630381
0.97514
0.934985
-0.323251
0.32939
-0.613416
-0.796469
0.977865
-1.38615
-1.17139
-0.774865
-1.1799
-0.704067
0.135964
-0.280939
0.983251
0.932165
-0.498018
-0.669368
-0.349032
0.275295
-0.702847
0.341774
-0.216507
0.11345
-0.0679982
-0.465384
1.56129
0.799992
-1.11206
1.02129
-0.0597778
1.012
0.935162
-0.0952644
-1.35685
-0.565384
0.0900783
0.428186
-0.658511
-1.09705
0.857588
1.40838
0.0803333
-0.833284
-0.545563
-1.27471
1.23306
-1.17255
0.144726
-0.554072
0.0747501
0.457656
0.866366
-0.88624
-1.46988
-0.893133
1.03769
1.01258
0.202279
0.228999
0.556423
-0.977064
1.08043
-0.167005
-0.249099
0.0500152
-1.30765
-0.857061
0.60016
-1.03792
0.313576
-0.72723
-0.250978
-0.503868
-0.490917
0.478769
-0.603725
0.227
-0.0202014
0.452868
1.32183
0.527101
-0.771316
-1.30122
-0.594408
0.268105
-1.14664
0.0308638
0.344808
-0.409486
0.776424
-1.18621
-1.09581
0.598844
0.0154193
0.475522
-0.13711
-0.753366
0.904848
0.810632
0.479067
-0.623458
0.106725
-0.317849
-1.22166
1.21664
-0.892584
1.17814
-0.191164
