-19.4869
-19.1996
-5.77527
-25.2325
42.4834
-3.89513
-9.84681
-13.2121
6.86512
-10.0892
4.01942
8.68211
2.18155
-6.57825
-2.62219
20.5762
11.3333
-8.74631
-7.82531
9.84937
-0.636712
13.5789
7.51677
1.2487
-7.06116
23.8491
21.043
-17.2499
3.64822
-5.83668
-24.1425
12.8137
2.18668
-7.70118
4.1208
-7.48794
27.4487
7.89004
13.5857
-13.5386
6.79318
0.0748098
-7.51301
6.40036
9.89492
8.60493
-10.1463
-0.107718
-44.6071
-3.14548
-16.532
-13.6691
8.24023
-10.4857
-2.21461
-5.34482
19.0318
2.54137
9.28222
3.22208
7.75824
-0.0529732
10.405
-7.59199
3.17159
28.3457
-2.96095
-8.17383
-8.16128
4.18449
-19.4025
2.94063
-16.2067
-1.21607
17.3996
2.98711
6.88598
9.92709
-7.0252
17.7368
4.77274
-12.2749
9.14715
-3.94172
-5.81422
4.27639
38.7449
0.116866
7.14187
-13.0287
-9.7849
0.593892
17.6991
-0.401836
13.362
14.7271
20.2802
-8.34977
15.9441
8.71043
-0.152902
-3.80967
12.2459
5.54498
13.3751
3.84384
3.18667
-12.479
7.66813
15.3538
-15.8195
-22.7426
11.3197
5.36808
16.4809
26.7505
6.18617
13.5702
13.9241
-4.74778
-7.69059
-2.58927
-4.06845
-10.9403
8.87862
-3.67388
-13.0942
-10.2734
20.3222
3.65778
-11.0441
1.11971
-7.76035
10.0284
5.71962
-16.2965
30.8841
9.14795
-13.5285
-2.06792
-11.7689
17.2788
-17.235
-3.51769
-18.1076
2.05942
13.3991
-0.522769
5.87144
13.5988
8.73525
1.42634
-6.37206
0.527151
-19.7307
-3.53625
-6.96796
11.6206
6.9524
8.63569
-3.87581
-20.5793
11.1607
-17.7343
-7.52319
-5.98394
7.10939
-16.07
0.628549
-14.6314
2.83352
-4.09737
19.3319
-2.73611
8.40212
15.4038
14.342
9.73387
12.2297
-9.74651
-23.5636
-2.02783
6.08903
-8.99833
-2.15843
-15.8342
-1.49242
-3.83585
-0.56513
-27.1084
11.1456
-1.79953
-9.18108
14.0505
-8.90506
-1.96242
-16.8094
1.22343
-16.2156
-0.56311
-1.95082
-10.7995
1.41083
6.51166
7.90365
0.902131
8.79274
15.6744
-3.76119
12.2187
-5.6207
18.1871
-19.1734
1.82685
-18.8282
8.62339
-22.074
-2.42041
2.45635
-16.3906
-9.45774
-14.021
-2.49124
-11.9627
-10.7421
-13.2946
-11.9521
-13.6664
-5.54582
-12.3946
1.38458
6.35247
-8.92753
-2.69179
8.10446
-14.6406
18.506
-1.03626
-9.3556
-3.59931
-5.62075
0.626145
14.2747
12.9857
-8.48097
-8.82774
18.6316
-1.28096
-21.2667
12.4921
10.9391
-10.8611
7.10021
10.2032
3.73328
-19.1454
-3.89482
3.15451
-2.04198
-1.68568
26.4214
16.4353
7.64097
-21.3078
-13.9922
35.2194
-6.07964
2.69914
-1.6449
-3.64361
3.41201
-14.0478
-5.64362
1.54487
27.9857
6.47391
-5.58078
-26.4701
12.0247
8.83104
-8.26091
-0.0409189
-8.53845
-5.38469
-8.87775
14.0695
11.3457
-3.32898
-5.95543
20.675
3.88488
8.41117
-23.2395
7.54084
10.3786
-2.21675
-1.09864
-21.6935
-0.561082
19.7321
-7.81674
23.2847
-2.21046
-11.0481
-7.3559
-20.87
6.69292
-7.26187
3.55733
-10.4201
-8.58166
-2.09448
-23.1019
-6.24929
18.1066
3.21187
-6.31175
-15.7279
17.2166
18.6437
-8.70847
0.779917
28.7865
-23.7719
-2.0025
-15.0365
-2.81886
20.4246
-1.97474
11.4972
-3.87351
-12.0378
0.190215
0.484807
-28.2701
-3.54591
5.76312
-13.6848
35.9541
-6.50936
-2.20927
6.43522
-7.00766
-15.7652
-9.66548
4.83288
0.720697
-19.3611
-11.7501
15.7221
-0.396282
-18.5484
-7.15331
-9.52236
4.55055
-4.05997
-11.7946
0.140926
-3.60349
10.5233
10.0596
-0.397954
-0.0268133
14.942
12.4588
11.5665
6.91536
4.82929
-14.889
-5.6433
-4.47649
-0.340526
13.6217
15.1891
-22.0522
-15.1968
-9.65534
1.38798
-15.6204
-2.34123
-11.0161
-2.85456
-12.2773
-2.55106
1.80828
-11.1366
-1.47847
2.23659
-6.82525
14.9888
-15.4028
-22.9431
-15.4969
-16.771
-7.97745
-1.88072
14.8222
5.81772
-26.2945
4.50973
5.20659
-4.74537
8.67587
-6.01519
3.13236
-17.0568
-11.0758
15.9468
-18.0639
-4.85979
3.84486
-11.2413
0.553135
-5.78471
1.6443
3.54716
20.0025
-2.45259
-12.9759
-5.316
13.6608
7.65498
5.87788
6.25501
-16.1633
11.9559
7.65936
-22.9811
-4.58208
18.1405
-15.8755
5.30527
-23.5548
26.8573
1.71728
15.1776
-6.94257
23.9891
4.07543
11.819
5.45864
-7.92055
12.8118
-5.95453
15.1766
-5.79964
21.3787
-3.1252
8.68084
-2.09199
19.8662
-13.718
-13.2235
-6.7972
4.08995
-3.04353
5.83624
-4.97763
-6.33671
15.8599
-6.10853
15.8391
-0.79997
7.67098
17.1267
31.909
12.4888
-18.8635
0.531957
-16.162
-14.4015
11.6964
-1.61858
10.8745
-1.37271
-7.01243
2.96944
6.27327
18.0028
-11.321
-10.4473
-25.8064
-4.72064
-6.43946
12.5203
-10.4452
-5.85094
-5.44612
9.48266
7.36508
23.8959
7.37315
4.51659
-3.44353
9.98861
-8.58603
-9.71394
-8.42217
-0.49393
9.25976
-45.5802
9.16814
-0.183022
-8.29113
-9.70071
-8.15952
9.71012
-3.28123
4.52819
7.21996
24.0339
7.51819
9.45394
-5.63914
-6.15057
-10.8615
12.5079
-6.63095
-4.4466
-25.6408
-10.4355
-11.4648
17.7514
6.44077
2.96489
-4.75692
-1.07635
11.0445
-1.62256
11.5306
-14.5501
-15.9991
0.52462
-19.0322
12.812
31.5192
17.1235
7.47455
-1.11156
15.9857
-6.11052
15.7015
-6.04465
-4.82218
5.82828
-2.62952
3.78054
-6.63609
-13.2242
-13.875
20.9479
-1.93934
8.69138
-3.281
21.0942
-6.2348
15.1591
-6.12554
13.0858
-7.76023
5.45702
11.6539
3.77322
24.1426
-6.95051
15.5943
2.00408
26.999
-23.5657
5.14611
-16.0206
18.2993
-4.58409
-23.1783
7.93998
9.6711
-16.1574
6.08782
5.56693
7.81411
13.6485
-5.50149
-12.6969
-2.27562
20.0164
3.97202
1.34474
-5.62698
0.532059
-11.4048
3.95075
-4.70876
-18.0851
15.7696
-11.3941
-17.4915
3.11825
-6.19715
8.96906
-4.574
5.18284
4.32202
-26.598
5.99371
14.8139
-1.49607
-7.68223
-16.6097
-15.4947
-23.079
-15.5153
15.1849
-6.82919
2.07612
-1.176
-11.5603
1.79067
-2.71973
-12.5601
-2.67219
-11.0148
-2.50216
-15.3408
1.53884
-9.69616
-7.68973
-22.3502
15.3693
13.621
-0.507705
-4.33691
-5.47747
-14.8897
4.6669
6.63308
11.1397
12.4623
14.763
0.258972
-0.243366
10.0521
10.3149
-3.93914
0.266275
-11.8034
-3.62181
4.85093
-9.35789
-7.16047
-18.6929
-1.47675
15.879
-11.7751
-19.5362
1.01226
4.4108
-9.65064
-15.9115
-7.30489
6.60045
-2.19529
-6.6684
36.2831
-13.5273
5.75353
-3.12818
-28.57
0.658736
0.191829
-12.2059
-3.72491
11.6809
-1.94788
20.2719
-3.12451
-17.2814
-1.99113
-23.8763
29.0938
0.944012
-8.69405
18.4798
16.9177
-15.5659
-6.32936
3.63361
18.3951
-6.09267
-23.1159
-2.25031
-8.72298
-10.2764
3.56405
-7.43254
6.99378
-21.289
-7.32943
-11.2045
-2.5022
23.4561
-7.81918
19.5805
-0.277887
-21.5345
-1.09007
-1.79156
10.1022
7.69081
-23.2305
8.25639
4.04636
20.8237
-5.96836
-3.49049
11.0607
13.6378
-8.86927
-5.546
-8.25231
0.121261
-8.24728
8.66888
11.6869
-26.3214
-5.54965
8.74576
28.2723
1.68672
-5.67336
-14.2106
3.30322
-3.46973
-1.62506
2.52822
-5.77807
34.7911
-14.0108
-21.4803
7.34123
16.6032
26.409
-1.87323
-1.74397
3.3137
-3.9142
-18.7088
3.44486
10.3804
7.10632
-11.0189
6.42808
12.6446
-21.2884
-1.44587
18.3372
-9.24193
-8.45612
12.8115
14.5427
0.754271
-5.62761
-3.766
-9.65356
-0.855689
18.5042
-14.2202
8.40099
-2.54563
-8.9355
6.18762
1.23624
-12.2194
-5.54234
-13.85
-11.6476
-15.5229
-10.7329
-12.1105
-2.7535
-13.8605
-9.45436
-16.5508
2.77712
-2.28447
-22.0696
9.04194
-19.1129
1.99833
-19.1506
18.0456
-5.46501
12.3786
-3.75331
15.521
8.5106
0.479628
7.88815
6.32374
1.6799
-10.6458
-1.97455
-0.748748
-16.4918
1.38871
-16.7985
-1.53101
-8.60142
14.2085
-9.20083
-1.97472
11.0004
-26.9982
-0.602944
-4.00045
-1.20656
-16.2512
-2.14893
-9.15616
5.78977
-1.85679
-23.5625
-9.90348
12.5419
9.91414
14.3281
17.6561
8.0934
-2.57366
19.3129
-4.26425
2.94276
-14.4717
0.622568
-16.2447
6.81666
-6.42441
-7.53006
-17.9126
11.4591
-20.3994
-3.87293
8.48247
6.66127
11.7981
-6.95683
-3.12055
-19.427
0.696815
-6.37997
1.26277
7.67719
13.7666
5.88256
-0.670768
13.7122
1.64235
-18.1143
-3.69084
-17.5168
17.4551
-11.7498
-2.20085
-13.2234
9.31235
30.8902
-15.8841
5.41344
10.1931
-7.76206
0.963286
-10.896
3.81014
20.3344
-10.4723
-13.4007
-11.1835
8.88884
-11.0982
-3.77423
-2.41412
-7.67973
-4.90296
13.6381
13.7411
6.21727
27.1498
16.7888
5.51572
11.3046
-22.9297
-15.9416
15.5477
7.68996
-12.6413
3.49424
3.44051
13.4198
5.39276
11.9296
-3.64622
-0.137332
8.5484
16.218
-8.20352
20.2896
15.15
13.0694
-0.261227
17.699
0.42218
-9.65712
-12.8662
7.15137
-0.0262251
38.4617
3.81862
-5.81838
-4.11781
9.43971
-12.1372
4.77527
17.5665
-7.32423
10.1321
6.89157
5.25218
17.6974
-1.06093
-16.224
2.75968
-19.5464
4.35315
-8.15488
-8.33379
-2.64834
27.9406
3.171
-7.75505
10.0831
0.101371
7.76584
3.03285
9.56225
2.70394
19.0125
-4.92925
-2.51357
-10.3333
8.22381
-13.8659
-15.4469
-2.97222
-44.5973
-0.238682
-10.4461
8.19202
9.88639
6.24623
-7.20612
0.261356
6.81308
-13.7014
13.2969
8.04991
27.4455
-7.07466
4.38811
-7.53457
2.20532
12.6484
-24.2899
-5.64865
3.63914
-17.4027
21.3612
21.5999
-7.05753
1.07246
7.23194
13.7398
-0.64046
9.68024
-7.5351
-8.55081
11.3354
21.0013
-2.92393
-6.43136
2.18415
8.5081
4.12996
-9.95222
6.85355
-13.3593
-10.1435
-4.28482
42.4666
-25.4391
-5.49938
-19.037
