-0.873613
-0.257749
-0.261162
0.369165
-1.44961
0.223469
-0.976626
-0.532459
-1.41169
-2.58236
-2.69347
-3.05429
-4.39783
-20.8952
12.8598
3.40268
1.18828
0.755285
-0.127262
0.919796
0.822715
2.60918
3.67616
5.22058
3.68952
-6.86407
1.40283
-14.3768
-2.44352
-2.08369
1.1975
2.29978
1.26343
0.00684673
-1.77126
-2.13874
-2.79073
-1.27659
-2.97277
-20.861
0.733266
8.10975
5.3572
3.93619
3.12811
2.13911
1.11388
0.462636
0.971425
3.43139
3.96243
-1.37765
13.6517
-0.591815
-1.93689
-0.307778
-0.877851
-0.125745
0.741309
0.379538
0.427212
0.604271
-0.712333
-1.52691
0.464968
-5.96
-7.19937
-3.68045
-1.95022
-1.01177
-0.387915
-0.0898858
-0.309157
-0.361766
-0.288247
-0.414869
0.218854
-1.17811
1.03558
1.22294
0.592554
0.605124
0.364664
0.355276
0.0817351
0.0711034
0.294979
0.0651386
0.254572
-0.201964
0.515293
-0.713557
-0.396555
0.0229027
0.0828748
0.257412
-0.0470225
0.584121
0.330664
-0.0673929
-0.31264
-0.0524129
0.513304
0.372191
0.580734
0.241801
0.0806555
0.0050202
-0.813615
0.116931
0.30688
0.314111
-0.0450222
0.106122
0.346311
0.202944
-0.358404
0.169657
0.411203
0.430064
0.273424
0.38484
0.411394
-0.105386
-0.0977097
0.298464
0.358053
0.189707
-0.170802
0.0333459
0.119022
0.297023
-0.12277
-0.371
0.24872
0.0902916
0.00955403
-0.0846677
0.280792
-0.166211
0.373929
0.189359
0.405718
0.391723
0.144931
0.192783
0.369084
-0.0245481
-0.045095
0.263892
-0.18632
0.153193
0.209951
0.0290821
0.0516068
0.149746
0.0242313
-0.0283761
0.320917
-0.130012
-0.0748841
-0.345932
0.196987
-0.11911
0.109369
-0.000571281
-0.0327488
0.209509
0.2022
0.153641
0.140073
0.131511
0.0787764
0.0461798
0.37322
0.0830163
-0.00498173
0.0969573
-0.0177246
0.138453
-0.124403
-0.185718
0.0458485
0.510249
0.435662
-0.533932
0.120165
-0.0950614
0.30126
0.225947
0.544621
0.368732
-0.279762
0.159892
0.257813
0.792844
0.551504
1.48215
0.149876
0.0913016
-0.247346
0.090049
-0.28282
-0.0379243
0.249846
0.432709
-0.0669116
0.365063
-0.243516
-0.259951
0.335976
0.352722
0.11543
-0.504129
0.106016
0.480044
0.196787
-0.306869
0.587347
0.0501139
-0.0530651
0.0764729
0.0926186
0.245825
-0.1189
0.0269311
-0.0294618
0.567921
-0.0218561
-0.230353
0.491948
-0.0188304
0.06227
-0.329581
0.0953811
0.0581044
-0.0430254
0.610024
0.00168101
0.00724517
-0.174227
0.193118
0.0189355
-0.0103173
-0.163342
0.131335
-0.175721
0.274686
0.0994762
0.22194
0.0620876
-0.123527
0.0193519
-0.101662
0.0440048
0.0889993
-0.392926
0.091449
-0.0131528
0.200413
-0.148445
0.139472
-0.0106002
-0.25509
-0.0731798
-0.37429
0.416173
0.0851107
-0.246469
0.170131
0.314418
0.298565
0.0652109
0.274933
0.53785
0.0207004
0.0977839
-0.460072
0.0439818
-0.162013
0.240271
0.0399187
0.148006
0.456842
0.0427404
0.127781
0.0217411
-0.641932
-0.0268191
-0.176904
0.168511
0.277884
-0.43186
0.454943
-0.0807037
-0.0170113
-0.237953
0.152144
0.182358
-0.021407
0.192775
0.07607
0.468656
0.079566
0.0444248
-0.0567858
0.122851
0.11297
-0.100056
0.0261608
0.351337
0.230748
0.212077
0.471533
0.483734
0.16783
-0.416715
0.420852
-0.0148641
-0.125448
-0.166538
0.00918627
0.563887
0.138322
0.750297
0.0704304
0.0993915
0.191227
-0.668286
-0.00875521
-0.384823
0.259197
-0.157201
-0.287684
0.00445813
0.0174019
0.0604615
-0.662935
-0.00239277
-0.055725
-0.134497
-0.0136845
0.0410484
0.295449
-0.0439334
-0.076846
0.959663
-0.0126612
-0.142222
0.164588
-0.484558
0.171261
-0.0041869
-0.296887
0.102393
0.789874
0.0197204
0.02288
0.183973
-0.169163
-0.34221
0.42709
-0.138831
-0.249072
-0.022065
0.227472
0.109583
0.166069
0.849716
0.268767
0.521707
0.240761
-0.40129
0.281781
0.0258799
0.468108
0.323467
-0.0479802
-0.119988
0.298502
-0.0313625
0.0260311
0.0805064
0.261594
-0.137052
0.033098
0.00718015
0.203835
-0.300749
0.0838055
0.0270915
0.281124
-0.0603454
0.055204
0.112802
0.0296451
-0.113072
-0.0672014
-0.103735
0.0881094
0.897685
0.13487
0.126048
0.222359
-0.070216
-0.0821782
0.218952
2.51475
-0.036302
0.271263
0.45835
0.214794
-0.331965
0.0424719
0.0140405
0.331315
-0.132128
0.254564
-0.246944
0.135801
-1.33561
0.259021
0.148803
-0.3781
-0.371979
0.0491948
0.116615
0.0419171
-0.0949382
0.102019
0.286728
0.146479
0.725649
-0.188538
0.109177
-0.327213
-0.0959156
-1.05268
0.135353
0.0953094
0.218768
0.239903
0.0355026
-0.140517
-0.216975
0.371274
0.140059
-0.247418
-0.185085
0.0252686
0.252445
-0.146101
0.104025
0.223866
-0.0560141
-0.127052
0.173997
0.171852
0.652537
0.032158
0.311895
0.475239
0.35395
-0.319871
0.394156
0.0458797
0.231656
-0.206294
0.114413
0.125497
0.113993
-0.0400223
0.208075
0.114158
0.110263
-0.152977
-0.215029
-0.653888
0.0817329
-0.106428
-0.0667691
0.044446
-0.00953674
0.120003
-0.0781338
-0.0146849
0.266884
-0.258885
0.113544
0.196301
0.153293
0.590852
0.00147861
0.069535
0.526568
0.288681
0.439912
0.197686
0.0458556
0.0905807
-0.211342
0.258795
0.1849
0.115237
0.153444
-0.0748996
0.095575
-0.213696
-0.141445
0.0505852
0.0625769
0.047426
-0.873613
0.0636585
0.0875525
0.185075
-0.110798
0.162841
0.172618
0.52917
0.244843
0.0338063
0.183658
0.0568131
-0.358961
-0.0220998
-0.102564
-0.358762
0.0710079
0.00678444
0.492867
0.151456
-0.327399
-0.0226188
0.0840567
-0.00678676
0.253338
0.0594398
0.0933141
0.120699
-0.203803
0.201796
-0.0156052
0.0996593
-0.0667691
0.0841494
-0.0191855
0.315501
-0.0342184
-0.590892
-0.0216987
0.212205
0.259154
0.177141
0.383284
-0.414592
-0.0833255
-0.0854527
-0.0538898
0.0286549
0.528104
0.682476
0.089712
-0.348101
-0.0379977
0.0485743
-0.881545
0.0215862
0.373733
-0.0532752
0.0339429
0.0548425
-0.156073
-0.109701
-0.0168586
0.00956631
-0.185085
-0.0688798
-0.103686
0.172757
-0.161322
0.246369
0.335692
-0.106994
0.439734
0.0367094
0.278221
-0.00337499
-0.175053
0.194812
0.0739792
0.469651
0.53087
0.156476
-0.299011
-0.0286654
-0.180607
0.170828
0.124142
0.0358272
0.328848
0.13268
0.0193504
-0.0651029
0.227064
-0.0552188
0.65702
-0.154193
-0.132128
0.715451
0.0806861
0.504121
0.0222083
0.0702685
-0.483714
0.136865
0.551472
0.200521
0.268591
-0.113661
-0.0941935
-0.310736
-0.171401
-0.0783427
0.684479
0.606635
-0.00380778
0.232256
-0.0890385
0.170183
-0.127489
0.00541013
0.183141
0.176309
0.0404837
0.0868396
-0.113189
0.158771
-0.163543
0.0865382
-0.137052
0.306366
0.140294
-0.0464
0.0974009
0.170198
-0.170121
0.219481
-0.115856
0.27197
0.214694
0.0848501
-0.240697
-0.711893
-0.578884
0.0904555
0.272171
-0.0247291
0.124406
0.0636501
-0.0633203
0.190183
-0.0834692
0.3268
0.0215129
-0.111674
0.292518
-0.0199126
-0.270806
0.815029
0.163128
-0.0144638
0.113464
0.385977
0.971097
0.302819
-0.072767
0.356403
-0.192952
0.563017
0.0193554
-0.572577
0.465689
0.394302
0.0612143
0.0082401
-0.0799635
0.0601376
0.6888
0.0336139
0.620953
-0.371135
0.0919828
0.353532
0.31439
-0.330392
1.28949
0.228404
0.0400383
0.383772
0.11058
0.124589
-0.257486
-0.218622
-0.166538
0.611685
-0.49638
0.916155
-0.433085
0.175636
1.89543
-0.158006
-0.0106503
0.584655
0.393386
0.0155739
0.050137
0.0756978
0.0523302
0.074211
0.80478
0.0484599
0.00597981
0.409217
0.141346
0.313345
0.251484
0.22132
0.349572
0.0735695
0.224901
-0.0418246
-0.294313
-0.178271
-0.0828161
-0.511984
0.438518
0.00241861
-0.0122097
-0.285001
0.203472
0.360163
0.0531777
0.0628932
0.20543
-0.054585
-0.82612
-0.232871
-0.00149596
-0.142064
0.0512989
0.183105
0.724373
0.429307
0.291273
0.385645
-0.540142
0.204296
-0.521905
0.353525
0.138575
0.199115
0.2334
0.0371498
0.0735194
0.138555
-0.00599775
0.0404774
-0.392926
0.169966
0.167262
0.0129405
0.0409175
-0.00773302
-0.0541717
-0.110769
0.311814
-0.0582288
0.0262125
0.464824
0.126788
-0.0719114
-0.0844171
-0.727016
0.75711
0.207979
0.218254
0.266108
-0.142972
0.278162
-0.179741
-0.116278
0.0199236
-0.287375
0.299745
0.38915
-0.177879
0.0481252
0.675513
0.0822518
0.14623
0.183779
-1.09139
0.159324
0.238026
-0.0293646
-0.132149
-0.226552
0.342313
0.71047
-0.0864007
-0.0522183
-0.165673
0.0500304
-1.66079
0.00764304
0.717825
-0.631371
0.134294
0.085689
0.310147
0.0879599
-1.38148
0.350145
0.578135
0.0890054
0.245424
0.648484
0.890483
0.550847
0.0164744
-0.430526
-0.279762
0.182476
0.389565
-0.0629207
0.428249
-0.17388
-0.0767229
0.235773
0.522788
0.143249
-0.0987164
-0.377739
-0.370469
-0.443562
-0.209455
-0.691112
0.33357
-0.290363
0.17482
0.00143182
-0.0576345
-0.0714557
0.219537
0.282287
0.130107
0.0475265
0.00577343
0.0854024
-0.4216
-0.541421
0.0423044
0.152061
-0.157955
-0.103983
-0.0882729
-0.116128
0.0318772
0.373381
-0.000620365
-0.416745
-0.109746
0.10612
0.3989
-0.0173237
1.24896
0.0844438
-0.184369
-0.358124
-0.161207
-0.0123703
-0.108295
0.20429
-0.048566
0.217252
0.275545
-0.0687355
-0.174362
-0.434508
0.166019
0.323464
0.00710249
0.130965
0.0577657
-0.370041
-0.170802
-0.037157
0.320132
-0.021496
-0.0920021
-0.0665349
-0.177846
-0.525879
0.106054
0.23166
0.147712
-0.0364642
-0.168632
0.367151
-0.454678
-0.0965869
0.649291
0.247963
0.0870055
-0.28461
-0.207547
-0.671396
-0.290666
0.230292
0.384578
-0.12456
0.125755
-0.145295
-0.216604
0.209101
-0.119246
-0.38036
-0.253172
-0.467042
-0.964353
-0.141876
-0.446738
-1.05429
0.353501
-0.426782
0.598171
-0.478008
-0.371811
0.00280315
-0.0690116
0.0429791
0.0731066
0.142408
0.9472
-0.0166261
0.738827
-1.66841
-0.399986
-1.13564
-1.11082
-1.08511
-1.08489
-0.229249
-0.641418
-2.31782
-2.97847
-4.3599
-6.41258
-2.09125
0.464968
-0.983539
0.044086
1.56357
1.02472
1.1664
1.51502
0.910108
-0.603215
0.0871429
-0.21982
0.98317
13.5885
-4.50214
0.396983
3.11586
0.4691
-0.547309
0.85739
1.10228
0.525641
0.310941
4.4023
4.23805
-7.06202
-23.1296
-1.7893
-0.243597
-1.73519
-2.46604
-2.13292
-0.277156
1.46897
2.06519
1.34332
-1.98416
-3.03627
-15.6726
11.1561
-10.3686
3.57787
4.00606
3.36606
2.33177
0.582575
-0.0814705
-1.49496
-1.44437
-0.587199
-2.5464
12.3341
-29.0432
-1.81472
-0.393947
-0.747573
-1.19033
-0.10286
-0.663707
-0.876055
0.989411
1.05917
-0.062144
-0.279291
0.112669
