0
0.139377
0.155985
0.154684
0.333736
0.513161
0.416374
0.648066
0.676779
1.46439
0.927135
1.14528
1.19178
1.21133
1.45205
2.08956
2.41699
2.83391
3.16122
4.19091
5.16052
6.70059
8.9163
12.8254
21.7181
31.3752
-129.937
-4.73119
-14.789
-12.1908
-8.17256
-7.32436
-6.2086
-5.49782
-4.7923
-3.56034
-2.69143
-2.25825
-1.74856
-1.30549
-0.80318
-0.979803
-0.520176
-2.03503
-1.98224
-3.38864
-4.62461
-7.75261
-9.73573
-14.2869
-18.4503
-8.01836
72.5074
-18.7086
-9.53758
5.63911
4.56877
2.64122
3.97237
4.49765
1.69055
1.91264
0.854114
-0.0267466
-1.83363
-2.35096
-2.70347
-1.34006
-3.10031
-0.618089
-0.669789
0.746423
1.02892
3.06793
0.829487
2.97024
6.01279
-4.48567
-46.8779
39.0391
-29.4053
13.2241
-7.88343
-0.522394
-2.62553
-1.69348
-1.64842
-1.91255
-2.41797
-3.11625
-3.37746
-1.71691
-1.29617
-2.93337
-2.09489
-1.3445
0.858217
0.992106
-0.637362
-1.91569
-7.38127
-9.32672
-14.5978
-15.7074
20.8149
-10.2485
5.28736
-2.64022
-1.39163
1.05706
0.0370425
-0.209303
0.963494
0.820276
-1.00431
-0.053652
-0.110306
-1.90314
-0.12132
-0.885714
-0.463019
-0.81327
-1.38902
-3.02897
-1.75691
-2.94148
-2.14382
2.88422
12.5265
24.3183
-4.62613
-6.77964
5.53651
-5.42802
6.20925
-2.46551
4.4696
-3.81547
2.13715
0.552139
2.75066
-1.07923
-0.332423
0.76233
-1.05501
2.22723
1.08709
0.402553
1.2327
3.1702
1.28833
1.75156
3.88267
3.21945
-2.16407
-24.0027
-21.7925
29.4662
8.25655
-12.1336
-7.72931
-0.276057
2.66852
2.19419
0.637683
-1.42392
-2.34634
-1.52766
-0.214852
-0.878158
-1.57663
-1.54259
-1.99578
-1.39796
-0.35254
-0.0762839
-0.128312
-0.0662096
-0.468694
-1.58468
-1.0732
3.44366
0.624201
-1.20813
0.901201
-0.0116332
0.847426
0.554057
0.332479
-0.0335233
-0.980122
-1.13937
-0.484936
-0.222204
-0.418509
-0.0210673
-0.651756
-1.00611
-0.968517
-0.528066
-0.617538
-0.64572
-0.888713
-0.835803
-0.199986
0.369615
1.00069
0.237246
0.177103
-1.02625
-0.0894422
-0.00421469
-0.0977464
-0.297651
-0.137041
0.0153369
0.0638621
0.0488586
-0.104866
-0.0177697
0.0552545
-0.0245208
0.153655
0.123401
0.150756
0.255247
0.421889
0.627193
0.973739
0.455503
-0.209913
-1.1129
-1.79032
-0.291971
-0.488351
-0.250853
-0.394959
-0.46847
-0.214033
-0.251672
-0.403096
-0.380803
-0.415875
-0.414252
-0.319999
-0.284884
-0.340085
-0.238806
-0.282605
-0.286734
-0.306421
-0.355163
-0.422651
-0.589324
-0.67197
-0.241814
0.158333
0.701738
0.480501
-0.399422
0.0647246
-0.134613
-0.0506419
-0.017312
-0.0232471
-0.115522
-0.0905907
-0.089734
0.016212
-0.0314382
-0.10135
-0.135818
-0.121651
-0.188868
-0.14892
-0.207155
-0.191063
-0.0484367
-0.230994
0.00225247
0.18623
-0.139177
-0.818922
-1.45055
-0.583047
0.733353
-0.516137
-0.2964
-0.450414
-0.174622
-0.20318
-0.149511
-0.223373
-0.203257
-0.307602
-0.19004
-0.248495
-0.117664
-0.278143
-0.217525
-0.344845
-0.166835
-0.16969
-0.155622
-0.0521672
-0.163701
-0.223259
-0.134876
-0.0757517
-0.0295632
-0.210604
-0.317557
0.0492629
-0.196612
-0.104297
-0.202697
-0.170068
-0.148385
-0.102409
-0.13005
-0.0891812
-0.262073
-0.180669
-0.164709
-0.226332
-0.0935024
-0.19242
-0.106123
-0.0743697
-0.0813698
-0.132504
-0.0975066
-0.195834
-0.0793299
-0.202552
-0.0531679
0.0136548
-0.126187
-0.250845
-0.166808
-0.130162
-0.144001
-0.0929163
-0.120647
-0.133288
-0.171494
-0.181582
-0.0298068
-0.0932205
-0.069956
-0.043401
-0.122122
0.0734882
-0.0629407
-0.181071
-0.278392
-0.293748
-0.205335
-0.108386
-0.00778453
-0.243534
-0.239114
-0.0406763
0.377305
-0.83941
0.586808
-0.669617
0.116461
-0.0489242
-0.0106031
-0.20739
0.010803
0.0400989
-0.154638
-0.138576
0.256465
-0.086802
-0.243998
-0.272598
0.0841688
0.149589
-0.112254
0.242997
-0.377445
0.193613
-0.514136
-0.306004
-0.0740026
-0.239132
-0.441808
0.666393
-0.711538
0.904146
-1.43721
0.597628
-0.596939
-0.16344
1.32299
-1.91561
0.863355
-1.01344
-1.40581
-0.204413
-0.0808026
0.228872
0.509258
-0.0770911
-0.867551
-1.92054
-0.668432
-0.922882
-1.11602
1.22978
1.38877
-0.512401
-0.55655
1.1009
-0.498659
-1.2427
-0.788328
0.0761907
0.516095
0.624985
-0.346446
-0.175194
-0.448164
-0.483524
-0.242351
0.210663
-0.176724
-0.385448
-0.118636
0.107865
-0.208258
0.0656501
0.0986737
0.404407
0.362593
-0.12045
-0.154905
0.430055
-0.599691
-0.576794
0.0992974
-0.0993695
0.152932
0.0332444
-0.144151
-0.27307
0.131346
0.176654
0.106181
-0.0923449
-0.0330777
-0.112686
-0.0911093
-0.118006
0.0246556
0.151197
0.290411
0.0207423
-0.186525
-0.507832
-0.264414
-0.106228
-0.183141
-0.559045
0.557193
-0.519354
0.103874
0.227351
-0.429054
0.253132
-0.00203658
0.0228791
-0.366069
-0.467934
-0.379225
-0.0925032
-0.327222
-0.276446
-0.481442
-0.200582
-0.337596
-1.01127
-1.23893
-0.488787
-0.288953
0.0867867
0.125698
-0.0299551
-0.157321
-0.0410275
-0.15336
-0.0752625
-0.119186
-0.125236
-0.106207
-0.11286
-0.106487
-0.109552
-0.105353
-0.108198
-0.0999106
-0.10658
-0.106579
-0.106784
-0.0995344
-0.106883
-0.104536
-0.102645
-0.0990079
-0.10421
-0.101169
-0.10033
-0.0968173
-0.10358
-0.0987525
-0.0962097
-0.0967704
-0.0953974
-0.120981
-0.0987557
-0.0975693
-0.107729
-0.0912333
-0.0906735
-0.0789643
-0.10054
-0.0987357
-0.0972503
-0.083931
-0.0777058
-0.0876014
-0.0871524
-0.0838985
-0.0787606
-0.081792
-0.0854136
-0.0884252
-0.0895963
-0.0899439
-0.0722518
-0.101292
-0.0738925
-0.0489963
-0.104707
-0.0980902
-0.0746379
-0.121296
-0.125786
-0.0920673
-0.0662351
-0.086101
-0.103428
-0.0850373
-0.0927902
-0.0833595
-0.0833686
-0.0785206
-0.0835187
-0.0672018
-0.0723891
-0.114134
-0.0827103
-0.0807056
-0.0576935
-0.0717303
-0.100147
-0.0780673
-0.0696973
-0.0729429
-0.0863133
-0.0699318
-0.181337
-0.077694
-0.0824307
-0.0675716
-0.117545
-0.0847882
-0.0806638
-0.104822
-0.0535413
-0.0680175
-0.0807686
-0.075418
-0.075348
-0.0750003
-0.0966577
-0.0677493
-0.0658066
-0.068744
-0.0561601
-0.0814995
-0.0744608
-0.0616555
-0.0827268
-0.0527419
-0.0757454
-0.075604
-0.121591
-0.0774599
-0.0746908
-0.0687874
-0.094279
-0.0774804
-0.068963
-0.0343004
-0.0453143
-0.0632726
-0.070036
-0.0681912
-0.068772
-0.0857269
-0.0416387
-0.0783912
-0.0804191
-0.083851
-0.0779999
-0.0821187
-0.0602981
-0.0679842
-0.0523353
-0.0888028
-0.050134
-0.0920874
-0.086416
-0.0904185
-0.0378391
-0.0743183
0.134049
-0.548249
0.0310044
0.00830764
-0.0434477
-0.0388745
-0.00108463
-0.142085
0.066652
-0.206001
0.221796
-0.122298
-0.0905918
-0.0798903
-0.0461687
-0.040529
-0.0545881
-0.112077
0.377574
-0.247692
-0.073844
-0.0853418
-0.0830339
-0.122036
-0.0904384
-0.0739199
-0.684839
-0.125817
-0.0350385
-0.0358189
-0.119514
-0.105404
-0.0356165
0.045468
0.0407557
-0.442345
-0.452642
-0.215789
-0.104788
-0.0698433
-0.0884628
-0.121237
-0.190501
-0.315494
-2.71825
0.25286
0.0550523
0.0242338
-0.0158355
-0.0132373
-0.055109
-0.0236362
-0.0468832
-0.0437917
-0.0640243
-0.0591481
-0.0621751
-0.0628142
-0.100339
-0.131619
-0.230801
-0.558275
0.265658
0.112792
0.0421052
0.000351839
-0.0319496
0.0128479
0.0542851
0.257299
-1.61541
-0.169911
-0.128633
-0.083521
-0.00868224
-0.016026
-0.0301497
-0.105633
-0.164777
-0.897398
0.130015
-0.00550091
0.00570481
-0.00747257
0.00155357
-0.0528936
0.111768
0.276692
-0.155988
-0.065612
-0.0632257
-0.0418816
-0.0414612
-0.0244319
-0.00360961
-0.121088
0.0901654
0.073141
-0.13995
-0.0602947
-0.0313243
-0.0818684
-0.07486
-0.0510937
0.0394919
-0.707282
0.119604
-0.0808743
0.0135128
-0.00696698
0.0620811
-0.0357651
-0.031786
-0.107591
-0.0604786
-0.0498288
-0.0113262
-0.0317417
-0.0258169
-0.0220454
-0.0197699
-0.0438376
-0.0217976
-0.0386506
-0.0210671
-0.0306197
-0.0334553
-0.0322403
-0.0406976
-0.0638226
-0.00251958
-0.0278104
-0.0265982
-0.0268542
-0.0300864
-0.0308841
-0.024698
-0.0171066
-0.0417696
-0.0236223
-0.0307338
-0.0257434
-0.0314772
-0.0249456
-0.0302892
-0.0246055
-0.0432072
-0.00314852
-0.0211714
-0.0375654
-0.0214195
-0.021304
-0.0286297
-0.0395715
-0.0326158
-0.0222084
-0.0195301
-0.0167077
0.0840715
-0.0382809
-0.032533
-0.0191551
-0.0508846
0.00956292
-0.0130533
-0.0179924
-0.0279042
-0.0231822
-0.0498684
0.0173354
-0.0444285
-0.0140597
-0.0180706
-0.0832392
-0.0444059
-0.0335242
-0.00511504
-0.0308269
-0.0527224
0.0168849
-0.00553894
-0.00783054
-0.0087861
0.032335
0.568387
-0.0860754
-0.0178157
-0.0344864
-0.0254414
-0.0176358
-0.0500314
-0.00625686
0.00951789
-0.020717
0.086085
-0.0807405
-0.0375874
-0.0233949
-0.0451653
-0.0898894
-0.0592249
0.00788719
-0.0308458
-0.0320505
-0.0226342
0.196916
-0.0362953
-0.0302551
-0.0189326
-0.0353476
0.073006
-0.00716081
-0.0319822
-0.0118279
-0.00849433
0.103907
0.0100477
-0.0113089
-0.0360978
-0.00660054
-0.0423536
-0.0845529
-0.0181546
-0.0239337
-0.0156236
-0.0380438
-0.00795236
-0.0161565
-0.024379
-0.0371327
-0.0257574
-0.00922271
-0.0155319
-0.0544703
-0.0152978
-0.0198474
-0.0329668
-0.00571541
-0.0235076
-0.0138652
-0.0364688
-0.0313639
-0.0204096
-0.0304113
-0.274205
-0.00174229
-0.0154397
-0.00755605
-0.0124246
-0.000776332
-0.0235823
-0.0421972
0.00136801
-0.00870119
-0.0115362
-0.00591012
-0.0207272
0.000598486
-0.0187025
-0.108943
-0.0118832
-0.00122077
-0.00285974
0.0198053
-0.0087602
-0.00201973
-0.0668197
-0.00701769
-0.00336652
-0.0010846
0.0368986
-0.017338
-0.0108006
-0.00549514
-0.0240131
-0.000997916
-0.00697206
0.00560732
-0.021037
-0.011271
-0.00945638
-0.00375295
-0.0114426
0.0163023
-0.0136365
-0.0105302
0.0784496
0.00216611
-0.00596584
0.0590298
-0.0151878
-0.0104846
-0.00142912
-0.00693374
-0.00473993
-0.0143891
-0.0136519
-0.00396034
-0.0284546
-0.00701484
-0.00523255
-0.00487486
-0.00854972
-0.0053303
-0.00655594
0.00581209
-0.0127693
-0.00797368
0.028764
-0.00779094
4.68446e-05
-0.00978798
-0.00493653
0.00662657
-0.0101882
0.0120558
-0.00361399
-0.00480104
-0.00830494
-0.0123659
-0.00176687
0.00281931
-0.0064652
-0.0141014
-0.0455939
0.00518507
-0.00348565
-0.00226304
-0.0027195
0.00133517
-0.00733859
-0.0222592
0.00191974
-0.00529636
-0.0048736
-0.00146603
-0.00510587
0.00537805
-0.00649568
0.000294236
-1.88672e-05
0.00192796
-0.00211468
0.0109279
0.0127727
0.00271359
-0.0116369
-0.00211109
-0.00159338
0.0117194
-0.00389551
0.000894014
0.00760823
0.000256778
-0.00528292
-0.00697725
0.00437611
0.00444781
-0.0096767
-0.00581047
0.00293381
0.00406461
-0.00107385
-0.00163166
-0.0052615
0.00188323
0.000380305
-0.00322149
0.00414129
0.00815012
-0.00263602
0.000264097
0.00286722
0.00449274
0.00087307
0.00242166
0.00510503
0.00878569
-0.000934393
-0.000707247
0.00222126
0.00508695
0.00248363
0.00467072
0.00620884
0.0084108
-0.00101155
0.00123042
0.00303628
0.00572367
0.00324785
0.00585486
0.00749211
0.00991772
0
0.00243596
0.0040247
0.00636484
0.00478218
0.006958
0.00860241
0.0110949
0.00101155
0.00356427
0.00526128
0.00805044
0.00487452
0.00692463
0.01045
0.0124685
0.000934393
0.00527898
0.00619087
0.00801857
0.00763955
0.0080331
0.00913717
0.0133254
0.00263602
0.0042681
0.00705756
0.00786081
0.00452587
0.0101778
0.0159081
0.0133489
0.00107385
0.00594295
0.00868
0.0129932
0.0184396
0.019809
0.0119248
0.0132335
0.00528292
0.00801274
-0.0123649
0.0128191
0.00944137
0.00534292
0.013847
0.0113228
0.0116369
0.00857657
-0.021135
0.00947492
0.00884151
0.0152151
0.0153555
0.0202713
0.00649568
0.00873693
0.0257066
0.0122351
0.0101937
0.0150989
0.0211488
0.0282829
0.00733859
0.0106785
0.0109074
0.012354
0.0129932
0.0207828
0.0784557
0.0175954
0.0064652
0.00808421
0.0134561
0.0279304
0.0154908
0.00796449
0.0169076
0.0105677
0.0101882
0.00200763
0.0132557
0.0197943
0.0110822
0.0249521
-0.0136187
0.0193921
0.0127693
0.00576338
0.0150405
0.0229601
0.0180192
0.0185174
0.0225676
0.024779
0.0284546
0.0140612
0.0241518
0.0313707
0.0189804
0.0205376
0.0186206
0.0184755
0.0151878
-0.0254005
0.0169476
0.0188181
-0.0697479
0.0230374
0.0269739
-0.0652542
0.0114426
0.0144097
0.0207518
0.0202538
0.025053
0.0118342
0.0205235
0.017629
0.0240131
0.0198823
0.0169204
0.0310376
-0.0404045
0.00971657
0.0204805
0.0276718
0.0668197
0.0101814
0.0179334
-0.0124629
0.00995603
0.0192396
0.0221952
0.0949252
0.0187025
0.00639885
0.0343244
-0.00481091
0.0178023
0.0195225
0.00739132
0.06325
0.0235823
0.0274726
0.0253915
0.0290858
0.0267418
0.0206937
0.355769
0.0362354
0.0204096
0.040252
0.051239
0.0204139
0.0341979
0.024199
0.0457666
0.0270878
0.0152978
0.0545007
0.0249622
0.0405526
0.0313137
0.0426234
0.0356619
0.025053
0.00795236
0.0602352
0.0347968
0.0335557
0.019641
0.0801592
0.00970314
0.0141075
0.0360978
0.0204733
-0.00683394
-0.101208
0.0231654
0.0314171
0.0365612
0.0298656
-0.073006
0.0389762
0.0273623
0.0391072
0.0473401
-0.146343
0.0233556
0.0453303
0.0308458
0.0105739
0.065751
0.104255
0.0537783
0.0370416
0.0537492
0.097674
-0.086085
0.0177727
-0.00275746
0.00532851
0.0511042
0.0193981
0.0460224
0.0367753
0.0178157
0.0920242
-0.657467
-0.00768752
0.0203675
0.0245752
0.0247985
0.0373547
0.0527224
0.0436347
0.00893773
0.0443634
0.0393319
0.105303
0.0280966
0.0309067
0.0444285
-0.0190075
0.0673796
0.0372827
0.0380395
0.0378707
0.0483465
0.0224952
0.0508846
0.028178
0.0409661
0.0401611
-0.052506
0.0391959
0.0256997
0.037924
0.0326158
0.0528193
0.0358697
0.031554
0.0271078
0.0306419
0.0434243
0.017601
0.0432072
0.0342246
0.0338699
0.0328598
0.0398354
0.0400841
0.0424865
0.041203
0.0417696
0.0256212
0.0344857
0.037895
0.0357313
0.0347781
0.040585
0.0448226
0.00251958
0.0719786
0.0511728
0.0439527
0.0393238
0.047309
0.0384913
0.0475783
0.0217976
0.0474912
0.0279285
0.034002
0.0330567
0.100429
0.0314847
0.0689319
0.0604786
0.110427
0.0399968
0.0374104
-0.0551557
0.027158
0.00652936
0.101518
-0.119604
0.659028
0.036512
0.0811845
0.0878949
0.0955291
0.0440577
0.0668859
0.140194
-0.0813255
0.00341003
0.0588835
-0.00401568
0.025083
0.0401566
0.0492892
0.0632257
0.0700285
0.148696
-0.325471
-0.0903751
0.0840039
0.0146391
0.0212307
-0.00500806
0.0134124
-0.111761
0.818689
0.200207
0.121907
0.0464207
0.0322214
0.00868224
0.0917832
0.138076
0.173054
1.62048
-0.253908
-0.0401904
0.0048328
0.0329301
0.00246244
-0.0409143
-0.104786
-0.275621
0.968706
0.279653
0.169369
0.100339
0.0853555
0.0819843
0.0705192
0.0743709
0.0681594
0.0661026
0.0801684
0.0569105
0.0252304
0.0336834
0.013881
-0.0283431
-0.155854
3.0553
0.273932
0.190501
0.12085
0.0922773
0.078921
0.106151
0.220814
0.43595
0.464315
-0.0401005
-0.0382818
0.0433636
0.111462
0.132901
0.0503137
0.0621116
0.290513
0.684839
0.0759681
0.0963765
0.133153
0.0948386
0.0998922
0.0941463
0.296309
-0.376856
0.118779
0.0576507
0.0445067
0.0479504
0.0764078
0.0739214
0.0976396
-0.221796
0.192238
-0.0515086
0.156041
0.0101816
0.0600048
0.0660208
0.0258467
-0.0281565
0.589203
-0.063485
0.0485946
0.0588253
0.102003
0.105328
0.0936655
0.050134
0.0981531
0.0689691
0.0746105
0.0693199
0.100491
0.080874
0.101956
0.0820993
0.0829163
0.0485307
0.0970347
0.0763339
0.0791013
0.0736061
0.0773011
0.0453143
0.0610078
0.0854138
0.083242
0.10463
0.0705427
0.0887765
0.0885846
0.122539
0.0838472
0.081645
0.0603686
0.0990313
0.0798816
0.0890806
0.0987365
0.0561601
0.0806065
0.0716023
0.0661352
0.102737
0.0941547
0.0914346
0.0959096
0.0827072
0.0768708
0.0739454
0.104189
0.0877454
0.0895719
0.124775
0.086139
0.0824307
0.0861377
0.188491
0.0879539
0.0941838
0.0935923
0.0700822
0.0936654
0.101664
0.0718868
0.0726847
0.0935711
0.0986959
0.13377
0.0866899
0.0850084
0.0835187
0.0920908
0.0932642
0.104168
0.0922522
0.100078
0.112423
0.104475
0.0701792
0.102448
0.136748
0.135812
0.086613
0.112386
0.114969
0.0794224
0.0738925
0.113723
0.0819551
0.117549
0.0950326
0.102512
0.0994051
0.101431
0.0827326
0.0923415
0.100377
0.0950625
0.0931677
0.107857
0.10871
0.119796
0.10054
0.0910507
0.101667
0.104736
0.114866
0.11728
0.114354
0.136561
0.0991639
0.105015
0.110033
0.110961
0.115616
0.112154
0.118503
0.118556
0.10421
0.11199
0.110858
0.118861
0.114659
0.123529
0.121633
0.128934
0.110392
0.109901
0.121252
0.121122
0.124701
0.124728
0.137699
0.128777
0.125236
0.134401
0.0850268
0.17036
0.0540463
0.179916
0.0490137
-0.0842645
-0.0717496
0.334947
0.539903
1.25738
0.999775
0.326537
0.199572
0.471019
0.276446
0.315291
0.0879938
0.376742
0.45337
0.318849
-0.0680824
-0.0339561
-0.259815
0.42307
-0.245655
-0.072727
0.510271
-0.539662
0.579208
0.15194
0.106228
0.272567
0.499463
0.145775
-0.0369514
-0.307806
-0.210523
-0.00221473
0.121718
0.0903868
0.114286
0.0274903
0.102759
-0.11431
-0.159061
-0.0978085
0.27307
0.142463
-0.0350298
-0.128867
0.109322
-0.05367
0.639832
0.603103
-0.43739
0.156715
0.102378
-0.377556
-0.38964
-0.0189887
-0.0102891
0.246867
-0.107865
0.154761
0.396949
0.189379
-0.195118
0.295613
0.500054
0.369116
0.175231
0.336156
-0.619596
-0.44811
0.00234573
0.864104
1.22424
0.383203
-1.1009
0.587497
0.481015
-1.40887
-1.13957
1.32002
0.977818
0.764447
1.9235
0.824407
0.00997043
-0.54951
-0.184455
0.130734
0.288808
1.47412
1.01344
-0.881176
1.89575
-1.4098
0.200331
0.548456
-0.53197
1.32666
-0.911938
0.679512
-0.651113
0.473029
0.235264
0.0738749
0.310808
0.478562
-0.193613
0.368365
-0.251299
0.0969872
-0.155222
-0.108403
0.238991
0.214217
0.0868954
-0.254731
0.145904
0.167074
-0.0406276
0.0118338
0.217408
0.0258049
0.0489242
-0.108192
0.669935
-0.587372
0.837894
-0.409308
0.0555487
0.262792
0.244605
0.0152386
0.126447
0.206191
0.293402
0.26023
0.167188
0.056912
-0.0734882
0.124265
0.0434851
0.0809386
0.0934096
0.0410547
0.194968
0.180914
0.136858
0.12342
0.0998607
0.152458
0.143618
0.168569
0.270031
0.11191
-0.0136548
0.0636971
0.211771
0.089456
0.199882
0.107923
0.143732
0.0966559
0.0776385
0.105958
0.201643
0.102565
0.237408
0.174361
0.179536
0.25463
0.0891812
0.138975
0.106905
0.132178
0.175094
0.17807
0.113415
0.264165
-0.0412438
0.328005
0.214425
0.0402813
0.0895665
0.158134
0.25025
0.190676
0.0521672
0.170139
0.174212
0.183759
0.356192
0.241092
0.290946
0.147377
0.274757
0.200718
0.320631
0.211636
0.233052
0.165979
0.236221
0.307398
0.450414
0.294917
0.50174
-0.70217
0.639344
1.4606
0.74747
-0.0117003
-0.211422
-0.00464433
0.213175
0.0470876
0.185145
0.196781
0.173573
0.179753
0.121651
0.127433
0.108738
0.0220161
-0.0156127
0.0910814
0.0793482
0.113224
0.0234795
0.0198267
0.0587647
0.136112
-0.0583964
0.378181
-0.499105
-0.638297
-0.158333
0.305011
0.696115
0.629554
0.431972
0.368934
0.308378
0.309888
0.289631
0.245135
0.352582
0.307384
0.341155
0.424792
0.397363
0.376744
0.403096
0.254867
0.22122
0.471909
0.390201
0.251214
0.485203
0.354854
1.76729
1.07146
0.0749878
-0.544963
-1.04324
-0.632989
-0.41084
-0.246716
-0.150756
-0.106985
-0.141275
0.0594607
-0.0423643
0.040153
0.128136
-0.012072
-0.0419731
-0.00332381
0.171279
0.324308
0.117078
0.0256922
0.140982
1.00758
-0.177103
-0.24561
-0.977692
-0.209284
0.29743
0.985737
0.934011
0.684741
0.639423
0.541361
0.998842
0.990197
0.604306
-0.00106278
0.400681
0.206877
0.484936
1.11019
0.938144
-0.100575
-0.388793
-0.620613
-0.828028
0.104671
-0.86502
1.24673
-0.724938
-3.28425
1.38421
1.6347
0.460585
0.128337
0.128312
0.176507
0.426416
1.56656
2.01986
1.53307
1.52248
0.752252
0.216932
1.54546
2.25846
1.28026
-0.858365
-2.22996
-2.21406
1.02091
7.72931
11.5787
-8.94901
-28.0578
23.3488
23.101
0.43869
-5.01468
-4.16902
-1.79392
-1.5493
-3.26844
-1.27033
-0.438011
-1.21194
-2.13035
1.05501
-0.786153
0.358612
0.863179
-2.82869
-0.535756
-2.00825
3.68761
-4.53594
2.5002
-6.41232
5.85271
-6.0395
7.40285
1.84081
-24.8303
-12.5265
-1.84677
2.49724
3.61227
1.99093
3.47996
1.53038
1.14744
0.602574
0.938537
0.352139
1.99726
0.254553
0.193877
1.15171
-0.744389
-0.963494
0.342909
0.0404365
-0.884427
1.61155
2.72532
-4.6644
9.80732
-20.1851
15.9761
14.5014
8.9892
6.83311
1.66134
0.211344
-1.22941
-0.858217
1.32065
2.08026
2.77667
1.22025
1.74541
3.43954
3.04178
2.39433
1.90186
1.64912
1.69575
2.62733
0.58984
7.52388
-12.5022
29.4053
-38.2965
46.7147
2.54086
-6.54882
-3.35461
-0.959607
-3.18685
-1.06341
-0.744771
0.659712
0.6
3.05973
1.33209
2.75294
2.41572
1.83363
0.0357136
-0.844706
-1.89792
-1.69318
-4.48119
-3.97449
-2.58552
-4.54707
-5.64664
9.33294
18.8974
-72.2148
9.05976
19.0297
14.426
9.73573
7.82819
4.64152
3.45258
2.05831
2.13462
0.523771
0.989746
0.835454
1.32413
1.84837
2.31775
2.83795
3.73669
5.09385
5.70963
6.2086
7.54841
8.32031
12.7777
15.1194
6.11967
123.801
-41.2367
-23.4638
-13.0407
-9.59459
-7.01163
-5.63429
-4.46829
-3.61362
-3.24771
-2.41699
-2.2859
-1.51924
-1.4748
-1.30646
-1.3586
-1.13381
-1.81076
-0.670893
-0.666501
-0.558986
-0.664458
-0.506699
-0.273311
-0.472084
-0.297908
