-0.253663
0.90035
0.465391
0.190454
-0.687954
-0.682715
-0.885204
0.738392
0.201907
0.418703
-0.956041
0.937393
0.664014
-0.574987
-0.630477
-0.631628
-0.389242
0.0431932
-0.131314
-0.418062
0.219339
-0.722602
-0.418133
-0.272575
-0.0879292
0.567504
-0.600078
0.0274096
0.190251
-0.910083
0.214153
-0.659768
-0.869247
0.897164
0.936334
0.619277
-0.395544
-0.805853
0.367217
-0.121958
-0.759228
-0.00866162
-0.933299
0.817642
-0.482204
0.317931
-0.378929
0.045026
0.0967749
-0.634778
0.940495
0.551799
0.879119
0.792749
0.18643
0.84651
-0.816601
-0.604107
-0.907687
-0.344578
-0.225649
-0.451506
0.662481
-0.291039
-0.439679
0.0796442
-0.720657
0.600553
-0.851698
0.976068
0.550555
-0.601106
-0.989531
0.631324
0.4067
0.458097
0.534047
-0.854751
-0.277047
-0.766002
0.725237
0.251806
-0.34204
-0.888017
-0.383102
-0.355727
0.460337
0.272974
0.771677
-0.0514939
-0.759278
0.427051
0.520513
0.125687
0.5357
-0.00772661
0.0481211
-0.139101
-0.957938
-0.78877
-0.937703
0.273498
-0.366634
0.0250362
0.824888
-0.511277
-0.169963
0.510946
-0.540654
-0.841607
-0.418686
-0.671275
0.86826
0.623093
0.269744
0.736285
0.617032
-0.624774
0.786671
0.0860776
0.616539
0.791311
-0.368036
-0.777476
-0.549456
-0.137947
0.640854
0.724236
-0.998821
0.0197418
-0.167405
-0.559468
-0.762059
-0.328637
0.882385
-0.349739
0.0337894
0.414903
-0.272831
0.94688
0.926039
-0.500439
-0.00539765
-0.398192
-0.42936
-0.932495
0.219464
0.00826913
-0.900372
-0.443377
0.811682
-0.520953
-0.705063
-0.0156904
0.97976
-0.522479
0.338591
0.51998
-0.528322
0.454202
-0.262997
0.265887
0.270707
0.0771724
-0.822092
0.671243
-0.35892
-0.634196
-0.92087
0.184337
0.350928
-0.975402
0.0246683
-0.543072
0.286482
-0.645595
0.390773
-0.229596
0.88021
-0.720218
-0.325502
-0.77725
0.853493
0.753827
-0.487323
0.31
0.639401
0.11574
0.0600063
-0.513911
-0.806571
0.798725
0.809831
0.277102
-0.323204
-0.297937
0.448093
0.794716
0.772809
0.554074
0.277795
-0.832742
-0.681474
0.796771
0.211597
-0.988529
-0.795108
0.325318
-0.993592
-0.678446
0.0965597
0.379238
0.297415
-0.553797
0.424615
-0.531871
-0.349687
0.495732
0.297298
0.70003
0.305654
0.14159
-0.80854
-0.261463
-0.469928
-0.513734
0.95208
-0.209423
0.783421
0.264859
0.591658
0.00315232
0.152701
-0.0118844
-0.615671
0.442708
-0.444082
-0.958944
0.292557
-0.642123
0.884014
0.90005
0.836765
-0.255224
-0.977798
0.851147
-0.141214
0.935556
0.922916
0.709513
-0.405297
-0.229789
0.707443
-0.365199
-0.662916
0.121237
0.878714
0.392896
0.131607
-0.80211
0.229906
0.985498
-0.716152
0.0419934
0.760531
0.492202
0.396249
0.413209
-0.282838
-0.419204
0.608854
0.611781
0.736296
0.823933
0.0176082
0.00495637
0.591007
0.301047
0.41004
0.587153
0.779316
-0.328092
-0.251412
-0.815819
0.160013
-0.928821
-0.0694446
0.0823516
-0.4185
0.188923
-0.944498
-0.925853
0.649714
-0.281958
-0.739286
0.0410999
0.536693
-0.568115
0.242167
-0.833291
-0.890737
0.0591342
0.079081
0.278692
0.460976
0.950003
0.0279312
-0.348038
0.59759
-0.464601
-0.117042
-0.844731
-0.951723
0.92227
0.672603
0.405241
-0.183368
-0.655624
-0.692906
-0.497358
0.095765
0.42467
0.31856
-0.439858
0.909377
0.471094
0.110002
0.221138
-0.163052
-0.507169
-0.296394
0.515375
-0.981907
-0.772845
-0.91516
-0.918285
0.712873
0.405226
-0.0561427
-0.810218
-0.0125514
-0.0456031
-0.649734
-0.126063
-0.200566
0.240779
0.276309
-0.905204
-0.250938
0.255308
-0.00138983
0.709676
0.313433
-0.675517
-0.866523
0.280263
-0.946067
0.168667
0.879502
0.149353
-0.231002
0.293875
-0.0762124
0.0855011
0.887334
-0.225746
0.931478
0.815242
-0.613796
-0.864886
-0.796399
-0.975034
-0.81334
0.364575
-0.862104
-0.360505
0.697906
-0.955636
0.631364
-0.442201
-0.768771
0.400064
0.264774
0.756082
0.476366
0.607485
-0.437151
-0.647674
0.497473
0.609171
0.987333
-0.180498
-0.259467
0.547633
-0.317877
0.862412
0.719683
-0.149339
0.500423
0.506137
-0.789902
0.798383
0.0166505
0.661092
-0.358197
0.798473
-0.222473
-0.979715
0.811606
-0.823208
-0.365139
0.897155
0.900722
0.142532
0.257255
-0.111194
-0.413885
-0.346196
0.344379
0.507858
0.588039
0.569846
-0.815416
-0.00543189
-0.887486
0.0958598
-0.118591
0.778208
-0.301942
-0.761841
-0.716373
0.522629
0.243484
-0.79728
-0.837024
0.404418
-0.866919
0.642984
0.411692
-0.839482
-0.831028
0.971625
-0.255152
-0.26124
0.633313
0.895109
0.972129
0.509317
-0.242304
-0.831716
0.55185
0.118918
-0.152864
0.817134
-0.786959
-0.011442
-0.976956
-0.0549902
-0.88682
-0.760565
-0.760543
0.301625
0.488834
0.168067
0.925421
-0.251486
-0.431358
0.738517
-0.552228
0.927394
-0.972423
0.947509
-0.916538
0.781396
0.0606041
0.98287
-0.855998
0.106662
0.942169
0.0465799
0.264155
0.389641
-0.0911604
0.247701
0.165194
0.810607
-0.913819
-0.43287
0.898713
0.776725
-0.0913818
0.245482
-0.440192
-0.630747
-0.0682821
-0.298975
0.176432
-0.847114
0.951286
0.983269
0.390552
0.079398
-0.380832
0.627444
0.379055
-0.680423
0.828515
0.641014
0.90529
0.456958
0.223884
-0.169444
0.863509
0.739706
-0.91376
-0.941306
-0.251209
0.612986
0.975541
-0.702341
0.193552
-0.240394
0.940278
0.685399
0.673659
-0.0639256
-0.165447
-0.456186
-0.891474
0.736285
0.626343
0.99922
0.996006
0.112188
0.53607
0.892986
0.701134
-0.506192
-0.10223
-0.738923
0.915612
0.214988
-0.5409
0.353109
0.235537
-0.279011
-0.783744
0.34609
0.0387747
0.545178
0.038854
0.70716
0.109894
0.122812
0.752111
-0.19481
-0.728937
-0.945141
0.508265
0.238684
0.408936
-0.57593
-0.728937
-0.974072
-0.309646
0.184727
-0.218355
-0.122972
0.817464
-0.306173
0.026715
0.572939
-0.212898
0.243989
0.726789
0.898153
-0.708166
0.859057
-0.0107665
-0.493735
-0.0774756
0.966269
-0.0141048
-0.344448
0.268878
-0.525112
-0.858181
-0.747551
-0.746858
-0.703452
-0.721815
0.277657
-0.637669
-0.30968
0.793917
-0.049892
0.336104
-0.651766
-0.608832
-0.926532
-0.657564
-0.446679
-0.652895
-0.827945
-0.759382
-0.0781525
-0.583992
-0.277305
0.00335187
0.375925
-0.920239
0.597606
0.251022
-0.838544
0.748977
0.847566
-0.875222
-0.446995
0.619629
0.5047
-0.637054
-0.586736
-0.25404
-0.0333363
0.244281
-0.252407
-0.0789233
0.493832
-0.929882
-0.50548
0.43027
0.788518
0.0199953
0.0701682
-0.779604
-0.106224
0.0675801
-0.520183
-0.454041
-0.240467
-0.968988
-0.360099
-0.579766
-0.349613
-0.762242
0.778172
0.185826
0.35799
0.575404
-0.0082475
-0.835049
0.075425
0.173533
0.494669
-0.130676
-0.735432
-0.430888
-0.271764
0.296958
0.150871
-0.28288
0.973044
0.207721
-0.527949
-0.794438
-0.692215
-0.513762
-0.683411
-0.632923
-0.431517
-0.658758
0.794011
-0.840563
0.0450922
-0.1796
0.959466
-0.780364
-0.201664
0.938406
0.729919
0.631485
-0.483746
-0.664115
0.338076
0.859031
0.125143
0.145497
-0.443261
0.538321
-0.625555
-0.352689
-0.156516
0.020012
-0.509831
-0.775413
0.217345
-0.417514
0.16695
-0.695434
-0.0388637
0.0730959
-0.901224
-0.327822
-0.729935
-0.881332
0.977856
-0.350893
0.618978
-0.48578
0.362741
0.517381
0.199223
-0.0468202
-0.182221
-0.303872
0.862383
0.665012
0.930031
-0.756234
0.459682
0.874326
-0.64242
-0.865491
0.483725
0.144127
0.685251
-0.724903
0.589378
-0.597327
-0.680824
-0.68331
0.624824
0.331319
0.0529035
-0.280323
0.766086
-0.209323
0.640568
-0.118737
-0.243081
-0.0743874
-0.39384
0.490002
0.00705443
-0.532276
0.80772
-0.235022
0.0892806
0.819154
0.248003
-0.772242
0.880946
0.245838
-0.329423
-0.721294
0.585103
0.234575
0.0725495
0.794721
0.570069
-0.698302
-0.370022
-0.500571
0.482467
-0.937354
0.1383
0.519319
0.759295
-0.320023
0.63972
-0.777478
0.695037
-0.746502
-0.2022
0.601085
-0.704637
-0.541124
0.44653
0.446867
0.285871
0.379357
0.0851206
-0.500703
-0.309663
-0.63908
0.81306
0.164586
-0.20186
-0.0845683
0.889553
-0.690988
0.175319
0.00745252
0.219816
-0.961651
0.739295
0.861095
0.131084
0.390859
0.845983
0.40884
-0.704952
0.14989
0.213245
-0.156375
0.479662
0.872118
0.862821
-0.0904861
-0.771142
0.976115
0.683477
-0.749469
0.847097
0.748232
0.02795
0.178435
-0.204813
-0.890592
-0.332632
0.600773
-0.987368
-0.327278
-0.206877
0.0834274
0.849282
-0.314247
-0.304062
0.476029
-0.102259
-0.552912
-0.0916254
-0.719645
-0.654807
-0.00243166
-0.160855
0.827791
-0.270672
0.164633
0.26609
-0.97335
0.322773
-0.647282
0.919668
-0.710773
-0.1781
-0.822674
1.0001
0.0122652
0.19419
-0.873671
0.502895
-0.581813
0.798142
-0.589773
-0.623553
-0.927175
-0.0587181
0.128382
-0.873805
0.550656
-0.091675
0.0496431
-0.107045
-0.201608
0.122797
-0.695614
-0.639599
0.726059
0.892504
-0.250371
-0.459208
0.280237
-0.180132
-0.948339
-0.68796
0.428364
0.319118
-0.948262
-0.556446
-0.537233
0.352264
-0.964392
-0.788218
0.608049
-0.649183
0.309417
-0.521539
-0.796035
-0.506656
0.448613
0.718277
0.666224
-0.20935
0.34435
-0.598007
-0.407368
0.801034
-0.969771
-0.829016
-0.585547
-0.951686
-0.644615
0.170556
-0.157574
0.790247
0.629754
-0.312465
-0.4809
-0.240969
0.187699
-0.459563
0.244826
-0.183996
0.103888
-0.135145
-0.416898
0.885148
0.525335
-0.715975
0.73889
-0.0235385
0.796324
0.598872
-0.156954
-0.955708
-0.469397
0.0832826
0.268883
-0.482914
-0.721949
0.671549
0.969796
0.0458271
-0.657646
-0.464448
-0.963543
0.822671
-0.765562
0.159872
-0.457809
0.113502
0.308027
0.664669
-0.580225
-0.979154
-0.736799
0.80334
0.750417
0.196594
0.204061
0.327462
-0.647431
0.834669
-0.165932
-0.240517
0.0371699
-0.909721
-0.669178
0.477606
-0.837357
0.204364
-0.509636
-0.222187
-0.426055
-0.284279
0.443419
-0.408658
0.135182
-0.0467393
0.318528
0.875191
0.468748
-0.571568
-0.938419
-0.480444
0.188303
-0.904071
-0.00763568
0.193963
-0.333152
0.542227
-0.780326
-0.858632
0.460466
-0.00882015
0.382549
-0.127949
-0.511348
0.636027
0.606826
0.392734
-0.456107
0.182668
-0.27893
-0.812748
0.838652
-0.733585
0.902276
-0.109324
