0
-14.8641
6.82338
-14.2567
-2.38308
7.23905
-4.04015
29.4491
-19.1066
-2.15419
-5.75093
0.0831128
8.73957
-11.4395
11.8578
14.3125
3.18703
11.6205
-7.7823
5.08812
-5.81286
-1.07693
24.0382
-22.2342
7.56193
10.4996
-1.69017
-3.10906
-16.5409
16.8721
-9.30478
5.08144
7.70647
11.9193
-34.0189
14.4188
6.19357
-21.8845
5.74906
12.5228
9.76627
8.65925
0.549827
9.3211
-17.1307
-7.20596
-19.5351
3.95119
-5.5329
21.5971
6.42904
-7.3375
0.0351359
-13.2066
6.28916
18.5599
-12.3654
11.8733
-11.7695
-19.6802
11.24
-19.3523
-14.7666
-2.91343
2.72621
24.0052
-9.33033
-5.01165
5.98278
9.60494
-2.14183
-2.5
-6.68875
-3.16889
14.0699
14.4961
13.7257
20.4359
-1.97007
-0.847007
0.830742
-22.3199
7.8695
-14.856
1.37487
0.269421
15.9057
4.81907
6.19205
-11.5216
-2.50972
-1.01671
16.1621
-18.8464
13.6488
4.32179
-5.16673
-20.7493
-25.2175
-1.8572
0.370517
4.66945
-25.7931
14.0589
25.2089
8.37945
2.28797
17.1343
12.7904
11.9789
7.12015
-2.65487
3.14805
-8.87607
30.7365
-31.7097
15.9518
-6.61998
-4.05137
-21.2542
-4.28715
1.67735
-17.4245
3.374
5.51042
9.12408
-34.0645
-16.9978
13.2267
-30.4084
8.38738
4.5292
-0.518055
2.70635
-15.4062
-4.43839
10.4717
-23.3341
-16.4837
21.8619
13.7635
19.0067
2.90337
-16.9362
-10.4326
18.3527
11.7928
8.87365
8.37396
-4.4557
20.8021
-14.1788
-29.5119
-6.7171
-4.54127
-4.0575
23.98
10.6952
2.08546
8.44827
4.20323
4.63776
-6.70069
-29.2492
6.23808
-13.1518
5.39303
-29.2416
1.17462
6.65292
-18.0743
22.1247
-8.30795
0.628828
-4.84285
-9.82692
-20.8469
9.41818
-12.9552
7.51665
-9.23228
10.2934
-5.27436
-7.16835
-0.183406
5.89854
-16.2289
9.60493
-43.6819
-51.7339
1.69378
-1.52911
-11.8535
-12.1587
13.9001
-1.7229
18.119
3.01566
22.2678
-9.62327
-15.9825
-5.53705
-1.4211
-16.3341
-13.4004
1.10028
15.7294
0.660421
1.46594
-30.6096
9.8696
9.91424
24.0527
16.3821
7.97932
-16.295
-1.90517
-16.7475
14.1037
-9.57202
1.90544
-11.1201
32.9043
7.30297
4.85158
16.4906
9.17418
-29.0897
31.7502
23.7842
-7.14438
8.48725
-5.64425
-8.21396
8.16997
5.86347
2.11831
10.2991
-0.0542445
4.25022
6.3376
-19.1323
-19.2124
-22.7176
8.6943
19.2301
12.5026
-4.33256
-13.4501
-7.5929
9.76988
3.98726
11.6721
12.0003
2.50417
6.80182
-9.90384
4.16295
3.67214
0.495714
-1.88129
-3.1145
-20.7077
-22.5032
-1.55851
-7.68142
7.20073
-10.8353
9.25745
13.0572
14.2779
0.528125
-16.1131
-28.019
-6.84653
1.1267
17.5509
-24.398
-14.1921
-3.43801
17.9965
-15.9036
-15.3607
5.6797
30.6479
-0.971434
6.94907
-6.52727
-15.5412
-8.33494
15.9666
-6.57989
10.4989
-11.3338
14.6911
-8.57214
5.22099
-9.40702
-14.1937
23.3004
-20.9129
9.07253
-18.4316
1.62971
3.60819
7.77828
8.06135
-10.052
6.16636
-29.3773
-2.95835
11.8209
-7.5005
16.7771
0.476278
-1.93004
-24.895
14.8012
14.049
-10.9727
2.51688
3.0641
5.07458
19.8178
4.69947
9.4792
-2.81871
7.6077
17.4876
8.25296
5.85782
-12.4974
2.53308
6.83088
-11.2323
19.166
-15.7805
-0.109845
25.4848
-10.9131
8.69566
-9.11789
-12.0103
18.6468
19.8066
2.04986
-11.8165
-10.0478
-7.84486
-7.50182
-7.82973
29.0684
-13.8918
8.8038
4.81979
20.8853
-2.88196
-9.59019
-21.3637
-18.4402
-9.98786
-5.55779
-0.876545
-5.12215
5.23987
-13.0803
3.9216
-11.6223
-7.01258
2.55127
9.8686
-3.1356
2.87067
-1.90908
-15.863
-23.3916
-19.9445
-11.4089
-17.4139
9.66159
0.249048
16.3646
15.441
0.104462
-13.2508
-3.66783
16.1969
14.3563
-14.0114
11.6207
19.0331
12.9109
5.24169
12.3668
10.4806
-5.78288
-5.7502
0.902793
-4.8585
6.84042
-24.58
12.4708
-6.53538
-19.4476
-1.05751
-26.4055
-30.4802
3.31962
-11.9643
-15.0246
-16.8311
15.6057
-6.60795
-3.97566
10.697
19.7139
8.80297
13.2671
-9.36641
-2.5841
-11.3218
-9.12484
-9.56962
-5.50912
6.99103
-9.5936
-24.1467
-25.3944
17.5461
0.0591991
-6.96274
14.8202
0.541839
9.03446
-1.39178
2.54692
-3.85736
-1.37588
-2.6468
-1.17943
-10.3136
9.82533
-19.6653
-5.38493
-7.79537
-15.9297
13.8375
10.294
8.94699
-18.0232
-14.928
-0.915498
-1.80245
5.02436
-20.7729
-14.4725
-0.920251
-9.6369
-3.50739
9.92008
5.36148
-7.44783
-17.3013
-8.39731
3.51004
8.42164
12.2962
-25.7659
-18.9709
-5.87567
-9.92116
8.34718
-3.04127
7.3451
-17.74
4.83136
-9.78854
3.13469
14.362
-3.49654
-4.47643
2.73781
-1.57492
-17.0346
-3.66185
5.87824
8.15532
-16.5013
-2.02359
-14.204
1.19224
-0.645854
15.971
-13.9068
9.34902
-14.1693
14.1291
-27.8414
10.1152
35.3879
-0.0171372
-35.3813
-10.0618
27.8517
-14.1352
14.1675
-9.32371
13.9082
-15.9673
0.689615
-1.11562
14.2374
2.05339
16.493
-8.17608
-5.87989
3.70738
17.0321
1.55351
-2.76659
4.45237
3.47048
-14.3256
-3.12432
9.81287
-4.81908
17.7482
-7.32948
3.06004
-8.30177
9.92028
5.86614
18.9768
25.7151
-12.2927
-8.34704
-3.43992
8.446
17.3025
7.46168
-5.37483
-9.87845
3.52181
9.64781
0.945848
14.4756
20.773
-5.04846
1.78445
0.91217
14.9716
18.0047
-8.96261
-10.2969
-13.7789
15.9532
7.83222
5.3901
19.6772
-9.83909
10.3165
1.18434
2.65816
1.40991
3.85482
-2.52223
1.39849
-8.98744
-0.553142
-14.8029
6.96089
-0.0207247
-17.5301
25.3966
24.1527
9.58612
-7.00191
5.53082
9.58479
9.1354
11.3237
2.55467
9.29944
-13.2734
-8.78115
-19.699
-10.6668
3.99075
6.61603
-15.591
16.8792
15.0261
11.9412
-3.28513
30.4768
26.3753
1.03308
19.42
6.5306
-12.491
24.5706
-6.86812
4.8216
-0.916828
5.75612
5.73977
-10.4934
-12.4108
-5.28629
-12.9722
-19.0508
-11.5664
14.0124
-14.3567
-16.1931
3.67983
13.2608
-0.118328
-15.4731
-16.3481
-0.232239
-9.65178
17.426
11.4284
19.9411
23.3702
15.7902
1.89868
-2.86457
3.13282
-9.87702
-2.55089
7.00645
11.6233
-3.90806
13.1062
-5.2358
5.15074
0.881339
5.5683
10.0057
18.4634
21.3308
9.53505
2.86312
-20.9199
-4.82464
-8.81601
13.8649
-29.109
7.8549
7.51192
7.82502
10.0097
11.7887
-2.07519
-19.8554
-18.6585
12.0115
9.11739
-8.71031
10.8895
-25.432
0.11022
15.7667
-19.1921
11.2198
-6.83366
-2.53595
12.4639
-5.88067
-8.25973
-17.4908
-7.55078
2.81691
-9.51075
-4.71287
-19.8547
-5.03369
-3.03544
-2.5049
10.9807
-14.04
-14.7893
24.9015
1.92812
-0.457092
-16.7777
7.46493
-11.8191
2.97471
29.3663
-6.17306
10.0389
-8.07272
-7.81634
-3.6222
-1.63113
18.4334
-9.04088
20.9079
-23.2829
14.215
9.35466
-5.2236
8.56158
-14.6806
11.3545
-10.5211
6.59231
-15.9362
8.41625
15.536
6.51144
-6.94503
0.983105
-30.6507
-5.64402
15.3761
15.9009
-17.9994
3.47407
14.23
24.3609
-17.5823
-1.08603
6.94774
28.0208
16.0823
-0.576363
-14.2925
-13.0623
-9.23826
10.8528
-7.19946
7.70265
1.5582
22.4858
20.7013
3.12147
1.90832
-0.519915
-3.67588
-4.16304
9.88396
-6.85626
-2.51237
-11.9895
-11.654
-4.00239
-9.76026
7.61378
13.4263
4.31657
-12.4957
-19.2324
-8.64903
22.734
19.2261
19.1124
-6.3777
-4.27107
0.0197278
-10.3182
-2.08547
-5.87203
-8.15959
8.20932
5.61413
-8.49163
7.11488
-23.8364
-31.7467
29.0802
-9.20711
-16.5236
-4.86435
-7.33749
-32.8858
11.1407
-1.90544
9.55786
-14.0903
16.7593
1.87877
16.2883
-8.05006
-16.3865
-24.0589
-9.87425
-9.84276
30.649
-1.46608
-0.619326
-15.6799
-1.09038
13.437
16.3484
1.42789
5.53127
15.9676
9.58704
-22.3267
-3.01447
-18.1239
1.7412
-13.8818
12.214
11.8668
1.57118
-1.66922
51.7264
43.6525
-9.64756
16.1953
-5.95131
0.165753
7.13849
5.27281
-10.305
9.20301
-7.52741
12.972
-9.37421
20.8944
9.83052
4.8449
-0.637293
8.32026
-22.1243
18.0794
-6.68834
-1.15422
29.2293
-5.39604
13.1355
-6.25476
29.206
6.66641
-4.7233
-4.21828
-8.44814
-2.08866
-10.6927
-23.9762
4.07409
4.52178
6.73794
29.507
14.1493
-20.8096
4.46504
-8.38099
-8.87881
-11.7694
-18.317
10.4288
16.9271
-2.94836
-19.0062
-13.7706
-21.8283
16.5301
23.3476
-10.4437
4.43764
15.4142
-2.70209
0.505117
-4.52826
-8.36672
30.4119
-13.2011
17.0023
34.0265
-9.1625
-5.51262
-3.3822
17.4219
-1.69105
4.28264
21.234
4.05021
6.62164
-15.9345
31.7461
-30.73
8.8807
-3.1491
2.5997
-7.17471
-11.9788
-12.7913
-17.1358
-2.28641
-8.37218
-25.1754
-13.9909
25.8415
-4.6592
-0.343747
1.86869
25.2518
20.7309
5.17521
-4.31927
-13.6139
18.8408
-16.1613
1.01924
2.50427
11.4895
-6.19821
-4.81275
-15.8301
-0.218287
-1.36743
14.8544
-7.86508
22.2932
-0.849471
0.858964
1.91661
-20.4488
-13.7231
-14.4777
-14.0338
3.19565
6.6763
2.49086
2.09339
-9.60483
-5.98638
5.01086
9.31999
-23.9731
-2.67181
2.9401
14.8289
19.3568
-11.2326
19.689
11.7686
-11.8731
12.381
-18.5866
-6.28916
13.2031
-0.0377786
7.30455
-6.48757
-21.6063
5.45507
-3.93603
19.5328
7.20845
17.128
-9.34229
-0.56993
-8.68116
-9.76064
-12.5239
-5.72215
21.8931
-6.15969
-14.4048
34.0183
-11.9676
-7.70788
-5.07873
9.28712
-16.8822
16.5544
3.08584
1.71402
-10.4575
-7.55527
22.233
-24.0347
1.09952
5.82062
-5.08052
7.7573
-11.645
-3.18478
-14.2857
-11.8508
11.4482
-8.73366
-0.0407632
5.77013
2.13881
19.0971
-29.464
4.03588
-7.23533
2.46504
14.2207
-6.85191
14.8397
