-0.00365606
0.00671344
0.0162548
0.0250123
0.0328166
0.038875
0.0427383
0.045577
0.0477473
0.0483644
0.0469313
0.0440963
0.0411199
0.0381992
0.0350261
0.0324548
0.031897
0.0336479
0.0367009
0.0409274
0.0472244
0.0559332
0.0658048
0.0761438
0.0881674
0.101692
0.113403
0.119866
0.120395
0.117665
0.112215
0.102569
0.087162
0.0670175
0.04672
0.0255351
0.00418201
-0.0180887
-0.0374686
-0.0548123
-0.0702914
-0.0830829
-0.093389
-0.100041
-0.10549
-0.108505
-0.107993
-0.104735
-0.100012
-0.0953024
-0.0898725
-0.0829547
-0.0757083
-0.0693222
-0.0631275
-0.0565621
-0.049433
-0.0430486
-0.0360721
-0.0279826
-0.0187847
-0.0106131
-0.00348781
0.00308234
0.00859298
0.0128221
0.0147731
0.0152096
0.0129209
0.00693962
-0.00210135
-0.012411
-0.0229565
-0.0341705
-0.0456605
-0.0548082
-0.0609456
-0.0646255
-0.0660805
-0.0638521
-0.0580044
-0.0493915
-0.0386544
-0.0232585
-0.00716653
0.00936875
0.0242577
0.0390751
0.054943
0.0693996
0.0800966
0.0890171
0.0988176
0.111112
0.119672
0.126604
0.137369
0.152107
0.163999
0.167578
0.164902
0.162099
0.15577
0.14343
0.124769
0.101947
0.0812071
0.0563013
0.032394
0.00692833
-0.0128886
-0.0367589
-0.0587813
-0.0759662
-0.0897458
-0.0984562
-0.109963
-0.118631
-0.124067
-0.123312
-0.122961
-0.122543
-0.120183
-0.115264
-0.11029
-0.105761
-0.100257
-0.091434
-0.0834167
-0.0758286
-0.0663895
-0.0553513
-0.040423
-0.0292094
-0.0178753
-0.00732361
0.00651123
0.0171861
0.0262036
0.0335467
0.0380257
0.0408797
0.0393804
0.0358482
0.0310221
0.0239379
0.014765
0.00447536
-0.0051833
-0.0137944
-0.0239825
-0.033205
-0.0400901
-0.0443002
-0.0474343
-0.0496081
-0.0487392
-0.0444734
-0.0404127
-0.0344303
-0.0283266
-0.018743
-0.0108311
-0.00186782
0.00516174
0.0142153
0.022887
0.0270262
0.0314221
0.0336444
0.0373269
0.0393078
0.0424389
0.0442141
0.0473099
0.0493371
0.0545637
0.06022
0.0635932
0.0675312
0.0723746
0.0803908
0.0869392
0.0934835
0.102659
0.117735
0.132484
0.140307
0.139315
0.138246
0.13459
0.127772
0.106337
0.0857181
0.05976
0.0311438
0.00741126
-0.0214907
-0.0428744
-0.068943
-0.0868549
-0.107147
-0.11877
-0.130905
-0.138313
-0.143789
-0.147168
-0.143045
-0.137214
-0.132765
-0.12759
-0.120572
-0.111343
-0.101187
-0.094367
-0.083229
-0.0726485
-0.0587997
-0.0497921
-0.0348585
-0.0190227
0.00132675
0.0161829
0.0281269
0.046187
0.0576548
0.0659079
0.0695337
0.0736234
0.0733473
0.0679137
0.0570296
0.0459324
0.0323995
0.016729
-0.00376904
-0.0194264
-0.034118
-0.0478267
-0.0626495
-0.0719739
-0.0756096
-0.0755959
-0.0752177
-0.0704634
-0.0620314
-0.0470069
-0.0361966
-0.0218455
-0.00014576
0.0143604
0.0271245
0.035908
0.0505631
0.0588234
0.0636175
0.0637709
0.0688343
0.0723123
0.07564
0.0790127
0.0834358
0.0934058
0.102218
0.110709
0.120826
0.139594
0.160095
0.171228
0.172389
0.172125
0.16489
0.157033
0.136139
0.111984
0.0734234
0.0469903
0.0122431
-0.0327828
-0.0601211
-0.087939
-0.110858
-0.141273
-0.153096
-0.161662
-0.167158
-0.176183
-0.175167
-0.167135
-0.156177
-0.147614
-0.138951
-0.129347
-0.114929
-0.105761
-0.0951832
-0.0791326
-0.0693548
-0.0594993
-0.0508054
-0.0310892
-0.0166045
-0.00188682
0.0094326
0.0286587
0.043996
0.0550206
0.0656375
0.0691157
0.0718791
0.0710294
0.0639579
0.0537636
0.0412669
0.0223391
0.00377424
-0.0165062
-0.0334689
-0.0522636
-0.0676707
-0.0825031
-0.0923539
-0.0963259
-0.0974525
-0.0971604
-0.0867709
-0.0766307
-0.0630518
-0.0501577
-0.0252369
-0.00670652
0.0121943
0.035579
0.0478229
0.0634206
0.0758705
0.0902985
0.0937997
0.1004
0.108037
0.118677
0.121783
0.127814
0.138126
0.145082
0.151127
0.160577
0.175013
0.189511
0.195291
0.195028
0.184285
0.176339
0.162133
0.119995
0.0895272
0.0547633
0.0213956
-0.0325095
-0.06661
-0.100445
-0.144335
-0.166488
-0.184164
-0.191466
-0.199734
-0.200999
-0.200579
-0.192632
-0.176014
-0.160466
-0.148823
-0.13137
-0.1164
-0.0996259
-0.0861878
-0.0643602
-0.0521925
-0.03915
-0.0229209
-0.0131404
0.00026294
0.0125432
0.0308195
0.0387373
0.0482797
0.0567548
0.0647411
0.0664245
0.0656984
0.0611001
0.0526705
0.0401795
0.0262747
0.00615218
-0.0135769
-0.0359325
-0.0603364
-0.0752209
-0.0907883
-0.106584
-0.117891
-0.121401
-0.119041
-0.115393
-0.0984596
-0.0840861
-0.0679327
-0.0409879
-0.0217208
0.0019425
0.0231002
0.057328
0.0721539
0.0902647
0.11474
0.125325
0.132417
0.139546
0.157561
0.164313
0.16558
0.165937
0.17154
0.177022
0.179397
0.179079
0.18982
0.203774
0.211623
0.202525
0.19634
0.187372
0.173394
0.118222
0.0797022
0.0437977
-0.00928962
-0.049056
-0.0907389
-0.122846
-0.174761
-0.196729
-0.216098
-0.22922
-0.227592
-0.225637
-0.223027
-0.211263
-0.192147
-0.171267
-0.155762
-0.136093
-0.1176
-0.0990923
-0.0698469
-0.056848
-0.041583
-0.0282353
-0.0128344
-0.00438893
0.00881844
0.0323054
0.0402007
0.0431851
0.0454557
0.0520143
0.0547131
0.0513446
0.0435745
0.0316094
0.0199211
0.00599617
-0.0125761
-0.0292446
-0.0480949
-0.0677879
-0.0883434
-0.0993699
-0.108163
-0.116709
-0.124431
-0.123653
-0.11609
-0.0902661
-0.0784064
-0.061576
-0.0412195
-0.0101385
0.0129963
0.0332148
0.0752811
0.0927003
0.108233
0.121539
0.141535
0.152366
0.159881
0.174874
0.183326
0.191476
0.194106
0.192822
0.193128
0.195235
0.196306
0.18812
0.193154
0.200753
0.198545
0.193976
0.183493
0.172978
0.121679
0.0900048
0.0477549
0.00870165
-0.0450132
-0.0884684
-0.129758
-0.19659
-0.219901
-0.239058
-0.252203
-0.261355
-0.2568
-0.248289
-0.232014
-0.214015
-0.188316
-0.162364
-0.134982
-0.115964
-0.0935199
-0.0710837
-0.0362698
-0.0241962
-0.0143133
0.000976493
0.00941752
0.015699
0.0209494
0.0356355
0.0400453
0.0416984
0.0419871
0.0409939
0.0371913
0.0280324
0.0110669
-0.00157824
-0.0149037
-0.0316781
-0.0545516
-0.0753778
-0.0925653
-0.107913
-0.119998
-0.129399
-0.13503
-0.132262
-0.127235
-0.115779
-0.0778632
-0.0598399
-0.0385939
-0.015973
0.0184401
0.0429494
0.0652323
0.0826256
0.122948
0.13911
0.150806
0.163393
0.168903
0.17626
0.184873
0.200372
0.20564
0.207207
0.207022
0.209174
0.210591
0.208838
0.191415
0.192167
0.198901
0.206413
0.197073
0.182774
0.167529
0.109232
0.0809451
0.0391505
-0.00671902
-0.0656393
-0.108285
-0.151755
-0.189436
-0.252583
-0.273405
-0.284429
-0.287058
-0.276826
-0.261065
-0.243192
-0.207855
-0.178381
-0.144135
-0.109394
-0.0866773
-0.0646833
-0.0434959
-0.00741664
0.00325689
0.0108319
0.0170527
0.0253258
0.0282921
0.0292507
0.0340255
0.0322735
0.0272558
0.0201941
0.0127454
0.00513825
-0.00850768
-0.0340389
-0.0530499
-0.0689508
-0.083455
-0.101041
-0.118548
-0.132381
-0.140651
-0.133097
-0.128986
-0.122502
-0.108083
-0.0965347
-0.0788115
-0.0571906
-0.0018705
0.0203916
0.0422188
0.0719249
0.0946485
0.115224
0.127808
0.156188
0.162877
0.169653
0.173162
0.176576
0.178416
0.181944
0.187881
0.190059
0.190547
0.190503
0.188695
0.188645
0.18848
0.176331
0.183788
0.194243
0.205365
0.201858
0.194314
0.176645
0.156526
0.0779836
0.0309688
-0.0202301
-0.0875888
-0.13617
-0.183736
-0.22257
-0.284735
-0.300414
-0.302908
-0.294783
-0.275391
-0.250691
-0.223066
-0.17492
-0.141751
-0.107062
-0.0765398
-0.0519067
-0.0375032
-0.0250136
0.000439962
0.00714902
0.00646427
0.00472753
0.00521163
0.00718088
0.00774391
0.00776567
0.0079949
0.00491297
-0.00101278
-0.0108836
-0.0225581
-0.038326
-0.0595854
-0.0898211
-0.111228
-0.127256
-0.143135
-0.157609
-0.169307
-0.168508
-0.135825
-0.122461
-0.099986
-0.0812331
-0.0421764
-0.0131755
0.0207185
0.0827825
0.101238
0.123621
0.134516
0.153082
0.156578
0.15958
0.163939
0.157135
0.155216
0.152489
0.1512
0.150025
0.15504
0.161505
0.165192
0.165364
0.170121
0.17308
0.178329
0.176349
0.181892
0.181104
0.195147
0.209522
0.195653
0.191338
0.16911
0.155979
0.0683299
0.0095196
-0.0393791
-0.102149
-0.152982
-0.205693
-0.235555
-0.294315
-0.309213
-0.303385
-0.28481
-0.256939
-0.228961
-0.203233
-0.167709
-0.105984
-0.0749972
-0.0494029
-0.0371855
-0.0250266
-0.0176144
-0.0101199
-0.00560234
-0.0148706
-0.0197882
-0.021846
-0.0194314
-0.0185917
-0.0205501
-0.0260496
-0.0328098
-0.0377787
-0.0447752
-0.060177
-0.0820613
-0.104512
-0.118091
-0.130212
-0.13803
-0.152781
-0.153066
-0.154483
-0.133644
-0.080757
-0.0671584
-0.0360003
-0.0200893
0.0247187
0.0459786
0.0796883
0.0881182
0.129289
0.146249
0.15103
0.160592
0.151273
0.145559
0.135264
0.137211
0.133741
0.12943
0.130429
0.134549
0.143243
0.14985
0.15747
0.163414
0.17417
0.180673
0.186574
0.186832
0.200172
0.205477
0.219746
0.23739
0.218829
0.203894
0.169306
0.155569
0.0459884
-0.0383195
-0.0937016
-0.166971
-0.205804
-0.260239
-0.292138
-0.33067
-0.340287
-0.314108
-0.274742
-0.240209
-0.19963
-0.164297
-0.109847
-0.0369544
-0.0131693
0.00455309
0.00285997
0.0100627
0.0122062
0.00798305
-0.013094
-0.0358911
-0.048463
-0.0482271
-0.0476887
-0.0541099
-0.0658381
-0.0718313
-0.0726861
-0.0728717
-0.0839631
-0.103016
-0.126246
-0.139825
-0.149087
-0.140354
-0.137969
-0.1502
-0.131006
-0.120333
-0.0778532
-0.0620693
-0.00249306
0.0304302
0.0458064
0.0905144
0.100914
0.120459
0.113112
0.135101
0.143402
0.141571
0.138591
0.122559
0.112369
0.105338
0.116083
0.119822
0.118158
0.122609
0.133943
0.151733
0.160618
0.162795
0.162366
0.173441
0.181483
0.191735
0.196738
0.219528
0.244186
0.243249
0.261577
0.233017
0.218935
0.163577
0.138401
0.0475641
-0.105719
-0.159489
-0.247666
-0.287084
-0.338305
-0.353047
-0.365188
-0.330812
-0.288911
-0.222922
-0.179078
-0.114965
-0.0749934
-0.0207326
0.0290687
0.0334467
0.0295589
0.0162561
0.00159481
-0.0114724
-0.0343925
-0.0539172
-0.0794398
-0.0876705
-0.0875915
-0.0882358
-0.0926087
-0.0983489
-0.102436
-0.104178
-0.110018
-0.128806
-0.144636
-0.165612
-0.166227
-0.172459
-0.141173
-0.116364
-0.111961
-0.069209
-0.0444479
0.00680568
0.0182924
0.0744137
0.100405
0.102096
0.117663
0.108911
0.106081
0.0897414
0.0962508
0.0954891
0.0858899
0.0838053
0.0783107
0.0876405
0.0901571
0.106902
0.132357
0.147143
0.169209
0.181024
0.187279
0.186704
0.187639
0.181968
0.191041
0.187471
0.196946
0.205735
0.241568
0.27111
0.260722
0.279711
0.226036
0.211553
0.116524
0.0781571
-0.0490485
-0.227683
-0.283965
-0.360701
-0.376798
-0.411261
-0.410965
-0.378747
-0.271428
-0.202219
-0.108316
-0.0631776
0.00972788
0.0492583
0.0911182
0.0955541
0.0685229
0.0238099
-0.0069126
-0.0509434
-0.0765525
-0.117175
-0.138543
-0.152458
-0.136526
-0.120042
-0.107438
-0.110985
-0.110303
-0.110179
-0.105468
-0.118285
-0.152928
-0.17177
-0.18787
-0.171364
-0.171537
-0.117206
-0.0695427
-0.0507102
0.0151249
0.042812
0.0899042
0.0900662
0.112526
0.135856
0.124699
0.111832
0.0823503
0.063903
0.0482888
0.0480537
0.0522857
0.0430178
0.053599
0.0600783
0.084365
0.0921317
0.118277
0.148539
0.1603
0.180216
0.191011
0.19618
0.187833
0.180203
0.180265
0.206117
0.210877
0.220672
0.227993
0.282961
0.320463
0.278248
0.269708
0.184594
0.178601
0.0682407
0.0110138
-0.160412
-0.230077
-0.362132
-0.403689
-0.408981
-0.410275
-0.38014
-0.290473
-0.20597
-0.0726701
0.0104493
0.0426886
0.0867616
0.108659
0.108463
0.0812591
-0.00889954
-0.0815059
-0.106503
-0.135266
-0.156705
-0.191251
-0.197488
-0.162212
-0.112483
-0.0979103
-0.0953161
-0.105934
-0.100277
-0.104417
-0.119422
-0.150687
-0.191579
-0.189698
-0.188364
-0.146507
-0.140545
-0.0882666
0.00520271
0.0364727
0.105836
0.114514
0.12484
0.102574
0.102497
0.0954403
0.0620522
0.025805
-0.00418839
0.00578563
0.0110145
0.0292636
0.052205
0.0561533
0.0984081
0.116301
0.141141
0.132016
0.146238
0.168603
0.179672
0.181386
0.174383
0.171489
0.179143
0.195596
0.212554
0.223948
0.227924
0.261055
0.284907
0.340399
0.332734
0.336482
0.214997
0.108364
0.0817429
-0.0735707
-0.148129
-0.302015
-0.334961
-0.397712
-0.391634
-0.375312
-0.316788
-0.241285
-0.113875
-0.0384034
0.0502437
0.0880577
0.104642
0.104333
0.0880644
0.0211011
-0.0302629
-0.123175
-0.169329
-0.18061
-0.196899
-0.20404
-0.194382
-0.167195
-0.119317
-0.082082
-0.0962279
-0.111098
-0.126852
-0.131355
-0.158845
-0.194118
-0.198329
-0.209686
-0.153419
-0.133152
-0.0693979
-0.0533035
0.0242515
0.112151
0.119401
0.12982
0.0975564
0.0751233
0.0427807
0.0252565
0.00990421
-0.0195045
-0.015033
-0.00780248
0.0473725
0.0598788
0.0856933
0.0784759
0.123531
0.150279
0.1387
0.121535
0.101946
0.1235
0.13794
0.162531
0.166283
0.178915
0.217379
0.251549
0.268539
0.275369
0.265058
0.255409
0.285258
0.267366
0.283208
0.230393
0.235203
0.121211
0.0178504
-0.0188405
-0.161004
-0.21632
-0.303785
-0.304309
-0.345851
-0.339511
-0.312708
-0.220562
-0.139006
-0.0444618
-0.00508967
0.0493765
0.0941475
0.112693
0.0789428
0.0366388
-0.0416207
-0.0713178
-0.130745
-0.19098
-0.217685
-0.235018
-0.224967
-0.18986
-0.166052
-0.142226
-0.121006
-0.130674
-0.120179
-0.135715
-0.149355
-0.188737
-0.195446
-0.150541
-0.150355
-0.0970478
-0.0946589
-0.0155204
0.0140386
0.0891347
0.134125
0.112431
0.101659
0.0731252
0.047045
0.00294415
-0.0286199
-0.0580437
-0.0339078
0.00572161
0.0185794
0.068354
0.0737302
0.113418
0.118101
0.15219
0.147546
0.119759
0.115022
0.122011
0.155884
0.159977
0.177729
0.197181
0.232455
0.260128
0.268112
0.25172
0.261807
0.247344
0.216361
0.221852
0.189479
0.227689
0.210502
0.227241
0.1388
-0.00135536
-0.0221959
-0.140333
-0.18918
-0.29649
-0.314022
-0.341442
-0.308576
-0.269443
-0.187157
-0.124291
-0.0280019
0.0324445
0.0940083
0.102096
0.0905477
0.0330462
0.00451419
-0.0795811
-0.124567
-0.206457
-0.249951
-0.25034
-0.231792
-0.220849
-0.183027
-0.157718
-0.112897
-0.0820821
-0.105638
-0.122847
-0.156712
-0.169573
-0.20169
-0.197432
-0.212307
-0.148146
-0.0704596
-0.0482812
0.0427777
0.0601186
0.111161
0.102269
0.113481
0.0838336
0.0328865
-0.013551
-0.0548088
-0.0558229
-0.0656974
-0.0182742
0.0374783
0.0621207
0.128007
0.139143
0.157338
0.138712
0.142057
0.125311
0.0988205
0.0909354
0.0962192
0.139667
0.161164
0.202075
0.237267
0.272878
0.285189
0.286919
0.255884
0.263543
0.236874
0.170568
0.171706
0.138904
0.186932
0.167673
0.176761
0.093697
-0.0172596
-0.0130904
-0.120566
-0.171413
-0.285238
-0.289869
-0.3003
-0.269728
-0.251117
-0.183158
-0.115648
-0.00238024
0.0567387
0.0925884
0.0750988
0.068571
0.0204327
-0.00865742
-0.113673
-0.170286
-0.246085
-0.251058
-0.25464
-0.235928
-0.233913
-0.18198
-0.142699
-0.0881996
-0.0970401
-0.114794
-0.13113
-0.151924
-0.155996
-0.2022
-0.204549
-0.21195
-0.121502
-0.0306186
-0.0202497
0.0503213
0.0688476
0.121023
0.108198
0.0996516
0.0522437
0.00405543
-0.0230425
-0.0512367
-0.0485648
-0.0637863
-0.0113823
0.0593714
0.0863486
0.13852
0.134221
0.144238
0.130359
0.137871
0.119476
0.08852
0.0909371
0.113846
0.176929
0.202791
0.230402
0.243003
0.277432
0.276139
0.267795
0.204649
0.198914
0.168657
0.130368
0.144607
0.130944
0.195768
0.20436
0.238593
0.171069
0.0322595
0.0181661
-0.120786
-0.179246
-0.306297
-0.324591
-0.35586
-0.325308
-0.2494
-0.14029
-0.0690622
0.0401179
0.0990541
0.129023
0.132584
0.0529874
-0.0448232
-0.0989395
-0.194706
-0.228697
-0.280802
-0.282342
-0.245047
-0.178802
-0.156997
-0.110836
-0.0931815
-0.0695348
-0.0856932
-0.129156
-0.181776
-0.227341
-0.223127
-0.243473
-0.203505
-0.196679
-0.0866806
0.0254442
0.0450627
0.111838
0.110527
0.119566
0.0882518
0.0599697
0.00223448
-0.0555077
-0.0753936
-0.0919861
-0.0443244
-0.0288595
0.0369788
0.124084
0.145853
0.194478
0.185946
0.160492
0.119437
0.0975888
0.0783626
0.0606625
0.0770227
0.102811
0.1883
0.235712
0.275524
0.270151
0.294203
0.266793
0.245234
0.165769
0.161537
0.130094
0.142551
0.128056
0.134061
0.218354
0.246103
0.282796
0.20215
0.204672
0.0240509
-0.13277
-0.207457
-0.34533
-0.364853
-0.390412
-0.346088
-0.239736
-0.114977
-0.0472461
0.0683839
0.138001
0.161206
0.15636
0.0423565
-0.0757301
-0.134305
-0.226262
-0.260834
-0.309108
-0.300055
-0.239253
-0.163982
-0.1512
-0.1072
-0.0903078
-0.0786588
-0.110539
-0.165029
-0.21102
-0.249389
-0.230956
-0.252644
-0.185063
-0.154366
-0.0534782
0.0652897
0.0683395
0.119733
0.108682
0.0919219
0.0443762
0.00530225
-0.0407729
-0.0857369
-0.0767864
-0.0871807
-0.0119992
0.0193662
0.0951311
0.167137
0.171796
0.184914
0.157385
0.117581
0.0719777
0.0456832
0.0436215
0.0493442
0.100554
0.132043
0.225547
0.280856
0.320857
0.323372
0.29259
0.23235
0.201395
0.114619
0.103675
0.0685803
0.09138
0.116069
0.145691
0.228934
0.285138
0.339488
0.277276
0.28886
0.0923871
-0.0881951
-0.183377
-0.345022
-0.368253
-0.399194
-0.352468
-0.252607
-0.129505
-0.0566906
0.0698277
0.133783
0.135819
0.130688
0.0457385
-0.080492
-0.150214
-0.239229
-0.257984
-0.279821
-0.263951
-0.215735
-0.139587
-0.129325
-0.0991566
-0.0959828
-0.0981646
-0.131585
-0.190306
-0.231786
-0.258912
-0.218998
-0.244653
-0.174958
-0.138671
-0.0331121
0.0684038
0.0439664
0.0671782
0.0504052
0.045843
-0.00529903
-0.0335067
-0.044751
-0.0584886
-0.0130955
-0.018353
0.0614094
0.0903454
0.139494
0.123159
0.149966
0.128106
0.0821691
0.0403319
0.00484485
0.0198223
0.0240985
0.0839736
0.162236
0.212653
0.307324
0.34021
0.332192
0.329332
0.267029
0.171533
0.116921
0.0535464
0.0781616
0.0838449
0.111352
0.145748
0.192748
0.292456
0.320791
0.337989
0.246398
0.272023
0.0925241
-0.139599
-0.243577
-0.370799
-0.369325
-0.368725
-0.305645
-0.193604
-0.057639
0.00633447
0.0983926
0.137716
0.10305
0.0883643
-0.0150595
-0.129181
-0.183915
-0.247761
-0.253382
-0.248334
-0.215079
-0.171923
-0.130602
-0.140906
-0.133394
-0.146227
-0.162713
-0.203907
-0.230045
-0.218698
-0.21974
-0.157271
-0.17853
-0.101226
-0.0738562
-0.008828
-0.0340723
0.00478092
0.00893792
-0.0135714
-0.00703407
-0.0478502
-0.0358907
-0.0464547
-0.00678717
0.0388303
0.0233502
0.0733819
0.0802483
0.100736
0.0689634
0.0888644
0.086227
0.0652256
0.0612767
0.0379197
0.0800962
0.10191
0.156004
0.197883
0.227912
0.284063
0.303657
0.274585
0.26148
0.191434
0.121826
0.0960978
0.0709515
0.102145
0.122337
0.162278
0.21054
0.228215
0.299341
0.266505
0.26052
0.194529
0.254891
0.103241
-0.101992
-0.174564
-0.252396
-0.22198
-0.285005
-0.285745
-0.229232
-0.117487
-0.0711977
-0.0353965
-0.017947
0.00299984
0.0417547
0.0116962
-0.0705704
-0.119423
-0.159501
-0.143845
-0.170529
-0.193105
-0.219558
-0.213374
-0.199664
-0.181818
-0.19802
-0.198552
-0.220139
-0.181013
-0.173139
-0.161681
-0.143188
-0.17406
-0.0993405
-0.078899
-0.0528995
-0.104654
-0.0543744
-0.00844575
-0.0110856
-0.00790519
-0.0627081
-0.0299453
-0.0122252
0.0409667
0.0650503
0.0291556
0.0691106
0.0915357
0.115454
0.0710347
0.0609333
0.0594326
0.0636877
0.0768493
0.0410471
0.0603157
0.0874885
0.156105
0.199803
0.204648
0.23667
0.2655
0.267504
0.268185
0.210001
0.132165
0.10882
0.0802082
0.108675
0.113501
0.139159
0.165603
0.173849
0.243771
0.221761
0.214912
0.162551
0.243861
0.177945
0.0302003
-0.0500745
-0.165209
-0.128587
-0.217437
-0.25525
-0.274051
-0.217517
-0.153275
-0.0926532
-0.0637816
-0.031251
0.00996836
0.0205029
0.00444566
-0.0647774
-0.116575
-0.113315
-0.16005
-0.186224
-0.210552
-0.205479
-0.209722
-0.194343
-0.190514
-0.170959
-0.192875
-0.178013
-0.17648
-0.155729
-0.137069
-0.188084
-0.152208
-0.132975
-0.0810573
-0.120042
-0.0611223
-0.0147123
-0.00782199
0.0152187
-0.030787
-0.0118148
-0.0171613
0.00236706
0.03336
-0.000518872
0.0304501
0.0380903
0.0704663
0.0427446
0.0748004
0.0945033
0.0896655
0.0997314
0.0764343
0.0906166
0.0904501
0.115182
0.143212
0.148824
0.187416
0.216761
0.240628
0.257709
0.248886
0.197282
0.16741
0.108815
0.122957
0.0969777
0.10611
0.117427
0.125639
0.195374
0.211565
0.229124
0.190411
0.262483
0.219107
0.191803
0.0452119
-0.0902088
-0.0571616
-0.166171
-0.211526
-0.263902
-0.224309
-0.195745
-0.13292
-0.0930692
-0.0586397
-0.0227006
-0.00329888
-0.00645754
-0.0585088
-0.10108
-0.0936628
-0.128763
-0.15027
-0.172695
-0.163201
-0.185057
-0.193159
-0.200814
-0.188439
-0.212366
-0.206113
-0.19884
-0.159619
-0.108728
-0.15626
-0.131946
-0.118713
-0.0787168
-0.124625
-0.110056
-0.0713969
-0.0581725
-0.0204167
-0.0700464
-0.0335599
-0.014491
0.0280458
0.0566265
0.0165382
0.0429259
0.0462599
0.0582688
0.0180418
0.0413902
0.0711077
0.074924
0.0886813
0.0744987
0.10373
0.104978
0.104871
0.105608
0.111279
0.122882
0.127184
0.145843
0.189364
0.227635
0.231906
