0
-0.0398675
-0.111363
-0.302963
-0.45938
-0.577128
-0.673204
-0.714896
-0.534031
-0.515122
-1.24569
-1.51897
-1.62804
-1.6619
-2.13464
-2.31999
-2.50908
-2.66917
-3.33536
-4.07569
-4.71712
-5.84409
-7.30931
-12.204
-24.2929
-76.3167
66.5482
13.1822
6.1058
4.80789
3.1418
3.50178
2.87039
2.9145
3.19089
3.57045
3.35217
3.727
3.59038
3.75829
3.3842
3.69867
2.60505
2.08351
0.444136
-0.769995
-3.94585
-6.15777
-10.4837
-13.496
-2.84951
57.002
-20.364
-0.882415
8.467
5.21904
4.57896
6.31577
5.02038
3.42654
3.22539
2.01872
0.373195
0.508421
-1.29058
-1.08284
-1.56608
-0.483306
0.745553
1.39657
0.919347
2.64883
0.401704
0.363324
-1.62453
-15.9133
-35.6891
52.4693
-31.2648
17.7483
-5.86729
2.20044
-0.0723908
0.76825
0.733707
0.511982
0.005819
-0.641812
-1.4858
-0.061816
1.36622
0.466488
0.670205
1.02043
2.27626
3.68102
3.24782
1.53302
0.0575195
4.21396
12.8631
8.63657
-26.4465
7.84215
-5.85046
1.56058
-2.65204
0.709908
-0.87515
0.394863
-0.215382
-0.334329
0.889801
0.103624
-0.668229
1.10394
0.364742
-0.118735
-0.699287
-1.15736
-1.81518
-1.08492
-1.7295
-0.883505
3.59931
11.3625
22.7028
0.745477
-11.3192
10.1714
-9.5974
7.60075
-4.00138
5.68121
-2.76513
-0.131203
-0.64191
1.38423
1.73058
-1.48144
1.14796
-1.36421
-1.87487
0.150007
-1.12076
-2.29338
-2.00624
-0.367282
-2.74377
-6.43754
-7.59589
-0.861123
30.6729
17.4166
-19.9989
-9.21551
4.38227
6.88633
4.28746
1.41593
-0.220631
-1.3531
-1.13277
0.157257
0.999822
0.146776
-0.432326
-0.33993
-0.825799
-0.590947
0.231342
0.458367
0.40269
0.653249
1.08112
-0.107095
-2.75438
-0.30452
4.36139
-1.8734
0.8705
-0.312635
-0.0740324
0.29765
0.531034
1.08965
1.48684
1.06445
0.363377
0.670823
0.424009
0.254683
0.64331
0.99497
0.837826
0.628197
0.535158
0.622496
1.12333
1.63188
1.53851
1.11927
0.0416362
0.549498
-0.642626
0.623345
0.506923
0.355595
0.173134
0.307476
0.398068
0.482688
0.463573
0.250513
0.252438
0.338923
0.186283
0.239588
0.234809
0.197243
0.110353
0.177086
0.0637658
0.460995
0.919995
1.25149
1.92635
1.26879
-0.0270928
0.534508
0.547161
0.335973
0.523117
0.22266
0.363541
0.363567
0.383213
0.443336
0.468421
0.354986
0.373731
0.385974
0.309212
0.279082
0.281464
0.213234
0.17847
0.0330039
0.00996126
0.39903
0.667922
1.1107
0.981564
0.177758
0.47228
0.335384
0.386257
0.367166
0.436703
0.341459
0.357141
0.262382
0.296657
0.431635
0.372824
0.330222
0.454942
0.308123
0.356016
0.259049
0.242068
0.0444814
0.226723
-0.186809
0.0149985
0.285507
0.882401
1.32055
0.696302
-0.329462
0.480103
0.387096
0.478222
0.423594
0.416792
0.343615
0.336162
0.273682
0.409068
0.332024
0.385289
0.247483
0.294999
0.314937
0.341279
0.317686
0.347959
0.349389
0.313371
0.211993
0.241492
0.283509
0.440246
0.404557
0.0672317
0.387243
0.27293
0.299489
0.274522
0.348641
0.269137
0.287666
0.225023
0.319771
0.27762
0.258767
0.310714
0.267221
0.191443
0.386585
0.291833
0.291887
0.299826
0.321068
0.205552
0.273774
0.20923
0.410371
0.378049
0.0997047
0.21496
0.17209
0.263058
0.225909
0.271605
0.252213
0.224047
0.207797
0.144609
0.310108
0.288496
0.292805
0.347757
0.232092
0.402401
0.376424
0.219614
0.213396
0.184683
0.39397
0.41243
0.180555
0.132573
0.0496069
0.252478
0.0561874
0.367731
0.244179
0.221566
0.548481
0.121042
0.03624
0.639521
0.0404175
0.329823
0.202231
0.481871
0.142332
-0.0360629
0.21078
0.388086
0.428284
0.127415
0.508246
-0.0787807
0.575341
-0.192477
0.00181703
0.215891
0.16092
-0.169758
0.333175
0.466849
0.503824
0.322213
-0.395321
0.787243
-1.29143
1.91675
-0.187355
0.303849
1.42403
-0.0402691
-0.197432
-0.0783119
-0.53098
-0.475088
0.248869
1.02568
1.35694
0.512902
1.59308
1.15849
-0.880202
-0.967618
0.847514
-0.00505227
-0.86944
-0.608998
0.444354
0.653957
1.02767
0.434276
-0.302909
0.019484
-0.190782
-0.139223
0.0401614
0.467688
0.0803993
-0.0624815
-0.0104143
0.326672
0.0141989
0.134424
0.0380132
0.22058
0.601901
0.538694
0.00814331
0.626226
0.996146
-0.305573
0.13126
-0.0702497
0.0286917
0.0978162
0.456164
0.188473
0.083493
-0.00319588
0.273781
0.110929
0.289991
0.0146982
0.278307
0.268325
0.512691
0.101008
-0.0220647
-0.26188
-0.181622
0.250805
0.414067
-0.00227657
-0.072837
0.882393
-0.277237
0.416178
0.505027
-0.0914812
0.558316
0.351956
0.474134
0.170071
0.109591
-0.0310599
0.269748
0.215858
0.672427
0.131495
0.225339
0.143042
0.256093
0.244976
0.0849836
-0.382931
-0.490037
-0.0512761
0.175107
-0.0854473
0.0252726
0.089722
0.00595674
0.0513709
0.0419516
0.0503496
0.063016
0.0581744
0.0657325
0.0768763
0.0452108
0.056456
0.064025
0.0742851
0.0687075
0.0787906
0.0854783
0.0520337
0.0622535
0.0689998
0.0784929
0.0726728
0.0818344
0.0880115
0.0967193
0.0646477
0.0741023
0.07918
0.07337
0.0823393
0.0882651
0.096546
0.0640167
0.0731366
0.079021
0.0877624
0.0811174
0.0869431
0.0952622
0.0622623
0.0710674
0.0769391
0.0856412
0.080002
0.0884419
0.0930515
0.0596092
0.0684786
0.0743997
0.0829774
0.0772398
0.0856313
0.0913242
0.0991828
0.0653381
0.0712411
0.0796451
0.0745299
0.0829048
0.0881273
0.0960439
0.0627825
0.0714737
0.0762579
0.0711996
0.0796703
0.0851424
0.0930358
0.0591672
0.0677151
0.0734898
0.081733
0.0770738
0.0816927
0.0896559
0.0555666
0.0643791
0.0697739
0.0779659
0.0733976
0.0815285
0.0869227
0.0516898
0.0601757
0.0661145
0.074399
0.0697266
0.0777925
0.0833841
0.0910179
0.0572236
0.062278
0.070502
0.066274
0.0745053
0.079906
0.0874097
0.0533081
0.0616691
0.0673764
0.0624906
0.0707234
0.0763115
0.0839778
0.0493792
0.0577965
0.0635072
0.0715187
0.0676617
0.0726366
0.0804771
0.0453947
0.0536963
0.0596991
0.0676395
0.0639502
0.0719063
0.0774362
0.0850185
0.0499686
0.0557628
0.0639201
0.0602722
0.0681655
0.0738232
0.0813507
0.0464349
0.0545941
0.0599881
0.056524
0.0645491
0.0702977
0.077764
0.0431077
0.049778
0.0592416
0.0640582
0.0605886
0.0665615
0.0743242
0.0388937
0.0470452
0.0536484
0.0598145
0.0583927
0.0654181
0.0704597
0.0348311
0.0431994
0.0491236
0.0572535
0.0535034
0.0635064
0.0675853
0.0755377
0.0400021
0.0451162
0.0533124
0.0505239
0.0579268
0.0690187
0.0715228
0.0364249
0.0443453
0.0501049
0.0468384
0.055186
0.0610192
0.0681257
0.0320476
0.0398461
0.0464269
0.0546913
0.0520006
0.0572488
0.0645969
0.0282515
0.0412896
0.0410789
0.0501094
0.0470655
0.0557795
0.060537
0.0233928
0.0329036
0.037606
0.0469243
0.0431672
0.0524925
0.0565751
0.0658358
0.0299566
0.0334496
0.0437189
0.0426888
0.0484166
0.0520625
0.0618295
0.0257538
0.0310727
0.039884
0.0455413
0.0467751
0.0503108
0.0583312
0.0218924
0.0267944
0.0365927
0.0408929
0.0424061
0.0466923
0.0586888
0.0166585
0.0226832
0.0327767
0.0366016
0.0388469
0.042168
0.0522752
0.0545175
0.0176435
0.0294879
0.0322465
0.0353529
0.0383718
0.0490362
0.0518323
0.0139066
0.0290585
0.0290822
0.0315129
0.0345345
0.0458819
0.0480601
0.0108026
0.0246128
0.0238473
0.0406322
0.0301977
0.0423279
0.0438965
0.0065849
0.0209557
0.020318
0.0346654
0.0264407
0.0412027
0.0404321
0.00234429
0.0172861
0.0162749
0.0312793
0.0226596
0.0377893
0.0364827
0.0511413
0.0142847
0.012278
0.0277588
0.0189465
0.0343142
0.0325344
0.0477689
0.0107681
0.0105849
0.0247691
0.0150077
0.0309737
0.0287859
0.0445053
0.00743758
0.00653211
0.0212932
0.0204258
0.028159
0.0249005
0.0412581
0.00390536
0.00257803
0.0178904
0.0164345
0.0247571
0.0232491
0.0384162
0.0369026
-0.00125191
0.0144483
0.0125719
0.0217726
0.0197048
0.0351746
0.0329884
-0.00464246
0.0134395
0.00869587
0.0182931
0.0156862
0.0319358
0.0292128
-0.00871941
0.00981583
0.0053357
0.0236334
0.0120629
0.0289097
0.0255665
-0.0121895
0.00645199
0.00138846
0.0203
0.0086625
0.0274469
0.0217721
-0.0158849
0.00608626
-0.00252023
0.0168657
0.0049293
0.0240983
0.0186026
0.0377931
-0.000242613
-0.00609637
0.01354
0.00110255
0.0209635
0.015043
0.034446
-0.00322931
-0.00769545
0.0108207
-0.00234696
0.0177098
0.0113707
0.030976
-0.00665537
-0.0113975
0.00742292
0.00239097
0.0151068
0.00774097
0.0281097
-0.00966887
-0.0149747
0.00451071
-0.00160723
0.0116945
0.00611297
0.0253423
-0.0128151
-0.0185662
0.000763521
-0.00503877
0.00858086
0.0023942
0.0222148
0.016169
-0.0217973
-0.00229472
-0.00872755
0.00533938
-0.00105897
0.019111
0.0125613
-0.0253848
-0.00388687
-0.0118305
0.0100426
-0.00462041
0.0158545
0.00903185
-0.0288021
-0.00701742
-0.0153893
0.00678226
-0.00774557
0.0145874
0.00554407
-0.0323254
-0.0101672
-0.0187432
0.00349689
-0.0112187
0.0115276
0.00239503
0.0250683
-0.0133611
-0.0224881
0.000299752
-0.0146779
0.0082914
-0.00114763
0.0218982
-0.0161507
-0.0240698
-0.00285424
-0.0181455
0.00520579
-0.00448349
0.0188453
-0.0192769
-0.0275172
-0.00564734
-0.0141381
0.0019889
-0.00807571
0.0156726
-0.0223916
-0.0309146
-0.00887315
-0.0176042
-0.00077698
-0.00966743
0.0129829
-0.0255196
-0.034331
-0.0119771
-0.0209999
-0.00392773
-0.0130689
0.00988433
0.000485994
-0.0373479
-0.0151602
-0.0245164
-0.00698599
-0.0164084
0.00683602
-0.00294127
-0.0405637
-0.0165717
-0.0274865
-0.010074
-0.0198466
0.0036768
-0.00625
-0.0438149
-0.0196504
-0.0308632
-0.00604237
-0.0227878
0.000538509
-0.00969044
-0.0470227
-0.0227064
-0.0341504
-0.00921003
-0.0261944
-0.000797981
-0.0126906
0.0129551
-0.025838
-0.0374682
-0.0122974
-0.0294021
-0.00395219
-0.0160573
0.00981007
-0.0285147
-0.0391364
-0.0154009
-0.0327109
-0.00695411
-0.0193806
0.00666811
-0.0315902
-0.0423462
-0.0181385
-0.0293306
-0.0100856
-0.022683
0.00363322
-0.0346016
-0.0455188
-0.0212749
-0.0326894
-0.0127763
-0.024388
0.000546092
-0.0376214
-0.0487419
-0.0242825
-0.0359116
-0.0158769
-0.0277281
-0.00213043
-0.014224
-0.0518986
-0.027374
-0.0391577
-0.018838
-0.030866
-0.00521619
-0.0175533
-0.0546939
-0.0288256
-0.042047
-0.0219116
-0.0341591
-0.00821366
-0.0208156
-0.0577205
-0.0319078
-0.0452769
-0.01843
-0.0370443
-0.0112982
-0.0241275
-0.0606831
-0.0349189
-0.0484527
-0.0215359
-0.0402276
-0.0127657
-0.0270125
-0.06369
-0.0378973
-0.0515187
-0.0245792
-0.0433648
-0.0158459
-0.0303358
-0.00202905
-0.0405839
-0.0546262
-0.0276822
-0.0465613
-0.0188398
-0.0334794
-0.00518898
-0.0436179
-0.056309
-0.0303567
-0.0436893
-0.0219464
-0.0367281
-0.00817579
-0.0464621
-0.0593611
-0.0334548
-0.0469498
-0.0246
-0.0384546
-0.0112322
-0.0494144
-0.0623206
-0.0364104
-0.0500685
-0.0276742
-0.0416632
-0.013927
-0.0283571
-0.0652947
-0.0394741
-0.0531607
-0.0306683
-0.044803
-0.0170305
-0.0316473
-0.0679222
-0.040971
-0.0562907
-0.0336683
-0.0479582
-0.0200435
-0.0348104
-0.0708455
-0.0440167
-0.0590207
-0.0306853
-0.0510641
-0.0231464
-0.0380805
-0.0736755
-0.0469939
-0.0620826
-0.0337649
-0.0538428
-0.0247039
-0.0409309
-0.0764585
-0.0499241
-0.0649865
-0.0368117
-0.05694
-0.0278032
-0.0441584
-0.0138888
-0.0525987
-0.0679471
-0.0398658
-0.0599441
-0.0307951
-0.0473708
-0.0170475
-0.0555691
-0.0696795
-0.0425454
-0.0629384
-0.0338926
-0.0504527
-0.020054
-0.0583664
-0.072615
-0.045632
-0.0606885
-0.0365377
-0.0535637
-0.0232005
-0.0613055
-0.0754209
-0.0485569
-0.0637511
-0.0396188
-0.0553525
-0.0259107
-0.0642435
-0.0782392
-0.0516057
-0.0667511
-0.0426338
-0.0584795
-0.0290615
-0.0455447
-0.0808133
-0.0532403
-0.0697294
-0.0455959
-0.061498
-0.0320346
-0.0487787
-0.0835544
-0.0562017
-0.0725048
-0.0430974
-0.0645452
-0.0351404
-0.0519368
-0.0862517
-0.0591433
-0.075264
-0.0461774
-0.0672689
-0.0368737
-0.055125
-0.0889271
-0.062145
-0.0782665
-0.0492629
-0.0703185
-0.0399793
-0.0582171
-0.0259877
-0.0650898
-0.081053
-0.0522911
-0.0732165
-0.0429767
-0.061117
-0.0292124
-0.0677425
-0.0828018
-0.0550677
-0.0761303
-0.0460783
-0.0641946
-0.0322859
-0.0706438
-0.085599
-0.0580823
-0.0744473
-0.0488447
-0.0672343
-0.0352664
-0.0734638
-0.0883375
-0.0611483
-0.0773461
-0.0519818
-0.0691082
-0.0382532
-0.0762821
-0.091077
-0.0640826
-0.0804766
-0.0549719
-0.0721841
-0.0414003
-0.059347
-0.0935928
-0.067128
-0.0832485
-0.0580218
-0.0748946
-0.0446692
-0.0627227
-0.0961948
-0.0688777
-0.0858875
-0.0614395
-0.0781288
-0.0476771
-0.0659454
-0.0987053
-0.0719042
-0.0887871
-0.0590698
-0.0809096
-0.0495931
-0.0689877
-0.101366
-0.0748167
-0.0915139
-0.0621711
-0.0808343
-0.0525262
-0.0719844
-0.0386058
-0.0777511
-0.0943377
-0.0652958
-0.0867117
-0.0557633
-0.0749319
-0.0434922
-0.0804517
-0.096189
-0.0683408
-0.0896906
-0.0589738
-0.0780361
-0.0449633
-0.0834102
-0.0989237
-0.0714883
-0.0885553
-0.0620569
-0.0812308
-0.048216
-0.0863025
-0.101483
-0.0741761
-0.0912849
-0.0649663
-0.0829513
-0.0514049
-0.0890206
-0.104197
-0.077247
-0.0940118
-0.0680616
-0.0863045
-0.0545152
-0.0740148
-0.10666
-0.0802956
-0.097045
-0.0711565
-0.0892181
-0.0577303
-0.0771931
-0.109334
-0.0821935
-0.0996874
-0.0742771
-0.0922592
-0.0609078
-0.0804073
-0.111754
-0.0852685
-0.102607
-0.0726819
-0.0949733
-0.0641813
-0.0836265
-0.114278
-0.0881711
-0.105272
-0.0759148
-0.0979603
-0.066213
-0.0865384
-0.11682
-0.0912003
-0.108088
-0.0789372
-0.100798
-0.0694893
-0.0897165
-0.0554092
-0.0938838
-0.110098
-0.0822621
-0.103409
-0.0726324
-0.0928174
-0.0588996
-0.0968839
-0.112779
-0.084931
-0.102637
-0.077223
-0.0976734
-0.0624038
-0.0999113
-0.115462
-0.0882957
-0.105972
-0.078319
-0.098959
-0.0650107
-0.103549
-0.118231
-0.0914357
-0.108798
-0.0820999
-0.101037
-0.0688061
-0.0886671
-0.119443
-0.0946326
-0.111774
-0.0853358
-0.104485
-0.0719329
-0.0927987
-0.121984
-0.101398
-0.114404
-0.0884898
-0.107263
-0.0760079
-0.0963637
-0.125674
-0.0993297
-0.119315
-0.0895437
-0.111284
-0.0784816
-0.0988748
-0.127942
-0.103779
-0.121079
-0.0903378
-0.126261
-0.0833609
-0.103885
-0.131202
-0.106023
-0.122598
-0.0960763
-0.11751
-0.0843475
-0.105316
-0.0728571
-0.110795
-0.126982
-0.0969943
-0.118706
-0.0901709
-0.110387
-0.0804414
-0.111824
-0.127348
-0.103579
-0.12416
-0.091335
-0.111707
-0.0803497
-0.117585
-0.131967
-0.103923
-0.121713
-0.0980738
-0.117077
-0.080694
-0.117812
-0.132152
-0.116141
-0.126779
-0.0975768
-0.117178
-0.0889
-0.11027
-0.138184
-0.109943
-0.126479
-0.105177
-0.12438
-0.0873561
-0.109261
-0.137892
-0.116928
-0.134011
-0.105678
-0.122567
-0.0975439
-0.117117
-0.143208
-0.11547
-0.13296
-0.109099
-0.130606
-0.0977639
-0.115563
-0.142378
-0.123717
-0.139591
-0.106674
-0.129316
-0.103809
-0.124564
-0.147712
-0.121847
-0.138565
-0.116815
-0.13708
-0.100434
-0.122321
-0.0943335
-0.130669
-0.145297
-0.113522
-0.135213
-0.111537
-0.13174
-0.0895742
-0.127975
-0.143375
-0.123975
-0.143074
-0.107326
-0.128649
-0.102559
-0.137245
-0.150161
-0.120029
-0.138269
-0.118961
-0.138399
-0.0966873
-0.133993
-0.148646
-0.131045
-0.147516
-0.113805
-0.134102
-0.110111
-0.143551
-0.155215
-0.126465
-0.144158
-0.126265
-0.144103
-0.103527
-0.126342
-0.153529
-0.137023
-0.152469
-0.120408
-0.140191
-0.117754
-0.138303
-0.159903
-0.131859
-0.149474
-0.129806
-0.150215
-0.110185
-0.132994
-0.15831
-0.14362
-0.157782
-0.122913
-0.145859
-0.124033
-0.14484
-0.164131
-0.137746
-0.154584
-0.136613
-0.155703
-0.115323
-0.138546
-0.113889
-0.149635
-0.162541
-0.128615
-0.150945
-0.130636
-0.150393
-0.102969
-0.142719
-0.158534
-0.142309
-0.16048
-0.120769
-0.143426
-0.120123
-0.154278
-0.166141
-0.133101
-0.152424
-0.135503
-0.155065
-0.107127
-0.14664
-0.161945
-0.146463
-0.162058
-0.123521
-0.145651
-0.1233
-0.157239
-0.168663
-0.13493
-0.15426
-0.137616
-0.156259
-0.106634
-0.132318
-0.162426
-0.146399
-0.162324
-0.120523
-0.14319
-0.11973
-0.142502
-0.167262
-0.126743
-0.148399
-0.128931
-0.150126
-0.0900513
-0.118772
-0.164682
-0.0775813
-0.19998
-0.068001
-0.0380076
-0.237845
-0.0356731
0.205308
0.170289
-0.505576
-0.537925
-0.493676
-0.171499
-0.3122
-0.235584
-0.786115
-0.244974
-0.287432
-0.0535523
-0.216472
-0.343276
-0.536049
-0.447541
-0.535521
0.0516617
-0.652084
-0.383504
0.162481
-0.897206
0.188999
-0.0849455
-0.382383
-0.144004
0.183373
0.133585
-0.0344256
-0.32322
-0.632192
-0.34321
-0.315974
-0.0726563
-0.331598
-0.154225
-0.29924
-0.0610104
-0.170237
-0.359289
-0.517159
-0.114154
-0.0510049
-0.0356015
-0.255055
0.0849261
-1.27613
-0.552977
-0.0231724
-0.580871
-0.526879
0.0349815
-0.0131122
-0.140413
-0.0690436
-0.354874
0.015505
-0.00594546
-0.235683
-0.482019
0.0238585
0.104827
0.00797805
-0.146383
0.0156907
-0.937124
-1.03704
-0.394285
-0.235198
0.818135
0.816018
-0.425506
-0.688487
0.821693
-0.111887
-1.62742
-1.6192
-0.551069
-1.2772
-0.929316
0.191633
0.719411
0.477198
-0.184862
0.107647
-0.336986
-1.53192
0.0131155
-0.0718484
-1.68879
1.52147
-0.888923
0.506886
-0.438997
-0.220957
-0.723133
-0.0605061
0.124315
-0.246508
-0.216196
-0.0382614
-0.0199741
-0.730804
0.046673
-0.601406
-0.211327
-0.483439
-0.415287
-0.206376
-0.0241508
-0.206872
-0.54827
-0.23641
-0.326021
-0.0996582
-0.667835
-0.049051
-0.190695
-0.580113
-0.296581
-0.18455
-0.431388
-0.0205503
-0.362181
-0.118374
-0.216525
-0.228642
-0.489897
-0.449417
-0.236647
-0.234011
-0.242018
-0.406559
-0.419604
-0.260694
-0.367788
-0.320425
-0.310715
-0.306844
-0.12474
-0.247766
-0.26834
-0.282399
-0.296376
-0.238461
-0.264751
-0.239686
-0.216418
-0.226874
-0.406141
-0.420833
-0.236879
-0.318146
-0.211705
-0.355932
-0.321869
-0.319974
-0.329161
-0.401816
-0.225354
-0.308714
-0.336163
-0.272245
-0.320866
-0.32424
-0.250578
-0.318519
-0.275773
-0.383374
-0.292357
-0.333577
-0.290183
-0.394648
-0.113806
-0.468762
-0.447428
-0.251984
-0.27224
-0.245406
-0.357368
-0.39382
-0.365237
-0.350178
-0.366637
-0.341287
-0.292885
-0.26816
-0.430306
-0.356309
-0.409639
-0.262868
-0.379323
-0.381435
-0.461448
-0.444664
-0.389969
-0.37128
-0.425484
0.239304
-1.05102
-1.33248
-0.625369
0.197376
0.157795
0.166621
-0.271827
-0.0924363
-0.296446
-0.320686
-0.373756
-0.344439
-0.476845
-0.351165
-0.36809
-0.44124
-0.291717
-0.289937
-0.403645
-0.341147
-0.468339
-0.382004
-0.412486
-0.376069
-0.489875
-0.368293
-1.03148
-0.953784
-0.244886
-0.276165
0.126942
0.00118818
-0.169755
-0.215623
-0.314632
-0.326363
-0.361944
-0.413459
-0.394496
-0.397856
-0.451076
-0.430057
-0.327003
-0.389614
-0.369508
-0.281725
-0.601612
-0.337139
-0.596645
-0.60575
-0.130683
-1.51698
-1.92623
-0.954218
-0.115069
0.0823434
0.444824
-0.100272
-0.0138487
-0.147843
-0.157288
-0.083405
-0.180382
-0.318613
-0.243765
-0.249867
-0.484484
-0.474851
-0.26222
-0.262797
-0.138287
-0.415553
-0.516975
-0.579445
0.531247
-0.57974
-0.36779
-1.50409
-1.53367
-1.13421
-1.02461
-0.393667
-0.434383
-0.408391
-0.47294
-0.864294
-0.265114
-0.0623685
-0.263784
-0.661112
-0.364523
-1.00033
-1.14669
-0.20672
-0.364344
0.123534
0.324406
0.544965
-0.468632
1.82408
-4.36574
1.36454
2.93927
0.0255759
-1.36694
-0.420684
-0.116689
0.0196959
-0.0573101
0.808929
0.792943
0.0443109
-0.262783
-0.46875
-1.10636
-0.0772911
0.837562
1.15004
-0.654646
-3.08136
-4.7485
-4.22514
-2.55767
11.568
16.5485
-24.6919
-17.5888
7.0893
11.4908
7.38762
1.99343
0.402956
2.1531
1.39372
0.469981
-0.662667
1.83407
0.314281
-1.62279
0.736132
-1.7618
-1.09978
0.5082
-0.121249
0.978614
-5.88748
3.75363
-7.92813
10.2225
-14.5208
12.7982
-10.6917
-23.1052
-4.59144
-3.1045
3.30001
3.95238
2.37791
3.25547
1.32573
0.962388
0.384516
0.307367
-0.221272
1.07671
0.142596
-0.542567
0.856095
0.229735
-0.42586
0.791013
-0.641382
1.90123
-1.53339
5.82604
-8.16777
25.4647
-22.7556
-14.7617
-3.00218
1.20167
0.743765
-3.06961
-2.90367
-0.640888
-0.204943
0.166148
-0.386779
-0.697418
0.772474
2.50661
1.5277
0.264811
0.0876465
0.00330225
0.410423
0.232406
-1.45693
5.40454
-15.7203
29.516
-50.2041
42.9109
14.91
-2.74061
-3.55325
-0.991813
-3.46343
-1.45261
-1.71214
-0.779684
0.353752
1.51472
0.925087
1.40812
-0.522359
-0.0946162
-1.9048
-2.90357
-3.4288
-4.73298
-6.01841
-4.21113
-4.40742
-8.36442
1.3701
21.1459
-48.9967
1.69489
12.9106
9.6026
5.77097
3.61554
0.737487
-0.549911
-1.94768
-2.47585
-3.35214
-3.46105
-3.80806
-3.52384
-3.26826
-2.12162
-3.44909
-2.57864
-2.1353
-1.36345
-3.46355
-2.86879
-3.02171
-4.07462
-5.4589
-62.7935
103.608
29.6899
10.1067
1.61124
5.27871
3.42945
3.02601
1.59228
2.56954
2.13462
1.31579
1.27159
0.447442
1.48179
1.12258
0.909003
-0.00970811
-0.244825
0.534227
0.292926
0.232824
-0.091452
0.222003
-0.099485
-0.123152
