-0.366838
0.865536
0.4653
0.118516
-0.840238
-0.813921
-1.06258
0.775906
0.164893
0.334409
-1.07439
0.972235
0.663046
-0.699769
-0.801623
-0.694169
-0.463783
0.0426288
-0.186678
-0.441846
0.193272
-0.820968
-0.412787
-0.317873
-0.170832
0.5997
-0.612956
-0.0206799
0.154074
-1.01324
0.232736
-0.727399
-0.958056
0.990552
0.944369
0.593692
-0.403441
-0.886443
0.388387
-0.194271
-0.765257
-0.019392
-0.970341
0.856359
-0.523428
0.30007
-0.39269
0.0717137
0.0399662
-0.667183
0.995546
0.536163
0.877592
0.778915
0.209832
0.799442
-0.919248
-0.668416
-0.916458
-0.437246
-0.242819
-0.50497
0.677113
-0.288586
-0.456761
0.0696654
-0.778061
0.582098
-0.931306
1.06154
0.507729
-0.792611
-1.02842
0.750111
0.41309
0.394078
0.532148
-1.04625
-0.242536
-0.711338
0.78065
0.149797
-0.390935
-0.885741
-0.319806
-0.330845
0.54043
0.322411
0.875853
-0.0894323
-0.724348
0.488933
0.511219
0.0641205
0.517288
-0.0319785
0.0475143
-0.219089
-1.04546
-0.812491
-0.951558
0.28359
-0.390006
0.182813
0.802731
-0.485316
-0.124924
0.456024
-0.602323
-0.865107
-0.277913
-0.605692
1.11819
0.652579
0.310825
0.797646
0.496934
-0.720436
0.867469
-0.0268957
0.637226
0.685822
-0.601535
-0.90271
-0.564573
-0.0801335
0.746346
0.570585
-1.2384
-0.0385279
-0.298825
-0.643331
-0.719576
-0.13037
0.949432
-0.34792
0.0507726
0.419796
-0.200858
0.98995
0.831201
-0.620705
-0.0396976
-0.436105
-0.447058
-0.96817
0.259826
-0.0274599
-1.0012
-0.317289
0.875069
-0.625351
-0.61146
0.169217
0.969274
-0.591887
0.460887
0.474487
-0.496582
0.547836
-0.323422
0.165554
0.226348
-0.0644904
-0.831775
0.72152
-0.528321
-0.684117
-0.822961
0.264329
0.384441
-1.00719
0.127281
-0.422388
0.407796
-0.580524
0.493261
-0.111163
0.911798
-0.761845
-0.157444
-0.587834
1.08659
0.849391
-0.449824
0.431912
0.639578
0.0698714
-0.0809087
-0.495746
-0.680089
0.99534
0.822134
0.213499
-0.302547
-0.170061
0.601814
0.831937
0.648567
0.334259
0.0789402
-0.936072
-0.589843
0.854697
-0.00772317
-1.09946
-0.736786
0.316115
-1.05243
-0.49057
0.255701
0.452446
0.368355
-0.439777
0.473912
-0.505389
-0.160284
0.635808
0.352783
0.713276
0.207921
0.0356657
-0.772359
-0.174982
-0.274735
-0.272504
1.12699
-0.0842134
0.857881
0.363297
0.579191
-0.0290038
0.0710062
-0.101831
-0.561732
0.420966
-0.503312
-0.759138
0.510993
-0.421296
1.08936
0.88405
0.595387
-0.417313
-0.759162
0.997926
-0.063085
0.937961
0.77876
0.467977
-0.519262
-0.26559
0.556149
-0.424021
-0.537665
0.267395
0.818216
0.227594
0.0315242
-0.686232
0.32429
0.919901
-0.7157
0.143311
0.75805
0.351188
0.320464
0.19362
-0.302745
-0.242524
0.70384
0.529936
0.509766
0.608742
-0.245689
-0.0658019
0.514048
0.0973776
0.253479
0.365663
0.373607
-0.753997
-0.531154
-0.933211
-0.0243003
-0.930083
-0.146061
-0.0119742
-0.499087
0.0808767
-0.916912
-0.696312
0.628261
-0.430855
-0.632983
0.166809
0.452775
-0.588274
0.135001
-0.764411
-0.682116
0.337321
0.296258
0.460631
0.622288
0.72935
-0.115644
-0.296249
0.365052
-0.683877
-0.161438
-0.658453
-0.53359
1.04826
0.45591
0.0677998
-0.446648
-0.665539
-0.493833
-0.256271
0.262285
0.413605
0.260906
-0.283508
0.92448
0.214839
-0.126905
-0.0241043
-0.35901
-0.687747
-0.348655
0.285111
-1.08704
-0.631077
-0.77301
-0.464886
0.851558
0.341364
-0.269196
-0.636359
0.0672151
0.0549348
-0.56422
0.0711197
0.0141114
0.348705
0.273098
-0.816969
0.0718492
0.413006
0.127656
0.657657
0.133477
-0.719851
-0.57317
0.399129
-0.644248
0.577841
0.783778
0.0615569
-0.132025
0.396565
-0.0912307
0.232634
0.864246
-0.229025
0.711948
0.400341
-0.917298
-0.906096
-0.690301
-0.643179
-0.401862
0.445678
-0.593271
0.0510854
0.763643
-0.605101
0.701609
-0.261882
-0.215102
0.829811
0.543508
0.833489
0.565941
0.370174
-0.547529
-0.287735
0.773465
0.718412
0.760187
-0.351067
-0.191254
0.582804
-0.220219
0.895669
0.439745
-0.279643
0.377522
0.141473
-0.775508
0.758742
-0.0939531
0.447425
-0.381455
0.496914
-0.454029
-0.668585
0.638431
-0.759041
0.0809433
0.924709
0.612468
-0.0338352
0.0989402
-0.251065
-0.426522
-0.187303
0.339156
0.35457
0.248229
0.0591795
-0.863246
-0.0810197
-0.743495
0.182605
-0.0674757
0.516002
-0.461075
-0.56041
-0.306089
0.557683
-0.00390285
-0.671336
-0.427424
0.617021
-0.48111
0.723356
0.166463
-0.697441
-0.198025
1.06638
-0.22441
0.00126414
0.813706
0.653854
0.608407
0.00700445
-0.454597
-0.629886
0.459001
0.0373153
-0.123229
0.459102
-0.779963
-0.0810117
-0.693237
-0.0052101
-0.581351
-0.352192
-0.129673
0.668904
0.555316
0.312933
0.635376
-0.333234
-0.121425
0.5918
-0.333855
0.675589
-0.611489
0.814338
-0.522719
0.791473
0.0638472
0.693615
-0.6298
0.291455
0.654285
-0.125928
0.267922
0.239909
-0.189941
0.283094
0.0739306
0.365917
-0.757006
-0.0604877
0.787862
0.359741
-0.272117
0.0756465
-0.449888
-0.350628
0.137613
-0.0706221
0.303138
-0.253907
1.0693
0.635377
0.000586489
-0.16478
-0.117029
0.479403
0.0870845
-0.488702
0.824343
0.398306
0.469855
-0.00924672
-0.225389
-0.398847
