1.22628
3.06574
-0.784155
1.91847
-0.167565
-0.895754
-0.00123013
-0.00693471
-0.0924869
-0.0840485
-0.0714745
-0.10153
-0.0966797
-0.0872046
-0.112209
-0.100909
-0.0962794
-0.115926
-0.104428
-0.0933577
-0.115112
-0.095594
-0.0972929
-0.113529
-0.11495
-0.0860529
-0.0957837
-0.081227
-0.0944106
-0.0747589
-0.090336
-0.10311
-0.0931431
-0.0689599
-0.0972756
-0.0960314
-0.091368
-0.0859788
-0.0872051
-0.072481
-0.0985751
-0.0779175
-0.0903133
-0.0771712
-0.0898104
-0.0829512
-0.0843492
-0.0977047
-0.0905696
-0.0809737
-0.0880976
-0.0896359
-0.0905696
-0.0977047
-0.0843492
-0.0857575
-0.0898104
-0.0724931
-0.0903133
-0.0865796
-0.0985751
-0.0811431
-0.0872051
-0.0813007
-0.091368
-0.0984091
-0.0972756
-0.0689599
-0.0931431
-0.0991258
-0.090336
-0.0660968
-0.0944106
-0.081227
-0.0957837
-0.0963393
-0.11495
-0.108851
-0.0972929
-0.095594
-0.115112
-0.0933577
-0.104428
-0.115926
-0.0962794
-0.0970578
-0.112209
-0.0958667
-0.0966797
-0.0968523
-0.0714745
-0.0840485
-0.0924869
-0.0116128
-0.00123013
-0.879212
-0.167565
1.9138
-0.784155
3.06574
