-0.210999
0.96176
0.511164
0.196241
-0.749015
-0.741066
-0.948276
0.81278
0.21597
0.447032
-1.00754
0.990857
0.727384
-0.615407
-0.672571
-0.667664
-0.42361
0.0108788
-0.140202
-0.463912
0.234128
-0.7987
-0.410262
-0.288912
-0.0825207
0.584884
-0.642822
0.0274434
0.202454
-0.996769
0.252684
-0.734366
-0.898031
0.996863
1.0425
0.646325
-0.455692
-0.876083
0.385209
-0.15037
-0.829431
0.00571753
-0.987742
0.880236
-0.515789
0.382431
-0.406774
0.0961484
0.131676
-0.637555
1.02149
0.589306
0.901984
0.798916
0.158142
0.784078
-0.953012
-0.681693
-0.99856
-0.350533
-0.239955
-0.481463
0.688678
-0.333993
-0.473153
0.108409
-0.762042
0.651951
-0.898228
1.06623
0.516562
-0.694196
-1.02854
0.716437
0.450931
0.465927
0.482731
-0.95441
-0.30012
-0.787267
0.765586
0.210181
-0.448572
-0.955953
-0.37841
-0.30556
0.556074
0.336677
0.797675
-0.100552
-0.805864
0.514915
0.534238
0.117283
0.52783
-0.0794594
-0.00851113
-0.265825
-1.09105
-0.834418
-0.896373
0.328189
-0.376591
0.125129
0.836671
-0.572763
-0.15106
0.496681
-0.638256
-0.855113
-0.38094
-0.537455
1.05865
0.678635
0.309391
0.771972
0.55982
-0.653663
0.858312
0.0481426
0.611698
0.670287
-0.570965
-0.860261
-0.518599
-0.0978511
0.704675
0.570259
-1.18848
0.0219404
-0.245055
-0.586866
-0.783946
-0.239526
0.965754
-0.409656
0.0521158
0.433704
-0.248138
1.02435
0.794706
-0.682034
-0.116291
-0.479735
-0.522803
-0.958897
0.274668
-0.0474143
-0.939809
-0.350768
0.885896
-0.577997
-0.639966
0.14152
1.03983
-0.557779
0.36775
0.48423
-0.554207
0.468017
-0.323086
0.273189
0.221707
-0.0561626
-0.870525
0.687824
-0.512372
-0.691995
-0.827231
0.298684
0.338678
-1.00007
0.134818
-0.496129
0.386672
-0.554074
0.516908
-0.187953
0.858658
-0.798814
-0.237584
-0.621607
1.08928
0.766245
-0.494164
0.452633
0.606754
0.0762564
-0.0198627
-0.528007
-0.669434
0.988697
0.844389
0.210271
-0.351788
-0.204952
0.568109
0.802624
0.683854
0.375822
0.00010248
-1.01163
-0.592151
0.810903
0.012147
-1.13289
-0.747903
0.365716
-1.02167
-0.498897
0.267755
0.474367
0.325196
-0.504298
0.499469
-0.502501
-0.132938
0.618961
0.338624
0.66592
0.236106
-0.0139392
-0.865198
-0.152761
-0.34239
-0.283966
1.07149
-0.139536
0.839102
0.224065
0.524384
-0.0693498
0.0679152
-0.108178
-0.55715
0.404357
-0.50499
-0.744101
0.445823
-0.458133
1.1105
0.913602
0.687482
-0.409611
-0.79241
1.00853
-0.0429235
0.943651
0.818791
0.481745
-0.617313
-0.208916
0.612256
-0.506946
-0.559524
0.278188
0.962035
0.224784
-0.05444
-0.763155
0.378544
0.870058
-0.733724
0.210494
0.821492
0.413811
0.281107
0.250455
-0.370341
-0.292366
0.74527
0.591129
0.594766
0.518193
-0.214374
-0.0955771
0.447116
0.102734
0.216905
0.301079
0.349778
-0.747404
-0.543827
-0.940928
0.0196952
-0.96768
-0.0724401
-0.0409022
-0.520592
0.0233707
-0.988107
-0.714085
0.622317
-0.442931
-0.607617
0.217039
0.448253
-0.628255
0.173341
-0.834015
-0.668115
0.310853
0.286759
0.443648
0.526945
0.720515
-0.176864
-0.420505
0.37429
-0.679249
-0.240762
-0.768928
-0.571307
1.08199
0.487541
0.0647041
-0.40477
-0.75047
-0.544228
-0.335508
0.281836
0.47494
0.225793
-0.289844
0.911337
0.226031
-0.121357
-0.00792442
-0.414715
-0.649581
-0.268052
0.249047
-1.12086
-0.697668
-0.689949
-0.452629
0.872086
0.323291
-0.248248
-0.690241
0.0344187
-0.0604468
-0.497701
0.117854
-0.0459525
0.276348
0.136358
-0.818823
0.0304492
0.358758
0.109881
0.656251
0.107296
-0.793975
-0.644711
0.380727
-0.624892
0.534846
0.84122
0.0568042
-0.135643
0.336354
-0.036519
0.159662
0.749513
-0.255683
0.70479
0.295387
-0.997774
-0.900224
-0.689762
-0.732307
-0.379534
0.519644
-0.581505
0.0680953
0.720225
-0.676368
0.753396
-0.406383
-0.283128
0.752711
0.506295
0.777415
0.495186
0.414721
-0.510885
-0.277879
0.744965
0.663613
0.739569
-0.293948
-0.13991
0.558917
-0.194164
0.812258
0.51144
-0.249344
0.393286
0.252095
-0.727961
0.736705
-0.132779
0.391558
-0.384669
0.508575
-0.49428
-0.764123
0.747669
-0.810137
-0.0454421
0.939485
0.537216
-0.170694
0.041043
-0.301635
-0.429581
-0.204744
0.393496
0.346278
0.2778
0.0973265
-0.950194
-0.0959071
-0.704
0.225028
-0.0265835
0.552912
-0.541446
-0.65503
-0.388063
0.580671
0.0232095
-0.737343
-0.422248
0.550206
-0.468648
0.759104
0.258521
-0.604888
-0.262478
1.07432
-0.152878
0.0589131
0.766367
0.760638
0.553168
-0.0134673
-0.436857
-0.670251
0.459503
-0.0145611
-0.148219
0.387614
-0.870709
-0.0954544
-0.809352
0.0411456
-0.621113
-0.311084
-0.0954972
0.692816
0.611205
0.285379
0.703372
-0.320438
-0.228696
0.676831
-0.299579
0.76257
-0.712221
0.81498
-0.610825
0.781939
0.05594
0.633244
-0.720689
0.31054
0.798186
-0.0288681
0.210588
0.174655
-0.116554
0.188312
0.0636254
0.383727
-0.817384
-0.0132716
0.814459
0.302402
-0.357038
0.036652
-0.471131
-0.40368
0.0554793
-0.152604
0.290727
-0.283093
1.08942
0.647244
0.0763666
-0.133033
-0.260996
0.544722
0.108901
-0.375138
0.760384
0.372001
0.438151
0.0315583
-0.0339584
-0.259914
0.42376
0.0289234
-0.970858
-0.527115
0.122559
0.576144
0.41157
-0.598885
0.231045
-0.0855047
0.721577
0.293588
0.108689
-0.401035
-0.391053
-0.32498
-0.342402
0.880671
0.489803
0.591923
0.327132
-0.293485
0.227005
0.219359
-0.173646
-0.763755
-0.211046
-0.546311
0.535488
-0.240078
-0.512433
0.137415
-0.150314
-0.430039
-0.553963
0.299267
0.0724718
0.216691
-0.119249
0.183857
-0.193638
-0.173768
0.13211
-0.654869
-0.732298
-0.591805
0.419565
-0.0620034
-0.19114
-0.734271
-0.594354
-0.505524
0.0529985
0.201082
-0.0340343
0.0471561
0.50482
-0.324191
0.123522
0.200777
-0.267748
0.120824
0.323427
0.164592
-0.730616
0.282033
-0.466548
-0.569564
-0.14552
0.287844
-0.507751
-0.632526
-0.18018
-0.697428
-0.768141
-0.548776
-0.371648
-0.4024
-0.171315
0.319332
-0.351072
-0.0870813
0.466181
-0.237429
-0.0474275
-0.727713
-0.488974
-0.545497
-0.191547
-0.145808
-0.21237
-0.288197
-0.129467
0.152124
-0.130602
0.184071
0.272382
0.273555
-0.390934
0.564983
0.0161158
-0.420445
0.57156
0.299064
-0.730452
0.0116466
0.439668
-0.0201733
-0.515034
-0.270906
0.0876675
0.0284124
0.191157
-0.218189
-0.0274847
0.143069
-0.625457
-0.0469139
0.402516
0.18158
-0.233714
-0.201659
-0.554181
-0.0836851
-0.110411
-0.350872
-0.147479
-0.151133
-0.508092
-0.0110956
-0.171627
0.0390867
0.00562508
0.770065
0.0851264
0.249038
0.127088
-0.233875
-0.365234
0.167285
0.119262
0.190763
-0.223252
-0.347208
0.0273351
-0.0118801
0.186006
0.0478998
-0.185975
0.403841
-0.252501
-0.545105
-0.399088
-0.223653
-0.157583
-0.193314
-0.0284683
0.0477523
0.0926428
0.656901
-0.346796
0.19522
0.144431
0.490871
-0.336591
0.296897
0.570264
0.202764
0.0289101
-0.468676
-0.131814
0.336621
0.304096
-0.124128
-0.0506746
-0.295464
0.128105
-0.422184
-0.0860824
0.00418288
0.0476746
-0.255349
-0.183984
0.319187
-0.0816182
0.0851933
-0.246485
0.102565
-0.0760131
-0.308797
0.0555977
-0.0831162
0.0966897
0.744812
-0.0153398
0.424029
-0.0903765
0.344436
0.215332
-0.0407456
0.038799
0.0551493
0.104262
0.560926
0.140762
0.166299
-0.437832
0.191308
0.0636857
-0.495525
-0.253818
0.337675
0.100714
0.180914
-0.400042
0.21194
-0.350933
-0.165496
0.0246275
0.486594
0.077494
0.0134777
0.0456246
0.303277
-0.0847528
0.173887
-0.155273
-0.0546425
0.0134657
0.0474653
0.309006
0.000165238
-0.102602
0.340038
-0.146788
0.0816766
0.234114
-0.107978
-0.23113
0.341771
-0.140292
-0.261692
-0.200793
0.30733
0.0400743
-0.0264363
0.15758
-0.146549
-0.466356
-0.122403
-0.0134327
0.12643
-0.287905
0.290927
0.250099
0.0794891
-0.351423
0.101233
-0.259078
0.251981
-0.363664
0.0716606
0.201549
-0.33754
-0.0318767
0.240553
0.104697
-0.0635733
0.0637012
-0.103622
-0.243361
-0.0811529
-0.118514
0.391561
-0.0496784
-0.0540484
0.0739894
0.190804
-0.234849
0.137095
0.0142221
0.0260845
-0.201171
0.375317
0.126555
-0.0278134
0.0131225
0.126771
-0.108998
-0.256566
0.144076
0.0390223
-0.0669608
0.125795
0.117236
-0.0488686
-0.251938
-0.177611
0.20575
-0.0224453
-0.355943
0.176475
-0.0241804
-0.179587
-0.0482568
-0.274283
-0.166237
0.0821214
0.0481644
-0.417116
0.0309997
0.119262
0.0772048
0.0609869
-0.266316
-0.105911
0.00680721
-0.158996
-0.154515
-0.0718857
-0.238856
-0.101632
0.15335
0.0539039
0.172258
-0.190819
0.0231855
-0.110953
-0.167264
0.0413009
-0.225131
0.225458
-0.215161
0.0372381
-0.150652
0.270289
-0.18626
-0.031987
-0.217115
0.135636
-0.153365
0.169727
-0.271716
-0.12239
-0.0316785
0.134263
0.0905705
-0.174558
0.220724
-0.0407833
-0.0322329
-0.0735339
0.0141447
-0.0159958
-0.0522931
-0.0155821
0.192394
0.0684763
-0.244121
-0.100099
0.0361676
-0.0645471
-0.191275
0.0353272
0.22918
-0.0130584
-0.166419
0.100017
0.0577307
0.0612385
-0.121452
0.0450756
0.0996729
-0.194742
0.0913619
-0.091902
0.00313388
0.117876
0.0902281
0.133605
0.0882861
-0.0614282
0.048775
-0.0955655
0.126648
0.0477517
-0.250134
-0.0286174
0.0442281
0.0411253
0.133769
0.0703853
-0.0223223
0.101354
-0.0676174
-0.0031966
-0.0747719
-0.0321893
0.0167989
-0.0849098
-0.0220889
0.0156965
0.0533037
0.0674443
0.0457664
0.0688302
-0.0115607
-0.00493725
0.026106
-0.0601466
0.0894317
-0.0207166
-0.038507
-0.0406872
0.11032
0.0596022
-0.0306919
-0.0826336
-0.0582429
0.070568
-0.0231563
-0.0988444
0.0124454
-0.000533487
-0.0635498
0.0375977
-0.0986502
0.0466782
0.0342321
0.138991
0.0642253
-0.0145021
-0.076006
0.0171293
0.0141369
0.142817
0.0100726
-0.0553825
-0.0378972
-0.0427312
0.0470817
0.0627399
-0.0807811
-0.0810787
0.0683577
-0.0819064
0.0840148
0.00769105
0.0293379
0.0135687
-0.0808872
0.0490505
0.0242953
0.0114111
0.09489
0.0100041
0.0354911
-0.0536815
-0.00544867
-0.0685339
-0.0630233
-0.062671
-0.0595415
0.0404254
-0.0447079
-0.0478808
0.0159692
-0.0571079
0.0245467
-0.0608153
0.0710187
-0.0254525
0.0696455
-0.0371877
-0.00807484
0.0380838
0.0419473
-0.102024
-0.117541
-0.0718494
0.0612182
0.0482903
-0.0674565
0.0790806
-0.0560705
0.0121369
0.0247379
-0.0166724
-0.0224365
-0.0095345
-0.0399959
0.0576697
-0.0479541
0.0226577
0.00204678
0.0252359
0.0924182
0.0146936
-0.00788378
-0.0417031
-0.0957431
0.00746695
0.0188756
-0.0608106
0.0281276
-0.116095
0.0293904
0.0969294
0.0173283
0.024041
-0.124182
-0.0479873
