0
2.11428
5.31664
2.38035
4.16544
1.68347
-9.03884
5.52178
-4.07176
-1.5151
-0.491892
2.68145
4.30215
-1.23771
2.37016
-12.3822
-3.20502
0.345891
0.929773
3.03455
8.52868
-4.3062
6.98071
-5.72132
-9.36495
5.67899
1.42177
-0.769533
-3.84042
7.465
3.15657
-3.02871
2.91136
4.71796
-2.57348
-4.98631
0.298483
-3.83897
-1.16781
-1.97892
2.14148
-1.58332
3.25967
6.71796
2.57367
4.26376
-2.74822
-6.39588
-14.0848
4.50247
5.45482
-0.843278
-7.80554
9.36481
-2.89386
6.14038
-0.967145
-0.153547
-4.07876
2.57441
-7.92358
-5.91449
0.876721
-5.53514
-0.0778025
4.67364
-0.744113
5.22824
9.70602
-2.43323
4.74161
0.534625
-0.0997124
-4.65985
1.76317
-9.64908
7.50984
-0.112258
-4.69004
-5.26523
13.4943
7.34041
3.90477
-1.42452
-1.49458
-6.33119
-4.56734
1.07151
-1.43393
2.38234
0.632811
3.23326
0.969669
4.36789
4.4377
-5.53934
-3.1569
2.85482
-2.85157
-6.68634
4.94382
1.86951
-0.875227
-4.76385
8.99587
7.84
-6.86885
5.43076
-7.10941
-5.83925
-0.871544
-1.64224
2.00924
9.33734
-1.98885
2.72089
-5.83567
-4.15463
-2.47192
1.93496
4.42149
-6.81101
10.3648
-0.102237
-2.80243
-3.66232
-6.62086
-2.87865
