0.139037
-0.507871
0.128166
2.96375
0.896364
-1.21108
-1.92184
-2.59595
0.63987
-1.46473
-6.04314
0.777365
0.207274
0.279351
-2.32104
2.11889
4.20997
-4.93859
0.464024
1.25331
1.74286
1.70587
0.430553
0.49369
-0.0867505
-0.520713
-0.516434
-0.347193
0.00106723
2.37173
0.981154
-2.89999
0.420211
-0.579813
2.20915
-0.192229
-0.0961731
-0.564184
-2.29322
-4.03251
-6.74293
-16.846
-35.7738
-47.4616
-10.8754
54.6355
15.8719
-51.6658
74.3094
-36.7381
116.913
-120.559
-16.7105
4.92501
2.82121
0.899645
-0.990047
-1.37697
-3.73849
-0.641865
-1.35749
-2.48788
-1.63269
-1.78656
-2.72097
-1.23132
-2.14024
-1.94326
-1.18833
-1.95117
-1.52684
-2.07467
-2.1021
-1.7782
-1.19141
-1.22111
-2.23542
-2.15641
-3.3817
-3.6956
-6.55095
-6.00515
-6.34832
-5.98836
-0.0586123
9.46304
17.4829
10.8541
-6.47255
-11.0892
5.83744
14.8498
-4.78368
-2.81765
12.1685
-6.39112
-1.04764
-4.76731
-19.1852
-18.1004
-37.1001
-38.999
31.7502
42.1839
13.7478
-6.27103
-9.9167
-7.20082
-3.28996
0.200865
1.15685
0.431781
-0.395796
-0.356732
0.706819
2.59337
2.9419
2.2483
2.54203
2.30547
2.74388
3.55939
4.1817
5.20227
6.16215
5.06764
5.08136
3.62357
-0.397566
-0.873707
1.65834
5.98472
4.83727
-2.86687
-2.86649
2.88659
3.23918
-6.17737
-0.0522609
6.45471
-4.03328
-0.649079
6.73413
-5.72633
7.87224
0.883364
-1.32443
8.66627
-7.52991
16.6336
-6.85509
8.29896
10.2191
-49.8452
7.93825
41.7489
-5.46884
-23.9794
-1.61707
10.936
-1.18016
-3.05735
-1.78567
1.25281
2.32681
0.511099
1.7075
1.13934
0.628274
-1.7851
-2.6857
0.76942
3.99232
4.49265
-0.968784
-4.77935
-0.938103
2.377
4.77179
-4.81282
-3.09405
3.66615
-0.110408
-6.27455
-1.21199
6.24419
-9.55418
-1.51413
9.59826
-9.51845
3.37553
4.38207
-4.95327
11.7673
-6.34606
7.42701
-0.210983
-2.32645
-2.83612
-2.10269
-12.4078
8.72503
-24.7531
24.1499
16.051
-16.5377
-8.70862
5.04683
3.74064
-4.15974
-3.00267
1.95999
-1.25746
-0.509891
2.65904
1.40716
-3.85292
-5.56485
-0.199935
2.71357
1.13019
-3.1554
-1.08347
1.47273
3.88496
-3.25617
-1.9387
5.77907
1.04495
-7.39393
5.57767
4.34755
-6.56146
5.23216
3.78759
-7.97387
6.01854
0.464162
-6.08315
10.2744
-9.21232
7.94728
-4.06958
-3.09777
7.68534
-10.3675
9.63572
-14.919
17.7975
-16.138
17.1347
-8.67857
2.46908
14.3
-30.385
9.05019
19.1912
-11.6089
-13.9605
10.7187
9.93107
-10.1286
-5.72359
4.23897
4.70807
-3.91511
-2.05244
4.14106
-1.98899
0.834664
3.80373
-1.42348
2.82861
-0.932359
0.739847
-0.634621
0.151268
2.32833
-1.57733
2.68985
-1.80811
1.10589
0.21065
-1.7665
2.03829
2.00583
-3.70632
3.58838
-2.59011
0.252908
2.59609
-4.54272
6.10221
-6.86961
5.72426
-2.83828
3.38396
-3.00246
4.07915
-6.30307
9.21715
-15.2644
20.5866
-25.0828
14.9344
9.98255
-29.4634
26.4062
-11.5999
-3.16614
11.5992
-11.2968
6.72666
-3.07804
1.43736
1.61435
-1.76545
3.45348
-3.70383
2.53611
-2.47355
2.01271
-2.62304
-0.44808
0.824019
-0.680006
1.40857
-0.73615
0.329066
0.606437
-1.20864
1.19671
-0.69353
0.183944
-0.598049
0.561544
-0.0708114
-1.09386
0.429625
-0.41498
1.18074
-1.19534
0.264251
-0.193971
0.692155
-1.22797
0.377158
-0.831811
-0.0785643
-0.466386
1.13605
0.69102
1.80126
-2.68254
4.17016
-3.35401
-2.39534
4.38673
-1.95039
-2.66696
-0.310758
0.00631331
1.66894
-4.19388
4.94698
-3.59759
2.52448
-1.55443
3.11724
-1.27628
0.908636
-0.373996
-2.25589
3.14664
-0.88114
-0.0987889
0.686118
0.332238
-1.2239
1.83366
-3.02912
1.50419
0.128072
-4.00323
4.02887
-2.71214
0.25685
3.03563
-4.70947
3.59444
-1.75583
-0.902967
3.14469
-2.52309
2.1478
-3.38663
3.01164
0.38899
-0.161072
0.176584
-0.837164
1.75602
-0.64098
-0.613473
0.366321
-0.381377
0.0141684
1.074
-0.647247
0.243021
0.48195
-1.07114
1.0886
-0.255792
-2.04307
2.48311
-0.853103
-0.725408
0.342603
1.70695
-0.274574
-2.97073
4.47851
-1.60438
-2.24113
6.04015
-3.24348
-1.39261
4.96625
-6.09077
1.66666
3.0791
-2.43749
1.4796
-2.4394
-0.640272
0.0623999
1.14476
2.3931
-2.06635
0.145728
-2.07944
4.5651
-0.85046
-1.74026
-1.37203
4.37252
-0.602289
-1.23259
-1.5064
-0.561877
0.393508
-3.3352
0.295588
2.68049
0.476413
-5.78544
0.230255
3.01373
-2.30843
-3.96496
3.61196
2.85383
-5.3793
-1.36341
3.97018
-1.44052
-2.35902
3.40549
-1.12801
-0.328609
1.86243
-0.506125
1.27014
-2.18903
-3.29021
2.71318
1.99292
1.08905
1.95571
-3.82704
-1.75093
-3.06412
3.75337
2.83522
-2.63232
-3.98049
-1.11512
4.80544
0.936442
-1.59594
-1.04818
2.65145
1.3825
-0.634559
-1.98945
1.04253
-0.994557
-1.07732
-1.12291
1.0806
-0.530492
0.474612
1.21725
0.198203
0.69141
0.689684
0.425498
-0.403062
-0.452613
0.0807574
-0.563307
0.128417
0.663071
0.165565
-0.250387
0.320337
-0.702871
0.258599
0.691094
-0.102194
0.471262
-0.606872
0.33058
0.168409
-0.537236
-0.73302
-0.765914
1.78954
2.21483
2.51687
-0.860786
-0.909017
0.0846588
0.968498
0.582919
1.45881
0.126142
0.733123
-0.338251
-0.17991
-0.0967507
0.800464
-0.485467
-0.0120002
0.875435
0.666277
-1.2379
-0.152877
-1.16485
0.700072
-1.39546
1.68066
-0.50224
0.0063095
1.45753
-1.07315
0.346707
0.805775
0.381925
-0.300876
0.165411
0.22918
0.041231
-0.173168
0.543259
0.418673
0.984275
0.369351
1.72363
1.23418
-0.508392
-0.173653
0.00336893
-0.323979
0.26128
-0.0422489
-0.213199
-0.890263
0.16529
0.660382
0.131955
0.412035
-0.153743
-0.21086
-0.843235
1.67408
0.423942
0.32865
0.244385
0.625962
0.268087
-0.500841
-0.0530597
0.0216111
0.337384
-0.500425
-0.679895
-0.295295
0.114186
-0.502935
0.596206
-0.464263
-0.348291
0.571737
-0.287373
-0.0864865
-0.330003
1.30965
-0.0779072
-0.174281
0.831776
1.91944
-0.506728
0.128712
0.886169
0.742624
0.34607
-0.227911
0.033505
0.531805
0.305961
0.396423
0.725858
0.102713
0.0861024
-0.00433607
0.527884
0.408009
0.822412
-0.473731
-0.977776
0.584154
0.138392
-0.427171
-0.377348
0.880355
0.214441
-1.17735
0.514601
-0.120428
0.119798
-2.30846
0.324533
0.132642
0.30798
0.188824
0.159206
0.0729709
-0.153238
-0.343325
0.158509
-0.124412
0.142391
-0.285623
0.187847
-0.134508
0.814151
-0.00528869
-0.39534
0.613704
0.348926
-0.180883
-0.296621
0.192556
0.0452396
0.513085
0.00379218
-0.350632
0.282791
0.474186
0.424353
-0.232929
-0.146542
0.230603
-0.211896
0.897825
-0.156361
0.418322
-0.720558
0.316433
0.678918
0.260989
-0.735833
-0.0868419
-0.109117
0.0866321
0.377725
-0.402555
-1.40351
-0.170869
0.58621
0.305753
-0.042738
0.582204
-1.1241
-0.427913
0.332088
0.247072
-0.355413
-0.412532
-0.216367
1.17284
0.570777
-0.034813
-0.212547
1.02872
-0.864805
-0.386265
0.239932
0.716753
0.525736
-1.27398
-1.17098
1.45675
-1.12745
-0.432295
-0.0100344
1.54243
0.859146
-0.676792
-0.112843
-0.163511
-1.40038
0.338935
0.358507
0.846995
-0.110442
0.17867
0.258246
0.301235
-0.163727
-0.229198
0.799517
0.0682146
1.01425
-0.309658
-0.0686875
-0.429271
0.441234
-0.395548
0.485527
-0.0895735
0.205496
0.413625
0.323995
-0.904542
1.37124
0.134467
-0.398144
-2.6446
1.46713
0.416208
-0.122535
-0.117759
0.909603
0.579654
-0.164214
-0.144481
1.17037
0.0417861
-1.00693
1.78157
-0.576483
-1.25092
1.08793
1.45825
1.10833
-2.69732
-1.75207
2.08044
-1.28002
0.528667
0.945922
2.20622
-3.13994
0.525023
0.619151
-2.776
1.60524
2.30681
1.28571
-0.138093
1.49315
-1.61719
0.525051
-0.0747917
0.660357
-0.394817
1.01746
-5.19052
-2.43097
0.789452
-1.78748
0.600198
-0.572357
2.05552
-1.24483
0.427915
-0.371694
0.413522
-1.22506
-0.604769
1.13369
-1.45772
1.84718
-0.144825
-0.40361
1.64546
-4.55381
-6.44428
0.933239
-1.29433
1.38389
0.106635
-0.0917739
0.854144
-2.35733
0.222587
0.176352
2.76732
0.135269
0.141456
0.552147
-2.04803
1.01797
-1.11232
-0.722223
0.655376
-0.250295
-0.456713
-1.90852
0.319953
-0.0724736
0.629602
0.425717
0.450264
0.0578554
-0.387806
-0.945615
0.108796
0.758091
-0.00923103
-0.212465
0.616083
0.359191
-0.136041
-0.913434
0.463232
0.412933
-1.99521
-0.648256
-0.631484
-0.228294
0.671042
-0.429091
0.418469
-0.137469
0.57862
0.176838
0.033423
-0.849329
-1.42445
1.81788
-0.15034
-0.28968
0.765169
0.555044
-0.472899
0.686497
0.354394
0.538317
0.3312
0.286533
0.213707
-0.158771
0.807484
0.469377
0.877798
0.648133
0.301569
-0.172
0.415471
-0.0952257
2.05542
-0.574083
-0.136917
-0.639607
-0.906852
0.422641
-0.103118
-0.0855247
0.131163
0.327693
-0.0362281
0.0353358
0.335601
0.33345
-0.19247
-0.454165
0.823475
-0.0164134
0.367895
-0.280156
-0.1126
0.629749
0.588411
0.265145
-0.698605
0.389453
-0.209411
-0.30075
0.225106
1.46772
-0.88593
0.321012
0.203188
-1.12985
0.11046
0.130257
-0.692235
-0.0742145
0.325061
-0.997912
0.549632
0.2251
-0.237319
2.91404
-0.33547
0.812686
-1.04487
-0.477047
-0.304213
-0.00361829
0.543659
-0.508307
-0.784494
0.137641
-0.789035
0.940026
-0.762737
0.495321
0.264107
0.0688086
-1.13073
-0.244892
-0.241265
1.28292
-1.5396
0.582496
-1.02294
0.852279
-0.442618
0.283757
0.0581614
0.03146
-0.430774
0.263399
-0.214393
0.71225
0.0470403
-0.143658
-0.655378
0.209863
0.124827
-0.157625
-0.154143
-0.480167
0.100785
0.815469
-0.1871
0.490023
0.200948
0.0980779
-0.16645
0.0248136
0.492782
0.472082
0.122421
-0.142787
0.31611
0.0238187
0.187567
0.315494
-0.231406
0.0147648
-0.0852074
-0.746312
0.0503663
0.382933
0.435096
0.0928154
0.00207258
0.209029
0.0664084
-0.0106141
-0.245453
-0.0550181
0.0739053
-0.0524291
0.0657314
-0.00226024
0.0423401
0.140958
-0.0370663
-0.206119
0.0446049
0.168672
0.257133
-0.00942244
0.207343
0.197605
0.084512
-0.0175273
0.00224052
0.0107285
0.0207856
-0.0580308
0.646496
0.0166008
-0.356997
0.490412
-0.0213547
0.253836
0.133851
-0.00905452
-0.0360442
0.5846
0.37578
-0.110239
0.919221
0.276848
0.377661
0.548323
-0.179678
0.0844843
0.258358
0.398667
-0.0964999
1.00532
0.281389
0.0797983
-0.477847
-0.0803889
0.279123
0.19779
-0.143755
-0.0379684
0.56436
-0.319078
1.24204
0.347455
0.325611
-0.58337
0.363494
-0.468298
0.213045
0.00790602
0.135016
0.344207
-0.68504
0.327146
0.353953
0.957708
0.53549
0.438484
-0.51546
0.148581
0.121515
-0.408612
2.38522
0.118928
-0.063922
-0.564069
-0.377967
-0.20204
0.305502
-0.536835
0.464275
-0.228854
0.132318
0.538297
-0.44051
0.293282
0.626213
0.0242158
0.416797
-0.00387636
-0.130761
0.257284
-0.277043
-0.0726283
-0.0532994
0.373593
0.0333008
0.604115
0.196573
0.178324
0.26405
1.41277
-0.61791
-0.35721
0.561846
0.425349
0.548521
1.20348
-0.284219
-1.04679
0.679553
0.395652
-0.119245
-0.170898
0.51563
0.495501
-1.66789
-0.0520451
0.954259
0.176531
-0.486155
-0.463385
-0.053758
-2.24793
-1.23198
0.519684
0.689023
0.168702
0.237942
-0.300939
0.824377
-0.183137
-0.183684
-0.269334
-0.192064
0.0246304
0.0475557
0.134208
1.45886
1.62453
-0.265515
0.231715
-0.239599
-0.0032143
0.25494
0.0712643
0.178897
0.293403
-0.0311161
0.0282154
0.00930345
1.71951
6.05766
0.169762
-0.0196991
-0.0928253
-0.145631
0.733118
-0.403603
-1.08658
0.00354339
-0.139664
0.924136
0.251015
0.320345
0.727223
0.0644393
2.1108
0.226678
0.277681
0.102965
-0.157639
0.410553
-0.017968
2.63704
0.180841
0.720959
-0.43982
-0.014543
-0.207443
0.0819732
0.901226
0.288195
0.0659154
0.301812
0.135331
-0.283059
-0.532195
0.799222
-0.258767
0.385751
0.870494
-0.00130688
-0.805282
-0.603265
-0.359537
0.0378537
0.0223882
-0.225005
0.214968
-0.114155
-0.240894
-0.0534645
0.0559147
-0.120913
-0.308429
-0.121679
-0.0302391
0.217727
-0.250131
0.46588
-0.309994
0.263882
0.462509
0.231398
0.514856
0.120429
0.128065
0.296482
0.223849
0.0107656
1.04524
0.158781
-0.324989
-0.166385
0.567756
-0.357646
0.0660998
-0.249557
-3.01932
-0.350755
-0.141824
0.715176
1.34479
1.63715
-0.824316
-0.24317
-0.127732
0.898832
-0.000698309
-0.00130734
-0.0311913
-0.327867
0.126113
-0.313602
0.0291751
-0.123495
0.0613619
0.350172
0.881368
1.1118
0.219258
1.18305
-1.21984
0.565138
0.34059
-0.905697
0.357158
-0.381452
-0.305167
-0.721288
0.455898
0.0886021
0.0647159
0.188897
0.146353
-0.208504
-0.56485
-1.26058
-0.465174
0.295607
0.824578
0.00325673
0.0104746
-0.279399
-0.149
0.30096
-0.202929
0.507201
0.0822037
0.792128
-0.235904
0.0830185
-0.987066
-0.283896
0.820279
0.453061
0.36123
0.396102
0.481637
1.01314
0.179361
-0.367698
0.200073
-0.644985
0.151896
0.0512258
0.341074
0.55743
0.0818355
-0.469168
2.10064
-1.84747
-0.218009
0.433634
0.882482
0.16962
-0.0433215
-0.428037
-0.328133
-0.0447034
0.106158
0.0431248
-0.183702
0.278878
-0.213745
-0.422051
0.0156704
-0.284178
-2.02839
2.69399
-2.56101
0.173143
0.43977
-0.819997
0.896745
0.76101
0.315701
-0.0397146
0.387399
2.08417
0.127404
-0.249641
-1.38743
0.507047
0.040135
-0.232731
0.675131
0.476424
-0.332896
0.354177
3.37516
-0.561378
0.122642
0.143649
0.537824
0.104213
0.420574
-0.280737
-1.5465
2.01068
-2.5303
7.22623
0.437196
0.154565
0.324912
0.813371
-0.516139
-0.773556
0.068053
-0.010331
-0.0117656
-0.0479281
0.698742
1.17079
-0.643362
0.0168909
-0.359356
-0.837734
-1.06613
0.803858
-0.307182
-0.0196033
0.267847
0.285319
0.415759
0.120514
0.316703
0.097229
0.3187
-0.448687
-0.525147
-0.318743
-0.163374
0.28775
0.801881
0.797305
2.18192
-0.137342
-0.447742
0.341253
0.284111
-0.0503108
0.267983
-0.195307
-0.142267
-0.419186
0.0178068
0.606195
0.129011
-0.710445
-0.144194
-1.26183
1.09845
-0.343663
-0.573575
0.0606954
0.102118
0.934394
-0.0562863
0.335423
-0.952963
-0.15418
0.959351
0.6627
0.139252
-0.088949
-0.476413
1.10518
-0.308796
-1.25255
-0.463382
0.861912
0.0347733
-0.0223653
-0.0287167
-0.249082
0.206678
-0.126349
-0.446284
-0.153571
0.456628
-0.169431
0.0263519
-0.0547355
0.0614581
1.32187
0.622578
0.227554
-0.99701
0.701198
0.13066
-0.239291
0.609695
-1.55229
0.318746
0.818103
-0.230395
0.145292
-0.193701
0.098316
0.0918018
1.77081
0.0399896
-0.326506
0.53041
0.415115
-0.254355
-0.0228599
0.136842
-0.107993
-0.647573
-0.195055
-0.238981
-0.0268262
0.817557
0.541307
-0.0769163
0.135623
0.959651
0.105858
0.297411
-0.0594322
-1.2327
0.11576
-0.0875928
0.15134
0.2743
0.725678
-0.13437
-0.830042
-0.738788
-0.202641
0.189624
0.411087
-0.194399
-0.183377
-0.0268222
0.334805
0.545252
0.0352313
-0.0476876
0.0795592
0.000389233
0.125366
-0.150866
0.134512
-0.298381
0.650053
0.0765304
-0.310127
-0.183592
0.11996
0.201399
0.207038
-0.225889
-0.274422
0.345758
0.694635
-0.0583296
0.920799
-0.67665
0.312399
0.503984
0.857376
-0.149857
0.297659
-0.024796
-0.19588
0.0141152
0.0250641
0.766946
-0.0957368
0.195274
-0.270424
0.383205
0.222675
0.477955
0.319816
-0.187196
0.107813
0.288105
0.168475
-0.0855439
0.326208
0.897972
0.0431171
-0.0253542
-0.207748
-0.00852863
0.219699
0.42608
-0.101816
-0.24857
0.730996
-0.804518
0.394413
0.317058
0.356915
-0.332965
-0.589372
-0.440323
-0.580929
0.587951
0.167954
0.28977
0.255418
-0.2109
0.066689
-0.0271227
0.923916
0.676942
-0.18899
-0.123317
0.774632
-1.4657
0.590478
0.348139
0.652613
0.177736
0.078872
-1.78324
0.737276
-0.318893
0.283287
-0.10125
0.166801
0.0448079
0.0853487
0.088428
-0.0388752
0.560667
2.13909
-0.267596
0.53697
0.716687
0.115886
0.170317
0.240439
0.0548088
-0.0465731
0.451084
-3.35883
-1.89091
-1.4466
-0.051828
-0.17409
-0.106029
0.419747
1.08352
0.630592
0.380931
0.0245259
0.0358575
-1.58319
-0.806996
0.397103
0.0389747
-0.151741
0.204158
0.684766
-3.46032
-6.97806
0.164684
0.131641
0.144017
-0.0438395
0.241671
-0.0359892
-1.00829
-0.0756886
0.44498
1.85481
0.425691
-0.395887
0.663233
-1.44587
-0.0838886
-0.402393
-0.175624
1.00136
0.0900273
0.225232
-2.07122
-0.330679
0.470155
0.0370296
0.308853
0.371976
-0.130272
-0.340784
-0.699265
0.846441
0.177502
0.560648
0.131023
0.143181
0.766604
-0.504221
0.615167
0.175004
0.222209
-1.7196
-0.141438
-0.688375
1.30274
0.0848287
-0.090478
-0.206944
-0.772994
0.180069
0.459527
-0.369015
-0.833791
-0.532427
0.116571
-0.373448
-0.606376
0.337357
-0.000180043
-0.296889
0.358463
0.76506
-1.10566
0.326405
0.268997
-0.2103
-0.176196
0.426275
-0.137396
-0.371814
-0.936971
-0.0818038
0.104156
-0.816292
-0.0696301
0.145274
-0.852642
0.298567
0.905399
-0.0919978
0.211512
0.169315
0.437816
-0.30766
0.529524
0.764395
-0.0260357
0.509297
0.33188
0.438109
-0.300553
-1.2653
-0.595853
0.659094
0.363246
-0.21841
0.0210699
-0.106468
-3.53728
-0.714578
0.32528
0.0903871
-0.0752744
0.879756
-0.261995
0.123612
0.0927082
0.0283673
0.0245574
0.0845674
0.393986
0.78992
-0.118386
-0.216427
0.273677
-0.679504
-0.317007
-0.306409
0.478534
0.466375
2.50992
0.158634
0.0123186
0.244065
0.273329
0.564221
-0.137911
1.14757
2.17381
0.240276
0.161894
0.242015
0.096142
-0.0915577
1.08011
-0.45483
0.407928
0.208458
0.0112325
0.663325
0.0693256
-0.274343
-0.16263
-0.460106
-0.19027
-0.407843
-0.110734
0.534573
-0.28249
-0.598135
-0.106306
-0.116851
-1.0903
-0.503677
-0.0873635
0.197553
-0.176716
0.138248
0.256814
-0.0976017
0.123126
0.116328
-0.257575
-0.292321
-1.31635
0.414009
0.0767204
1.19516
-0.0295563
-0.246173
0.613802
0.205808
-0.152889
-0.445187
-1.55812
-0.208802
0.45218
0.350485
0.218283
0.283043
1.4176
-0.249979
0.126656
0.229271
0.495814
-0.151554
-1.10169
0.354703
-0.100956
0.608375
0.153626
0.832047
0.506589
0.141457
-0.0894115
-0.197796
1.07452
0.894098
-0.0351145
-0.371501
-0.571148
-0.406065
0.0510948
-0.494012
-0.333586
1.12359
0.0656701
-0.196384
0.0497689
-0.0213276
0.131013
0.289961
-0.0911247
-0.393117
0.0203206
-0.124663
-0.183611
-0.514093
-0.209684
-0.00898986
0.0505765
-0.13092
0.698368
0.65733
0.464971
-0.132428
-0.158062
0.212716
0.0469754
0.0216436
-0.243093
-0.0317423
0.502163
0.229898
-1.11617
-0.124677
-0.565114
-1.05269
0.678474
-0.261799
-0.216732
-0.936957
0.0891583
0.0254169
-0.212501
-0.797259
-0.939633
0.0584999
0.196771
0.161252
0.158073
-1.01739
0.314049
0.195659
-0.144728
0.830736
-0.165398
0.617838
0.0180687
0.0372323
-0.0846414
0.367098
0.271266
-0.165749
-0.137812
0.0143635
0.128822
0.648027
0.848257
0.00169117
0.355534
0.604019
-0.111842
0.0907921
-0.0424048
0.307556
-0.117143
0.235644
0.443257
-0.159755
0.0382601
-0.354786
-0.0690098
0.307641
0.116193
0.908017
0.276847
-0.149084
-0.227184
0.128287
-0.0364805
-0.1749
-0.000179611
-0.109975
-0.944732
-0.167182
-0.0266137
0.29955
-0.324268
0.118781
0.0124784
0.253578
-0.693549
-0.341919
-0.0792908
-0.174003
-0.0019583
0.910881
0.305054
0.323814
0.279669
0.433784
-0.0712018
-1.48875
0.0699003
0.296631
0.0517277
-0.361987
0.101782
-0.300594
-0.480405
0.373283
-0.215051
-0.0372733
0.310391
0.267007
-0.292146
0.117329
-0.167669
-0.94726
0.0966434
-0.328039
0.13945
0.238731
-0.190689
0.103375
-0.301146
-0.00391914
-0.0983813
-0.0180394
-0.00887314
0.617683
0.32749
-0.0894704
-0.267862
-0.359675
-0.0844069
-0.0435886
0.281918
0.10636
0.103748
0.007284
0.0723439
0.169685
0.345551
-0.11209
-0.0979061
0.0759285
-0.940949
0.19884
0.30125
-0.0387381
0.327641
0.136535
0.00166644
0.274011
0.203935
0.0235671
0.207406
-0.0602457
-0.15119
-0.451567
-0.0644808
0.0555249
-0.0905246
0.0751734
0.340389
0.0337802
0.224073
0.142439
0.140708
0.120926
0.00040888
-0.116358
0.13942
0.0918675
0.198117
-0.065064
-0.0713019
0.0818174
0.049997
0.0406324
-0.0289924
0.211384
-0.0286931
-0.0329933
0.177807
0.119006
-0.0950323
0.104801
0.200415
-0.00455175
0.0496834
0.178163
0.0281896
0.00228147
0.429845
-0.0228319
-0.0623921
0.0259159
0.167422
-0.0844558
0.109068
-0.13977
0.297586
-0.0125892
0.0735837
-0.170799
0.118173
-0.248299
0.202764
-0.0401787
0.245293
-0.602982
-0.177524
0.087746
-0.050485
-0.219339
-0.00205528
0.117579
0.0174091
-0.300095
-0.160806
-0.149772
-0.240812
-0.297011
0.0391495
-0.0302574
-0.203368
0.184447
-0.0329901
-0.305295
0.00162126
0.0110991
-0.120135
-0.0142449
0.343961
0.295492
-0.241077
0.255646
0.0629405
-0.179833
-0.237986
0.511858
0.364117
-0.429982
0.170335
-0.184023
0.0786274
-0.0470697
0.0331413
0.0901782
0.109749
-0.137343
-0.305092
-0.223856
-0.0789493
-0.625666
-0.186347
-1.45528
-0.0381513
0.00646381
-0.0712112
-0.389865
0.562802
0.318408
0.0563243
0.401841
0.112184
0.796887
0.303676
-0.0373633
-0.167405
0.0335135
-0.209966
0.238828
-0.284818
0.254986
0.0271976
0.246463
-0.206395
-0.0802044
0.405804
-0.0617503
0.435048
-0.215018
0.0960004
-0.0660991
0.0468965
-1.30427
0.306125
1.09452
0.108514
-0.0615127
-0.00321621
0.100321
0.176511
0.628778
0.249137
-0.406588
-0.283005
-0.120414
0.100419
0.176063
0.188202
-0.22722
0.0510079
-0.272862
-0.25048
-0.137419
-0.37163
-1.10724
0.433195
0.254526
0.40703
0.196084
0.148516
-0.205701
0.110534
0.320629
0.24375
-0.242328
0.229863
-0.428912
-0.198742
0.200777
0.150237
-0.491535
-0.217835
0.342053
-0.201057
-1.22177
0.207774
0.077703
0.132384
0.171176
0.314644
-0.0475686
-0.195793
-0.10615
-0.66076
-0.196955
0.260158
0.508883
0.133394
0.107812
0.245787
0.0979609
0.123745
-0.317721
-0.382376
-0.0268813
0.547088
-0.234087
1.14893
-0.268808
0.314302
0.101498
0.269638
-0.172841
0.107395
0.416785
0.550814
0.110658
0.0789565
0.164572
0.106648
1.62299
-0.232249
0.414674
-0.325154
-0.387756
-1.0573
-0.404984
0.175528
0.063696
0.198119
0.5172
0.167646
0.423156
-0.177364
-0.633698
-0.0578499
-0.020625
0.237553
-0.147483
-1.21899
0.178171
-0.19434
-0.149371
0.0797616
0.631437
1.08211
-0.294566
-0.370693
0.336102
-0.0397649
0.0819642
-2.78258
0.631004
-0.101528
-0.0564919
-0.0712642
0.227348
0.368546
0.147395
0.126959
-0.360134
-0.0858286
1.60493
-0.160763
0.429763
0.11337
-0.547407
0.350747
0.489657
-0.417021
0.421417
-0.0998461
0.134126
0.376286
0.156922
-0.331613
-0.713695
-0.110155
0.954279
-0.00719373
-0.188522
0.214491
0.235387
-0.613755
0.730747
-0.635378
-0.512086
-0.17562
0.048878
0.402521
0.345583
0.25635
-0.130361
-0.845411
-0.176693
-0.169676
-0.0308938
0.425161
0.050803
0.608042
0.181277
-0.296874
0.03333
0.179107
-0.170266
1.77211
-0.130337
-0.186183
-0.107474
0.0983042
-0.0102747
0.406592
0.334731
0.264913
-0.0947368
0.61358
-0.166267
0.220231
-0.450058
0.121489
-0.0261955
0.502248
0.897108
0.090671
0.125208
0.54508
0.709449
-3.97415
0.147364
-0.0371146
-0.145761
-0.297151
0.747245
0.00954645
-1.21788
0.171126
0.0687349
-0.0157175
0.212481
-0.278398
0.0455288
-0.0806087
0.023321
-0.246431
0.532741
0.0876114
-0.31214
0.0971997
-0.227821
-0.595754
-0.358813
0.449525
0.054727
-0.212757
-0.244234
-0.00258528
-0.916581
-0.300763
0.825045
0.115545
-0.265484
0.0187063
0.580781
-0.302376
0.804877
0.00745111
0.491175
0.0306901
-0.11553
0.467179
0.246228
0.148234
0.271035
0.326005
0.531452
-0.320152
-0.0571444
-0.00639458
0.00894029
0.30272
-0.234808
0.347311
-0.470194
-0.818358
-0.507427
0.100107
0.436944
-0.279274
0.127223
-0.047533
2.86332
-0.229735
-0.289474
0.364095
0.278765
0.112185
0.892386
0.241218
0.607331
0.0119862
0.0883873
0.47511
-0.309309
-1.72403
0.899037
-0.395874
-0.301597
0.0341008
0.258213
0.1079
-0.148286
0.321692
-0.160013
0.256505
2.32974
-0.0403605
0.0442924
1.07785
-0.416716
0.106907
-0.193271
-0.298739
0.555675
0.217673
-3.01331
2.37024
-0.559123
-0.497236
0.171227
0.336423
0.222091
-0.609556
-0.134296
-0.318876
-0.342065
-0.18752
0.293816
-0.86224
0.342705
-0.0843275
-0.191953
-0.0147596
0.41106
2.23113
-6.551
-0.0392729
-0.134539
0.334042
-0.00231517
0.367231
0.362443
0.233505
-0.371297
-0.240979
1.73322
0.636949
-0.157995
0.754123
-0.0396261
-0.30859
0.33969
0.322985
-0.159319
0.339914
-0.150905
-1.94102
-0.0937335
-0.766612
0.200923
0.0195776
-0.120658
0.426095
0.00171683
-0.749764
1.43729
0.888299
0.443277
0.773625
0.0775715
0.0918775
0.285287
-0.0272828
-0.605726
-0.109187
-1.01174
0.398052
-0.858681
0.427104
-0.102822
-0.254889
-0.0234954
0.421965
1.54657
-0.22269
-0.246758
-0.657765
-0.542021
-0.349235
0.0228483
0.713014
-0.216259
-0.0901302
0.0487018
-0.101973
-0.195039
0.103174
-0.194078
0.342088
-0.127353
0.0578703
0.546232
0.331944
0.314699
0.0942286
0.0481531
0.782961
-0.205736
-0.101936
0.00518082
-0.893922
0.184293
0.0526121
-0.430521
0.0119365
0.289601
-0.147589
-0.0959112
0.559377
0.0762952
-0.257674
-0.00311614
0.179949
-0.127278
-0.0427288
0.00766442
-0.173006
0.162609
0.129979
0.053021
0.37601
-0.26039
0.292685
-0.0953777
0.229988
-0.125553
-0.0113176
-0.0171083
-0.828794
0.358351
0.445816
-0.072811
-0.106841
0.166999
0.435799
0.141995
-0.204531
-0.123576
0.325511
0.995489
0.0256396
-0.3934
1.03444
0.158438
0.878443
0.0812124
0.706732
-0.201073
-0.00984515
0.376483
0.281601
0.441316
0.00983297
-0.416016
-0.158092
0.232511
3.97736
0.248678
0.102389
-0.839745
-0.080586
0.0241381
0.439688
0.0240982
-0.039395
3.76581
0.310442
-0.190095
0.0234927
0.529967
0.174348
0.811457
0.076341
0.527522
0.0749851
-0.316514
-0.0738692
-0.600193
-0.655804
0.427151
-0.160758
0.863559
-0.00681515
0.969052
-0.0694668
-0.0705434
-0.178623
-0.581354
-0.255287
-0.0807623
-0.01679
0.00228133
-0.389104
0.285939
-0.386348
0.712272
-0.885114
-1.12984
-0.861016
1.51777
-0.560064
1.23299
0.970761
-0.235294
-0.106961
-0.312415
-0.894378
0.254302
-0.293822
-0.474422
0.125309
0.945703
0.187033
-0.346784
1.87928
-0.385734
-0.460506
0.875042
0.172919
0.0960961
0.316834
0.450627
0.266982
-0.441128
-0.0462425
-0.0249162
0.671419
-0.0873856
-0.60658
0.150377
2.30866
-0.185777
1.28368
-0.623069
-0.599758
0.0664414
-0.116485
-0.0720225
-0.340098
0.26688
0.0495346
-0.00607291
0.0462964
0.2214
0.107854
0.0644076
-0.639153
0.500933
-0.936335
-1.21692
0.0191561
0.373997
0.358756
1.18577
0.0546173
-0.0109187
-0.13853
-0.219258
-0.105496
-0.166354
-0.359419
-0.451323
-0.221304
-0.379699
-0.107961
4.78392
-1.11238
-2.16345
0.468957
0.705435
0.25246
-0.0513366
-0.0313138
0.296262
0.744142
-1.07251
2.90261
-1.60517
-0.05829
-1.26314
0.808768
0.23521
0.573948
-0.318299
-0.887919
2.8285
-0.429863
1.60278
0.303573
0.977197
0.0716296
0.396462
0.48824
0.0591844
0.462992
-1.23507
0.863458
-1.72876
-2.78103
-0.52406
0.723287
0.256874
0.514818
-0.123519
-0.386664
0.00598077
0.185322
0.114486
-0.45447
-0.0856471
0.961136
-0.978198
-0.0998335
0.633591
-0.0988019
-1.87114
3.22311
-0.200947
0.286054
-0.143421
-0.0474115
-0.158613
0.419965
0.377089
0.000483735
0.438449
-0.389778
0.0383478
0.609374
-0.693841
-0.256498
0.675531
0.281488
0.888778
-1.24666
-0.12786
-0.167267
0.534864
-0.0448463
0.612044
0.20609
0.251354
0.301113
0.28648
0.3275
0.570828
-0.310433
-0.351172
0.328455
-1.36725
-0.540811
0.361931
0.289972
0.0855897
0.304667
-0.360242
0.117458
-0.0114714
0.0447544
-0.0824545
0.284713
0.518946
0.948997
-0.195227
-0.727197
0.455447
1.31086
1.05565
-0.573572
-0.521775
-0.210131
0.0247823
0.456934
-0.395758
0.28464
-0.167128
0.142969
-0.12624
0.235342
0.0635584
-0.065215
-0.307329
-1.09086
1.0393
1.56423
0.537635
-0.149132
-0.175282
-0.0262386
-0.0883352
0.00793391
-1.24048
1.17102
-0.158249
-0.0237443
0.0795879
-0.0509937
0.318515
-0.11709
0.0442431
0.445099
-0.00282781
-0.345698
-0.0762744
-0.0550938
0.337022
-0.220107
-0.104325
0.0637945
-0.276379
-0.286296
0.414696
0.213536
0.128718
-0.430417
-0.0153347
0.0484933
0.0818594
-0.138404
0.00592859
0.0976962
0.277745
-0.105208
-0.452725
0.00321838
0.38759
0.649768
-0.169471
1.37577
0.970912
0.663027
-0.0559096
-0.0613608
-0.368381
0.0646257
0.13839
1.02019
0.179664
-0.522437
-0.360166
0.226517
-0.164899
0.12465
0.459787
0.128361
-0.117031
-0.0821725
-0.175185
0.0535769
-0.16129
1.21954
-0.268016
0.528095
0.211162
0.10585
0.257268
0.192347
-0.218275
-0.502153
0.309051
0.466645
-0.169625
-0.0305275
-0.051325
0.358326
0.845616
-2.05046
0.208706
-0.0979232
-0.00586439
0.986979
-0.0513133
0.11906
-0.1667
0.11659
-0.153161
-0.270594
0.735445
0.403567
-1.43974
-0.188751
-0.374402
-0.286127
0.0731081
0.137296
0.418782
-0.863784
0.586087
0.231764
-0.55255
0.128325
0.510001
-0.336994
0.74899
-1.6794
0.490572
0.345839
-0.644686
-0.0679519
0.446945
0.633254
-1.92052
0.12758
-0.655917
0.115767
0.0810826
-0.4076
-0.377223
-0.22438
-0.68024
-0.732662
-0.172617
-0.499845
0.327778
-0.0495036
-0.134352
0.995449
0.0130493
-0.685191
0.188984
-0.039281
-0.0662718
0.0779811
-0.349302
0.219523
0.397532
-0.167199
0.352712
-1.50532
0.288991
-0.477216
-0.183493
-0.128685
0.0805925
0.170898
-0.0293558
0.302608
0.0195565
-0.151806
-0.202886
-0.285733
0.201738
0.147639
-0.129441
0.170156
2.607
-0.231963
-0.0821508
0.317923
0.108722
0.0835978
-0.020889
0.254556
-0.629362
-0.103823
-0.376767
0.221424
0.848809
0.402836
-0.0677781
1.05969
0.165832
-0.348857
-0.106313
-0.0720796
-0.471644
-0.350369
-0.00518574
-0.374447
0.0848453
-0.575003
0.0301173
-0.0274731
-0.00464358
0.253386
-0.0955873
0.854133
0.0794876
-0.0993396
0.121085
-0.214481
0.0309734
-0.339826
0.260456
0.252116
-0.746938
0.103727
-0.107007
-0.292878
-0.0892831
0.0577115
-0.0646914
0.462485
-0.73324
0.0793806
-0.599483
0.488349
0.141063
-0.055778
-0.328732
-0.017163
-0.428615
0.116641
0.10779
0.342273
0.0896934
0.0560691
-0.0429948
-0.138958
0.146439
0.257556
0.0656048
-0.0876353
-0.0512563
-0.00458486
0.053374
0.0997742
-0.0516905
-0.105688
0.00682627
0.0886387
-0.0178714
0.0623546
-0.0542631
-0.0723765
0.00984225
0.285625
-0.293545
-0.103251
-0.263814
0.207714
-0.0434714
-0.0774767
-0.292755
0.199373
-0.00855691
0.279024
0.007884
-0.0598351
0.567698
0.286496
-0.675098
0.298775
0.112418
0.717452
-0.0946836
0.176937
0.12816
0.385897
-0.873459
0.146689
0.333393
-0.059001
0.58312
-0.310705
-0.625199
-0.449238
0.204565
-0.0899674
0.418967
0.047612
0.0742487
1.16801
-0.31561
0.815971
-0.3428
0.837512
-1.33201
1.28946
-0.104238
0.0805982
1.57202
-0.340697
0.654215
0.428297
-0.371604
0.511248
-1.17528
0.424086
-0.597674
-0.421399
-0.0135808
-0.14834
-1.21449
-0.127428
-0.167593
0.722958
-0.917272
2.02541
0.0412942
0.187739
0.0415098
-0.477036
0.669465
-0.197367
-0.456941
0.455359
-0.287197
0.291078
0.657978
-0.313337
-0.981005
1.01369
-0.303571
0.536254
-0.703392
0.548063
-0.881563
-0.169069
-0.343068
-0.517954
0.470544
-0.285657
-0.448797
0.112955
0.699501
0.0771876
0.416626
0.390801
-0.0664724
-0.0576743
1.52196
-0.445036
-0.115604
-0.29528
0.439299
0.0190861
-0.692611
-0.342675
0.36453
-0.222426
-1.49057
-0.124402
0.50156
-0.259584
-0.31023
0.0233787
-0.085806
0.0169632
0.302637
-0.526918
0.352037
-0.629713
-0.786035
0.360963
-0.0748891
0.111416
-0.0191595
0.372791
0.726636
-0.16836
-0.391992
0.993738
-0.729238
-0.265981
0.538011
-0.524115
-0.957407
0.456241
-0.228062
-1.19634
0.116714
-0.406389
0.0589443
-1.19027
-0.234714
1.03593
-0.599644
0.453683
-0.0158289
-0.419453
0.696672
-0.278192
0.099564
1.15117
0.288145
0.0405485
0.0750519
-0.176769
0.444812
-0.0866931
-1.00492
-0.517852
0.237097
-0.929331
-0.163463
0.936046
0.666285
0.065464
-0.747672
0.591182
-1.53244
-0.0421574
0.447225
-0.0605147
2.5957
-0.174168
1.04139
-1.42654
0.607318
0.0254478
0.746767
1.30589
-1.30939
0.281953
2.12686
-0.605812
2.20912
-0.158717
-1.03132
1.53894
-0.960688
1.0024
0.313537
-0.488899
0.42687
-1.30136
-0.394131
-0.479327
1.99553
-0.873668
0.620795
-1.27808
0.443706
-4.1251
-5.86398
0.22938
-0.74266
0.80003
0.326752
0.00711617
-0.835173
0.765646
-0.957535
0.70096
0.729177
0.942617
-3.01551
1.18177
0.217965
-2.50467
2.20355
1.58183
0.392347
-1.53301
1.61232
-2.52406
-2.78711
0.873475
1.68839
-0.0187301
-1.02733
-0.176907
0.467361
-1.68829
0.628399
0.916101
-0.930883
0.447534
0.541712
-1.39992
-0.163748
-0.210376
0.133495
0.177568
-1.12535
0.302712
0.149383
0.76338
-1.25602
0.0333364
0.712361
1.43626
0.0398629
0.908554
-0.590959
-0.473851
-0.659439
-0.888565
-0.682874
0.206767
-0.0190823
1.2893
-0.854892
0.867987
0.104315
0.122445
0.261663
-0.0479864
0.468489
0.0377164
0.0711871
-1.73516
-0.783393
-0.0581127
-0.406501
1.66829
-0.0450022
-0.483138
-0.316286
0.316959
0.652002
-1.46151
-1.31494
0.0337807
0.355214
-0.749261
-0.328809
-0.65258
0.402245
-0.51144
0.364889
1.37683
0.872415
-0.883687
-0.432701
0.170284
0.400443
0.442621
-0.649909
-0.265432
0.0724628
-0.105574
0.400687
-0.347885
-0.669506
-1.33729
0.205613
-0.547057
0.246554
-0.205812
0.459742
-0.549312
-0.342801
0.25143
-0.486482
-0.803814
0.0553641
-0.0419816
-0.19934
-0.213129
-0.0600104
-0.41568
0.0258211
-0.151536
-0.313892
0.236164
-0.334495
0.0350091
0.613106
-0.0169863
-0.311955
-0.187876
-0.824273
0.541548
0.121742
-0.508091
0.210758
-0.0587938
0.301956
-0.221446
-0.0302989
-0.0119903
0.568987
-0.0940611
-0.104172
0.162143
0.361839
0.654916
0.12813
-0.16726
-0.794401
0.0989247
0.616282
0.266729
-0.218369
0.203868
-2.0266
0.370919
0.580126
-1.05377
-0.0563255
0.195248
-0.102769
-0.944281
-0.434899
0.680238
0.169065
-0.63137
0.0952826
-0.258959
-0.532916
0.161232
-0.0609336
-0.457364
0.408161
-0.53511
0.0410894
-0.0533289
0.24281
-1.8308
-0.728726
0.028029
0.060097
-0.200241
-0.0842728
-0.592368
1.17402
0.0274523
-0.367491
-0.0918136
-0.171797
0.41354
0.492648
0.31858
0.722062
-0.415243
-0.0481309
-0.584151
0.0905479
0.209247
0.22285
1.58923
0.39256
0.709749
-0.132223
0.151598
-0.0143958
-0.0133423
1.19758
-0.0221457
0.281649
-0.578497
-0.0266985
0.204382
0.0604127
-0.207853
-2.36241
0.371884
-0.0979925
0.047381
-0.495976
0.361647
-0.192379
-0.449701
0.673941
-0.474167
0.367866
0.0108839
-0.572874
-0.474119
-6.55243
-0.471928
0.324788
-0.546752
0.0251574
0.0405529
-0.251055
-1.11921
-0.68809
0.288492
0.18048
-1.00065
0.989926
-1.55431
-0.243357
-1.35443
-0.230304
-1.44302
0.0395895
0.543606
0.0554048
-0.102737
0.24482
-0.17529
-1.08185
-0.574579
0.157101
-1.01329
1.31231
-1.62952
0.186624
-0.311118
-0.290713
-0.90347
0.707213
1.99853
-1.87136
-1.32652
-0.233096
-0.437456
1.08688
-0.510057
-0.595996
-0.564222
0.0461018
0.615042
-0.720941
-0.59195
0.17574
0.00347387
0.0253959
-0.146148
-0.617664
-1.0086
-0.901887
-0.563354
-1.04368
0.641723
-0.148683
-0.3124
0.373128
0.594829
-0.122341
-1.17435
0.101457
-2.38003
-1.05627
-0.0489144
0.543944
-1.4146
-0.235185
2.39863
1.3721
-2.39322
-0.387786
0.971939
3.34305
-4.44483
-3.33013
1.95212
4.15009
1.92028
-2.71008
-1.48626
-3.28919
3.47895
3.31517
-0.570538
-1.01175
-3.95475
-0.902344
2.91246
0.255189
1.55131
-0.884789
-0.973395
1.40961
-3.48216
-1.41313
3.68204
-3.19244
-3.08804
5.18241
2.06888
-5.36974
-0.410964
3.30902
-0.0735441
-4.28601
2.84813
3.01399
-3.18066
-3.22611
1.46982
2.5908
-4.71098
0.732305
-0.101615
3.80036
-2.80536
-1.33331
-0.540885
4.42345
-3.21978
0.415728
-1.37051
2.70969
0.528608
-0.853593
-1.90433
0.665291
1.42045
-2.19307
3.59743
-3.1208
-5.49639
5.09414
-3.19778
0.673864
4.00596
-2.8154
-0.00780312
3.25959
-4.23871
2.56645
1.23373
-0.881263
-1.07615
0.584008
1.85711
-2.58492
1.21298
0.428157
-2.04866
0.661622
-0.502761
-1.09278
1.93909
0.163739
0.787282
-0.422034
-1.47075
1.08287
1.24247
-0.580364
0.131708
0.470117
0.259017
2.18263
-3.63388
2.29325
-2.11369
3.04306
-1.16877
0.014038
1.3905
-3.52048
3.36957
-1.0971
-1.6433
2.84379
-5.4182
0.819463
-0.157629
-2.12233
2.45953
-1.3114
0.247009
-0.765367
-1.0651
-0.125
2.95123
-2.07421
0.502897
0.179395
-1.11973
-0.263832
-1.44976
1.4156
-2.59062
5.13831
-4.35092
3.00985
-0.558333
0.547858
-1.96983
-1.97128
4.57842
-2.11329
-3.40226
3.71866
-1.71303
0.581045
1.17411
-0.593994
-0.492716
0.134744
-2.12388
0.190936
-1.74371
0.410751
-0.59769
0.612572
-1.26132
0.720256
-0.563339
0.0624333
0.0686446
-0.944576
0.785125
-0.695457
0.602648
-1.24609
0.784041
-0.36848
0.0294012
0.0082218
-0.553533
0.619022
-0.599777
0.169221
0.57147
-0.673626
2.02783
-2.45048
2.73561
-3.22772
2.70563
-0.936277
0.0145313
2.20858
-3.6475
6.47704
-9.2752
8.92272
1.38817
-13.8736
26.9229
-28.2535
4.1993
23.2596
-26.4234
19.4897
-13.9025
6.14451
-6.15951
3.42642
-0.227671
1.3714
-1.0347
5.12771
-6.89554
5.49919
-5.21527
3.01308
-1.03302
-1.67338
1.58843
-2.70276
2.39179
-0.357878
-0.703298
-0.313096
-0.509581
-1.16696
2.0972
-3.18838
2.96074
0.0576444
-1.59317
2.71451
-0.361459
0.720136
-2.17407
-0.203755
0.671412
-3.44099
3.537
-1.73355
-3.18641
3.34237
1.56427
-5.98434
-9.5523
8.59826
11.0176
-15.5649
-13.0668
18.3072
9.12455
-29.1189
9.76101
5.60633
-13.0885
17.5226
-18.024
18.2297
-15.342
9.73794
-11.7638
10.1575
-4.96136
-0.75983
4.39614
-7.10107
10.0356
-7.46349
3.30696
2.35215
-7.54967
3.89572
2.50469
-5.60503
6.84407
-2.18762
-7.86375
3.01707
3.38873
-4.42795
0.395395
3.92352
-0.413046
-3.21372
-0.643595
1.17888
1.69802
-3.25042
-6.73756
0.408009
1.50416
1.89913
-1.03239
-4.68868
-1.17849
-3.12191
-4.15075
1.47785
5.25664
-8.24272
-16.4623
15.9901
27.9911
-24.8394
6.61604
-9.35715
-5.56907
0.210541
-2.63425
1.14552
1.80884
-2.82053
10.9076
-5.50891
5.34215
0.152129
-5.50989
9.12393
-3.27972
-7.76071
7.73645
-6.75116
-6.29573
1.18919
0.730443
-5.11863
-1.83996
4.64867
0.542924
-4.75724
-2.63934
4.08679
5.41626
2.84345
-3.17863
-3.01825
-1.78542
1.54748
0.814033
0.795431
-0.670308
2.1166
-0.495018
-0.572409
-3.68445
-2.40379
10.0971
1.39559
-23.6221
-6.39787
41.3969
11.4746
-50.2836
4.9517
13.9643
-12.1338
18.984
-10.718
11.0157
-7.32761
1.7476
4.06473
-4.16616
7.66203
-1.80528
-3.08971
6.071
-5.10891
-3.5438
3.80493
-0.389739
-4.52895
-1.14878
4.77727
4.78073
-3.20874
-2.54136
1.25679
4.28155
4.57321
3.00574
3.66821
1.04712
1.66238
2.00235
1.02887
0.866922
2.10237
1.56282
2.52197
0.990343
-0.174389
-0.262731
-1.07636
0.146823
-0.168531
-1.82981
-3.16555
-8.76702
-11.3738
-7.7348
12.5922
40.9188
34.965
-38.1943
-44.6562
-18.5463
-21.7748
-4.62733
-6.91384
-3.59481
9.68564
-7.96543
-2.00286
12.1265
5.97238
-13.4076
1.60454
16.0989
5.93832
6.33433
-10.7198
-10.8707
-3.88473
-3.02096
-6.55182
0.0164126
-1.91819
0.478867
-1.24117
-0.820792
-1.8305
-3.36332
-2.81827
-3.22757
-2.41386
-3.27824
-3.37001
-2.03436
-3.302
-3.94197
-5.03023
-2.62499
-1.51755
-4.58353
-3.64565
-6.91436
-7.87667
-2.69611
-5.56096
-3.97903
-1.80687
1.83736
-14.2464
-120.917
95.1257
-2.70694
67.0131
-58.0149
33.2065
20.3677
-56.4124
-53.914
-25.0931
19.0256
12.8891
-2.85678
8.40448
6.1037
8.42592
6.43685
3.56092
2.98842
2.01521
1.30071
3.79558
3.14868
2.46869
2.56684
1.98944
1.17783
0.51941
1.55624
2.2613
2.30309
2.94098
0.213217
3.23397
-2.32648
-1.52844
0.54309
3.13028
1.1147
1.64841
1.09283
-0.930471
3.42773
-1.04749
5.83915
0.101544
0.694287
1.93971
1.73792
-0.80193
0.589865
