-4.2089
1.4768
-0.610967
-4.40297
2.35701
5.56543
7.24311
4.70947
-1.73493
-2.47188
0.609273
1.02389
-4.45779
-1.0883
-6.94319
3.00891
-0.669523
0.328797
-2.78924
-0.338784
-4.2628
-0.846735
-0.669403
2.99182
-4.55519
-1.82898
-4.21941
3.48116
6.51522
-0.0544946
0.0995288
-1.47135
-5.37227
-1.84821
0.380364
-0.131379
6.18945
4.14435
-3.28992
-2.12628
-4.08015
2.94703
-0.331769
-0.665645
-4.22646
-0.0481506
-2.73284
0.550273
-0.816742
2.58389
-6.67522
-1.17378
-3.96588
0.835265
0.768396
-2.64863
-1.66724
3.55137
7.10976
5.47017
3.24911
-3.79255
-0.587838
1.16987
