-4.2089
1.54525
-0.691355
-4.3684
2.3784
5.58348
7.34684
4.68764
-1.71037
-2.56605
0.431169
0.982653
-4.5263
-1.01875
-6.85214
2.9958
-0.465431
0.344533
-2.89209
-0.552881
-4.23084
-0.829249
-0.565304
2.97746
-4.56769
-1.86753
-4.18196
3.55197
6.5363
-0.0184954
0.161613
-1.401
-5.37228
-1.7086
0.409827
-0.154512
6.25082
4.24403
-3.26745
-2.27433
-4.09136
2.88972
-0.285639
-0.704629
-4.24577
-0.182255
-2.814
0.4994
-0.991403
2.68454
-6.65332
-1.23077
-4.03284
0.806193
0.625948
-2.76263
-1.66057
3.6598
7.18261
5.48392
3.20688
-3.70041
-0.639439
1.30144
