0.999999
0.981146
0.924381
0.831363
0.704867
0.548786
0.368123
0.169
-0.0413482
-0.165957
-0.365301
-0.546284
-0.702767
-0.829731
-0.923266
-0.980582
-1
-0.980958
-0.924008
-0.830816
-0.704164
-0.547947
-0.367187
-0.16799
0.0423944
0.166968
0.366238
0.547115
0.703465
0.830274
0.923637
0.980771
1
0.980771
0.923637
0.830274
0.703465
0.547115
0.366238
0.166968
0.0423944
-0.16799
-0.367187
-0.547947
-0.704164
-0.830816
-0.924008
-0.980958
-1
-0.980582
-0.923266
-0.829731
-0.702767
-0.546284
-0.365301
-0.165957
-0.0413482
0.169
0.368123
0.548786
0.704867
0.831363
0.924381
0.981146
