0
4.04373
-0.324878
-3.84549
-4.59884
2.62708
-0.402463
6.13939
-4.92128
0.243357
-3.22375
-1.2825
-7.37024
0.403499
-1.37221
4.81088
4.08103
-2.85879
-1.64098
-3.96291
0.230297
0.416886
-1.6305
-0.174618
-5.59212
5.41301
-5.82908
-3.45935
1.99238
-1.45291
-4.87031
0.87224
0.152655
-1.14895
4.51706
1.46484
-2.8963
2.64386
6.29247
-5.23895
5.85638
-0.0752058
1.60583
-0.325508
0.059657
3.99644
2.04975
3.08128
-3.73338
-5.28309
1.75974
-0.594123
7.80385
1.34109
3.37877
0.275501
5.44944
-6.34433
-0.482703
-3.35054
4.09555
4.36804
0.809261
-4.17307
