0
0.891793
-2.68201
-2.31522
-0.98661
-0.954942
-0.727336
0.335072
-0.324804
-0.24953
-0.166676
-0.108063
-0.141305
-0.143629
-0.108957
-0.121412
-0.119639
-0.106084
-0.0661993
-0.0822455
-0.0892033
-0.0807654
-0.0541939
-0.0391003
-0.0582905
-0.0820516
-0.051594
-0.03968
-0.0579361
-0.0736764
-0.0543442
-0.024966
-0.0341315
-0.0345929
-0.0337659
-0.0326392
-0.0313023
-0.03022
-0.0287218
-0.0273636
-0.0259729
-0.0246277
-0.0231615
-0.0219898
-0.0210894
-0.0197626
-0.0186151
-0.0174595
-0.0163434
-0.0152668
-0.01414
-0.0128899
-0.0118426
-0.0108799
-0.00987181
-0.00877113
-0.00790162
-0.0069126
-0.00574845
-0.00484892
-0.00393463
-0.00291429
-0.00196676
-0.000965488
0
0.000965488
0.00196676
0.00291429
0.00393463
0.00484892
0.00574845
0.0069126
0.00790162
0.00877113
0.00987181
0.0108799
0.0118426
0.0128899
0.01414
0.0152668
0.0163434
0.0174595
0.0186151
0.0197626
0.0210894
0.0219898
0.0231615
0.0246277
0.0259729
0.0273636
0.0287218
0.03022
0.0313023
0.0326392
0.0337659
0.0345929
0.0341315
0.024966
0.0543442
0.0736764
0.0579361
0.03968
0.051594
0.0820516
0.0582905
0.0391003
0.0541939
0.0807654
0.0892033
0.0822455
0.0661993
0.106084
0.119639
0.121412
0.108957
0.143629
0.141305
0.108063
0.166676
0.24953
0.324804
-0.335072
0.727336
0.954942
0.98661
2.31522
2.68201
-0.891793
