-0.00369115
0.00662999
0.016122
0.0249662
0.0327924
0.0387491
0.0427195
0.0455651
0.0477087
0.0483681
0.0468971
0.0440689
0.0411115
0.0381847
0.0349956
0.0323881
0.0318554
0.0336176
0.0366716
0.0408368
0.0471566
0.0558848
0.0657879
0.0762436
0.0882266
0.101708
0.113541
0.120016
0.120776
0.118115
0.112787
0.102922
0.0874046
0.0680552
0.0474439
0.0263511
0.0046556
-0.0167515
-0.0364957
-0.0541789
-0.0698571
-0.0828451
-0.0925037
-0.0995559
-0.105024
-0.108307
-0.108005
-0.104492
-0.0998774
-0.0952905
-0.0899145
-0.0831424
-0.0759715
-0.0694545
-0.0632353
-0.0566283
-0.0499147
-0.043435
-0.0364471
-0.0281728
-0.0192509
-0.0109662
-0.00366341
0.00293237
0.00846472
0.0122706
0.0143886
0.0148959
0.0127438
0.00679569
-0.00223654
-0.0124252
-0.0229789
-0.0342704
-0.0456032
-0.0549289
-0.06117
-0.0649547
-0.0664823
-0.0645782
-0.0586992
-0.0499618
-0.0391106
-0.0254366
-0.00909512
0.00755879
0.0228144
0.0378246
0.0537032
0.0683872
0.0794578
0.0884831
0.0987668
0.109803
0.118519
0.125874
0.136781
0.151792
0.164024
0.167675
0.165288
0.162263
0.157693
0.146204
0.12696
0.10481
0.0827805
0.0592684
0.0336449
0.0090803
-0.0124435
-0.033158
-0.0545488
-0.0734739
-0.0869002
-0.0971106
-0.107867
-0.117898
-0.122986
-0.123047
-0.122131
-0.121886
-0.119961
-0.115331
-0.110369
-0.106226
-0.100582
-0.0921423
