0.139037
0.0411593
0.195015
1.02581
0.298507
-0.0789354
-0.290602
-0.40391
0.298498
-0.104074
-1.04234
0.358768
0.389519
0.164147
-0.289955
0.322531
1.2517
-1.19268
0.446202
0.886779
0.557385
0.926807
0.34276
0.456309
0.134861
-0.117206
-0.080629
0.306612
0.30713
0.859374
0.140327
-1.07544
0.41712
-0.00914558
0.52242
0.266156
-0.328517
-0.72909
-2.16311
-3.89107
-7.6434
-18.2073
-37.0101
-47.692
-10.7598
55.4702
16.1684
-52.8164
75.1015
-38.1133
120.937
-120.728
-16.2707
4.55101
2.33601
0.694107
-1.09068
-1.35106
-3.63197
-0.684014
-1.04537
-1.87602
-0.869115
-1.46018
-2.57418
-1.6011
-2.08504
-2.16081
-2.04008
-2.34762
-1.74621
-2.16048
-2.06936
-2.24759
-1.06662
-1.09382
-2.26103
-2.44198
-3.58737
-3.89816
-6.36611
-6.00972
-6.50877
-5.61878
-0.043768
9.43665
18.2593
11.5985
-6.66181
-11.4487
6.8551
15.0443
-4.8138
-2.79338
12.4634
-6.82055
-1.29355
-4.45152
-19.8266
-18.4476
-38.1136
-38.608
33.4827
42.8411
13.8823
-6.31686
-10.4482
-7.5661
-3.09598
0.167932
1.11494
0.492642
-0.13649
-0.295323
0.56613
2.34632
3.0533
2.52599
2.18604
2.323
3.0488
3.74933
4.26098
5.34252
6.40251
5.19063
5.16955
3.74486
-0.61061
-1.01604
1.63894
6.17722
4.80335
-2.79732
-3.00148
2.78215
3.45546
-5.76505
0.00538307
6.68369
-4.19832
-0.70744
6.9971
-5.48183
7.91952
0.919271
-1.2666
8.74761
-7.49941
17.0569
-8.51446
8.57386
10.2624
-50.6035
8.08442
42.1926
-5.70404
-24.4399
-0.624917
11.168
-1.01525
-3.05934
-0.323029
1.3082
1.63905
1.14349
1.81008
0.991596
0.395248
-1.81579
-2.46128
0.881573
4.68976
4.5782
-1.0427
-4.79382
-1.51019
2.50936
4.65241
-4.64063
-3.29277
3.64604
0.0849902
-6.64562
-1.13933
6.49087
-9.52621
-1.13878
9.49298
-9.54216
3.40144
4.38143
-5.07245
12.2275
-6.19592
7.51069
-0.35263
-2.14458
-2.64675
-2.40098
-13.1713
9.01998
-25.1335
25.0014
16.5601
-16.5251
-8.98614
5.46866
3.18389
-4.06191
-3.16425
1.99393
-1.37453
-0.359304
2.20731
1.12616
-4.00008
-5.91465
-0.0907086
3.04642
1.35716
-3.29967
-1.31396
1.44827
3.61127
-3.31804
-1.9626
5.89146
1.01613
-7.87668
4.64567
4.61493
-6.70975
5.00442
3.63171
-7.97823
6.18071
0.695272
-6.08994
10.3943
-9.21408
7.64652
-4.1702
-3.07137
7.59984
-10.3113
9.58379
-14.9002
18.1691
-16.3054
17.0724
-8.78275
2.44693
14.659
-30.9965
9.21582
19.7076
-11.7999
-14.2058
10.7511
10.7631
-10.2559
-5.77024
4.78968
4.60863
-3.88544
-2.15705
4.17395
-1.91139
0.613492
1.60481
-1.58653
2.68776
-0.761713
0.883357
-0.656012
0.186427
1.66327
-1.78436
2.61553
-1.69703
1.20921
0.116379
-1.60284
1.7541
1.86401
-3.51178
3.65453
-2.2322
0.244734
2.38209
-4.53095
6.48222
-6.94254
5.74292
-3.09308
3.37773
-2.84491
4.61783
-6.66448
8.97973
-15.3451
20.9334
-25.4563
16.4231
10.2694
-30.0147
27.0142
-11.8767
-2.73435
11.6085
-11.3433
6.69684
-3.37096
1.41253
1.33064
-2.29851
3.33933
-3.01648
2.76552
-2.473
2.15535
-1.6216
0.327656
0.381615
-0.815015
1.27915
-0.959159
0.196753
0.470397
-0.638025
0.507865
-0.645206
0.237946
-0.618622
0.381707
-0.410444
-0.736795
0.611795
-0.642379
1.18495
-0.410121
0.584408
-0.497874
0.462726
-0.985628
0.709936
-0.682837
0.0468667
-0.389059
-0.292774
0.672419
1.74886
-2.77658
4.62747
-3.42969
-1.98946
4.29772
-1.69774
-0.220898
-0.365389
0.0765335
1.72138
-3.82255
5.17333
-4.02285
2.48278
-1.50726
1.80491
-1.672
1.17859
-0.0224236
-1.8634
2.47121
-1.25268
-0.182047
0.872661
0.237335
-1.13892
2.32843
-3.05361
1.40737
0.672313
-3.51659
4.33353
-2.36404
0.237341
3.41224
-4.74313
3.21444
-1.71792
-0.531467
2.84392
-2.52789
2.19673
-3.50767
2.96618
0.0946025
-0.215057
0.203455
-0.857421
1.81432
-0.392546
-0.91448
0.431374
0.0706065
0.237079
0.948002
-0.746609
0.0964227
0.973268
-1.54304
1.27657
0.350201
-1.92479
2.37735
-0.26844
-1.17556
0.166455
1.36771
-0.232657
-3.008
3.76082
-1.01453
-2.41603
6.00022
-3.14407
-1.95746
4.76759
-6.06639
1.46096
3.35011
-2.16753
2.52044
-2.29505
-0.853427
-0.186647
1.18612
2.21114
-2.31815
0.148471
-1.76582
4.7227
-0.854177
-1.93952
-1.19849
4.514
-0.562511
-1.29136
-2.28325
3.14574
0.491094
-3.5503
0.284142
3.37455
0.117105
-5.12621
0.310392
3.2549
-2.42421
-4.0851
3.9569
2.591
-5.27735
-1.11258
4.09696
-1.73141
-2.08407
2.65498
-1.31709
-0.053181
1.89549
-0.115058
1.19101
-2.46051
-3.33135
2.3714
1.82316
2.75094
1.68279
-3.89834
-1.70808
-1.97649
3.66836
2.41106
-2.81909
-4.2065
-1.34354
4.86895
1.01433
-1.32035
-1.03503
3.13961
1.1939
-0.740495
-2.18668
1.02478
-0.788454
-1.01258
-1.06269
1.10605
-0.65842
0.5942
1.06689
0.253706
0.470388
0.395951
0.513938
-0.573444
-0.626649
-0.0665813
-0.362674
0.0457344
0.93537
0.0110625
-0.394939
0.1484
-0.456572
0.441534
0.700455
0.136015
0.321293
-0.649402
-0.0931617
0.635015
-0.529216
-0.327012
-0.632659
0.982905
2.34238
0.700304
-0.818377
-0.989215
0.0534539
0.683277
-0.251471
0.908327
-0.224801
0.722987
-0.529748
0.3097
0.00857393
0.967452
-0.291348
0.12022
0.457489
0.0380237
-1.26627
-0.10155
-0.495844
0.605938
-0.989637
1.51854
-0.287048
-0.0839541
1.01226
-0.806462
0.180922
0.355971
-0.0553646
-0.0658047
0.213904
0.455041
0.116543
0.229359
-0.256379
0.301627
0.613819
0.282149
0.798667
0.57465
-0.527479
0.299526
0.121866
-0.320962
0.232786
-0.123769
-0.134521
0.11163
-0.0129541
0.540756
0.146004
0.412221
-0.120709
0.0270759
-0.476692
0.37007
0.211629
0.191933
0.111726
0.279179
0.601678
0.0244807
0.0653355
0.0482134
0.0766036
-0.436281
-0.378867
-0.0536281
0.014934
0.235946
0.288681
-0.199685
-0.311905
0.137276
-0.0515593
0.151683
0.341673
0.342544
-0.40631
-0.180365
0.404221
0.847517
-0.309601
-0.252561
0.33024
0.5155
0.224794
-0.138656
-0.0730941
0.325872
0.158717
0.154122
0.243584
-0.181296
0.122698
0.160308
0.0102767
0.292384
0.241479
-0.208292
-0.43365
0.408946
0.0436657
-0.498333
-0.0378729
0.68324
-0.17263
-0.417627
0.626074
0.00910792
0.0634235
-0.666415
0.224981
-0.0921295
0.145902
0.619395
0.397537
-0.165876
-0.154679
-0.231806
0.122777
0.227869
0.125945
-0.125298
-0.0486252
-0.0960159
0.745029
0.0355159
-0.482514
0.52739
0.344627
-0.381204
-0.14447
0.171028
0.214162
0.579962
-0.0480889
-0.291918
0.227313
0.159422
0.312925
-0.183353
-0.0284913
0.361298
-0.31055
0.420371
-0.0653358
0.226383
-0.551187
0.177146
0.553653
0.0947743
-0.599489
-0.0903622
0.158454
0.0816569
0.252844
-0.220602
-0.844998
-0.0868196
0.830777
0.315888
0.00607678
0.134133
-0.416075
-0.422685
0.581874
0.149784
-0.25069
-0.629467
0.0704065
0.991191
0.676639
-0.373618
-0.0695035
0.806773
-0.563095
-0.516739
0.162365
0.880469
0.317045
-1.17781
-0.556771
1.35323
-0.217011
-0.435707
-0.199209
0.539788
0.852428
-0.809299
-0.236115
0.0813943
-0.398524
0.242709
0.218055
0.750097
-0.282478
0.172278
0.0880262
0.308351
-0.141362
0.0426712
1.03517
-0.0614921
0.343383
-0.447304
0.234284
0.00685597
0.566885
-0.169943
0.348234
0.0190224
0.743256
0.239238
-0.405189
-0.603091
1.08824
0.73128
-0.0819339
-1.88766
1.38398
0.349919
-0.412767
0.155929
0.485666
0.63395
0.4852
-0.707412
0.448189
-0.337538
-1.0691
1.72333
0.0704951
-1.0947
0.786907
1.7094
0.714247
-2.83646
-0.2555
1.76716
-1.02989
0.363023
1.13887
1.73403
-3.10116
0.657396
0.914314
-2.57817
1.17817
0.827657
1.17057
-0.401326
1.63954
-1.66256
0.273468
-0.157415
0.538538
-0.627941
0.876572
-0.939119
-1.23469
0.77306
-1.30756
0.818222
-0.428226
1.62458
-0.843589
0.347456
-0.5488
0.422356
-0.998545
-0.251879
1.78201
-1.79483
1.8461
-0.393668
-0.321295
1.18169
-2.4397
-1.01934
0.757049
-1.31782
1.14871
0.387415
-0.246364
0.760118
-1.58125
0.856242
-0.221717
1.11299
0.00105762
0.0982073
0.485841
-1.57251
1.13053
-0.277652
-0.421638
0.671836
-0.0509045
-0.429555
-0.555571
0.342695
-0.209255
0.507968
0.0357596
0.207311
0.336971
-0.0114891
-0.471122
-0.0354054
0.328013
0.0932552
-0.256555
0.475011
0.089811
0.00847795
-0.414922
0.209775
0.335394
-0.431801
-0.401139
0.394742
-0.408967
0.373386
-0.208392
0.289831
0.111081
0.0097381
0.0214772
0.594633
-0.27739
-1.11322
1.36951
-0.257524
-0.0419846
0.444598
0.193614
-0.278785
0.232582
0.093997
0.267916
0.375115
-0.0341551
0.0820738
-0.285105
0.602929
-0.0950029
0.274487
0.138316
0.249952
-0.26773
0.386002
0.147048
0.721901
-0.120915
0.0813858
-0.0989925
-0.514182
0.451214
-0.0831418
-0.0566843
0.0213108
0.2866
-0.166013
0.233642
-0.0444694
0.441366
0.0104901
-0.0208562
0.148707
0.222659
0.277435
-0.342551
0.137367
0.324621
0.428179
0.223978
-0.393052
0.328905
0.111709
-0.313673
0.192979
0.967122
-0.919481
0.0264291
0.527501
-0.399306
-0.116356
0.341528
-0.208664
-0.266861
0.438941
-0.38048
0.294348
0.222516
-0.285932
1.08405
-0.441087
0.842498
-0.680213
0.425836
-0.300108
0.193759
0.153178
0.130259
-0.563034
0.271456
-0.623239
0.928588
-0.532122
0.595466
0.278741
0.181577
-0.140694
0.139854
-0.280788
0.742895
-1.24968
0.74056
-0.728069
0.756795
-0.46762
0.378518
-0.0339937
-0.126758
-0.00788299
0.0198404
0.0226791
0.264486
0.0785259
-0.028578
-0.0727988
0.0644044
0.0687294
0.0451576
0.012503
-0.104049
0.0957132
0.253356
0.00643829
0.166264
0.101737
0.0664233
0.00580051
0.0624347
0.171459
0.169635
0.0785635
0.0165104
0.121943
0.0538769
0.102411
0.128614
-0.00296476
0.050873
0.0311436
-0.138706
0.0611309
0.150791
0.15855
0.0772609
0.0484072
0.104118
0.0614946
0.0466991
-0.00368338
0.0384368
0.0729768
0.0355649
0.0692644
0.0452615
0.0603199
0.0758814
0.0431878
0.00433244
0.0599735
0.0949488
0.109684
0.0480795
0.0929554
0.101298
0.0758461
0.0450717
0.0530875
0.0496461
0.0561008
0.0281868
0.21208
0.0593009
-0.0379664
0.173605
0.0421308
0.113305
0.0762621
0.0509644
0.0464718
0.194048
0.145634
0.0206633
0.277535
0.111797
0.140829
0.190414
0.00638519
0.0742482
0.111913
0.14976
0.0205465
0.295791
0.124795
0.0703023
-0.0639058
0.0289721
0.120761
0.0935207
0.013629
0.0463521
0.189824
-0.0245312
0.353104
0.137861
0.125411
-0.094219
0.145035
-0.0639036
0.106457
0.0499079
0.0856942
0.130071
-0.118911
0.13623
0.138646
0.289643
0.180023
0.160443
-0.0808691
0.0866646
0.0712969
-0.0486017
0.640901
0.0780314
0.0373696
-0.0924617
-0.0420881
-0.00691699
0.12717
-0.0776672
0.162958
-0.00310242
0.0794831
0.18298
-0.0654489
0.124279
0.208242
0.0554554
0.154945
0.0462812
0.0188544
0.106491
-0.0158328
0.0364638
0.0366207
0.14458
0.0557399
0.199582
0.0923149
0.0963394
0.119085
0.396934
-0.0991175
-0.0399448
0.189529
0.148824
0.183351
0.350169
-0.0196598
-0.204287
0.215266
0.148712
0.015394
0.00680198
0.180936
0.172153
-0.356923
0.0345531
0.28626
0.0886055
-0.0706612
-0.0598444
0.0372882
-0.49918
-0.255263
0.179656
0.214653
0.0909148
0.112398
-0.0233016
0.255632
0.00297529
0.00690006
-0.020497
0.00244014
0.0479346
0.0627233
0.0859599
0.40643
0.451038
-0.0192904
0.106892
-0.0166984
0.0502415
0.115688
0.066133
0.0960928
0.118758
0.0424228
0.0498147
0.0534688
0.475301
1.53656
0.0934495
0.0419065
0.0275801
0.00745364
0.231646
-0.0462784
-0.218194
0.0527464
0.0127957
0.277612
0.10549
0.130059
0.231705
0.0651361
0.570274
0.103134
0.119125
0.0693429
0.00921254
0.153457
0.0456957
0.699578
0.092387
0.227551
-0.0629838
0.0449827
0.00156536
0.0695616
0.273499
0.119416
0.0671748
0.118652
0.0817229
-0.0174283
-0.0807818
0.247593
-0.0160381
0.145967
0.258767
0.0487962
-0.145213
-0.0979891
-0.0361083
0.0568776
0.0562838
-0.0101101
0.102025
0.0137302
-0.0091127
0.0386409
0.0614297
0.0207666
-0.0299088
0.0199712
0.0352423
0.103184
-0.0104527
0.162615
-0.025476
0.110863
0.163411
0.0989252
0.176969
0.0813581
0.0801774
0.123351
0.101483
0.0521379
0.300352
0.0891765
-0.028595
0.00759327
0.19009
-0.0413999
0.0659555
-0.0176379
-0.692704
-0.0349279
0.014388
0.225128
0.373497
0.449514
-0.156675
-0.0126556
0.0198064
0.268886
0.0506897
0.0472393
0.0421771
-0.0361771
0.0787301
-0.0266472
0.0562393
0.0206144
0.0628904
0.136692
0.259772
0.318792
0.103232
0.336981
-0.247125
0.184375
0.133078
-0.176591
0.137481
-0.0429212
-0.0249882
-0.12626
0.159147
0.0712312
0.0619758
0.0945926
0.0863588
-0.00264306
-0.0862366
-0.259126
-0.0637085
0.117854
0.249607
0.0427003
0.0527054
-0.0174844
0.0104306
0.123114
-0.00366196
0.173171
0.0632374
0.2438
-0.0080625
0.0681816
-0.189797
-0.0258678
0.24892
0.155846
0.13724
0.146122
0.165162
0.298017
0.0905488
-0.0413023
0.0921067
-0.110153
0.0867673
0.0602259
0.133065
0.183584
0.069047
-0.0700683
0.557716
-0.398505
-0.00535867
0.154729
0.261443
0.0900274
0.0326671
-0.0565269
-0.0317575
0.0372043
0.0757996
0.0576943
0.00422484
0.113577
-0.00433611
-0.0538279
0.0523967
-0.0181604
-0.448564
0.705117
-0.577461
0.089184
0.155299
-0.15391
0.269016
0.233277
0.126062
0.0351613
0.14293
0.560192
0.0793457
-0.0128977
-0.294564
0.17336
0.0548633
-0.00949313
0.208969
0.165433
-0.0333867
0.133936
0.878094
-0.0923385
0.0782451
0.0780084
0.180499
0.0742904
0.150977
-0.0195057
-0.331352
0.537309
-0.571089
1.80414
0.153516
0.0846493
0.127744
0.246116
-0.0787648
-0.146479
0.0648866
0.0455026
0.0448573
0.0366346
0.217799
0.333358
-0.112292
0.0522707
-0.0395592
-0.156501
-0.208466
0.242008
-0.02656
0.0388443
0.112715
0.117008
0.149199
0.0765148
0.123255
0.0717027
0.122443
-0.0628488
-0.0818928
-0.0304769
0.00826515
0.117072
0.242851
0.238489
0.577437
0.0131257
-0.0622246
0.13093
0.115741
0.0351434
0.110811
-0.000936143
0.0116252
-0.0555629
0.0515606
0.194765
0.0789828
-0.12907
0.0116455
-0.264798
0.314716
-0.0363975
-0.0943343
0.0624151
0.0709778
0.276752
0.0293019
0.129493
-0.188149
0.00782002
0.28173
0.206911
0.0799772
0.0230708
-0.0691374
0.31575
-0.0290483
-0.256319
-0.0663635
0.25747
0.0509792
0.0419403
0.0394812
-0.0149288
0.0973382
0.014311
-0.0631551
0.00670833
0.158474
0.00352173
0.0538042
0.0325613
0.0626847
0.368741
0.195007
0.10387
-0.197473
0.219294
0.0775299
-0.0129403
0.196501
-0.336862
0.124981
0.245503
-0.0103871
0.0820003
-0.0014518
0.0704536
0.0668104
0.481505
0.0555458
-0.0335289
0.175699
0.147355
-0.0154235
0.0395466
0.0801774
0.01694
-0.112882
-0.00162525
-0.0122182
0.0388427
0.24491
0.179022
0.0257155
0.0796772
0.280199
0.0714335
0.119175
0.0308952
-0.257109
0.0710916
0.0244534
0.0820952
0.112833
0.22328
0.0112088
-0.157586
-0.137367
-0.00414364
0.0909944
0.146037
-0.00192551
0.00123057
0.0395138
0.124992
0.179275
0.0528737
0.0343145
0.0641345
0.0448684
0.0760903
0.00755147
0.0783675
-0.030197
0.204806
0.0642173
-0.0303675
0.000245795
0.0728528
0.0948735
0.0951701
-0.00981106
-0.0235961
0.129963
0.21637
0.0308556
0.271887
-0.124768
0.122656
0.168739
0.256502
0.00779827
0.116888
0.0395874
-0.00489597
0.0488764
0.0494061
0.233616
0.0217835
0.0930601
-0.0213748
0.134695
0.100129
0.162036
0.124081
-0.00213146
0.0705945
0.116142
0.0856884
0.0237708
0.122434
0.265957
0.055543
0.0389458
-0.00645291
0.0404452
0.0994977
0.148632
0.0202485
-0.0180461
0.224118
-0.152707
0.141463
0.122151
0.129082
-0.0370562
-0.0999479
-0.0627472
-0.0980667
0.187198
0.0862241
0.114629
0.107647
-0.00912961
0.0609689
0.0384052
0.271722
0.209652
-0.00659681
0.0146167
0.234536
-0.315328
0.188635
0.12885
0.205394
0.0860433
0.0638603
-0.395363
0.225207
-0.0336264
0.114346
0.0192194
0.0797505
0.0558682
0.0647312
0.066549
0.033266
0.181223
0.569536
-0.0240335
0.175813
0.21672
0.0727041
0.0860645
0.103878
0.0572497
0.0262555
0.155383
-0.78083
-0.420078
-0.313208
0.0309862
0.00204556
0.0145837
0.146837
0.306355
0.199518
0.137584
0.050536
0.0516835
-0.346956
-0.15378
0.14034
0.053806
0.00352983
0.0940775
0.212648
-0.80438
-1.66856
0.0791269
0.0768194
0.0789532
0.0334736
0.101785
0.0337602
-0.20341
0.0235821
0.152703
0.495499
0.148367
-0.0533887
0.207574
-0.313762
0.0166338
-0.0545591
-0.000154637
0.290134
0.0636141
0.0983144
-0.463857
-0.0404724
0.158737
0.0485598
0.119836
0.1352
0.0123594
-0.040566
-0.135643
0.251654
0.0854582
0.181507
0.0727469
0.0786219
0.232385
-0.0836998
0.193634
0.0811497
0.0983245
-0.379389
0.0093187
-0.126886
0.354682
0.0647776
0.0194962
-0.0076436
-0.150547
0.0877827
0.156565
-0.0513587
-0.162528
-0.0933556
0.0727241
-0.0493558
-0.105501
0.124349
0.0424189
-0.029441
0.129112
0.231022
-0.233001
0.123832
0.109453
-0.00787689
-0.00232215
0.140863
0.00996505
-0.0492146
-0.187014
0.0203139
0.0683286
-0.157586
0.0231239
0.0780002
-0.171285
0.117196
0.265619
0.0211153
0.092195
0.0760974
0.151192
-0.0337602
0.172947
0.227662
0.0364417
0.168622
0.120856
0.149238
-0.0367838
-0.266803
-0.103904
0.205456
0.130487
-0.0206097
0.0486364
0.0147071
-0.826101
-0.136899
0.123101
0.0654194
0.0199007
0.257283
-0.0287222
0.0738645
0.0647779
0.0500658
0.0463478
0.0524155
0.140006
0.234366
0.0133589
-0.0156106
0.110576
-0.12426
-0.0405692
-0.0354336
0.151829
0.158031
0.658126
0.081699
0.0424168
0.102406
0.110004
0.178228
0.00760636
0.318266
0.577894
0.101634
0.0829909
0.0985843
0.0568019
0.0208047
0.306167
-0.0695127
0.138897
0.0939585
0.0450513
0.201831
0.0577313
-0.0316246
0.00332212
-0.0712759
-0.0038706
-0.0623195
0.00431574
0.17452
-0.0289108
-0.104796
0.0114063
0.0141194
-0.226107
-0.0861886
0.0184049
0.08318
-0.000235341
0.075456
0.10577
0.0156044
0.0604381
0.0713095
-0.0236328
-0.0308314
-0.287123
0.144842
0.0612899
0.330788
0.0318914
-0.0273885
0.193989
0.0914659
0.00452553
-0.0709811
-0.354268
-0.00912271
0.150025
0.126918
0.088843
0.112502
0.390409
-0.0258115
0.0693119
0.0881307
0.164804
0.00298548
-0.229103
0.124705
0.0176006
0.19151
0.0757125
0.244471
0.158482
0.0777436
0.0195469
-0.0061119
0.301612
0.250196
0.0340389
-0.0519527
-0.0993423
-0.0635733
0.0551009
-0.0800072
-0.0448215
0.315377
0.0493966
-0.00547495
0.0531754
0.0368128
0.0683063
0.100224
0.0198978
-0.057511
0.0453659
0.00469159
-0.00237048
-0.0855305
-0.0153383
0.0359951
0.0443133
0.0104316
0.212231
0.203326
0.151995
-0.00524375
0.0031455
0.0907213
0.0511729
0.0394232
-0.0171193
0.0338666
0.158621
0.0939811
-0.243943
0.0117516
-0.0992941
-0.217832
0.203463
-0.0387736
-0.0117126
-0.192996
0.0611902
0.0390449
-0.0095441
-0.154918
-0.197221
0.0507164
0.0774193
0.0820067
0.0779467
-0.209788
0.112689
0.0905373
0.00545893
0.240909
-0.00228133
0.183407
0.047075
0.0497805
0.0207774
0.125532
0.094407
0.00126766
0.00431421
0.0432903
0.06592
0.201995
0.249192
0.036106
0.124997
0.179438
0.0149895
0.0623744
0.0306894
0.109658
-0.0027594
0.0996809
0.146952
-0.000291418
0.04252
-0.0447433
0.0229178
0.110359
0.0650539
0.252801
0.110382
0.00276233
-0.0153797
0.0672232
0.0153242
-0.00179447
0.0369897
0.0110683
-0.200682
0.00138032
0.0343275
0.107266
-0.0442829
0.0570988
0.04505
0.101062
-0.130799
-0.0496296
0.00313085
-0.00197533
0.0356618
0.261892
0.105432
0.12213
0.109132
0.139108
0.0168662
-0.340061
0.0590623
0.110882
0.0519486
-0.0557795
0.0459049
-0.0336633
-0.0831098
0.128635
-0.0240046
0.033147
0.116086
0.106401
-0.0387009
0.053471
0.00022348
-0.196092
0.0621907
-0.048734
0.0767744
0.098441
-0.0127212
0.0612029
-0.0458223
0.0411249
0.0147934
0.0356281
0.0297332
0.175143
0.121666
0.0146421
-0.0283762
-0.05769
0.0216666
0.0282944
0.10246
0.0608252
0.0522459
0.0436365
0.0561698
0.0811538
0.118723
-0.00618702
0.0164677
0.0544179
-0.195005
0.0783149
0.11649
0.0305432
0.11257
0.0672503
0.0255109
0.108924
0.0877495
0.0444182
0.0834522
0.00482736
0.00290095
-0.076389
0.0202903
0.0415446
0.0199308
0.0579546
0.114488
0.040716
0.0786475
0.0764131
0.0713489
0.067652
0.031211
-0.0107986
0.0738274
0.056273
0.0838493
0.0103702
0.0244731
0.0589091
0.0519866
0.0411272
0.014638
0.0929558
0.0287088
0.0288572
0.0734762
0.0716912
0.0154576
0.0585049
0.083319
0.0236523
0.0539594
0.0818363
0.045875
0.0303307
0.126066
0.034827
0.0200646
0.0424084
0.0694564
0.0215292
0.064947
-0.00285967
0.106018
0.0209973
0.0595218
-0.00472229
0.0672554
-0.0294958
0.0683502
0.0299919
0.0947585
-0.113435
-0.0167566
0.0637728
0.0268458
-0.0236535
0.0312004
0.051332
0.0453021
-0.0374149
-0.0022788
-0.00661531
-0.0425777
-0.0337083
0.0429859
0.0270591
-0.0246657
0.0873594
0.0304568
-0.0460845
0.0307787
0.0234417
0.0113159
0.032033
0.121138
0.101527
-0.0445266
0.101615
0.0477269
-0.0109059
-0.034767
0.167696
0.127438
-0.0672245
0.0708812
-0.0263404
0.059736
0.0229462
0.0436289
0.0495951
0.0693591
0.00419957
-0.0438728
-0.0229284
0.00271356
-0.112574
-0.00885429
-0.320327
0.0181792
0.0189526
0.022315
-0.0617991
0.172921
0.104206
0.0560613
0.13609
0.0575651
0.226934
0.0961002
0.0318016
-0.00495856
0.0451421
-0.0255932
0.0742918
-0.0308575
0.0958051
0.0400106
0.0851152
-0.00878111
0.0187345
0.128585
0.0143331
0.126689
-0.0123579
0.0589365
0.0196639
0.0395958
-0.307177
0.113979
0.301301
0.0587624
0.00771077
0.0409778
0.0623744
0.0708068
0.182987
0.0791778
-0.0596335
-0.0352844
0.0054146
0.0512953
0.0550839
0.0841674
-0.0251338
0.0440683
-0.0459375
-0.0201657
0.00305739
-0.053995
-0.245572
0.122684
0.102416
0.133422
0.0821625
0.0615814
-0.00828903
0.0643488
0.108569
0.090184
-0.0401457
0.097649
-0.0694834
-0.0124009
0.0747649
0.0514219
-0.0815888
-0.0207001
0.116919
-0.0260351
-0.258216
0.0873801
0.0475122
0.0614714
0.0607827
0.118032
0.0234948
-0.012618
-0.00231415
-0.149971
-0.00993232
0.095684
0.156728
0.0547721
0.0683511
0.0980801
0.0511821
0.0579061
-0.0611703
-0.0538866
0.027478
0.169032
-0.0317922
0.293535
-0.0281586
0.10784
0.0552716
0.0865692
-0.00097115
0.0631998
0.128227
0.161715
0.0422832
0.0592967
0.0736251
0.0596006
0.423252
-0.0484453
0.138986
-0.0505914
-0.0656427
-0.241336
-0.0584592
0.0791591
0.0397778
0.0733452
0.140339
0.080533
0.13614
-0.0113294
-0.133186
0.0280812
0.0312045
0.08664
-0.00791605
-0.282814
0.0845333
-0.0127959
-0.00148226
0.0427681
0.16685
0.304626
-0.0408356
-0.0600106
0.103555
0.0322716
0.0556305
-0.657226
0.181999
-0.00902075
0.026419
0.016696
0.0900415
0.112182
0.0458141
0.0690526
-0.0582372
0.0086965
0.414011
0.00209998
0.14249
0.053178
-0.109131
0.100182
0.159933
-0.0695402
0.136666
-0.00104202
0.0407104
0.129688
0.0677669
-0.0531411
-0.157668
0.0142771
0.270472
0.0220754
-0.0222382
0.0649519
0.0972615
-0.118872
0.211277
-0.134242
-0.120154
-0.0068629
0.0397481
0.126741
0.100826
0.103927
0.00272382
-0.18564
-0.0210937
-0.0314515
0.0310779
0.135102
0.0431418
0.169591
0.0869049
-0.037566
0.0344529
0.0702805
-0.0278819
0.47571
0.00207423
-0.0119078
-0.00567125
0.0327624
0.0354942
0.129505
0.11153
0.0834934
0.0186964
0.185346
-0.0157697
0.0789963
-0.097626
0.0697003
0.0265226
0.15618
0.239814
0.0288274
0.0680044
0.16294
0.202238
-0.958994
0.0778699
0.0268136
-0.0121426
-0.0498923
0.194873
0.0413406
-0.26731
0.0736764
0.0381035
0.000497575
0.088722
-0.040873
0.0376777
-0.00488196
0.0466331
-0.0255212
0.153214
0.0433588
-0.0672958
0.0627595
-0.02543
-0.116081
-0.0686764
0.113035
0.0489588
-0.0261501
-0.0341922
0.0125048
-0.184353
-0.0398606
0.223688
0.0484838
-0.0580229
0.0426101
0.172289
-0.0452587
0.215271
0.0439739
0.155335
0.0324007
-0.00425575
0.126148
0.10046
0.0692321
0.0993714
0.0981091
0.136053
-0.0413812
0.0140698
0.0259785
0.018043
0.116241
-0.0242487
0.108687
-0.0927824
-0.190613
-0.0846775
0.0557301
0.138148
-0.0520129
0.0345615
0.024833
0.731939
-0.0305196
-0.0569904
0.130393
0.10103
0.0492994
0.240514
0.0676878
0.18798
0.0336381
0.0514405
0.13544
-0.0746489
-0.387168
0.24649
-0.0727917
-0.0616878
0.0493319
0.0973371
0.0470781
-0.0168058
0.0855817
-0.00103153
0.0920046
0.59985
0.00696118
0.010316
0.299418
-0.0776579
0.0499949
-0.0373022
-0.0332357
0.169293
0.0723963
-0.721123
0.585568
-0.0992777
-0.094107
0.0692542
0.0977932
0.0971034
-0.116194
-0.00976419
-0.0563779
-0.075895
-0.00624931
0.10394
-0.181173
0.100455
-0.0182644
-0.0106785
0.0229772
0.126823
0.560285
-1.56549
0.0230441
-0.0112968
0.102588
0.00662547
0.129286
0.119636
0.0872449
-0.0770872
-0.0587961
0.461124
0.18246
-0.014813
0.197092
0.031633
-0.044442
0.103803
0.0979567
-0.0337959
0.121825
-0.00769413
-0.447863
-0.00705671
-0.190313
0.0841674
0.0293864
-0.00724703
0.113901
0.0412193
-0.150933
0.371504
0.235166
0.112205
0.22755
0.0469425
0.0491063
0.0845638
-0.0102935
-0.115462
-0.0037383
-0.226912
0.105399
-0.170722
0.136604
-0.00831086
-0.0473062
-0.0046289
0.140771
0.40683
-0.0298144
-0.0478748
-0.119278
-0.0999964
-0.0642197
0.0253958
0.180771
-0.0138987
0.00837964
0.0412496
-0.0116977
-0.048579
0.0613354
-0.0227386
0.107614
-0.0209363
0.0559032
0.165808
0.101538
0.0954949
0.0276166
0.0503545
0.221809
-0.0227837
-0.0133976
-0.00153739
-0.184822
0.0700072
0.0351636
-0.0973796
0.0440281
0.101333
-0.017987
-0.00721449
0.139631
0.0565049
-0.0351694
0.0255468
0.0578373
-0.035907
0.0233409
0.0247366
-0.0223805
0.0462179
0.0726795
0.044631
0.108579
-0.0489362
0.0718262
0.0132498
0.0828478
-0.00591394
0.00917573
-0.010899
-0.171092
0.109114
0.128279
-0.0137628
0.0139315
0.0712302
0.121524
0.0474554
-0.0518467
0.00612493
0.104675
0.267346
0.0156051
-0.10577
0.285976
0.0583011
0.233472
0.022075
0.212673
-0.0199428
0.0249879
0.103278
0.0655766
0.143343
0.0259649
-0.0803627
-0.0307465
0.0992649
1.00819
0.0791712
0.0407278
-0.205443
0.0187907
0.0334437
0.134235
0.0150005
-0.015848
0.960462
0.0994812
-0.0270483
0.0115172
0.171272
0.0717546
0.21628
0.0326421
0.128692
0.0554787
-0.0508076
0.00594156
-0.137289
-0.16908
0.140782
-0.0175425
0.227599
0.00190922
0.278164
0.0146382
-0.00321871
-0.0320188
-0.145665
-0.0266415
0.0058443
0.0189562
0.00940336
-0.106293
0.102352
-0.0759328
0.19095
-0.214366
-0.233953
-0.179965
0.383897
-0.125976
0.296742
0.272925
-0.0340155
-0.00495609
-0.0694054
-0.232242
0.0925934
-0.0548828
-0.100851
0.0297575
0.271681
0.0745782
-0.0581451
0.465624
-0.10228
-0.0778373
0.236977
0.0608838
0.0270452
0.118463
0.13977
0.0817767
-0.0945127
-0.0143941
0.0319652
0.191542
0.00272053
-0.143011
0.0267978
0.595544
-0.0247261
0.330588
-0.1501
-0.106219
0.0443061
-0.0147134
-0.00568458
-0.0879529
0.101982
0.0370468
0.0202403
0.0189839
0.041205
0.058279
0.0352965
-0.141093
0.121753
-0.185099
-0.266835
0.0168681
0.0995434
0.0809254
0.325077
0.0373695
0.018106
-0.0297514
-0.0678205
0.00548993
-0.0239235
-0.073274
-0.113784
-0.0159069
-0.0643127
-0.0172511
1.17162
-0.281234
-0.492062
0.133996
0.189051
0.0649518
-0.0305912
0.0199113
0.0882039
0.193436
-0.268224
0.751258
-0.36976
0.00933234
-0.307819
0.187771
0.0916478
0.159313
-0.0613326
-0.219548
0.735875
-0.0774655
0.405613
0.0850477
0.231218
0.0531883
0.122775
0.140195
0.0175431
0.097272
-0.271087
0.228724
-0.4083
-0.677239
-0.0857554
0.200973
0.0754979
0.132628
-0.0375474
-0.0587837
0.0225561
0.0661049
0.0261179
-0.127498
0.0101385
0.248545
-0.225986
-0.0301243
0.191574
0.00525808
-0.4493
0.792131
-0.0612267
0.102519
-0.0134416
0.00288741
-0.0368762
0.0815635
0.118555
0.0155
0.115405
-0.100783
0.0477412
0.172861
-0.162218
-0.0620078
0.153582
0.103136
0.235506
-0.286382
-0.0353711
-0.0614732
0.159937
-0.00163839
0.160174
0.0384331
0.0960673
0.098694
0.0877817
0.0816055
0.119688
-0.0487464
-0.0668509
0.0908991
-0.334416
-0.0891885
0.111061
0.0826069
0.0241704
0.0645343
-0.0520891
0.047522
0.0169405
0.00561694
-0.0374798
0.102553
0.139751
0.244568
-0.0573114
-0.139675
0.135762
0.32358
0.261818
-0.158782
-0.0960846
-0.0288493
0.0189707
0.10976
-0.122456
0.0954086
-0.0251456
0.0400473
-0.0372213
0.097248
0.0367604
-0.00758573
-0.0794459
-0.279665
0.28833
0.395752
0.146503
-0.0433507
-0.0640979
0.0219722
-0.0144485
0.0103961
-0.320478
0.321801
-0.0135004
-0.00664515
0.0206839
-0.0351339
0.106566
-0.0104198
0.0179455
0.106958
-0.0314045
-0.0640408
-0.00775023
-0.0130797
0.0714093
-0.0171583
-0.00857921
0.0352038
-0.0760028
-0.0884436
0.134755
0.0614498
0.0434228
-0.118274
0.0328814
0.0375086
0.0222224
-0.0292889
-0.0199354
0.0540706
0.0901349
-0.0154537
-0.115214
-0.0282852
0.118823
0.175023
-0.0398758
0.330656
0.278017
0.179426
-0.0063769
-0.0202472
-0.105398
0.0503663
0.0464669
0.267146
0.0304263
-0.151402
-0.0595229
0.0603503
-0.0329596
0.0115829
0.145637
0.0570734
-0.0320291
-0.0197912
-0.0694784
0.0394903
-0.0215258
0.304183
-0.0697769
0.0959048
0.0717673
0.0372074
0.0594979
0.0346359
-0.0155197
-0.108099
0.0788307
0.103203
-0.0619908
0.0252377
-0.00537235
0.0995201
0.191123
-0.531847
0.0772915
-0.0245451
0.00254701
0.218261
0.016666
0.051454
-0.0503498
0.0240253
-0.0696279
-0.0439196
0.195084
0.0984827
-0.362755
-0.00529084
-0.0772925
-0.0635059
0.00919519
0.0160168
0.138212
-0.201819
0.15909
0.0394877
-0.161117
0.0610384
0.128265
-0.0759054
0.161921
-0.380054
0.142906
0.0788842
-0.159619
-0.0463602
0.134985
0.173987
-0.469667
0.0218379
-0.198909
0.0463347
0.0309652
-0.106822
-0.106698
-0.0162473
-0.153336
-0.177952
-0.0572676
-0.144877
0.113225
-0.00726931
-0.0222762
0.225204
-0.0267939
-0.14236
0.0436667
-0.00747084
-0.0445999
0.0473452
-0.0637224
0.0420487
0.0920652
-0.0766803
0.108064
-0.356248
0.0671924
-0.127816
-0.0882475
-0.0189887
0.0261333
0.0302505
-0.026518
0.110635
0.0129694
-0.039893
-0.0706757
-0.0972675
0.0799671
0.0353904
-0.0254334
0.0160574
0.672594
-0.0344501
-0.029181
0.0762569
-0.00753899
0.0440361
0.0128524
0.0617435
-0.165849
-0.0667747
-0.0765186
0.0640042
0.199009
0.0833597
0.0228693
0.26814
0.0426154
-0.104056
-0.049952
0.0154336
-0.113572
-0.0760473
-0.0285278
-0.12442
0.047413
-0.147251
0.00856087
-0.0386748
0.0258768
0.0847995
-0.0386784
0.202929
-0.0200165
-0.00572461
0.043757
-0.0597612
-0.00440698
-0.130671
0.0749678
0.0677513
-0.200173
0.00415511
0.010425
-0.066203
-0.0252951
-0.0103392
-0.0452709
0.144222
-0.18392
0.0245366
-0.177063
0.0822664
0.057384
-0.025874
-0.0840031
-0.0425063
-0.0832453
0.0466791
0.00493923
0.0716649
-0.0235641
0.028097
-0.00152975
-0.0475215
0.0182729
0.103816
0.0211474
-0.0209102
-0.0345568
-0.0282085
0.0466659
0.0242607
-0.00350393
-0.0573236
-0.0331911
0.0482947
-0.0144585
0.0151608
-0.0497461
0.00762177
0.0204046
0.0516541
-0.0811818
-0.0693976
-0.0483264
0.064135
-0.0212379
-0.0377736
-0.123609
0.0572525
0.00259994
0.0482938
-0.0217963
0.0221417
0.137909
0.0659827
-0.196103
0.040939
0.0581959
0.168106
-0.0198821
0.00854337
0.00928786
0.0853302
-0.227628
0.0647528
0.0331501
-0.0357014
0.200776
-0.122039
-0.176313
-0.137265
0.108998
-0.107427
0.116806
-0.18445
-0.161717
0.574817
-0.521839
0.681743
-0.531354
0.767305
-1.18747
0.526936
-0.26535
-0.074798
0.537854
0.0566449
0.479065
0.296732
-0.445981
0.719313
-0.701641
0.14859
-0.533369
0.125942
0.0171006
0.0604963
-0.53707
0.390558
-0.519921
0.733938
-0.785436
0.87761
-0.224942
0.252803
-0.000935867
-0.276146
0.484045
-0.375459
-0.194163
0.411853
-0.305274
-0.349881
0.678615
-0.306472
-0.972385
0.855117
0.0739381
-0.19181
-0.097406
0.355055
-0.668987
0.0615205
0.242911
-0.075194
0.0814338
-0.244053
0.00961235
0.299808
-0.15941
0.136529
0.140875
0.420989
-0.301775
0.142003
0.293661
0.0826049
-0.169024
-0.192904
0.0880082
0.0670856
-0.645549
0.0763401
0.204195
0.0246607
-0.195459
0.0961629
0.117576
-0.277064
-0.1357
-0.0359083
-0.109851
-0.122573
0.304923
-0.44286
0.26444
-0.332988
0.0305251
-0.0699887
-0.0728006
0.0303333
-0.238762
0.230458
0.301892
-0.0506065
-0.393416
0.976549
-0.924079
-0.170734
0.795128
-0.400439
-0.475092
0.341765
0.104326
-0.558834
0.20207
-0.482383
0.43735
-0.60119
0.0145479
0.419655
-0.307377
-0.0749574
-0.046899
-0.0722194
0.354829
-0.561067
0.0916274
0.397567
-0.169548
-0.112541
0.24061
0.236707
0.140244
-0.166764
-0.205636
-0.35824
0.17197
-0.417622
-0.430667
0.574393
0.602428
-0.324618
-0.214196
0.53074
-1.33419
0.278247
0.367067
-0.17461
1.01499
-0.342138
0.875164
-1.25011
0.585005
0.0497212
0.450538
1.0794
-1.56526
0.341491
0.832735
-1.19188
1.11337
-0.0390687
-0.683651
1.56569
-1.32811
1.35529
-0.263966
-0.776225
0.43379
-0.848377
0.536835
-1.04336
1.70568
-0.904279
0.546383
-1.23286
0.583002
-1.56918
-0.997271
0.438443
-0.783088
0.491863
-0.126727
-0.0174234
-1.06805
1.39991
-0.476893
0.504673
0.0909862
0.722743
-3.01542
1.06272
0.51643
-2.40254
2.06973
1.3778
0.166901
-1.49248
1.43276
-0.747173
-2.77666
0.8123
1.94231
0.383936
-1.43404
-0.0513416
0.993386
-1.3247
0.0291282
0.386898
-0.699795
0.747103
0.470121
-0.468695
-0.00210461
-0.361181
0.321413
0.338699
-1.38628
0.214466
0.670494
0.506341
-0.948365
-0.071926
0.523981
0.843217
-0.181472
0.192575
-0.200576
0.0759845
-0.288263
-0.325961
-0.831074
0.150629
-0.0664524
1.0965
-0.704606
-0.00677406
0.0892012
-0.187424
0.0704009
-0.105397
0.542656
-0.123904
0.0319264
-0.751146
-0.506504
-0.383112
-0.565212
1.1411
-0.137853
-0.336987
-0.453477
0.176556
0.802981
-0.991567
-1.12893
0.159125
0.570974
-0.358997
-0.649921
-0.393105
0.564135
-0.4731
-0.119535
0.843099
0.670914
-0.668043
-0.632775
0.0971178
0.232019
0.338579
-0.792686
-0.202189
0.022095
-0.0586022
0.372583
0.22219
-0.774611
-0.86451
0.064829
0.0564428
-0.0467777
-0.0617702
-0.0505927
-0.527912
0.092179
0.279759
-0.540209
-0.609983
0.160978
-0.101694
-0.0916705
-0.339634
0.28977
-0.31051
-0.0562867
0.0222751
-0.100156
0.0761827
-0.383763
0.0927623
0.602028
-0.0737432
-0.140671
-0.251742
-0.517378
0.387825
0.201706
-0.485698
0.163668
0.0431151
-0.0663606
-0.293482
0.00119156
0.0359491
0.324379
-0.0942316
-0.286406
-0.0833794
0.0860359
0.568082
0.442771
-0.350825
-0.40264
0.0432781
-0.0146148
0.0949507
-0.0646768
0.24509
-0.697076
-0.172683
0.413214
-0.609723
-0.492399
0.0789807
0.0765726
-0.553249
-0.18556
0.220124
0.158909
-0.41525
0.166733
-0.217264
-0.391522
0.129746
-0.0466079
-0.0637923
0.00733687
-0.311022
-0.0404662
0.0529421
0.131014
-0.815406
-0.607449
-0.0212323
0.322262
-0.26927
-0.226848
-0.467749
0.415773
0.342
-0.252749
-0.0970195
-0.16916
-0.172213
0.147352
0.227817
0.409254
-0.363146
-0.190204
-0.396415
-0.245769
0.15474
0.229063
0.569741
0.191005
0.586728
-0.168639
-0.170482
-0.125111
0.0549345
0.0388121
-0.22199
0.16431
-0.138579
0.29784
0.0851636
0.258122
-0.420121
-0.518149
-0.115507
-0.138057
0.0777944
-0.446545
0.226919
0.163343
-0.514771
0.576364
-0.0868176
0.169398
0.203789
-0.359897
-0.610569
-1.28048
-0.182853
0.360923
-0.37777
-0.245919
-0.166897
-0.215894
-0.110029
-0.48886
0.146007
-0.00396457
-0.723262
1.09965
-1.58287
0.1419
-0.657642
-0.473508
-1.02492
0.20961
0.518581
0.0417453
-0.0903472
0.492333
-0.437639
-0.163221
-0.647227
0.389894
-0.746672
0.842191
-1.08189
0.490858
-0.595127
-0.590969
-0.726628
0.77673
2.09921
-1.47035
-1.30501
-0.242956
-0.479411
0.768132
-0.747993
-0.669276
0.183574
0.123269
0.449652
-0.665081
-0.69828
0.0343539
-0.459403
0.228489
0.144559
-0.491533
-0.663499
-0.537033
-0.681468
-0.653155
0.822159
-0.0742537
-0.169561
0.326337
0.727216
-0.165639
-1.18076
0.211816
-2.19288
-1.07322
-0.0527949
0.478907
-1.43554
-0.241017
2.07937
1.5346
-2.52412
-0.310153
1.17578
3.35726
-4.45164
-3.48604
2.03618
4.00831
1.76606
-3.39368
-1.55481
-3.36994
3.65414
2.67446
-0.742126
-1.20562
-4.10055
-0.937417
2.13808
0.0486319
1.6735
-0.887298
-1.08798
1.60169
-3.2504
-1.46214
3.73675
-3.00683
-2.99856
5.31441
2.67774
-5.31886
-0.262989
3.2729
-0.0359775
-4.45396
3.12191
3.15205
-3.23567
-3.24957
1.4695
3.25794
-4.49732
0.85636
0.0754254
3.7813
-2.83669
-1.39095
-0.437429
4.35706
-3.45297
0.155179
-1.28536
2.64392
0.132711
-1.0372
-1.70258
0.670723
2.63827
-2.17473
3.42618
-3.08563
-5.80862
5.30374
-3.95345
0.471167
4.26761
-3.06911
0.16997
2.67202
-4.10884
2.12054
1.16228
-0.614093
-1.25355
0.939108
2.05246
-2.32716
1.14682
0.241583
-1.71518
1.11556
-0.372373
-1.18902
1.34493
0.244863
0.395297
-0.421323
-1.47443
1.05817
1.4017
-0.850154
0.0694702
0.303867
0.414608
2.39509
-3.8451
2.43537
-2.5221
2.85297
-1.63151
-0.142911
1.52167
-3.42625
3.7969
-0.961901
-1.76828
2.94806
-4.92473
1.15858
0.0785177
-2.40279
2.57533
-1.24806
0.39963
-0.0934592
-1.03024
-0.341613
2.25213
-2.19105
0.496366
0.13884
-1.04348
0.774535
-1.09717
1.3113
-2.65282
5.07473
-4.25442
2.54725
-1.01908
0.678749
-0.313097
-1.9987
4.52948
-2.28564
-3.82832
4.07489
-1.78676
0.592325
1.26414
-0.820811
-0.42982
0.193727
-1.59941
0.492144
-1.30159
0.390051
-0.647056
0.695327
-0.507098
0.844355
-1.00052
-0.0539777
-0.297316
-0.85247
0.569638
-0.909934
0.605414
-1.37743
0.497721
-0.631205
0.108969
-0.140261
-0.934666
0.922777
-0.718744
-0.190985
0.688467
-1.29799
2.17372
-2.67094
2.55112
-2.59211
2.77852
-1.50674
0.155778
2.59872
-3.83936
6.62487
-9.06123
9.0001
1.38179
-14.1078
27.5954
-28.4943
4.51341
23.6813
-27.0425
19.7675
-14.2416
5.46483
-6.27386
3.23032
-0.303515
1.48955
-1.12278
5.31199
-6.84284
6.26026
-5.37513
3.01181
-0.971387
-1.18551
2.18018
-2.84
1.98967
0.155915
-0.732665
-0.128386
-0.28806
-1.24265
2.0682
-3.20874
2.79392
0.158585
-1.6342
1.80557
-0.18044
0.508191
-1.99901
0.712726
0.602313
-3.56193
3.38814
-1.69977
-3.36795
3.32977
2.39933
-5.98451
-9.80531
9.32231
11.1777
-15.7842
-13.2129
18.5161
9.35232
-29.5799
8.86618
5.48077
-13.3422
17.8179
-18.1893
18.4345
-16.1558
10.3063
-11.9393
10.496
-4.68124
-0.828256
4.57229
-7.42417
10.1376
-7.63234
3.72505
2.46736
-7.53065
3.93347
2.51981
-5.71451
7.1208
-1.99042
-8.33418
3.25719
4.27429
-4.87827
0.473882
4.0425
-0.538497
-3.31179
-0.666195
1.51723
1.79315
-3.26652
-6.32539
0.323882
1.75856
2.10848
-1.12745
-4.4153
-1.06882
-3.25112
-3.8316
2.07639
5.56685
-8.8045
-16.583
16.0448
28.5809
-25.5466
6.84214
-9.72814
-5.55195
0.541516
-2.4868
1.31725
2.0499
-3.14922
11.0425
-5.64213
5.47421
0.403066
-5.7201
9.61082
-3.20539
-7.7117
7.68434
-7.03931
-6.81797
1.33506
0.757471
-5.02891
-1.67617
4.79357
0.463171
-4.94494
-2.83428
3.91252
5.2999
2.83333
-3.44406
-3.32357
-1.81273
1.4607
1.15699
0.909437
-0.605091
1.31064
-0.282555
-0.518099
-3.67657
-2.49377
10.3489
1.04748
-23.9245
-6.69396
41.8355
11.4377
-51.3611
4.96043
14.2603
-11.5056
19.2239
-10.8389
11.0953
-7.17327
1.93532
4.24337
-4.5298
7.67738
-1.61539
-3.35481
6.49677
-5.1102
-3.56209
4.08344
-0.233864
-4.80287
-1.10092
4.82569
4.96207
-3.6937
-2.81466
1.51501
4.27896
5.04943
2.99676
3.70422
0.987108
1.85643
2.15816
1.14455
0.938986
1.98559
1.70091
2.6135
1.5001
-0.319564
-0.418472
-1.05272
-0.122632
-0.231219
-1.20222
-3.21157
-8.94036
-11.3861
-7.66527
12.7298
41.4926
35.79
-37.5782
-44.7543
-18.8755
-22.2266
-4.28489
-7.28308
-3.35525
9.92436
-8.17714
-1.81186
12.4979
5.73447
-13.8958
1.73931
16.6992
6.46549
6.07117
-11.6876
-10.4227
-4.27062
-3.06763
-6.28415
-0.336123
-2.11034
0.218603
-1.64844
-1.01661
-1.77637
-3.18255
-2.92557
-3.15737
-2.47461
-4.09113
-3.61147
-2.25137
-3.65528
-3.35634
-5.01581
-3.07231
-1.19329
-4.96948
-3.57424
-6.6032
-8.098
-2.8616
-5.50898
-4.10621
-1.99502
1.26074
-13.8445
-120.464
98.5547
-3.14475
67.899
-58.7627
34.2756
21.4665
-57.0464
-55.0949
-25.3837
18.3981
13.125
-2.83995
8.54813
5.79964
8.17669
6.20181
1.60081
4.03803
2.47785
2.93734
3.75454
1.77101
2.83421
2.16109
2.42605
1.23091
0.863801
2.18468
1.84429
2.57484
1.65165
1.1592
2.30796
0.433322
1.25311
0.811568
1.58204
1.42541
1.45497
0.509442
0.743581
1.31717
0.55817
2.26898
0.265301
0.777562
0.827709
1.32543
0.0906601
0.34684
