0.556205
1.07139
-3.56126
-2.85833
2.69739
0.665096
0.34111
-0.390121
-0.019968
0.17768
0.547256
-0.0312534
-0.366121
0.0794317
0.514343
0.0511096
0.159867
0.0618542
0.452377
0.0560007
-0.326987
0.0777146
0.484266
0.028411
0.134585
0.0881811
0.53107
0.050296
-0.352366
0.0733904
0.54086
0.0567127
0.297666
0.0543384
0.474619
0.0631957
-0.305341
0.0337223
0.484963
0.0546229
0.140744
0.060903
0.445076
0.0877133
-0.292458
0.0583655
0.490693
0.050602
0.175319
0.0675033
0.483453
0.0336489
-0.350908
0.0540145
0.478245
0.0717677
0.142262
0.0444825
0.469329
0.0499465
-0.321691
0.0536155
0.486952
0.0567468
0.556205
0.0567468
0.486952
0.0536155
-0.321691
0.0499465
0.469329
0.0444825
0.142262
0.0717677
0.478245
0.0540145
-0.350908
0.0336489
0.483453
0.0675033
0.175319
0.050602
0.490693
0.0583655
-0.292458
0.0877133
0.445076
0.060903
0.140744
0.0546229
0.484963
0.0337223
-0.305341
0.0631957
0.474619
0.0543384
0.297666
0.0567127
0.54086
0.0733904
-0.352366
0.050296
0.53107
0.0881811
0.134585
0.028411
0.484266
0.0777146
-0.326987
0.0560007
0.452377
0.0618542
0.159867
0.0511096
0.514343
0.0794317
-0.366121
-0.0312534
0.547256
0.17768
-0.019968
-0.390121
0.34111
0.665096
2.69739
-2.85833
-3.56126
1.07139
