0   0
-0.785   -0.726817
-1.57   -1.15505
-2.355   -0.726817
-3.14   0
-3.925   0.726817
-4.71   1.15505
-5.495   0.726817
-6.28   0
-7.065   -0.726817
-7.85   -1.15505
-8.635   -0.726817
-9.42   -4.44089e-16
-10.205   0.726817
-10.99   1.15505
-11.775   0.726817
-12.56   0
-13.345   -0.726817
-14.13   -1.15505
-14.915   -0.726817
-15.7   4.44089e-16
-16.485   0.726817
-17.27   1.15505
-18.055   0.726817
-18.84   8.88178e-16
-19.625   -0.726817
-20.41   -1.15505
-21.195   -0.726817
-21.98   -4.44089e-16
-22.765   0.726817
-23.55   1.15505
-24.335   0.726817
-25.12   0
-25.905   -0.726817
-26.69   -1.15505
-27.475   -0.726817
-28.26   4.44089e-16
-29.045   0.726817
-29.83   1.15505
-30.615   0.726817
-31.4   -8.88178e-16
-32.185   -0.726817
-32.97   -1.15505
-33.755   -0.726817
-34.54   -9.32587e-15
-35.325   0.726817
-36.11   1.15505
-36.895   0.726817
-37.68   2.30926e-14
-38.465   -0.726817
-39.25   -1.15505
-40.035   -0.726817
-40.82   -3.68594e-14
-41.605   0.726817
-42.39   1.15505
-43.175   0.726817
-43.96   5.06262e-14
-44.745   -0.726817
-45.53   -1.15505
-46.315   -0.726817
-47.1   -6.43929e-14
-47.885   0.726817
-48.67   1.15505
-49.455   0.726817
