0   0
-6.18188   0.098007
-12.3638   0.195307
-18.5456   0.291204
-24.7275   0.385014
-30.9094   0.476083
-37.0913   0.563787
-43.2731   0.647544
-49.455   0.726817
-55.6369   0.801125
-61.8187   0.870043
-68.0006   0.933213
-74.1825   0.990342
-80.3644   1.04121
-86.5463   1.08565
-92.7281   1.1236
-98.91   1.15505
-105.092   1.1236
-111.274   1.08565
-117.456   1.04121
-123.638   0.990342
-129.819   0.933213
-136.001   0.870043
-142.183   0.801125
-148.365   0.726817
-154.547   0.647544
-160.729   0.563787
-166.911   0.476083
-173.092   0.385014
-179.274   0.291204
-185.456   0.195307
-191.638   0.098007
-197.82   -7.14984e-14
-204.002   -0.098007
-210.184   -0.195307
-216.366   -0.291204
-222.547   -0.385014
-228.729   -0.476083
-234.911   -0.563787
-241.093   -0.647544
-247.275   -0.726817
-253.457   -0.801125
-259.639   -0.870043
-265.821   -0.933213
-272.002   -0.990342
-278.184   -1.04121
-284.366   -1.08565
-290.548   -1.1236
-296.73   -1.15505
-302.912   -1.1236
-309.094   -1.08565
-315.276   -1.04121
-321.457   -0.990342
-327.639   -0.933213
-333.821   -0.870043
-340.003   -0.801125
-346.185   -0.726817
-352.367   -0.647544
-358.549   -0.563787
-364.731   -0.476083
-370.912   -0.385014
-377.094   -0.291204
-383.276   -0.195307
-389.458   -0.098007
