0   1
-1.27563   0.264928
-2.55125   -0.830401
-3.82688   -0.770955
-5.1025   0.364219
-6.37812   0.995189
-7.65375   0.161138
-8.92938   -0.881441
-10.205   -0.703526
-11.4806   0.458347
-12.7562   0.980789
-14.0319   0.05353
-15.3075   -0.92371
-16.5831   -0.62859
-17.8588   0.546674
-19.1344   0.956906
-20.41   0.0572084
-21.6856   -0.956906
-22.9613   -0.546674
-24.2369   0.62859
-25.5125   0.92371
-26.7881   -0.05353
-28.0638   -0.980789
-29.3394   -0.458347
-30.615   0.703526
-31.8906   0.881441
-33.1663   -0.161138
-34.4419   -0.995189
-35.7175   -0.364219
-36.9931   0.770955
-38.2688   0.830401
-39.5444   -0.264928
-40.82   -1
-42.0956   -0.264928
-43.3713   0.830401
-44.6469   0.770955
-45.9225   -0.364219
-47.1981   -0.995189
-48.4737   -0.161138
-49.7494   0.881441
-51.025   0.703526
-52.3006   -0.458347
-53.5762   -0.980789
-54.8519   -0.05353
-56.1275   0.92371
-57.4031   0.62859
-58.6787   -0.546674
-59.9544   -0.956906
-61.23   0.0572084
-62.5056   0.956906
-63.7812   0.546674
-65.0569   -0.62859
-66.3325   -0.92371
-67.6081   0.05353
-68.8837   0.980789
-70.1594   0.458347
-71.435   -0.703526
-72.7106   -0.881441
-73.9863   0.161138
-75.2619   0.995189
-76.5375   0.364219
-77.8131   -0.770955
-79.0888   -0.830401
-80.3644   0.264928
