0   1
-4.3175   -0.364219
-8.635   -0.703526
-12.9525   0.92371
-17.27   0.0572084
-21.5875   -0.92371
-25.905   0.703526
-30.2225   0.364219
-34.54   -1
-38.8575   0.364219
-43.175   0.703526
-47.4925   -0.92371
-51.81   0.0572084
-56.1275   0.92371
-60.445   -0.703526
-64.7625   -0.364219
-69.08   1
-73.3975   -0.364219
-77.715   -0.703526
-82.0325   0.92371
-86.35   0.0572084
-90.6675   -0.92371
-94.985   0.703526
-99.3025   0.364219
-103.62   -1
-107.937   0.364219
-112.255   0.703526
-116.572   -0.92371
-120.89   -0.0572084
-125.207   0.92371
-129.525   -0.703526
-133.842   -0.364219
-138.16   1
-142.477   -0.364219
-146.795   -0.703526
-151.112   0.92371
-155.43   0.0572084
-159.747   -0.92371
-164.065   0.703526
-168.382   0.364219
-172.7   -1
-177.017   0.364219
-181.335   0.703526
-185.652   -0.92371
-189.97   -0.0572084
-194.287   0.92371
-198.605   -0.703526
-202.922   -0.364219
-207.24   1
-211.557   -0.364219
-215.875   -0.703526
-220.192   0.92371
-224.51   0.0572084
-228.827   -0.92371
-233.145   0.703526
-237.462   0.364219
-241.78   -1
-246.097   0.364219
-250.415   0.703526
-254.732   -0.92371
-259.05   -0.0572084
-263.367   0.92371
-267.685   -0.703526
-272.002   -0.364219
