0   1
-2.7475   -0.92371
-5.495   0.703526
-8.2425   -0.364219
-10.99   0.0572084
-13.7375   0.364219
-16.485   -0.703526
-19.2325   0.92371
-21.98   -1
-24.7275   0.92371
-27.475   -0.703526
-30.2225   0.364219
-32.97   -0.0572084
-35.7175   -0.364219
-38.465   0.703526
-41.2125   -0.92371
-43.96   1
-46.7075   -0.92371
-49.455   0.703526
-52.2025   -0.364219
-54.95   -0.0572084
-57.6975   0.364219
-60.445   -0.703526
-63.1925   0.92371
-65.94   -1
-68.6875   0.92371
-71.435   -0.703526
-74.1825   0.364219
-76.93   0.0572084
-79.6775   -0.364219
-82.425   0.703526
-85.1725   -0.92371
-87.92   1
-90.6675   -0.92371
-93.415   0.703526
-96.1625   -0.364219
-98.91   -0.0572084
-101.658   0.364219
-104.405   -0.703526
-107.153   0.92371
-109.9   -1
-112.648   0.92371
-115.395   -0.703526
-118.143   0.364219
-120.89   0.0572084
-123.638   -0.364219
-126.385   0.703526
-129.133   -0.92371
-131.88   1
-134.628   -0.92371
-137.375   0.703526
-140.123   -0.364219
-142.87   -0.0572084
-145.618   0.364219
-148.365   -0.703526
-151.113   0.92371
-153.86   -1
-156.608   0.92371
-159.355   -0.703526
-162.103   0.364219
-164.85   0.0572084
-167.598   -0.364219
-170.345   0.703526
-173.093   -0.92371
