0   0
-2.15875   -0.870043
-4.3175   0.990342
-6.47625   -0.195307
-8.635   -0.726817
-10.7937   1.08565
-12.9525   -0.385014
-15.1112   -0.563787
-17.27   1.15505
-19.4288   -0.563787
-21.5875   -0.385014
-23.7463   1.08565
-25.905   -0.726817
-28.0638   -0.195307
-30.2225   0.990342
-32.3813   -0.870043
-34.54   4.88498e-15
-36.6988   0.870043
-38.8575   -0.990342
-41.0162   0.195307
-43.175   0.726817
-45.3337   -1.08565
-47.4925   0.385014
-49.6512   0.563787
-51.81   -1.15505
-53.9687   0.563787
-56.1275   0.385014
-58.2862   -1.08565
-60.445   0.726817
-62.6037   0.195307
-64.7625   -0.990342
-66.9212   0.870043
-69.08   3.28626e-14
-71.2387   -0.870043
-73.3975   0.990342
-75.5562   -0.195307
-77.715   -0.726817
-79.8737   1.08565
-82.0325   -0.385014
-84.1912   -0.563787
-86.35   1.15505
-88.5087   -0.563787
-90.6675   -0.385014
-92.8262   1.08565
-94.985   -0.726817
-97.1437   -0.195307
-99.3025   0.990342
-101.461   -0.870043
-103.62   -7.06102e-14
-105.779   0.870043
-107.937   -0.990342
-110.096   0.195307
-112.255   0.726817
-114.414   -1.08565
-116.572   0.385014
-118.731   0.563787
-120.89   -1.15505
-123.049   0.563787
-125.207   0.385014
-127.366   -1.08565
-129.525   0.726817
-131.684   0.195307
-133.842   -0.990342
-136.001   0.870043
