0   0
-4.80813   1.1236
-9.61625   0.195307
-14.4244   -1.04121
-19.2325   -0.385014
-24.0406   0.933213
-28.8488   0.563787
-33.6569   -0.801125
-38.465   -0.726817
-43.2731   0.647544
-48.0813   0.870043
-52.8894   -0.476083
-57.6975   -0.990342
-62.5056   0.291204
-67.3138   1.08565
-72.1219   -0.098007
-76.93   -1.15505
-81.7381   -0.098007
-86.5463   1.08565
-91.3544   0.291204
-96.1625   -0.990342
-100.971   -0.476083
-105.779   0.870043
-110.587   0.647544
-115.395   -0.726817
-120.203   -0.801125
-125.011   0.563787
-129.819   0.933213
-134.628   -0.385014
-139.436   -1.04121
-144.244   0.195307
-149.052   1.1236
-153.86   7.54952e-15
-158.668   -1.1236
-163.476   -0.195307
-168.284   1.04121
-173.092   0.385014
-177.901   -0.933213
-182.709   -0.563787
-187.517   0.801125
-192.325   0.726817
-197.133   -0.647544
-201.941   -0.870043
-206.749   0.476083
-211.557   0.990342
-216.366   -0.291204
-221.174   -1.08565
-225.982   0.098007
-230.79   1.15505
-235.598   0.098007
-240.406   -1.08565
-245.214   -0.291204
-250.022   0.990342
-254.831   0.476083
-259.639   -0.870043
-264.447   -0.647544
-269.255   0.726817
-274.063   0.801125
-278.871   -0.563787
-283.679   -0.933213
-288.487   0.385014
-293.296   1.04121
-298.104   -0.195307
-302.912   -1.1236
