0   0
-5.1025   0.990342
-10.205   0.726817
-15.3075   -0.385014
-20.41   -1.15505
-25.5125   -0.385014
-30.615   0.726817
-35.7175   0.990342
-40.82   -1.33227e-15
-45.9225   -0.990342
-51.025   -0.726817
-56.1275   0.385014
-61.23   1.15505
-66.3325   0.385014
-71.435   -0.726817
-76.5375   -0.990342
-81.64   -1.15463e-14
-86.7425   0.990342
-91.845   0.726817
-96.9475   -0.385014
-102.05   -1.15505
-107.153   -0.385014
-112.255   0.726817
-117.358   0.990342
-122.46   5.9952e-14
-127.563   -0.990342
-132.665   -0.726817
-137.768   0.385014
-142.87   1.15505
-147.973   0.385014
-153.075   -0.726817
-158.178   -0.990342
-163.28   -2.30926e-14
-168.383   0.990342
-173.485   0.726817
-178.588   -0.385014
-183.69   -1.15505
-188.792   -0.385014
-193.895   0.726817
-198.997   0.990342
-204.1   -4.21885e-14
-209.202   -0.990342
-214.305   -0.726817
-219.407   0.385014
-224.51   1.15505
-229.612   0.385014
-234.715   -0.726817
-239.817   -0.990342
-244.92   1.0747e-13
-250.022   0.990342
-255.125   0.726817
-260.227   -0.385014
-265.33   -1.15505
-270.432   -0.385014
-275.535   0.726817
-280.637   0.990342
-285.74   -2.22045e-15
-290.843   -0.990342
-295.945   -0.726817
-301.048   0.385014
-306.15   1.15505
-311.253   0.385014
-316.355   -0.726817
-321.458   -0.990342
