0   0
-1.9625   -0.990342
-3.925   0.726817
-5.8875   0.385014
-7.85   -1.15505
-9.8125   0.385014
-11.775   0.726817
-13.7375   -0.990342
-15.7   4.44089e-16
-17.6625   0.990342
-19.625   -0.726817
-21.5875   -0.385014
-23.55   1.15505
-25.5125   -0.385014
-27.475   -0.726817
-29.4375   0.990342
-31.4   9.76996e-15
-33.3625   -0.990342
-35.325   0.726817
-37.2875   0.385014
-39.25   -1.15505
-41.2125   0.385014
-43.175   0.726817
-45.1375   -0.990342
-47.1   -2.17604e-14
-49.0625   0.990342
-51.025   -0.726817
-52.9875   -0.385014
-54.95   1.15505
-56.9125   -0.385014
-58.875   -0.726817
-60.8375   0.990342
-62.8   3.37508e-14
-64.7625   -0.990342
-66.725   0.726817
-68.6875   0.385014
-70.65   -1.15505
-72.6125   0.385014
-74.575   0.726817
-76.5375   -0.990342
-78.5   1.11022e-14
-80.4625   0.990342
-82.425   -0.726817
-84.3875   -0.385014
-86.35   1.15505
-88.3125   -0.385014
-90.275   -0.726817
-92.2375   0.990342
-94.2   -5.59552e-14
-96.1625   -0.990342
-98.125   0.726817
-100.088   0.385014
-102.05   -1.15505
-104.013   0.385014
-105.975   0.726817
-107.938   -0.990342
-109.9   1.00808e-13
-111.863   0.990342
-113.825   -0.726817
-115.788   -0.385014
-117.75   1.15505
-119.713   -0.385014
-121.675   -0.726817
-123.638   0.990342
