0   0
-5.495   0.726817
-10.99   1.15505
-16.485   0.726817
-21.98   -4.44089e-16
-27.475   -0.726817
-32.97   -1.15505
-38.465   -0.726817
-43.96   7.99361e-15
-49.455   0.726817
-54.95   1.15505
-60.445   0.726817
-65.94   -1.90958e-14
-71.435   -0.726817
-76.93   -1.15505
-82.425   -0.726817
-87.92   1.77636e-15
-93.415   0.726817
-98.91   1.15505
-104.405   0.726817
-109.9   1.55431e-14
-115.395   -0.726817
-120.89   -1.15505
-126.385   -0.726817
-131.88   -1.86517e-14
-137.375   0.726817
-142.87   1.15505
-148.365   0.726817
-153.86   3.59712e-14
-159.355   -0.726817
-164.85   -1.15505
-170.345   -0.726817
-175.84   -5.32907e-14
-181.335   0.726817
-186.83   1.15505
-192.325   0.726817
-197.82   7.06102e-14
-203.315   -0.726817
-208.81   -1.15505
-214.305   -0.726817
-219.8   -8.79297e-14
-225.295   0.726817
-230.79   1.15505
-236.285   0.726817
-241.78   1.05249e-13
-247.275   -0.726817
-252.77   -1.15505
-258.265   -0.726817
-263.76   -9.41469e-14
-269.255   0.726817
-274.75   1.15505
-280.245   0.726817
-285.74   1.11466e-13
-291.235   -0.726817
-296.73   -1.15505
-302.225   -0.726817
-307.72   -1.28786e-13
-313.215   0.726817
-318.71   1.15505
-324.205   0.726817
-329.7   1.46105e-13
-335.195   -0.726817
-340.69   -1.15505
-346.185   -0.726817
