0   0
-4.3175   0.990342
-8.635   -0.726817
-12.9525   -0.385014
-17.27   1.15505
-21.5875   -0.385014
-25.905   -0.726817
-30.2225   0.990342
-34.54   -2.22045e-15
-38.8575   -0.990342
-43.175   0.726817
-47.4925   0.385014
-51.81   -1.15505
-56.1275   0.385014
-60.445   0.726817
-64.7625   -0.990342
-69.08   -9.76996e-15
-73.3975   0.990342
-77.715   -0.726817
-82.0325   -0.385014
-86.35   1.15505
-90.6675   -0.385014
-94.985   -0.726817
-99.3025   0.990342
-103.62   -2.79776e-14
-107.937   -0.990342
-112.255   0.726817
-116.572   0.385014
-120.89   -1.15505
-125.207   0.385014
-129.525   0.726817
-133.842   -0.990342
-138.16   6.57252e-14
-142.477   0.990342
-146.795   -0.726817
-151.112   -0.385014
-155.43   1.15505
-159.747   -0.385014
-164.065   -0.726817
-168.382   0.990342
-172.7   -1.03473e-13
-177.017   -0.990342
-181.335   0.726817
-185.652   0.385014
-189.97   -1.15505
-194.287   0.385014
-198.605   0.726817
-202.922   -0.990342
-207.24   1.4122e-13
-211.557   0.990342
-215.875   -0.726817
-220.192   -0.385014
-224.51   1.15505
-228.827   -0.385014
-233.145   -0.726817
-237.462   0.990342
-241.78   -1.78968e-13
-246.097   -0.990342
-250.415   0.726817
-254.732   0.385014
-259.05   -1.15505
-263.367   0.385014
-267.685   0.726817
-272.002   -0.990342
