0   0
-3.82687   0.647544
-7.65375   -1.08565
-11.4806   0.933213
-15.3075   -0.385014
-19.1344   -0.291203
-22.9612   0.870043
-26.7881   -1.1236
-30.615   0.726817
-34.4419   -0.0980072
-38.2687   -0.563787
-42.0956   1.04121
-45.9225   -0.990342
-49.7494   0.476083
-53.5762   0.195307
-57.4031   -0.801124
-61.23   1.15505
-65.0569   -0.801125
-68.8837   0.195308
-72.7106   0.476082
-76.5375   -0.990342
-80.3644   1.04121
-84.1912   -0.563788
-88.0181   -0.0980062
-91.845   0.726816
-95.6719   -1.1236
-99.4987   0.870044
-103.326   -0.291204
-107.152   -0.385013
-110.979   0.933213
-114.806   -1.08565
-118.633   0.647544
-122.46   -9.71369e-07
-126.287   -0.647543
-130.114   1.08565
-133.941   -0.933214
-137.767   0.385015
-141.594   0.291202
-145.421   -0.870043
-149.248   1.1236
-153.075   -0.726818
-156.902   0.0980082
-160.729   0.563786
-164.556   -1.04121
-168.382   0.990343
-172.209   -0.476084
-176.036   -0.195306
-179.863   0.801124
-183.69   -1.15505
-187.517   0.801126
-191.344   -0.195309
-195.171   -0.476082
-198.997   0.990341
-202.824   -1.04121
-206.651   0.563789
-210.478   0.0980052
-214.305   -0.726815
-218.132   1.1236
-221.959   -0.870045
-225.786   0.291205
-229.612   0.385012
-233.439   -0.933212
-237.266   1.08565
-241.093   -0.647545
