0   0
-2.94375   -0.195307
-5.8875   0.385014
-8.83125   -0.563787
-11.775   0.726817
-14.7187   -0.870043
-17.6625   0.990342
-20.6062   -1.08565
-23.55   1.15505
-26.4937   -1.08565
-29.4375   0.990342
-32.3812   -0.870043
-35.325   0.726817
-38.2687   -0.563787
-41.2125   0.385014
-44.1562   -0.195307
-47.1   -3.15718e-07
-50.0437   0.195308
-52.9875   -0.385014
-55.9312   0.563788
-58.875   -0.726817
-61.8187   0.870044
-64.7625   -0.990342
-67.7062   1.08565
-70.65   -1.15505
-73.5937   1.08565
-76.5375   -0.990341
-79.4812   0.870043
-82.425   -0.726816
-85.3687   0.563786
-88.3125   -0.385013
-91.2562   0.195306
-94.2   1.58604e-06
-97.1437   -0.195309
-100.087   0.385016
-103.031   -0.563789
-105.975   0.726818
-108.919   -0.870045
-111.862   0.990343
-114.806   -1.08565
-117.75   1.15505
-120.694   -1.08565
-123.637   0.990341
-126.581   -0.870042
-129.525   0.726815
-132.469   -0.563785
-135.412   0.385011
-138.356   -0.195304
-141.3   -3.23635e-06
-144.244   0.195311
-147.187   -0.385017
-150.131   0.56379
-153.075   -0.72682
-156.019   0.870046
-158.962   -0.990344
-161.906   1.08565
-164.85   -1.15504
-167.794   1.08565
-170.737   -0.99034
-173.681   0.87004
-176.625   -0.726813
-179.569   0.563783
-182.512   -0.38501
-185.456   0.195303
