0   0
-1.07937   -0.933213
-2.15875   -0.870043
-3.23812   0.098007
-4.3175   0.990342
-5.39687   0.801125
-6.47625   -0.195307
-7.55562   -1.04121
-8.635   -0.726817
-9.71437   0.291204
-10.7937   1.08565
-11.8731   0.647544
-12.9525   -0.385014
-14.0319   -1.1236
-15.1112   -0.563787
-16.1906   0.476083
-17.27   1.15505
-18.3494   0.476083
-19.4287   -0.563787
-20.5081   -1.1236
-21.5875   -0.385014
-22.6669   0.647544
-23.7462   1.08565
-24.8256   0.291204
-25.905   -0.726817
-26.9844   -1.04121
-28.0637   -0.195308
-29.1431   0.801125
-30.2225   0.990342
-31.3019   0.098007
-32.3812   -0.870043
-33.4606   -0.933214
-34.54   -1.36904e-07
-35.6194   0.933213
-36.6987   0.870044
-37.7781   -0.0980068
-38.8575   -0.990342
-39.9369   -0.801125
-41.0162   0.195307
-42.0956   1.04121
-43.175   0.726817
-44.2544   -0.291203
-45.3337   -1.08565
-46.4131   -0.647544
-47.4925   0.385014
-48.5719   1.1236
-49.6512   0.563788
-50.7306   -0.476082
-51.81   -1.15505
-52.8894   -0.476084
-53.9687   0.563786
-55.0481   1.1236
-56.1275   0.385015
-57.2069   -0.647543
-58.2862   -1.08565
-59.3656   -0.291204
-60.445   0.726816
-61.5244   1.04121
-62.6037   0.195308
-63.6831   -0.801124
-64.7625   -0.990343
-65.8419   -0.0980082
-66.9212   0.870043
-68.0006   0.933214
