0   0
-1.1775   -0.990342
-2.355   -0.726817
-3.5325   0.385014
-4.71   1.15505
-5.8875   0.385014
-7.065   -0.726817
-8.2425   -0.990342
-9.42   -3.25963e-08
-10.5975   0.990342
-11.775   0.726817
-12.9525   -0.385014
-14.13   -1.15505
-15.3075   -0.385014
-16.485   0.726817
-17.6625   0.990342
-18.84   1.25729e-07
-20.0175   -0.990342
-21.195   -0.726817
-22.3725   0.385014
-23.55   1.15505
-24.7275   0.385014
-25.905   -0.726817
-27.0825   -0.990342
-28.26   -3.15718e-07
-29.4375   0.990342
-30.615   0.726817
-31.7925   -0.385014
-32.97   -1.15505
-34.1475   -0.385014
-35.325   0.726816
-36.5025   0.990342
-37.68   6.32368e-07
-38.8575   -0.990342
-40.035   -0.726817
-41.2125   0.385013
-42.39   1.15505
-43.5675   0.385015
-44.745   -0.726816
-45.9225   -0.990342
-47.1   -1.03097e-06
-48.2775   0.990341
-49.455   0.726818
-50.6325   -0.385013
-51.81   -1.15505
-52.9875   -0.385015
-54.165   0.726816
-55.3425   0.990343
-56.52   1.46683e-06
-57.6975   -0.990341
-58.875   -0.726818
-60.0525   0.385013
-61.23   1.15505
-62.4075   0.385016
-63.585   -0.726816
-64.7625   -0.990343
-65.94   -1.92504e-06
-67.1175   0.990341
-68.295   0.726819
-69.4725   -0.385012
-70.65   -1.15505
-71.8275   -0.385016
-73.005   0.726815
-74.1825   0.990343
