0   0
-4.41562   1.04121
-8.83125   -0.563787
-13.2469   -0.647544
-17.6625   0.990342
-22.0781   0.0980069
-26.4937   -1.08565
-30.9094   0.476083
-35.325   0.726817
-39.7406   -0.933214
-44.1562   -0.195307
-48.5719   1.1236
-52.9875   -0.385014
-57.4031   -0.801124
-61.8187   0.870044
-66.2344   0.291203
-70.65   -1.15505
-75.0656   0.291204
-79.4812   0.870043
-83.8969   -0.801125
-88.3125   -0.385014
-92.7281   1.1236
-97.1437   -0.195308
-101.559   -0.933213
-105.975   0.726817
-110.391   0.476082
-114.806   -1.08565
-119.222   0.0980077
-123.637   0.990342
-128.053   -0.647544
-132.469   -0.563786
-136.884   1.04121
-141.3   -1.329e-06
-145.716   -1.04121
-150.131   0.563789
-154.547   0.647542
-158.962   -0.990343
-163.378   -0.0980048
-167.794   1.08565
-172.209   -0.476085
-176.625   -0.726815
-181.041   0.933215
-185.456   0.195305
-189.872   -1.1236
-194.287   0.385017
-198.703   0.801122
-203.119   -0.870046
-207.534   -0.2912
-211.95   1.15504
-216.366   -0.291207
-220.781   -0.870041
-225.197   0.801128
-229.612   0.38501
-234.028   -1.12361
-238.444   0.195312
-242.859   0.933211
-247.275   -0.726821
-251.691   -0.476078
-256.106   1.08566
-260.522   -0.0980123
-264.937   -0.990339
-269.353   0.647549
-273.769   0.563781
-278.184   -1.04121
