0   0
-0.785   -0.726817
-1.57   -1.15505
-2.355   -0.726817
-3.14   -1.39698e-08
-3.925   0.726817
-4.71   1.15505
-5.495   0.726817
-6.28   3.63216e-08
-7.065   -0.726817
-7.85   -1.15505
-8.635   -0.726817
-9.42   -4.74975e-08
-10.205   0.726817
-10.99   1.15505
-11.775   0.726817
-12.56   6.61239e-08
-13.345   -0.726817
-14.13   -1.15505
-14.915   -0.726817
-15.7   -9.22009e-08
-16.485   0.726817
-17.27   1.15505
-18.055   0.726817
-18.84   9.59262e-08
-19.625   -0.726817
-20.41   -1.15505
-21.195   -0.726817
-21.98   -1.07102e-07
-22.765   0.726817
-23.55   1.15505
-24.335   0.726817
-25.12   1.25729e-07
-25.905   -0.726817
-26.69   -1.15505
-27.475   -0.726817
-28.26   -1.66707e-07
-29.045   0.726817
-29.83   1.15505
-30.615   0.726817
-31.4   1.85333e-07
-32.185   -0.726817
-32.97   -1.15505
-33.755   -0.726817
-34.54   -3.15718e-07
-35.325   0.726817
-36.11   1.15505
-36.895   0.726817
-37.68   4.53554e-07
-38.465   -0.726817
-39.25   -1.15505
-40.035   -0.726817
-40.82   -5.54137e-07
-41.605   0.726816
-42.39   1.15505
-43.175   0.726817
-43.96   6.91973e-07
-44.745   -0.726816
-45.53   -1.15505
-46.315   -0.726818
-47.1   -8.5216e-07
-47.885   0.726816
-48.67   1.15505
-49.455   0.726818
