0   0
-5.20062   0.933213
-10.4012   0.870043
-15.6019   -0.098007
-20.8025   -0.990342
-26.0031   -0.801125
-31.2037   0.195308
-36.4044   1.04121
-41.605   0.726817
-46.8056   -0.291204
-52.0062   -1.08565
-57.2069   -0.647543
-62.4075   0.385015
-67.6081   1.1236
-72.8087   0.563787
-78.0094   -0.476084
-83.21   -1.15505
-88.4106   -0.476082
-93.6112   0.563788
-98.8119   1.1236
-104.012   0.385013
-109.213   -0.647545
-114.414   -1.08565
-119.614   -0.291202
-124.815   0.726818
-130.016   1.04121
-135.216   0.195306
-140.417   -0.801126
-145.617   -0.990341
-150.818   -0.0980055
-156.019   0.870044
-161.219   0.933213
-166.42   -1.80583e-06
-171.621   -0.933215
-176.821   -0.870042
-182.022   0.0980089
-187.222   0.990343
-192.423   0.801123
-197.624   -0.195309
-202.824   -1.04121
-208.025   -0.726815
-213.226   0.291206
-218.426   1.08565
-223.627   0.647542
-228.827   -0.385016
-234.028   -1.1236
-239.229   -0.563785
-244.429   0.476085
-249.63   1.15504
-254.831   0.47608
-260.031   -0.56379
-265.232   -1.1236
-270.432   -0.385011
-275.633   0.647546
-280.834   1.08565
-286.034   0.2912
-291.235   -0.72682
-296.436   -1.0412
-301.636   -0.195304
-306.837   0.801127
-312.037   0.99034
-317.238   0.0980035
-322.439   -0.870046
-327.639   -0.933211
