0   0
-5.98562   0.291204
-11.9712   0.563787
-17.9569   0.801125
-23.9425   0.990342
-29.9281   1.1236
-35.9137   1.08565
-41.8994   0.933213
-47.885   0.726817
-53.8706   0.476083
-59.8562   0.195307
-65.8419   -0.0980072
-71.8275   -0.385014
-77.8131   -0.647544
-83.7987   -0.870044
-89.7844   -1.04121
-95.77   -1.15505
-101.756   -1.04121
-107.741   -0.870043
-113.727   -0.647543
-119.712   -0.385013
-125.698   -0.0980058
-131.684   0.195309
-137.669   0.476084
-143.655   0.726818
-149.641   0.933215
-155.626   1.08565
-161.612   1.1236
-167.597   0.99034
-173.583   0.801122
-179.569   0.563784
-185.554   0.2912
-191.54   -3.47476e-06
-197.526   -0.291207
-203.511   -0.563791
-209.497   -0.801128
-215.482   -0.990344
-221.468   -1.12361
-227.454   -1.08565
-233.439   -0.93321
-239.425   -0.726813
-245.411   -0.476078
-251.396   -0.195302
-257.382   0.0980129
-263.367   0.38502
-269.353   0.647549
-275.339   0.870048
-281.324   1.04121
-287.31   1.15504
-293.296   1.0412
-299.281   0.870038
-305.267   0.647537
-311.252   0.385007
-317.238   0.0979992
-323.224   -0.195316
-329.209   -0.476091
-335.195   -0.726824
-341.181   -0.933219
-347.166   -1.08566
-353.152   -1.1236
-359.137   -0.990337
-365.123   -0.801118
-371.109   -0.563778
-377.094   -0.291194
