0   0
-3.04187   -0.098007
-6.08375   0.195307
-9.12562   -0.291204
-12.1675   0.385014
-15.2094   -0.476083
-18.2512   0.563787
-21.2931   -0.647544
-24.335   0.726817
-27.3769   -0.801125
-30.4187   0.870044
-33.4606   -0.933214
-36.5025   0.990342
-39.5444   -1.04121
-42.5862   1.08565
-45.6281   -1.1236
-48.67   1.15505
-51.7119   -1.1236
-54.7537   1.08565
-57.7956   -1.04121
-60.8375   0.990342
-63.8794   -0.933213
-66.9212   0.870043
-69.9631   -0.801124
-73.005   0.726816
-76.0469   -0.647543
-79.0887   0.563786
-82.1306   -0.476082
-85.1725   0.385012
-88.2144   -0.291202
-91.2562   0.195306
-94.2981   -0.0980051
-97.34   -2.04425e-06
-100.382   0.0980091
-103.424   -0.19531
-106.466   0.291206
-109.507   -0.385016
-112.549   0.476085
-115.591   -0.56379
-118.633   0.647546
-121.675   -0.726819
-124.717   0.801127
-127.759   -0.870046
-130.801   0.933216
-133.842   -0.990344
-136.884   1.04121
-139.926   -1.08565
-142.968   1.1236
-146.01   -1.15504
-149.052   1.1236
-152.094   -1.08565
-155.136   1.0412
-158.177   -0.99034
-161.219   0.933211
-164.261   -0.87004
-167.303   0.801121
-170.345   -0.726813
-173.387   0.647539
-176.429   -0.563783
-179.471   0.476078
-182.512   -0.385009
-185.554   0.291198
-188.596   -0.195302
-191.638   0.0980013
