0   1
-1.07937   0.458347
-2.15875   -0.546674
-3.23812   -0.995189
-4.3175   -0.364219
-5.39687   0.62859
-6.47625   0.980789
-7.55562   0.264928
-8.635   -0.703526
-9.71437   -0.956906
-10.7937   -0.161138
-11.8731   0.770955
-12.9525   0.92371
-14.0319   0.05353
-15.1112   -0.830401
-16.1906   -0.881441
-17.27   0.0572084
-18.3494   0.881441
-19.4287   0.830401
-20.5081   -0.0535299
-21.5875   -0.92371
-22.6669   -0.770955
-23.7462   0.161138
-24.8256   0.956906
-25.905   0.703526
-26.9844   -0.264928
-28.0637   -0.980789
-29.1431   -0.62859
-30.2225   0.364219
-31.3019   0.995189
-32.3812   0.546674
-33.4606   -0.458347
-34.54   -1
-35.6194   -0.458348
-36.6987   0.546674
-37.7781   0.995189
-38.8575   0.364219
-39.9369   -0.62859
-41.0162   -0.980789
-42.0956   -0.264928
-43.175   0.703525
-44.2544   0.956906
-45.3337   0.161139
-46.4131   -0.770955
-47.4925   -0.92371
-48.5719   -0.0535306
-49.6512   0.8304
-50.7306   0.881441
-51.81   -0.0572077
-52.8894   -0.88144
-53.9687   -0.830401
-55.0481   0.0535291
-56.1275   0.92371
-57.2069   0.770955
-58.2862   -0.161137
-59.3656   -0.956905
-60.445   -0.703526
-61.5244   0.264927
-62.6037   0.980789
-63.6831   0.628591
-64.7625   -0.364218
-65.8419   -0.995189
-66.9212   -0.546675
-68.0006   0.458346
