0   1
-5.98562   0.956906
-11.9712   0.830401
-17.9569   0.62859
-23.9425   0.364219
-29.9281   0.0535299
-35.9137   -0.161138
-41.8994   -0.458347
-47.885   -0.703526
-53.8706   -0.881441
-59.8562   -0.980789
-65.8419   -0.995189
-71.8275   -0.92371
-77.8131   -0.770955
-83.7987   -0.546673
-89.7844   -0.264927
-95.77   -0.0572077
-101.756   0.264929
-107.741   0.546675
-113.727   0.770955
-119.712   0.92371
-125.698   0.995189
-131.684   0.980789
-137.669   0.88144
-143.655   0.703524
-149.641   0.458346
-155.626   0.161136
-161.612   -0.0535326
-167.597   -0.364222
-173.583   -0.628592
-179.569   -0.830402
-185.554   -0.956907
-191.54   -1
-197.526   -0.956905
-203.511   -0.830398
-209.497   -0.628587
-215.482   -0.364215
-221.468   -0.0535248
-227.454   0.161143
-233.439   0.458352
-239.425   0.703529
-245.411   0.881443
-251.396   0.98079
-257.382   0.995188
-263.367   0.923708
-269.353   0.770951
-275.339   0.546668
-281.324   0.264921
-287.31   0.0572003
-293.296   -0.264935
-299.281   -0.54668
-305.267   -0.77096
-311.252   -0.923713
-317.238   -0.995189
-323.224   -0.980788
-329.209   -0.881437
-335.195   -0.703519
-341.181   -0.458339
-347.166   -0.161129
-353.152   0.0535404
-359.137   0.364228
-365.123   0.628598
-371.109   0.830406
-377.094   0.956909
