0   1
-4.51375   -0.161138
-9.0275   -0.92371
-13.5412   0.546674
-18.055   0.703526
-22.5687   -0.830401
-27.0825   -0.364219
-31.5962   0.980789
-36.11   0.0572083
-40.6237   -0.980789
-45.1375   0.364219
-49.6512   0.830401
-54.165   -0.703526
-58.6787   -0.546674
-63.1925   0.92371
-67.7062   0.161138
-72.22   -1
-76.7337   0.161139
-81.2475   0.92371
-85.7612   -0.546674
-90.275   -0.703525
-94.7887   0.830401
-99.3025   0.364218
-103.816   -0.980789
-108.33   -0.0572074
-112.844   0.980789
-117.357   -0.36422
-121.871   -0.8304
-126.385   0.703526
-130.899   0.546673
-135.412   -0.923711
-139.926   -0.161136
-144.44   1
-148.954   -0.16114
-153.467   -0.923709
-157.981   0.546676
-162.495   0.703524
-167.009   -0.830402
-171.522   -0.364216
-176.036   0.98079
-180.55   0.0572049
-185.064   -0.980789
-189.577   0.364222
-194.091   0.830399
-198.605   -0.703528
-203.119   -0.54667
-207.632   0.923712
-212.146   0.161133
-216.66   -1
-221.174   0.161143
-225.687   0.923708
-230.201   -0.546678
-234.715   -0.703522
-239.229   0.830404
-243.742   0.364214
-248.256   -0.98079
-252.77   -0.0572018
-257.284   0.980788
-261.797   -0.364225
-266.311   -0.830397
-270.825   0.703531
-275.339   0.546668
-279.852   -0.923713
-284.366   -0.161129
