0   1
-4.71   0.0572084
-9.42   -1
-14.13   -0.0572084
-18.84   1
-23.55   0.0572084
-28.26   -1
-32.97   -0.0572083
-37.68   1
-42.39   0.0572083
-47.1   -1
-51.81   -0.0572082
-56.52   1
-61.23   0.0572081
-65.94   -1
-70.65   -0.057208
-75.36   1
-80.07   0.0572078
-84.78   -1
-89.49   -0.0572076
-94.2   1
-98.91   0.0572074
-103.62   -1
-108.33   -0.0572071
-113.04   1
-117.75   0.057207
-122.46   -1
-127.17   -0.0572067
-131.88   1
-136.59   0.0572063
-141.3   -1
-146.01   -0.0572059
-150.72   1
-155.43   0.0572055
-160.14   -1
-164.85   -0.0572048
-169.56   1
-174.27   0.0572044
-178.98   -1
-183.69   -0.057204
-188.4   1
-193.11   0.0572036
-197.82   -1
-202.53   -0.0572029
-207.24   1
-211.95   0.0572025
-216.66   -1
-221.37   -0.0572021
-226.08   1
-230.79   0.0572017
-235.5   -1
-240.21   -0.0572013
-244.92   1
-249.63   0.0572006
-254.34   -1
-259.05   -0.0572005
-263.76   1
-268.47   0.0571992
-273.18   -1
-277.89   -0.0571983
-282.6   1
-287.31   0.057197
-292.02   -1
-296.73   -0.0571961
