0   1
-3.43437   -0.956906
-6.86875   0.830401
-10.3031   -0.62859
-13.7375   0.364219
-17.1719   -0.05353
-20.6062   -0.161138
-24.0406   0.458347
-27.475   -0.703526
-30.9094   0.881441
-34.3437   -0.980789
-37.7781   0.995189
-41.2125   -0.92371
-44.6469   0.770955
-48.0812   -0.546674
-51.5156   0.264928
-54.95   0.0572081
-58.3844   -0.264928
-61.8187   0.546674
-65.2531   -0.770955
-68.6875   0.92371
-72.1219   -0.995189
-75.5562   0.980789
-78.9906   -0.881441
-82.425   0.703526
-85.8594   -0.458348
-89.2937   0.161139
-92.7281   0.0535289
-96.1625   -0.364218
-99.5969   0.628589
-103.031   -0.8304
-106.466   0.956905
-109.9   -1
-113.334   0.956906
-116.769   -0.830402
-120.203   0.628591
-123.637   -0.36422
-127.072   0.0535319
-130.506   0.161136
-133.941   -0.458346
-137.375   0.703524
-140.809   -0.881439
-144.244   0.980789
-147.678   -0.995189
-151.112   0.923711
-154.547   -0.770957
-157.981   0.546677
-161.416   -0.264931
-164.85   -0.057204
-168.284   0.264924
-171.719   -0.54667
-175.153   0.770952
-178.587   -0.923708
-182.022   0.995188
-185.456   -0.98079
-188.891   0.881443
-192.325   -0.703529
-195.759   0.458353
-199.194   -0.161144
-202.628   -0.0535232
-206.062   0.364213
-209.497   -0.628585
-212.931   0.830397
-216.366   -0.956904
