0   1
-2.355   -0.703526
-4.71   0.0572084
-7.065   0.703526
-9.42   -1
-11.775   0.703526
-14.13   -0.0572084
-16.485   -0.703526
-18.84   1
-21.195   -0.703526
-23.55   0.0572083
-25.905   0.703526
-28.26   -1
-30.615   0.703526
-32.97   -0.0572082
-35.325   -0.703526
-37.68   1
-40.035   -0.703525
-42.39   0.0572081
-44.745   0.703526
-47.1   -1
-49.455   0.703525
-51.81   -0.0572078
-54.165   -0.703526
-56.52   1
-58.875   -0.703525
-61.23   0.0572077
-63.585   0.703526
-65.94   -1
-68.295   0.703525
-70.65   -0.0572073
-73.005   -0.703526
-75.36   1
-77.715   -0.703525
-80.07   0.0572068
-82.425   0.703527
-84.78   -1
-87.135   0.703524
-89.49   -0.0572063
-91.845   -0.703527
-94.2   1
-96.555   -0.703524
-98.91   0.0572059
-101.265   0.703527
-103.62   -1
-105.975   0.703524
-108.33   -0.0572054
-110.685   -0.703528
-113.04   1
-115.395   -0.703523
-117.75   0.0572049
-120.105   0.703528
-122.46   -1
-124.815   0.703523
-127.17   -0.0572044
-129.525   -0.703528
-131.88   1
-134.235   -0.703523
-136.59   0.0572036
-138.945   0.703529
-141.3   -1
-143.655   0.703522
-146.01   -0.0572027
-148.365   -0.703529
