0   1
-4.41562   -0.264928
-8.83125   -0.830401
-13.2469   0.770955
-17.6625   0.364219
-22.0781   -0.995189
-26.4937   0.161138
-30.9094   0.881441
-35.325   -0.703526
-39.7406   -0.458347
-44.1562   0.980789
-48.5719   -0.0535303
-52.9875   -0.92371
-57.4031   0.62859
-61.8187   0.546674
-66.2344   -0.956906
-70.65   -0.057208
-75.0656   0.956906
-79.4812   -0.546674
-83.8969   -0.628589
-88.3125   0.92371
-92.7281   0.0535293
-97.1437   -0.980789
-101.559   0.458348
-105.975   0.703525
-110.391   -0.881441
-114.806   -0.161137
-119.222   0.995189
-123.637   -0.36422
-128.053   -0.770954
-132.469   0.830401
-136.884   0.264927
-141.3   -1
-145.716   0.264929
-150.131   0.8304
-154.547   -0.770956
-158.962   -0.364217
-163.378   0.995189
-167.794   -0.161141
-172.209   -0.881439
-176.625   0.703527
-181.041   0.458345
-185.456   -0.98079
-189.872   0.0535332
-194.287   0.923709
-198.703   -0.628592
-203.119   -0.546671
-207.534   0.956907
-211.95   0.0572041
-216.366   -0.956905
-220.781   0.546677
-225.197   0.628587
-229.612   -0.923712
-234.028   -0.0535251
-238.444   0.980788
-242.859   -0.458352
-247.275   -0.703522
-251.691   0.881443
-256.106   0.161132
-260.522   -0.995188
-264.937   0.364225
-269.353   0.770951
-273.769   -0.830404
-278.184   -0.264921
