0   1
-2.55125   -0.830401
-5.1025   0.364219
-7.65375   0.161138
-10.205   -0.703526
-12.7562   0.980789
-15.3075   -0.92371
-17.8587   0.546674
-20.41   -0.0572084
-22.9612   -0.546674
-25.5125   0.92371
-28.0637   -0.980789
-30.615   0.703526
-33.1662   -0.161138
-35.7175   -0.364219
-38.2687   0.830401
-40.82   -1
-43.3712   0.830401
-45.9225   -0.364219
-48.4737   -0.161139
-51.025   0.703526
-53.5762   -0.980789
-56.1275   0.92371
-58.6787   -0.546673
-61.23   0.0572079
-63.7812   0.546674
-66.3325   -0.92371
-68.8837   0.980789
-71.435   -0.703525
-73.9862   0.161137
-76.5375   0.364219
-79.0887   -0.830401
-81.64   1
-84.1912   -0.8304
-86.7425   0.364218
-89.2937   0.161139
-91.845   -0.703526
-94.3962   0.980789
-96.9475   -0.92371
-99.4987   0.546673
-102.05   -0.0572074
-104.601   -0.546675
-107.152   0.92371
-109.704   -0.980789
-112.255   0.703525
-114.806   -0.161137
-117.357   -0.36422
-119.909   0.830401
-122.46   -1
-125.011   0.8304
-127.562   -0.364218
-130.114   -0.161139
-132.665   0.703526
-135.216   -0.980789
-137.767   0.92371
-140.319   -0.546673
-142.87   0.0572071
-145.421   0.546675
-147.972   -0.92371
-150.524   0.980789
-153.075   -0.703525
-155.626   0.161137
-158.177   0.36422
-160.729   -0.830401
