-0.873614
-0.490196
-0.908632
-0.620414
-0.976939
-0.265552
-0.997813
-1.00569
-1.58678
-1.62149
-2.5658
-3.11021
-4.28146
-20.5254
12.8394
3.29539
1.20048
0.760868
0.0304448
0.923746
0.872898
2.717
4.13363
5.36022
3.80727
-6.95359
1.48887
-14.8868
-2.64233
-2.1919
1.26433
2.33712
1.2975
-0.13396
-1.94051
-2.17136
-3.03197
-1.11366
-3.0775
-21.4558
0.805853
8.40104
5.45864
4.3563
3.18487
2.7566
1.20085
0.827747
0.985408
3.56531
4.05528
-1.23971
14.034
-0.219333
-1.79295
-0.288876
-0.905276
0.211307
0.621954
0.654267
0.313156
0.752839
-0.806338
-1.02646
0.482309
-5.7923
-7.47471
-3.54053
-1.96153
-0.605184
-0.554794
-0.0105726
-0.315527
-0.112297
-0.576535
-0.121705
0.136388
-0.774181
0.856336
1.47966
0.646936
1.01244
0.410879
0.542851
0.159518
0.375195
0.0808686
0.483868
0.262051
0.0326588
0.324155
-0.652786
-0.239834
0.434784
0.0221399
0.391507
-0.0687088
0.456713
0.202272
0.552335
0.222965
0.459696
0.359386
0.563312
0.599922
0.418296
0.00458364
0.348914
0.0876097
0.479214
0.0748817
0.426024
-0.00627413
0.390864
0.101946
0.428688
-0.020168
0.400985
0.263801
0.486261
0.173396
0.455311
0.145231
0.4508
0.134065
0.472465
0.160041
0.434522
-0.171195
0.572464
0.100422
0.397099
0.0938431
0.451063
0.0981232
0.417421
0.090757
0.44341
0.0457595
0.369697
-0.0810654
0.440622
-0.100145
0.406114
0.113361
0.467611
0.129173
0.469396
0.131163
0.523466
0.108538
0.433676
0.172937
0.510219
0.109142
0.488591
0.102347
0.42345
0.0718359
0.43959
-0.0632249
0.435598
0.0897288
0.381883
0.101116
0.108169
0.0835804
0.0954902
0.209017
0.29253
0.190236
0.0705368
0.111488
0.0785147
0.0361711
0.0593542
0.00973007
0.186188
0.0184416
-0.0235761
0.136428
-0.217685
-0.0634788
0.301615
0.432404
0.0670683
0.104578
0.0621884
0.354936
0.191816
0.28135
0.295216
-0.260126
0.140393
0.150835
0.84738
0.810661
0.251671
0.071235
0.130709
0.234624
0.0751184
0.15222
0.131669
0.0953359
0.131106
0.0903293
0.107344
-0.199975
-0.045335
0.118269
0.0881041
0.0598315
0.063041
0.0771971
0.0584859
0.0622253
0.062114
0.0658456
0.077026
0.168225
0.190004
0.219448
0.109621
-0.0863353
0.114096
0.322107
0.177245
0.0934548
0.0961703
0.355722
0.0763117
0.309418
0.0468022
0.143242
0.0646711
0.0591989
0.147064
0.220439
0.12099
-0.139427
0.210023
0.288432
-0.0429392
0.0921561
0.039941
0.178925
0.0894426
0.126465
0.0728548
0.208942
0.0774202
0.103101
0.0941633
0.207325
0.0768867
-0.392929
0.0922079
0.209095
0.0794574
0.10263
0.0969529
0.203407
0.0917169
0.130086
0.10374
0.201179
0.0741383
0.108015
0.0779139
0.209355
0.0844618
0.0287888
0.0928251
0.18366
0.0746812
0.112546
0.099181
0.180803
0.0800623
0.136661
0.0895292
0.216107
0.0881406
0.0782979
0.10659
0.211277
0.139278
-0.0738785
0.108516
0.209555
0.0939006
0.104005
0.0995806
0.540266
0.0931191
0.121074
0.0807475
0.215229
0.0820566
0.0692321
0.0904781
0.245916
0.0893277
0.0316143
0.0820132
0.2137
0.0867668
0.104384
0.104258
0.201309
0.0873014
0.135277
0.0560316
0.22751
0.0894764
0.114226
0.0800316
0.205663
0.105208
-0.194499
0.0996431
0.194696
0.098504
0.0703243
0.0770009
0.208471
0.0697172
0.131065
0.0943169
0.202457
0.0961659
0.104989
0.105352
0.171085
0.086406
0.030482
0.0951473
0.214523
0.102866
0.0934695
0.116882
0.219768
0.105045
0.145467
0.0983433
0.18785
0.0773045
0.0983787
0.0695023
0.203743
0.0990189
-0.0742956
0.0961513
0.202587
0.101751
0.088529
-0.54718
0.194817
0.10887
0.14061
0.0850297
0.212296
0.0812056
0.119942
0.0920047
0.205613
0.119914
0.0280845
0.0867877
0.19747
0.0933942
0.106927
0.095773
0.206943
0.0912984
0.12582
0.100757
0.188517
0.0952604
-0.243989
0.0963127
0.201296
0.0865529
-0.136662
0.0880638
0.214298
0.0870403
-0.215264
0.0897343
0.236733
0.0794049
0.142156
0.0870481
0.216904
-0.150355
-0.227354
0.119036
0.217122
0.0928383
0.0351807
0.095848
0.205035
0.0784236
-0.233521
0.10431
0.201666
0.0518558
0.123574
0.0641405
0.178295
0.0764718
-0.238056
0.0854474
0.230498
0.0475588
-0.0669948
0.0923908
0.238228
0.080234
-0.183561
-0.463418
0.217612
0.0878791
0.131051
0.0832962
0.207636
0.0783243
-0.235451
0.0958535
0.198265
0.0800389
0.0277055
0.0678492
0.220586
0.136332
-0.216019
0.133035
0.223609
0.10962
0.141644
0.0740332
0.199741
0.100116
-0.215229
0.0833621
0.19545
0.0910739
-0.194102
0.0615585
0.201777
0.0793531
-0.22734
0.0854849
0.196911
0.0948462
0.125599
0.0951779
0.411101
0.0909227
-0.223896
0.0745141
0.196264
0.117011
0.0315605
0.09576
0.220861
0.0894031
-0.213977
0.129723
0.194415
0.074559
0.12824
0.0786156
0.212646
0.0915664
-0.216167
0.112681
0.2046
0.0969939
-0.0713313
0.493887
0.218643
0.123547
-0.234532
0.0872265
0.229787
0.0841127
0.132653
0.0860359
0.212544
0.0796619
-0.242736
0.0636536
0.201762
0.0801228
0.0318875
0.116039
0.214966
0.0944376
-0.222808
0.107585
0.220038
0.0946488
0.132938
0.10337
0.207967
0.0869853
-0.223674
0.0931033
0.211114
0.0891492
-0.873614
0.0891348
0.211112
0.093102
-0.223674
0.0869901
0.207963
0.10337
0.132938
0.0946473
0.220035
0.0988485
-0.222809
0.0944419
0.214969
0.116038
0.0318875
0.0801223
0.201765
0.0709881
-0.0303071
0.0797395
0.222585
0.0860196
0.132653
0.0841029
0.229755
0.094786
-0.0220097
0.123567
0.224933
0.103679
-0.0713313
0.0969912
0.20457
0.115212
-0.00802845
0.0897167
0.212665
0.0837971
0.12824
0.0745573
0.194334
0.142543
-0.00542827
0.0874832
0.212356
0.0928732
0.0315605
0.117044
0.198
0.075759
-0.0024333
0.0869769
0.212674
0.0928509
0.125599
0.0948175
0.205928
0.0924337
-0.159307
0.0804006
0.200455
0.0616079
-0.194102
0.0910317
0.195201
0.0883414
-0.0167228
0.104005
0.207714
0.0746286
0.141644
0.105103
0.210329
0.132442
-0.00891036
0.136776
0.216743
0.0625606
0.0277055
0.0878481
0.202064
0.0874993
-0.0325397
0.0868035
0.198451
0.0784127
0.131051
0.0878894
0.22293
0.0780126
0.0284785
0.0974237
0.244421
0.0856783
-0.0669948
0.0398069
0.230201
0.0937833
-0.0191343
0.0621791
0.182146
0.076585
0.123574
0.0508208
0.213533
0.109247
-0.0255667
0.0677043
0.208363
0.0959624
0.0351807
0.0994712
0.214846
0.0997981
-0.0380025
0.068529
0.224532
0.079242
0.142156
0.0793027
0.220067
0.161359
-0.00186101
0.0837402
0.212694
0.0863133
-0.136662
0.0864407
0.190952
0.0969094
-0.0349202
0.0857086
0.204101
0.100898
0.12582
0.0780141
0.186743
0.107292
0.00960365
0.0863814
0.18629
0.0852711
0.0280845
0.127042
0.208553
0.0790949
-0.0109058
0.0744221
0.0845599
0.0850436
0.140819
0.10477
0.0654287
0.07675
-0.00206988
0.0475689
0.0832223
0.0915717
-0.0742956
0.094333
0.0587636
0.0555086
0.000374705
0.0816218
0.0606754
0.0982247
0.152105
0.109722
0.0803238
0.0925134
0.204284
0.0973173
0.0902708
0.100113
0.030482
0.0891152
0.0418721
0.101561
-0.0079051
0.0898516
0.0906104
0.0958951
0.138455
0.0777613
0.0801734
0.0521702
-0.0523571
0.0756553
0.0589524
0.114941
-0.194499
0.107561
0.0838082
0.0847167
-0.0302799
0.0867802
0.0898022
0.0576644
-0.0253913
0.0883868
0.0695976
0.100149
-0.00436571
0.0862361
0.088371
0.0817942
0.0316143
0.0918957
0.121064
0.0830438
-0.0394925
0.0865054
-0.169451
0.0823117
-0.0368895
-0.0624595
0.0954677
0.0934738
0.0059249
0.0863821
0.0795611
0.120786
-0.0738785
0.141807
0.0745238
0.0922477
-0.0446581
0.0733225
0.0879598
0.0942148
-0.0247325
0.0818184
-0.437479
0.103286
-0.00467312
0.081887
0.0664514
0.0890827
0.0287888
0.0953085
0.0720319
0.0808998
0.00223975
0.0818406
0.0579309
0.118431
-0.0264913
0.0986022
0.0658321
0.0808581
-0.00926968
0.0918244
0.0997367
0.0769313
-0.392929
0.0948406
0.0774299
0.0709808
-0.0046233
0.0937584
0.0757301
0.0686509
-0.0338892
0.103028
0.0528229
0.00324087
-0.0366134
-0.0339609
0.192818
0.200254
-0.139427
0.120857
0.0980622
0.12823
-0.0737919
0.0676252
-0.0026791
0.0469162
0.153947
0.0782664
0.225221
0.0832109
-0.032385
0.184162
0.193287
0.0977703
-0.0863353
0.0929347
0.0811272
0.185349
0.0449413
0.104265
0.0480651
0.0736678
-0.0048803
0.0582562
0.0826562
0.0504632
-0.0422664
0.436005
0.112949
-0.0507365
-0.199975
0.109605
0.0921848
0.108007
-0.048382
0.118649
0.13932
0.0768742
0.171372
0.135453
0.0688411
0.269264
0.678809
0.867062
0.161895
0.123877
-0.260126
0.293559
0.284647
0.199905
0.222628
0.0944491
0.0867435
0.0814947
0.353301
0.282912
-0.220304
-0.23467
0.0532836
-0.0281062
0.0110006
0.181892
0.00973007
0.0721544
0.0164414
0.0760778
-0.0106167
0.0856644
0.182093
0.300483
0.158534
0.0992322
0.0558909
0.0589977
-0.0123622
0.0361136
0.0942846
0.0785517
-0.0632249
0.114759
0.0597957
0.076518
-0.0313353
0.409594
0.0925655
0.163612
0.0971305
0.0853327
0.10423
0.136013
0.0453727
0.116052
0.11854
0.0867201
0.113361
0.0654962
-0.0795925
0.102691
-0.284705
0.0379083
0.0393335
0.0833255
0.0369269
0.0760459
0.105324
0.0659605
-0.0924795
0.0373422
0.115177
0.212712
-0.171195
0.113589
0.131368
0.116945
-0.065009
0.117794
0.107603
0.0950926
0.0900034
0.118783
0.259062
0.0136228
-0.180224
0.0744921
0.121816
0.0301907
-0.00627413
0.10131
0.0433379
0.131739
-0.10213
0.0202707
-0.00335376
0.0664596
0.551526
0.20338
0.367903
0.0877403
0.0577358
-0.153286
0.216618
0.0674121
-0.0687088
0.0836984
0.00866318
0.0870245
-0.496594
-0.994013
0.312026
-0.321145
0.163674
0.118484
0.108665
0.00345357
0.0150299
0.188039
0.448293
0.63687
0.646936
1.19842
0.749878
-1.09794
-0.149923
-0.390786
-0.611468
-0.424929
-0.253593
-0.402419
-0.530881
-1.07067
-1.91236
-3.89677
-7.44336
-6.07718
0.482309
-1.49732
-0.704172
0.355882
0.257082
0.193708
0.659625
-0.170802
-0.831923
-0.564199
-1.93362
-0.263466
13.6761
-1.51446
4.15768
3.1255
0.985408
0.549848
1.11863
2.45301
2.82275
4.12361
5.26579
8.27882
1.60944
-21.9915
-2.87328
-1.47151
-3.20775
-2.55355
-1.91717
-0.482036
1.2975
2.00636
1.18219
-2.47559
-2.88026
-15.3216
0.916523
-7.21964
3.79459
5.02782
4.11092
2.34215
0.73659
0.556223
0.0880826
0.291118
1.20048
3.32711
12.2522
-20.8408
-4.249
-3.5306
-2.50612
-1.98511
-1.68955
-1.32769
-1.0187
-0.602678
-1.19013
-0.965559
-0.990027
-0.842314
