-0.305003
0.854889
0.462597
0.212982
-0.634515
-0.696266
-0.877314
0.609744
0.209263
0.304414
-0.906224
0.883936
0.538542
-0.619355
-0.777307
-0.687501
-0.428948
0.0869439
-0.100004
-0.521896
0.252018
-0.659436
-0.348793
-0.235423
-0.0647722
0.517975
-0.50411
0.0571725
0.171269
-0.805018
0.162313
-0.654569
-0.726033
0.90863
0.942132
0.509092
-0.411582
-0.767737
0.293084
-0.153769
-0.735968
-0.0972847
-0.904081
0.891299
-0.521406
0.357264
-0.342958
0.102125
0.0879481
-0.567382
0.992539
0.53389
0.74334
0.682294
0.191393
0.790765
-0.839094
-0.676074
-0.811572
-0.321387
-0.276764
-0.404857
0.688584
-0.409556
-0.33756
0.12437
-0.752827
0.531784
-0.807056
0.940283
0.447705
-0.633432
-0.992821
0.695378
0.343624
0.420459
0.485474
-0.850816
-0.294495
-0.713549
0.745535
0.194336
-0.431963
-0.813045
-0.17735
-0.33784
0.465148
0.270677
0.734639
-0.0528281
-0.662162
0.40505
0.475297
0.0578315
0.438787
-0.116422
-0.081592
-0.133385
-0.901084
-0.645652
-0.830234
0.291503
-0.31092
0.101869
0.745071
-0.443624
-0.116071
0.517603
-0.646148
-0.854051
-0.269265
-0.494007
0.916835
0.436947
0.363319
0.621892
0.464223
-0.615161
0.711256
0.0912663
0.521685
0.610318
-0.449983
-0.68403
-0.447939
-0.0519883
0.510122
0.615742
-1.07761
0.0754748
-0.254875
-0.518279
-0.64369
-0.119741
0.882575
-0.37438
0.0476459
0.406636
-0.261072
0.886688
0.669213
-0.681224
-0.0095192
-0.625482
-0.412852
-0.781969
0.33632
-0.105046
-0.89827
-0.238229
0.801694
-0.444693
-0.578978
0.188567
0.837141
-0.527378
0.285925
0.489958
-0.505775
0.529306
-0.286203
0.261856
0.199687
-0.0561102
-0.796948
0.578316
-0.371918
-0.583535
-0.719098
0.277382
0.268205
-0.93989
0.166473
-0.431257
0.21767
-0.537854
0.394237
-0.145357
0.764238
-0.707541
-0.101731
-0.529494
0.911251
0.673625
-0.517896
0.365179
0.549072
0.00897819
-0.0176983
-0.494658
-0.702843
0.888654
0.57467
0.0869448
-0.220191
-0.180195
0.416067
0.709441
0.646691
0.297034
0.0552718
-0.800052
-0.500311
0.660179
-0.132453
-0.974895
-0.585522
0.322747
-0.814075
-0.380953
0.344746
0.498782
0.231518
-0.368044
0.385619
-0.526406
-0.141513
0.590308
0.268813
0.632763
0.211543
-0.0445612
-0.710757
-0.139494
-0.327201
-0.268459
0.953783
-0.0473443
0.791788
0.248257
0.53965
-0.130973
0.0949542
-0.10069
-0.501125
0.410763
-0.449114
-0.807477
0.419027
-0.331157
0.919471
0.752119
0.460103
-0.433943
-0.789673
0.85336
-0.0455668
0.828602
0.707322
0.300548
-0.597409
-0.215302
0.468018
-0.461414
-0.523684
0.113576
