-0.0331067
0.0213647
0.0291016
0.0434089
0.0666759
0.0405063
0.0814407
0.0955707
0.105989
0.103985
0.0791794
0.0847956
0.0677786
0.0897183
0.0788856
0.0376586
0.0731149
0.0652031
0.0472974
0.0780842
0.0621606
0.0990394
0.116644
0.16777
0.146789
0.149186
0.205486
0.242862
0.229317
0.215591
0.2035
0.203118
0.161136
0.116342
0.0961077
0.0175871
0.00830911
-0.0524514
-0.0649421
-0.116089
-0.137728
-0.141695
-0.164386
-0.213884
-0.207471
-0.206929
-0.212029
-0.197517
-0.19226
-0.159827
-0.212811
-0.16119
-0.148066
-0.13856
-0.121002
-0.105514
-0.0946578
-0.105379
-0.0771939
-0.0427127
-0.0488447
-0.0200567
0.00773658
0.00325229
0.0156974
-0.00830804
0.0257411
0.00670489
0.0234055
-0.00790301
-0.0156756
-0.0291746
-0.0114395
-0.0506083
-0.0736571
-0.093517
-0.116499
-0.126144
-0.123541
-0.1347
-0.131934
-0.0982141
-0.0749875
-0.0328351
0.00892428
0.0314061
0.0356071
0.0718409
0.0978234
0.123163
0.153305
0.164865
0.179225
0.199288
0.240224
0.21831
0.284656
0.278754
0.284057
0.300878
0.290072
0.288988
0.276644
0.256866
0.235882
0.229139
0.151528
0.0811949
0.055429
-0.0274217
-0.0335626
-0.0529642
-0.127827
-0.153783
-0.177645
-0.173966
-0.224017
-0.230708
-0.231014
-0.224196
-0.236963
-0.2434
-0.235814
-0.244324
-0.22395
-0.212339
-0.205535
-0.178253
-0.15922
-0.11045
-0.140325
-0.128391
-0.0717448
-0.0807546
-0.0701158
-0.0201071
0.00908691
0.0232802
0.0672896
0.0817321
0.0571711
0.0770532
0.0508496
0.067957
0.0494034
0.033424
0.00248979
0.00315566
-0.0233661
-0.0406229
-0.0183865
-0.0683387
-0.0740199
-0.0865843
-0.0819324
-0.0929571
-0.0915338
-0.0960706
-0.0887794
-0.0504064
-0.0453842
-0.045272
-0.0407427
-0.00555808
0.00583981
0.0303846
0.0427309
0.0638648
0.0696179
0.0204437
0.0842428
0.10134
0.0757181
0.103946
0.111812
0.07574
0.0927119
0.0935064
0.103016
0.0996098
0.158446
0.147414
0.197112
0.199366
0.200292
0.220369
0.224719
0.264854
0.25514
0.254857
0.281015
0.21561
0.196086
0.152263
0.108993
0.0773688
-0.012741
-0.0683486
-0.0796484
-0.12182
-0.172683
-0.197687
-0.219395
-0.246994
-0.259481
-0.242898
-0.25762
-0.24581
-0.22463
-0.249628
-0.196317
-0.246324
-0.21661
-0.182807
-0.162412
-0.112172
-0.129603
-0.066434
-0.0399686
-0.0494271
0.0161835
0.0196875
0.02678
0.0524881
0.117374
0.11508
0.135592
0.153809
0.136334
0.164313
0.176055
0.0934804
0.0734433
0.0771345
0.0218813
0.0190742
-0.0110683
-0.060641
-0.0950456
-0.106138
-0.104742
-0.124349
-0.12884
-0.148192
-0.131247
-0.0926109
-0.0765673
-0.0519546
-0.0105698
0.0278263
0.0433801
0.0793537
0.0879392
0.100278
0.118901
0.11035
0.130199
0.118931
0.112641
0.132859
0.151269
0.179824
0.207718
0.235406
0.240658
0.25019
0.262083
0.306234
0.308917
0.330175
0.313833
0.323624
0.30012
0.262407
0.21572
0.125399
0.0755065
0.00149017
-0.0615565
-0.134653
-0.137763
-0.190665
-0.251352
-0.283971
-0.305737
-0.282738
-0.33374
-0.336292
-0.324237
-0.26495
-0.249992
-0.271761
-0.226628
-0.183936
-0.192997
-0.137232
-0.121592
-0.120401
-0.0801844
-0.0609072
-0.0743905
-0.0223459
0.00234238
0.0114091
0.0625214
0.077869
0.125716
0.116622
0.154926
0.157677
0.144668
0.137571
0.103992
0.0760412
0.029181
-0.00865212
-0.0375128
-0.0661885
-0.0981981
-0.121525
-0.162103
-0.168868
-0.165802
-0.182834
-0.167552
-0.165502
-0.132984
-0.084794
-0.0668147
-0.0337896
-0.00415241
0.0183506
0.0959552
0.118016
0.132019
0.112001
0.166417
0.177184
0.168978
0.188033
0.238374
0.244779
0.245025
0.244068
0.28384
0.285772
0.313878
0.339928
0.350426
0.352048
0.337109
0.342269
0.33723
0.300027
0.187912
0.123858
0.067685
-0.0126129
-0.0410252
-0.11063
-0.177243
-0.276242
-0.343126
-0.34296
-0.385684
-0.39054
-0.356429
-0.375344
-0.384115
-0.305443
-0.28918
-0.296266
-0.235361
-0.194216
-0.194445
-0.17025
-0.113759
-0.0924977
-0.0569406
-0.0283151
-0.00508843
0.0140143
0.0288258
0.0526104
0.0733239
0.0733056
0.0813591
0.120704
0.133702
0.099127
0.0735722
0.0927142
0.0561788
0.0497461
0.0194289
-0.0716392
-0.0747518
-0.123113
-0.178577
-0.173699
-0.243847
-0.212193
-0.207837
-0.202765
-0.226477
-0.183469
-0.124298
-0.112848
-0.053627
-0.052489
0.0133553
0.0715658
0.10283
0.151274
0.196844
0.210657
0.208624
0.243165
0.246692
0.286737
0.30487
0.323891
0.303518
0.329298
0.329454
0.299128
0.352352
0.344408
0.375132
0.381446
0.358856
0.347446
0.348086
0.312011
0.134888
0.103687
0.0139511
-0.0321498
-0.105786
-0.167808
-0.292992
-0.377104
-0.378916
-0.43838
-0.41885
-0.456818
-0.444654
-0.411994
-0.386818
-0.348307
-0.350508
-0.285719
-0.232964
-0.196938
-0.169112
-0.134437
-0.0694111
-0.0518599
-0.0281893
-0.00362195
-0.021317
0.0166159
0.0569538
0.0850649
0.0960251
0.0514571
0.0999184
0.115414
0.082677
0.0923882
0.040941
0.0388306
0.02108
-0.0199887
-0.0504679
-0.13831
-0.1065
-0.14969
-0.162891
-0.190481
-0.207732
-0.237651
-0.208499
-0.206455
-0.147321
-0.112341
-0.11146
-0.0496876
-0.0295282
0.0359842
0.0744112
0.174607
0.203938
0.201041
0.261669
0.250232
0.27887
0.305027
0.323722
0.353512
0.353955
0.368905
0.339165
0.360477
0.349526
0.381032
0.322653
0.374096
0.371097
0.373796
0.314162
0.346427
0.29686
0.152675
0.118174
0.0221035
-0.0126095
-0.144083
-0.166968
-0.272967
-0.407866
-0.413849
-0.46375
-0.486898
-0.506585
-0.469042
-0.46238
-0.395159
-0.410491
-0.324353
-0.305284
-0.234814
-0.224488
-0.161809
-0.155043
-0.0336171
-0.00394644
-0.0133968
0.0375204
0.0294765
0.0529341
0.0416191
0.0486101
0.0932629
0.0906391
0.0909771
0.0570183
0.0722802
0.0574497
0.00568292
-0.00565916
-0.0547753
-0.0557186
-0.106337
-0.150631
-0.172554
-0.194594
-0.218218
-0.234359
-0.209014
-0.225039
-0.210523
-0.18395
-0.125823
-0.073483
-0.0300634
0.00906535
0.0223763
0.103158
0.0977103
0.190046
0.261792
0.261875
0.32913
0.318818
0.342834
0.33513
0.353569
0.359285
0.374188
0.395276
0.373115
0.371124
0.389118
0.36137
0.320196
0.339133
0.342039
0.376673
0.324311
0.370779
0.26814
0.0927537
0.0992765
-0.00975098
0.00367996
-0.211349
-0.221789
-0.350783
-0.367684
-0.459271
-0.542949
-0.547619
-0.548297
-0.522884
-0.453758
-0.469775
-0.378803
-0.28926
-0.247044
-0.14537
-0.182718
-0.104545
-0.0864858
-0.0271666
0.0274673
0.0509179
0.0348111
0.0410941
0.0618235
0.0623079
0.0514903
0.052396
0.0222608
0.0318497
0.0480106
-0.0158765
-0.0364908
-0.0642803
-0.100731
-0.123037
-0.164645
-0.204672
-0.238647
-0.249182
-0.257793
-0.211457
-0.222922
-0.204436
-0.210027
-0.138649
-0.183833
-0.0651494
0.071299
0.0541351
0.125945
0.120624
0.20391
0.209842
0.252211
0.315757
0.309451
0.338585
0.30497
0.312777
0.335798
0.317125
0.322779
0.342348
0.318736
0.34923
0.336455
0.341194
0.338362
0.313653
0.350138
0.306749
0.365335
0.30378
0.327294
0.28498
0.279931
0.117954
-0.0468023
-0.0678934
-0.218518
-0.26919
-0.419448
-0.415359
-0.553753
-0.558323
-0.573211
-0.524188
-0.526402
-0.440692
-0.393925
-0.315032
-0.224004
-0.182176
-0.109146
-0.0909299
-0.0554503
-0.0714027
0.00753705
0.025584
0.0302573
0.0212225
0.0179788
0.00207735
0.0216741
0.0380383
-0.0441498
0.00817864
-0.0258555
-0.0465948
-0.0572044
-0.0610678
-0.122661
-0.189126
-0.223401
-0.239151
-0.29025
-0.270566
-0.313869
-0.295205
-0.206871
-0.208117
-0.12402
-0.121245
0.00294487
-0.0347536
0.0942209
0.199877
0.202904
0.268788
0.259272
0.292469
0.271786
0.331507
0.298803
0.254383
0.290498
0.255085
0.26843
0.272952
0.257053
0.286488
0.307125
0.273523
0.310571
0.320437
0.326141
0.315016
0.332784
0.322191
0.293819
0.380856
0.291441
0.361908
0.27956
0.260687
0.0811364
-0.095297
-0.101092
-0.294696
-0.329103
-0.464924
-0.46777
-0.54101
-0.577459
-0.593652
-0.492014
-0.478177
-0.420479
-0.373073
-0.297108
-0.127417
-0.143115
-0.0702023
-0.0705391
-0.0228222
-0.0745869
-0.00698812
0.0170796
-0.0050294
-0.0413266
-0.0363048
-0.0168155
-0.0356313
-0.0127882
-0.061033
-0.0666283
-0.0590915
-0.08915
-0.109465
-0.147693
-0.202803
-0.192284
-0.252563
-0.240751
-0.325174
-0.264781
-0.271622
-0.187112
-0.0665881
-0.150144
0.0317713
0.0160431
0.113685
0.0885119
0.180786
0.21636
0.272865
0.320391
0.276043
0.30175
0.276413
0.282093
0.247713
0.246255
0.252753
0.252827
0.246395
0.25014
0.267695
0.285783
0.292368
0.265015
0.336364
0.317501
0.317159
0.333298
0.392732
0.375988
0.374004
0.375857
0.306669
0.368893
0.246448
0.234612
-0.00729992
-0.218211
-0.197108
-0.382043
-0.440877
-0.57609
-0.528568
-0.639266
-0.619286
-0.583638
-0.48279
-0.460947
-0.335
-0.293422
-0.161282
-0.0207127
-0.0393128
0.0434143
0.0171095
0.0471362
-0.00607428
0.00731619
-0.0317039
-0.0645696
-0.0926245
-0.0918904
-0.086827
-0.0889072
-0.104256
-0.0985883
-0.14268
-0.134021
-0.148654
-0.181204
-0.219926
-0.285805
-0.266016
-0.261067
-0.172382
-0.291078
-0.244003
-0.17747
-0.0391727
-0.119758
0.00716128
0.0999711
0.130722
0.231955
0.194549
0.252398
0.224456
0.28579
0.287922
0.268575
0.267398
0.222922
0.236054
0.194413
0.225422
0.204566
0.205187
0.229137
0.282659
0.27463
0.302367
0.268092
0.254338
0.319541
0.322065
0.347164
0.298353
0.443184
0.410942
0.421523
0.418464
0.305961
0.40004
0.247957
0.169677
-0.0978446
-0.334004
-0.315788
-0.520876
-0.587337
-0.669756
-0.62977
-0.678087
-0.572105
-0.489261
-0.305384
-0.326937
-0.186702
-0.0867215
-0.00144103
0.108623
0.0786447
0.0651916
0.0304989
0.00787567
0.00155763
-0.07569
-0.110125
-0.166039
-0.143286
-0.148224
-0.158147
-0.178437
-0.163222
-0.173652
-0.18409
-0.181426
-0.214919
-0.225534
-0.300732
-0.285779
-0.30704
-0.183493
-0.0999393
-0.186353
-0.0695041
0.00779329
0.0998288
0.0538219
0.167658
0.198997
0.245543
0.247843
0.216438
0.195312
0.181579
0.208567
0.184974
0.160912
0.169189
0.175563
0.207596
0.168115
0.208167
0.262332
0.281912
0.325932
0.343388
0.351854
0.34574
0.371466
0.316703
0.368605
0.346099
0.347362
0.305437
0.499881
0.501134
0.452135
0.450635
0.23073
0.392912
0.164543
0.0214951
-0.269744
-0.537225
-0.538399
-0.679479
-0.726601
-0.737079
-0.761295
-0.646877
-0.459578
-0.303022
-0.0694763
-0.100618
0.0818885
0.150461
0.187417
0.174939
0.150297
0.0706332
-0.0509541
-0.124772
-0.145636
-0.21979
-0.218001
-0.279084
-0.263024
-0.205376
-0.190399
-0.188714
-0.149474
-0.196934
-0.188501
-0.180452
-0.211654
-0.273971
-0.323649
-0.283371
-0.264383
-0.035583
-0.0123707
-0.0963377
0.0881933
0.151999
0.236737
0.158974
0.247786
0.26261
0.251295
0.221695
0.166372
0.139596
0.109699
0.126166
0.140236
0.0595112
0.10417
0.158145
0.204069
0.165463
0.236216
0.278286
0.296515
0.325764
0.431431
0.349296
0.352882
0.317365
0.272849
0.415806
0.348799
0.355118
0.350569
0.565342
0.583257
0.476781
0.379226
0.119318
0.298485
0.0845927
-0.161159
-0.491419
-0.428658
-0.702805
-0.750974
-0.753257
-0.67981
-0.706535
-0.508622
-0.314914
-0.0480062
0.0780541
0.0759894
0.184721
0.216814
0.17063
0.131819
-0.0363805
-0.160571
-0.179255
-0.267975
-0.289927
-0.356212
-0.354448
-0.277255
-0.14936
-0.169575
-0.179939
-0.185637
-0.135352
-0.18004
-0.236094
-0.268061
-0.309569
-0.221116
-0.379496
-0.255216
-0.20054
-0.0607684
0.108003
0.0688879
0.215977
0.263138
0.267036
0.194226
0.195019
0.199256
0.114144
0.0441797
-0.0165915
0.0283601
0.0714073
0.0754289
0.129317
0.0792925
0.20356
0.2619
0.279101
0.250815
0.31216
0.304452
0.316169
0.311232
0.317331
0.337836
0.316734
0.313473
0.393146
0.402288
0.377729
0.418664
0.407639
0.60876
0.55622
0.510062
0.226945
-0.0411069
0.144716
-0.216621
-0.435184
-0.70321
-0.608789
-0.74083
-0.714148
-0.661902
-0.469175
-0.441648
-0.154219
-0.0174148
0.128034
0.15844
0.194062
0.195452
0.118719
-0.0513768
-0.0566482
-0.225626
-0.354647
-0.338561
-0.37823
-0.379243
-0.37667
-0.283809
-0.166608
-0.0989847
-0.18891
-0.190202
-0.210447
-0.210491
-0.257898
-0.333702
-0.332871
-0.293189
-0.162525
-0.241549
-0.0913243
-0.000841016
0.158952
0.266379
0.231722
0.239718
0.21282
0.137534
0.0988168
0.0413965
0.0395379
-0.00932032
0.0218186
-0.0026231
0.0949199
0.158648
0.216563
0.152796
0.21271
0.294229
0.270527
0.212295
0.2023
0.243032
0.268811
0.275945
0.28348
0.325892
0.404573
0.450046
0.444547
0.537909
0.485243
0.44886
0.422751
0.334045
0.543433
0.376091
0.303793
0.0326161
-0.162649
-0.0333269
-0.359149
-0.532189
-0.614314
-0.54652
-0.629296
-0.589367
-0.512761
-0.301633
-0.260865
-0.0676875
0.0271274
0.118776
0.146998
0.217174
0.130801
0.0274902
-0.147614
-0.146753
-0.25676
-0.365774
-0.38943
-0.370741
-0.424197
-0.338702
-0.271811
-0.210848
-0.157791
-0.23763
-0.203145
-0.205248
-0.200277
-0.348462
-0.350683
-0.240928
-0.157721
-0.0226206
-0.150001
-0.00456207
0.106635
0.247379
0.264155
0.210941
0.183647
0.131929
0.0910879
0.015991
-0.0537898
-0.0927552
0.00925312
0.100982
0.0214508
0.169334
0.18532
0.267119
0.215177
0.286667
0.267515
0.219802
0.221115
0.225938
0.322815
0.309454
0.292743
0.345123
0.446526
0.476849
0.456149
0.374324
0.498907
0.45423
0.372734
0.307783
0.169454
0.414655
0.348229
0.256811
0.0490506
-0.224901
-0.0378693
-0.307695
-0.488817
-0.616787
-0.589972
-0.652607
-0.562939
-0.428555
-0.240018
-0.250709
-0.0290089
0.0825582
0.143544
0.149891
0.181521
0.0512492
-0.0760107
-0.232287
-0.216944
-0.405295
-0.463309
-0.445489
-0.349371
-0.434866
-0.322564
-0.276569
-0.140913
-0.0849253
-0.199104
-0.235539
-0.275075
-0.262171
-0.387961
-0.357456
-0.329688
-0.143554
0.0365423
-0.0664486
0.0991401
0.183134
0.241825
0.201263
0.204956
0.17344
0.0499379
-0.0155586
-0.0948345
-0.105358
-0.0746887
0.050851
0.157463
0.107968
0.246345
0.293341
0.297097
0.263776
0.250125
0.22304
0.169766
0.161055
0.167829
0.250908
0.348374
0.365952
0.396637
0.490833
0.477302
0.471419
0.333844
0.483938
0.409063
0.282725
0.198807
0.0867719
0.337843
0.264745
0.182713
-0.0269969
-0.191054
-0.0303418
-0.264792
-0.47905
-0.58048
-0.545893
-0.593476
-0.477954
-0.376201
-0.253259
-0.245442
0.018055
0.121916
0.149855
0.0830048
0.108585
0.0460623
-0.125229
-0.315753
-0.320154
-0.475473
-0.48703
-0.428683
-0.333672
-0.471618
-0.327774
-0.163851
-0.119644
-0.184648
-0.179873
-0.247214
-0.197767
-0.229344
-0.388364
-0.356652
-0.311431
-0.0726659
0.0924527
-0.0236744
0.13004
0.224101
0.275871
0.214995
0.166332
0.0878817
-0.0028132
-0.000383581
-0.058614
-0.0992047
-0.0398607
0.0572372
0.168293
0.178725
0.256519
0.307443
0.274174
0.220062
0.24742
0.229987
0.15576
0.160016
0.242276
0.339626
0.391886
0.389596
0.38949
0.525144
0.444072
0.405879
0.232422
0.352066
0.311604
0.182418
0.188816
0.0917838
0.339106
0.354284
0.262863
0.122928
-0.117175
-0.0359848
-0.25732
-0.487461
-0.617451
-0.602174
-0.663653
-0.566079
-0.352257
-0.145815
-0.125183
0.105255
0.217222
0.206453
0.283325
0.0969952
-0.130771
-0.206498
-0.397305
-0.444299
-0.492766
-0.503224
-0.348009
-0.1857
-0.278134
-0.198989
-0.112707
-0.0664072
-0.149544
-0.200231
-0.335535
-0.337145
-0.278924
-0.477807
-0.31052
-0.254146
0.0112315
0.203054
0.0923626
0.27874
0.26943
0.22887
0.178038
0.12025
0.032818
-0.0863697
-0.0645413
-0.135704
-0.0496237
0.0766095
0.157002
0.293417
0.303475
0.380486
0.358843
0.256785
0.230897
0.178989
0.137983
0.120952
0.163317
0.208031
0.37421
0.473166
0.433814
0.418774
0.542245
0.416425
0.372893
0.131859
0.260319
0.225368
0.194131
0.164678
0.113015
0.354539
0.459941
0.335893
0.184969
0.40485
-0.0678331
-0.301084
-0.596434
-0.668201
-0.682194
-0.703675
-0.60074
-0.304121
-0.109547
-0.0754734
0.132968
0.245194
0.223724
0.2498
0.0764819
-0.200455
-0.331364
-0.446365
-0.494039
-0.594611
-0.503678
-0.376356
-0.171265
-0.26048
-0.154852
-0.118684
-0.130368
-0.186159
-0.287962
-0.391822
-0.334672
-0.289457
-0.462353
-0.239449
-0.176949
0.0882826
0.216524
0.137203
0.295955
0.241842
0.150236
0.0815084
0.00121062
-0.0769387
-0.13002
-0.0325246
-0.10313
0.0233049
0.159816
0.258647
0.291246
0.346826
0.334013
0.276668
0.196988
0.133915
0.101299
0.0854587
0.119518
0.212373
0.250581
0.439524
0.528849
0.473201
0.59804
0.52894
0.319567
0.258145
0.0515889
0.150294
0.114535
0.100992
0.180896
0.161899
0.380113
0.504929
0.429673
0.324925
0.490343
-0.00189081
-0.229242
-0.560031
-0.709492
-0.669179
-0.749188
-0.649412
-0.29629
-0.134903
-0.103403
0.164335
0.247922
0.164836
0.226881
0.051097
-0.21688
-0.348681
-0.445395
-0.518768
-0.535802
-0.431416
-0.305794
-0.089458
-0.229255
-0.175857
-0.119432
-0.184064
-0.248987
-0.336317
-0.431434
-0.338157
-0.278352
-0.46157
-0.218845
-0.156466
0.0998781
0.214897
0.072475
0.152067
0.126517
0.12599
0.0386806
-0.0346007
-0.0220325
-0.0667996
0.0820701
0.0188591
0.122339
0.275251
0.300989
0.230904
0.280326
0.228414
0.101649
0.0664465
0.00432137
0.0845801
0.091013
0.187985
0.36143
0.382696
0.546238
0.626555
0.408551
0.568221
0.48756
0.194247
0.146202
-0.0693708
0.123067
0.145975
0.142576
0.256076
0.222493
0.467834
0.575652
0.368936
0.238127
0.49653
-0.0382101
-0.304538
-0.609638
-0.719942
-0.711456
-0.65448
-0.523056
-0.18352
-0.0172961
0.0229615
0.227951
0.261982
0.0676477
0.0945638
-0.0608157
-0.290754
-0.366645
-0.394445
-0.487798
-0.438417
-0.350678
-0.278418
-0.0608555
-0.240937
-0.232784
-0.159683
-0.264286
-0.389225
-0.347918
-0.3911
-0.195767
-0.146516
-0.320462
-0.0651042
-0.0716189
0.119547
0.00494529
0.0193362
0.0638175
0.00179867
0.0586373
-0.017475
-0.0564354
0.0281644
0.0269005
0.113774
0.123039
0.154513
0.230118
0.187295
0.142925
0.195893
0.155039
0.131236
0.110498
0.097645
0.207296
0.247876
0.300792
0.343868
0.427616
0.500457
0.523528
0.281166
0.433564
0.339078
0.12092
0.142591
0.031361
0.172512
0.239203
0.248211
0.34419
0.188112
0.462588
0.464328
0.233672
0.203987
0.511981
-0.017525
-0.208626
-0.478897
-0.505153
-0.403601
-0.563612
-0.527365
-0.280271
-0.118145
-0.125124
-0.0427367
-0.0195464
0.0116466
0.0544887
0.00763474
-0.148221
-0.241405
-0.250415
-0.297818
-0.313067
-0.319773
-0.400997
-0.416734
-0.330544
-0.337195
-0.288737
-0.299961
-0.386021
-0.238703
-0.262074
-0.117806
-0.173928
-0.313774
-0.0682297
-0.0846506
0.0431172
-0.115798
-0.0803551
0.0679626
0.015819
0.0594619
-0.0276865
-0.0429624
0.086824
0.122524
0.13207
0.113419
0.137808
0.226551
0.228366
0.102895
0.137176
0.108953
0.133109
0.13731
0.105863
0.149405
0.218683
0.313606
0.349704
0.391089
0.405742
0.474222
0.299438
0.44082
0.375453
0.117559
0.144226
0.024672
0.138626
0.210539
0.17807
0.262981
0.137998
0.349304
0.383456
0.166849
0.170019
0.432951
0.137136
0.0302264
-0.325199
-0.384379
-0.260684
-0.486816
-0.515991
-0.373013
-0.441636
-0.266839
-0.105403
-0.106168
-0.0170036
0.0115343
0.0298349
-0.0605028
-0.142424
-0.212481
-0.274956
-0.309769
-0.341558
-0.396029
-0.40285
-0.359511
-0.339122
-0.20876
-0.247761
-0.338695
-0.243478
-0.294921
-0.167794
-0.178501
-0.360292
-0.152656
-0.165507
0.0137491
-0.126439
-0.100629
0.0661308
0.0467033
0.0907743
-0.00186249
-0.0237023
0.0882445
0.0462292
0.101602
0.0811001
0.0566794
0.159227
0.153468
0.0547876
0.180821
0.202231
0.171254
0.19953
0.159255
0.161357
0.198693
0.19179
0.255655
0.29141
0.32211
0.418462
0.292985
0.484095
0.472272
0.20913
0.229145
0.0336084
0.16784
0.16197
0.10046
0.172323
0.0899139
0.280957
0.369539
0.217828
0.243417
0.488436
0.212649
0.234784
-0.19333
-0.283072
-0.132429
-0.404771
-0.472499
-0.426585
-0.448997
-0.358375
-0.172919
-0.147515
-0.0544716
-0.0733195
-0.00429751
-0.0880268
-0.136814
-0.164759
-0.226308
-0.249145
-0.25309
-0.328144
-0.313137
-0.317743
-0.391558
-0.223811
-0.296116
-0.411859
-0.251485
-0.334869
-0.135838
-0.11338
-0.320219
-0.140024
-0.124018
0.0195634
-0.130162
-0.182681
-0.0222917
-0.0500224
0.100019
-0.0362192
-0.0879166
0.14035
0.140577
0.141207
0.13978
0.108283
0.135273
0.150824
0.0259197
0.137482
0.144614
0.166047
0.193182
0.140597
0.243371
0.232122
0.165626
0.214594
0.214824
0.252597
0.267495
0.236702
0.401311
0.472796
0.358524
0.366178
0.100221
0.245074
0.268462
0.092448
0.135531
0.264307
0.250904
0.282032
0.179148
0.2624
0.453184
0.225188
0.307926
-0.0209389
-0.039502
0.117953
-0.295562
-0.263856
-0.358759
-0.406202
-0.371281
-0.340497
-0.284756
-0.0882736
-0.164714
-0.144016
-0.0762035
-0.0294644
-0.0642547
-0.128022
-0.19452
-0.221253
-0.27713
-0.262068
-0.320445
-0.36025
-0.26119
-0.281321
-0.390027
-0.276378
-0.323992
-0.150667
-0.184626
-0.294283
-0.129248
-0.205766
-0.0767223
-0.193404
-0.21626
-0.048469
-0.132582
0.0415705
-0.043985
-0.0595119
0.0959308
0.0476848
0.114242
0.099193
0.0792319
0.142107
0.106677
0.00465949
0.152179
0.133664
0.160493
0.175106
0.117131
0.182808
0.165867
0.127455
0.164855
0.136999
0.21542
0.250594
0.1854
0.313897
0.396647
0.363018
0.422191
0.155824
0.284883
0.290741
0.120425
0.103726
0.16935
0.112861
0.215235
0.182828
0.303425
0.475352
0.281888
0.373127
0.031453
0.0945316
0.364532
-0.0662781
-0.0438911
-0.263942
-0.217581
-0.216452
-0.402376
-0.442725
-0.205716
-0.309809
-0.225311
-0.150342
-0.103006
0.00195452
0.0102526
0.0166157
-0.140852
-0.179219
-0.149962
-0.314998
-0.319809
-0.273341
-0.34224
-0.38479
-0.258654
-0.298682
-0.154319
-0.170593
-0.300182
-0.168421
-0.228568
-0.123897
-0.263839
-0.287111
-0.110764
-0.105771
0.0361121
-0.119927
-0.151875
0.0406797
-0.00490217
-0.134097
0.03301
-0.016372
0.142353
0.169153
0.0166046
0.162309
0.116727
0.127903
0.163203
0.122319
0.135963
0.111676
0.11169
0.111716
0.116469
0.140331
0.171081
0.131876
0.214514
0.249807
0.239321
0.316355
0.204945
0.387203
0.437975
0.231709
0.271722
0.37409
0.138329
0.115838
-0.0057602
0.0712257
0.191241
0.198407
0.334394
0.143831
0.18714
0.38941
0.0954563
0.196183
-0.0713022
0.069521
0.0168714
-0.305624
-0.284023
-0.248647
-0.353646
-0.363158
-0.28984
-0.235779
-0.0423229
-0.161288
-0.163327
-0.0850498
-0.0885113
-0.0523252
-0.171627
-0.19589
-0.162928
-0.204946
-0.232592
-0.237353
-0.336688
-0.25627
-0.350455
-0.383339
-0.22304
-0.259513
-0.0799709
-0.209363
-0.189859
-0.0780973
-0.170638
-0.014227
-0.201463
-0.262528
-0.00983104
-0.0798631
-0.28848
0.0338948
0.00573669
0.146865
0.139012
0.0051858
0.127741
0.0849928
0.0976757
0.0898505
0.045177
0.146806
0.155334
0.15071
0.181789
0.0987264
0.145911
0.154208
0.0635084
0.130449
0.161483
0.173067
0.245035
0.138267
0.275169
0.353538
0.271171
0.352998
0.431909
0.243662
0.228566
0.0681038
0.0756598
0.143604
0.0992561
0.191983
0.0857413
0.213967
0.425385
0.172082
0.273352
-0.030322
0.138421
0.240252
-0.0374117
0.0223451
-0.131541
-0.126803
-0.103495
-0.276704
-0.362121
-0.298799
-0.404083
-0.379949
-0.191465
-0.163276
-0.142746
-0.0655065
-0.0121781
-0.0504928
-0.132427
-0.111355
-0.25431
-0.304582
-0.211896
-0.371583
-0.362423
-0.24463
-0.30431
-0.129772
-0.243149
-0.303038
-0.205915
-0.250021
-0.0184561
-0.194679
-0.215574
-0.0338413
-0.104126
-0.233286
-0.0397253
-0.091307
0.0263336
-0.0239597
-0.169471
0.0268304
-0.011529
0.0833586
0.127923
0.0411805
0.127941
0.195447
0.14539
0.154472
0.105923
0.0911956
0.133001
0.0940397
0.104589
0.0969599
0.125417
0.167797
0.116226
0.196809
0.196842
0.185939
0.267249
0.26469
0.327707
0.345657
0.191787
0.31104
0.383784
0.140779
0.184383
-0.00552633
0.139452
0.166682
0.0896798
0.243781
0.0658826
0.296419
0.404424
0.120033
0.149602
-0.0275553
0.182075
0.20447
-0.0990719
-0.123946
0.0533125
-0.331318
-0.361748
-0.357856
-0.436226
-0.428888
-0.211791
-0.158279
-0.0465457
-0.11157
-0.0488682
-0.0809362
-0.157011
-0.155754
-0.239556
-0.298943
-0.191321
-0.207909
-0.141936
-0.263721
-0.325136
-0.260302
-0.352352
-0.088825
-0.32957
-0.361581
-0.0543895
-0.126791
-0.267968
-0.0715637
-0.178863
0.0207667
-0.0239586
-0.236976
-0.0438594
-0.116295
0.0922498
0.109803
-0.0107672
0.127351
0.143877
0.124345
0.132085
0.047975
0.0888436
0.0755758
0.117858
0.143723
0.140726
0.150937
0.136234
0.102432
0.157303
0.125329
0.0852971
0.14361
0.13322
0.238335
0.256596
0.19362
0.251023
0.322878
0.299443
0.357064
0.112306
0.257552
0.242933
0.0672648
0.0830804
-0.0185062
0.178293
0.273655
0.154288
0.30359
0.099538
0.235983
0.294087
0.0269416
0.0821894
0.324775
0.12818
0.179822
-0.106461
-0.150967
0.00685577
-0.377188
-0.44357
-0.368554
-0.367211
-0.382115
-0.112406
-0.0908092
-0.0101872
-0.00669121
-0.000497888
-0.103344
-0.142925
-0.150711
-0.251532
-0.23884
-0.149817
-0.201709
-0.0855262
-0.270669
-0.326338
-0.21394
-0.34029
-0.479144
-0.216478
-0.272334
0.015284
-0.0234591
-0.19811
-0.00963815
-0.112976
0.0220155
-0.1475
-0.193188
0.00634344
-0.00158109
0.108482
0.1053
0.0893783
0.114008
0.105862
0.0603451
0.0542397
-0.0137668
0.0764608
0.0924972
0.0665641
0.201051
0.1573
0.118708
0.131193
0.0704621
0.0827428
0.0867711
0.122304
0.186019
0.204455
0.236195
0.245588
0.1115
0.261902
0.258546
0.165474
0.287173
0.0824283
0.26777
0.339494
0.0998162
0.129877
0.0101423
0.075393
0.160286
0.109655
0.224416
0.342523
0.259829
0.341626
0.0228851
0.100983
0.310141
0.0469023
0.177466
-0.1301
-0.214948
-0.0694835
-0.338685
-0.305211
-0.241038
-0.390683
-0.364073
-0.16645
-0.101903
-0.0277331
-0.103222
-0.125566
-0.0860278
-0.119549
-0.0605089
-0.17567
-0.174577
-0.12654
-0.175083
-0.184418
-0.24839
-0.358253
-0.191983
-0.268871
-0.406369
-0.190283
-0.271335
0.00191017
-0.134225
-0.189836
-0.0270403
-0.113125
0.00404339
-0.0811853
-0.125796
-0.0192691
-0.0343313
0.0944361
0.0914969
0.0358155
0.120424
0.108033
-0.0262389
0.0833669
-0.0131423
0.0596846
0.0639795
0.0135276
0.189338
0.163103
0.10527
0.100685
0.0480302
0.0870526
0.0147223
0.0496304
0.1022
0.0967149
0.219076
0.276052
0.105743
0.239954
0.286331
0.163157
0.205394
0.0571872
0.199588
0.255967
0.130013
0.14918
0.214065
0.0747506
0.125023
0.045961
0.181483
0.31207
0.205612
0.284849
0.0514891
0.0721225
0.266201
0.0474401
0.145708
-0.0562943
-0.0173741
-0.000426232
-0.285634
-0.350774
-0.216514
-0.387607
-0.383492
-0.202933
-0.16508
-0.0927765
-0.0589859
-0.0705543
-0.076288
-0.138679
-0.104013
-0.149935
-0.172185
-0.0679131
-0.118252
-0.125908
-0.191994
-0.283574
-0.191174
-0.364819
-0.386021
-0.181923
-0.214583
0.0241036
-0.0901636
-0.112848
-0.0369791
-0.101076
0.00701915
-0.0838664
-0.108563
0.0231904
0.0164278
-0.0835122
0.107568
0.0640528
0.0621405
0.0603947
-0.0291015
0.0653882
0.0422995
0.080697
0.0780951
0.0619684
0.145759
0.14889
0.0497367
0.0666064
0.042764
0.0543794
0.102989
0.033816
0.131051
0.149395
0.133879
0.187762
0.0467385
0.143827
0.181624
0.1247
0.193363
0.260211
0.246894
0.299437
0.101119
0.125543
0.192302
0.0688063
0.109543
0.00980297
0.141713
0.251179
0.156143
0.258833
0.0440257
0.2073
0.249992
0.0187103
0.115897
-0.0255691
0.0619397
0.166063
-0.17252
-0.231805
-0.0913607
-0.389026
-0.378177
-0.239166
-0.271598
-0.236732
-0.112404
-0.134525
-0.0469551
-0.0795795
-0.154522
-0.119234
-0.0837642
-0.0414174
-0.124387
-0.136204
-0.125827
-0.215783
-0.124469
-0.309784
-0.374965
-0.208443
-0.230726
0.0069433
-0.113945
-0.175118
-0.0187866
-0.0476895
-0.203135
-0.0529687
-0.0664285
0.0354167
0.0567048
-0.0488984
0.0534952
0.0293017
0.0411931
0.0338494
-0.0386107
0.0542135
0.023589
0.0863517
0.109306
0.0704093
0.0865273
0.119697
0.0361674
0.0805015
0.0970123
0.0580542
0.11534
0.0573394
0.117345
0.127803
0.0427585
0.0874255
0.05194
0.0846461
0.103116
0.0884728
0.110182
0.13204
0.153615
0.227706
0.119524
0.258043
0.27984
0.0934887
0.165719
0.0239625
0.131768
0.157777
0.0957758
0.157479
0.0508498
0.172202
0.196861
0.0140229
0.0819123
0.240875
0.0274944
0.129489
-0.0136058
0.0117172
0.245988
-0.136869
-0.187998
-0.219268
-0.296393
-0.259511
-0.230962
-0.247334
-0.071729
-0.161242
-0.167417
-0.123439
-0.209321
-0.0559928
-0.176754
-0.135998
-0.0244946
-0.0890555
-0.0519063
-0.164822
-0.219329
-0.141008
-0.248986
-0.315228
-0.191279
-0.273733
-0.0268102
-0.115384
-0.278652
-0.103575
-0.206981
0.0292602
-0.0884514
-0.170882
0.055569
0.019173
0.0687378
0.0399199
0.00620597
0.0254793
0.0102902
0.0222909
0.0549456
0.0779431
0.109179
0.0868951
-0.0126843
0.0263731
-0.0133277
0.0551496
0.0708006
0.0232705
0.131961
0.135981
0.0617579
0.0658689
0.0423767
0.0394496
0.0435241
0.0688185
0.108805
0.110487
0.122659
0.178255
0.0610632
0.160196
0.213773
0.129869
0.213591
0.0514956
0.195164
0.20743
0.0027873
0.0862553
0.159692
0.0986423
0.194936
0.0337056
0.124398
0.267926
0.0877209
0.228448
0.00028863
0.00743043
0.189367
0.0346624
0.101864
-0.0549463
-0.119553
-0.154913
-0.312143
-0.30933
-0.0570508
-0.26948
-0.21607
-0.138307
-0.209819
-0.175019
-0.150102
-0.210675
-0.0743967
-0.0899177
-0.0723544
-0.0152468
-0.0597579
-0.0734941
-0.198355
-0.228388
-0.176525
-0.299287
-0.110706
-0.247452
-0.277376
-0.0559061
-0.154624
-0.0220756
-0.189758
-0.252295
0.0239715
-0.00833323
0.0861516
0.0598676
0.00808484
0.0548276
0.0345385
-0.0880604
-0.00392792
-0.048696
0.0426233
0.0801686
0.0655858
0.0947676
0.0458247
0.0029784
0.0256768
-0.0209237
0.0695876
0.0817895
0.029761
0.13388
0.11767
0.0697591
0.0507795
-0.0140197
0.0709783
0.0619823
0.136376
0.210841
0.00331065
0.151845
0.209654
0.0981683
0.139409
0.118782
0.110028
0.246048
0.189152
0.253235
0.293676
0.0321776
0.0599952
0.032015
0.189475
0.2306
0.0866312
0.262644
0.0720075
0.231593
0.279725
-0.0547352
0.011581
0.00670996
0.139901
0.266621
-0.0463322
-0.0709184
0.0537654
-0.285945
-0.287832
-0.17034
-0.221742
-0.237782
-0.0878238
-0.0934982
-0.0514618
-0.167689
-0.237499
-0.209094
-0.195145
0.0528915
-0.0544796
-0.040881
-0.0844063
-0.191845
-0.0617818
-0.244916
-0.357556
-0.172938
-0.216718
0.0310363
-0.0326963
-0.140513
-0.105495
-0.217926
-0.377896
-0.0775166
-0.0969736
0.0814707
0.0335186
-0.0567421
0.0856633
0.0214682
0.0119238
-0.0319291
-0.101033
0.0592383
0.0641936
0.0638961
0.0752676
0.000461829
-0.0261388
-0.0368408
0.0241733
0.011563
0.0310384
0.104192
0.107949
0.116173
0.111125
0.0404459
0.032726
0.0675314
0.08962
0.118624
0.122655
0.0166732
0.0711995
0.105102
0.0565782
0.0603885
0.0193554
0.13005
0.244633
0.147849
0.231234
0.033199
0.208357
0.289887
0.100779
0.188127
-0.00268712
0.158757
0.250229
0.0904378
0.191403
0.291336
0.0659971
0.221507
-0.030835
0.0812574
0.244934
0.0056112
0.115436
-0.0196196
-0.0154995
0.11504
-0.202163
-0.282641
-0.166236
-0.253249
-0.183179
-0.105846
-0.150868
-0.0878668
-0.219269
-0.204099
-0.101764
-0.138847
-0.0102912
-0.0894264
-0.0844192
-0.0273301
-0.12561
-0.272996
-0.217949
-0.306986
-0.0445554
-0.0814796
-0.24406
-0.122674
-0.177825
-0.0393993
-0.195882
-0.25742
-0.064654
-0.112728
0.0504269
0.0178611
-0.049309
0.0190363
-0.0504965
-0.0151816
0.0146271
-0.0149696
0.0561369
0.0771635
-0.0111993
0.0229205
0.00131908
0.00933049
0.0174565
-0.0798249
0.0409623
0.0382217
0.0727631
0.0707048
0.044413
0.0240488
0.0295406
0.0269899
0.0513705
0.0221206
0.0734338
0.115784
0.0309223
0.0778943
0.0125445
0.043067
0.0798348
0.033859
0.135646
0.184148
0.0724952
0.122405
0.188682
0.173193
0.272078
0.0369347
0.127911
0.261422
0.11667
0.209635
0.00172093
0.0811768
0.237086
0.111942
0.197121
-0.0105128
0.0599845
0.13717
0.00927737
0.121842
0.0293657
0.044464
0.10614
-0.0863283
-0.129234
0.041041
-0.226194
-0.241714
-0.165035
-0.186877
-0.0902299
-0.109782
-0.210712
-0.149924
-0.224015
-0.280707
-0.06973
-0.145988
-0.0186931
-0.115986
-0.157819
-0.0352059
-0.184698
-0.0434785
-0.184318
-0.210053
-0.016612
-0.0864416
-0.0314038
-0.147659
-0.272493
-0.031637
-0.0625987
-0.207417
-0.0292472
-0.0709394
0.0222462
-0.0138699
-0.0801036
0.000725499
-0.062478
0.0363067
0.0654801
0.0138444
0.0775713
0.0170086
-0.00696709
0.0371904
0.00617496
0.0318127
0.0491803
-0.0187293
0.0751115
0.0401392
0.0160452
0.0365104
-0.014678
0.057567
0.0370839
0.0629513
0.073738
-0.00864066
0.0537194
0.0885574
0.059683
0.123369
0.0642966
0.0495872
0.162973
0.059092
0.12413
0.144887
0.0543128
0.136336
0.0714313
0.211367
0.290712
0.0746158
0.101691
0.0137871
0.132255
0.216696
0.0319952
0.133742
0.26323
0.133312
0.233547
-0.0188783
0.00343288
0.143531
0.0460268
0.241714
0.0125475
-0.0417368
0.0899817
-0.195094
-0.193625
-0.0224871
-0.228262
-0.227945
-0.14634
-0.144802
0.009001
-0.178721
-0.242757
-0.176836
-0.20667
0.0418476
-0.0282516
-0.0846582
-0.0960169
-0.13858
-0.160435
-0.138477
-0.199474
-0.0652157
-0.114409
-0.189938
-0.0539757
-0.137918
-0.0800306
-0.14275
-0.287102
0.00612081
-0.0403557
0.0268204
-0.0237396
-0.104989
0.0142794
0.000923996
0.0211578
-0.0137587
-0.0156884
0.0800043
0.0973348
0.0395102
0.0674346
0.00908152
-0.034305
0.0335826
-0.00214102
0.04347
0.00694076
0.00722457
0.0136351
0.00692067
0.0672248
0.0146061
0.00441901
0.0544988
0.0851767
0.0831265
0.0824626
-0.036581
0.0627349
0.0463577
0.0857174
0.118528
-0.0119246
0.0813824
0.131022
0.0888119
0.139828
0.0990489
0.0928317
0.162932
0.101344
0.218516
0.312368
0.0681313
0.104641
0.0368342
0.115207
0.16538
0.0650515
0.156715
0.0164345
0.150327
0.230672
-0.0465965
-0.0144173
0.00531405
0.0987992
0.254811
0.0042234
-0.0284208
-0.0553495
-0.12536
-0.119224
-0.0908694
-0.124805
-0.141302
-0.133283
-0.133416
-0.0621656
-0.171922
-0.292177
-0.214507
-0.235781
0.045288
-0.019838
-0.0791316
-0.0676661
-0.152575
0.00617704
-0.0868391
-0.197632
-0.0683305
-0.144572
0.0127333
-0.0402203
-0.136526
-0.114652
-0.195121
-0.270821
-0.0443398
-0.0519025
0.0186576
-0.0377637
-0.162467
0.0339514
-0.0169832
0.0172771
0.0150499
-0.0511937
0.0501254
0.0808274
0.0372582
0.0189855
-0.00849318
-0.00162698
0.0360601
0.0415274
0.0364485
0.0116358
0.0214601
0.0361933
0.0332331
0.0271783
-0.0313164
0.00851485
0.0508522
0.0769732
0.0813616
0.0577819
-0.016636
0.0398844
0.0776002
0.0622143
0.1003
-0.00787656
0.0499387
0.117844
0.0952729
0.0940271
-0.0209925
0.0936378
0.12922
0.152112
0.231357
-0.0187798
0.0738197
0.126093
0.0502698
0.139002
0.0167847
0.0777582
0.162995
0.0589307
0.13306
0.255194
0.00324285
0.091055
0.0250728
0.0958795
0.304382
-0.0377486
-0.0141592
-0.0605326
0.00471154
0.0445735
-0.0806873
-0.184837
-0.0786809
-0.166447
-0.098035
-0.0697531
-0.17143
-0.0462744
-0.220296
-0.180364
-0.0179273
-0.0991102
-0.157664
-0.100855
-0.109639
-0.00943113
-0.0550738
-0.198119
-0.0885338
-0.116983
-0.0200001
-0.0222437
-0.134867
-0.0712059
-0.0820073
-0.01952
-0.0888775
-0.126883
-0.0585292
-0.0701068
-0.0250045
0.00374917
-0.0673173
0.0366171
-0.0105915
-0.0527552
0.0375113
0.027512
0.0406676
0.0171529
-0.0590694
0.00489422
0.0426974
0.0212773
0.0696312
0.0132848
-0.00554203
0.0554106
0.00573781
0.0217991
-0.0392711
0.0293046
0.0827305
0.0496368
0.0974339
0.0296877
-0.00821944
0.0333859
0.00846612
0.0656739
0.118614
0.00594301
0.0475938
0.0836519
0.0821094
0.0637876
0.0107408
0.0934573
0.159186
0.167019
0.258049
-0.0192444
0.0251448
0.118956
0.0585634
0.164509
0.0361019
0.0793608
0.142431
0.0577631
0.183393
0.0289758
0.0303478
0.0711497
0.00529625
0.11446
0.0699153
-0.0177776
-0.0206235
-0.081106
-0.0500189
0.155692
-0.0598302
-0.18115
-0.142681
-0.1689
-0.062698
-0.0515807
-0.162396
-0.138549
-0.208175
-0.214837
-0.0341427
-0.139587
-0.0831735
-0.169775
-0.170534
0.00905272
-0.114189
-0.0455937
-0.158231
-0.199166
0.0109028
-0.025001
-0.0216402
-0.119656
-0.148488
-0.014592
-0.0247003
-0.153268
-0.0499655
-0.104872
0.00236972
0.0194253
-0.0681871
-0.008792
-0.08235
-0.00405109
0.0680672
0.0383159
0.053811
0.024534
-0.0274601
0.0376341
0.0591115
0.01517
0.0376825
-0.0393977
0.00636632
0.0548797
0.01621
0.0376045
-0.0261759
0.0562408
0.068973
0.0520424
0.0815598
0.024031
0.040269
0.0596185
0.0246271
0.0704408
0.0777142
0.00643765
0.0810999
0.0322884
0.0577915
0.0775805
0.0111363
0.0738108
0.0343081
0.123098
0.124494
0.0322494
0.0938809
0.00951192
0.118981
0.196729
-0.0148987
0.0550244
0.13498
0.0904252
0.198357
0.00143992
-0.00417163
0.153301
0.0460908
0.171044
0.0284137
0.00997488
0.0487159
-0.0212272
0.0672082
0.0616354
-0.047636
-0.0566389
-0.0912059
-0.129484
0.112927
-0.0894707
-0.127187
-0.120548
-0.198572
-0.128248
-0.07592
-0.180923
-0.114429
-0.191985
-0.216069
-0.0303288
-0.0907073
-0.0631828
-0.113283
-0.223962
-0.00910655
-0.0733787
-0.0169545
-0.127044
-0.189971
0.012631
-0.0588961
0.0126153
-0.102217
-0.14326
0.00787806
0.0330887
0.0148984
-0.0197839
-0.114988
-0.0317999
0.0454803
-0.00353509
0.0414701
-0.00406987
-0.0172146
0.0679309
0.0566003
0.0526465
0.0256923
-0.0578295
0.0143974
0.0785148
0.0570229
0.0636194
-0.0364796
0.0278931
0.0693982
0.0500579
0.0679806
-0.0395008
0.0466143
0.0710258
0.0453796
0.0730503
-0.0295253
0.0199961
0.0905512
0.0539042
0.0757838
0.0589896
3.61222e-05
0.0597893
0.0536217
0.0918904
0.107759
0.0320637
0.115626
0.0702311
0.204366
0.186347
-0.00252296
0.0735563
-0.00442775
0.124249
0.17754
0.013403
0.0169249
0.000447683
0.0648949
0.120797
0.0230256
-0.0052063
0.104059
0.0689163
0.087848
0.0400555
-0.0278988
-0.0190777
-0.060715
0.0498105
0.0529489
-0.0487853
-0.0334978
-0.165915
-0.179071
0.062045
-0.103269
-0.16722
-0.108164
-0.182318
0.0729893
-0.0497473
-0.199057
-0.142291
-0.212993
0.0293743
-0.0199637
-0.102876
-0.0835594
-0.212032
-0.22657
-0.00277034
-0.0807279
0.00565643
-0.0893202
-0.186389
0.0127905
-0.0252822
-0.0231081
-0.0526742
-0.13761
-0.00994514
0.0398322
0.0201816
-0.0335441
-0.0585014
-0.022332
0.0348307
0.023194
0.0301162
-0.0165614
-0.00916397
0.0462467
0.0309115
0.0356847
0.00958837
-0.00627872
0.0454166
0.0596503
0.0674548
0.0746326
-0.0474811
0.00519167
0.0790742
0.0490765
0.0652314
-0.0298725
0.0459969
0.101319
0.0581746
0.0736798
-0.0259751
0.0275365
0.0235973
0.048497
0.107157
-0.0221846
0.0149567
0.0762239
0.0165764
0.0608672
0.0548955
0.0281635
0.0850665
0.0211247
0.0911431
0.134143
-0.0230882
0.0497832
0.0250323
0.0815765
0.160728
0.000556538
0.022938
0.00343162
0.0627232
0.110899
0.0116522
-0.000341959
-0.0265476
0.0394116
0.0727413
0.000766894
-0.0290325
-0.0092242
-0.0209083
0.0185705
0.0139893
-0.0411138
-0.0427771
-0.070624
-0.0436339
0.0424871
-0.0218627
-0.118732
-0.123121
-0.11028
0.0379361
-0.0171623
-0.112504
-0.120403
-0.173679
0.0372282
-0.0354448
-0.095161
-0.0969745
-0.192047
0.00565363
-0.00262319
-0.108574
-0.0223134
-0.0950522
-0.216897
0.0142519
-0.00657996
-0.0207317
-0.0355404
-0.133025
0.0102679
0.018397
0.0290088
0.000280943
-0.100119
0.0027847
0.0316074
0.0128968
0.0122916
-0.0193054
-0.0153193
0.0618872
0.0210759
0.0305479
0.00279942
0.00197083
0.0471764
0.0248543
0.0737234
0.0253755
-0.00569773
0.0384208
0.0603161
0.0637896
0.0249919
-0.0246824
0.0348072
0.0713574
0.0866528
0.0767914
-0.0511973
0.013349
0.0611596
0.0210423
0.093591
-0.0236646
0.0327848
0.0666477
0.0708265
0.0804502
-0.00486147
0.0173045
0.0657774
0.059198
0.0983468
-0.00398699
0.02127
0.102582
0.0549101
0.133266
0.172627
-0.0280802
0.0551781
0.039634
0.110762
0.187592
-0.000423673
0.0211737
-0.0229084
0.0814208
0.14675
0.0047394
-0.0168954
-0.0196146
0.00951474
0.103153
-0.000470939
-0.0625978
-0.0175598
-0.0779141
-0.00322189
0.0337329
-0.0225199
-0.0957813
-0.100506
-0.0700996
0.0544371
-0.0369862
-0.132789
-0.173107
-0.184243
0.0603956
-0.0388082
-0.186121
-0.128028
-0.221073
0.00503004
-0.0386423
-0.162904
-0.0728544
-0.173364
-0.0312514
0.00818004
-0.0808135
-0.0464806
-0.115191
-0.0910769
-0.00436007
-0.0177136
0.0326343
-0.0440529
-0.153228
0.00471683
0.016198
0.0242315
0.0206318
-0.0824567
0.0033956
0.0562002
0.0246904
0.0753468
-0.0226199
-0.0300903
0.0617706
0.0431929
0.0719896
0.0360207
0.00219996
0.0362664
0.0140594
0.107324
0.0820566
-0.035809
0.0181795
0.133679
0.131485
0.176557
-0.0441805
0.0350534
0.154352
0.10877
0.158292
-0.00507769
0.00666146
0.114365
0.0795349
0.168676
0.0140422
0.02619
0.074184
0.0519978
0.133631
0.0476519
0.00580966
0.0425532
0.0300944
0.0635031
0.095917
0.000289587
0.0237373
-0.00109138
0.0640211
0.170511
-0.00207343
-0.022969
-0.0254052
-0.0158242
0.0928638
0.00835362
-0.0411112
-0.0523322
-0.0710833
0.0496008
0.0209671
-0.0979138
-0.0592729
-0.158251
-0.0715384
0.0548204
-0.0543845
-0.00778677
-0.135962
-0.1961
0.0515603
-0.0359196
-0.0237156
-0.174091
-0.249268
0.0220676
-0.0530191
-0.215641
-0.14971
-0.260573
-0.0168389
-0.00193132
-0.119093
-0.0784587
-0.168825
-0.0613226
-0.0125992
-0.0496834
-0.0214726
-0.0854832
-0.107489
0.0339615
0.0221554
0.0446058
-0.0276437
-0.124704
0.0222147
0.0463946
0.0623354
0.058254
-0.0372467
0.00720596
0.0731409
0.0491226
0.063483
0.0249211
-0.00887989
0.0708481
0.0736131
0.0975057
0.0751474
0.0131507
0.0529495
0.0115802
0.100392
0.0918106
-0.0335699
0.0568109
0.0276164
0.113082
0.145789
-0.021116
0.0372956
0.019898
0.0946822
0.139459
0.00141554
0.0288461
0.118704
0.063051
0.128212
0.0181745
0.00646802
0.0653584
0.0740242
0.118114
0.0397593
-0.00665223
0.0559989
0.016802
0.0657803
0.0667208
-0.00936977
0.0327907
-0.00349994
0.0562464
0.0739294
-0.00641995
-0.0236478
-0.0234578
0.000242084
0.0883002
0.00472614
-0.0347243
-0.0664841
-0.0789209
-0.00526885
0.00289581
-0.108918
-0.0564468
-0.116895
-0.072125
0.0365578
-0.0908481
-0.0424081
-0.160309
-0.171444
0.0234144
-0.0509721
-0.0427372
-0.206143
-0.203305
0.00798148
-0.0593338
-0.0143282
-0.142368
-0.237721
-0.0107939
0.01457
-0.092592
-0.057168
-0.168918
-0.0433581
0.0224469
-0.0274252
-0.011328
-0.0747855
-0.0802189
0.00437461
0.0554513
0.0496186
-0.0167482
-0.084132
0.0165048
0.0821399
0.0446562
0.030316
-0.0629027
0.00827072
0.0795743
0.0471903
0.087846
-0.0659314
-0.00568183
0.0872208
0.0720931
0.0947561
0.0487248
-0.00678307
0.0660161
0.0279524
0.126271
0.0925838
-0.024886
0.0578056
0.028661
0.130884
0.127407
-0.011992
0.0254909
0.0205987
0.134954
0.157254
0.000639612
0.0156549
-0.0076017
0.0785541
0.153844
0.0125667
0.0173744
0.121701
0.0673135
0.149875
0.0345051
-0.0214641
0.0488356
0.0244192
0.101985
0.0562542
0.0145309
0.0143613
0.00758349
0.0553092
0.0910674
-0.0262568
-0.0280435
-0.0555904
-0.0045053
0.0964877
-0.0260282
-0.0579604
-0.0592766
-0.0547991
0.117567
-0.0157235
-0.0962219
-0.0574671
-0.104786
0.00443985
0.0117623
-0.0826282
-0.0588415
-0.161843
-0.152402
0.0422003
-0.0830838
-0.0538483
-0.144252
-0.201687
0.0192754
-0.0523515
-0.0371642
-0.184184
-0.239327
-0.0194415
-0.0231449
0.018906
-0.0653038
-0.149965
-0.0342045
0.0172567
-0.0550101
-0.0161136
-0.0653441
-0.0774149
0.00973966
0.00953955
0.0205872
-0.0464797
-0.0489294
-0.0036533
0.0480348
0.0719015
0.0669081
-0.0668582
0.00744101
0.0362894
0.0521599
0.077308
-0.0723648
0.000898806
0.0661104
0.0298675
0.0720181
-0.0518743
-0.00737722
0.0632399
0.0468981
0.11012
0.0413221
-0.019843
0.0563426
0.043242
0.0940752
0.110297
-0.0136715
0.0400114
0.0354244
0.0772492
0.166926
-0.0215089
0.0315086
0.00476486
0.0855949
0.143695
0.0164872
0.0235008
0.00674275
0.0792846
0.104741
0.0238154
0.00166174
-0.00538468
0.0418956
0.117465
0.0363514
-0.0187704
0.0280992
0.0111988
0.0715228
0.0500019
0.00576794
0.0226119
-0.0577807
0.00858298
0.0885542
-0.0472868
-0.066797
-0.0583085
-0.0184724
0.109361
-0.021424
-0.0708077
-0.101136
-0.110844
0.09508
-0.00648735
-0.0807416
-0.101063
-0.164173
-0.105046
0.0166167
-0.0988668
-0.0839196
-0.155416
-0.198711
0.0202125
-0.0560239
-0.0471258
-0.145727
-0.233958
-0.0163602
-0.0216899
-0.0338755
-0.101024
-0.177018
-0.0509739
0.0285726
0.0106565
-0.0350515
-0.0849884
-0.0393793
0.0119714
0.0269889
0.0438026
-0.0437998
-0.0417857
0.00285086
-0.0079789
0.0529061
-0.00367191
-0.071761
0.00662996
0.0429981
0.048282
0.0241282
-0.0521768
-0.00982464
0.021812
0.0653248
0.0472632
-0.0681124
0.0172311
0.0462442
0.0386658
0.129642
-0.0738856
0.0015674
0.0672654
0.050428
0.093742
0.111866
-0.0162056
0.0456687
0.0805262
0.116794
0.120891
0.00236865
0.0269031
0.0288419
0.0972188
0.134853
-0.00475185
0.00354406
0.00360761
0.115553
0.150662
-0.000375762
0.00347148
0.0230086
0.0720963
0.15655
0.00952086
-0.0207252
0.0171326
0.0327453
0.0891732
0.040136
-0.00521792
0.00621602
0.0127381
0.0616471
0.0862118
0.00509307
-0.0232519
-0.0399459
0.0102681
0.0941578
-0.0049849
-0.0363212
-0.0866676
-0.0671276
0.0911544
-0.0434133
-0.0884622
-0.0984119
-0.164926
0.0564359
-0.00161607
-0.102329
-0.107307
-0.159503
0.00386591
-0.0130137
-0.0563044
-0.0456124
-0.151573
-0.199051
-0.013731
-0.0169528
-0.0126505
-0.0884277
-0.175952
-0.0229678
-0.0158605
0.0186507
0.00740217
-0.124561
-0.0153527
0.00470694
0.0139503
0.0126959
-0.0544512
-0.03618
0.0142427
-0.00237247
0.011303
-0.008171
-0.0605352
0.0161411
0.0566913
0.038877
0.0349709
-0.0656779
-0.00572441
0.0293902
0.0809922
0.0811212
-0.0540919
-0.00227419
0.064107
0.075349
0.0732817
-0.0323939
0.00831694
0.0774373
0.057939
0.10442
-0.0242184
-0.0158591
0.0646715
0.0583373
0.117084
0.00801823
0.00598167
0.0378424
0.0366769
0.0947043
0.139436
-0.0247902
0.00563634
0.0212809
0.0754869
0.144222
0.000358418
0.00845107
0.00997476
0.0449134
0.147098
0.024324
0.00909552
-0.0117622
0.0534374
0.121806
0.0290725
-0.0129644
-0.0142102
0.00414195
0.0636067
0.0723295
-0.0251638
0.010274
-0.0381604
0.00880837
0.0774601
-0.00170267
-0.0532285
-0.0707445
-0.0212853
0.0445218
0.0167349
-0.137122
-0.0956854
-0.091125
0.0643462
-0.0148345
-0.118176
-0.103793
-0.17455
0.0328745
-0.0059841
-0.0787989
-0.0558768
-0.182177
-0.0188587
0.00451843
-0.0717183
-0.0228766
-0.13344
-0.208454
-0.00118196
0.000623039
-0.029012
-0.0623848
-0.142643
-0.0181365
0.0157323
0.0240697
-0.0172506
-0.0876671
-0.0299757
-0.0105006
0.00846568
-0.0221594
-0.03835
-0.0424399
0.0315382
0.0221031
0.0414626
0.00961186
-0.037073
0.0265251
0.00230271
0.0596534
-0.00310933
-0.03677
-0.00484251
0.0286856
0.0596916
0.0410775
-0.044393
-0.000659384
0.0741763
0.0618178
0.0858422
-0.0446425
-0.0119323
0.0622375
0.0794003
0.125717
-0.0194102
0.0244737
0.0727034
0.0795969
0.110363
0.0141538
-0.0104045
0.0629895
0.0415171
0.0951732
0.160642
-0.00635919
0.0260788
0.0366099
0.068138
0.114995
0.0288535
0.0156144
-0.00324441
0.00826106
0.108299
0.00489456
-0.0400893
0.0055931
0.0247607
0.0802819
0.0478155
-0.00594674
-0.0133719
-0.0171902
0.0841744
0.0375585
-0.00504773
-0.00704856
-0.0552394
0.0289221
0.0625749
-0.0156422
-0.0640144
-0.0821489
-0.0864947
0.045461
0.00579205
-0.071375
-0.106976
-0.145003
0.0422356
0.00960951
-0.0841689
-0.115247
-0.169993
-0.0236154
0.0182499
-0.0442856
-0.0882959
-0.147033
-0.0687197
-0.0183339
0.0289034
-0.0303449
-0.116795
-0.0897692
-0.0200704
0.0218525
0.0171133
-0.0514839
-0.160345
-0.0206398
0.0116438
0.00437688
0.0177505
-0.0961862
-0.0341695
0.0375632
-0.00524273
-0.00210329
-0.0403591
-0.0454857
0.0132575
0.0228701
-0.0157537
-0.0583373
-0.0636595
0.0176298
0.00293497
0.0555219
0.0330467
-0.0368488
0.0118341
0.0486427
0.0668151
0.0869097
-0.0530301
-0.00870098
0.0959171
0.0844656
0.102191
-0.0367271
-0.00157631
0.0631542
0.0569903
0.101279
-0.0247772
0.0125947
0.0394117
0.0393785
0.10248
0.0522846
-0.00218719
0.0585284
0.022911
0.0875876
0.0733434
-0.012508
0.0176706
0.00539394
0.0629938
0.100421
0.0095599
-0.00295329
0.00394418
0.0347022
0.083515
0.0526475
-0.0199121
-0.0107475
0.00807205
0.0573217
0.0366295
-0.0319851
-0.0121437
-0.0397198
0.0178805
0.0380837
-0.00427023
-0.0124827
-0.0566897
-0.0147057
0.0493791
-0.0009309
-0.078866
-0.0729094
-0.0480912
0.0516647
0.0123877
-0.0890778
-0.101472
-0.14458
0.0251403
0.0115586
-0.107712
-0.0655144
-0.159925
-0.0180662
-0.0175089
-0.0897922
-0.064151
-0.134368
-0.0789003
0.0218493
-0.0296168
-0.0432869
-0.0973527
-0.0954656
-0.0245408
0.00854429
0.0089259
-0.032479
-0.0831936
-0.0289784
0.0118411
0.01857
-0.0309909
-0.108514
-0.00136004
0.0136123
0.013739
0.0116118
-0.0981748
-0.0277834
0.0135961
-0.00874113
0.0147135
-0.0460262
-0.0733925
0.00495044
0.035896
0.052829
0.00776866
-0.0418375
-0.00531133
-0.00683377
0.0630323
0.0966484
-0.0197938
-0.0107377
0.105515
0.101071
0.118202
-0.0145503
-0.00273043
0.10477
0.0534387
0.121998
0.0173584
-0.0093913
0.0448499
0.0563616
0.118263
0.0463113
0.0067723
0.00749235
0.0366951
0.0719219
0.0764163
-0.00262976
0.00501045
-0.0128366
0.0369188
0.160765
-0.0132649
0.0321569
-0.00685461
-0.00686793
0.091204
0.0437694
-0.0264783
-0.0196274
0.00821867
0.0883617
0.0642292
-0.03663
-0.0203581
-0.0518162
0.0332397
0.0636177
-0.0317564
-0.0106382
-0.107612
-0.0490295
0.0305463
0.00101137
-0.00567188
-0.106535
-0.104132
0.0502558
0.0118801
-0.114852
-0.130622
-0.141755
0.0279235
0.0056015
-0.0754664
-0.0990835
-0.150136
-0.020531
0.0179379
-0.0518272
-0.076285
-0.183532
-0.0759984
0.00345658
-0.0606606
-0.0278133
-0.102684
-0.122159
0.000151072
0.0199974
0.00459902
-0.0426631
-0.152013
-0.0359424
0.0388682
0.0292525
-0.0180231
-0.0875209
-0.0438844
0.0369427
0.0407534
0.0524174
-0.0602466
-0.0475374
0.00617263
0.0149808
0.0698748
0.0178914
-0.0505925
0.0106222
0.0204618
0.101714
0.0833698
-0.071539
0.00987373
0.00824316
0.102403
0.143268
-0.0515605
-0.00593255
0.0826361
0.10505
0.155753
0.0199331
-0.00385472
0.116237
0.0841546
0.146509
0.0364906
-0.0111609
0.0360847
0.0374214
0.132261
0.066116
0.00205717
0.00516465
-0.00252533
0.0613942
0.0914786
0.00279766
-0.01401
-0.00766085
0.0294335
0.117892
0.0434859
-0.0343955
-0.023206
0.0145334
0.124549
0.0303623
-0.0185417
-0.0218055
-0.0416183
0.0481811
0.0548281
-0.0166574
-0.0149326
-0.046497
-0.019723
0.083835
-0.0437066
-0.0341998
-0.0932061
-0.0910025
0.0399769
-0.0011611
-0.0036847
-0.137576
-0.132913
0.0464998
-0.00138087
-0.115107
-0.127162
-0.144098
0.0139569
0.000375567
-0.106221
-0.0702716
-0.193894
-0.0418331
0.021178
-0.0330524
-0.0394934
-0.135393
-0.112623
-0.0143558
0.00246801
-0.00258432
-0.0750315
-0.110636
-0.0230238
0.00592772
0.00361295
-0.00891004
-0.127105
-0.0346318
0.0367982
0.00587769
0.0116168
-0.0985982
-0.0551644
0.0380569
0.0377325
0.0495741
0.00161097
-0.0253775
0.0211406
0.0322277
0.0912974
0.0267526
-0.0603862
0.0230095
0.0187022
0.105459
0.0664942
-0.0697859
0.0157257
0.0088213
0.11848
0.116422
-0.0184104
0.00328082
0.115362
0.0894499
0.135103
-0.0164322
0.00299157
0.0913115
0.0881223
0.18501
0.0688303
0.00377918
0.0527251
0.0506257
0.0817186
0.0586585
-0.000695512
0.0174924
0.0361825
0.0906183
0.0957857
0.0127216
-0.00433103
-0.00650731
0.0583256
0.122668
-0.01916
-0.0270111
-0.0261322
-0.0258248
0.113009
-0.00674197
0.00211038
0.0157901
-0.00738968
0.0678926
0.0445712
-0.0291322
-0.061426
-0.0624935
-0.000440938
0.0339293
-0.0273121
-0.0261897
-0.0833751
-0.0527999
0.0484829
-0.0242285
-0.0100246
-0.139598
-0.144834
0.0101137
-0.000884373
-0.000237001
-0.107521
-0.100787
-0.0399051
0.000875044
-0.0753537
-0.0716817
-0.13798
-0.0443495
0.0011769
-0.0136153
-0.0242405
-0.116267
-0.100349
0.0250325
0.00863249
0.0199268
-0.00846355
-0.115475
-0.00591301
0.0279862
0.012003
-0.0189095
-0.107525
-0.028035
0.0244616
0.0566066
0.0639336
-0.0596085
-0.0415296
0.0109263
0.077275
0.0788587
-0.0329793
-0.0239755
0.026874
0.0233373
0.114647
0.0497614
-0.0438405
0.0342809
0.0391961
0.118167
0.110338
-0.0363057
0.000929681
0.0151149
0.134635
0.103774
-0.0194959
-0.00413273
-0.0047771
0.152538
0.15693
0.00428532
-0.00267287
0.0378375
0.0469787
0.15448
0.086111
-0.0135953
0.0667992
0.0616185
0.117818
0.100489
0.0237762
0.0260183
0.00235421
0.0609965
0.112657
0.0303071
-0.0517604
-0.0184
0.0391264
0.131695
0.0284446
-0.0216972
-0.018958
-0.0237888
0.129148
0.0631508
-0.0283974
-0.0567866
-0.105844
-0.0132141
0.0350846
-0.0355383
-0.0346132
-0.0842439
-0.0592432
0.0609699
-0.0199431
-0.032448
-0.104634
-0.113834
0.00842243
-0.0103822
-0.0108178
-0.104368
-0.14186
-0.00883373
-0.00838416
0.00208004
-0.111941
-0.173539
-0.046234
0.00401803
-0.0570638
-0.0485043
-0.103891
-0.0449027
0.000282267
0.00142577
-0.0313285
-0.0951173
-0.0853844
-0.0135195
0.0204737
-0.00676848
-0.0736884
-0.112779
-0.0099379
0.0190605
0.0266199
0.0040147
-0.0875841
-0.016401
0.0309535
0.0174516
0.0324412
-0.112398
-0.0400233
0.00589696
0.0244266
0.0531961
0.0041844
-0.0512242
0.0330596
0.0563783
0.112158
0.0696331
-0.029002
0.0132657
0.0275361
0.120208
0.133346
-0.0310056
0.000476308
0.00854924
0.112122
0.18022
0.0109176
-0.00552746
0.000830656
0.0874619
0.123244
0.0424719
0.00491762
0.0450246
0.0367041
0.11393
0.0829396
0.00754644
0.0310809
0.016459
0.112328
0.106717
0.0165877
0.00819611
-0.0249896
0.0023877
0.123799
0.0249881
-0.0703201
-0.0463156
-0.0268988
0.0929245
0.0440208
-0.0353288
-0.0695716
-0.0860112
0.0443449
0.00848824
-0.032365
-0.041111
-0.0804588
-0.0480806
0.024039
0.0118447
-0.00706952
-0.106555
-0.0995481
0.0397091
-0.00111252
-0.0438928
-0.0845192
-0.128787
0.00901631
0.00387165
0.00121648
-0.0905424
-0.164381
-0.0118852
0.00123206
-0.00882046
-0.0648987
-0.138358
-0.0345146
-0.00397807
0.00289408
-0.0469015
-0.116985
-0.0906786
-0.0122539
0.00888821
-0.0246645
-0.0794902
-0.0788506
-0.0258413
0.0418115
0.0359119
0.0106304
-0.105723
0.00346214
0.0177311
0.0190994
0.000887914
-0.116383
-0.0325171
0.0288228
0.0419391
0.0546922
-0.0735707
-0.0310525
0.0506084
0.0664442
0.0875718
0.00389987
-0.0437704
0.0196646
0.0182099
0.0747354
0.0617575
-0.0175062
0.02454
0.0384833
0.125752
0.115579
0.0223561
0.017109
0.031703
0.0931765
0.139238
0.0119342
-0.00263584
0.00865752
0.0694846
0.113949
0.0684951
0.0134697
0.00188566
0.0181805
0.0773871
0.0604556
0.00830935
-0.0127551
-0.0099009
0.0266279
0.072113
0.0165246
-0.0201957
0.0143755
0.0174569
0.0807043
0.0318831
-0.0260264
-0.03854
-0.0103469
0.0532719
0.00425568
-0.035706
-0.0299351
-0.0557403
0.0513437
0.0395016
-0.0286331
-0.0196736
-0.065953
-0.0138894
0.0238035
-0.026618
-0.0606277
-0.103661
-0.0809407
0.00627143
-0.00404037
-0.0158177
-0.0845228
-0.101482
0.0171802
0.011335
0.0110425
-0.0651679
-0.120972
-0.0176409
2.40288e-05
-0.00452057
-0.0720227
-0.110976
-0.0698227
-0.00202245
-0.00827637
-0.029541
-0.0715922
-0.0654807
-0.00826814
0.00165412
0.000429358
-0.0209536
-0.0888705
-0.0140772
0.0112097
0.00163312
0.033948
-0.081385
-0.042858
0.0184681
0.0219466
-0.00784278
-0.0868764
-0.012568
0.0477518
0.0268611
0.0538551
-0.0547044
-0.0332961
0.0235783
0.051823
0.10597
-0.0301314
-0.0400428
0.00891834
0.00963727
0.0654843
0.0543033
-0.0249804
0.0233515
0.0369763
0.0794969
0.0924233
-0.00122796
0.0182427
0.0208966
0.0793629
0.102611
0.00649082
0.00582756
0.00809159
0.0507693
0.121863
0.0400567
-3.83848e-05
-0.000269643
0.0280218
0.0702582
0.0403442
0.0121502
0.00898928
0.00712036
0.0739039
0.0684505
0.0259395
0.0206135
-0.0185436
0.0411003
0.0824432
0.0194001
-0.0137669
-0.0388542
-0.0116315
0.0539735
0.0173206
-0.0195253
-0.0311987
-0.0195154
0.0620853
0.0554826
-0.0159387
-0.045705
-0.0635892
0.043756
0.0277144
-0.011232
-0.0329893
-0.10594
-0.0768029
0.0304373
-0.00577666
-0.0392378
-0.0971119
-0.120536
0.0108019
0.00259578
-0.0250173
-0.0764147
-0.117043
-0.0243404
0.0196775
-0.017132
-0.0812229
-0.127356
-0.0630753
0.00505134
0.00492059
-0.0283647
-0.0839472
-0.0653836
-0.0138823
-0.00784328
-0.00445375
-0.0611243
-0.0819922
-0.00608434
0.0175164
0.032547
0.0203619
-0.0634188
-0.0174946
-0.013829
0.00959339
-0.00598367
-0.0742347
-0.00442252
0.0061212
0.0333694
0.0191148
-0.0783421
-0.0308547
-0.0122576
0.0490263
0.0645699
-0.0509221
-0.0397036
0.0292974
0.0277477
0.0894089
0.0673558
-0.0189006
-0.0203609
0.0307602
0.0872329
0.100673
-0.00388629
-0.00393758
0.0251677
0.0492648
0.1023
0.013525
-8.1729e-05
0.00468498
0.0609063
0.12085
0.0560621
-0.00737128
-0.00134879
0.0209037
0.0837886
0.0527029
0.0102535
0.0127099
0.00840489
0.066796
0.0646874
0.0249703
0.0140552
-0.0191784
0.0367449
0.100755
0.0252255
-0.018542
-0.0288441
0.020528
0.0752691
0.0353307
-0.0406372
-0.0464373
-0.0191305
0.0508846
0.0585451
-0.00724013
-0.00872956
-0.0546813
0.0701789
0.049689
-0.02568
-0.0288529
-0.109559
-0.0737119
0.0310045
-0.0195817
-0.00961697
-0.108052
-0.117773
0.00847286
-0.0273798
0.0108583
-0.0746646
-0.0960451
-0.0423281
-0.0104948
-0.00721724
-0.0734989
-0.0881498
-0.0503038
0.0247878
-0.0128578
-0.0716731
-0.0901933
-0.0809968
-0.00715999
-0.00455226
-0.0423128
-0.0636669
-0.0915155
-0.0223641
0.0351955
0.0223857
0.00813567
-0.0904802
-0.0320996
0.0108044
0.0439546
0.0068177
-0.0873949
-0.0234692
0.022724
0.048965
0.0508616
-0.065139
-0.0450952
0.0138485
0.047686
0.0741845
-0.0249543
-0.0399162
0.0103124
0.0571509
0.0923272
0.073017
-0.0230104
-0.00327701
0.0433468
0.096001
0.127547
0.00483997
-0.00631588
0.019041
0.0679446
0.140491
0.0105146
0.00176305
-0.00257319
0.0496124
0.165979
0.0230954
0.00216034
-0.00837104
0.0296564
0.117544
0.0814388
0.0252924
0.00467816
0.0175881
0.0998786
0.101038
0.0337415
-0.0195642
-0.01908
0.0568479
0.127069
0.0525503
-0.0347753
-0.0366491
-0.00754415
0.0916945
0.0779544
-0.0431869
-0.033248
-0.0321642
0.0900871
0.0694337
-0.012844
-0.0236041
-0.0564812
0.0786214
0.0528471
-0.0457432
-0.0369398
-0.1268
0.00825853
0.0381777
-0.0238655
-0.00484722
-0.127763
-0.153968
0.0172366
-0.0152477
-0.0048563
-0.10369
-0.151324
-0.0483037
0.0140738
0.0150055
-0.104424
-0.110226
-0.0733981
-0.00601744
-0.0158437
-0.0403349
-0.0971366
-0.0963613
-0.0191952
-0.0359807
0.011756
-0.0354004
-0.0928383
-0.00133904
0.0146953
0.00853336
0.00951079
-0.0925724
-0.0124845
0.00201731
0.0313758
0.0132187
-0.0895657
-0.0326051
0.01129
0.0271699
0.0231065
-0.0530072
-0.0279777
0.0211905
0.0405499
0.0764076
-0.0219055
-0.0053212
-0.00550673
0.0719969
0.0855258
0.0543158
-0.0347634
-0.0054175
0.0487883
0.0758457
0.111212
-0.00521241
-0.0299968
0.024808
0.0542294
0.121996
0.0378603
0.00670229
0.0265442
0.0171734
0.134983
0.0268369
0.00350804
0.0215243
0.00290636
0.0821688
0.0832157
0.0254791
-0.0044675
0.000756947
0.072008
0.0687278
0.0303367
0.00865628
-0.00291511
0.0133057
0.0948851
0.0741806
-0.0286654
-0.0229133
-0.0335078
0.0933707
0.0567885
-0.0335371
-0.0241953
-0.0612813
0.0389942
0.0317792
-0.0331152
-0.020738
-0.0886129
0.0193634
0.0217765
-0.0378012
-0.0104647
-0.109692
-0.0379314
-0.0169225
0.0164193
0.0163976
-0.090618
-0.119472
-0.0444375
-0.00362381
0.0169703
-0.0754076
-0.127296
-0.0580768
0.00851166
-0.000917384
-0.034368
-0.0929715
-0.104697
0.0140782
-0.0131238
-0.0233186
-0.0359612
-0.108379
0.0170674
-0.0183657
-0.0162761
-0.000653621
-0.101272
0.0156735
-0.0483
0.0388836
-0.00369056
-0.0959307
-0.0332853
0.0162809
0.0367699
0.0366044
-0.0622641
-0.0141752
0.0244726
0.0472543
0.0677664
-0.0263214
-0.0196962
0.014157
0.0389409
0.048491
-0.00310993
-0.0199102
-0.00434493
0.021644
0.0556857
0.0132256
-0.0284455
-0.00443041
0.03462
0.074106
0.103945
-0.0158238
-0.00377303
0.0381095
0.0512902
0.147183
0.0333651
0.00853742
-0.00665111
0.00833262
0.0924679
0.0354474
0.00454611
-0.00394345
0.00622954
0.075652
0.0347076
0.0345285
-0.00966907
-0.0178435
0.0641174
0.0503746
0.0244152
-0.00329977
0.0104122
0.0176097
0.0406443
0.026034
-0.00763486
0.00432586
0.0197569
0.0441262
0.0501183
-0.0284204
-0.0162248
0.0257793
0.0620822
0.0496321
-0.0170021
-0.0175083
-0.0555733
0.0295741
0.0284759
-0.0366244
0.00386865
-0.0535517
0.00608134
0.0278014
-0.0316469
0.00351969
-0.0659296
-0.0274797
-0.0152222
-0.00389994
-0.00965428
-0.0798314
-0.0574327
-0.0256315
-0.00192676
0.0169025
-0.0375089
-0.0844212
-0.0625259
-0.00985419
-0.0155906
-0.00671126
-0.0295169
-0.0576145
0.00498857
-0.0327972
-0.0271421
0.00670612
-0.063778
-0.0180074
-0.0309225
-0.0131099
0.0100179
-0.0706974
0.00456553
0.0252972
0.0402048
0.00499827
-0.0428502
-0.0355582
-0.00374874
0.0304501
0.0456436
-0.0159883
-0.0142735
-0.00760187
0.0357299
0.0129432
-0.0129575
-0.0275358
0.00748626
0.0432621
0.0380273
0.0266216
-0.0252301
-0.0189812
0.0169719
0.0581667
0.0514449
-0.00833555
-0.0230274
0.010525
0.0486271
0.0944887
-0.00207044
0.0131372
0.0301105
0.0502577
0.115996
0.0167045
0.0242229
-0.021578
0.00539542
0.0868527
0.0277803
0.0216356
-0.00317465
0.00339608
0.0520142
0.0528241
0.0428725
-0.00854411
0.00218364
0.0272001
0.0561458
0.0376683
0.00120147
-0.0201289
0.0366987
0.0764007
0.0526553
-0.025637
-0.0138384
-0.0119292
0.053144
0.0548625
-0.026187
0.00090809
-0.0286485
0.0528571
0.0449341
-0.0199281
0.00292915
-0.0320648
0.0372553
0.017106
-0.0064136
-0.000179766
-0.0768111
-0.0173132
0.0192788
-0.00433141
-0.00289459
-0.0786216
-0.0859857
-0.0182315
0.0112521
-0.0109977
-0.072505
-0.0863045
-0.0520622
0.0147402
0.00487959
-0.0124006
-0.0445392
-0.0534852
0.00670568
-0.022639
-0.0683908
-0.0693379
-0.0846352
0.00293868
-0.0346174
-0.0394796
-0.0420478
-0.0838867
0.00707863
-0.0401973
-0.000344949
0.00534998
-0.0905565
-0.0415842
0.00766192
0.0273731
0.00848675
-0.0689449
-0.0212049
-0.00723048
0.0496405
0.0661424
-0.0474253
-0.0142961
-0.0132847
0.0548363
0.0483639
0.0122676
-0.0220061
-0.0171711
0.0479074
0.046634
0.0598102
-0.0371511
-0.0294979
0.0184988
0.0337386
0.074301
-0.00466553
-0.00379
0.0312043
0.0542416
0.114903
0.0263124
0.00428067
0.0100845
-0.00569293
0.0988012
0.0391244
0.042327
0.012536
0.0042811
0.0883862
0.0601586
0.0492614
-0.00497061
0.0122485
0.081854
0.0520752
0.037626
0.00653415
-0.036873
0.0518279
0.0801621
0.0776894
-0.0351605
-0.0119131
-0.0296224
0.0746774
0.055426
-0.0356041
0.000962819
-0.0400848
0.0570575
0.0530246
-0.0147482
0.00886658
-0.0252277
0.0511842
0.0217256
-0.0487084
0.00327101
-0.100543
-0.0122955
0.000965537
-0.00990918
0.00909173
-0.106255
-0.125598
-0.0612889
0.00226746
0.0276963
-0.0899001
-0.111545
-0.0974621
-0.0135117
-0.0226407
-0.0539873
-0.123903
-0.131596
0.0108854
-0.0379682
-0.0494785
-0.0256804
-0.148345
-0.0150103
-0.0448321
-0.00484417
0.0198269
-0.122326
-0.0227401
-0.0658127
0.0565363
0.0472904
-0.0816053
-0.0592448
-0.00620656
0.0563504
0.0999958
-0.00194688
-0.0191293
0.0164403
0.0701661
0.0685592
0.0576558
-0.0364198
-0.015339
0.0731305
0.0699143
0.112235
-0.0152772
-0.0182233
0.0130686
0.0155161
0.136753
0.00100031
0.0186044
0.0329169
0.0193914
0.140651
0.0293379
0.0164962
0.0181347
-0.0116849
0.0967563
0.0746906
0.0473223
-0.0167804
-0.0251308
0.0531418
0.062234
0.0768184
-0.00854729
-0.0244288
0.047892
0.0671096
0.0685808
-0.00159071
-0.0232963
-0.0415318
0.0685567
0.0493985
0.00276685
-0.0259817
-0.0933425
0.0203881
0.0244097
-0.0574401
-0.0225457
-0.07941
-0.00815339
-0.00332841
-0.0173196
-0.00221461
-0.050959
-0.0321901
-0.0395597
-0.0392894
-0.0269818
-0.0492428
-0.0585348
-0.0448294
0.0188691
0.00755575
-0.0394764
-0.063221
-0.0490963
-0.0187371
-0.0106361
0.00175201
-0.046201
-0.0587048
0.0117031
-0.0347051
-0.0167582
-0.0325626
-0.0523739
-0.00829975
-0.0340406
-0.0133292
-0.00555557
-0.0451432
-0.0184268
-0.0209554
0.00770726
0.00707042
-0.0359885
0.00194381
-0.0383991
0.0281193
0.044814
-0.0265344
-0.0323265
-0.0209115
0.00856565
0.0589166
0.00508147
-0.00532461
0.00373238
0.0479174
0.0421618
0.0441401
-0.000642358
-0.00575331
0.0492904
0.0396447
0.0255778
-0.0104919
-0.00186749
0.0102339
0.00755449
0.0557113
-0.00641096
0.016464
0.0428295
0.0385189
0.0879731
0.0113462
0.0099962
-0.00947642
-0.0108831
0.0578562
0.0207899
0.0395152
-0.0129919
-0.0267565
0.0437495
0.0263316
0.0326583
-0.00467242
0.0124737
0.0383477
0.0386199
0.0541997
-0.0265713
-0.018699
0.015967
0.044958
0.0413537
-0.0146454
0.00151434
0.00905433
0.0252129
0.024673
0.00159429
-0.00418603
-0.00175042
0.0316868
0.0557845
0.0121961
-0.0183929
-0.0384132
0.0110959
-0.00435007
-0.0279629
0.00759804
-0.0566598
0.00175112
-0.000587593
-0.00156522
-0.00543551
-0.0212567
-0.00973629
-0.00922454
0.0269044
0.0133593
-0.0401768
-0.0412165
-0.0346181
-0.0206635
-0.000208047
-0.0252865
-0.0300496
-0.00914118
-0.00808819
0.0168835
-0.0169443
-0.0227574
-0.0436611
0.0158314
-0.00247016
-0.0373991
-0.0422246
-0.0368073
-0.0118551
-0.0185913
-0.0254982
-0.0257548
-0.0389901
-0.0158847
-0.0138508
-0.000543575
0.00246769
-0.0683646
-0.0169474
-0.0202415
0.00495058
0.0212781
0.00840266
-0.00731594
-0.00997962
0.0227116
0.0275466
0.00523273
0.00592241
-0.000593312
0.016807
-0.00131921
-0.0224571
-0.0199233
-0.00333865
0.0682045
0.0348361
0.0266815
-0.019129
-0.0385591
-0.00119089
0.0151616
0.0264059
-0.0163303
0.00606225
0.0154766
0.0145727
0.0452091
0.00373549
0.0152343
0.03321
0.0247704
0.0290826
0.0198232
0.013892
0.00391382
0.0043426
0.0138467
0.0334637
0.0136418
0.00182468
-0.0240252
0.0296547
0.0155399
0.0189862
0.0117462
0.00256804
0.00210785
0.0358443
0.0290972
-0.00370698
-0.000213771
-0.00143059
0.0157799
0.0376681
0.00765357
-0.00854672
0.00276429
0.0493309
0.0399281
-0.0140055
0.0140197
-0.00344722
0.0458352
0.0316826
-0.0367354
-0.00385243
-0.0306972
0.0154342
0.0202374
-0.0164292
-0.00658836
-0.0561897
-0.00811926
-0.0170445
0.0138182
0.038456
-0.0128927
-0.0144248
-0.013843
-0.008736
0.0035811
-0.0119668
0.0197263
0.0132106
-0.0109463
0.0225105
-0.0908043
-0.0880824
-0.0650989
0.000325779
-0.00291847
-0.00951639
-0.0271999
-0.0653763
0.00106349
-0.034426
-0.0410541
-0.0124032
-0.0767711
-0.00199144
-0.029342
-0.0194606
0.00353073
-0.0880516
-0.00948864
-0.0380529
0.0200802
0.0302047
-0.02229
-0.0189607
-0.0285207
0.0124165
0.0217718
-0.0421793
-0.0309333
-0.0202339
0.0273566
0.0287647
0.00724472
-0.0361029
-0.0427837
0.0183789
0.0381516
0.0550152
0.000372628
-0.0235054
0.0101885
0.0169203
0.0444145
-0.0120967
-0.00930558
0.0159053
0.0425147
0.0862223
0.00436673
0.00921376
-0.00220628
-0.000443307
0.0452146
0.0165108
0.0361895
-0.00696529
0.0153147
0.0664875
0.0347633
0.0390311
-0.0153569
-0.0174366
0.037252
0.0239267
0.0294448
0.00941287
-0.0183671
0.000436953
0.00886309
0.0132381
-0.00613157
0.015566
0.0331437
0.0502074
0.0606612
0.0149725
-0.00802296
-0.0330856
0.0318023
0.01476
-0.0016923
0.00918192
-0.0406595
-0.0112869
-0.0065619
-0.00728694
0.0104403
-0.0129965
-0.003916
-0.000443614
-0.0387312
0.010858
-0.065964
-0.0322297
-0.0262277
0.00911985
0.0051002
-0.029583
-0.0322161
-0.0376431
-0.00027554
-0.00274113
-0.0381305
-0.0220468
-0.0382794
0.000586899
-0.0180406
-0.0206678
-0.0180874
-0.0581622
0.0057719
-0.0292401
-0.0229492
-0.0222763
-0.0462742
-0.0105398
-0.0203383
-0.0216166
0.0132821
-0.0454613
-0.0076516
-0.0439179
0.0277885
0.0185056
-0.0086451
-0.0124035
-0.0340614
0.0357989
-0.000453912
-0.00270315
-0.0190677
-0.0438501
0.0185024
0.0266581
0.0173112
-0.0207181
-0.0188953
0.0298662
0.0228415
0.0502451
-0.0204918
-0.0185323
0.0174002
-0.00382249
0.0322563
0.00941074
-0.0192052
0.0207403
0.0321814
0.0672796
0.00103918
0.0199381
0.0231011
-0.0051789
0.102831
0.0394303
0.0573468
-0.0175133
-0.000453197
0.0348878
0.0403673
0.0340718
-0.0141513
0.00564186
0.00333372
0.012172
0.0023603
-0.00811629
0.00618167
-0.0381113
0.0096337
0.0211791
0.00295785
-0.00622554
0.0199004
-0.0071204
0.0130992
0.00141427
-0.0054876
-0.0189575
0.00482951
0.0135242
-0.0303982
-0.00181277
-0.0118658
-0.00758203
3.43832e-05
0.00915865
0.027452
0.00475597
-0.00741703
0.0200133
-0.0121983
0.00208581
-0.0238093
-0.0104925
-0.0239615
-0.00323878
-0.0140848
0.00419843
0.00555116
-0.0095175
0.00603962
-0.013971
-0.00577979
0.00339336
0.0128354
-0.00583248
0.0200344
-0.0159152
0.0146893
-0.00822889
0.0102753
0.0167648
0.000707103
0.0243671
0.0211504
-0.00473531
0.00794647
-0.00286148
0.0322299
-0.00693317
0.0197422
-0.00200634
-0.0119411
-0.00473842
-0.0538117
-0.00940668
-0.0151258
0.0219903
0.0161733
0.0286599
0.0143704
-0.00765949
-0.0202022
0.00380203
-0.0239851
0.00572194
-0.0060405
-0.0143444
0.000825626
-0.0289823
-0.0126278
-0.0101208
0.0100195
0.00761872
-0.00400228
0.00830325
-0.00729356
0.0136722
0.0216273
-0.00978624
-0.00919955
-0.0175938
0.0149668
0.0228684
0.0307777
-0.00269363
-0.0219725
-0.00777003
0.00134992
-0.00600238
-0.00437944
-0.0242327
0.010678
0.0089134
0.0316716
0.00121336
0.00148053
0.00662922
-0.00355458
0.0187402
0.0182955
0.0142552
0.00190718
-0.00676288
0.0244045
0.00725584
0.0246796
-0.000934135
0.0186809
0.0306402
0.0321213
0.0310768
0.00396188
0.0265828
0.00923298
0.0313947
0.0296585
-0.00498265
0.0250259
0.0127771
0.0242197
0.0285489
0.00412517
0.0287157
-0.00764487
0.0486468
0.0230489
0.0017033
0.044139
-0.0273005
-0.00470204
-0.0237513
-0.0165144
0.0147776
-0.0193174
0.00462576
0.0186865
-0.00468812
0.0296758
-0.0185894
-0.00486475
0.0236181
0.0036746
0.0320987
-0.0492856
-0.0612215
-0.0293545
0.0066091
-0.00324372
-0.0220169
-0.014819
-0.0638677
-0.0131709
-0.0346876
-0.017433
-0.0214486
-0.077023
0.00607845
-0.0403909
-0.00979836
0.00710533
-0.0337849
-0.00564231
-0.0350847
-0.01357
0.00587611
-0.0278062
-0.0263255
-0.0113712
0.00650852
0.0100324
-0.0164645
0.0246723
-0.0312163
0.0215855
0.0168437
0.00573459
-0.0041279
-0.00524939
0.012981
-0.0102784
-0.00367543
-0.0426235
-0.0431988
0.0281501
0.0244341
0.0515955
-0.0226527
-0.0238697
0.0139672
0.00662835
-0.00110359
-0.0118221
0.0172108
-0.00929513
0.0100161
0.052238
0.0022916
0.0281115
0.0145745
0.00388308
0.0542615
0.0273159
0.0235917
-0.00132545
-0.00673873
0.00624843
0.028361
0.0278948
-0.0040482
-0.0162502
0.0144826
0.0073646
0.0163105
0.000922739
-0.00597845
0.024702
0.046413
0.0527377
-0.00373421
0.0228651
-0.00609554
0.0584074
0.0176454
-0.0106008
-0.00814578
-0.0449713
-0.00101478
-0.0353725
0.0349179
-0.00385448
-0.045374
-0.0148559
-0.0432263
0.00361544
0.0199167
-0.00879126
-0.0102094
-0.0290761
-0.000269748
-0.00730305
-0.0177988
0.0314039
-0.0160663
0.0129137
-0.0116569
-0.00737743
0.0108453
-0.0170214
0.00624093
-0.0143323
0.0110608
0.00052964
-0.0043428
0.00948342
-0.00362773
-0.0226444
-0.0174234
-0.0329625
-0.00936901
-0.0302653
-0.0238614
-0.00234983
-0.0111922
0.00666636
-0.00738756
0.0385094
0.0255971
0.0190644
0.0047558
-0.00227968
0.0146869
-0.0089895
0.00838502
-0.00808516
-0.0047337
0.00903748
0.00550094
0.0181496
0.0242962
0.00201598
-0.00868617
0.00223181
-0.00869938
0.00838142
-0.00592042
-0.00962123
0.00627415
-0.00680764
-0.0196886
-0.0272488
0.00830526
0.0144949
0.0320194
0.00322798
0.0308333
0.017051
-0.0101751
0.0630751
0.0449078
0.0450133
-0.0107914
0.00808726
0.00415126
0.0199047
-0.00708689
0.0122607
0.00458724
-0.0326684
-0.00539364
-0.0163443
-0.0027818
0.0164066
-0.0422682
-0.00749815
-0.0260356
-0.00361024
-0.0119386
-0.0193881
-0.0144683
-0.00371688
-0.00246262
-0.0103739
-0.00689964
-0.00915059
-0.0097386
-0.0078177
-0.000539484
-0.00633567
-0.00834852
0.00757318
0.00866479
0.017889
-0.0163825
-0.0128719
1.39386e-05
0.0058577
-0.0332893
-0.0229104
-0.0261177
-0.00631038
0.0100928
-0.00941547
0.0127047
0.00676919
0.0217604
0.00346347
0.00117791
0.0220218
-0.0394029
0.0172522
-0.00359771
0.00154381
-0.0146462
0.00607778
-0.0108998
-0.0101653
0.00541737
-0.0417521
0.0167894
0.0120422
0.007563
0.011133
-0.0231185
-0.00415349
-0.0125873
0.0192948
-0.0182329
0.0208849
0.0186348
0.00555222
-0.000500081
-0.00400436
0.0147008
-0.00714649
0.0486657
0.024482
0.0106483
-0.0282214
-0.00967896
-0.0299973
0.0155707
0.00382297
-0.0287951
-0.0273475
-0.0650576
-0.0122646
-0.0265203
-0.0190018
0.0197675
-0.018662
-0.0107732
-0.0068958
0.0284842
-0.0250329
-0.0263222
0.00352373
-0.0257852
0.0052769
-0.00516412
-0.0189577
-0.0195529
-0.0258392
0.000347531
0.00222424
-0.0318744
-0.0183679
-0.0285046
0.0141361
-0.00662857
-0.0221035
-0.0274366
-0.0296483
0.0106952
-0.013402
-0.00970721
-0.0352031
-0.0261384
0.00277842
-0.0101925
0.04999
-0.0112364
0.00473133
-0.015333
-0.0112457
0.024064
0.00714498
0.0355084
0.00339204
0.0118926
0.0484898
0.0218414
0.0422663
0.00303058
0.00885153
0.0305814
0.0387592
0.0392359
-0.00275202
-0.0103011
-0.0134909
0.0120144
0.0124978
0.011006
0.00137364
0.0152581
0.00626981
0.0305098
0.0111832
-0.00539329
0.0258643
0.0310906
0.077824
0.000137404
0.063674
-0.00485115
-0.0202374
0.0173383
0.0177457
0.00629153
-0.0392275
-0.0190196
-0.0279463
0.0310521
-0.00596041
-0.0137354
-0.00764159
-0.0425717
0.0130373
-0.021745
0.00781937
-0.032081
-0.0218333
-0.00564993
-0.0172389
-0.013354
0.00103612
-0.0108246
-0.0151005
-0.0216751
-0.0135625
0.0125055
-0.00437469
0.00150418
-0.00995626
0.0075945
0.00477308
0.0062612
0.00571672
-0.0305188
0.00653989
0.00782065
0.00451225
-0.0125956
-0.017325
0.0205524
-0.00248866
0.0417922
0.00475233
-0.0176245
0.0186471
0.00668556
0.0334842
-0.00736414
0.00924305
0.00662887
0.0161924
0.0343851
0.00768308
0.0282998
0.00201892
-0.0213909
0.0614871
0.0292504
0.027039
-0.00415694
0.00344258
0.0137056
0.0127446
0.0164027
0.00212013
0.013513
0.0263746
0.0122324
0.0252362
0.00122948
0.00100527
0.0407263
0.0363424
0.065849
-0.00918911
0.0282939
0.0632191
0.0701701
0.0513312
-0.0248977
0.012429
-0.0359896
-0.0137583
-0.0189167
0.00126612
0.0127273
-0.0210298
-0.00046621
-0.0136166
-0.00130766
0.0189353
0.00492848
0.00811849
0.0115861
-0.0156873
-0.00128919
-0.00704674
-0.00535339
-0.00603519
0.00707847
-0.0234858
0.00111424
0.0208645
-0.00152122
-0.0214057
0.00402142
-0.0133457
-0.00967477
-0.0136983
-0.00674575
-0.00916855
-0.016925
0.0213125
-0.00759165
0.00200802
0.00139137
-0.0019228
0.0414849
0.0114983
0.0198841
0.00986294
0.0219251
-0.0305452
0.00545777
-0.00347014
0.0094193
-0.00888184
-0.0314257
0.00554861
0.0175522
0.000211576
-0.0190596
-0.00367675
0.0125781
0.01303
0.00141251
-0.00951262
-0.00026756
0.0060214
-0.0191955
-0.0058273
-0.00810927
-0.0114581
-0.0233005
-0.00749625
0.0150563
0.0056028
-0.00813952
0.036857
0.0175669
0.0365393
-0.00252499
0.0285317
0.0432005
0.0314145
0.0438972
-0.036024
0.0146002
-0.0412671
0.011715
-0.0046772
-0.00416976
0.00407335
-0.0581241
0.000650756
-0.0110062
0.0132133
-0.00693192
-0.01511
-0.000423114
-0.0225406
-0.0040732
0.000644539
-0.0087889
0.00193112
-0.0204667
-0.00309471
-0.000436755
-0.0170274
-0.010808
-0.000300697
-0.0137427
-0.0159812
-0.00221963
-0.0249217
-0.0219892
0.00585302
-0.012205
0.00670884
-0.0120158
-0.0185525
-0.0111522
-0.0148743
0.0195003
0.000824894
0.0101145
-0.00735238
-0.010341
0.00617797
0.00432446
-0.00177466
0.0195753
-0.00508384
0.031379
0.0221446
0.0430042
-0.0174572
0.00901233
0.0272685
0.00549941
0.0225517
0.00845319
0.0125669
0.0113585
0.0150243
-0.00470216
0.00476414
-0.0177222
0.00284388
-0.0147793
0.0081135
-0.0216725
0.000436083
0.0176817
0.0162097
0.0210601
-0.000779847
0.0263288
0.00496068
0.0198449
0.0447797
0.0333865
0.0457992
0.0136209
-0.0255641
-0.0118358
0.0305897
0.0246142
-0.0156776
-0.0212289
-0.0502097
0.010401
-0.035721
-0.0125169
0.00789685
-0.00726127
0.0147982
-0.0106825
0.00625822
0.00601822
-0.0133304
-0.0271581
-0.0137151
-0.00962898
-0.00230227
-0.0320497
-0.0166531
-0.0268073
0.0191906
-0.00163726
-0.0194334
-0.0309042
-0.024311
0.0115729
0.00330694
0.00758914
-0.00898083
-0.00278675
-0.000268648
0.0104282
0.00174596
0.0127784
-0.00549099
-0.00103418
-0.0057976
0.00504539
-0.00886867
0.000978794
-0.0127031
-0.0228434
0.0362246
0.00385912
0.00430511
0.0196034
-0.00319749
0.0173547
0.0203149
0.00272937
0.0196942
0.0220863
0.026056
0.00119838
0.00534718
-0.0058077
-0.00196723
0.00151135
-0.00531772
-0.00297724
-0.00107515
-0.0279176
0.0113123
0.00878651
0.0173965
-0.0053696
-0.000301946
0.0194486
0.0334619
0.0286039
0.0112892
0.0429965
-0.0292711
-0.0190723
-0.000944741
-0.00819224
0.0168378
-0.0290519
-0.00045998
-0.012655
0.0157295
-0.00281888
-0.0219792
-1.52158e-05
-0.0505765
0.0276562
-0.0316726
-2.86586e-05
-0.00126604
-0.00990146
0.00769526
-0.0322361
-0.0185648
-0.0096703
-0.00854934
-0.0348653
-0.0278075
-0.0221978
0.0126284
-0.0243597
-0.0112831
-0.0110313
-0.00587816
0.00641385
-0.00704397
0.0233986
-0.0164886
0.0199364
0.0176409
0.0255497
-0.00765259
-0.0158445
0.00869147
0.0179507
0.0137656
-0.0135412
-0.00245715
-0.00203902
-0.0144254
0.00491971
-0.0169784
-0.011441
0.017953
-0.00469227
-0.0123003
-0.00765029
-0.0174353
-0.00513298
-0.0228798
0.0151114
0.0069219
-0.00497584
-0.00726606
-0.00681282
0.0283583
-0.00616338
0.0124135
0.00351928
0.010437
0.00657755
-0.00104632
0.0206508
0.00916806
0.0022795
0.0387515
0.0398766
0.0494551
0.00915295
0.000505744
0.0424222
0.023191
0.0265167
-0.0160772
0.0287657
0.0210638
0.0326457
0.00796767
0.00267261
0.0390662
-0.0265343
-0.018553
-0.02508
0.0100258
0.00394535
-0.00346341
0.00805824
0.000846253
0.000312959
0.00806543
-0.0210712
-0.0281124
-0.0468412
0.00655672
-0.0379572
-0.00875352
-0.0251925
-0.0408922
-0.000208079
-0.0258614
0.0022924
-0.00558825
-0.0215082
0.00372657
-0.00974264
0.0189212
0.0509393
0.0286347
-0.0186838
-0.0286894
0.00953937
-0.0134953
-0.00876973
0.00240385
-0.00243527
0.0253913
-0.00521529
0.00358747
-0.00549635
-0.00148674
-0.0117935
0.000649912
0.0118311
-0.0237348
0.0144622
0.0162762
-0.015554
-0.0019572
-0.00266069
-0.02305
-0.00542892
-0.00640945
0.00238786
0.0139409
0.00326023
0.00861643
-0.00919396
0.012301
0.00611634
0.00503937
0.002019
0.0141279
0.0361596
-0.00428023
0.0172086
0.00281992
-0.00623062
0.00562891
0.0138353
0.01817
-0.0102828
-0.0120793
0.00711218
0.0246963
0.0240596
0.00483139
0.0109179
-0.05486
0.0103083
-0.0273199
0.00965954
-0.0112956
-0.0306262
-0.0128486
-0.0264917
-0.0041441
-0.00567155
-0.0567428
-0.0438773
-0.045596
0.0149167
-0.0286963
-0.0294236
-0.0332805
-0.0360947
0.0192848
-0.0498572
0.0135094
-0.0317876
-0.032318
0.00192035
-0.0293425
0.0143244
-0.0065938
0.00734061
0.0275089
0.00675556
0.0318281
0.0236378
0.0396495
0.00176479
0.0269398
0.012352
0.0284338
0.0256299
0.00189675
0.0164935
0.00290825
0.00589017
0.0188104
0.0193185
-0.0173093
-0.00337883
0.00434182
0.00176081
0.00251795
0.0167835
0.00111271
-0.0178528
-0.00623671
-0.00757329
0.0315424
0.0194622
0.00304423
-0.00543895
0.00702133
0.00821276
0.0133013
0.00120185
0.00590176
0.00164112
0.0151946
-0.00666607
0.0120399
0.0372688
0.0168019
0.00618257
-0.0181835
0.0177761
0.00921732
0.0154163
0.0201019
-0.0394348
0.000966553
-0.0515656
-0.00584167
-0.0198437
-0.0111822
-0.00939692
-0.0291073
0.0254398
-0.0100935
0.0253059
0.0114954
0.00553568
-0.007907
-0.0301251
-0.0115159
0.00325656
-0.0208587
-0.0190193
-0.0185342
-0.00304247
-0.0148174
-0.0249988
-0.0163585
-0.0321167
-0.00670206
-0.0180211
0.0196872
-0.00647393
-0.0151886
-0.0143149
-0.00891704
0.0262274
0.0216761
0.0253313
-0.00786512
0.00184844
0.0195807
0.00293654
0.0290909
-0.000870165
0.0271725
-0.000734943
0.0311164
-0.00447388
-0.00631516
-0.00366518
-0.0152197
0.0139658
-0.0222027
-0.0262179
0.000124778
-0.00917989
-0.0203929
-0.0123191
-0.0115929
-0.0350816
-0.0121602
-0.0332401
0.00291799
0.0148135
0.00361474
0.0154744
0.00769097
-0.000553421
0.000276172
-0.00917594
0.00682958
0.00295824
-0.0034146
-0.0210101
0.0199611
0.0188677
-0.0251136
0.0119708
0.00123709
0.0343698
-0.00911796
-0.0319507
-0.00443273
0.00721029
-0.00153369
-0.0439748
-0.0290727
-0.0302817
-0.00432312
-0.0151611
0.0040007
-0.00506834
-0.0211626
0.0147791
-0.0103121
-0.00404029
-0.036874
-0.0359692
0.00258078
-0.017583
0.0162425
0.00702744
-0.0233874
-0.0351976
-0.0261396
-0.0174778
-0.00674302
0.0040859
-0.0112732
-0.00641227
0.0226141
-0.0154957
-0.00763863
-0.0376183
0.00371932
0.0327033
-0.000285202
0.0136972
-0.00236965
-0.0154112
-0.0104553
-0.0199723
-0.020594
-0.014933
-0.00526517
-0.00851007
-0.00305067
0.0195735
-0.0215196
-0.00147453
-0.00442438
-0.0257281
-0.0201197
-0.0073115
-0.0187153
-0.0033856
-0.0297989
-0.00805947
-0.0165335
-0.0163666
0.00260953
0.00851814
0.0282455
0.00233056
0.0285168
0.00503827
0.00639261
0.0249867
-0.00418382
0.0215236
-0.0112797
0.00354031
0.0474577
0.0124173
0.0160142
0.0125043
-0.00143586
-0.00368771
0.0153196
0.0180475
0.00606934
0.027587
0.0263683
0.0373269
-0.033331
0.0103902
0.0292158
-0.0403534
-0.0162643
0.0015236
-0.0105813
-0.0201551
-0.0173734
-0.0456584
-0.0228638
-0.00679448
-0.0211258
0.00877252
-0.00434203
-0.0344064
0.0118109
-0.021348
-0.0163598
-0.0143997
0.00483433
-0.015225
-0.0265313
0.0208215
0.025619
0.00406381
-0.0191883
0.0103747
0.0149006
0.0124262
0.0260224
-0.00205931
-0.00337647
0.0209408
-0.0118598
0.0347205
-0.00235136
0.00490457
0.0223595
0.000527311
0.0250485
-0.00335455
0.0132743
-0.00484863
-0.00060176
0.00915326
-0.00925927
-0.00305838
0.00761501
0.0020108
0.000435474
-0.0226858
-0.0234008
-0.015417
-0.0191586
0.00342491
0.0205084
-0.0103283
0.022541
0.0134653
0.031967
0.0138708
0.0322015
-0.00907281
0.00367417
0.0151057
-0.00434885
0.0387898
-0.00262743
-0.016968
0.014947
0.00452201
0.0359407
-0.00631041
0.0328399
0.0389838
0.0337561
0.0301924
-0.0192773
-0.00101262
0.0126942
0.04144
0.0141857
0.000725049
0.0174867
-0.0161742
-0.00121187
-0.00961649
0.00889939
-0.0145219
-0.0292306
-0.0107913
0.00111048
0.0176474
-0.00991304
0.00847309
0.0176461
-0.0132939
-0.0224521
-0.0177107
-0.00551457
-0.00564479
-0.00423957
-0.000511489
-0.00592455
0.0098822
-0.0083177
0.0279669
-0.00296867
0.0132852
0.00611994
0.0283716
0.0304364
-0.00870627
-0.0148334
0.00206695
0.00775028
0.0151348
-0.010668
0.0288255
0.00697439
-0.00389321
0.012796
-0.00574929
0.0215014
-0.00716478
-0.0171781
0.00890098
0.019577
-0.00664127
-0.00777158
0.00697056
-0.00487258
-0.0142208
-0.0115315
0.00444114
0.00625409
0.00887133
0.0256541
0.0249858
0.0252634
-0.0158664
0.0101074
0.0237985
0.0141432
-0.00373554
-0.0091632
0.0118137
0.00326866
0.0533782
0.00417368
-0.00636686
0.026904
0.0114042
0.036494
-0.00912714
0.00780833
-0.0228671
0.0256011
0.0139526
-0.0113914
0.00375224
0.0143704
0.044604
0.0157315
-0.00633221
-0.00335178
-0.00140854
-0.00159726
0.0011428
-0.00968424
-0.0164724
-0.00197613
0.00808265
0.014079
0.0109365
-0.0174418
0.0158207
-0.00183926
-0.00183088
0.0106342
-0.0068033
-0.000926238
0.0160509
-0.00570421
-0.00164954
0.0227873
0.0081539
0.00854045
0.0210008
0.00922464
-0.00930593
0.00741677
-0.00874212
0.00593226
0.000774482
-0.000399706
0.0146582
0.0134927
0.0112192
-0.00194051
0.017592
-0.0105624
0.0190898
-0.0221556
0.00835521
0.00251849
0.00485101
0.00670905
-0.0294412
0.00321461
-0.0123802
-0.0375545
-0.02943
-0.0064171
-0.00597751
0.00418639
-0.027543
-0.000516178
-0.00159374
0.0115025
-0.00286233
-0.0120654
-0.0312975
-0.010287
0.00147798
-0.0197355
-0.00169017
0.0363483
0.0205753
0.00714722
-0.0130146
0.0098668
-0.00666343
-0.011129
-0.00327119
-0.0015305
-0.0110129
0.0103205
0.023753
-0.00419916
0.0215233
0.0169932
-0.0119298
0.00627101
0.0131503
0.0127783
-0.0049934
-0.00782844
-0.028523
-0.00957793
0.00513014
0.0108263
0.00784649
-0.0314432
0.00243209
-0.0408193
-0.0139448
-0.00726371
-0.00190826
-0.00406297
0.00174939
-0.0257739
0.00360495
-0.00346834
-0.0123607
-0.0379437
0.0139961
0.00988844
0.0044651
-0.0218039
-0.0234979
-0.00538589
0.00815904
0.00487629
0.00125957
0.00241206
-0.00479034
-0.00555842
0.0145589
-0.001751
0.00509331
0.00456891
-0.0185844
-0.00167662
0.0127914
-0.000623412
-0.00538394
-0.0025137
-0.0153612
-0.0142934
-0.0185741
-0.00409168
-0.00268508
0.0109666
-0.0129385
0.0140618
0.00497224
0.0157337
-0.012965
-0.0229133
0.000983158
0.00452469
-0.00494136
0.00494395
-0.00448729
0.0133758
-0.0106337
0.0103338
0.0104821
-0.00430118
0.0218742
0.00699561
-0.0161414
-0.00146489
-0.00701958
0.0126732
-0.00816056
0.00896614
0.0035444
0.00602617
0.0109221
-0.0161239
0.00375917
-0.0127358
-0.0146668
-0.0257495
-0.00360498
-0.016594
0.00807833
0.00944947
0.00147225
-0.0130358
-0.0409569
0.0269342
-0.000798768
0.0197674
-0.0120506
-0.00538451
-0.00446356
0.00496052
0.00636656
-0.0130015
-0.0113225
0.0141863
-0.0154839
-0.00301817
-0.00627647
-0.00425404
0.0264185
-0.00373727
0.019927
-0.0221394
-0.00357548
0.024036
-0.0158832
0.0338105
