0
0.139377
0.155985
0.154684
0.333735
0.513161
0.416374
0.648066
0.676779
1.46439
0.927135
1.14529
1.19178
1.21133
1.45205
2.08956
2.41699
2.83391
3.16122
4.19091
5.16052
6.70059
8.9163
12.8254
21.7181
31.3752
-129.937
-4.7312
-14.789
-12.1908
-8.17257
-7.32436
-6.2086
-5.49782
-4.7923
-3.56034
-2.69144
-2.25825
-1.74856
-1.30549
-0.803179
-0.979805
-0.520176
-2.03503
-1.98224
-3.38864
-4.62461
-7.75261
-9.73574
-14.2869
-18.4503
-8.01835
72.5075
-18.7086
-9.53761
5.63911
4.56877
2.64123
3.97238
4.49765
1.69055
1.91264
0.854115
-0.026747
-1.83363
-2.35096
-2.70347
-1.34006
-3.10031
-0.618088
-0.669788
0.746423
1.02892
3.06793
0.829488
2.97024
6.01279
-4.48567
-46.8779
39.0392
-29.4053
13.224
-7.88343
-0.522393
-2.62553
-1.69348
-1.64842
-1.91255
-2.41797
-3.11625
-3.37746
-1.71691
-1.29618
-2.93337
-2.09489
-1.3445
0.858217
0.992106
-0.637362
-1.91569
-7.38128
-9.32672
-14.5978
-15.7074
20.8149
-10.2485
5.28736
-2.64022
-1.39163
1.05706
0.0370438
-0.209303
0.963494
0.820276
-1.00431
-0.0536522
-0.110306
-1.90314
-0.12132
-0.885714
-0.463018
-0.81327
-1.38903
-3.02897
-1.75691
-2.94148
-2.14382
2.88422
12.5265
24.3183
-4.62613
-6.77964
5.53651
-5.42802
6.20925
-2.46551
4.4696
-3.81547
2.13715
0.552139
2.75066
-1.07923
-0.332423
0.76233
-1.05501
2.22723
1.08709
0.402553
1.2327
3.1702
1.28833
1.75156
3.88267
3.21945
-2.16407
-24.0027
-21.7925
29.4662
8.25656
-12.1336
-7.72931
-0.276058
2.66852
2.19419
0.637682
-1.42393
-2.34634
-1.52756
-0.214852
-0.87828
-1.57663
-1.54303
-1.99578
-1.39854
-0.35254
-0.07723
-0.128312
-0.0677713
-0.468695
-1.58639
-1.0732
3.44213
0.624202
-1.20914
0.901201
-0.0118275
0.847425
0.555075
0.332478
-0.0319803
-0.980122
-1.13809
-0.484937
-0.221633
-0.41851
-0.0209768
-0.651756
-1.00595
-0.968517
-0.529407
-0.617538
-0.64829
-0.888713
-0.840064
-0.199987
0.365447
1.00069
0.236074
0.177103
-1.02656
-0.0894412
-0.00527142
-0.0977453
-0.298934
-0.137041
0.0131735
0.0638624
0.0474735
-0.104865
-0.0186328
0.0552549
-0.0258207
0.153654
0.122002
0.150756
0.25548
0.421889
0.629168
0.973739
0.463439
-0.209913
-1.1062
-1.79032
-0.293309
-0.48835
-0.250835
-0.394959
-0.468846
-0.214033
-0.252337
-0.403096
-0.3809
-0.415875
-0.41524
-0.319999
-0.286703
-0.340084
-0.24085
-0.282605
-0.286771
-0.306421
-0.356235
-0.422651
-0.592502
-0.67197
-0.24882
0.158334
0.698503
0.480501
-0.398227
0.0647244
-0.1355
-0.0506422
-0.0182556
-0.0232469
-0.115662
-0.0905913
-0.0900608
0.0162117
-0.0301353
-0.10135
-0.135221
-0.12165
-0.188293
-0.14892
-0.206244
-0.191063
-0.0468679
-0.230995
0.00400021
0.18623
-0.132289
-0.818922
-1.45238
-0.583048
0.730773
-0.516136
-0.29537
-0.450414
-0.184524
-0.20318
-0.151316
-0.223374
-0.204082
-0.307602
-0.193558
-0.248496
-0.118741
-0.278143
-0.219336
-0.344844
-0.16854
-0.16969
-0.158324
-0.0521681
-0.165088
-0.223259
-0.138358
-0.0757518
-0.0308686
-0.210603
-0.320789
0.049262
-0.197889
-0.104298
-0.202006
-0.170068
-0.144891
-0.102409
-0.132098
-0.0891808
-0.261354
-0.180669
-0.167194
-0.226332
-0.0939393
-0.192419
-0.106775
-0.0743696
-0.0818457
-0.132549
-0.0988344
-0.195834
-0.0804554
-0.202618
-0.0560515
0.0136545
-0.123823
-0.250973
-0.168019
-0.130162
-0.145623
-0.0930853
-0.121904
-0.133288
-0.172204
-0.18169
-0.0322726
-0.0932201
-0.0707836
-0.0435503
-0.122843
0.0734881
-0.062346
-0.181104
-0.278358
-0.293747
-0.205982
-0.108798
-0.0106251
-0.243535
-0.240306
-0.0409573
0.378593
-0.83941
0.586519
-0.66999
0.113691
-0.0489242
-0.010902
-0.208386
0.00749518
0.0400986
-0.155091
-0.139217
0.255752
-0.0868021
-0.240475
-0.27279
0.0868302
0.149589
-0.110425
0.244083
-0.374487
0.193613
-0.51016
-0.305699
-0.0740868
-0.239133
-0.448837
0.667493
-0.703611
0.904147
-1.43003
0.598732
-0.593584
-0.163441
1.33387
-1.91296
0.86978
-1.01344
-1.4117
-0.206926
-0.0905259
0.228872
0.517436
-0.0722866
-0.849654
-1.92054
-0.678609
-0.930099
-1.15152
1.22978
1.3959
-0.511666
-0.570885
1.1009
-0.486066
-1.24361
-0.805718
0.0761906
0.504088
0.622703
-0.343478
-0.175194
-0.439893
-0.486479
-0.253828
0.210663
-0.177611
-0.389989
-0.129907
0.107865
-0.212916
0.061129
0.0813899
0.404407
0.365256
-0.118516
-0.15485
0.430054
-0.600912
-0.580083
0.0896196
-0.0993698
0.149102
0.0320949
-0.144155
-0.273071
0.127631
0.17532
0.107168
-0.0923455
-0.0311807
-0.112878
-0.0914567
-0.118006
0.023641
0.154959
0.293037
0.0207422
-0.179236
-0.505879
-0.268685
-0.106228
-0.179428
-0.56008
0.553039
-0.519354
0.0992606
0.228624
-0.425514
0.253133
0.0022758
0.0273977
-0.358061
-0.467934
-0.379403
-0.0914242
-0.321714
-0.276446
-0.481426
-0.200503
-0.33458
-1.01127
-1.24305
-0.498795
-0.314904
0.086787
0.121882
-0.035359
-0.165731
-0.0410272
-0.156036
-0.0779262
-0.125629
-0.125235
-0.107674
-0.116533
-0.113263
-0.109553
-0.107329
-0.110596
-0.106312
-0.10658
-0.109192
-0.109592
-0.107163
-0.106884
-0.107264
-0.105326
-0.104858
-0.104211
-0.103775
-0.103392
-0.103037
-0.10358
-0.101177
-0.0992602
-0.102832
-0.0953978
-0.122768
-0.101471
-0.102618
-0.107728
-0.0929025
-0.0937585
-0.0852631
-0.100541
-0.101942
-0.102703
-0.0926262
-0.0777058
-0.0898833
-0.0898134
-0.0893516
-0.0787609
-0.084473
-0.0876762
-0.0927412
-0.0895962
-0.0946534
-0.0748494
-0.107704
-0.0738919
-0.0525128
-0.106503
-0.102222
-0.074638
-0.123045
-0.128494
-0.0987823
-0.0662349
-0.0864772
-0.105065
-0.0894716
-0.0927905
-0.0857287
-0.0872146
-0.0851918
-0.0835183
-0.0654386
-0.0740243
-0.122992
-0.0827102
-0.0837291
-0.0605994
-0.0718244
-0.100147
-0.0797457
-0.0714567
-0.0800197
-0.086313
-0.0729673
-0.183908
-0.082834
-0.0824306
-0.0712535
-0.118993
-0.0895442
-0.0806637
-0.104981
-0.0580619
-0.0736788
-0.0807687
-0.0778219
-0.0775645
-0.0827358
-0.0966576
-0.0636747
-0.0681926
-0.0740835
-0.0561599
-0.0823496
-0.077504
-0.0689725
-0.0827267
-0.0538563
-0.0762363
-0.0812716
-0.121591
-0.0771917
-0.0779601
-0.0694523
-0.094279
-0.0788609
-0.0745652
-0.0489811
-0.0453145
-0.0646333
-0.0704867
-0.0719092
-0.0687721
-0.0874075
-0.0434596
-0.0818874
-0.0804195
-0.0865781
-0.0798656
-0.089796
-0.0602981
-0.0686153
-0.0571319
-0.0938091
-0.0501339
-0.0924494
-0.0902842
-0.095355
-0.0378393
-0.0689314
0.11413
-0.573229
0.031004
0.00403886
-0.0486239
-0.0457272
-0.00108475
-0.144466
0.0648941
-0.204042
0.221796
-0.119246
-0.090333
-0.0807537
-0.0461683
-0.0412274
-0.0554608
-0.115195
0.377574
-0.254828
-0.0796559
-0.0912812
-0.0830341
-0.124249
-0.0927882
-0.0766924
-0.684839
-0.151026
-0.0406984
-0.041227
-0.119681
-0.107149
-0.0383587
0.0397762
0.0407555
-0.445898
-0.450933
-0.22065
-0.105158
-0.0724033
-0.0908628
-0.121561
-0.190501
-0.311475
-2.79281
0.221518
0.0535932
0.0143578
-0.0212273
-0.0209383
-0.0551089
-0.032894
-0.0551982
-0.0545301
-0.0649752
-0.0612367
-0.0709755
-0.0766677
-0.100339
-0.137084
-0.243204
-0.716535
0.263095
0.112574
0.0420718
-0.00124938
-0.0319494
0.0146878
0.052165
0.257112
-1.6155
-0.170351
-0.132685
-0.087938
-0.00868223
-0.0184421
-0.0337008
-0.112056
-0.166817
-0.880779
0.12523
-0.0105571
0.00570477
-0.00908013
-0.00181239
-0.0663917
0.110779
0.291319
-0.154933
-0.0690154
-0.0632257
-0.0416984
-0.040832
-0.0246664
-0.00199549
-0.106311
0.0567334
0.0746216
-0.139951
-0.0605644
-0.0342148
-0.0884689
-0.0772501
-0.0590051
0.00871181
-0.676851
0.119604
-0.083998
0.00947337
-0.0163693
0.0613105
-0.0370572
-0.035766
-0.110059
-0.0604785
-0.0511746
-0.0168231
-0.0593629
-0.0273631
-0.0242379
-0.0232775
-0.0462324
-0.0217978
-0.0396785
-0.0239459
-0.0399031
-0.034634
-0.0348715
-0.0465265
-0.0703789
-0.00251973
-0.0296582
-0.0299289
-0.0280164
-0.0318654
-0.0321214
-0.0286274
-0.0233945
-0.0417698
-0.0254072
-0.0338535
-0.0319764
-0.0331654
-0.0265505
-0.0322748
-0.0316685
-0.0432068
-0.00350198
-0.0276935
-0.0329469
-0.0229252
-0.0225588
-0.0334183
-0.0491148
-0.0326154
-0.0226389
-0.0213597
-0.0287265
0.0821455
-0.0380697
-0.0366414
-0.0270072
-0.0508842
0.00309061
-0.0233431
-0.0261108
-0.0305497
-0.0289473
-0.0589797
0.0181545
-0.0444283
-0.0162772
-0.0211916
-0.0945859
-0.043714
-0.0368093
-0.00525483
-0.0417048
-0.0527227
0.00912742
-0.00967235
-0.0147555
-0.0122247
0.0262048
0.612188
-0.0913974
-0.0178159
-0.0358094
-0.0295563
-0.0185344
-0.0504402
-0.00438372
0.00765037
-0.0190286
0.0860856
-0.084416
-0.0417929
-0.029811
-0.0483887
-0.0953916
-0.0649257
-0.00785802
-0.0308455
-0.0331128
-0.0229112
0.172432
-0.0392758
-0.0340538
-0.0250859
-0.0391972
0.0730059
-0.00915402
-0.0354072
-0.0227067
-0.0131191
0.103701
0.00687845
-0.0179025
-0.0360979
-0.00716516
-0.0344143
-0.086181
-0.019216
-0.0270798
-0.0262565
-0.0547659
-0.00795293
-0.0174318
-0.0326544
-0.0372925
-0.0280506
-0.0205784
-0.0209919
-0.0586511
-0.0152982
-0.0207421
-0.0376647
-0.0130561
-0.0260967
-0.0167731
-0.0447361
-0.0370711
-0.0204097
-0.0314736
-0.303922
-0.00885095
-0.0192017
-0.0157653
-0.018958
-0.0230161
-0.0235824
-0.0460495
-0.000637439
-0.0124749
-0.0128027
-0.00357934
-0.029821
-0.0050099
-0.0187027
-0.104336
-0.0147045
-0.00806641
-0.00670633
0.0193135
-0.0142564
-0.0083089
-0.0668193
-0.00899059
-0.00675706
-0.00419127
0.0375236
-0.0221784
-0.0147587
-0.0172187
-0.0240134
-0.00240087
-0.0103545
-0.00034976
-0.0228202
-0.0156386
-0.0157658
-0.011291
-0.0114425
0.0241137
-0.017267
-0.0181468
0.0754343
-0.0048775
-0.0132952
0.0293073
-0.0151879
-0.0108486
-0.0079936
-0.0134529
-0.0122615
-0.0212778
-0.0196349
-0.0129582
-0.0284544
-0.00849197
-0.0108271
-0.0105594
-0.0127723
-0.0130233
-0.0141144
-0.00252107
-0.0127691
-0.00703819
0.0262192
-0.0162408
-0.00506694
-0.0136908
-0.00974022
0.00104965
-0.0101876
0.0105471
-0.00733712
-0.00267516
-0.0107775
-0.0202801
-0.00945318
-0.00430053
-0.00646466
-0.0146577
-0.0614242
-0.00564739
-0.00835269
-0.00700938
-0.00775297
-0.00693966
-0.00733828
-0.0216419
-0.00794818
-0.00981201
-0.00697073
-0.00483588
-0.0188252
-0.00472666
-0.00649597
-0.00239561
-0.00486401
-0.00763756
-0.00484049
0.00501691
0.0196416
-0.00792308
-0.0116369
-0.00257648
-0.00591384
0.00493893
-0.00654701
-0.00340775
0.0121995
-0.00564529
-0.00528306
-0.00790521
-0.000281235
-0.00564875
-0.0143273
-0.00714865
-0.00583577
-0.00358265
-0.00107395
-0.00315008
-0.01346
-0.00230606
-0.0018404
-0.00563761
-0.00342663
-0.00190489
-0.00263589
-0.00101858
-0.000272255
-0.000108367
-0.00344664
-0.000931775
-0.00250983
-0.00303008
-0.000934476
-0.00234575
-0.00360752
-0.000179153
-0.000335797
-9.6425e-05
-0.000307556
0.000263933
-0.00101193
-0.000143106
-0.00128224
0.000362251
-0.000863596
0.00059123
-0.000178362
0.000918824
0
0.00109598
0.000178362
0.00138862
0.000863596
0.001591
0.00128224
0.00198712
0.00101193
0.00238745
0.000307556
0.00225124
0.000335797
0.00263452
0.00360752
0.00426564
0.000934476
0.00473245
0.00250983
0.00326619
0.00344664
0.0022103
0.000272255
0.00283873
0.00263589
0.00329248
0.00342663
0.00522939
0.0018404
0.00392204
0.01346
0.00527169
0.00107395
0.00579097
0.00583577
0.00900486
0.0143273
0.0101609
0.000281235
0.00917141
0.00528306
0.00731608
-0.0121995
0.00633641
0.00654701
-0.00284092
0.00591384
0.00491398
0.0116369
0.0084056
-0.0196416
-0.00203003
0.00484049
0.0100387
0.00486401
0.00469146
0.00649597
0.00721738
0.0188252
0.00658641
0.00697073
0.0116548
0.00794818
0.0231946
0.00733828
0.00891272
0.00775297
0.00883777
0.00835269
0.00900813
0.0614242
0.0165889
0.00646466
0.00593777
0.00945318
0.0230689
0.0107775
0.00350745
0.00733712
-0.00872474
0.0101876
0.00162387
0.00974022
0.0154326
0.00506694
0.0178764
-0.0262192
0.00987953
0.0127691
0.0041682
0.0141144
0.0154989
0.0127723
0.0128154
0.0108271
0.0104915
0.0284544
0.0136622
0.0196349
0.0235626
0.0122615
0.0163256
0.0079936
0.0115021
0.0151879
-0.0276137
0.0132952
0.00882761
-0.0754343
0.0204055
0.017267
-0.0304038
0.0114425
0.0132781
0.0157658
0.0170311
0.0228202
0.00242477
0.0103545
0.00462443
0.0240134
0.0185705
0.0147587
0.0242556
-0.0375236
0.00548428
0.00675706
0.0121706
0.0668193
0.00923352
0.0142564
-0.0182004
0.00670633
0.0108326
0.0147045
0.10518
0.0187027
0.00670931
0.029821
0.00175942
0.0128027
0.0145727
0.000637439
0.0510864
0.0235824
0.025179
0.018958
0.019931
0.0192017
0.011601
0.303922
0.0325721
0.0204097
0.0396681
0.0447361
0.017604
0.0260967
0.0160648
0.0376647
0.0223464
0.0152982
0.0568804
0.0209919
0.0255577
0.0280506
0.0403908
0.0326544
0.0192822
0.00795293
0.0585035
0.0262565
0.028408
0.019216
0.0854466
0.0344143
0.00825085
0.0360979
0.0193656
-0.00687845
-0.10373
0.0131191
0.0245022
0.0354072
0.0122764
-0.0730059
0.0390577
0.0250859
0.0358466
0.0392758
-0.168279
0.0229112
0.0353958
0.0308455
0.00923757
0.0649257
0.0981234
0.0483887
0.0314579
0.0417929
0.0880909
-0.0860856
0.0187171
-0.00765037
0.00560375
0.0504402
0.0184725
0.0295563
0.0369004
0.0178159
0.0917252
-0.612188
-0.0226093
0.0122247
0.0155125
0.00967235
-0.00324714
0.0527227
0.0435993
0.00525483
0.0387172
0.043714
0.0964884
0.0211916
0.0189534
0.0444283
-0.0181851
0.0589797
0.0321686
0.0305497
0.028615
0.0233431
-0.00147416
0.0508842
0.0279665
0.0366414
0.0379621
-0.0821455
0.0314027
0.0213597
0.0245296
0.0326154
0.0513333
0.0334183
0.0238507
0.0229252
0.0321696
0.0276935
0.00491434
0.0432068
0.0332869
0.0322748
0.0281926
0.0331654
0.0327916
0.0338535
0.027843
0.0417698
0.0248083
0.0286274
0.0333423
0.0318654
0.0289472
0.0299289
0.031125
0.00251973
0.0719579
0.0465265
0.0368846
0.034634
0.0412823
0.0239459
0.0417009
0.0217978
0.0470366
0.0232775
0.0250522
0.0273631
0.0672865
0.0168231
0.0536627
0.0604785
0.111016
0.0357698
0.0379112
-0.0613105
0.0182028
-0.00944836
0.0868765
-0.119604
0.668913
-0.0086713
0.0640218
0.0772501
0.0912469
0.0342728
0.0625438
0.139951
-0.0732489
-0.0566651
0.0979848
0.00199549
0.0244375
0.0408808
0.0426886
0.0632257
0.0688832
0.154989
-0.300456
-0.110779
0.0708812
0.00194741
0.0111758
-0.00570477
0.012144
-0.125029
0.876262
0.166817
0.113402
0.033917
0.0210228
0.00868223
0.0896611
0.132862
0.172506
1.6155
-0.256951
-0.0520112
-0.0149236
0.0319494
0.00186318
-0.0416003
-0.111631
-0.263095
0.762266
0.244059
0.143157
0.100339
0.0804461
0.0715131
0.0633446
0.0649752
0.0580373
0.0556364
0.0403421
0.0551089
0.0236472
0.0221574
-0.00657383
-0.0535932
-0.210046
2.79399
0.309617
0.190501
0.121714
0.0911502
0.0740389
0.105158
0.221317
0.451101
0.44991
-0.0407555
-0.0382898
0.0386395
0.109032
0.119681
0.0424193
0.0413065
0.169125
0.684839
0.0759962
0.0932382
0.126325
0.0830341
0.0932088
0.080043
0.260222
-0.377574
0.11605
0.0555082
0.0415842
0.0461683
0.08195
0.090152
0.116739
-0.221796
0.204993
-0.0642638
0.148392
0.00108475
0.047069
0.0494388
0.000111246
-0.031004
0.57948
-0.113578
0.0657779
0.0378393
0.0963543
0.090792
0.0934062
0.0501339
0.0950628
0.0576631
0.0713756
0.0602981
0.091885
0.0804376
0.0888864
0.0804195
0.0824788
0.0438761
0.0896802
0.0687721
0.073344
0.0709676
0.0667426
0.0453145
0.0537549
0.0755865
0.0805931
0.094279
0.0694307
0.0784675
0.0776743
0.121591
0.0829351
0.0765704
0.0561525
0.0827267
0.0707629
0.0782377
0.0846359
0.0561599
0.0761663
0.0687282
0.065215
0.0966576
0.0843111
0.0782756
0.0809493
0.0807687
0.0758792
0.0597553
0.106219
0.0806637
0.0904053
0.119459
0.0753723
0.0824306
0.083203
0.18483
0.0762334
0.086313
0.0826698
0.0717714
0.0820931
0.100147
0.0721724
0.0615928
0.0867919
0.0827102
0.125907
0.0747515
0.0677003
0.0835183
0.0879501
0.0880706
0.0898631
0.0927905
0.0914221
0.105637
0.0880001
0.0662349
0.100382
0.129364
0.125107
0.074638
0.104261
0.107318
0.0569043
0.0738919
0.10987
0.0756147
0.0999784
0.0895962
0.0938027
0.0885427
0.0873834
0.0787609
0.0913125
0.090725
0.092034
0.0777058
0.095896
0.10405
0.105612
0.100541
0.0870157
0.0951639
0.096178
0.107728
0.104435
0.10249
0.125434
0.0953978
0.104417
0.100334
0.104365
0.10358
0.104725
0.104436
0.106813
0.104211
0.106794
0.106413
0.110157
0.106884
0.109518
0.110498
0.113141
0.10658
0.108687
0.111734
0.111737
0.109553
0.115241
0.118093
0.111703
0.125235
0.127446
0.0792811
0.160285
0.0410272
0.168194
0.0382949
-0.114872
-0.086787
0.326486
0.501842
1.2493
1.01127
0.332641
0.200046
0.479665
0.276446
0.318928
0.0905689
0.378758
0.467934
0.352693
-0.029442
-0.00819417
-0.253133
0.423129
-0.229181
-0.0947639
0.519354
-0.550863
0.560467
0.177548
0.106228
0.271312
0.505093
0.170933
-0.0207422
-0.294793
-0.156974
-0.0225473
0.118006
0.0911246
0.112865
0.0308014
0.0923455
-0.108571
-0.174391
-0.123707
0.273071
0.142813
-0.0304259
-0.143787
0.0993698
-0.0842834
0.581755
0.603598
-0.430054
0.155098
0.117727
-0.367903
-0.404407
-0.0707239
-0.0581346
0.221401
-0.107865
0.136497
0.393546
0.180525
-0.210663
0.260266
0.48851
0.431325
0.175194
0.339996
-0.620369
-0.488027
-0.0761906
0.816404
1.24463
0.474333
-1.1009
0.586118
0.511012
-1.39898
-1.22978
1.17727
0.9371
0.693715
1.92054
0.834392
0.0670485
-0.531955
-0.228872
0.0976603
0.209915
1.41928
1.01344
-0.874512
1.90959
-1.34785
0.163441
0.588832
-0.600044
1.42127
-0.904147
0.695187
-0.66866
0.456967
0.239133
0.0736147
0.30484
0.506615
-0.193613
0.373076
-0.245775
0.107507
-0.149589
-0.0897297
0.273086
0.236128
0.0868021
-0.255726
0.140544
0.157192
-0.0400986
-0.00449712
0.21108
0.0126255
0.0489242
-0.111116
0.67054
-0.585984
0.83941
-0.381338
0.0414005
0.242867
0.243535
0.0127276
0.11035
0.206796
0.293747
0.276705
0.180278
0.0622902
-0.0734881
0.123196
0.0439199
0.074052
0.0932201
0.0336056
0.182492
0.173489
0.133288
0.122485
0.0940898
0.148643
0.130162
0.168087
0.251509
0.124117
-0.0136545
0.0587161
0.204479
0.0829659
0.195834
0.0999368
0.133117
0.0838733
0.0743696
0.106398
0.193283
0.0971916
0.226332
0.169348
0.182583
0.260745
0.0891808
0.134725
0.102891
0.13869
0.170068
0.199783
0.105503
0.202607
-0.049262
0.324488
0.211604
0.0346001
0.0757518
0.142353
0.225661
0.169367
0.0521681
0.162068
0.171237
0.173055
0.344844
0.222007
0.280121
0.122742
0.248496
0.198836
0.309958
0.208112
0.223374
0.153318
0.205931
0.208976
0.450414
0.294526
0.51691
-0.723484
0.583048
1.45506
0.815349
0.113039
-0.18623
-0.00529863
0.229135
0.0440014
0.191063
0.204322
0.149654
0.187487
0.12165
0.133848
0.0997452
0.0274361
-0.0162117
0.0900485
0.0918518
0.115107
0.0232469
0.0190538
0.0523776
0.136972
-0.0647244
0.395106
-0.479751
-0.686883
-0.158334
0.262226
0.679589
0.603077
0.422651
0.358592
0.307424
0.286733
0.282605
0.244245
0.341736
0.294078
0.319999
0.41728
0.415344
0.381489
0.403096
0.253439
0.21527
0.470038
0.394959
0.250341
0.490261
0.303586
1.79032
1.08408
0.192052
-0.498796
-0.973739
-0.632295
-0.421672
-0.255255
-0.150756
-0.118855
-0.149946
0.0318031
-0.0552549
0.0196701
0.10789
-0.0424832
-0.0638624
-0.00606885
0.142258
0.306717
0.0977453
0.00713749
0.0931912
1.02602
-0.177103
-0.241571
-0.993169
-0.327503
0.199987
0.858383
0.897195
0.660997
0.617538
0.538669
0.972085
1.00094
0.651756
0.0169932
0.416663
0.221917
0.484937
1.13544
0.969465
0.000198111
-0.332478
-0.56311
-0.847555
0.026212
-0.901201
1.22401
-0.621067
-3.39261
1.0732
1.59724
0.475618
0.0835157
0.128312
0.0966227
0.374238
1.4411
1.99578
1.54443
1.57049
0.861808
0.214852
1.53639
2.33425
1.36949
-0.637682
-2.20196
-2.62998
0.430384
7.72931
12
-8.3024
-29.1366
21.7925
23.8767
2.01165
-3.52114
-3.88267
-1.78547
-1.32612
-3.21776
-1.2327
-0.41131
-1.09272
-2.21886
1.05501
-0.772217
0.323852
1.0288
-2.75066
-0.552774
-2.13522
3.79227
-4.4696
2.4698
-6.22052
5.48902
-5.53651
6.86961
4.50035
-24.4614
-12.5265
-2.66458
2.28391
3.11111
1.75691
3.08075
1.41999
0.876399
0.463018
0.920267
0.156178
1.95838
0.110306
0.0788725
1.02265
-0.79249
-0.963494
0.233555
-0.012542
-1.00248
1.39163
2.63791
-5.26502
10.2617
-20.8149
15.9244
14.6236
9.17807
7.38128
1.86946
0.602344
-1.04595
-0.858217
1.34335
2.08654
2.89884
1.29618
1.72377
3.38244
3.11272
2.41797
1.90718
1.65075
1.69484
2.62553
0.539331
7.88038
-13.1485
29.4053
-38.7935
46.8483
3.99472
-6.01279
-3.00279
-0.844834
-3.09635
-1.02892
-0.747623
0.665787
0.614046
3.10031
1.3371
2.70674
2.36309
1.83363
0.0296889
-0.851739
-1.90555
-1.69055
-4.49795
-3.96859
-2.62978
-4.56877
-5.62878
9.52487
18.664
-72.5075
8.24073
18.5316
14.3274
9.73574
7.76423
4.63527
3.41523
1.98224
2.05281
0.522393
0.991933
0.803179
1.32024
1.76495
2.29545
2.69144
3.59489
4.8249
5.56021
6.2086
7.35657
8.21536
12.3714
14.789
5.08525
129.386
-33.0426
-21.7181
-12.9761
-9.03675
-6.88486
-5.16052
-4.24771
-3.21753
-2.94809
-2.41699
-2.12528
-1.48361
-1.28357
-1.19178
-1.17039
-0.960655
-1.53854
-0.676779
-0.6619
-0.435746
-0.596912
-0.333735
-0.173662
-0.185128
-0.191277
