0
2.06505
4.70043
2.32028
3.91025
1.06759
-8.41571
5.12137
-4.16403
-1.55517
-0.405566
2.61244
4.14224
-1.27539
2.27084
-11.2712
-3.63906
0.367634
0.744405
2.92864
7.67851
-4.30497
6.50743
-5.43714
-8.7655
4.9843
1.12359
-0.570992
-3.60684
6.94927
2.9252
-2.6402
2.53888
4.22999
-2.48354
-4.38747
0.0944968
-3.64306
-1.18006
-2.012
2.06439
-1.47957
2.71772
6.38288
2.50193
4.11358
-2.63761
-6.03417
-13.2889
4.27362
5.22429
-0.492006
-7.44869
8.67702
-2.70757
5.64665
-0.698056
-0.131419
-3.84664
2.65025
-7.68117
-5.30428
0.811949
-5.38536
-0.0768522
4.52814
-0.542364
4.82855
9.3162
-2.53217
4.48021
0.415707
-0.214023
-4.21007
1.875
-8.92926
7.25943
-0.243369
-4.49136
-5.13632
12.7243
7.08927
3.50938
-1.6243
-1.43437
-5.97308
-4.18968
1.13454
-1.34349
2.30673
0.67375
2.88696
1.09568
3.91477
4.27202
-4.89377
-2.81815
2.35046
-2.71368
-6.28001
4.82319
1.74227
-0.489754
-4.0728
8.33541
7.30624
-6.31311
5.11823
-6.29994
-5.39804
-0.750925
-1.56882
2.21035
8.7671
-2.02329
2.69272
-5.45617
-4.14049
-2.34568
1.84808
4.35908
-6.147
9.7082
-0.0292069
-2.91596
-3.32561
-5.70145
-2.91873
