0
3.33517
6.35982
2.77406
7.90298
6.64849
3.41359
-9.96391
6.79039
6.23977
0.827498
0.160675
-11.7927
6.57173
11.8327
-4.2427
-6.58747
-9.9052
-1.48092
9.38793
3.27309
-2.65921
8.31172
2.18717
2.65126
-14.5667
-6.14594
-3.28306
-3.07446
5.99874
-10.6409
-8.44415
-8.09641
-7.37745
-1.71414
-10.0891
12.6819
10.5627
4.02395
-14.8969
12.1206
-1.05451
-2.8303
-5.21113
2.95536
-7.37373
-7.16839
-10.033
-18.3421
-1.58833
1.39575
-3.96065
-4.22857
0.341284
1.6247
-6.93726
-4.86033
6.93935
1.98572
5.3711
7.14235
1.30463
-12.2231
4.9293
4.83641
-0.877685
6.3546
-18.4625
-1.74346
7.04042
-3.18304
-3.32972
-7.3323
8.70621
2.68842
5.03917
0.268191
-5.23052
7.60809
-5.46597
14.9217
3.21167
-3.92654
1.42093
1.36332
-4.46203
5.7006
-5.03057
10.563
-1.6923
2.22887
5.22047
-5.30496
1.31909
-9.88926
3.36204
-11.9207
-1.50313
1.20428
7.2142
4.2296
9.59023
3.26187
-1.75491
-2.29835
2.01092
12.4135
-1.92837
-8.78442
-15.1572
0.267194
4.9242
1.00006
-1.41147
-0.522223
-10.7781
0.825106
-0.0993255
-2.89781
0.789207
-5.17227
-1.46783
3.61282
-0.481948
-0.230583
0.71021
-3.00148
-5.521
-1.25866
7.13603
3.41483
-1.3938
1.97738
4.87613
-2.80236
-1.1758
10.8681
-5.11534
-0.71109
2.23228
-2.29557
7.16911
2.66693
1.42559
-3.10331
-10.0205
-3.17352
13.3525
10.1785
5.38795
-7.15593
2.25269
6.42132
1.48181
-0.164511
-11.3774
-1.62753
-7.78875
-4.65364
3.57987
13.7741
-5.67329
10.8481
-1.62659
5.91602
-5.72297
1.03099
5.01932
-9.3904
1.71845
-5.46087
4.86623
-3.7472
0.0805455
5.09656
2.93911
-11.4287
4.84479
-4.03588
1.59389
2.81017
-3.81901
-3.05875
-15.1362
4.79465
3.79673
2.45445
-8.92674
-3.4713
13.7866
-5.34391
-0.931873
-2.57902
-9.42932
8.55746
-0.175003
-5.74967
-10.1665
-0.869678
-6.37558
4.01523
4.78192
2.13731
-4.73545
1.53106
0.88112
0.879679
0.610076
12.0113
10.1702
11.6939
6.55059
-2.93844
9.24729
7.2727
3.07825
-10.6409
15.4436
-2.88894
-4.63008
-15.4274
3.60166
-1.84635
5.45627
5.18958
10.5096
7.88343
-9.43902
-1.16934
1.86927
7.11162
15.7118
-0.867346
3.65472
-9.65353
4.14861
-5.77692
-10.1663
-1.01405
7.27692
9.76906
6.24252
-7.49571
-7.9251
17.0783
0.266913
3.72431
-4.59256
-7.71848
9.04467
-0.625828
-4.27394
-9.58937
-2.53736
-6.81215
-6.30127
