-0.2149
0.925931
0.419205
0.259991
-0.637079
-0.703841
-0.88637
0.703949
0.186572
0.385158
-0.896586
0.972158
0.592068
-0.603875
-0.708023
-0.635508
-0.311657
0.0407336
-0.114341
-0.445597
0.182637
-0.703199
-0.389637
-0.244149
-0.133447
0.563815
-0.536141
0.0494622
0.167013
-0.900918
0.139313
-0.657081
-0.833444
0.887752
0.923559
0.549725
-0.356722
-0.857197
0.428766
-0.223315
-0.709596
-0.0213556
-0.895619
0.821279
-0.486388
0.338624
-0.377443
0.036785
0.0549491
-0.601212
0.944866
0.526478
0.823678
0.669517
0.174326
0.694453
-0.932072
-0.68287
-0.86844
-0.346648
-0.202947
-0.419197
0.559128
-0.342276
-0.389549
0.104034
-0.626101
0.57476
-0.797196
0.994088
0.437302
-0.656233
-0.937254
0.67345
0.427602
0.431553
0.492994
-0.848357
-0.340505
-0.743745
0.771681
0.17539
-0.405187
-0.769141
-0.299507
-0.289468
0.507403
0.322354
0.755073
-0.0694592
-0.688039
0.463814
0.45667
0.133264
0.448857
-0.175009
-0.0667476
-0.207692
-0.955316
-0.782448
-0.83389
0.343928
-0.312532
0.105239
0.757763
-0.467625
-0.151388
0.425435
-0.623868
-0.75121
-0.364759
-0.497913
0.955035
0.561247
0.271716
0.69863
0.485448
-0.489004
0.764916
0.0235822
0.526096
0.580875
-0.461753
-0.757777
-0.434985
-0.103085
0.619666
0.503728
-1.03011
0.0546038
-0.177607
-0.537011
-0.667163
-0.15646
0.894652
-0.342346
0.0844529
0.396322
-0.234513
0.832442
0.718107
-0.667636
-0.126238
-0.50595
-0.408054
-0.795709
0.298111
-0.00925135
-0.710921
-0.301272
0.841251
-0.49526
-0.641869
0.148914
0.916757
-0.538824
0.38569
0.464186
-0.446344
0.45561
-0.277135
0.194571
0.175328
-0.0642771
-0.790841
0.57744
-0.416526
-0.648157
-0.741381
0.277309
0.23077
-0.905289
0.138605
-0.478058
0.36953
-0.511071
0.37617
-0.131539
0.718617
-0.768908
-0.182352
-0.530115
0.951542
0.677219
-0.404537
0.337719
0.677582
-0.00125386
0.0271963
-0.486957
-0.592936
0.891122
0.746162
0.153795
-0.333636
-0.253863
0.50874
0.776375
0.593985
0.302318
0.0239419
-0.832182
-0.547135
0.618998
-0.0549043
-0.993529
-0.585718
0.317506
-0.890055
-0.447091
0.316295
0.512605
0.218027
-0.455959
0.481815
-0.518788
-0.118976
0.566765
0.342604
0.657921
0.200478
0.0290523
-0.806085
-0.109349
-0.313042
-0.251765
0.986395
-0.0423271
0.787306
0.244936
0.459168
-0.0923691
0.0649617
-0.0467527
-0.501776
0.408696
-0.482493
-0.710317
0.414168
-0.377211
0.9235
0.836556
0.609162
-0.422763
-0.678841
0.916871
-0.0507662
0.902365
0.767302
0.322354
-0.598855
-0.148737
0.44842
-0.422778
-0.470061
0.239219
0.825567
0.108545
0.043502
-0.67901
0.293068
0.775647
-0.653399
0.151649
0.706148
0.259343
0.259616
0.205267
-0.360559
-0.312507
0.636576
0.477183
0.511828
0.508887
-0.213027
-0.144757
0.481349
0.0142766
0.171588
0.294238
0.355947
-0.721467
-0.403393
-0.785435
0.0361259
-0.939912
-0.0684781
-0.0805701
-0.463576
0.0786626
-0.835655
-0.660563
0.558496
-0.392362
-0.614203
0.189574
0.415035
-0.637781
0.0553472
-0.737309
-0.581051
0.343263
0.18025
0.441011
0.463847
0.639162
-0.199275
-0.346952
0.298469
-0.571937
-0.219534
-0.665515
-0.401007
0.97359
0.457799
0.0538922
-0.37275
-0.654627
-0.436839
-0.254942
0.352427
0.477011
0.181098
-0.290444
0.789977
0.197022
-0.160947
-0.0282631
-0.341467
-0.501695
-0.304137
0.207055
-1.02821
-0.667929
-0.691988
-0.49966
0.91894
0.262048
-0.194677
-0.603467
0.047562
-0.00755707
-0.43783
0.0424752
-0.0237454
0.304048
0.160029
-0.687456
0.0380973
0.38825
0.139109
0.514737
0.0360127
-0.613571
-0.577747
0.356019
-0.582789
0.515735
0.746947
0.0576496
-0.120319
0.21073
-0.0658842
0.225494
0.599789
-0.213192
0.668335
0.214094
-0.907047
-0.876581
-0.607494
-0.62577
-0.351435
0.515514
-0.521521
0.0440679
0.695621
-0.541343
0.745903
-0.234583
-0.224053
0.726968
0.34504
0.727793
0.348862
0.349666
-0.482773
-0.279129
0.669971
0.515943
0.627981
-0.348881
-0.136869
0.429035
-0.154833
0.72579
0.386108
-0.271434
0.362522
0.183252
-0.596938
0.670087
0.0375111
0.311788
-0.384447
0.413018
-0.394429
-0.642621
0.586518
-0.708501
-0.0320552
0.816091
0.422548
-0.121941
0.00589107
-0.232158
-0.331999
-0.110605
0.381598
0.20011
0.234992
0.0850917
-0.872082
-0.0841532
-0.591614
0.144137
-0.0972563
0.466895
-0.453048
-0.585549
-0.284998
0.420366
0.0266417
-0.612389
-0.342221
0.37453
-0.394425
0.605807
0.119545
-0.594257
-0.255842
0.865765
-0.234585
0.079207
0.678422
0.58661
0.453755
-0.0715306
-0.475415
-0.653766
0.544233
-0.0294937
-0.219415
0.279282
-0.729614
-0.106661
-0.71365
0.0587604
-0.488147
-0.377727
-0.107315
0.612874
0.490197
0.176548
0.539232
-0.364747
-0.181269
0.498539
-0.35922
0.680564
-0.669129
0.812567
-0.552953
0.70852
0.0427007
0.658246
-0.574148
0.298025
0.693617
-0.0585229
0.164142
0.15302
-0.11734
0.138972
0.101938
0.23995
-0.729381
-0.0227737
0.675994
0.276303
-0.268503
-0.0581482
-0.44305
-0.303816
0.128986
0.00441601
0.210533
-0.282071
0.934838
0.583551
0.0730731
-0.0721006
-0.213662
0.47008
0.13054
-0.392791
0.686555
0.376654
0.364965
0.00673612
-0.0343971
-0.286076
0.391341
-0.102667
-0.84943
-0.461087
0.224563
0.578997
0.44218
-0.626483
0.231732
-0.0436782
0.605245
0.215932
0.0846085
-0.313008
-0.248585
-0.314965
-0.250517
0.732089
0.428797
0.534885
0.283405
-0.252448
0.159594
0.175728
-0.126572
-0.707564
-0.265347
-0.498595
0.538723
-0.226611
-0.481885
0.127954
-0.0717912
-0.320164
-0.355737
0.254458
0.026069
0.29367
-0.146246
0.195163
-0.25633
-0.0928223
0.0418812
-0.515553
-0.646392
-0.484379
0.303264
-0.0997389
-0.110976
-0.694996
-0.517082
-0.42473
0.072976
0.109322
-0.0981839
0.101608
0.36844
-0.29902
0.0744496
0.195997
-0.236106
0.156578
0.305475
0.0550973
-0.644833
0.225645
-0.389211
-0.408564
-0.040199
0.301543
-0.496113
-0.444604
-0.184417
-0.589349
-0.660932
-0.436498
-0.294316
-0.310845
-0.126816
0.276753
-0.293209
-0.0175915
0.402631
-0.272603
-0.0638632
-0.576334
-0.428258
-0.486616
-0.202977
-0.105395
-0.295109
-0.21401
-0.0850172
0.118554
-0.0556234
0.15524
0.234434
0.249884
-0.321101
0.504835
-0.0068212
-0.344115
0.466191
0.0773706
-0.6028
-0.0356441
0.386905
-0.00549861
-0.483715
-0.270845
0.0993752
0.0939431
0.094603
-0.124657
0.0433352
0.096068
-0.445539
0.0112671
0.373315
0.235757
-0.24706
-0.212168
-0.443239
0.009616
-0.0213094
-0.305898
-0.279606
-0.0136266
-0.323043
0.0809574
-0.127493
0.170823
0.0571895
0.630037
0.169617
0.216519
0.16073
-0.179435
-0.381765
0.246766
0.0658331
0.100321
-0.223264
-0.372887
-0.037495
0.0600994
0.236226
0.113607
-0.0900044
0.380946
-0.254973
-0.454892
-0.314125
-0.138186
-0.145797
-0.0947693
-0.0560641
0.0472544
-0.0274231
0.582417
-0.251297
0.259864
0.146066
0.486058
-0.311234
0.190063
0.53059
0.262411
0.029564
-0.353544
-0.0953722
0.338117
0.17746
-0.128639
-0.101663
-0.212512
0.167756
-0.481634
-0.132972
-0.0558786
-0.0348258
-0.286278
-0.164371
0.222165
-0.120951
0.111532
-0.275994
0.110526
0.054868
-0.233414
0.0568099
0.0162912
0.153452
0.567944
-0.0129589
0.298752
-0.0838622
0.249065
0.221074
0.0175929
0.0642135
0.0918464
0.0465884
0.393853
0.0344852
0.152774
-0.371956
0.181812
0.189981
-0.328761
-0.17692
0.345094
0.016904
0.135694
-0.389242
0.118798
-0.284736
-0.10025
0.00405657
0.364503
-0.0326258
-0.0643054
0.0488613
0.30774
-0.118557
0.118828
-0.208756
-0.126069
0.0734221
-0.03656
0.307744
-0.110757
-0.0238699
0.251612
-0.121526
0.0272556
0.198719
-0.181914
-0.259557
0.341742
-0.161242
-0.268194
-0.120408
0.260343
0.0253302
-0.0110978
0.168907
-0.132256
-0.363716
-0.101464
0.000159255
0.157611
-0.25514
0.22371
0.132389
0.011556
-0.250446
0.0903648
-0.259958
0.213567
-0.314351
0.0581689
0.0458602
-0.274259
0.0702025
0.197418
0.0926696
-0.00814947
0.0510632
-0.125221
-0.137503
0.000541762
-0.0771339
0.259174
-0.0680481
-0.016554
0.0181124
0.144913
-0.180916
0.141334
-0.00387346
0.0404197
-0.151183
0.385908
0.120513
-0.0280267
0.0716371
0.0968599
-0.114983
-0.164851
0.0792156
0.0683858
0.0394681
0.147029
0.0882864
-0.0270827
-0.120083
-0.257031
0.305052
-0.0461703
-0.2722
0.260621
-0.016769
-0.211258
-0.184009
-0.211215
-0.206124
0.00261889
0.0482577
-0.338624
0.0829296
0.0869849
0.00909045
0.0657861
-0.212327
-0.0377662
0.0273902
-0.221769
-0.149319
0.0423481
-0.0692111
-0.0365175
0.0644603
0.0503356
0.152888
-0.139393
0.0619694
-0.00631814
-0.149254
0.0852821
-0.0854105
0.139499
-0.209458
-0.0399271
-0.148019
0.204926
-0.098134
0.0111751
-0.142172
0.0735402
-0.0528569
0.056256
-0.229516
-0.0470555
-0.0221426
0.0461633
0.025736
-0.0965493
0.106993
-0.0820958
-0.0158088
-0.0613631
-0.032871
0.00693547
-0.0329056
0.0173335
0.159917
-0.0255278
-0.119924
-0.057647
-0.0142508
-0.0597633
-0.037271
-0.00933409
0.181814
-0.00316314
-0.0672511
0.0269214
0.000388344
0.0256941
-0.130988
-0.0200948
0.14022
-0.128003
0.0613643
-0.0196574
-0.0581332
0.0167181
0.122508
0.0819216
-0.055892
-0.0680729
0.0314512
-0.0424138
-0.0069563
-0.0208477
-0.127173
-0.0396039
0.0836636
0.0209619
0.0703167
0.0802346
0.0177602
0.0382798
0.0219252
0.0370042
-0.039555
-0.0195047
0.0563018
-0.0690543
0.0812572
-0.0161376
-0.0544997
0.0281412
-0.0294531
0.0545895
-0.0109475
-0.015482
0.0568836
-0.00634272
0.0294433
0.00117776
-0.0719853
-0.145855
0.0341295
0.0442713
-0.0282045
-0.103764
-0.040657
0.134195
-0.0246988
0.00920686
-0.0507109
0.0641735
0.0535076
0.018987
-0.0173311
-0.0341786
-0.0399301
0.0108891
-0.0356404
0.00499776
-0.0359964
-0.0746534
-0.0399598
0.0585352
0.0477109
-0.00895356
0.0385325
0.0014103
-0.0850433
-0.0228244
-0.0685548
0.0825116
-0.0275818
0.0366354
-0.00112153
0.0672942
0.00974871
-0.0487333
-0.0865551
-0.0379373
-0.0226548
-0.0741052
-0.0321026
-0.0528197
-0.0397714
-0.0788301
0.0271778
-0.0215043
-0.0246976
0.0355715
0.000296057
-0.0162402
-0.0107715
0.0101484
-0.096541
0.00727673
-0.0788733
-0.0281398
0.00357997
-0.046308
-0.0166306
-0.0885395
0.066314
-0.0777137
0.00713535
-0.0934617
0.0248036
0.00201857
-0.00911405
-0.0679083
-0.0592256
-0.05169
-0.0337244
0.0469071
-0.0761092
0.0222689
-0.044514
-0.0805701
-0.0178883
-0.0533851
-0.0692768
-0.0540575
0.0205798
0.0169653
0.084519
-0.02146
-0.0620819
-0.118249
0.0202149
0.123501
-0.0540984
-0.00709973
0.0831464
-0.0439554
-0.0913762
0.0580724
-0.113089
0.0417653
-0.113609
0.00923829
