0
3.88521
6.62426
2.56107
9.6163
7.27465
3.58107
-10.9383
7.58853
6.83312
1.67646
0.609687
-13.6711
8.00568
12.9503
-4.19109
-5.65106
-10.6588
-1.58723
9.82472
3.46003
-3.30591
8.73004
1.76607
3.17918
-16.2486
-7.10523
-4.14674
-3.57455
6.74424
-12.1161
-9.74502
-7.86328
-8.91722
-2.07324
-11.1949
14.6731
11.2826
4.12451
-16.2008
13.6272
-1.02613
-2.59512
-6.07588
2.83495
-7.72948
-7.85811
-11.2141
-20.0093
-2.39479
2.089
-4.64857
-4.51406
0.49429
1.51276
-7.15786
-4.90469
7.4127
1.89303
5.39556
7.69132
2.23912
-13.5547
4.52678
5.70489
-0.90289
6.95109
-20.9231
-1.78915
7.84742
-4.33846
-4.17934
-7.1566
9.63519
3.08999
4.78097
0.461133
-6.39704
8.95
-5.25463
15.9732
4.33874
-4.38848
1.29526
2.34134
-4.73891
5.96152
-5.90921
11.5381
-1.63076
1.80377
5.98998
-5.98044
1.18607
-10.3043
3.5235
-12.7362
-0.905488
0.947792
8.00358
4.91899
11.0553
3.00588
-1.5882
-2.11872
2.21262
14.3161
-1.6357
-9.57431
-16.623
0.285862
6.23513
-0.220077
-2.24825
-0.422741
-12.1726
0.84757
-0.316192
-3.21575
0.653278
-5.63448
-1.74005
3.73677
-0.352353
-0.220497
0.975675
-3.57111
-6.09657
-1.25989
8.28142
3.47672
-1.16374
2.19619
5.31035
-2.70588
-1.71028
11.2662
-4.93784
-0.115464
2.49778
-2.85998
6.96708
3.13375
1.32136
-3.20415
-10.891
-3.5543
14.5593
11.2384
6.32124
-8.29335
2.99399
6.74056
1.97795
-0.298049
-13.0718
-1.3773
-8.63943
-5.12001
4.19674
14.8984
-5.3232
11.5541
-2.30874
6.81785
-6.26861
1.44102
5.4954
-10.2198
1.32369
-5.71252
5.23635
-4.12681
0.705761
5.31873
3.41994
-12.9987
5.06118
-4.72935
2.22862
3.2251
-4.05352
-2.95868
-17.358
5.26682
3.89571
2.69465
-9.36005
-3.68929
15.5375
-6.14052
-1.24599
-3.1993
-9.77333
10.3371
0.361691
-6.57401
-10.4726
-0.947261
-6.96507
4.0393
4.89277
2.4219
-5.22556
1.19196
1.4562
-0.100235
0.636302
13.469
11.9183
13.4847
7.63705
-3.93222
9.86288
8.02582
2.68978
-12.6714
16.9119
-3.29534
-4.29727
-16.8781
3.90802
-2.39185
6.05917
4.91648
11.3203
8.78051
-10.0821
-0.907136
1.46827
7.21684
16.9636
-0.503727
4.25567
-10.3923
5.03073
-6.32976
-10.7846
-1.5546
8.41714
10.9682
6.98621
-8.76381
-9.62668
19.0844
-0.0702499
4.2354
-4.89486
-8.17356
9.45886
-0.38022
-5.05695
-11.8982
-3.16658
-7.5003
-6.78443
