0
0.00955565
0.057887
0.165273
0.477265
-0.0770036
0.241406
0.336622
0.327569
0.244989
-0.229675
0.708003
0.420534
0.666612
0.643078
1.76589
1.75342
2.62995
1.24961
1.30066
0.862628
0.885965
0.99019
1.0752
1.55703
0.898323
1.53783
1.45264
2.26577
2.44051
3.25496
3.01528
3.31317
3.76954
3.42622
5.2904
6.58481
8.53725
9.90584
12.8703
17.2332
20.7145
12.0585
-22.5525
-61.9754
-28.5288
57.2865
-19.4598
-31.3373
68.1046
-117.157
-62.8709
40.7963
-2.63552
-6.8167
-11.3735
-8.67057
-9.62701
-7.19836
-7.92983
-6.50145
-4.57641
-4.52681
-2.6626
-3.7137
-2.52655
-2.73797
-3.2849
-0.955505
-2.57915
-0.639388
-1.2563
-0.561119
0.101953
0.0179985
0.581634
1.72744
1.59791
2.23776
2.69786
0.817265
-0.153194
-2.58047
-7.3607
-14.2826
-14.422
-3.40105
11.9981
10.5268
-9.90517
-18.8037
-0.948976
1.61003
-18.7343
-8.3186
-4.07395
-22.2713
-6.25014
-21.043
-0.741852
-7.07094
54.2966
56.8097
-4.00354
-24.9648
-16.789
-4.10017
2.81638
6.04945
4.7439
2.50514
2.11972
2.20698
3.21197
4.07558
4.31499
2.98714
0.820821
0.677933
0.315853
-0.325966
-1.29305
-1.99247
-2.60732
-3.00503
-2.35477
-0.311355
-0.128139
-1.96365
-6.14421
-8.00049
-3.95473
0.264313
-0.833744
-5.32779
-4.19611
3.50849
0.53849
-6.92168
1.94258
3.71678
-6.80612
5.35486
2.9227
-8.21722
7.41523
-9.98877
7.06331
-9.33508
8.26168
-20.7693
16.9371
-40.1658
0.045523
54.3986
-9.46398
-33.4329
2.21774
16.5469
-2.15242
-8.13397
-0.559406
0.309359
-1.89466
-2.47404
-1.94468
0.238684
0.328004
1.29374
-1.03418
-2.82544
-5.77941
-3.53026
1.81806
2.84563
0.39283
-8.25444
-5.18063
1.49543
0.814351
-3.6683
-4.77416
3.52733
1.02405
-9.18712
5.04376
3.80149
-8.61986
6.01876
5.56258
-7.16085
7.54226
-4.30541
0.339834
4.05251
-16.0819
5.90136
-15.2181
7.07715
-16.9312
16.1024
-11.765
9.99844
29.6492
-26.7991
-13.1422
9.09405
5.85523
-5.83928
-1.48719
1.30494
-4.17103
-3.24286
0.993073
2.53382
3.59908
3.18677
-2.53386
-4.06883
0.673737
2.83988
4.19604
-3.42927
-2.73672
3.76876
3.74331
-4.95108
-0.362906
5.93593
-2.10623
-5.64369
6.92429
0.832636
-8.37129
7.91627
-1.99407
-7.57301
9.66102
-8.80485
3.76673
1.17436
-10.1955
11.5122
-11.751
8.56511
-6.9488
4.72651
-4.10705
6.36299
-6.89695
10.3995
-20.2917
24.3897
-25.0833
1.28092
26.779
-12.2769
-19.413
8.47462
14.2826
-9.80852
-3.8949
6.53697
0.0674976
-5.65754
0.597022
5.94289
-1.72487
-4.47314
3.15686
1.02794
-1.99335
-2.47891
2.86417
1.61564
-4.24594
1.01223
3.06421
-4.41048
-0.530486
3.61922
-3.11853
-0.373125
2.8512
-5.25996
2.2851
0.751448
-3.0063
3.12866
-4.95815
2.20521
-1.02721
0.13697
0.340202
-1.5807
3.39106
-4.51274
6.39903
-9.1081
8.76897
-11.0637
9.37696
-4.12987
-9.74208
29.2929
-36.4404
17.1498
10.1689
-23.839
20.5706
-11.4622
4.05071
2.12016
-6.42641
6.54189
-5.32771
3.47295
-2.96535
0.76839
-0.199561
-1.33709
1.31391
-2.27913
1.40865
-1.86555
0.720315
-0.434743
-0.76839
0.0110433
-0.420098
-0.816682
1.27618
-1.77052
1.40292
-1.43208
1.16064
-1.72441
1.20748
-1.86825
0.118895
-0.629874
0.0862612
0.454463
-0.374333
0.214586
-1.51469
0.267565
-1.63252
1.06984
0.365202
-1.50943
3.25397
-4.37055
4.04827
-2.20776
-3.05885
2.71493
2.35377
-2.93164
-1.37704
2.71713
-2.74897
1.87711
-1.86068
-0.754474
2.05265
-3.04039
1.9276
-1.59196
1.25003
-1.96326
1.35757
-0.925769
-1.1486
1.57722
-1.3208
-1.14578
1.70421
-1.43488
0.787977
1.06492
-2.6678
3.02814
-2.96625
-0.972781
2.46287
-3.65027
2.62269
0.784909
-3.22924
3.78266
-4.97938
2.91572
-1.15055
1.12838
-0.712965
-1.657
1.29373
1.05252
-1.07267
0.80307
-2.78982
2.80295
-1.53156
-1.7909
1.61233
-0.327608
0.562156
-1.6173
-0.359199
1.37461
-0.457794
-1.52183
1.62945
-1.33267
-0.622606
1.83722
-0.553709
-1.002
-0.218907
2.5396
-2.52168
-1.98952
3.61903
-3.90936
-0.0856686
5.42416
-5.15573
2.50674
2.20363
-6.62923
2.9563
-0.779204
0.146395
2.57236
-2.34727
-0.158254
-2.66323
2.75434
0.109186
-0.197216
-2.51256
-0.934703
4.38769
-0.92484
-2.68888
-0.348373
2.77207
1.33287
-3.70059
-1.03256
2.49598
2.16169
-5.67601
1.0878
5.47533
-1.19159
-4.5049
1.13282
3.7997
-3.41381
-4.26291
4.95986
1.43066
-5.12063
-0.0107463
2.72536
-2.70017
-0.62574
1.10169
-2.62105
0.290649
0.336941
0.941353
2.68428
-3.85974
-3.26126
-0.450242
-0.272593
4.8168
1.59031
-1.50676
-2.58159
-3.16851
4.44643
2.61761
-0.635524
-5.94014
-1.5097
2.51416
0.905657
-2.20222
-1.25916
2.76659
1.50684
-0.187786
-1.5938
1.27277
-0.482905
-1.80214
-0.529389
-0.810262
-0.345682
-1.17709
0.993134
-0.687065
-0.476466
1.16463
0.904433
-0.64797
-0.57109
-0.378452
-0.990092
-0.127606
0.745897
-0.569479
-0.0267201
-0.619517
-0.925137
-0.0312853
0.265966
0.4221
0.225453
-0.97555
0.0877567
0.0431717
-0.107509
-0.829
-1.7754
0.193565
1.89178
0.235893
0.211758
-1.54197
0.457807
-0.65186
0.0767129
-0.45733
-0.0492635
-0.139676
-0.718274
-0.0841422
-0.489231
0.590355
-0.478797
0.732257
-0.133689
0.891358
-1.29132
0.133289
-0.353447
-0.777728
0.0704226
-0.987627
0.799225
-1.34371
1.03699
0.614746
-1.38551
0.0999087
-0.15101
-0.488127
-0.0157163
-0.351081
0.60505
-0.383613
-0.637924
-0.180959
0.0143229
-0.107294
0.518624
-0.013329
-0.445709
0.634591
-0.319283
-0.132382
0.255043
-0.759756
-0.116161
-0.273094
-0.0845544
0.111426
-0.0786993
0.246065
-0.0907993
0.118661
-0.688405
-0.313612
-0.266896
-0.120579
-0.555757
-0.112949
0.469348
0.271203
0.246435
0.294547
0.160748
-0.29747
-0.468961
-0.37799
-0.312692
0.358427
0.139465
-0.174623
-0.0834138
-0.483608
-0.264317
0.222265
0.133714
0.280899
-0.309137
-0.630862
0.107307
0.459847
-0.357148
-0.491389
-0.219479
0.0523201
0.170276
-0.345106
-0.307196
0.170688
-0.0760432
0.168953
-0.207347
-0.308569
0.149968
-0.349635
-0.134779
0.158613
-0.0102634
-0.289563
-0.269111
0.148288
-0.325701
-0.679638
-0.151407
0.276848
-0.5457
-0.0891834
0.176827
0.0895021
-0.169288
-0.00480369
-0.0198396
-0.712647
-0.129411
0.443629
0.192858
-0.145735
-0.139116
-0.365166
-0.202843
0.10941
0.317324
-0.380689
-0.27602
-0.495422
0.365294
0.410436
-0.609106
-0.152287
-0.0497166
-0.0200814
-0.194009
-0.602568
0.0666761
0.296795
-0.183279
-0.336071
-0.0604883
-0.143581
0.230448
-0.645054
0.183223
0.0354904
-0.404328
-0.0708908
0.206151
-0.148433
-0.634757
0.0896455
0.48446
0.0568507
-0.460462
-0.092508
-0.165842
0.272707
0.564743
-0.196274
-0.894323
-0.402917
0.234506
-0.209354
-0.0367198
-0.118825
-0.713082
-0.590112
0.702396
0.280138
0.105624
-0.808449
-0.518288
0.259124
0.238732
-0.955286
-0.0722143
0.740179
-0.448592
0.0886634
-0.582353
-0.430719
0.510278
-0.139934
-0.40388
-0.117106
-0.113281
0.225759
-0.141996
0.341386
0.269347
-0.716005
-0.530074
-0.132477
0.529828
-0.923484
-0.262122
0.715612
-0.303101
-0.282133
-0.468657
0.00976399
-0.681683
0.455596
0.0665049
0.0384539
-0.826917
-0.0450972
-0.319909
-0.278068
0.457331
-0.265809
0.0883337
-0.440163
0.721387
0.436372
-0.335045
-0.550619
-0.164599
0.565133
0.166039
-1.05956
0.384447
0.431289
-0.741554
-0.057946
-0.101278
0.286429
0.456545
-0.0403921
0.0434822
0.710365
-0.710254
-2.29261
0.0321114
1.63995
0.69077
-1.37273
0.893811
0.69536
-0.353712
-2.03686
0.130173
1.84351
-0.866138
1.34373
0.582873
-0.528884
-1.78019
0.792748
-0.279629
-2.16347
2.52867
-0.72653
0.88495
-0.511974
-0.342799
0.0958117
0.11863
-0.474387
0.952995
0.89646
-0.677299
-0.00950222
-0.246606
-1.17787
1.7532
-2.14447
2.21052
-0.651848
0.114673
-0.283662
0.581761
-2.28103
2.14617
-1.2039
-0.322153
1.70431
-1.17251
1.36742
-0.543752
-1.34112
-0.513355
1.01012
-0.94887
1.10904
-0.846882
0.33823
-0.289337
-0.335414
0.290664
-0.761853
1.02884
-0.672628
0.180836
-0.773866
0.0743463
-0.189072
-0.220867
0.892942
-0.705807
0.0566061
-0.597425
0.492499
-0.523327
-0.0370887
0.192317
-0.195968
0.279098
0.146711
-0.663332
0.218449
-0.140282
-0.600831
0.143005
0.136914
-0.256177
0.319272
-0.473492
0.18326
0.100694
0.00799698
0.0660074
-0.194027
0.413162
-0.734015
0.305343
0.374593
-0.475567
-0.151912
0.539603
-1.00382
0.686976
-0.30132
-0.413711
-0.00865797
-0.085432
0.267381
-0.388421
0.0694998
-0.264236
-0.422258
0.217819
-0.297404
0.794056
-0.81651
-0.0620584
0.544884
-0.470562
0.299695
-0.534522
0.396762
-0.326295
0.0204122
-0.289604
0.470221
-0.0858291
0.300568
-0.795346
-0.0289739
0.29375
-0.232498
-0.216233
0.0865524
0.517894
-0.0326602
-0.268782
0.2846
-0.179021
0.1687
-0.927372
0.589593
-0.409896
0.369931
-0.291538
-0.0433174
0.402448
-0.44569
-0.516424
0.447146
-0.310062
-0.326365
0.766185
-0.344993
-0.482463
-0.103926
0.593201
-1.01016
0.34002
0.238435
-0.276279
-0.397788
0.415779
0.064561
-0.20537
0.315614
0.0487927
0.0801744
-0.528801
-0.0797728
-0.15661
0.130222
-0.134361
-0.103852
0.147712
-0.132248
-0.0353356
-0.638034
0.610755
-0.0951232
0.271425
-0.317241
0.61689
-0.141359
0.0627364
-1.21975
0.212836
-0.799586
0.261918
-0.0918943
0.25917
0.0688112
-0.459592
0.24763
-0.37335
0.0778382
-0.0441025
-0.0131242
0.272061
-0.194661
-0.114637
0.0688076
-0.0376428
-0.0710736
0.00409683
-0.0254981
-0.118618
-0.0384947
0.000240568
-0.0599306
-0.028984
-0.0481058
-0.0351951
-0.055546
-0.0490266
-0.0305489
-0.0433262
-0.0303946
-0.0450034
-0.0386553
-0.0591429
-0.0473955
-0.0227102
-0.0382514
-0.0308848
-0.0490575
-0.0388867
-0.0529114
-0.044407
-0.0229996
-0.0399538
-0.0305733
-0.0499977
-0.0357182
-0.0539965
-0.0455343
-0.0187856
-0.0376137
-0.0281411
-0.0472117
-0.0343217
-0.0527575
-0.0433896
-0.0607985
-0.0359504
-0.0265063
-0.0450286
-0.0325573
-0.0511619
-0.0426176
-0.0610578
-0.0343183
-0.0226944
-0.0416356
-0.0292554
-0.0460867
-0.0463382
-0.0592547
-0.0213955
-0.0233967
-0.0312538
-0.0463875
-0.0430728
-0.0372145
-0.0675796
-0.0270336
-0.0183708
-0.04255
-0.0116461
-0.0512612
-0.0527497
-0.0669877
-0.0495481
-0.00764599
-0.0408323
-0.0277678
-0.0463513
-0.0369874
-0.0562736
-0.0406394
-0.0308391
-0.0235255
-0.00634779
-0.0480794
-0.0375849
-0.0499598
-0.0277039
-0.016991
-0.0327596
-0.0292559
-0.0804371
-0.0134272
-0.0503827
-0.0378953
-0.00937342
-0.0238726
-0.0413206
-0.0242499
-0.0469532
-0.0604253
-0.0333283
0.00373975
-0.0523477
-0.0538914
-0.0829392
-0.0615226
-0.0244758
-0.0398297
-0.000380568
-0.019524
-0.0363083
-0.0472933
-0.0119099
-0.106218
-0.0485009
-0.0238268
-0.0393497
0.00850784
-0.0428309
-0.0744606
-0.0361557
-0.0323876
-0.0685633
-0.0688591
-0.0385454
-0.0189972
-0.0223702
-0.0105223
-0.0490236
-0.0406327
-0.0399129
0.0124344
-0.0122555
-0.0271348
-0.0371066
-0.0913986
-0.0281783
-0.0136552
-0.0210603
-0.0285518
-0.0359542
-0.0494722
-0.0256377
-0.0597588
-0.0257501
-0.0210687
-0.00104575
-0.0486076
-0.0547447
-0.011393
-0.0605135
-0.0376453
-0.00511784
-0.0350628
0.0250271
-0.0822268
-0.0420133
-0.0600575
-0.00992846
-0.0200905
-0.0373498
0.0139856
-0.0528791
-0.033892
-0.055009
-0.0459018
-0.00152416
-0.0256649
-0.0715314
-0.048164
-0.0304511
-0.0408459
-0.0201236
-0.0472039
-0.028979
-0.0040822
-0.181004
-0.0254235
-0.0484352
-0.0236281
-0.0463018
-0.0375195
-0.0136248
-0.0260956
-0.0209641
-0.0254311
-0.0260819
-0.0450536
0.0110189
-0.0507595
0.0954575
0.0175288
-0.0442588
-0.0298014
-0.0513153
-0.0554513
0.0532397
-0.0638276
-0.000523385
-0.0592379
-0.0357645
-0.0522611
0.00331699
-0.00418451
0.0265096
-0.0131384
-0.0435164
-0.030566
-0.0534117
0.0121724
0.0224849
-0.0794039
0.0668573
-0.0306061
-0.0773805
-0.106105
-0.0292171
0.0175879
0.0188794
0.128273
-0.0339048
-0.097801
-0.0406064
0.0190248
0.0603792
-0.0543873
-0.109766
-0.052545
-0.0107726
-0.0503282
-0.155979
-0.0433941
-0.0702778
-0.0116054
-0.0401414
-0.048403
-0.0754146
-0.042751
-0.0478304
-0.0185079
0.0279448
-0.0127482
0.000632446
-0.12911
0.0123001
0.0182701
0.019857
-0.0303412
-0.04763
-0.0417916
-0.0757394
0.021409
-0.0792271
-0.0469497
-0.0314066
-0.0779255
-0.12207
-0.0229664
-0.0156013
-0.0460946
-0.0388339
0.0401889
-0.0503756
-0.0188239
-0.0352766
-0.000815213
-0.0828334
-0.0659073
0.0891648
-0.133273
-0.295064
0.0685804
0.568305
0.199327
-0.233695
0.0941027
-0.0722213
-0.0980259
0.0218024
0.0722753
0.0511049
0.0422224
0.0525587
-0.0229466
-0.0946166
-0.0125316
0.172328
0.24154
-0.2835
-0.630554
0.0956509
0.0244817
0.103402
-0.287531
-0.178712
-0.00210572
0.161475
0.0473189
-0.0328798
-0.104917
-0.0014196
-0.0453407
-0.0106908
-0.044365
-0.143066
-0.236596
0.247715
-0.383695
0.0979397
-0.0642203
-0.192603
-0.158946
-0.158573
-0.163657
-0.070087
0.0174261
-0.14985
-0.0537073
-0.0290541
-0.00693036
-0.180523
0.0581422
1.11548
0.323182
-0.218033
0.126359
0.0090005
-0.0599321
0.000855315
-0.0290051
-0.166846
-0.0376448
-0.0854358
0.0298582
0.0223151
0.104361
0.0187246
0.0981653
-0.11435
-0.119061
-0.0768718
-0.213078
-0.304051
-0.163677
0.301451
-0.394859
0.0525648
0.144151
0.0339827
0.0199813
-0.03816
-0.0474707
-0.108882
-0.139973
0.000266686
-0.206142
0.959455
1.84235
0.985845
-0.15841
0.445652
0.0136603
0.0100949
0.015928
0.0171779
0.0127791
-0.0027295
0.0208286
0.0918051
0.0284955
-0.0535297
-0.0212754
0.0211889
-0.0214948
-0.00649467
-0.0269148
-0.00612785
0.0195752
-0.0700278
-0.147965
-0.0271051
-0.00117528
-0.060553
-0.0202892
0.0278917
-0.0905194
0.0352611
-0.208197
1.12952
0.484121
1.53863
-0.0635087
0.131697
0.0741603
0.0397974
0.00980788
-0.0304682
0.00602637
-0.0156489
-0.017134
0.0661042
0.15674
-0.225466
0.227718
-0.0104208
0.178441
0.456944
-1.17784
0.531217
-0.0831875
-0.096459
-0.0868586
-0.0679551
-0.0187462
-0.0156503
0.00249837
0.087284
0.0320654
0.111735
0.0998162
-0.0413108
0.0291653
0.203255
-0.264443
0.780823
0.173253
-0.362336
-0.000947442
0.0162034
-0.0236994
0.0771572
-0.082578
0.176412
0.10306
-0.0815723
-0.198271
-0.210545
-0.188999
-0.0757451
0.318906
-0.383046
-0.71678
-0.18708
0.0301962
0.0259993
-0.0985152
0.052657
-0.118553
-0.121387
-0.1032
0.0509026
0.0893799
0.0910395
-0.1574
-0.269023
0.231344
-0.281977
0.443385
0.0276843
0.427738
0.184772
-0.0202785
-0.0989617
-0.085005
0.0133723
0.095717
0.0875104
0.0677385
0.0883223
0.014813
-0.0582094
0.0399989
0.0583029
-0.148351
0.0195867
0.746923
0.474214
0.0167
-0.143786
0.0604127
0.0223166
-0.0379788
-0.0128805
-0.000842541
0.0541316
-0.0571197
0.0204807
-0.0109569
0.00136821
0.0107772
-0.0856175
-0.0175435
-0.0647753
0.00873443
-0.0585262
-0.0038482
0.0179135
-0.0289604
0.0218426
0.00797953
0.0273277
0.0708019
0.0598229
0.0549831
-0.0660653
-0.0117017
-0.00465447
0.0418605
0.0290678
-0.0179608
-0.0433249
-0.0413131
-0.0611426
-0.0441774
-0.021348
-0.0513486
-0.0905249
-0.0866967
-0.0380311
0.027255
0.00958338
-0.0254333
-0.0578382
0.0919546
-0.0258779
-0.0797905
-0.0574608
-0.000990951
0.0862246
0.075555
0.0519018
-0.0373143
0.0207581
-0.121325
0.0663123
0.068435
-0.0304618
0.0465495
-0.0252865
-0.00301196
-0.00699329
-0.00355745
0.00974001
0.00506326
0.0151961
0.00217231
0.0104388
-0.0153179
-0.0102939
0.0529021
-0.0199334
0.0252595
-0.00498221
0.0142944
0.0223178
0.022838
0.0390751
0.034827
-0.00146177
-0.0392753
-0.0108056
-0.00128667
-0.00964403
0.01634
-0.0103303
0.0103509
-0.0159177
-0.00283225
-0.0280772
0.0155394
0.000448328
0.00855034
0.037451
-0.00768127
0.0179313
0.0281586
0.00707842
0.0187836
0.0917327
0.20293
0.0811844
-0.0138137
-0.00462174
0.000534624
-0.0244178
0.0227268
0.0262078
-0.00265215
0.0726334
-0.14212
-0.0265049
0.0068439
-0.0481201
-0.0281104
0.0384367
-0.00177955
-0.00927913
0.0113799
-0.0272647
0.054068
-0.0675432
0.0766791
0.0259364
0.0201078
-0.00421961
-0.0252161
-0.0281324
0.0257898
0.0352532
0.0869996
0.0723862
-0.0263444
-0.0208836
0.0266162
0.0122602
0.0367391
-0.00509193
-0.0265276
-0.00582229
0.0615754
0.0103267
0.0207683
0.0752361
-0.00738689
-0.0482197
-0.00434531
-0.00839781
0.00282551
0.019678
0.0555134
0.74771
0.192553
0.111014
-0.0610327
-0.0520896
0.0432701
0.012557
0.0575666
0.0120581
0.0584893
-0.00560774
0.0450736
-0.0262449
0.00675027
0.0246266
-0.0209274
0.0170477
0.0235321
-0.0508281
-0.108017
-0.100968
0.014575
-0.0184008
0.0197717
0.0116655
0.0257286
-0.00686983
0.0536826
0.063321
-0.0333929
-0.0158174
-0.0937888
0.0296285
0.0123114
0.0305617
0.0418109
-0.0057721
0.0242925
0.0263253
0.047351
-0.134472
-0.0552898
-0.00594552
0.0143744
0.0334542
-0.0255211
0.00152582
0.0473604
-0.0081073
0.0553438
0.0572614
-0.0585261
0.0121829
0.0167386
-0.0079822
0.00875768
0.0618047
-0.0260892
-0.00646412
-0.0491011
0.112799
0.147998
-0.0200917
0.0248951
-0.00145358
0.0016536
0.0176155
0.0468224
0.00671208
0.0181644
0.0390034
-0.126869
-0.0111554
-0.0311335
-0.00290722
0.00274661
0.0146616
-0.00542851
0.0139783
0.00970736
-0.0264046
0.0306996
-0.00485278
0.00241634
-0.00795783
0.0167703
0.0184427
0.00267598
0.0544634
0.0170446
0.0492842
-0.0258214
0.0346455
0.0416876
0.0205042
0.0302959
-0.0153019
0.00303925
-0.015716
0.018647
0.0577157
0.0199622
-0.0771214
0.0265737
0.0124602
-0.0406735
-0.00265371
0.00740681
0.0255014
0.0300001
-0.00017128
0.012543
-0.0290683
0.0156951
0.0362214
0.00138692
0.0235303
-0.00437782
0.124968
0.0141319
0.00277148
0.0260099
0.00697071
0.0350224
0.00353209
0.0175291
0.0106688
0.0179833
0.0399127
0.0141235
0.0288579
0.130406
0.020368
-0.00597866
0.00802345
0.0366841
0.00236356
0.0182513
0.0313702
0.00924595
0.00295509
0.013248
-0.00445053
-0.00091681
0.0227948
0.00289578
0.0949194
0.00748958
0.00638674
-0.00588733
0.0280263
0.0251952
0.0161944
0.00982823
-0.0032062
0.0212289
-0.00876253
0.028189
-0.000344657
0.0285708
-0.00248785
0.0658187
0.00361898
0.0250488
0.035002
0.0415451
-0.00998205
0.00763471
0.0360585
0.0516153
0.00768636
0.0262843
0.0388201
0.0281877
0.0402109
0.00336206
0.00913739
0.0163773
0.0234372
0.0333397
0.00358462
0.0248621
-0.0159869
0.0568956
-0.00265074
0.000499489
0.0430303
0.037771
0.0329607
0.00986513
0.0174629
0.0142894
0.0362767
0.133351
-0.00141674
0.0234697
0.0111252
0.0296608
-0.00879524
0.0754724
0.038031
0.0367214
0.0360634
0.00124553
0.0231871
0.0303199
0.0204495
-0.0125716
0.0154973
0.017069
0.0404064
0.0336026
-0.00387726
0.0202338
-0.0239609
0.00657081
0.0136459
0.0181428
0.0227172
0.0657856
0.0356941
0.00935169
-0.0127056
0.0261545
0.00105417
0.0346912
0.0020743
0.0151667
0.0161404
0.0286277
0.0454062
0.0113067
0.00462739
-0.000369302
0.0348457
-0.00337614
0.0169273
0.0321593
0.0148594
0.0406089
-0.00364106
0.0161009
0.0514773
0.0292525
0.0435682
0.0112746
0.0379488
0.0163678
0.0378445
0.00949539
0.0256768
0.0397346
0.0241327
0.0302439
0.00869187
0.0252076
0.00600107
0.0322803
0.0497445
0.0143715
0.0485403
0.0243003
0.0420523
-0.00815735
0.0535331
0.0455152
0.033736
0.0389734
0.0376787
0.0247137
0.0196237
0.0314922
0.00168002
0.0130941
0.0389893
0.0207292
0.0446248
0.00192004
0.0201359
0.0158784
0.00449905
0.0426411
0.00894321
0.0298574
0.0221459
0.0385062
-0.00729551
0.00259978
0.0360665
0.0293165
0.0570378
0.00478837
0.0122785
0.0189561
0.0278241
0.0463213
0.0121041
0.0279195
0.0228336
0.0398192
-0.00883431
0.019145
0.036845
0.027978
0.0360008
0.0040989
0.0242647
0.0109528
0.0374606
0.0511477
0.00993008
0.0325489
0.0295521
0.0501005
0.00189918
0.0136116
0.0356876
0.0308461
0.044961
0.0126863
0.0311865
0.0276441
0.0286852
0.0512005
0.0120692
0.0365811
0.0293725
0.0387558
0.0245463
0.0163121
0.0401548
0.0370821
0.0506364
0.00967503
0.0355543
0.024161
0.0363353
0.0534186
0.0176544
0.0351403
0.031632
0.0434209
0.00825796
0.0195413
0.0188095
0.0342785
0.0499284
0.00772068
0.0336487
0.0242837
0.0415453
-0.000536139
0.0186056
0.0375628
0.0325735
0.0471682
0.00756758
0.0230529
0.0192132
0.0389235
0.0522415
0.0149556
0.0282352
0.0260044
0.0403204
0.00308351
0.0216344
0.0369464
0.0345229
0.048455
0.00784717
0.0247304
0.0220317
0.0363691
0.0540213
0.017138
0.0320644
0.028711
0.0443738
0.00389497
0.0184277
0.0395656
0.0358416
0.0495712
0.0107547
0.0275661
0.0242238
0.0385108
0.0547795
0.0192927
0.0339214
0.0310361
0.0455236
0.0063977
0.0217926
0.0421862
0.0381943
0.0509455
0.0131368
0.0296546
0.0268617
0.041199
0.0563869
0.0212654
0.0365262
0.033407
0.0475356
0.0080556
0.0239599
0.0208116
0.0408065
0.0527614
0.015354
0.0319056
0.0290313
0.0430335
0.00186818
0.0235785
0.0380687
0.0355607
0.0497502
0.0104342
0.0263954
0.0232738
0.0427213
0.053331
0.0172789
0.0327847
0.0310748
0.0455694
0.00443185
0.0257245
0.0400779
0.0394244
0.0504722
0.0123861
0.0271481
0.0253991
0.0389321
0.0535631
0.0210264
0.0349356
0.0354534
0.0458924
0.00670288
0.0229371
0.042866
0.0406922
0.0517679
0.0147089
0.0294377
0.0292355
0.0411945
0.056814
0.0237004
0.0399695
0.033064
0.0478387
0.00830821
0.0238262
0.0472938
0.0411983
0.0531251
0.0140065
0.0328823
0.033472
0.0455086
0.0579777
0.0259852
0.0377513
0.0351384
0.0515992
0.00282517
0.0183098
0.0246724
0.0419871
0.0562066
0.0181236
0.0315185
0.0312526
0.05341
0.00325393
0.0280124
0.0402005
0.03769
0.0530375
0.0063236
0.0280488
0.0498637
0.0472751
0.0590345
0.0229429
0.0211414
0.0329371
0.0498683
-0.00299399
0.0328202
0.0421022
0.0459002
0.0540551
0.0141887
0.0342002
0.0297656
0.0607349
0.0592325
0.0252927
0.0376064
0.0421477
0.0521599
0.0104405
0.0286552
0.0437994
0.0410389
0.0548594
0.0169892
0.0255276
0.0309848
0.0419169
0.108511
0.0312343
0.0482962
0.0361719
0.0555662
-0.00879065
0.0262677
0.0698623
0.036992
0.0614198
0.0191696
0.0404816
0.0400105
0.041631
0.0560768
0.00765731
0.0460977
0.0384961
0.0582542
0.0141631
0.0268252
0.02774
-0.00368091
0.0591751
0.0203471
0.0362747
0.026863
0.0391698
-0.00135893
0.0349963
0.0331219
0.0470866
0.0521094
0.0154055
0.00714474
0.026322
0.0513121
0.0559567
-0.00666974
0.0620145
0.0394825
0.0525741
0.0830594
0.0318485
0.0450514
0.0451877
0.0717693
0.024957
0.0367405
0.0433786
0.0578701
0.0722416
0.0339215
0.0327366
0.0392589
0.0601316
0.0180494
0.0180565
0.0615095
0.0434144
0.0187881
0.0225143
0.032155
0.0375701
0.0594139
0.0421612
0.030707
0.0442827
0.0427262
0.0624693
0.0522741
0.0329589
0.053605
0.0494304
0.0640178
0.0175796
0.0373861
0.0318543
0.0492002
0.072888
0.0331264
0.0387047
0.0434926
0.0311981
0.0147394
0.026197
0.024724
0.047623
0.0874999
0.031818
0.0382989
0.0501514
0.0347701
0.00533364
0.0365384
0.044046
0.0398025
0.0585198
0.0190888
0.0337775
0.0294454
0.0581505
0.036692
-0.0516236
0.0525027
0.0486448
0.0504157
0.0119572
0.0301454
0.0176592
0.0261019
0.0640058
0.0251628
0.0432651
0.0259722
0.0506351
0.0742963
0.0117667
0.0372785
0.0908146
0.158218
0.0186074
0.0476586
0.0619306
0.0509449
0.0368951
0.0155305
0.0479551
0.0379241
0.0443384
0.0652775
0.0512246
0.040068
0.0419368
0.127317
0.0370175
0.0154708
-0.000219505
0.0612986
0.0478815
-0.00444574
0.024642
0.0676667
0.0657761
0.0719076
0.0519148
0.0541512
0.0314407
0.0822706
-0.0211498
0.0585938
0.0750704
0.0584625
0.0753223
0.0176873
0.021751
-0.0524475
0.0582422
-0.00299968
0.0252129
0.0535764
0.0562916
0.0719552
0.00434621
0.00549745
0.0741086
0.022949
0.0697318
0.0385567
0.0404508
0.0436311
0.201898
0.0624941
0.0333966
0.044825
0.0476503
0.0562316
0.0239513
0.0400505
0.0378943
0.0554449
0.0693188
0.0339857
0.0514839
-0.0787792
0.378874
0.0226434
0.0307113
0.0504602
0.0431823
0.0873152
0.0634873
0.0457335
0.0264508
0.0385031
0.0845433
0.0249802
0.0184875
0.0284224
0.0455745
0.10877
0.0212363
0.0593013
0.0367329
0.0674686
0.0133874
0.0451768
0.105126
0.0630467
0.0715603
0.0342565
0.0314268
0.0527479
0.0666197
0.0136265
0.0402353
0.0549401
0.0515139
0.076286
0.0123703
0.0296485
0.0978086
0.0723136
0.0327149
0.0412557
0.0493473
0.0569946
0.0575621
0.0336421
0.0610366
0.111876
0.237488
0.154261
-0.0016162
0.0524707
0.0488041
0.0598638
0.0420869
0.0259425
0.0499319
0.11758
-0.0326223
0.0680625
-0.0115004
0.0254991
0.00186887
0.0532411
0.00886015
0.0632536
0.0603027
0.0525055
0.0797308
-0.0529719
0.0812944
0.0874065
0.11749
0.0307686
0.00560944
0.0162581
0.0646131
0.115216
0.128528
0.0748055
0.0365591
0.0322173
0.062202
0.0467604
0.0575749
0.0299997
0.049184
0.00898585
0.105883
0.0607609
0.0667768
0.0305804
0.0826068
0.0294531
0.0567
0.0655934
0.0411738
0.0589712
0.081182
0.870227
0.0629667
-0.039975
0.0552172
0.0639549
0.090721
0.0037266
0.0953565
0.0491287
-0.00803996
0.0593653
-0.0224723
0.0300319
0.0765212
0.0837902
0.0742268
0.0728301
0.0455563
0.00687305
0.28724
-0.53908
-0.0130236
0.0634763
0.101111
0.0739757
0.0288038
0.0227099
0.108607
0.156306
-0.0674265
0.00992189
-0.0295433
0.0799897
0.108104
0.0186488
0.0410712
0.0663021
0.0660303
0.0252989
0.0627788
-0.0767598
0.0348637
0.0417145
0.0728877
0.0305455
0.0345958
0.0441296
0.110842
-0.0250946
0.0138366
0.0492825
-0.0288599
0.0575711
0.0506627
0.0651177
0.0317366
0.0883356
0.0772428
0.00971444
-0.00659003
0.143306
0.21925
-0.00871224
0.0451004
0.0738733
0.0625864
0.0488847
0.0537944
0.0784381
0.0657921
0.0476334
-0.163522
0.0373845
0.0370169
0.0488681
0.0633273
0.031214
0.046215
0.059869
0.0522532
0.0807434
0.0135771
0.0581489
0.0601602
0.0552773
0.0154489
0.0188799
0.0400064
0.0661942
0.0497315
0.0305504
0.0888666
0.0817469
0.0925342
0.0591141
0.0696803
0.0352
0.0553628
0.0822487
-0.0169006
0.0863943
0.0763972
0.0516421
0.0639001
0.00501562
0.0396707
0.0201813
0.0486787
0.0673735
-0.00036123
0.058609
0.0834507
0.0596273
-0.0131206
-0.0421978
0.090864
0.108169
-0.0135378
-0.0405555
0.0349444
0.0222536
0.0853094
0.137751
-0.0941229
-0.0107949
0.114811
0.17542
-0.0319686
-0.0403429
0.0789174
0.096813
0.0649731
0.122889
0.0579526
0.0339169
-0.0638057
0.0115579
0.0171824
0.0645947
0.140117
0.062481
0.0413764
0.0215201
-0.0166711
0.0908624
0.150022
0.0497393
-0.0366992
-0.0114874
0.119729
0.0542345
0.0971226
0.112082
0.0766766
0.0156956
0.104937
0.0606833
-0.000834376
0.136882
0.183089
-0.020812
0.0430281
0.0721259
0.0682489
-0.00679358
0.0811302
0.0387866
0.0598219
0.0587461
0.0479609
0.0686719
-0.0106051
0.195341
0.238754
-0.318506
-0.745109
-0.147483
0.323812
-0.0895734
0.10803
0.0200403
-0.0356735
0.030486
-0.0032538
0.0343684
-0.00799474
0.000352196
0.090863
0.200615
0.110759
-0.212199
-0.231251
0.141883
-0.301019
-0.165214
0.0708843
0.217794
0.0312764
-0.145776
-0.143796
-0.0287363
0.00572469
0.0536225
0.183312
0.0623466
-0.00848079
-0.0376767
0.033245
0.255845
0.498457
0.488758
-0.257673
0.283567
0.170564
-0.0672996
0.125365
0.0706129
0.0981396
0.0582526
-0.0555197
0.0133952
0.0175312
0.0121458
0.101783
0.41611
-0.277625
-0.924696
0.149281
-0.0185391
0.0957921
0.178686
0.188257
0.0938646
0.0076394
0.0358023
-0.0270401
0.0760833
0.162944
0.157252
0.127467
0.14803
0.169375
-0.39233
1.23434
-0.320651
0.0642836
0.19514
0.40178
-0.226968
0.218951
0.212655
0.0951109
0.0959136
0.0360171
0.0984774
0.0662701
0.0764576
-0.121021
-0.0618296
0.308115
-2.90115
1.5685
-0.885889
0.628889
0.0977879
-0.0251242
0.00488745
0.119221
0.0664643
0.0502796
0.0631289
0.0976857
0.110634
0.0765816
0.0705157
0.0650095
0.0621307
0.0780039
0.0834241
0.0607359
0.0797445
0.0542382
0.0938892
0.0808152
0.0916508
0.0512657
0.088134
0.0895011
0.244757
0.160142
-0.0168124
1.09368
-0.901209
-0.105969
-0.87574
0.207703
0.0878817
0.019432
0.0956269
0.113227
0.034938
0.0471119
0.0572131
0.0238564
0.202058
-0.0842
0.228626
-0.157867
0.180841
0.140734
0.144131
0.0529816
0.113111
-0.064351
-0.0103384
-0.0522385
0.0101638
0.00686344
0.0534675
0.0962281
0.0927999
0.20961
-0.0518152
-0.082657
-0.119001
-0.0215415
0.327986
-0.331624
-1.14546
0.0713335
0.232093
0.0526907
0.0212704
0.136851
-0.00886843
0.173656
-0.00732994
0.0675209
0.204695
0.081204
-0.0390882
-0.0391883
-0.00803747
0.411444
-0.0279882
0.326167
0.166757
0.0604651
-0.00527694
0.110452
-0.0228683
0.0508332
0.168835
0.223502
0.223625
0.17398
0.305548
0.145315
-0.175863
0.15376
-0.291967
0.354024
0.245286
-0.290625
-0.0622103
0.066556
0.138628
0.104041
0.0732767
0.00305928
0.050973
0.043054
0.127408
0.149279
-0.00347451
0.10745
0.173915
0.0999999
-0.624499
-0.354327
0.277651
0.198537
0.0470549
-0.00433906
0.130793
0.0535916
0.0546718
0.0528295
0.101362
0.0550045
0.060264
0.0814938
0.049751
0.0703813
0.148499
0.12477
0.156962
0.119696
-0.0251074
0.0354668
0.0710181
0.0766779
0.0770536
0.0560799
0.0349435
0.127373
0.0768945
0.154227
0.0399284
0.0586057
0.0371242
0.113753
0.0906498
0.051421
0.0467565
0.0752148
0.0726168
0.154848
0.14
0.115184
0.173662
0.0264659
0.0661634
0.165404
0.0463057
0.130093
0.105425
0.0670722
-0.0184908
0.140598
0.157915
0.0784883
0.0684774
0.110701
0.076833
0.165842
0.0422549
0.0862238
-0.10042
0.152277
0.129188
0.0379528
0.0327631
0.108873
0.0601091
0.0492406
0.111687
0.0682715
0.0617831
0.076334
0.070462
0.088404
0.0434847
0.0216559
0.0506445
0.112833
0.0762378
0.061267
0.0805765
0.062568
-0.252925
0.139707
0.0369626
0.074395
0.0655897
0.0846095
0.0605755
0.0775233
0.0910622
0.0851196
0.0678629
0.0663857
0.0952028
0.0632532
0.00662191
0.0704438
0.0798725
0.0761277
0.0692429
0.0786996
0.0888574
0.0960798
0.117582
0.074902
0.0727402
0.0694944
0.0853855
0.0814954
0.0820874
0.0653804
0.0863465
0.0721752
0.0774712
0.0883359
0.0436877
0.0821243
0.0525582
0.0956038
0.0720715
0.0636464
0.0522033
0.0900533
0.091936
0.102553
0.0418736
0.0701868
0.0856472
0.0619069
0.0737044
0.0901491
0.0998373
-0.00172524
0.0666052
0.0576002
0.0839842
0.145521
0.0772627
0.0790095
0.0489216
0.0775649
0.0760878
0.057471
0.0847237
0.0516618
0.0594121
0.0987818
0.0739552
0.101761
0.0975562
0.0642522
0.0744751
0.0992637
0.0493293
0.063098
0.0504539
0.117746
0.13059
0.089951
0.0811226
0.0663208
0.0171813
0.0799115
0.0531817
0.109551
0.0536927
0.0908557
0.0841035
0.0949803
0.100544
0.0797326
0.0617524
0.0902359
0.0856552
0.0839415
0.072663
0.0834875
0.08204
0.0803024
0.0669106
0.0649903
0.100508
0.0837787
0.0611079
0.0689086
0.0591225
0.0741201
0.0930492
0.0717345
0.0525154
0.0676743
0.0874909
0.0670848
0.0757945
0.0744563
0.0814735
0.0853408
0.0883754
0.047676
0.0845353
0.0869726
0.0864517
0.0884854
0.0424812
0.0784213
0.0629997
0.0731186
0.090393
0.0597449
0.0772452
0.0872167
0.0847653
0.0861325
0.0731737
0.0716454
0.0974494
0.0712036
0.0709643
0.0746872
0.0836117
0.0864631
0.0686951
0.0806977
0.0830524
0.0833226
0.0836209
0.0626846
0.0841268
0.0855088
0.0832901
0.0819633
0.0696679
0.085387
0.0834586
0.0802036
0.078626
0.075823
0.0856896
0.086911
0.0774668
0.0761035
0.0769511
0.0882457
0.0806344
0.0763971
0.0817467
0.0829987
0.087419
0.084568
0.0681622
0.0850236
0.0838206
0.0884081
0.0884446
0.066101
0.0873629
0.0824307
0.0796987
0.0802315
0.0768943
0.0859428
0.0861811
0.0905137
0.046428
0.0633781
0.138161
0.0752174
0.0114517
0.105996
0.0859597
-0.01327
0.198804
0.129373
-0.187893
0.043245
0.104234
-0.0599484
0.362171
-0.065954
0.309901
0.0391823
-0.399315
0.202853
-0.405357
1.1391
-0.237359
1.19665
-0.0880479
0.121406
-0.44608
0.538336
-0.271508
0.366321
-0.718568
0.758849
-0.267997
0.21971
-0.118589
0.218233
0.022425
0.155124
0.115962
0.357278
0.343681
-0.101044
-0.0852617
-0.178901
0.329341
-0.0911376
-0.11342
0.396192
0.23967
-0.170832
-0.237475
0.823176
-0.48478
0.130146
0.23939
0.526794
-0.713022
0.308807
0.386125
-0.297883
0.46782
0.472612
-0.270447
0.192528
0.242589
-0.518429
0.473035
-0.409045
0.916562
-0.278068
0.18245
-0.171011
0.15309
-0.013818
-0.525308
0.0387571
0.205308
0.229619
-0.262133
0.372414
0.611156
-0.324246
0.120255
-0.257089
0.393349
0.0928435
0.415777
-0.463133
0.556983
-0.343618
0.459273
-0.602666
0.433241
0.77579
-0.763623
0.346748
0.0380364
0.488558
0.256507
-0.0788807
0.326543
-0.1898
0.284166
0.0536574
0.320093
0.486576
-1.04132
1.03873
-0.241197
0.19315
0.358586
-0.316345
-0.202185
0.701399
-0.420542
0.100182
0.32878
-0.018969
0.0536593
-0.0701415
0.407557
-0.367772
0.341528
-0.0765381
0.125415
0.436941
0.139085
-0.177908
0.555185
-0.422673
0.00915659
0.350403
-0.148118
0.124428
0.563673
-0.469179
0.692031
-0.119463
0.271893
-0.603539
0.404582
0.121559
0.0660155
0.96495
-1.16726
0.704488
-0.957137
0.880414
-0.101018
0.334353
0.437679
-0.933499
1.00215
-1.07975
1.06455
-0.642331
0.382852
1.30433
0.30199
-1.33399
1.7137
-1.68844
0.795934
1.50268
-2.39973
2.85617
-1.10749
-0.201254
-0.0863007
0.28718
-1.76152
2.08238
-1.58526
1.22863
0.3942
-0.402732
0.725352
-0.765702
-0.0587156
0.73613
-0.46936
0.272042
0.333883
0.395327
-1.22392
1.50251
-2.32412
2.67077
0.067174
-0.569901
0.333743
0.443425
-0.681339
-1.7804
1.80534
-0.643395
0.20501
1.71559
0.374252
-1.04351
-1.11732
1.64494
-0.0867828
-1.0736
0.288713
2.44843
0.793393
-1.14277
-0.301306
0.0271261
-0.674625
0.221876
0.502105
0.315177
0.851873
-0.63644
0.0113359
1.35717
-1.21151
-0.451928
0.678273
0.804571
-0.218108
-0.716432
-0.434423
0.851517
0.0782423
0.335404
-0.345921
0.662351
0.413381
0.0879701
0.353027
-0.0486774
-0.0760183
0.0574638
0.650592
0.065481
0.566329
0.0989569
0.161436
-0.80268
0.49281
0.879371
-0.632491
0.205106
0.224215
0.514398
-0.632431
-0.037611
0.16802
-0.234697
0.0709052
0.371196
0.743466
-0.377225
-0.647598
0.653809
0.789519
-0.381302
-0.153098
-0.763972
0.519669
0.864999
-0.536399
-0.120144
0.824767
0.451938
-0.565899
-0.388786
-0.595945
0.916957
0.462049
-0.127796
-0.027951
0.220834
-0.0451129
0.678841
0.388738
0.0735594
-0.697695
-0.0361409
0.272666
0.143631
0.425819
-0.32919
-0.38077
0.337446
0.464876
-0.0488495
-0.136574
0.167525
0.413449
-0.0737817
-0.00245481
0.637546
-0.32598
0.292213
0.101253
0.387782
0.024368
-0.194628
0.0362836
0.705348
0.130208
-0.147776
-0.105349
0.230696
0.624845
-0.597644
-0.0610562
0.88142
0.241824
0.196105
-0.373459
0.0623216
0.290348
0.358718
-0.104544
0.018816
-0.230163
-0.251276
0.508286
0.681751
-0.235229
-0.0235835
0.117903
-0.0345293
-0.0336446
0.52253
0.564585
-0.329255
0.531846
0.514538
-0.248571
-0.168843
0.338351
0.151396
-0.179589
-0.0111715
0.239679
0.268989
-0.110489
0.238184
0.150758
-0.130066
0.116455
-0.0305537
0.351913
0.234441
-0.202068
0.0840227
0.422471
0.176502
0.0750823
-0.505573
0.197188
0.597162
0.229676
-0.469026
-0.0264074
0.264371
0.322251
0.510359
-0.0804374
-0.000179845
-0.193255
-0.270669
0.523576
0.277483
0.298964
-0.244957
-0.348321
-0.292511
-0.0778107
-0.0511227
0.169965
0.458473
0.668431
0.0964853
0.29681
0.333853
0.465176
-0.36957
0.0594114
-0.136974
0.169848
0.0610906
0.306819
0.202564
0.27928
0.683208
-0.412461
0.211516
0.0100073
-0.590687
0.600055
-0.218805
-0.219727
0.579484
0.198411
0.44444
0.644766
0.0178642
-0.223214
0.532484
0.229156
0.482908
-0.0303003
-0.107562
1.23101
-0.745863
-0.897427
1.70441
-0.79018
0.99955
0.221616
0.160345
0.160816
-0.175248
0.831322
-1.50239
0.280715
-0.624001
0.607393
-0.390752
1.13358
-0.0526535
0.827996
-0.106137
0.225044
0.226437
-0.0216572
0.459543
-0.228668
1.08481
-1.19889
-0.406141
-1.42111
1.08494
1.81004
-0.371455
0.0184483
-0.346894
0.206759
0.485068
-0.330949
-0.281593
0.154914
0.503432
0.793037
0.473379
-0.0158385
0.27784
-0.589548
0.797091
0.966593
0.153593
0.0380822
-0.201675
-0.981337
-0.734001
0.953065
0.809677
-0.520805
1.42675
0.435409
0.614563
0.204782
-0.021376
-0.139815
-1.68385
1.64101
-1.46905
-1.51378
-1.94931
3.32573
1.08593
-1.71681
-1.79321
3.59654
3.8725
-3.42194
-3.31786
-2.85172
4.74981
0.803438
-1.04757
-2.42013
-3.31547
3.03176
1.97149
3.00957
2.89316
-4.31286
-0.176024
0.495328
0.188909
2.50236
-1.92541
1.45702
0.315783
-3.11061
1.35374
3.80711
-4.61926
-0.79408
5.08781
0.946975
-5.05506
1.36629
4.48571
-1.0122
-4.78767
1.89426
4.24705
-2.96488
-1.85387
2.63891
1.41872
-2.74657
-2.66669
2.50379
1.90326
-1.3459
-4.34534
2.37716
1.36561
-0.446054
-1.37505
-2.10501
3.20831
-0.410039
1.02304
-3.29091
0.675916
0.155995
-1.00682
5.53526
-2.73502
-1.38364
3.26622
-5.95579
4.49513
3.51032
-3.66998
3.14626
0.0764262
-2.2734
0.724566
0.904582
-0.239559
-1.20897
1.14212
0.790458
-1.19605
2.01155
-0.991209
-1.1138
0.625926
1.17587
-0.368013
0.340821
-1.35785
2.03583
0.412234
-2.27614
3.07883
-1.23908
0.975287
-1.26573
-0.236965
2.1825
-0.788306
-0.526849
0.121181
-2.58228
4.68232
-4.45373
4.08535
-3.51645
-1.85459
3.61313
-2.89212
3.0591
-0.695803
-2.98307
2.94808
-2.31664
0.836256
1.37068
-1.49039
1.72853
0.590175
-1.91549
1.5214
0.108894
-1.16016
2.05731
-2.18836
1.78588
-2.18225
3.44895
-3.74285
1.1793
0.88081
-1.05633
2.40124
-2.83579
1.65825
2.03341
-1.93875
-2.68586
1.98044
2.82006
-4.75187
4.76685
-3.37741
1.49586
-0.570865
-0.663256
1.4604
-0.0235122
1.37064
-0.352332
0.161923
-0.117884
0.0803771
0.937823
-0.423772
1.73329
-1.97202
1.5069
-1.11228
1.13633
-1.20161
1.14575
-1.24764
0.837065
0.424743
0.0115867
0.728541
0.603993
-0.881315
1.71773
-1.11705
2.13966
-0.892374
0.973262
0.859536
-1.77539
3.37474
-4.12885
5.18968
-5.58119
6.22812
-1.10943
-6.84407
13.137
-19.1411
22.4801
-5.46149
-18.9791
38.0166
-24.3579
6.32778
9.60312
-13.015
14.494
-9.18529
9.96093
-7.52458
5.7357
-4.75782
2.36019
-2.24078
1.52806
-0.99355
0.278725
4.88872
-3.91392
4.05365
-3.02655
-1.98324
5.42206
-4.04305
1.09609
2.36785
-3.8128
1.8226
3.09589
-2.9498
-0.978931
3.85083
-1.81807
-2.1365
3.84677
1.70102
-1.25344
-2.45976
3.7956
1.3716
-6.3194
-0.134824
7.06866
-1.28644
-7.18396
2.46563
12.2388
-12.531
-9.92411
18.4856
13.3688
-26.5508
-5.94316
29.0025
-23.71
17.972
-7.46487
0.0425225
-5.53711
0.488515
-0.468101
2.75453
-3.12081
11.2662
-12.1166
12.3817
-6.22959
3.51302
7.41231
-8.90455
9.66931
-4.32486
-7.67591
9.38593
-4.89778
-3.43828
6.23185
0.366261
-5.34464
2.90028
2.40145
-6.06562
-2.31755
3.48439
0.734553
-5.92574
-2.62553
1.15616
3.44386
-2.92151
-4.7947
-3.19839
0.116038
0.444483
3.21478
3.37352
-1.99658
0.38521
5.99344
-5.44798
-9.34405
11.7689
25.8049
-24.9424
-15.9022
13.4924
-17.9346
17.7847
-6.95604
15.2172
-5.58745
17.2459
-8.47121
5.38752
3.5133
-6.56356
7.30602
-9.77497
2.76605
8.48421
-7.14267
-0.864187
7.44112
-1.64723
-2.6717
6.86089
1.46145
-2.39323
0.0773954
6.45672
5.12158
-4.00102
-0.406975
0.843619
5.77582
4.07236
-0.596695
0.798541
-1.47246
0.435741
1.43645
2.77192
2.60644
1.3346
-0.503082
-0.621813
6.1963
2.7951
-16.8417
-3.81563
32.0804
10.8564
-53.1268
-8.08762
43.0883
-14.7924
19.5427
-4.39533
6.79409
-3.32892
5.64284
-7.31755
9.96329
-6.34289
-0.449534
6.77528
-4.61157
0.869661
5.34296
-4.41155
-2.59083
5.80084
3.78726
-0.671396
0.925818
5.78666
6.32051
3.17965
-1.35237
0.304678
1.38213
4.05967
4.12805
0.265242
1.44186
0.87033
-2.02032
-2.0877
-0.745038
-2.04996
-3.5593
-5.36119
-4.91508
-3.24675
-2.62423
-2.21526
-3.48294
-5.52724
-5.94544
-3.4686
3.50564
14.9824
24.7759
4.07603
-52.0855
-56.6139
4.38949
1.18431
19.5668
7.35157
21.6305
-0.0462073
11.1532
15.3983
-5.21382
9.75752
19.1717
0.576432
-14.1081
1.74656
16.5378
16.0023
6.14485
0.739326
-10.954
-7.91046
-2.91834
-6.40859
-4.07528
-2.37928
-2.19187
-0.426993
-0.153035
-0.717448
-0.854509
0.881989
0.781149
1.50974
0.41309
3.29084
1.99164
2.51576
2.27523
2.47072
4.86211
4.27977
7.02868
4.06463
2.9661
9.57893
5.02525
9.47903
-1.17659
0.181701
-38.4663
31.3029
132.896
-107.168
34.0788
-2.95168
-49.7354
54.9006
-5.52095
-17.2009
-35.6463
-32.1427
-18.2801
-13.3564
-8.63762
-7.86411
-1.28844
-2.30089
-3.75177
-2.42678
-3.08565
-0.664242
-1.39611
-2.82024
-0.426751
-1.21674
-0.232027
-1.1393
-1.80169
-0.390965
-1.0553
0.0995001
-1.05623
-1.45966
-1.21865
-2.01494
-1.46967
-2.40362
-0.200386
-1.07986
-0.69546
-0.781473
0.301422
-0.467365
-0.733894
-0.905051
-0.278166
-0.511825
-0.89195
-0.373635
-0.400474
-0.226472
