-0.0037534
-0.00620128
-0.00197892
0.0214827
0.0473938
0.0792111
0.110647
0.155595
0.189548
0.2438
0.285615
0.337435
0.367671
0.412171
0.442327
0.490289
0.519165
0.569033
0.593945
0.647194
0.693353
0.770548
0.835332
0.940325
1.02023
1.15642
1.27815
1.4328
1.55561
1.71135
1.80945
1.92569
1.99981
2.08268
2.11026
2.15815
2.12577
2.12752
2.08098
2.05044
1.96156
1.90528
1.78166
1.68375
1.54734
1.44794
1.30864
1.23004
1.07669
1.0045
0.892739
0.853623
0.765087
0.73562
0.631987
0.582343
0.509673
0.499837
0.420229
0.418589
0.35556
0.390487
0.381712
0.417113
0.387727
0.458146
0.439802
0.482017
0.43452
0.445545
0.397863
0.421135
0.311414
0.288782
0.19154
0.173137
0.0806562
0.0439969
-0.092472
-0.16604
-0.261841
-0.280666
-0.395649
-0.405918
-0.468797
-0.406538
-0.396134
-0.320367
-0.325464
-0.165398
-0.106979
0.0403915
0.0824735
0.221351
0.284879
0.491447
0.529567
0.718843
0.851636
1.10125
