-5.45229
-2.56361
-10.8273
-20.6145
5.87765
3.79611
-30.9523
-9.03583
22.9754
-31.1379
-0.873232
-3.26571
15.5359
-27.8295
-14.3687
42.7067
7.30275
-13.0876
10.9142
-2.45851
-28.7537
-19.9189
7.59037
-12.832
7.71672
0.96571
16.0617
-15.2667
-0.113191
3.12218
11.7528
5.51294
14.0584
-11.4642
-10.3776
9.03519
0.633902
9.4866
19.1509
-17.9787
-4.50977
-14.4209
17.667
-11.4955
26.8894
34.5419
-3.15045
-9.42492
-17.0189
16.1881
18.4557
-7.98109
16.4674
20.6346
-18.3973
11.3537
-11.4619
-11.5676
-9.81872
9.82741
-43.0975
10.9075
-8.33742
9.2376
-9.08429
-20.0362
4.437
13.9083
18.8913
-29.4466
-18.5202
-6.85692
49.0142
11.0012
4.30482
-40.2755
2.10033
-11.9383
-14.77
-23.4749
14.5579
-4.22058
9.81099
36.8521
8.18112
-10.3262
-25.2664
42.7495
7.03533
6.43209
17.3994
8.2801
-7.15582
-14.8505
23.0496
8.32679
-31.6572
-25.4289
29.4281
-4.05377
-17.115
17.6007
-6.74982
-17.6915
-4.84474
9.60458
-26.5264
-1.56319
-7.51269
-15.7339
-19.6519
26.7454
7.31021
1.86357
11.1464
22.592
6.19355
-10.1549
-11.9678
-7.82101
-4.42368
23.4792
-5.30923
-2.83856
-6.38147
-11.2473
-27.7749
-9.39851
-12.9559
-20.0447
19.7881
21.6604
13.6604
-14.5371
7.6306
-25.4718
-26.2697
-11.2567
-14.5072
30.5809
-6.79745
12.1506
7.18679
-14.0687
-28.9877
-17.5593
1.03645
-0.0770633
18.9733
-9.02412
1.04688
-14.6345
10.8031
1.38115
20.7878
15.145
-7.00203
-12.6193
20.6225
3.36523
-5.06844
13.1361
1.13153
-22.2236
19.3217
11.9907
-11.0124
-2.99034
-16.392
3.81126
-6.25857
4.91244
46.5256
4.99035
-2.67324
22.2697
21.6158
4.57629
-5.69707
12.6927
-24.9472
-5.47178
5.53981
10.0645
34.9935
18.6717
10.3323
-6.7534
-0.141789
25.7067
-4.346
13.5438
47.5943
-13.4123
-30.009
17.1198
9.58872
-59.3169
-11.9264
-8.68746
-2.27559
-5.87506
-14.9743
19.7513
14.5953
-21.5525
-2.94858
1.15822
-9.52581
5.95209
-8.73135
13.8452
3.42
14.2259
2.49464
7.68991
16.3118
-0.486438
11.8759
47.4043
-5.86907
21.4434
-22.6928
-11.6762
-8.15125
16.502
-5.85157
-17.8689
14.7681
35.4805
24.2275
-22.6581
18.6776
16.331
13.1245
-5.4419
-2.98525
11.0581
-5.18687
12.0634
-11.8772
-10.2437
-20.3522
-3.86705
-8.20764
-10.7213
-9.54624
-15.0364
-20.819
36.0422
-6.75159
44.2365
-27.2288
-5.84931
-7.68481
-9.75356
18.7779
12.6234
-22.256
-43.8668
-21.3912
1.24459
12.3832
-14.9697
-16.9336
-15.6942
7.86868
6.74642
7.36255
-3.77072
-26.8207
7.22029
45.5801
12.582
4.7374
-31.314
-20.449
-21.2879
-5.64087
-12.5462
1.05122
-11.9564
20.3264
19.0449
-34.9578
34.9203
0.600105
-4.16256
-21.5101
-23.8595
-3.68833
-3.68228
12.3377
7.96191
19.9808
13.006
-7.34025
-0.690325
10.9787
14.5301
-4.9314
37.0865
-10.0277
21.3442
-6.96468
-36.5529
2.67387
18.762
-15.3242
-1.31228
-16.1592
-20.1727
-4.3999
3.93322
14.9997
-17.5887
14.6578
42.2519
2.91897
35.1836
-9.4109
5.63539
-24.6207
14.4606
14.1138
35.0527
-8.90562
-18.2376
1.39708
-22.7617
-9.17614
-11.2678
-4.76538
8.34282
-9.49967
-18.4287
5.4594
0.279723
-5.43765
22.0408
24.0459
-11.3812
-5.52775
27.4769
19.166
-4.64959
-10.1233
-1.89288
14.413
2.51425
16.9564
25.2898
29.7723
-27.8519
17.833
7.57586
28.4708
-10.4714
-22.6383
31.5325
3.72298
-5.63487
-6.85912
2.3749
-13.3734
6.83895
-5.37695
-22.67
1.73877
13.3461
-6.35628
20.6812
0.466726
-14.6618
-19.9536
35.6266
14.7668
-17.3041
-37.3618
-29.4235
9.72147
11.7622
15.1499
13.7919
19.3346
3.42217
19.5049
-45.6482
-27.3118
4.43944
-6.9009
-33.337
-7.61701
18.7262
-5.45242
-4.07843
-16.541
20.6709
2.33318
19.9764
2.50465
-19.0083
-8.86513
-1.8043
-2.17197
1.13801
-6.34682
-20.819
6.92555
-13.0484
30.5493
-17.738
22.4251
17.1026
-3.4177
2.40476
-14.9086
32.5292
-13.8516
-21.8735
3.77828
-11.1882
15.3884
3.34605
-21.5409
12.9532
8.01018
12.374
-22.6193
3.14569
30.6363
18.9685
1.75202
0.986078
7.61391
-27.5659
-13.0833
0.663055
-34.4617
0.290658
-5.0646
6.96923
-11.8242
-31.4865
1.04104
22.9627
-19.6653
4.95471
6.36219
-16.0846
-10.9242
8.29148
-11.7454
36.0572
-12.264
-35.7771
-1.38336
-35.1328
5.18032
39.8703
-1.73357
-3.67072
5.03519
29.8796
-16.4463
7.71206
-21.2826
-20.1965
2.68961
5.34614
-9.65796
27.2264
19.2242
24.1593
-3.80052
44.2669
-16.7659
17.2631
2.64351
9.60722
-21.2607
7.97358
-3.94534
28.986
14.7102
1.93595
3.85296
-21.0202
-4.41265
-5.06411
-17.3384
-14.8943
31.9732
30.69
-19.3712
-5.10793
-9.60429
-8.39499
9.44758
-0.332116
26.5032
-2.52941
-28.4204
2.83338
9.00129
-20.5546
4.99636
0.56205
0.631648
-2.2668
-35.744
5.01894
-16.5133
-8.04506
2.41757
16.3865
-13.517
3.64903
19.0321
20.9182
24.5181
28.6388
17.0518
14.0374
2.74648
-8.72789
-32.0405
-42.6064
-11.4332
3.71173
49.5841
-22.3724
-14.8946
0.451948
8.73176
-14.8088
-11.0442
-5.33362
-3.7001
8.76757
23.6044
20.4644
-7.26126
35.9328
-8.57511
-5.80054
17.3469
-6.0935
30.7183
-21.2747
26.9005
-7.93539
19.8704
42.4743
-31.97
-5.00981
26.2355
-8.63672
9.41035
-11.536
-19.5268
2.69502
9.2393
-12.3603
-9.86062
-21.3337
-14.4532
-1.02541
-7.77852
22.8306
17.7342
8.08574
25.235
23.1935
-0.172769
14.3049
-6.07317
6.24285
24.5656
-12.9344
16.8003
7.02373
22.0935
-23.2259
-36.9651
8.3387
-11.3412
-13.4212
-5.42994
25.8341
5.22849
-9.0209
7.31149
2.39233
-27.3891
5.20218
-7.27111
-36.3363
24.6078
4.16878
-17.7458
-29.1661
12.4904
29.3005
-5.42942
-16.1165
-31.6309
-7.15466
-33.0596
19.8398
-30.2253
2.544
11.8223
3.04745
-3.08116
12.804
14.2961
20.7918
3.78497
-7.72663
-37.752
-14.3954
-9.24521
-16.208
-38.1806
19.0182
4.49266
14.0086
26.2197
-1.95575
9.19776
29.7796
3.01769
-37.8946
-14.2397
1.24963
27.5754
5.11177
0.0339484
-0.674626
-16.7516
-5.91335
-23.4947
6.63252
30.8645
-25.4655
-28.2639
-0.612578
10.6203
-0.601298
-12.7839
-4.58091
-14.7857
2.10508
1.49459
-32.9584
-7.66372
16.1155
-2.90423
9.09719
6.8026
24.4072
-30.9117
-2.0335
-17.7083
-5.77267
3.84523
38.3817
-36.5183
-20.3221
-5.39006
-0.904013
11.532
-12.769
10.964
-18.2961
38.5436
-1.56391
5.45223
-6.0682
7.87934
30.203
7.60648
-7.99226
-16.3777
-34.5368
-16.4827
5.46864
8.01055
8.94741
6.82116
-4.78094
-5.43086
14.6974
-20.7761
15.0852
-22.6734
2.68125
24.5832
-22.9792
3.30679
-36.3212
6.09907
12.3467
-8.18453
-2.23562
-30.4835
3.993
28.1315
-20.7297
-8.06825
10.3146
-14.1948
15.8788
2.52225
30.6087
-10.085
1.40053
-1.49212
-1.39668
15.5132
9.60619
-19.4144
10.0191
6.64613
-0.428771
11.3257
-0.506022
-1.57387
14.4688
26.4201
-6.12375
2.96649
17.6768
5.5618
-0.231829
-17.8301
-5.12803
14.3971
17.139
-24.3035
33.7478
-10.6441
21.1671
8.8539
15.2949
11.8749
1.9653
-21.2465
10.6079
-7.1266
-6.484
13.6369
-6.23584
7.00934
-8.9619
-26.4578
-36.0697
-2.57633
-25.513
-27.0758
0.102318
-24.7393
-7.58496
5.9516
0.404946
-18.5318
21.1012
8.65407
16.4493
-27.0022
-26.4615
-6.00923
-6.51387
3.79112
19.2955
-14.17
-8.5771
30.436
3.07603
-35.7317
0.974092
-34.4766
-7.23648
-27.6308
12.6158
-23.8347
12.2761
0.703691
10.4251
7.62153
9.41643
-3.49504
23.4929
9.14699
19.4051
-36.4439
-17.2938
16.9575
27.1944
4.68554
-37.541
-0.0983348
32.8425
-12.7556
13.2947
-16.4937
-4.85578
-6.76305
0.355797
-6.28048
6.21807
-5.90003
-12.9654
10.2081
6.73775
-4.07168
-20.6498
-13.956
-19.5993
0.364641
-13.7208
6.69042
9.53931
4.19436
-20.7231
-30.1185
-9.45083
7.30326
-17.3975
7.90672
18.4858
31.3432
0.969444
19.7834
31.5822
-10.6049
-14.4005
-2.9117
-11.1922
12.8338
10.0593
9.66001
-3.30295
-7.67604
-13.2186
-2.11483
26.46
-35.0247
-2.98987
16.9605
2.89206
15.9225
4.36553
-30.1571
-38.5977
-9.76608
9.93904
8.74415
-8.14769
-17.0108
-8.14502
5.43187
-7.57827
-14.403
-6.94809
13.2587
-15.4317
-15.2879
20.6896
33.6773
-2.23746
-9.52032
4.6832
16.8927
-4.31977
7.71567
26.0063
-1.30236
-8.36876
1.91779
-18.1091
-15.5842
-3.97186
8.53266
7.20775
1.6313
-21.1265
24.6093
-9.84216
26.5201
-25.1234
14.0571
14.061
-16.2866
14.7644
21.3942
3.60839
-3.336
16.2085
19.7804
-16.8002
-3.93119
6.40662
-40.4525
-3.59453
-0.733702
13.7561
-1.9339
-33.2107
-12.2129
-38.0847
40.2585
-8.71888
-3.1281
-16.9923
-40.8751
-1.80348
46.9964
-11.5062
1.5407
25.5883
30.8235
3.92404
-7.22858
-35.3973
2.47389
-21.3811
25.7915
0.860086
20.9452
-7.42006
18.3963
5.64716
-41.29
29.9159
-16.6305
-15.2815
-20.6723
13.2549
-10.1878
-7.83347
8.43123
0.0362175
-19.4908
-1.88811
1.6589
43.4795
-14.8779
-11.8082
-4.50007
11.3824
5.20568
3.90858
10.7516
-21.2541
23.8229
2.874
16.9139
4.78886
4.25632
18.4837
-27.9853
-1.69907
-3.98213
-7.11651
0.491304
-15.1589
16.2329
-8.08508
-20.6035
1.10998
6.0858
24.5216
19.9908
-13.3545
18.8647
16.2755
28.2248
-14.7603
7.21501
7.98602
2.80979
-43.6771
12.4211
23.5319
-6.77953
2.03758
-11.9015
-12.787
-22.9752
-10.2088
-9.56154
12.2405
-20.3618
-28.529
15.9527
-14.5649
20.7911
18.6664
-38.8089
18.3467
23.4543
-14.6074
14.6658
-30.577
-21.3024
12.3588
-11.1172
-12.6731
-22.5478
-12.823
-10.8136
4.48983
-6.9495
24.2789
11.592
-43.8097
6.22649
7.93883
8.31245
-12.6503
32.8168
15.9938
19.3115
-13.373
17.7404
21.6741
4.62588
-2.33339
-21.4748
-9.37205
14.4349
-12.0834
-1.31335
-7.3408
-2.93426
-1.3844
-23.0688
19.2854
2.62657
5.57919
16.2959
0.407604
20.6891
-24.505
11.3808
4.69925
3.75687
8.94595
-1.66448
-13.7047
-13.3031
43.0397
2.03514
-3.84876
-18.8767
0.668053
7.95722
-8.61395
-10.5097
12.8573
-24.6533
-18.1322
-17.199
26.1056
-43.2994
7.27566
17.8189
-6.81102
20.7772
2.47096
24.487
-22.7025
0.112462
-33.9378
-3.24764
5.64404
33.2821
23.5563
0.63343
-11.0767
45.0803
-9.82156
-42.7496
-15.8326
-2.97888
-9.1324
35.2728
-39.355
-13.7115
-33.6864
-0.0164012
15.2516
0.474083
-4.19938
-40.6586
7.33299
-4.21138
-18.8641
19.3163
16.0867
-2.60835
3.05922
20.6558
11.9674
-15.9292
12.8044
13.7381
-26.0372
24.2076
-10.724
25.7004
-21.6108
0.0549227
5.42425
8.09975
-6.87652
-15.9216
-18.8095
1.56089
-8.43018
0.271008
26.2783
8.36768
-2.22984
17.601
8.14535
-12.0408
-1.6335
36.8922
19.6578
-19.6056
-15.6384
14.8271
-3.11056
-13.8032
-6.39875
5.81288
-6.93727
-17.7169
-9.1309
9.73996
10.0769
-10.6444
-37.1058
-27.7168
4.57201
14.5798
1.51728
12.825
-4.0782
-34.1296
25.0887
-3.16558
-14.8269
-8.40544
-3.88855
8.41293
11.4051
11.4618
-12.5726
-5.55791
-13.3542
-9.28057
31.6226
23.6151
0.29021
31.0391
18.5716
5.80971
-16.5354
7.74994
-12.6702
-27.6274
-17.7048
3.90017
12.0548
6.22388
-15.0394
-2.13717
-18.2853
-14.5599
-18.1277
-1.34418
5.17224
11.4049
-11.8078
-5.29613
6.19758
-9.00479
-0.0536562
-8.78612
-2.77651
-16.6232
13.5656
-12.0476
34.9143
-0.168605
-36.7043
5.95691
26.702
15.171
-19.8305
-32.0363
19.6724
11.3077
21.0043
-4.00756
13.2358
7.36306
8.89928
0.494288
8.11748
-22.9315
10.5826
-29.842
-7.80031
-32.4377
0.438266
-30.0686
4.67078
30.6207
-8.07073
-16.5654
18.5555
4.06466
-6.30283
-5.09683
-25.1495
-26.3514
19.5313
7.21028
22.0924
-19.3045
1.72636
6.86724
-6.71041
-20.8928
1.11171
-30.2731
-24.6312
-1.59489
-34.3255
-26.6313
-8.34343
6.86166
-5.29759
15.9482
-9.53772
-0.823366
9.21245
-22.2909
2.14628
13.417
15.0035
13.1919
21.7459
-9.4425
34.544
-23.767
15.7312
14.1393
-10.2268
-17.7937
-0.0329124
4.75805
16.2246
3.57469
-2.68882
25.3943
13.5733
-2.2193
-2.84777
8.84552
0.951869
7.63413
10.426
-19.8236
9.63947
14.0507
-2.65523
-2.5158
2.8569
-11.6166
32.047
-0.344091
16.3045
-15.2364
8.96548
-7.06738
-20.541
31.9849
1.61948
-31.8813
-2.35537
-6.18428
13.0429
5.26454
-36.1431
4.11916
-21.6317
24.8981
0.398297
-25.2095
15.6076
-22.5088
12.7108
-7.08951
-5.28579
4.54144
12.1912
10.0172
3.29328
-19.5637
-36.5092
-18.3156
-6.04695
9.07991
33.8764
7.27238
-6.95299
3.72162
-3.66766
39.7729
-17.0368
11.8502
-13.9106
10.5544
-2.97298
-2.78494
-20.1927
-31.6903
38.4513
1.37307
-6.82559
-17.0414
-4.09057
-31.3307
25.182
6.97129
5.5912
-2.80473
15.7188
-7.43943
-31.8698
2.78414
5.11776
-17.6836
-4.36698
-13.3439
2.7855
8.26138
-0.92597
-25.7556
-25.0611
32.8529
7.10952
-20.7023
-2.4537
-16.3823
0.785637
0.0978388
9.25846
27.6315
1.35209
-16.0536
-36.3038
4.38678
31.1599
10.4851
-2.61835
26.0201
15.1748
3.75247
12.8338
-39.847
-18.4982
-9.79662
-15.5473
-37.9015
-9.82746
3.6594
21.1737
14.4407
11.6218
-6.36116
3.17214
10.0165
1.12544
-30.2789
20.9682
-33.4454
-8.1472
-30.6032
-14.9061
-4.80666
31.9745
9.21664
-28.3689
-18.2593
7.14657
25.4786
-37.1042
-6.20633
7.22893
-26.8448
4.16628
7.3955
-7.67541
8.18407
26.9087
-5.4799
-12.3328
-10.2007
12.7167
-36.8007
-20.9081
22.5814
7.9098
20.0299
-12.8316
28.3587
7.1707
-6.56009
13.8999
1.25034
23.5927
25.7383
6.31784
16.3189
21.1169
-7.60895
-2.06027
-16.7881
-23.2571
-8.83106
-12.0331
9.92452
3.15936
-17.1014
-10.146
10.3295
-7.90547
24.287
-3.5076
-29.522
42.2688
19.6518
-10.5466
29.8569
-22.5415
32.3622
-6.07679
16.6829
-7.62187
-8.56067
35.5059
-9.05285
21.551
23.2532
8.5992
-4.68963
-7.20989
-9.49781
-15.0978
6.70801
1.40398
-14.1034
-23.5758
49.3907
4.66983
-12.1404
-42.0378
-32.9163
-7.50104
3.64477
14.7985
17.9336
29.3513
25.2588
22.1382
17.7897
2.21781
-15.3692
16.5601
1.97961
-9.39922
-17.6864
5.24579
-34.5638
-2.05419
-0.129554
-0.186989
5.22464
-21.0123
10.9646
4.43379
-25.6623
-1.32525
16.6044
-0.214379
9.23599
-6.98077
-9.47558
-10.3784
-15.0144
32.5672
32.4263
-11.8768
-16.2744
-4.52094
-4.29655
-22.1999
4.89739
3.51518
17.7827
25.4688
-7.13849
8.07541
-21.2987
10.7552
2.47752
16.0436
-14.0285
43.2807
-3.65942
24.0697
19.3544
27.0949
-8.91352
3.21178
0.67993
-20.9621
-20.9557
9.17026
-17.1513
27.9759
4.14998
-1.77588
-1.85779
40.0324
3.08614
-34.7644
-1.77921
-33.6939
-9.26554
37.2099
-13.4552
5.63167
-14.0342
-15.5253
9.7192
5.66001
-18.2139
23.5307
-0.150377
-32.2804
-12.7746
7.99647
-5.63471
-1.68881
-35.9141
0.805484
-13.8855
-24.9313
7.2361
1.82001
4.81777
17.4317
27.0931
1.4316
-22.5035
11.1353
11.3232
13.8391
-21.6425
0.131759
12.1364
-13.7194
3.8868
-24.255
-15.964
32.6653
-14.8398
0.494577
-2.6011
20.837
20.7807
-19.0616
28.7985
-15.8748
4.37912
-20.4189
-8.20982
3.50736
-2.97075
-2.37006
-8.79606
-20.9554
3.63226
20.9402
1.67307
22.3829
-16.018
-4.8282
-4.67664
18.3219
-8.48503
-33.0193
-4.62034
2.63495
-27.8043
-46.1049
24.4058
5.43543
17.9793
11.672
14.152
10.8525
7.767
-30.1883
-40.7736
-13.958
13.1241
35.8798
-21.1794
-14.5249
-0.757473
19.7827
-6.40474
12.9104
0.324852
-23.569
-6.22088
6.11847
-12.6226
4.56823
-6.45523
-1.42626
5.46207
30.788
-24.965
-10.3914
28.8631
6.56253
19.2494
-28.3193
31.2909
24.6025
18.0551
2.55541
13.2746
-5.51233
-9.19847
-2.76858
18.5612
27.2722
-6.77965
-10.0287
22.5016
19.4754
-6.77505
-1.02099
4.18825
-19.4162
-13.6095
7.17341
-5.75942
-12.7261
-11.2791
-20.7666
3.91051
-20.466
-10.5447
32.0588
13.103
13.4819
-25.313
7.01935
-5.80766
34.515
3.57032
41.2496
9.94646
-19.2302
14.1116
1.75924
-3.92508
-22.6408
-14.9895
-1.49383
-14.6961
17.2695
-0.368483
-36.4885
-6.96099
20.8856
-9.05155
38.3835
-3.33417
12.0918
9.45058
-0.742466
-8.30001
12.9093
19.9785
3.04992
8.19308
-4.84071
-4.76848
-25.5086
-20.3408
-4.87986
-0.24357
31.8124
-34.1171
19.1488
20.2195
-11.5264
-0.531874
-13.0013
-5.58417
-23.3746
-21.9917
-32.7165
5.04847
12.9795
45.5556
5.51208
-28.5225
-5.37986
6.07418
5.30394
7.03479
-16.831
-16.4706
-14.7438
13.5637
0.744285
-20.8685
-46.6934
-20.0376
17.4157
18.779
-9.1682
-9.85218
-3.92284
-25.1773
44.8326
-13.7057
32.2988
-24.5266
-15.3496
-9.45262
-11.7636
-8.60213
-5.22914
-17.2837
-9.0319
-10.4235
11.9
-7.64674
9.19118
-4.0646
-3.19316
13.5308
16.6651
18.4911
-24.3414
24.5093
35.7305
16.1062
-17.7978
-5.25435
17.4999
-6.14685
-10.232
-20.626
22.9106
-4.22451
44.1007
12.2087
2.25107
17.6662
7.36777
2.45631
12.0967
2.61062
12.7065
-9.99781
3.94721
-7.92569
0.183547
-4.21488
-22.5029
12.7614
19.4049
-17.6483
-8.88593
-3.69945
-10.3395
-14.1373
-59.8667
9.68924
17.3729
-30.4411
-13.1784
52.077
13.5934
-1.33455
26.7792
0.868796
-3.05101
10.1957
19.1545
35.9583
9.66047
3.92666
-3.35285
-24.7212
13.8467
-6.06357
4.22739
21.2071
20.5754
-3.4017
4.40848
43.4945
3.18811
-7.80547
2.13927
-15.2062
-3.5986
-11.92
9.77087
19.7424
-23.5258
-2.3798
13.4256
-5.27904
3.82263
19.7074
-11.9119
-8.01171
14.1052
20.9684
0.284546
11.2476
-16.7242
5.62257
-9.42545
19.7845
-1.25027
0.849875
-18.7468
-30.3466
-12.861
7.111
14.9188
-6.95264
29.1768
-14.1583
-13.7556
-28.7704
-25.7335
3.76337
-11.8385
14.095
21.7431
18.0439
-23.5706
-13.3882
-10.2098
-29.8246
-13.3952
-7.26162
-1.91108
-4.44028
24.2997
-3.7598
-6.68849
-14.9988
-10.3561
7.58331
23.7047
12.7265
1.27479
7.25156
25.6943
-19.4149
-13.5264
-4.94337
-2.61897
-27.8525
9.99073
-5.80915
-16.2176
-6.897
14.9278
-17.3576
-2.0225
28.9902
-22.2203
-32.0129
8.03064
23.5621
-17.5302
-8.29221
8.06378
14.6025
4.84655
6.99121
37.8184
-28.2081
-8.92901
9.08379
35.0907
6.54193
-3.73976
13.3781
-25.8869
-15.0498
-12.0302
1.15134
-40.2806
5.39523
14.6269
50.2314
-9.69518
-16.3377
-27.5595
18.193
13.8833
4.93799
-22.0103
-8.72617
7.78772
-7.43127
15.1024
-44.4568
10.4197
-7.87313
-9.15997
-11.2504
12.8494
-19.3496
21.0699
16.9109
-7.36322
17.1196
15.8005
-17.3955
-9.77099
-5.16608
35.7069
24.2364
-14.1188
17.7449
-13.1745
-5.31892
-17.5888
17.819
9.69517
-0.514526
10.5371
-8.56857
-10.0286
15.1724
4.08122
12.8941
2.8985
1.49399
-14.8979
15.8457
0.100831
5.81903
-14.3832
6.92216
-22.6064
-28.3516
-1.40321
11.7893
-12.6007
8.34308
40.3017
-12.44
-28.0272
15.6766
-8.1036
-1.51549
-31.7117
24.3731
-6.59094
-33.3786
4.66676
8.31081
-21.9323
-10.5768
-2.58467
