0
-2.68119
0.568888
-0.429738
0.137057
-0.0151072
0.0519588
0.035242
0.00939568
0.00801614
0.0160208
0.00820215
0.013454
-0.0286105
0.0128859
-0.00259526
0.00907673
0.00270662
0.0106521
0.00764477
0.00988723
-0.0912669
-0.0172012
0.00457345
0.00227982
0.00541159
0.00971949
0.0020501
-0.000410086
-0.00714132
-0.00108264
0.00214917
0
-0.00214917
0.00108264
0.00714132
0.000410086
-0.0020501
-0.00971949
-0.00541159
-0.00227982
-0.00457345
0.0172012
0.0912669
-0.00988723
-0.00764477
-0.0106521
-0.00270662
-0.00907673
0.00259526
-0.0128859
0.0286105
-0.013454
-0.00820215
-0.0160208
-0.00801614
-0.00939568
-0.035242
-0.0519588
0.0151072
-0.137057
0.429738
-0.568888
2.68119
