0
0.98253
-2.80136
-2.42653
-1.03372
-1.00025
-0.761813
0.353695
-0.340329
-0.261369
-0.175653
-0.112946
-0.146411
-0.150071
-0.11015
-0.126952
-0.125856
-0.111218
-0.0756673
-0.0838518
-0.0940296
-0.0844268
-0.0560695
-0.0422807
-0.0590495
-0.0737302
-0.0689056
-0.0402555
-0.0602868
-0.0797136
-0.0574425
-0.0276813
-0.0371136
-0.0384311
-0.0382704
-0.0363797
-0.0374839
-0.0285264
-0.0317614
-0.0305065
-0.0347863
-0.0469292
-0.0838896
-0.0457329
0.000403207
-0.0274635
-0.0155707
-0.0145541
-0.0135356
-0.0123879
-0.0105752
-0.0175566
-0.0169604
-0.0126221
-0.0109142
-0.011495
-0.00661661
-0.00547023
-0.00832316
-0.0053168
-0.00303352
-0.0029278
-0.00146953
-0.00105634
0
0.00105634
0.00146953
0.0029278
0.00303352
0.0053168
0.00832316
0.00547023
0.00661661
0.011495
0.0109142
0.0126221
0.0169604
0.0175566
0.0105752
0.0123879
0.0135356
0.0145541
0.0155707
0.0274635
-0.000403207
0.0457329
0.0838896
0.0469292
0.0347863
0.0305065
0.0317614
0.0285264
0.0374839
0.0363797
0.0382704
0.0384311
0.0371136
0.0276813
0.0574425
0.0797136
0.0602868
0.0402555
0.0689056
0.0737302
0.0590495
0.0422807
0.0560695
0.0844268
0.0940296
0.0838518
0.0756673
0.111218
0.125856
0.126952
0.11015
0.150071
0.146411
0.112946
0.175653
0.261369
0.340329
-0.353695
0.761813
1.00025
1.03372
2.42653
2.80136
-0.98253
