-0.339703
1.34856
0.772496
0.327791
-1.10967
-1.13212
-1.35269
1.18319
0.241232
0.631998
-1.44637
1.2751
1.0472
-0.875739
-0.929559
-0.728146
-0.456627
0.115306
-0.171235
-0.598454
0.316199
-1.15672
-0.672235
-0.403402
-0.0140415
0.616041
-0.82559
-0.0109229
0.405944
-1.40448
0.467208
-0.868535
-1.22709
1.28232
1.39137
0.896829
-0.569419
-1.13984
0.390615
-0.109476
-1.03654
-0.0385667
-1.30532
1.15133
-0.720411
0.405297
-0.693973
0.0663368
0.154064
-0.838817
1.33301
0.792512
1.29897
1.20212
0.33258
1.20327
-1.21205
-0.931307
-1.4122
-0.437288
-0.279956
-0.517873
0.940663
-0.413834
-0.632712
0.122479
-1.08386
0.86435
-1.26896
1.37677
0.725378
-0.774228
-1.45427
0.939845
0.5586
0.766448
0.722047
-1.22727
-0.450165
-0.919378
0.977589
0.364028
-0.415262
-1.27649
-0.656339
-0.521524
0.677565
0.444356
1.02847
-0.188749
-1.11122
0.718354
0.767718
0.143933
0.736331
0.136847
0.0745796
-0.0493733
-1.44026
-1.01755
-1.30449
0.261461
-0.570913
0.148199
1.16549
-0.812861
-0.259884
0.863838
-0.8768
-1.222
-0.55387
-0.995313
1.17152
1.00216
0.5131
1.10951
0.871473
-1.00188
1.12065
0.0468612
0.857969
1.06434
-0.444893
-1.09555
-0.796519
-0.208286
0.86769
0.940985
-1.39531
0.0844654
-0.309533
-0.808626
-1.02701
-0.47115
1.36847
-0.6084
-0.100141
0.530265
-0.255613
1.35036
1.25739
-0.761127
-0.124355
-0.550629
-0.660721
-1.306
0.241146
-0.0317211
-1.3816
-0.690072
1.23417
-0.855911
-1.12654
0.0260281
1.46223
-0.650543
0.366296
0.724284
-0.739288
0.580609
-0.365217
0.437049
0.294646
0.127982
-1.1113
0.898289
-0.66959
-0.924463
-1.31705
0.202509
0.335844
-1.33253
-0.0526715
-0.846103
0.550526
-0.972887
0.573208
-0.378376
1.23357
-0.961894
-0.424861
-1.09923
1.13285
1.01915
-0.579825
0.343985
0.989264
0.321734
0.0832221
-0.758493
-1.1903
1.24928
1.26265
0.404199
-0.518399
-0.415354
0.684023
1.17114
1.21151
0.79812
0.311441
-1.08766
-0.907513
1.19246
0.294784
-1.38175
-1.03459
0.446146
-1.442
-1.06485
0.184616
0.573915
0.546928
-0.811769
0.567455
-0.850405
-0.516489
0.684896
0.436424
0.940224
0.546685
0.127914
-1.09036
-0.302679
-0.690139
-0.775466
1.29024
-0.438199
1.02689
0.341404
0.876459
0.0863789
0.27661
0.0139883
-0.890096
0.60855
-0.553617
-1.41474
0.45357
-1.06544
1.26779
1.29986
1.26183
-0.374538
-1.52141
1.0914
-0.311655
1.42693
1.49843
1.05409
-0.518015
-0.28232
1.01465
-0.52243
-0.779102
0.16149
1.25919
0.655824
0.106987
-1.22722
0.291134
1.43468
-1.01226
0.0688276
1.07291
0.600213
0.652932
0.608488
-0.379949
-0.567849
0.875746
0.855546
0.928411
1.02346
0.0368352
0.0788069
0.803921
0.47342
0.691715
0.973317
1.24157
-0.426914
-0.425084
-1.20667
0.367393
-1.44598
0.0455082
0.131145
-0.674807
0.314233
-1.29044
-1.39531
0.916527
-0.3115
-1.05439
0.203924
0.821327
-0.879549
0.356401
-1.1811
-1.38364
-0.00878273
0.017218
0.511805
0.768661
1.51962
0.0800006
-0.434265
0.873945
-0.743607
-0.0299394
-1.36913
-1.3722
1.35265
0.842224
0.461948
-0.153413
-1.09323
-1.00414
-0.82274
0.240229
0.538366
0.462956
-0.568359
1.42477
0.754007
0.164702
0.220952
-0.361696
-0.877561
-0.444341
0.719013
-1.38998
-1.12898
-1.22531
-1.40866
0.961589
0.54071
-0.135084
-1.22712
-0.00506712
-0.140704
-1.01449
-0.0999512
-0.322308
0.199731
0.494464
-1.26535
-0.344936
0.481603
0.132631
1.03319
0.318564
-1.04853
-1.20965
0.344266
-1.24898
0.255766
1.26565
0.175318
-0.301111
0.366305
-0.235482
0.233134
1.27644
-0.236149
1.18299
0.986557
-0.957223
-1.23184
-1.17578
-1.37144
-1.01453
0.581533
-1.18839
-0.547614
1.07617
-1.46135
0.876907
-0.507079
-1.06666
0.572175
0.387423
1.06968
0.591458
0.809815
-0.60429
-0.883557
0.767183
0.805547
1.30226
-0.300347
-0.281039
0.704519
-0.42992
1.23827
1.10574
-0.254537
0.845453
0.749113
-1.07372
1.07898
-0.0124343
1.00357
-0.417904
1.17304
-0.358615
-1.25179
1.28095
-1.26351
-0.478081
1.31711
1.30444
0.225154
0.334944
-0.100302
-0.744114
-0.51088
0.437164
0.737017
0.854446
0.80314
-1.21383
-0.00726258
-1.23672
0.250328
-0.0926948
1.03757
-0.461566
-1.05373
-1.0455
0.79823
0.289269
-1.11222
-1.23209
0.607356
-1.26268
0.945466
0.555395
-1.20231
-1.13685
1.39181
-0.395121
-0.328684
0.976231
1.33058
1.49925
0.679291
-0.540702
-1.17314
0.573045
0.179609
-0.171829
1.14411
-1.19112
-0.00612153
-1.41957
-0.0810123
-1.30875
-1.00412
-1.1533
0.484019
0.798642
0.25492
1.46155
-0.342641
-0.586945
1.09973
-0.814283
1.26296
-1.34406
1.34418
-1.3222
1.24089
0.137372
1.47105
-1.19197
0.282526
1.39321
-0.0241301
0.443714
0.422179
-0.0418471
0.299101
0.210552
1.2114
-1.24513
-0.517462
1.24342
1.0512
-0.210965
0.259362
-0.702306
-0.882186
-0.104885
-0.360153
0.285033
-1.13003
1.58737
1.4265
0.615757
0.0243379
-0.48804
0.952943
0.493112
-0.934941
1.25164
1.03809
1.29751
0.62626
0.378737
-0.147968
1.31811
0.972525
-1.35744
-1.30694
-0.256778
0.944502
1.4317
-0.875496
0.260421
-0.33034
1.24431
0.928444
0.84676
-0.130567
-0.224258
-0.622626
-1.39816
1.04152
0.869258
1.3877
1.33165
0.174908
0.721295
1.44434
0.864973
-0.786435
-0.102271
-1.10622
1.3011
0.194696
-0.77862
0.432512
0.254772
-0.472104
-1.02871
0.521514
-0.0514087
0.716517
0.139966
0.912343
0.00348868
0.0760243
0.974459
-0.260553
-1.18327
-1.374
0.65802
0.414972
0.459762
-0.983793
-0.919944
-1.50222
-0.337402
0.492465
-0.19235
-0.196571
1.16027
-0.435796
0.0513765
0.727096
-0.336317
0.229398
1.18553
1.23501
-1.16516
1.28308
0.0510475
-0.727153
-0.0737109
1.32499
-0.0571881
-0.436683
0.478995
-0.915038
-1.21581
-1.01985
-1.03933
-0.909243
-0.920456
0.268758
-0.941047
-0.482123
1.06708
-0.120449
0.389926
-1.08529
-0.820558
-1.18251
-0.90062
-0.631133
-0.997201
-1.06113
-1.07512
-0.199333
-0.797127
-0.367002
0.176117
0.564721
-1.24319
0.878371
0.262072
-1.08149
1.08206
1.20719
-1.37806
-0.601847
0.759896
0.693818
-0.86145
-0.844973
-0.272013
-0.0624759
0.343847
-0.474396
-0.0848121
0.729281
-1.38939
-0.557126
0.512405
1.26395
0.0548269
-0.03732
-1.16829
-0.0562124
-0.00914304
-0.78553
-0.738572
-0.308078
-1.42609
-0.540358
-0.759127
-0.491371
-1.19147
1.12044
0.340057
0.461762
0.853715
0.0561429
-1.23342
0.203272
0.0749253
0.667791
-0.193533
-1.00195
-0.725293
-0.474192
0.33435
0.187254
-0.379392
1.51044
0.388829
-0.763279
-1.12936
-1.009
-0.799842
-1.11064
-0.720406
-0.658618
-0.831093
1.1373
-1.19611
0.0174093
-0.166642
1.49431
-1.23873
-0.204922
1.2573
1.15225
0.886187
-0.605017
-0.796991
0.440356
1.19636
0.0760254
0.239943
-0.722755
0.7873
-0.947243
-0.428278
-0.268293
-0.00650956
-0.895444
-1.0804
0.226378
-0.65686
0.245889
-0.916799
-0.150842
0.163173
-1.35104
-0.430869
-0.918257
-1.09514
1.45908
-0.525422
0.874919
-0.655491
0.627656
0.749986
0.387633
0.03044
-0.218548
-0.313341
1.24273
0.99405
1.4972
-1.1756
0.634615
1.16444
-0.956641
-1.12979
0.598411
0.332233
1.08244
-1.0827
0.974191
-0.956809
-1.03924
-0.89218
0.971375
0.513676
0.085986
-0.3996
1.15156
-0.146867
0.904629
-0.130812
-0.484252
-0.0847139
-0.614759
0.861021
0.067488
-0.776241
1.14899
-0.414818
0.196677
1.34685
0.257579
-1.12819
1.24571
0.182273
-0.400406
-0.981253
0.87962
0.287557
0.0206165
1.04279
0.702915
-1.25721
-0.454533
-0.845258
0.722663
-1.38147
0.205817
0.696673
1.18066
-0.454362
0.902768
-1.26143
0.945735
-1.22532
-0.208412
0.866196
-1.02201
-0.621995
0.619502
0.699495
0.458995
0.480274
0.088218
-0.805533
-0.533142
-0.79654
1.29985
0.181013
-0.333171
-0.0454453
1.26219
-0.99866
0.191297
-0.00167789
0.262583
-1.38122
1.08717
1.22419
0.27588
0.636207
1.26493
0.486239
-0.989781
0.169967
0.302359
-0.330895
0.638846
1.39599
1.17757
-0.134681
-1.13722
1.51467
0.875179
-0.971806
1.28605
1.04692
-0.0292261
0.299625
-0.432946
-1.27375
-0.408999
0.809331
-1.47538
-0.530129
-0.184399
0.0666988
1.07468
-0.529798
-0.403175
0.639528
-0.282312
-0.774564
-0.13674
-0.911058
-0.93074
-0.0798022
-0.262934
1.26453
-0.527782
0.323014
0.380378
-1.51921
0.608036
-1.00959
1.19867
-0.880926
-0.390084
-1.1837
1.40276
-0.0411903
0.185366
-1.29065
0.702178
-0.947028
0.991655
-0.964667
-0.956778
-1.23504
-0.0937383
0.075122
-1.24639
0.70035
-0.163147
0.0851495
-0.188226
-0.307879
0.230178
-1.0305
-0.831422
1.22459
1.22126
-0.480401
-0.613691
0.526967
-0.214177
-1.32027
-0.980608
0.622975
0.29742
-1.44742
-0.880514
-0.82722
0.598654
-1.34469
-1.17555
0.981899
-0.942031
0.402818
-0.835828
-1.06111
-0.515532
0.586066
1.13921
0.93734
-0.418134
0.44487
-0.755765
-0.702798
1.04975
-1.53822
-1.27442
-0.714791
-1.35344
-0.913083
0.365116
-0.162498
1.20397
0.986269
-0.436305
-0.706517
-0.496419
0.150323
-0.551939
0.205298
-0.0976779
0.0790008
-0.251465
-0.730386
1.26202
0.763259
-0.879792
1.10783
-0.138747
1.26986
0.790239
-0.245262
-1.42148
-0.762872
0.252149
0.459005
-0.644509
-1.01899
1.04793
1.3681
0.0873237
-0.890128
-0.634331
-1.2956
1.19353
-1.19828
0.162194
-0.662258
0.110115
0.525613
0.930245
-0.9522
-1.34429
-0.995228
1.15004
0.960968
0.295679
0.284824
0.611304
-1.05454
1.3273
-0.202756
-0.368903
-0.11513
-1.29466
-0.892669
0.614038
-1.17337
0.366514
-0.597967
-0.374038
-0.528186
-0.435452
0.746028
-0.473493
0.239292
-0.0610304
0.582874
1.12557
0.642226
-0.949634
-1.52186
-0.647721
0.129619
-1.43112
-0.00550373
0.353175
-0.446416
0.911084
-1.20453
-1.20138
0.839458
-0.0666946
0.524384
-0.06031
-0.804425
0.915873
0.923976
0.608282
-0.586301
0.153284
-0.354496
-1.18681
1.26056
-1.07275
1.25872
-0.0772351
-0.795622
0.126283
0.977254
0.776829
0.770306
0.577131
0.553712
0.961402
-0.683117
-0.133764
-0.865124
1.4334
1.31781
-1.34033
0.586798
1.18397
-1.046
0.342333
1.16103
-1.39553
0.599613
-0.551419
1.27747
1.50683
1.28134
-0.025861
1.13919
0.999178
-0.614546
0.794186
-1.33247
0.261068
-0.765646
-1.06815
-1.24445
0.63389
-0.422489
0.659462
-1.24628
-0.560699
0.258254
0.809095
-0.440595
0.487835
1.12532
0.316613
-0.749467
-1.42504
1.18872
-1.40751
1.02864
0.0857016
1.21895
0.778769
1.4537
-0.374737
0.801862
-0.348726
-0.0866809
0.399451
1.15327
1.31509
0.758261
-0.361838
-0.181724
0.656695
-0.748176
-1.10482
-0.508134
-0.731955
-0.493212
-0.747707
-1.34208
-1.30676
1.49502
-0.151345
-0.304439
0.528493
-0.891791
1.39021
0.633848
-1.16321
-0.268158
1.13688
1.39135
-0.0234767
0.391983
-0.926501
1.43238
-0.774544
1.23224
0.481918
0.277141
-0.0387408
-0.928267
-1.02218
-0.718497
-0.789893
0.930586
-0.296492
-1.14222
1.56707
1.2256
1.0817
1.50617
-1.01808
-0.29819
0.813724
0.382543
-1.1283
0.848392
-0.81979
-0.647054
0.263799
0.239924
0.271695
-1.25118
1.19123
-0.581029
-1.02179
1.21477
1.3683
1.06366
0.862982
0.332698
0.188507
-1.18473
-0.271631
-0.453079
-0.664761
0.611795
-0.0909248
-1.33365
-0.69662
0.666474
-1.17713
1.04096
-0.0394112
-0.043391
0.287207
0.87879
-0.226782
0.584855
0.231738
-0.536201
1.16164
0.899404
0.457534
1.08593
0.971672
0.667638
0.884191
0.529739
0.369354
0.392935
0.732612
-0.914901
0.984361
1.08366
-1.39598
1.0621
-1.06713
-0.484782
0.753108
-1.01275
0.933067
0.941522
0.0718016
-1.36641
-0.590915
0.440738
1.43215
0.276026
-0.652245
0.502803
0.0676699
0.719954
-1.09353
0.816218
0.25708
1.18872
-0.443765
0.43412
1.23637
-1.22386
1.2382
0.293086
-1.37147
-0.561966
0.492663
-1.33155
0.348825
-0.447518
0.254922
-1.43494
1.07099
1.39118
1.24905
0.680999
-1.01338
0.603951
-1.51496
-1.36143
-0.440526
-0.0121761
0.680868
0.59289
-0.161039
-0.56644
1.38577
-0.1921
-0.205077
-0.912894
0.863113
0.474254
-0.908401
-1.08469
0.635565
0.524184
-0.628907
1.18722
-1.07264
-0.238087
1.19621
-0.264264
0.481994
-0.385835
-0.583097
1.49028
-0.328562
1.17536
-0.920244
-0.737959
-1.44985
0.421112
-0.294119
1.17976
-0.117361
1.4226
-0.916141
1.25951
0.800569
0.66596
0.932992
0.663483
0.149102
-1.04579
-1.29646
1.26199
0.176217
0.798002
-0.15002
-1.33372
-1.02897
0.590799
-0.266811
-0.785208
-0.123363
-1.31181
0.329914
-0.68187
0.894148
-0.537744
-0.303118
-1.43416
-1.28728
-0.210931
-0.0180036
0.218187
-0.620111
0.68215
1.08992
0.747146
-1.48167
0.0378906
-1.24224
-0.759828
1.38543
-1.01705
0.0804568
0.278317
0.52287
0.251298
-1.5942
-0.577343
-0.0454309
-1.1611
-0.37283
-1.3598
-1.21984
-0.356355
-1.04061
0.376761
0.56885
0.866325
-0.928641
-0.812589
-1.04622
0.412096
0.70525
-1.33032
1.33719
-1.16666
0.175139
0.727545
1.05865
0.658372
0.895282
-0.419479
0.919383
-1.10396
1.22282
0.0267109
0.969571
-0.258956
0.371361
-0.0250505
0.552535
-1.19119
-1.20915
-0.744466
-0.937321
1.108
-0.72923
1.51625
-0.619777
-0.871748
0.885746
0.507495
-0.0798847
0.201783
0.711461
-0.711759
1.5459
1.34596
0.47079
-0.868032
0.474268
-1.32174
-1.44449
-0.605681
-0.0538815
1.03882
0.728583
0.733301
-0.199293
-0.413366
-0.321784
1.46951
-1.3011
1.19573
0.120935
-0.191492
0.636875
-0.0681924
0.969616
1.22278
-0.290496
-0.571096
0.31463
1.23565
-0.828849
0.44536
0.399149
0.65162
-1.10936
0.739228
1.13946
-0.959969
-0.888422
1.28976
-0.918772
1.1028
-0.125404
-0.699536
1.07356
-0.270304
0.0339348
-0.474459
0.259323
-0.892748
-0.285968
1.27238
-0.691494
0.563563
-0.605007
0.642269
-1.01102
1.30409
-0.23409
-0.715197
-1.17989
-0.996675
0.191026
-0.335521
1.01063
-0.121363
-0.686909
0.471878
0.590267
-0.858762
-0.897693
-1.22145
0.858127
0.463214
0.0689303
0.94383
0.899444
0.248688
0.984312
-0.929967
-1.071
-0.55927
-1.16179
0.1518
1.20424
-1.43394
-1.01889
-0.129483
1.06628
-0.490463
0.087304
-1.35133
-0.931175
1.6465
1.15347
-1.50808
1.35319
0.393778
0.948841
-0.168115
0.00608199
-0.150782
0.444416
-1.03712
-1.48202
-0.518274
0.832712
-0.732753
0.723364
1.19636
-1.17003
0.532541
0.0138454
1.12687
-0.827688
0.578162
0.957168
1.26305
0.439156
-0.0568699
0.329051
1.00514
0.0799466
-1.18646
1.20016
0.499256
0.43219
-0.803079
0.495283
-0.400397
0.443417
-1.14356
0.543492
1.32409
-1.46664
1.39771
-0.273985
0.98579
0.657433
0.126819
0.603092
1.23232
-0.361512
-0.491247
0.452112
0.827531
0.6258
0.780608
-0.161835
0.662202
-1.19657
-0.0580126
-1.47737
-0.512234
-0.313068
-0.188178
0.40697
-0.541937
-0.222404
-0.751921
-0.474859
-0.856761
-1.28001
0.277567
0.524881
0.267691
-0.173885
-0.312937
1.01015
-0.0376486
-0.244863
-1.51136
-0.314241
-0.350587
-0.218217
0.257135
0.212266
0.369073
0.75566
0.847666
0.469892
1.13398
-1.45053
-0.792531
-1.42454
0.568798
1.10619
-0.782906
1.17414
-1.26489
1.21581
-0.636323
-1.15485
0.0352974
-0.698508
-0.649855
-0.570613
0.95517
0.000206711
-0.50587
0.286282
0.601016
-0.77433
-0.244091
-1.04461
-1.0438
0.46434
-0.874781
0.126849
0.684838
-1.00806
0.329025
-0.643452
1.35786
-0.071453
0.959365
-0.0175972
-1.23585
0.418976
1.37071
0.317454
0.946889
0.8398
-1.02528
-0.886306
0.191831
-0.208876
1.01423
0.898613
-0.44662
-0.603937
0.739121
-0.668961
0.999798
-0.252032
0.550629
-1.08762
0.316546
-0.202167
0.281954
-0.903641
0.691246
0.930737
-0.971744
-1.23195
-1.18011
0.412457
0.398045
0.098675
-0.794991
-0.266947
0.386732
0.128456
1.49751
-1.02399
0.52979
-0.3026
-0.254933
0.511511
0.608545
1.39947
-1.28781
-1.07375
0.659703
-0.116086
-0.720497
-1.29239
-1.02899
1.04812
-0.802665
-0.562037
-0.886337
-0.278911
-1.24868
-0.0188283
-1.01442
0.839102
-0.663335
0.126956
1.06579
0.416397
0.0264236
-0.444931
-0.359777
0.557347
1.35366
0.36537
0.109038
0.604597
-0.0703075
-1.20187
0.216929
1.42994
-1.0587
0.601314
-0.751977
-0.0048931
-1.10728
0.0698002
0.834798
-0.320441
0.666353
0.814645
1.06727
-0.801647
-0.313508
-0.97577
1.43488
1.13755
0.118295
0.920195
-0.0359039
0.259619
-1.06606
0.73783
-0.871009
1.07469
0.742214
0.412174
-1.40673
-0.693525
-0.607691
-0.247563
-1.13149
1.3302
0.197517
-0.520636
-0.105816
-0.0316034
0.407256
0.292736
1.25759
-0.00154338
1.379
1.03756
-0.739474
1.28179
-0.962902
0.851757
-0.233665
1.18664
1.0784
0.835787
0.78816
-0.854406
-1.3754
-0.243352
-0.87258
0.585726
-0.400336
1.38188
0.428878
0.954267
-1.0881
0.954866
1.07564
-0.200382
0.384147
0.712321
-1.19851
0.0149433
-0.478045
-1.01792
-0.423217
-1.4029
-1.38982
-0.853341
1.4312
0.231541
1.3493
-0.164124
-0.545996
0.0836516
-0.391949
-1.11343
0.419914
-0.795333
0.254355
0.480854
-0.872291
-1.18659
0.833396
-0.139952
-1.28735
1.52648
-1.28735
0.635194
1.22468
-0.819867
-1.22244
-1.1457
-0.624871
-1.134
0.589103
-1.11737
0.195501
1.46604
0.863589
0.222688
-0.591195
0.380648
0.101002
-0.365974
-1.06373
1.08013
-0.280156
-0.85504
-0.265078
-0.339579
0.98967
0.6838
0.729249
-1.52676
-0.356494
-0.102547
-1.36818
-0.481989
0.670846
-1.02701
0.0776744
-0.937298
-1.46814
-0.796852
1.57032
0.929387
1.44018
-0.123479
-1.22371
0.0758836
-0.232047
1.03957
-1.22689
0.108882
-0.943773
-0.418922
0.775201
-0.112438
-0.425511
-0.222148
-0.0416803
0.879107
1.11182
1.34484
0.728971
-0.482612
0.513667
-0.269683
-0.635446
0.949278
-1.29429
1.09999
-0.139462
0.349903
0.487809
1.06958
0.262415
0.259834
-1.32223
0.00428344
-0.933429
0.807465
0.0938055
0.416112
-1.34281
-1.03709
0.523114
-1.34588
-1.10755
-1.12986
1.38597
0.592857
-0.536377
-0.620928
-0.443545
0.822746
0.429967
-0.980592
-1.0439
-1.16669
0.517239
0.792274
-0.749516
-1.37507
-1.09793
1.51042
-0.571081
0.750115
0.252711
-0.250867
-0.742976
-0.9393
0.35147
0.881946
0.309052
0.214167
-1.22244
1.55059
0.856066
-0.428598
1.39217
0.29864
0.333166
0.754268
0.859013
0.298399
-1.04086
-0.424178
1.18639
-0.854194
-0.286437
-0.13416
-0.0347269
0.355138
1.21313
-0.74855
-1.20471
-0.800226
1.36593
0.547372
-0.579359
1.04714
1.21251
0.989596
1.1858
-0.613835
0.772049
-0.113848
1.00727
0.640703
0.674404
0.277874
-0.927774
0.195187
1.41262
1.16505
-1.55573
-0.876918
-0.893106
0.754097
0.974381
-0.838648
0.194688
0.906363
0.547906
0.05005
0.318352
-0.0218958
-0.52642
0.179751
0.484356
1.00763
0.185428
0.819325
-1.19272
-0.318794
-1.49822
-0.765267
0.577868
1.38442
-1.07672
-0.137862
0.909181
-0.986636
0.171053
0.788999
0.121239
-0.958186
-0.344587
0.832461
0.0804325
-1.31917
0.836602
-1.39995
0.654206
-0.922207
1.2644
-0.442294
-0.547957
-1.00633
-0.282021
1.15526
1.36276
-0.540197
-0.130091
0.719371
1.14518
0.285589
-0.358113
-0.348551
0.433866
-1.4602
0.340677
-0.299087
0.778873
-1.20868
0.227034
-0.130227
0.457149
-1.21148
0.203083
0.122083
0.329614
0.235544
0.574729
0.728555
-0.633524
0.863098
-0.223307
-1.24856
-1.18327
-0.446015
1.02839
0.613024
0.763305
-0.159619
-0.264899
-1.1286
-0.548487
-0.242504
-1.10682
-0.615684
0.427022
0.657679
1.49276
1.175
0.336141
-0.378504
0.449421
0.67624
-1.03884
-0.271639
0.976777
-0.302272
0.160389
0.032583
-1.12681
-0.521128
-0.409762
-1.28357
-1.44515
1.23845
-0.77876
0.151215
-0.432209
1.29334
-0.732507
-0.132947
1.14505
0.999728
-0.936365
0.852486
-0.199811
-0.105007
-1.09419
-1.02238
0.712447
0.0730106
-0.29487
0.591035
0.849073
-1.05113
0.269233
-1.16132
0.908892
0.55716
1.23504
-1.25674
-1.3093
-0.70958
