-0.211559
0.895189
0.435079
0.277436
-0.665205
-0.767676
-0.864254
0.649648
0.206951
0.377972
-0.986277
0.966684
0.649151
-0.560087
-0.692904
-0.639857
-0.424973
0.115079
-0.204194
-0.404423
0.272479
-0.676882
-0.394296
-0.212247
-0.0891962
0.628951
-0.606153
0.0329564
0.109487
-0.843256
0.219427
-0.649514
-0.86325
0.891052
0.859584
0.560258
-0.33831
-0.787302
0.361359
-0.103505
-0.701483
-0.0339911
-0.908972
0.796891
-0.488991
0.403417
-0.351508
-0.01279
0.038863
-0.570091
0.932085
0.518652
0.883049
0.759614
0.273593
0.769547
-0.899172
-0.647286
-0.899856
-0.41042
-0.182693
-0.511981
0.581154
-0.226951
-0.418775
0.157256
-0.677683
0.635727
-0.81872
0.94761
0.46367
-0.61703
-0.968528
0.627632
0.485861
0.436768
0.641523
-0.792153
-0.348313
-0.804263
0.741758
0.167227
-0.289452
-0.671926
-0.31088
-0.272304
0.443343
0.310705
0.793778
-0.106383
-0.761857
0.421012
0.532795
0.0849484
0.599477
-0.0873108
-0.00330603
-0.216284
-0.849077
-0.722178
-0.941488
0.261427
-0.420269
-0.0695251
0.679686
-0.363679
-0.280463
0.505416
-0.544344
-0.870249
-0.414326
-0.759878
0.737018
0.517395
0.233347
0.795467
0.474468
-0.634705
0.729876
0.0096534
0.585499
0.779999
-0.318121
-0.794903
-0.472325
-0.192337
0.55118
0.682972
-0.816934
0.0223998
-0.15009
-0.482376
-0.716673
-0.273739
0.896343
-0.38694
0.0732652
0.302984
-0.258818
0.871909
0.89719
-0.461146
-0.0126192
-0.406235
-0.453615
-0.828205
0.21324
-0.0241581
-0.832153
-0.415002
0.890013
-0.49763
-0.762591
-0.0668162
0.845101
-0.409819
0.395905
0.566977
-0.485276
0.486502
-0.274097
0.244617
0.21499
0.00238259
-0.770886
0.648494
-0.338025
-0.539363
-0.89047
0.165594
0.404806
-0.839836
0.0232525
-0.581819
0.327878
-0.722881
0.277467
-0.174828
0.771939
-0.768697
-0.204601
-0.706757
0.773408
0.745028
-0.453066
0.455019
0.588773
0.0257995
0.0490197
-0.521047
-0.858454
0.725406
0.668308
0.156716
-0.295744
-0.323116
0.489581
0.789642
0.781902
0.606897
0.333492
-0.782023
-0.605623
0.810353
0.22706
-0.893494
-0.818749
0.345208
-0.929625
-0.658412
0.113088
0.446529
0.373817
-0.525892
0.417524
-0.422189
-0.343879
0.448538
0.307561
0.670102
0.439337
0.0673453
-0.840177
-0.308769
-0.451156
-0.466377
0.891914
-0.272301
0.774981
0.240111
0.52473
0.0256995
0.147686
-0.038597
-0.530227
0.466929
-0.377598
-0.845642
0.25114
-0.658294
0.852031
0.984958
0.725071
-0.320728
-0.85193
0.918303
-0.186352
0.878026
0.957702
0.64035
-0.409912
-0.227524
0.638973
-0.361802
-0.639303
0.0284057
0.777673
0.385563
0.24506
-0.826573
0.252388
0.885537
-0.760234
0.0170664
0.67603
0.347777
0.353913
0.303138
-0.227952
-0.314711
0.7237
0.693733
0.681458
0.836485
0.0798838
0.00399557
0.663904
0.298661
0.315438
0.608159
0.784665
-0.247335
-0.228941
-0.750936
0.108037
-0.907573
-0.066815
0.111813
-0.520579
0.0841377
-0.872353
-0.895698
0.57608
-0.238215
-0.823193
0.131326
0.548776
-0.590389
0.267607
-0.785377
-0.973866
0.11661
0.0958754
0.235215
0.346908
0.95621
0.066748
-0.425472
0.503592
-0.375303
-0.188165
-0.807632
-0.901812
0.948783
0.644985
0.200824
-0.145965
-0.622301
-0.614146
-0.520854
0.128511
0.47664
0.365656
-0.423114
0.914296
0.526831
0.0878025
0.238108
-0.144467
-0.484729
-0.19022
0.519824
-0.82949
-0.707568
-0.804731
-0.920784
0.668254
0.427369
0.00320655
-0.722966
-0.0561921
-0.140816
-0.686974
-0.200499
-0.236652
0.0973485
0.197835
-0.942562
-0.229472
0.212528
0.12059
0.721438
0.352362
-0.648144
-0.737467
0.350188
-0.952263
0.191391
0.881686
0.169718
-0.117227
0.198801
-0.162606
0.137234
0.81569
-0.257817
0.783009
0.749344
-0.538367
-0.807815
-0.783203
-0.816358
-0.782274
0.383509
-0.797969
-0.398901
0.589215
-0.931534
0.620749
-0.391292
-0.670874
0.319224
0.180027
0.710429
0.358859
0.594741
-0.396252
-0.613927
0.571312
0.675277
0.862723
-0.122101
-0.194658
0.585882
-0.316685
0.829514
0.656091
-0.0579439
0.520888
0.529959
-0.820842
0.850853
-0.0663714
0.539665
-0.364248
0.686021
-0.21107
-0.920194
0.777033
-0.749578
-0.326291
0.925898
0.880773
0.174154
0.326812
-0.0254033
-0.408823
-0.284152
0.357442
0.483167
0.513899
0.669527
-0.827562
-0.0807339
-0.836592
0.168341
-0.106695
0.729525
-0.270896
-0.78636
-0.68553
0.526317
0.162397
-0.807673
-0.750316
0.385522
-0.713149
0.605874
0.400705
-0.796362
-0.798675
0.977219
-0.190896
-0.217655
0.516434
0.897876
0.938659
0.448749
-0.319707
-0.836407
0.605801
0.0888249
-0.155067
0.764094
-0.699879
-0.0544741
-0.983621
-0.156956
-0.89734
-0.774664
-0.788431
0.266673
0.523843
0.15371
0.89577
-0.233477
-0.372451
0.722569
-0.528073
0.909177
-0.966294
0.856545
-0.878482
0.798806
-0.014733
1.00842
-0.790941
0.154194
0.881128
0.0274924
0.190139
0.388393
-0.0762865
0.337018
0.217974
0.686023
-0.842728
-0.472488
0.943786
0.774348
-0.0667065
0.163511
-0.491071
-0.536892
-0.111587
-0.204916
0.0714768
-0.771764
0.903894
0.820929
0.481197
-0.0247266
-0.357844
0.624803
0.25189
-0.587863
0.74646
0.665679
0.806681
0.383459
0.258754
-0.084878
0.888778
0.61251
-0.85796
-0.997994
-0.190817
0.731898
0.965426
-0.665988
0.131246
-0.208284
0.929947
0.652981
0.691829
-0.0179519
-0.278807
-0.39074
-0.814519
0.660281
0.562947
1.00116
0.9393
0.0885707
0.537485
0.797449
0.653083
-0.488938
-0.0666205
-0.754079
0.791794
0.164625
-0.583425
0.207711
0.1861
-0.336032
-0.654294
0.303921
0.0612434
0.530802
0.0377362
0.638572
0.0235401
0.0981871
0.735769
-0.152121
-0.803032
-0.907228
0.535598
0.270184
0.370024
-0.542333
-0.681456
-0.949557
-0.18006
0.133373
-0.183927
-0.187908
0.705396
-0.240852
0.0479207
0.481662
-0.135732
0.269122
0.675762
0.904601
-0.676875
0.759117
-0.069718
-0.344282
-0.125115
0.876173
-0.0346268
-0.335035
0.220269
-0.45654
-0.716405
-0.704574
-0.692434
-0.588231
-0.712572
0.312533
-0.620969
-0.273786
0.755751
-0.0699247
0.307023
-0.685563
-0.698084
-0.782261
-0.704031
-0.380901
-0.544941
-0.763953
-0.72858
-0.0665917
-0.623816
-0.214082
0.0573139
0.405337
-0.926723
0.605974
0.306281
-0.804532
0.696473
0.755234
-0.895685
-0.426342
0.52614
0.410502
-0.551269
-0.533722
-0.298095
-0.0424164
0.140823
-0.328093
-0.0492907
0.487686
-0.881819
-0.366252
0.396656
0.777493
0.0448265
0.0118399
-0.86014
-0.0994241
0.0312931
-0.481413
-0.530045
-0.301324
-0.816542
-0.279476
-0.519802
-0.294895
-0.735661
0.809506
0.195242
0.3515
0.573211
0.0304153
-0.6729
0.0548363
0.183115
0.437378
-0.212647
-0.897374
-0.441181
-0.265028
0.216244
0.00878225
-0.331669
0.910621
0.25167
-0.492991
-0.825267
-0.742496
-0.415732
-0.609003
-0.56264
-0.382881
-0.555716
0.743453
-0.806477
0.0964311
-0.162521
1.01642
-0.689046
-0.224283
0.950673
0.737932
0.646715
-0.492251
-0.581748
0.313738
0.862044
-0.0429219
0.0806279
-0.415101
0.515945
-0.627753
-0.351083
-0.0639403
-0.0453547
-0.574316
-0.710586
0.279156
-0.43307
0.122274
-0.626443
-0.029866
-0.0734053
-0.8501
-0.311034
-0.748364
-0.754013
1.02687
-0.389073
0.611975
-0.535937
0.354123
0.533544
0.0871275
-0.149681
-0.0722136
-0.257294
0.792948
0.59536
0.880245
-0.676098
0.498555
0.903149
-0.583027
-0.844545
0.470486
0.195997
0.664378
-0.614721
0.590381
-0.598075
-0.561714
-0.506662
0.696544
0.299229
-0.00368281
-0.291087
0.601159
-0.272342
0.543878
-0.162518
-0.281189
-0.0310411
-0.416224
0.558309
-0.0197449
-0.54975
0.679053
-0.193461
0.116645
0.71415
0.239541
-0.727312
0.841704
0.372949
-0.333108
-0.709853
0.616569
0.294612
-0.00182299
0.719805
0.617828
-0.659498
-0.446741
-0.521726
0.528049
-0.86848
0.176813
0.582076
0.654812
-0.265759
0.614503
-0.753984
0.671823
-0.711121
-0.22932
0.528481
-0.657218
-0.52132
0.390404
0.342037
0.238757
0.506156
0.093138
-0.447388
-0.283501
-0.571383
0.880944
0.17211
-0.17571
0.0339756
0.93172
-0.704093
0.15816
0.0646569
0.28359
-0.961048
0.766873
0.907889
0.139858
0.388478
0.829318
0.441345
-0.545811
0.194835
0.222636
-0.0915371
0.393435
0.799038
0.701637
-0.192773
-0.802738
0.873192
0.593471
-0.752827
0.740134
0.630713
0.142584
0.174201
-0.171742
-0.874126
-0.295255
0.640566
-1.0331
-0.396246
-0.162071
-0.0417469
0.703494
-0.200223
-0.309706
0.447672
-0.0144096
-0.537997
-0.148429
-0.714066
-0.545123
0.0193775
-0.161318
0.842635
-0.321963
0.0794173
0.247396
-0.956293
0.429515
-0.602445
0.943435
-0.595952
-0.0590198
-0.874366
0.901945
-0.103386
0.144711
-0.720565
0.47685
-0.569147
0.74994
-0.608202
-0.579194
-0.931154
-0.0154405
0.15045
-0.797554
0.568309
-0.110212
0.037324
-0.22865
-0.167247
0.0500929
-0.60913
-0.569368
0.722573
0.897749
-0.329698
-0.465148
0.349452
-0.200282
-0.951675
-0.679511
0.452648
0.256925
-0.924464
-0.533958
-0.524602
0.259503
-0.891971
-0.783343
0.488466
-0.557402
0.23928
-0.514406
-0.801895
-0.606621
0.422653
0.620714
0.574347
-0.14758
0.238532
-0.505981
-0.427846
0.679753
-1.01677
-0.82242
-0.583963
-0.881415
-0.568208
0.137198
-0.157203
0.716722
0.669268
-0.365361
-0.450425
-0.198551
0.114832
-0.497293
0.291136
-0.104739
0.138818
-0.0213095
-0.31119
1.04023
0.533539
-0.778098
0.705146
-0.0620834
0.689327
0.582147
-0.106734
-0.951333
-0.373284
0.0842816
0.216539
-0.511439
-0.680184
0.655437
0.912573
0.102983
-0.665125
-0.372793
-0.967591
0.865837
-0.721178
0.0801625
-0.363328
0.040479
0.264959
0.581062
-0.681489
-0.95219
-0.577848
0.761588
0.71776
0.167456
0.149205
0.307282
-0.657882
0.750881
-0.152636
-0.161179
0.0346679
-0.868462
-0.656453
0.449053
-0.805441
0.206149
-0.505852
-0.201578
-0.381707
-0.317986
0.372364
-0.356573
0.12274
-0.0836407
0.406896
0.842168
0.395151
-0.546022
-0.916552
-0.390879
0.20076
-0.820646
-0.0276522
0.238585
-0.297846
0.513774
-0.84641
-0.721143
0.378684
-0.0269366
0.325688
-0.152591
-0.417806
0.674066
0.464049
0.323846
-0.445298
0.140331
-0.291794
-0.878446
0.758681
-0.608954
0.875515
-0.0965035
