0.337183
-0.60715
1.15334
-0.356714
0.0477625
0.162082
-0.158778
0.164828
0.0715469
0.156259
-0.146618
0.152149
0.0309553
0.156914
-0.143207
0.171035
0.164802
0.167615
-0.147632
0.16607
0.0240193
0.167686
-0.147545
0.167558
0.0846536
0.165905
-0.140094
0.169246
0.0246832
0.168747
-0.143936
0.167188
0.337183
0.167188
-0.143936
0.168747
0.0246832
0.169246
-0.140094
0.165905
0.0846536
0.167558
-0.147545
0.167686
0.0240193
0.16607
-0.147632
0.167615
0.164802
0.171035
-0.143207
0.156914
0.0309553
0.152149
-0.146618
0.156259
0.0715469
0.164828
-0.158778
0.162082
0.0477625
-0.356714
1.15334
-0.60715
