0
3.88525
6.62429
2.56108
9.61646
7.27462
3.58106
-10.9382
7.58874
6.83305
1.67618
0.609714
-13.6713
8.00555
12.9497
-4.19162
-5.65181
-10.6588
-1.58691
9.82487
3.46022
-3.30613
8.73022
1.76575
3.179
-16.2489
-7.1054
-4.14662
-3.57357
6.74518
-12.1157
-9.74549
-7.86271
-8.91662
-2.07228
-11.1932
14.6746
11.2817
4.12404
-16.2009
13.6275
-1.0266
-2.59555
-6.07641
2.83493
-7.72955
-7.85872
-11.2145
-20.0093
-2.39474
2.08923
-4.64808
-4.51354
0.494687
1.51305
-7.15716
-4.90374
7.41329
1.89203
5.39849
7.69072
2.23719
-13.5534
4.53004
5.70419
-0.901732
6.95036
-20.9219
-1.78514
7.8487
-4.33797
-4.17919
-7.15533
9.63926
3.09078
4.78143
0.459808
-6.39525
8.94935
-5.25446
15.9731
4.33572
-4.38912
1.29453
2.34191
-4.73915
5.9614
-5.90836
11.5381
-1.63123
1.80323
5.99026
-5.981
1.18646
-10.3048
3.52391
-12.7363
-0.90579
0.947914
8.00369
4.91907
11.0555
3.00554
-1.58816
-2.12007
2.21256
14.3134
-1.63569
-9.5763
-16.623
0.289068
6.24097
-0.217164
-2.24684
-0.426151
-12.1681
0.851052
-0.317424
-3.21143
0.659468
-5.63886
-1.7346
3.73806
-0.358142
-0.223904
0.974073
-3.57285
-6.09945
-1.25695
8.28024
3.4763
-1.16377
2.19597
5.30272
-2.70885
-1.70794
11.2604
-4.93655
-0.112553
2.4963
-2.85926
6.97271
3.13244
1.32036
-3.20194
-10.882
-3.5489
14.5681
11.2387
6.31587
-8.29886
2.98704
6.73599
1.97438
-0.301264
-13.0752
-1.37958
-8.64089
-5.11672
4.1969
14.8964
-5.32275
11.5542
-2.30837
6.81723
-6.26998
1.43958
5.48939
-10.2215
1.32708
-5.713
5.23598
-4.12614
0.704602
5.3192
3.41035
-13.0008
5.05954
-4.73151
2.23139
3.22351
-4.05855
-2.95923
-17.3524
5.26773
3.89656
2.69496
-9.35935
-3.68684
15.5467
-6.1411
-1.24368
-3.19865
-9.76686
10.3375
0.360353
-6.57356
-10.4672
-0.947409
-6.96581
4.03997
4.89627
2.42147
-5.22146
1.19365
1.46135
-0.100338
0.641446
13.4712
11.9233
13.4846
7.63576
-3.93377
9.85921
8.02581
2.68371
-12.674
16.9098
-3.29534
-4.30698
-16.8787
3.91834
-2.37757
6.06249
4.92466
11.3203
8.78749
-10.0801
-0.89464
1.47553
7.2268
16.9652
-0.508085
4.24682
-10.3947
5.02979
-6.3253
-10.7815
-1.53822
8.42161
10.962
6.98103
-8.781
-9.62465
19.0798
-0.0741705
4.21524
-4.8979
-8.17391
9.4601
-0.392226
-5.0602
-11.8968
-3.16549
-7.49747
-6.78237
