0
2.11384
5.33051
2.37535
4.17412
1.70531
-9.05221
5.52513
-4.06297
-1.50754
-0.491621
2.68292
4.30019
-1.23431
2.37169
-12.4102
-3.18071
0.345164
0.937123
3.0335
8.54759
-4.30057
6.98925
-5.72797
-9.37699
5.6969
1.42988
-0.773464
-3.8478
7.47729
3.16131
-3.04139
2.92511
4.72908
-2.57236
-5.00162
0.304156
-3.84176
-1.1653
-1.97776
2.14595
-1.58367
3.28232
6.71972
2.57249
4.26013
-2.75687
-6.40393
-14.1009
4.5063
5.45819
-0.858588
-7.80487
9.37916
-2.89794
6.14723
-0.977
-0.146704
-4.08549
2.56443
-7.92778
-5.92768
0.874417
-5.53418
-0.0764287
4.67482
-0.747495
5.23742
9.70522
-2.4261
4.74628
0.534716
-0.0924763
-4.67316
1.75939
-9.66522
7.51077
-0.104392
-4.69721
-5.26588
13.5091
7.33895
3.90416
-1.41425
-1.50541
-6.3408
-4.57149
1.06624
-1.44189
2.37827
0.6341
3.24175
0.962856
4.38042
4.43081
-5.55496
-3.1652
2.87466
-2.85729
-6.69555
4.93318
1.86926
-0.895115
-4.79003
9.00852
7.85387
-6.88616
5.43446
-7.13655
-5.84756
-0.877443
-1.63393
2.01021
9.36919
-1.98841
2.71002
-5.83481
-4.13392
-2.47233
1.94048
4.42273
-6.81484
10.3759
-0.111869
-2.80179
-3.66744
-6.64578
-2.86532
