0
0.133442
0.224737
0.499838
1.02846
0.280396
0.534704
0.98084
1.35372
2.22646
3.55507
6.48825
16.8679
-0.153467
-10.8556
-5.98356
-3.92431
-2.80517
-1.19702
-0.611673
0.359987
0.0977189
-1.51918
-4.77365
-9.72761
12.3906
-23.0392
4.04651
0.882694
1.66447
0.243771
-2.21296
-3.87501
-3.67128
-1.56374
-1.08898
-1.31011
-1.86788
-13.6449
-18.2463
-5.07188
-2.15703
-1.85623
-2.17961
-2.77508
-2.39436
-1.61784
-0.313854
-1.03553
-7.08413
-4.32137
-8.9527
0.976181
0.21845
0.0168915
0.776916
0.189422
-0.734148
-0.669016
-1.25381
-2.20678
-1.981
-1.18067
-6.24742
-3.14326
1.20144
1.8989
1.67129
1.31277
0.963646
0.680674
0.348862
0.0716901
0.384937
0.188691
-0.565496
0.240567
1.4026
1.04433
0.699913
0.588345
0.4588
0.387582
0.470422
0.459102
0.463897
0.320413
0.563246
0.805515
1.18951
0.151499
0.0167484
0.146829
0.100176
0.0998892
0.194799
0.118914
0.112443
0.0762714
0.239629
0.0637221
0.0942168
-0.325806
-0.0936709
0.00570966
0.0668158
0.10146
0.0367825
0.0481278
0.0239777
0.0644291
0.0845675
-0.0380221
-0.0100029
0.00578415
0.179204
0.119019
0.0832914
0.0712255
0.0650486
0.0430385
0.0402791
0.0714422
0.0687927
-0.0235122
0.0440122
0.0187009
0.172924
0.106654
0.0706699
0.0839863
0.0393331
0.055561
0.0946808
0.0928184
0.0734078
0.0311248
0.170989
0.0802362
0.210221
0.110895
0.00841691
0.0485658
0.054133
0.0734809
0.0451715
0.00641406
0.034754
0.0666798
0.0228171
-0.0237662
0.0481909
-0.0492707
0.0135774
0.00738692
0.0452353
0.021049
-0.0101
-0.00351949
-0.010197
0.039731
0.046777
-0.0245052
0.0119491
-0.0479738
0.0330373
0.151269
0.0706135
0.0404194
0.0358169
0.0850748
0.116769
0.183736
0.0278771
0.0210748
0.302826
0.0419215
0.384584
0.171864
-0.152099
-0.146566
0.165879
0.16249
0.23528
-0.0433701
0.0717304
0.0160011
-0.0957051
0.134402
0.222847
0.602761
0.261774
-0.232735
-0.289777
-0.175787
0.049494
-0.100141
-0.0795886
-0.0389901
-0.0834388
0.0663144
-0.0466329
0.137644
-0.0581251
-0.223475
-0.255636
-0.119573
-0.028859
0.0511074
0.0455857
-0.00771807
-0.0698273
0.0400718
-0.0526844
-0.0255447
-0.0992015
-0.0632388
-0.0464311
-0.11456
-0.00749306
0.00480735
-0.0263465
-0.126077
-0.0295514
0.0581895
-0.167716
0.0441821
-0.223362
-0.066954
-0.00172559
-0.0291097
0.034173
-0.0494172
-0.0295679
-0.129826
0.102737
-0.213785
-0.0277156
-0.0855526
0.0498418
-0.043124
-0.00492578
-0.013243
-0.0113788
-0.0148094
-0.0134118
-0.0126702
-0.0133388
-0.0120975
-0.0117165
-0.0105783
-0.01167
-0.00939883
-0.00910049
-0.0084862
-0.00967585
-0.00519191
-0.0123429
-0.0102823
-0.00536159
-0.00826401
-0.00728836
-0.0226132
-0.0128431
-0.00577565
-0.0284014
-0.0188762
0.0109459
-0.00269202
-0.00164311
-0.0254388
-0.00549565
-0.0107952
-0.0185869
-0.0384806
0.030833
-0.0210041
0.00432742
-0.0138721
0.00535966
0.0157738
0.00746076
0.127793
-0.00605165
-0.1
-0.0186704
-0.00222747
-0.00275701
-0.0305368
-0.033591
-0.00406649
-0.0173735
-0.019766
-0.0628012
-0.0101468
0.013191
-0.00364561
0.00682114
-0.00546762
-0.00200702
-0.0070193
-0.00586487
-0.00707314
-0.00754769
-0.0245976
-0.0200979
-0.0204346
-0.0154274
-0.006271
-0.0177932
-0.0157772
-0.0310506
0.0533723
0.0294379
0.00395898
-0.0116901
-0.0268362
0.114283
0.0176985
0.0438589
0.0764467
0.0256082
0.0266108
0.0351012
-0.0162445
-0.226443
0.0236141
0.0069395
0.0566743
-0.0642301
-0.0579241
-0.0247902
0.0415418
-0.00879063
0.0030176
0.0442396
0.0428182
0.127894
-0.173965
-0.0229808
0.0140661
-0.0913643
-0.415563
0.0265799
-0.0754189
-0.0225984
-0.251104
-0.0428284
-0.0539594
-0.00434951
-0.091303
0.001759
-0.00249583
-0.0245378
-0.0194983
0.0291879
0.0193513
0.000123128
0.00136264
0.0472977
0.0261057
-0.00807067
0.010706
0.015908
-0.00510244
-0.0127774
-0.0527153
-0.00841448
-0.00497217
0.00226101
0.00108143
-0.00646915
-0.0011748
-0.00495926
-0.000998449
-0.00102871
6.75581e-05
-0.0016794
-0.00106027
0.00154795
-0.00338002
0.0021905
-0.000150707
0.00479526
0.00857193
-0.012182
0.00631537
0.0218653
-0.0226426
0.00476887
-0.0466413
-0.0270526
-0.0538341
-0.0219553
0.00105524
0.129374
0.00581338
-0.054136
0.0258125
0.0133811
-0.0012255
-0.0228626
-0.0372955
0.0574462
-0.00971559
-0.158534
0.00316011
0.00885299
0.0500359
0.0161865
0.0355735
-0.00163952
0.0180354
-0.0173821
0.000294913
0.00425223
-0.0115254
-0.0106147
0.000535093
-0.0049239
0.00915628
-0.00523306
0.00610511
0.0954746
0.0211452
-0.0990078
0.00610087
-0.0374972
0.00716436
-0.00110318
0.0145479
-0.00917804
-0.0591627
-0.0143844
-0.0855807
-0.0129434
0.0111418
-0.00841995
-0.00398506
-0.0182531
-0.018096
-0.0176757
-0.0102553
0.0278741
-0.00673417
-0.00391106
0.0452588
0.0184235
0.0121751
0.011257
0.0292653
0.048076
-0.00248165
-0.00508233
-0.00219615
0.00412407
-0.007219
0.00417495
-0.0429417
-0.0283055
-0.00959369
0.00072892
-0.00287363
-0.00169158
0.0172914
-0.0185889
-0.00433434
-0.000782356
-0.0033526
0.000793282
-0.00235944
0.0119251
0.0161801
0.00849584
-0.000918369
0.0247211
-0.00181927
-0.0083322
0.00421179
0.0012536
-0.00191191
-0.0152325
-0.00579449
-0.000642219
9.80319e-05
-0.00473938
0.00602292
-0.000714289
-0.00017677
0.00231897
0.00107961
-0.00245787
-0.00200713
0.000541309
0.00172232
0.000606549
-0.00035486
0.000913501
-6.59395e-05
-0.000236396
0.000708201
0.000580565
-0.00037152
-5.50695e-05
0.000277354
-0.000744409
-0.00181794
0.00193548
-0.00123805
-0.00245594
-0.00167419
0.00146151
6.16731e-05
-0.000269536
-0.00712287
0.00608709
-0.00116022
0.00274683
0.000772356
0.0119417
-0.00183903
-0.00347404
-0.00463045
0.00769172
-0.000876457
-0.028981
0.00140672
0.00465173
-0.0186349
-0.00421837
0.00343698
0.000128401
0.00552125
0.000527151
0.00419321
0.00891131
-0.00300482
0.00563282
0.00204948
-0.000662925
0.00899619
0.0273165
0.0441366
-0.00973798
0.00901864
-0.00371303
0.00263075
-0.00197664
0.00331256
-0.0481625
-0.0250083
-0.0111501
-0.013278
-0.0247722
-0.0204322
0.00774997
0.00397248
-0.0151574
0.0113436
0.0166406
0.0210504
0.00774773
0.00502311
0.00856637
-0.0110889
0.0159716
0.0688573
0.0135675
0.065214
0.00608985
-0.0156304
0.000350047
0.00139002
0.0446695
-0.00237286
0.0871467
-0.0214684
-0.0943402
-0.00503967
-0.000578988
-0.00911088
0.000606924
0.00101109
0.013982
0.00988089
-0.00596873
-0.00479921
0.0133138
-0.0172431
-0.00135314
-0.0372489
-0.0193378
-0.0381883
-0.00985919
0.00265579
0.15884
0.00599689
-0.068474
0.0353891
0.0216498
0.00131932
-0.0182103
-0.0306248
0.0471503
-0.0162343
-0.11443
-0.00186318
0.0155703
0.071101
0.0267908
0.0444794
-0.00441662
0.0209153
-0.0210048
-0.00678683
0.012251
-0.0132709
-0.00575037
-0.000213169
-0.00164614
0.00573714
3.99426e-05
0.000661623
0.00102308
0.000213351
0.000542581
-0.000684708
0.0044957
-0.000524495
0.00663306
0.00228456
0.00181895
0.0031392
0.0129884
0.0497033
0.0128987
0.00345536
-0.0137388
-0.0129402
-0.000271078
-0.0273005
-0.0354445
-0.00222649
-0.00204207
-0.0176505
-0.0157151
0.0160509
0.024061
0.011657
0.013754
0.0866813
0.00124751
0.0557699
0.0415146
0.261991
0.020525
0.0775933
-0.025503
0.418584
0.0860239
-0.0134506
0.0292029
0.224951
-0.11408
-0.0495227
-0.0465954
0.00338037
0.00092347
-0.0351976
0.0159596
0.0631428
0.0579928
-0.0555756
-0.0115266
-0.0396285
0.246351
0.0169908
-0.0375265
-0.0254048
-0.0240364
-0.103249
-0.034851
-0.0226089
-0.112585
0.0374293
0.00799311
-0.00358934
-0.0315683
-0.0410418
0.0280911
0.0151614
0.00329133
0.0165204
0.0151749
0.0189846
0.0203586
0.0241238
0.0073576
0.007312
0.00604312
0.00688457
0.00171727
0.00791358
-0.00513958
0.00175389
-0.0144977
0.0134772
0.066147
0.0160889
0.0332207
0.00757564
0.0347758
0.0303259
0.00570703
0.00772538
0.0181231
0.102697
0.00289287
-0.119853
-0.0178365
-0.00114862
0.00751647
0.010822
-0.00602305
0.0214579
-0.0356129
0.0412862
0.0153383
0.0159978
0.00440467
0.0244313
0.00486188
0.00746198
-0.00865916
0.0142064
0.0218355
0.00683392
0.00998728
0.0208734
0.0104416
0.00817625
0.00627512
0.0126862
0.0128308
0.00483836
0.00803752
0.00705845
0.0117495
0.00945447
0.0132942
0.0125549
0.0100161
0.00956115
0.0131648
0.0113657
0.0110332
0.0162238
0.0142397
0.00902186
0.00215226
0.0381333
-0.0483191
0.0846848
0.0270984
0.214045
-0.102171
0.129499
0.0234986
0.047589
-0.0334658
0.0293102
0.00425509
0.0676171
0.224777
-0.0492696
0.182933
-0.0518641
0.0287352
0.126081
0.0236604
-0.00731119
0.00847217
0.118337
0.0454471
0.0605133
0.0911361
0.0237284
0.061166
-0.0377433
0.0705513
0.0145014
-0.0452978
-0.0360671
0.0381738
0.118272
0.224007
0.2248
0.0515305
-0.135931
0.0422901
-0.0663881
0.0859001
0.0453887
0.0749683
0.0975613
-0.0647895
0.171096
0.285766
0.214878
-0.24647
-0.597112
-0.21692
-0.136784
0.0964809
-0.017189
-0.0753136
0.046598
-0.20648
-0.160631
-0.168497
0.140671
0.144018
-0.178563
-0.384877
-0.0496241
-0.300212
-0.0238539
-0.0269826
-0.178059
-0.119684
-0.0864687
-0.0426506
-0.0412118
-0.0745004
-0.148427
-0.0353573
0.0550607
-0.00689224
0.0215541
-0.0374881
-0.0389046
0.0074336
0.00209378
0.00645878
-0.0198646
-0.0528622
-0.0156653
-0.0193216
0.0225443
-0.0457316
0.0102795
-0.0214895
-0.0620662
-0.0343551
-0.00566301
-0.0339221
-0.069394
-0.0550622
-0.0447774
0.000691861
-0.104081
-0.199755
-0.0803666
-0.160225
-0.0322893
-0.0744974
-0.0906408
-0.104173
-0.052247
-0.0431185
-0.0768853
-0.0700014
-0.0996931
-0.167861
-0.0267574
-0.0547887
0.0182349
-0.0621427
-0.0692042
-0.0260455
-0.0430852
-0.0743419
-0.0797594
-0.0876991
-0.129802
-0.170231
0.0169082
0.0219258
0.0366301
-0.0940318
-0.0658249
-0.0385791
-0.0447416
-0.0371252
-0.102239
-0.0683919
-0.00886
0.101798
0.320676
-0.0857601
-0.0630573
-0.233257
-0.0750058
-0.125149
-0.121625
-0.198133
-0.0956146
-0.098731
-0.138577
-0.0166072
-0.146229
-1.18224
-0.809936
-0.528409
-0.301779
-0.432064
-0.444596
-0.479659
-0.408032
-0.466845
-0.621267
-0.686301
-0.957605
-1.34083
-0.276878
0.493851
-0.211633
-0.430673
-0.0288859
-0.341397
-0.644129
-0.962754
-1.35998
-1.67876
-2.05293
-1.02717
3.16463
6.35043
1.18576
1.92268
2.13589
1.21635
0.732632
0.765229
-0.132447
-0.737804
-0.0781143
-0.387983
-1.06149
8.71015
4.39527
7.04162
1.02338
0.302092
1.57851
2.37208
2.68202
2.24986
1.84832
2.39987
4.99518
18.119
13.493
2.16052
1.06849
1.07788
1.46997
3.66406
3.91793
2.20614
-0.199846
-1.7228
-0.791999
-3.85146
23.1785
-11.6841
10.0327
4.94098
1.29746
-0.246925
-0.561554
0.533374
1.27199
3.00974
4.06835
6.4889
10.3821
-1.45355
-16.6799
-6.53526
-3.67473
-2.23394
-1.36125
-0.945824
-0.541318
-0.264441
-1.03056
-0.501548
-0.227246
-0.148728
