-0.0031337
0.00788274
0.0370989
0.077871
0.131206
0.199874
0.271151
0.345353
0.42375
0.501881
0.583063
0.657854
0.726731
0.789458
0.84599
0.901852
0.95484
1.01134
1.07159
1.14191
1.22203
1.31496
1.42469
1.54894
1.69515
1.8666
2.05266
2.24556
2.44047
2.61903
2.78993
2.94238
3.07199
3.16529
3.23041
3.26939
3.27644
3.22335
3.14053
3.03711
2.90933
2.76453
2.60756
2.44639
2.26589
2.08488
1.90549
1.73576
1.57301
1.41745
1.2778
1.1556
1.04169
0.940572
0.844742
0.765473
0.688777
0.62631
0.591315
0.558354
0.545335
0.535074
0.541915
0.55069
0.572865
0.606467
0.634753
0.664636
0.689677
0.700894
0.698824
0.676229
0.635552
0.579128
0.505725
0.418555
0.329788
0.227036
0.13215
0.0299064
-0.0386772
-0.0803653
-0.121854
-0.124613
-0.126732
-0.0818775
-0.0375946
0.0588536
0.189942
0.322116
0.477915
0.637752
0.817227
1.00064
1.20641
1.41863
1.6433
1.87787
2.14359
2.39896
2.66175
2.88858
3.0519
3.25806
3.3952
3.50985
3.55185
3.63798
3.64784
3.57517
3.4849
3.34141
3.22673
3.05754
2.88338
2.68583
2.47819
2.26958
2.05669
1.8471
1.65755
1.4586
1.26809
1.10699
0.954462
0.835131
0.680373
0.559004
0.44831
0.369401
0.339018
0.271742
0.248269
0.241653
0.267745
0.262896
0.297241
0.343586
0.413581
0.486661
0.554446
0.62642
0.690624
0.74257
0.791599
0.827419
0.840948
0.83755
0.81619
0.792722
0.748782
0.691615
0.632362
0.578743
0.504908
0.43656
0.376087
0.340765
0.277286
0.237931
0.225526
0.234105
0.268169
0.272204
0.304832
0.349405
0.420916
0.496045
0.555828
0.633428
0.708761
0.789
0.861251
0.943257
1.03162
1.12486
1.21226
1.31643
1.42741
1.53939
1.65337
1.74967
1.88783
2.0349
2.17919
2.3285
2.54662
2.74197
2.91047
3.02429
3.10423
3.28841
3.35905
3.4073
3.34724
3.24328
3.20951
3.06885
2.91123
2.71724
2.53372
2.3224
2.08788
1.85791
1.68551
1.44026
1.20411
1.01786
0.846651
0.631939
0.46311
0.311836
0.232315
0.159631
0.0114278
-0.054015
-0.122925
-0.107743
-0.0864019
-0.123374
-0.0736345
-0.01389
0.0808383
0.160433
0.254345
0.371049
0.490228
0.572502
0.690149
0.803153
0.873464
0.928677
0.928418
0.947055
0.94751
0.897884
0.835593
0.778038
0.690304
0.585943
0.509525
0.43373
0.315567
0.254406
0.178958
0.182609
0.198593
0.162249
0.213959
0.266194
0.350739
0.43559
0.521292
0.632595
0.755774
0.836829
0.962583
1.08864
1.20059
1.32414
1.38047
1.5098
1.66495
1.77707
1.91987
2.11733
2.29178
2.52807
2.63108
2.7626
3.02391
3.11486
3.25982
3.21269
3.26662
3.3332
3.20229
3.07741
2.90835
2.70135
2.4986
2.25313
1.97458
1.83903
1.56569
1.27676
1.09521
0.875211
0.605299
0.439775
0.244172
0.190682
0.0994149
-0.0858198
-0.134553
-0.231961
-0.209587
-0.199291
-0.275889
-0.240689
-0.222985
-0.155471
-0.0926707
-0.0455446
0.0509739
0.162213
0.229491
0.34627
0.462914
0.536474
0.62442
0.630101
0.668391
0.708692
0.685234
0.64568
0.620487
0.540788
0.444414
0.377945
0.27893
0.129461
0.0528929
-0.0642638
-0.0700638
-0.0860733
-0.188927
-0.154902
-0.143721
-0.0755526
0.00443318
0.0709391
0.186887
0.326356
0.405447
0.575917
0.748532
0.870082
1.03759
1.21891
1.38403
1.58265
1.66784
1.81925
2.05171
2.19757
2.42827
2.48134
2.60835
2.89068
2.97278
3.1539
3.12426
3.16872
3.26896
3.14779
3.0547
2.9588
2.73175
2.50209
2.25998
1.95313
1.90817
1.64752
1.32225
1.15936
0.903206
0.578211
0.463172
0.28065
0.251456
0.158956
-0.0512005
-0.0377432
-0.0746108
-0.0343218
-0.00903256
-0.0703709
-0.0151546
0.0398541
0.0891371
0.161479
0.213568
0.269297
0.362612
0.402033
0.506542
0.618954
0.642797
0.697377
0.698527
0.7267
0.764168
0.74185
0.700623
0.654672
0.570591
0.458359
0.439828
0.374664
0.22613
0.141722
-0.00460888
-0.00429924
-0.0221246
-0.0815702
-0.0441034
-0.0391263
-0.0497873
0.0548415
0.178449
0.318757
0.490793
0.454786
0.583507
0.795447
0.934329
1.15452
1.38332
1.46666
1.64988
1.73008
1.90996
2.18746
2.2189
2.35392
2.38322
2.51669
2.83317
2.83821
2.88396
2.85212
2.9262
3.12257
3.08049
2.93328
2.8301
2.61148
2.42946
2.37893
2.15599
2.0864
1.76711
1.38365
1.38977
1.28471
0.973307
0.788187
0.505195
0.51172
0.525407
0.410329
0.392621
0.292493
0.263023
0.301169
0.327697
0.386187
0.420135
0.370718
0.424376
0.509526
0.582044
0.674893
0.644842
0.674421
0.738612
0.775873
0.833241
0.905586
0.897277
0.882901
0.853564
0.804719
0.755101
0.73776
0.658689
0.618157
0.521233
0.346643
0.339787
0.309673
0.318702
0.267365
0.143429
0.130147
0.20013
0.252699
0.376796
0.460687
0.43344
0.532479
0.570288
0.778433
1.01949
0.989009
1.05241
1.29058
1.47198
1.75594
1.75938
1.77677
1.95312
2.06164
2.31172
2.37339
2.37372
2.46463
2.50014
2.68124
2.83457
2.79383
2.74102
2.63701
2.56398
2.79226
2.72212
2.47799
2.25221
1.89712
2.01438
1.99664
1.77963
1.63495
1.3167
0.899859
0.909002
0.857949
0.850698
0.753832
0.504982
0.487361
0.530987
0.574827
0.604114
0.563241
0.521032
0.570817
0.596435
0.671982
0.725527
0.696988
0.723654
0.731398
0.790699
0.86096
0.85879
0.85812
0.867693
0.852632
0.830613
0.848156
0.832691
0.752942
0.674347
0.529659
0.499256
0.490266
0.42408
0.389917
0.26737
0.135512
0.148847
0.210521
0.292528
0.362409
0.19567
0.201079
0.351736
0.495453
0.724976
0.661837
0.64191
0.76234
0.864853
1.10554
1.39362
1.38089
1.44315
1.49323
1.68216
2.01843
2.04823
2.06143
2.06092
2.14744
2.4431
2.53899
2.52608
2.5002
2.50795
2.6832
2.86894
2.81794
2.77171
2.5123
2.29517
2.46653
2.43059
2.07347
1.73913
1.27586
1.27299
1.28503
1.09533
0.958461
0.656087
0.484716
0.475104
0.500391
0.545846
0.517402
0.357994
0.359361
0.436934
0.504758
0.575315
0.510983
0.497177
0.537338
0.570536
0.627819
0.637386
0.633554
0.632757
0.625436
0.607117
0.593095
0.599344
0.567084
0.535216
0.435873
0.273558
0.251063
0.233936
0.228994
0.171616
-0.0262803
-0.123618
-0.102895
-0.0722864
-0.00533093
-0.0239413
-0.17119
-0.152815
-0.128709
0.0758568
0.289903
0.205429
0.198206
0.194709
0.392162
0.680201
0.701434
0.688134
0.814946
0.949389
1.2207
1.34042
1.35302
1.41386
1.4736
1.69108
1.89337
1.95078
1.95848
1.96793
2.13532
2.45064
2.53239
2.45301
2.34157
2.23398
2.56147
2.70993
2.54888
2.36879
1.95689
1.5707
1.65056
1.58081
1.52765
1.23271
0.778401
0.681703
0.703164
0.744079
0.725248
0.586003
0.426689
0.446078
0.456024
0.513787
0.552483
0.465929
0.460914
0.443674
0.475104
0.509291
0.485059
0.478486
0.47136
0.470813
0.469625
0.468151
0.469919
0.437582
0.365479
0.246377
0.163696
0.153123
0.118189
0.0603945
-0.0646104
-0.308562
-0.388912
-0.375464
-0.300689
-0.219274
-0.426112
-0.513427
-0.502049
-0.363946
-0.14741
-0.0790398
-0.150958
-0.183465
-0.0882862
0.0588558
0.305051
0.298599
0.279053
0.317145
0.380385
0.624467
0.664743
0.68678
0.70126
0.735223
1.009
1.11387
1.18582
1.1829
1.19454
1.47633
1.67035
1.83756
1.83147
1.79029
1.96984
2.28321
2.54427
2.54726
2.40292
2.12291
2.30375
2.44447
2.18575
2.11836
1.62912
1.45267
1.29106
1.24558
1.27853
1.05982
0.796734
0.560508
0.616395
0.623603
0.632542
0.524065
0.425872
0.447921
0.427024
0.425734
0.385101
0.343382
0.346226
0.336203
0.314506
0.279589
0.242743
0.237095
0.227059
0.15117
0.0525116
-0.0519459
-0.0598992
-0.103531
-0.195618
-0.299735
-0.543214
-0.553332
-0.68664
-0.627836
-0.546336
-0.734534
-0.770198
-0.93284
-0.727573
-0.515712
-0.443439
-0.493253
-0.548075
-0.346695
-0.188578
0.0548902
0.0313932
0.00487218
0.110866
0.174765
0.39752
0.400689
0.416414
0.50457
0.560773
0.802708
0.84031
0.90486
0.96421
0.993191
1.26505
1.34275
1.50129
1.51638
1.52357
1.8018
2.00402
2.29977
2.17234
2.08987
1.97635
2.22497
2.45259
2.28537
2.23853
1.761
1.76007
1.61854
1.59785
1.63712
1.24839
1.0443
0.77285
0.812488
0.81755
0.808329
0.709357
0.620134
0.624485
0.619261
0.630897
0.629955
0.614089
0.612003
0.611825
0.535642
0.493708
0.417603
0.414315
0.406105
0.298626
0.214176
0.0803977
0.0476145
0.000572867
-0.179183
-0.3922
-0.641502
-0.62784
-0.752501
-0.79388
-1.05313
-1.24674
-1.18882
-1.3479
-1.1555
-1.20698
-1.13343
-1.10779
-1.17787
-0.955937
-0.82225
-0.604467
-0.608363
-0.58304
-0.441639
-0.363166
-0.177365
-0.182675
-0.123489
0.0157168
0.0935596
0.318122
0.31715
0.453393
0.581405
0.63101
0.899798
0.920009
1.16476
1.30527
1.34778
1.66801
1.76097
2.19661
2.14462
2.04967
2.11317
2.30647
2.59222
2.20635
2.05933
1.5006
1.59204
1.54135
1.30427
1.31751
0.905551
0.779165
0.496952
0.553727
0.595508
0.679729
0.597974
0.520221
0.542844
0.52752
0.552721
0.56599
0.564595
0.520468
0.516648
0.412139
0.391315
0.288022
0.268395
0.256208
0.0869005
0.0180174
-0.143465
-0.157379
-0.209529
-0.477432
-0.649865
-0.92773
-0.910255
-1.03763
-1.20791
-1.45782
-1.64835
-1.62191
-1.7485
-1.61368
-1.70822
-1.61454
-1.62121
-1.6881
-1.49741
-1.46716
-1.31051
-1.32544
-1.34297
-1.19781
-1.15946
-1.02257
-0.972865
-0.976089
-0.757917
-0.647541
-0.39691
-0.360475
-0.264953
-0.00612954
0.247103
0.533515
0.541231
0.741579
0.959468
1.28463
1.60089
1.61867
1.98896
2.17073
2.70073
2.95528
2.95946
3.39369
3.00548
3.0167
2.50391
2.54653
2.36541
1.87776
1.78948
1.2049
1.19737
0.732958
0.777552
0.87179
0.97698
0.944474
0.944166
1.04161
1.0252
1.08552
1.11658
1.13809
0.999243
0.976912
0.774013
0.772045
0.549148
0.488373
0.494176
0.438115
0.391911
0.234957
0.199629
0.170308
0.0939618
-0.00429306
-0.27448
-0.267827
-0.332098
-0.299542
-0.517982
-0.766282
-0.618728
-0.723173
-0.503428
-0.616736
-0.533865
-0.448027
-0.502875
-0.429585
-0.435148
-0.313748
-0.290069
-0.318053
-0.307997
-0.342736
-0.281859
-0.243489
-0.283721
-0.1344
-0.142054
0.0568967
0.0866799
0.119391
0.4241
0.560904
0.873978
0.875027
1.02054
1.35083
1.58867
1.92381
1.93524
2.19293
2.66214
3.15427
3.5667
3.60479
4.07955
4.07297
4.47812
4.189
3.95337
4.02614
3.36421
2.98093
2.30789
2.3073
1.89544
1.73706
1.40581
1.47328
1.51542
1.47203
1.62606
1.77956
1.90645
1.87749
1.95297
1.74039
1.60411
1.35598
1.35021
1.12094
0.964989
0.705395
0.642447
0.630044
0.458063
0.379046
0.37907
0.311231
0.279521
0.0138606
-0.093963
-0.103306
-0.131859
-0.220404
-0.453242
-0.288888
-0.319214
-0.0599494
-0.149751
0.0198465
0.179869
0.135983
0.225017
0.199368
0.295701
0.327289
0.293636
0.323457
0.256707
0.323544
0.445011
0.393538
0.517976
0.473264
0.649128
0.769526
0.760993
0.832356
0.878613
1.16238
1.22882
1.28884
1.32021
1.41699
1.76589
1.81556
1.98763
2.03965
2.32789
2.84462
2.77604
3.19597
3.11042
3.57121
3.55807
3.34271
3.5667
3.0207
2.9406
2.2454
2.22447
1.92497
1.53611
1.22179
1.15291
1.19207
1.13188
1.30256
1.41664
1.55845
1.54301
1.65785
1.45027
1.41757
1.11169
1.11779
0.945082
0.64846
0.397902
0.256692
0.248935
0.0814103
-0.0799473
-0.256083
-0.374403
-0.3941
-0.645325
-0.911837
-1.28638
-1.38233
-1.35032
-1.64785
-1.55641
-1.69219
-1.43575
-1.43128
-1.33902
-1.16535
-1.05153
-0.972143
-0.991123
-0.97198
-0.950946
-1.00904
-0.973781
-1.00082
-0.970645
-0.78661
-0.821084
-0.673443
-0.705669
-0.488842
-0.33389
-0.370211
-0.307899
-0.329737
-0.0841031
0.0958478
0.0908089
0.19136
0.210433
0.624965
0.822548
0.910596
0.942613
1.09015
1.49358
1.52321
1.76277
1.68146
1.98825
2.02954
1.71007
1.97666
1.73399
1.88679
1.39429
1.13912
1.06746
1.07265
0.883566
0.541607
0.629112
0.50643
0.592751
0.591818
0.758941
0.733739
0.855527
0.787114
0.896244
0.68606
0.580202
0.527116
0.51454
0.373507
0.0525643
0.058615
-0.144972
-0.162995
-0.328728
-0.465397
-0.467073
-0.675338
-0.982377
-1.24159
-1.42177
-1.39956
-1.72406
-1.86678
-2.13768
-1.96677
-1.94797
-1.97473
-1.78528
-1.74308
-1.58574
-1.60336
-1.58756
-1.62142
-1.71423
-1.72286
-1.75288
-1.84266
-1.70723
-1.72328
-1.51952
-1.47478
-1.3333
-1.09197
-0.936434
-0.836402
-0.82133
-0.64135
-0.367337
-0.133279
-0.000133487
0.0138659
0.382718
0.7164
1.14714
1.23263
1.25221
1.67488
1.83399
2.22369
2.20008
2.27784
2.6227
2.52652
2.73394
2.48375
2.61426
2.35223
1.85917
1.95347
1.74623
1.75735
1.25018
1.15676
1.0881
1.24165
1.20092
1.33052
1.40177
1.45297
1.42162
1.52316
1.41552
1.15983
1.21438
1.12555
1.10627
0.729646
0.618082
0.469207
0.515717
0.3921
0.32958
0.301059
0.169796
0.112783
-0.0348009
-0.271582
-0.286632
-0.560598
-0.605467
-0.906448
-0.896116
-0.743228
-0.924719
-0.980761
-1.06039
-0.791719
-0.761501
-0.740007
-0.836593
-0.890782
-0.935392
-0.899116
-1.05236
-1.12414
-1.22624
-1.0093
-0.945008
-0.868007
-0.613245
-0.482015
-0.354364
-0.350098
-0.244891
-0.0863764
0.0282425
0.172577
0.190267
0.455367
0.850403
1.22625
1.38987
1.39116
1.83348
2.08846
2.49666
2.44601
2.48234
2.83201
2.9418
3.26443
3.18644
3.28188
3.43091
3.12042
3.00722
2.74244
2.71517
2.25532
1.87698
1.38361
1.46677
1.5015
1.34603
1.53074
1.60729
1.73813
1.74929
1.84826
1.76877
1.72537
1.55804
1.58597
1.15686
0.94889
0.549723
0.573488
0.547545
0.2957
0.389069
0.161706
0.101962
0.06223
-0.136233
-0.180413
-0.43435
-0.613371
-0.736246
-0.895523
-0.79665
-1.05504
-1.15416
-1.28428
-1.0367
-0.940303
-0.920933
-1.08258
-1.11046
-1.11732
-1.1979
-1.23016
-1.30511
-1.44829
-1.3459
-1.28585
-1.25256
-1.30311
-1.34164
-1.0851
-1.1292
-0.907899
-0.883195
-0.895569
-0.734373
-0.71227
-0.465412
-0.291953
-0.158854
0.180586
0.22575
0.656184
0.973064
1.24751
1.32307
1.44125
1.64941
1.99776
2.2881
2.38234
2.61357
2.81282
3.10852
3.51714
3.18408
3.36515
2.93371
2.4016
2.16164
1.81042
1.78372
1.39907
1.29014
1.16085
1.37757
1.34973
1.58392
1.66077
1.83521
1.62376
1.68308
1.34578
0.885345
0.535721
0.42105
0.202381
0.0506491
-0.104216
-0.30784
-0.255098
-0.413463
-0.397935
-0.672368
-0.993783
-1.0777
-1.32309
-1.42768
-1.55906
-1.88489
-1.75288
-2.00644
-1.70774
-1.47665
-1.32635
-1.30773
-1.31416
-1.31976
-1.37267
-1.49776
-1.54267
-1.66163
-1.65155
-1.47666
-1.38869
-1.32362
-1.27173
-1.12505
-0.932837
-0.926199
-0.99426
-0.825926
-0.921288
-0.791862
-0.82373
-0.779937
-0.567756
-0.428671
-0.19773
0.00978468
0.0290726
0.488588
0.442429
0.442141
0.701395
0.789688
1.01103
1.12465
1.19534
1.53914
1.73227
2.08683
2.12108
1.85016
2.21038
2.38301
2.00885
1.87013
1.65033
1.27835
1.29148
0.849859
1.09562
1.20605
1.23118
1.24689
1.49488
1.4485
1.3169
1.38521
1.47566
1.08689
1.04885
1.00195
0.57863
0.425839
0.199743
0.172216
0.187512
0.0211634
0.0277889
-0.0514093
-0.280745
-0.295881
-0.723455
-0.756228
-0.913713
-1.11373
-1.09431
-1.22861
-1.06047
-0.747998
-0.931875
-0.950317
-0.839272
-0.908354
-0.912907
-1.01599
-1.04665
-1.20609
-1.18654
-1.08237
-1.16704
-1.23166
-0.976652
-0.981981
-0.799562
-0.739402
-0.761827
-0.648287
-0.714754
-0.759479
-0.656278
-0.664324
-0.361176
-0.308977
-0.0773419
0.21328
0.219388
0.608475
0.651921
0.54391
0.893659
0.938403
0.975276
1.12759
1.20359
1.44849
1.53407
1.90179
2.15452
2.43572
2.78602
3.05765
2.6293
2.84629
2.16833
1.72902
1.71219
1.35809
1.25375
1.14791
0.880329
0.868961
1.09416
1.12256
1.2546
1.37108
1.52196
1.16755
1.17475
0.78436
0.351294
0.223306
0.134198
-0.0761917
-0.0306037
-0.177445
-0.252671
-0.356354
-0.554166
-0.681475
-0.91197
-1.19586
-1.32991
-1.71676
-1.64014
-1.66071
-1.92074
-1.68491
-1.81503
-1.67847
-1.44131
-1.51427
-1.49712
-1.56599
-1.65517
-1.67428
-1.8744
-1.71187
-1.74377
-1.63208
-1.42952
-1.36746
-1.26563
-1.0823
-1.19706
-1.18707
-1.24276
-1.19802
-1.14825
-1.12088
-0.770082
-0.570503
-0.356442
0.154409
0.174538
0.601057
1.03899
0.920346
1.15274
1.11375
1.24027
1.40874
1.45474
1.66161
1.87765
2.34701
2.953
2.96121
3.42073
3.50961
3.2188
3.18228
3.04553
2.50462
2.63412
2.23646
1.79452
1.92762
1.74568
1.80721
1.97174
2.2087
2.18779
2.26751
2.25379
1.91858
1.59693
1.60106
1.16616
1.15443
0.973344
0.707717
0.712151
0.568405
0.37937
0.208105
0.0500699
-0.0239455
-0.262629
-0.534657
-0.598475
-0.93725
-1.05659
-1.00613
-1.28643
-1.16497
-1.32247
-1.46847
-1.35326
-1.48678
-1.43216
-1.57862
-1.70953
-1.65907
-1.75336
-1.61176
-1.69464
-1.80854
-1.64178
-1.67219
-1.57001
-1.5234
-1.58103
-1.54147
-1.50018
-1.39196
-1.35477
-1.3908
-1.24451
-1.06706
-0.930384
-0.53575
-0.344932
-0.260384
0.119965
0.0922728
0.351997
0.575399
0.495429
0.721809
0.755428
1.04497
1.31512
1.4583
1.83746
1.81349
2.28562
2.49841
2.41761
2.59933
2.54105
2.27963
2.4733
2.42553
1.93886
1.95778
1.60809
1.63477
1.82173
1.63993
1.65371
1.67508
1.72755
1.74105
1.66583
1.7031
1.43602
1.45591
1.4886
1.15543
1.15909
0.824693
0.6724
0.665609
0.406518
0.404605
0.145405
-0.104544
-0.200019
-0.33927
-0.368157
-0.475658
-0.74859
-0.892611
-0.854184
-0.913465
-0.864042
-1.04476
-1.21451
-1.1278
-1.20904
-1.13157
-1.25354
-1.38489
-1.24516
-1.33221
-1.14894
-1.11961
-1.08656
-0.953216
-1.01078
-0.913488
-0.858889
-0.88759
-0.84239
-0.932776
-0.730463
-0.571844
-0.51177
-0.312834
-0.282455
-0.048565
0.365571
0.335796
0.330932
0.476554
0.44023
0.642288
0.693635
0.671917
0.793207
0.887244
1.21132
1.3525
1.44631
1.78655
1.78993
2.07893
2.25472
2.16125
2.47286
2.12344
1.79323
1.93276
1.85641
1.72948
1.673
1.38066
1.44721
1.65006
1.65374
1.69385
1.6999
1.69406
1.66899
1.68605
1.57616
1.29479
1.26095
0.926428
0.701294
0.680424
0.435102
0.253193
-0.0612106
-0.342928
-0.337826
-0.464371
-0.731573
-1.03005
-1.36038
-1.34323
-1.35433
-1.61858
-1.70993
-1.89762
-1.89336
-1.76988
-1.95044
-1.9488
-2.04629
-2.08593
-2.00879
-2.10612
-2.03229
-2.05666
-2.0997
-1.94353
-1.94168
-1.77944
-1.68396
-1.74137
-1.61671
-1.52373
-1.34409
-1.20739
-1.2495
-1.10064
-0.905414
-0.575361
-0.206468
-0.193825
-0.0324641
0.345703
0.513404
0.781869
0.838116
0.760229
0.984228
1.10379
1.31651
1.43536
1.52863
1.82829
1.95656
2.37052
2.6143
2.58241
2.81393
2.56411
2.84336
3.08307
2.89081
2.50379
2.23026
2.01237
2.01444
2.1451
1.90127
1.87607
1.8702
1.89574
1.9214
1.86193
1.71695
1.63179
1.63593
1.63014
1.36296
1.24409
0.97788
0.821486
0.811403
0.5233
0.472806
0.125293
-0.143125
-0.173397
-0.329947
-0.315557
-0.572547
-0.8325
-0.91242
-0.937032
-0.902529
-1.07127
-1.29289
-1.41179
-1.34534
-1.29877
-1.31161
-1.426
-1.55822
-1.41011
-1.38315
-1.2991
-1.37401
-1.48191
-1.36697
-1.36126
-1.22564
-1.2272
-1.28113
-1.14969
-1.16109
-0.969404
-0.873646
-0.863402
-0.774881
-0.793894
-0.496297
-0.249211
-0.104029
0.0424209
0.0561616
0.284133
0.592482
0.810819
0.720995
0.732555
0.883484
1.12851
1.37313
1.46503
1.49405
1.67708
2.05663
2.43545
2.41349
2.50712
2.28524
2.29994
2.47166
2.29541
2.36964
2.01772
1.67283
1.50853
1.63988
1.65873
1.60811
1.53347
1.47831
1.54566
1.61411
1.44381
1.25125
1.27059
1.25011
1.26587
1.09352
0.773102
0.689767
0.689714
0.6047
0.538888
0.319605
0.138108
0.0872544
-0.0488519
-0.0648288
-0.199331
-0.418093
-0.540153
-0.730489
-0.695841
-0.709112
-0.915045
-1.04192
-1.21587
-1.15998
-1.05203
-1.18186
-1.32069
-1.44493
-1.36461
-1.23149
-1.26802
-1.3438
-1.39137
-1.32835
-1.19401
-1.14641
-1.18336
-1.20543
-1.17946
-1.07832
-0.977438
-0.933693
-0.881246
-0.812754
-0.61351
-0.32461
-0.143264
0.147185
0.107325
0.093178
0.391554
0.540903
0.686744
0.705065
0.753669
0.982074
1.37923
1.76669
1.78477
1.79325
2.15598
2.44826
2.84585
2.85588
2.69415
2.73077
2.52547
2.45979
2.4935
2.38466
2.03312
1.81958
1.64785
1.6946
1.77535
1.68895
1.66341
1.6904
1.71634
1.63296
1.47911
1.17612
0.889539
0.909629
0.889627
0.576316
0.350699
0.0762978
0.0137396
0.0104015
-0.168165
-0.350352
-0.619093
-0.737944
-0.774455
-0.90324
-0.975498
-1.15112
-1.32648
-1.3785
-1.34923
-1.30524
-1.51683
-1.7016
-1.79164
-1.67981
-1.54444
-1.64189
-1.7733
-1.86177
-1.6999
-1.5644
-1.54638
-1.60037
-1.67971
-1.60161
-1.49352
-1.47009
-1.505
-1.55848
-1.47506
-1.32661
-1.21098
-1.17954
-1.19546
-1.0683
-0.895534
-0.540857
-0.311074
-0.220678
-0.129888
-0.133057
0.106343
0.326608
0.482255
0.421735
0.476227
0.757756
1.0287
1.2486
1.34223
1.31184
1.6343
2.01653
2.33902
2.21229
2.09367
1.96846
1.99946
2.13886
1.98935
1.95246
1.67185
1.47378
1.40239
1.49832
1.49386
1.36799
1.26834
1.21482
1.24079
1.23861
1.04457
0.862531
0.733544
0.705252
0.710639
0.383427
0.0328205
-0.26451
-0.256309
-0.266401
-0.441974
-0.666915
-0.93501
-0.967967
-0.995459
-1.15243
-1.3632
-1.62562
-1.71689
-1.73962
-1.72297
-1.74735
-1.86917
-1.96037
-2.00873
-1.87895
-1.7613
-1.71667
-1.85325
-1.90758
-1.79294
-1.65723
-1.55652
-1.61846
-1.66804
-1.55653
-1.42214
-1.28842
-1.34681
-1.40405
-1.30072
-1.14899
-0.974064
-0.943071
-0.976398
-0.807974
-0.55156
-0.307327
-0.185961
-0.0964952
-0.108329
-0.0925034
0.150348
0.334906
0.387339
0.440975
0.55322
0.810496
1.05765
1.26577
1.23822
1.22532
1.56024
1.89631
2.18668
2.11546
1.97581
2.09805
2.27606
2.45431
2.22747
1.96545
1.67246
1.57736
1.48542
1.52305
1.59069
1.47532
1.38246
1.48118
1.42562
1.33009
1.20891
1.11539
1.03618
1.00279
0.957132
0.636358
0.341542
0.133928
0.129784
0.118126
-0.131348
-0.431266
-0.711823
-0.705873
-0.696675
-0.809796
-1.00324
-1.22523
-1.24954
-1.28141
-1.28484
-1.42912
-1.63234
-1.67425
-1.71266
-1.6242
-1.58854
-1.63472
-1.69976
-1.7682
-1.59273
-1.47619
-1.4179
-1.48544
-1.56307
-1.47599
-1.39443
-1.3654
-1.4193
-1.46674
-1.34004
-1.15485
-1.00752
-1.04533
-1.06748
-0.897954
-0.585254
-0.248128
-0.190215
-0.169897
-0.057101
0.0841751
0.279548
0.382484
0.46368
0.421659
0.598226
0.850656
1.0012
1.1466
1.24135
1.35002
1.58656
1.869
2.13107
2.07975
1.92537
2.1853
2.4374
2.63029
2.39275
2.07778
1.84204
1.7985
1.83256
1.97866
1.92266
1.89985
1.91164
1.91814
1.90985
1.73656
1.58537
1.52838
1.48512
1.51097
1.36151
1.12164
0.949998
0.764487
0.720128
0.625134
0.225802
-0.115782
-0.417995
-0.339465
-0.312989
-0.482445
-0.700599
-0.923535
-0.992351
-0.964866
-1.13981
-1.35848
-1.54857
-1.5607
-1.48895
-1.43003
-1.45001
-1.47523
-1.56648
-1.53974
-1.49564
-1.49284
-1.47584
-1.51194
-1.48753
-1.3545
-1.22404
-1.13722
-1.20755
-1.20242
-1.11377
-1.00626
-0.907127
-0.89909
-0.898849
-0.655016
-0.382353
-0.097432
-0.0340621
-0.0378857
0.183737
0.370897
0.613962
0.696431
0.703604
0.767586
0.853806
1.00805
1.19613
1.22103
1.42433
1.58949
1.83826
2.04156
2.08391
2.12516
2.16501
2.2728
2.52414
2.60956
2.29992
1.91021
1.49792
1.51774
1.55043
1.43997
1.41616
1.30018
1.18544
1.21976
1.18837
1.12946
1.02943
0.959662
0.994975
0.907904
0.851208
0.702189
0.518026
0.520372
0.402722
0.28273
-0.0643703
-0.375249
-0.521437
-0.472334
-0.384367
-0.579218
-0.848427
-0.976797
-0.973908
-0.977785
-1.09354
-1.26331
-1.45562
-1.38777
-1.29235
-1.21806
-1.23824
-1.31897
-1.31811
-1.34576
-1.28441
-1.25719
-1.38408
-1.31358
-1.26821
-1.13265
-1.04511
-1.0649
-1.0744
-1.12576
-1.05857
-0.974548
-1.04147
-0.991518
-0.97191
-0.765007
-0.558079
-0.473376
-0.485948
-0.504836
-0.35921
-0.138281
0.0515797
0.0562065
0.0695442
0.151477
0.297651
0.437931
0.452974
0.529562
0.569386
0.868844
1.15472
1.20613
1.31825
1.38278
1.66347
2.00384
2.13263
2.34365
2.23473
2.15097
2.17879
2.30608
2.45531
2.206
1.9025
1.65267
1.71463
1.73656
1.8135
1.70227
1.61822
1.64962
1.65929
1.64741
1.47702
1.32985
1.35736
1.36194
1.33426
1.03684
0.71527
0.643031
0.518443
0.488107
0.271994
-0.0215929
-0.199154
-0.408973
-0.342494
-0.398638
-0.522792
-0.69011
-0.872353
-0.908217
-0.902356
-0.957152
-1.11826
-1.2569
-1.25751
-1.17569
-1.2124
-1.29698
-1.37044
-1.46626
-1.38541
-1.44151
-1.51752
-1.54145
-1.56124
-1.47634
-1.4138
-1.40768
-1.38511
-1.45732
-1.3586
-1.33157
-1.33654
-1.26633
-1.26103
-1.13869
-0.921899
-0.755821
-0.538821
-0.498288
-0.422288
-0.170627
0.0603378
0.301103
0.336789
0.340594
0.465895
0.623586
0.795061
0.954409
0.991054
1.28639
1.60719
1.89405
2.05427
2.02209
2.20055
2.46907
2.65349
2.86974
2.75747
2.50671
2.34675
2.04192
2.13633
2.12402
1.88338
1.75246
1.57757
1.52367
1.52087
1.40538
1.28721
1.15476
1.12225
1.12642
1.01045
0.93339
0.802845
0.682684
0.692328
0.387464
0.145653
-0.178096
-0.410759
-0.437577
-0.470634
-0.419358
-0.438779
-0.691379
-0.726756
-0.761515
-0.759571
-0.786421
-0.952702
-0.982739
-0.890189
-0.805993
-0.704098
-0.768078
-0.810647
-0.756413
-0.730099
-0.675857
-0.686818
-0.742908
-0.641398
-0.583311
-0.471455
-0.409312
-0.451451
-0.417762
-0.42079
-0.383657
-0.316124
-0.370245
-0.306262
-0.297735
-0.233788
-0.090977
-0.125649
-0.0728099
-0.0628569
0.122501
0.341499
0.408883
0.434321
0.417543
0.54444
0.728163
0.80196
0.789117
0.803181
0.877399
1.02427
1.1964
1.246
1.31045
1.39527
1.54409
1.78238
1.79676
1.9009
1.88673
1.90287
2.1798
2.12391
2.22851
1.91944
1.54691
1.47043
1.51308
1.60669
1.57619
1.45103
1.36107
1.40359
1.38811
1.42502
1.42478
1.40925
1.42812
1.44266
1.39295
1.27547
1.0926
1.0264
0.883337
0.808202
0.700497
0.42766
0.400688
0.248663
0.30918
0.190132
0.0127226
-0.147317
-0.338953
-0.377272
-0.443407
-0.54868
-0.630497
-0.752562
-0.760521
-0.731426
-0.738394
-0.850633
-0.898612
-0.980355
-0.932156
-0.929743
-1.00892
-1.06352
-1.1057
-1.03567
-0.953744
-0.956219
-0.899279
-0.92886
-0.814971
-0.724283
-0.75165
-0.74377
-0.796473
-0.762671
-0.696256
-0.624755
-0.516343
-0.460941
-0.25714
-0.0329351
0.0294383
0.191861
0.186846
0.208441
0.283974
0.504646
0.68741
0.86399
0.992027
1.18256
1.36683
1.60356
1.71278
1.70775
1.81174
1.98807
2.06184
2.30334
2.30675
2.5824
2.85551
3.00097
3.12975
3.05484
2.7639
2.53692
2.23899
2.15424
2.04696
1.91295
1.81971
1.64845
1.59893
1.66727
1.58391
1.44633
1.44273
1.27479
1.18738
1.03153
0.898216
0.690634
0.597357
0.563119
0.448341
0.279872
0.218513
-0.0158054
-0.0240448
-0.218839
-0.453705
-0.598677
-0.811936
-0.921604
-0.817136
-0.71137
-0.602613
-0.595804
-0.583097
-0.597722
-0.645928
-0.623445
-0.684512
-0.776932
-0.744145
-0.802847
-0.821413
-0.742347
-0.73924
-0.691361
-0.617352
-0.525379
-0.513677
-0.54396
-0.575901
-0.656935
-0.732504
-0.682926
-0.702216
-0.617277
-0.54152
-0.422706
-0.338165
-0.280727
-0.303176
-0.301663
-0.302545
-0.187914
-0.197081
-0.0701822
-0.0784241
-0.0365671
0.184242
0.374415
0.40298
0.569826
0.684916
0.688241
0.713512
0.768358
0.776052
0.792036
0.991399
1.24938
1.4492
1.74288
1.99532
1.99023
2.15267
1.93116
1.90276
1.71685
1.41764
1.23715
1.35454
1.26863
1.42805
1.53781
1.5489
1.52732
1.56922
1.52826
1.45529
1.3659
1.28513
1.13133
1.04024
0.979991
0.948887
0.929908
0.932523
0.85462
0.700049
0.491178
0.250229
-0.0149806
-0.198382
-0.28371
-0.480769
-0.46544
-0.560556
-0.452571
-0.336102
-0.254947
-0.394914
-0.375826
-0.552021
-0.730834
-0.848779
-0.833677
-0.907936
-0.863595
-0.794415
-0.742154
-0.749751
-0.686211
-0.701698
-0.751236
-0.797457
-0.825293
-0.877084
-0.903642
-0.901676
-0.892055
-0.832239
-0.771525
-0.686605
-0.624727
-0.578308
-0.624906
-0.614319
-0.667865
-0.715734
-0.704783
-0.529102
-0.422918
-0.176708
0.0765401
0.306022
0.326018
0.499177
0.495394
0.49112
0.492321
0.644704
0.695953
0.915162
1.13661
1.40096
1.56874
1.82188
1.97495
2.16023
2.26385
2.27056
2.21151
2.10088
1.837
1.6208
1.71413
1.62359
1.78299
1.97963
2.1679
2.03
2.09448
1.84848
1.6844
1.5144
1.47012
1.36865
1.36046
1.33139
1.31969
1.2761
1.21742
1.12001
0.969558
0.774328
0.595559
0.38965
0.207501
-0.00237075
-0.0447399
-0.0634462
-0.147217
-0.119004
-0.0520068
-0.116998
-0.225697
-0.207629
-0.349971
-0.500328
-0.614232
-0.654732
-0.789968
-0.77518
-0.723583
-0.696788
-0.713019
-0.713043
-0.779775
-0.822824
-0.886906
-0.926865
-0.94159
-0.95852
-0.91006
-0.856339
-0.837198
-0.78333
-0.784787
-0.740232
-0.756542
-0.77536
-0.76041
-0.794856
-0.769415
-0.732603
-0.7068
-0.643436
-0.585838
-0.494732
-0.456814
-0.409491
-0.299163
-0.221503
-0.213216
-0.0697401
0.116055
0.193595
0.42557
0.633511
0.830202
1.06632
1.30579
1.4152
1.41469
1.48384
1.46548
1.46804
1.66748
1.78751
2.08226
2.19435
2.32129
2.40943
2.45231
2.22292
2.21802
2.11546
1.87926
1.64624
1.53986
1.2765
1.02597
1.02472
1.03465
0.999866
1.06869
1.12012
1.02259
0.92825
0.741168
0.622393
0.464451
0.29303
0.287226
0.260674
0.265499
0.274967
0.14437
0.0661013
-0.147375
-0.190592
-0.261604
-0.423239
-0.489398
-0.462945
-0.535131
-0.568178
-0.542783
-0.51247
-0.502504
-0.434528
-0.399471
-0.40849
-0.452421
-0.470022
-0.541783
-0.5637
-0.565652
-0.572739
-0.536621
-0.518813
-0.464748
-0.42739
-0.474492
-0.494876
-0.550565
-0.547393
-0.512141
-0.493869
-0.427289
-0.421894
-0.376838
-0.336104
-0.396771
-0.418252
-0.452582
-0.419542
-0.339797
-0.298385
-0.175354
-0.125954
0.0231341
0.193145
0.32877
0.308611
0.431092
0.402165
0.381806
0.388337
0.441607
0.469576
0.519579
0.625862
0.866456
0.917791
1.14724
1.20957
1.22293
1.36635
1.37414
1.52044
1.46003
1.48112
1.56139
1.69031
1.7166
1.86443
2.0022
2.16953
2.14119
2.27375
2.24087
2.02347
1.84344
1.85487
1.70503
1.75213
1.66283
1.62008
1.66143
1.55153
1.57871
1.39239
1.20725
1.13777
0.958815
0.869357
0.669918
0.490798
0.435285
0.260285
0.233025
0.167529
0.0641962
-0.0865729
-0.203556
-0.36311
-0.472647
-0.599612
-0.668213
-0.769818
-0.832067
-0.790579
-0.76995
-0.832292
-0.826355
-0.882704
-0.865897
-0.866629
-0.914249
-0.919007
-0.984394
-0.962011
-0.957388
-1.01276
-1.00126
-1.04524
-1.02362
-1.05448
-1.08736
-1.06985
-1.10572
-1.03007
-0.989877
-0.97712
-0.866825
-0.819077
-0.697091
-0.659066
-0.650486
-0.531259
-0.485776
-0.350014
-0.10498
0.114927
0.306926
0.510748
0.664229
0.860409
1.02314
1.26361
1.46089
1.49188
1.70257
1.95109
2.00945
2.24339
2.28183
2.52222
2.79498
2.91691
3.1734
3.06265
2.91988
2.84038
2.55999
2.45295
2.21271
2.07038
2.02792
1.73519
1.62383
1.59491
1.38079
1.15326
1.10513
0.92838
0.945502
0.773346
0.758714
0.660035
0.410016
0.411151
0.310772
0.347056
0.364898
0.220189
0.222629
0.0817304
0.0594482
0.0217338
-0.14532
-0.167336
-0.136154
-0.138504
-0.0977892
-0.0927528
-0.0936093
-0.049863
-0.0305011
0.0505152
0.128528
0.0921854
0.140422
0.0757957
0.0318946
0.064622
0.0115038
0.0432665
-0.0171358
-0.0521982
-0.00925006
-0.0452332
-0.0192159
-0.073308
-0.103042
-0.0570089
-0.0747334
-0.0199779
-0.0354846
-0.034351
0.0270368
-0.0103102
-0.00200744
-0.038533
-0.0629728
-0.0139754
-0.021166
0.0112248
0.00564324
0.0309074
0.0865295
0.0583622
0.093143
0.131206
0.190228
0.290214
0.316714
0.320175
0.344526
0.339553
0.382673
0.489875
0.507246
0.664602
0.660525
0.641247
0.755014
0.736281
0.915539
0.949583
0.958692
1.22425
1.28046
1.51751
1.51539
1.40174
1.53124
1.4833
1.631
1.67448
1.61538
1.63102
1.65981
1.57363
1.62195
1.65726
1.59244
1.70272
1.59341
1.67787
1.77237
1.6697
1.67077
1.5224
1.50957
1.52653
1.38738
1.36403
1.17442
1.06565
0.808711
0.563716
0.484253
0.265507
0.152351
-0.0100921
-0.202294
-0.323353
-0.468595
-0.633623
-0.673726
-0.742129
-0.831651
-0.828104
-0.931884
-0.887669
-0.885305
-0.990852
-0.929029
-0.995314
-0.9745
-0.976142
-1.02915
-1.01577
-1.06796
-1.04651
-1.03119
-1.06011
-1.00725
-0.987178
-0.905948
-0.840008
-0.859854
-0.788585
-0.782359
-0.715301
-0.63339
-0.58695
-0.497097
-0.418065
-0.313453
-0.206125
-0.172912
-0.0330002
0.0723014
0.209785
0.384058
0.545544
0.681326
0.825943
0.904585
1.01625
1.16221
1.29086
1.47076
1.53131
1.67023
1.82208
1.86673
1.99981
2.05479
2.28041
2.52557
2.59448
2.78922
2.75241
2.77814
2.83168
2.70778
2.64762
2.51495
2.39442
2.31848
2.14608
1.96374
1.90446
1.68801
1.46507
1.4144
1.21282
1.16012
1.0211
0.872861
0.816458
0.657872
0.655573
0.581608
0.472248
0.478119
0.401458
0.383747
0.255332
0.0972183
0.0716454
-0.065401
-0.0860959
-0.100614
-0.143261
-0.149557
-0.163325
-0.151549
-0.163508
-0.206815
-0.15739
-0.130308
-0.171998
-0.104214
-0.189132
-0.232696
-0.167539
-0.170825
-0.111022
-0.127313
-0.113739
-0.0548732
-0.131303
-0.145885
-0.230982
-0.307586
-0.297073
-0.319345
-0.240186
-0.288115
-0.317285
-0.257093
-0.310792
-0.340271
-0.353885
-0.384423
-0.395415
-0.414412
-0.38177
-0.41539
-0.444114
-0.397636
-0.367217
-0.350158
-0.236137
-0.140184
-0.0915329
-0.0832838
-0.088338
-0.0280461
0.00228153
0.0321453
0.203466
0.26991
0.475627
0.669154
0.747689
0.833354
0.817121
0.99297
1.12156
1.13027
1.35422
1.47914
1.63684
1.80587
1.91605
2.09398
2.05712
2.19732
2.23769
2.19401
2.21091
2.31485
2.15439
2.21139
2.29789
2.29534
2.30918
2.2196
2.26069
2.30661
2.12886
2.0458
1.83227
1.67992
1.58726
1.49645
1.4813
1.3237
1.25778
1.22173
1.06626
0.923309
0.808803
0.640827
0.491786
0.344359
0.290224
0.137591
0.0126505
-0.0664998
-0.0963275
-0.201339
-0.156791
-0.218247
-0.307714
-0.379824
-0.438467
-0.46498
-0.539635
-0.60429
-0.542788
-0.557352
-0.503277
-0.484407
-0.504235
-0.54288
-0.595921
-0.565328
-0.608967
-0.531763
-0.445646
-0.410269
-0.347901
-0.272091
-0.211538
-0.169027
-0.191207
-0.103704
-0.0937259
-0.0546308
0.0106494
0.103998
0.132364
0.233794
0.372132
0.50435
0.547124
0.727486
0.852832
0.905155
0.994471
1.16464
1.20058
1.33363
1.50372
1.7066
1.88312
2.04084
2.24378
2.23752
2.23828
2.35313
2.351
2.37638
2.41133
2.49723
2.69663
2.68806
2.79653
2.7814
2.69802
2.57641
2.55079
2.41113
2.24769
2.14207
2.08107
1.88743
1.70569
1.73625
1.61039
1.43517
1.48963
1.44455
1.33195
1.14291
0.965538
0.870265
0.696189
0.69629
0.680673
0.625866
0.590137
0.592706
0.562604
0.424547
0.265533
0.264176
0.187326
0.112002
0.12854
0.152353
0.0474438
0.0638887
0.0964296
0.0881766
0.0500563
0.0831372
0.106285
0.0121205
-0.00278901
0.0173337
-0.0751759
-0.101349
-0.0680697
-0.00413574
0.0494499
0.066455
0.135501
0.0889454
0.0451939
0.0281852
0.00558782
-0.0339715
-0.0235604
0.0375782
0.102137
0.084964
0.138154
0.159071
0.138855
0.198391
0.238595
0.221076
0.218816
0.282917
0.266555
0.270753
0.351291
0.438939
0.474386
0.607894
0.728444
0.777758
0.779926
0.831631
0.881887
0.910537
0.951101
1.12386
1.2213
1.35693
1.5083
1.63141
1.65569
1.66983
1.79254
1.86939
1.86222
2.00234
2.13473
2.18616
2.27634
2.42766
2.51934
2.44548
2.57527
2.66269
2.57005
2.51257
2.58689
2.4144
2.26545
2.269
2.31278
2.28605
2.23403
2.22858
2.25052
2.05011
1.91358
1.77105
1.54442
1.33941
1.26927
1.27806
1.11216
1.08378
1.09124
0.978653
0.79878
0.794239
0.661078
0.50258
0.387922
0.371658
0.250022
0.16381
0.113199
0.126831
0.0552051
0.0932993
0.104428
0.0862764
-0.00628312
-0.0369277
-0.085892
-0.17341
-0.244754
-0.188899
-0.171485
-0.136986
-0.0550701
0.0211008
0.000690239
-0.0369654
0.00461696
-0.0181768
-0.0493404
0.00543975
0.0904817
0.0925858
0.160946
0.24127
0.267632
0.254082
0.313756
0.341072
0.354116
0.37839
0.443787
0.444171
0.475152
0.558228
0.626767
0.640951
0.757325
0.841793
0.853914
0.877599
0.962027
0.967431
0.997962
1.1372
1.28178
1.36717
1.47417
1.61196
1.61781
1.60891
1.63515
1.68855
1.68011
1.75054
1.84962
1.97322
1.97434
2.07284
2.13183
2.15456
2.11222
2.19683
2.19042
2.12913
2.0918
2.15414
2.04747
1.99829
2.06336
2.10314
2.02759
2.06936
2.07823
1.9313
1.77346
1.68664
1.55966
1.39051
1.36753
1.36539
1.33317
1.24998
1.24858
1.16119
0.998598
0.836006
0.803765
0.685206
0.571354
0.562183
0.573073
0.431776
0.366329
0.365885
0.290184
0.194428
0.216178
0.199332
0.0883911
0.0333168
0.00747551
-0.0848031
-0.172149
-0.135281
-0.132
-0.154316
-0.129461
-0.0929808
-0.153527
-0.218041
-0.261838
-0.270966
-0.328079
-0.288978
-0.232994
-0.186523
-0.179227
-0.114635
-0.0951746
-0.124432
-0.154475
-0.0897992
-0.0977563
-0.0718954
0.0126184
0.0999097
0.100305
0.169048
0.248021
0.263081
0.262085
0.365417
0.425431
0.433905
0.514982
0.619216
0.618522
0.670839
0.803513
0.901774
1.00102
1.1226
1.24994
1.24909
1.30874
1.36489
1.39904
1.42627
1.5583
1.70777
1.75575
1.82988
1.97495
2.00263
1.98698
2.11081
2.19374
2.17192
2.18123
2.28761
2.22244
2.16091
2.18783
2.23598
2.16609
2.26582
2.35104
2.32618
2.18501
2.10646
1.99975
1.85018
1.6852
1.72214
1.68279
1.61738
1.58589
1.58038
1.40029
1.17158
1.13851
1.06726
0.863338
0.802535
0.803371
0.60517
0.446025
0.425715
0.397962
0.264636
0.285601
0.283637
0.243846
0.125175
0.109225
-0.039892
-0.14661
-0.211615
-0.157385
-0.139959
-0.164386
-0.100153
-0.0336527
-0.141704
-0.187008
-0.233432
-0.324843
-0.40235
-0.355926
-0.265139
-0.315365
-0.263721
-0.174365
-0.213562
-0.252051
-0.164524
-0.177902
-0.208413
-0.183134
-0.0465153
-0.0719783
-0.0487821
0.0110501
0.0974901
0.0940581
0.269502
0.378369
0.448695
0.444162
0.512135
0.561851
0.554777
0.555903
0.716503
0.777699
0.928072
1.09116
1.22853
1.24489
1.25183
1.38024
1.40345
1.55371
1.71564
1.83757
1.90063
2.04522
2.13797
2.19834
2.17256
2.31383
2.38836
2.43306
2.51181
2.64029
2.56841
2.59695
2.69158
2.76338
2.72358
2.76003
2.81989
2.65819
2.51287
2.49272
2.316
2.13302
2.09304
2.08471
2.0797
1.92259
1.87875
1.67629
1.44357
1.23064
1.13159
0.927132
0.723816
0.567033
0.5569
0.341831
