-0.315074
0.851418
0.374691
0.185617
-0.722027
-0.648765
-0.90023
0.718267
0.126812
0.440511
-1.14554
1.05024
0.676463
-0.703202
-0.654506
-0.804731
-0.494242
0.0263119
-0.115923
-0.43498
0.223123
-0.81212
-0.405291
-0.23344
-0.123986
0.580681
-0.591529
-0.00324413
0.244077
-0.869313
0.372156
-0.667797
-0.959071
0.96376
0.938114
0.613615
-0.483758
-0.882
0.494262
-0.083603
-0.870006
-0.0722254
-1.00403
0.904688
-0.448492
0.464662
-0.263483
0.0881971
0.127958
-0.55422
1.0678
0.66691
0.843779
0.770682
0.1169
0.826031
-0.859744
-0.66148
-1.05157
-0.452364
-0.163498
-0.500941
0.778325
-0.30157
-0.423895
0.0566206
-0.828615
0.710817
-0.840769
1.07745
0.620734
-0.59633
-0.959429
0.61397
0.448414
0.375132
0.475335
-0.989615
-0.367398
-0.716282
0.720954
0.184866
-0.469012
-0.959861
-0.352688
-0.362681
0.613855
0.321799
0.866899
-0.166632
-0.856628
0.569733
0.571137
0.0411402
0.469159
-0.120507
0.109743
-0.183747
-1.12407
-0.748558
-0.920049
0.361755
-0.321874
0.0801157
0.840718
-0.511975
-0.127728
0.594476
-0.573151
-0.843584
-0.344312
-0.486488
1.07974
0.733067
0.288816
0.839535
0.489962
-0.69811
0.952181
0.0183832
0.629235
0.638789
-0.456288
-0.817226
-0.460693
-0.0385434
0.723384
0.707944
