0
3.71247
6.60112
2.64843
9.15168
7.15102
3.56761
-10.7024
7.38003
6.71491
1.41387
0.477952
-13.2173
7.6442
12.7033
-4.2425
-6.02314
-10.4977
-1.56751
9.76779
3.40563
-3.12743
8.66696
1.89343
3.02819
-15.8562
-6.8797
-3.88128
-3.41664
6.58525
-11.7137
-9.39012
-7.98292
-8.4795
-1.96781
-10.8992
14.1966
11.1242
4.13331
-15.9293
13.2711
-1.05148
-2.72298
-5.88456
2.90175
-7.70399
-7.7389
-10.9828
-19.5773
-2.18512
1.87849
-4.44755
-4.43566
0.448621
1.50118
-7.13288
-4.88487
7.31292
1.92697
5.4618
7.56867
1.96704
-13.2126
4.75009
5.45628
-0.903102
6.81927
-20.2725
-1.75988
7.6617
-4.00376
-3.9485
-7.2342
9.48231
3.0169
4.8965
0.369897
-6.07553
8.59236
-5.35084
15.7153
4.00088
-4.29374
1.30367
2.05799
-4.66542
5.92511
-5.64306
11.3056
-1.70386
1.89535
5.81024
-5.82269
1.22434
-10.2905
3.5333
-12.5967
-1.06613
1.05028
7.82847
4.6934
10.6943
3.10199
-1.66783
-2.24358
2.09367
13.7684
-1.90449
-9.44893
-16.2826
0.34534
5.98697
0.235946
-1.94234
-0.498202
-11.7926
0.902259
-0.256718
-3.07441
0.744209
-5.58746
-1.62149
3.7432
-0.455333
-0.286292
0.908357
-3.44398
-6.00046
-1.18864
7.94276
3.50177
-1.23827
2.15066
5.1278
-2.77523
-1.53386
11.1387
-4.97367
-0.264694
2.43771
-2.695
7.22716
2.98588
1.36185
-3.12716
-10.4985
-3.36748
14.2847
11.0256
6.052
-8.11913
2.76667
6.56457
1.83397
-0.358408
-12.6414
-1.5474
-8.47252
-4.87735
3.99682
14.5781
-5.45146
11.4168
-2.11923
6.60172
-6.17579
1.29374
5.25806
-10.0519
1.58606
-5.66533
5.17489
-4.01566
0.496249
5.26665
2.97036
-12.749
4.96789
-4.58764
2.04333
3.05164
-4.01997
-3.05449
-16.7387
5.24885
3.88563
2.62418
-9.27858
-3.39342
15.2443
-5.98283
-1.10205
-3.11961
-9.57127
9.83986
0.188325
-6.37362
-10.3648
-0.924948
-6.82921
4.08505
4.97636
2.33472
-5.00783
1.36271
1.41795
0.206414
0.820524
13.3426
11.5731
12.9719
7.36346
-3.60602
9.71477
7.64932
2.79167
-12.2344
16.5171
-3.38923
-4.54459
-16.5749
3.98686
-1.97039
6.01548
5.18283
11.1758
8.67538
-9.89275
-0.901716
1.75768
7.23743
16.7092
-0.711886
3.85628
-10.2293
4.7936
-6.15032
-10.5873
-1.3226
8.3324
10.5932
6.59455
-8.61882
-9.19247
18.5059
0.0494566
3.92219
-4.92209
-8.11631
9.43294
-0.591881
-4.96515
-11.2766
-2.97727
-7.3561
-6.58803
