0.0449385
0.0110475
0.0264284
0.0305387
0.0474339
0.0435464
0.053116
0.0501116
0.0686733
0.0528554
0.0576263
0.0491074
0.0554893
0.0427791
0.0441243
0.0378247
0.0572977
0.0395905
0.0475106
0.0472997
0.0627155
0.0618664
0.07523
0.0805631
0.109027
0.107052
0.123108
0.1261
0.134446
0.123752
0.123528
0.107574
0.0891094
0.0729982
0.056869
0.0311342
0.0192957
-0.0108787
-0.026376
-0.0486058
-0.0483763
-0.0784932
-0.0813913
-0.0957601
-0.0916624
-0.103507
-0.0978971
-0.0996039
-0.0749949
-0.0911161
-0.0792998
-0.0783199
-0.0601272
-0.0638556
-0.0537212
-0.0524356
-0.0298724
-0.0382755
-0.0260503
-0.0236987
-0.00456271
-0.00656649
0.00683213
0.00723832
0.0652405
0.0186536
0.0243427
0.0201452
0.0278782
0.012058
0.00765575
-0.00637703
-0.00194266
-0.0298831
-0.0349235
-0.0501153
-0.0481341
-0.0589049
-0.0559702
-0.0592302
-0.0330464
-0.0449354
-0.0289844
-0.0201827
0.00575517
0.0137336
0.0326281
0.0439204
0.0739849
0.0727083
0.0891592
0.09258
0.114536
0.115169
0.129703
0.131671
0.139097
0.158048
0.174085
0.173706
0.180946
0.167152
0.169314
0.15255
0.149071
0.110625
0.0950313
0.0640926
0.0479048
0.0139938
-0.00267386
-0.0290936
-0.0292733
-0.068974
-0.0769066
-0.0917795
-0.0936174
-0.113577
-0.113486
-0.117117
-0.100444
-0.116666
-0.109562
-0.109579
-0.0953948
-0.101001
-0.0900249
-0.0867589
-0.0440945
-0.071302
-0.0580184
-0.0524883
-0.0290854
-0.0245908
-0.00956805
-0.00226982
0.0266602
0.022478
0.0358366
0.03611
0.0511221
0.0452273
0.0498689
0.0405953
0.0561531
0.0282421
0.0241604
0.0096076
0.00984482
-0.00898752
-0.0119219
-0.0267011
-0.0194297
-0.0388391
-0.0370045
-0.0454427
-0.0339832
-0.0411136
-0.0313719
-0.0306266
-0.0276778
-0.0163093
-0.00130185
0.000805849
0.0190699
0.0185126
0.0298683
0.0291832
0.0503682
0.0386682
0.0460494
0.0440314
0.0559976
0.0494456
0.0560332
0.0546224
0.0788347
0.0632085
0.0725288
0.0717328
0.0868846
0.085575
0.0971778
0.0979388
0.124485
0.123822
0.143028
0.146658
0.156346
0.145638
0.147755
0.134665
0.167502
0.0918319
0.0743325
0.0448874
0.0271418
-0.0107431
-0.0297917
-0.0571539
-0.0633489
-0.0985289
-0.10995
-0.122354
-0.120146
-0.13802
-0.135399
-0.138105
-0.11177
-0.12784
-0.117142
-0.115827
-0.0983022
-0.0999651
-0.0858747
-0.0823785
-0.0531701
-0.0579021
-0.0425421
-0.0313695
-0.00525321
0.00235485
0.0217974
0.0316646
0.0440048
0.0613216
0.0752876
0.0740084
0.0867002
0.0790879
0.077967
0.0623843
0.0676902
0.0377645
0.0259365
0.00461661
-0.00315222
-0.0279457
-0.0366997
-0.0554704
-0.0460646
-0.0703393
-0.0678031
-0.0718254
-0.0576456
-0.0587169
-0.0405856
-0.0337001
-0.00423006
-0.00140836
0.0206942
0.0278113
0.0491378
0.0513288
0.0662285
0.0658
0.0449385
0.0703673
0.0811631
0.0799654
0.0908907
0.0862827
0.102432
0.106882
0.129237
0.125242
0.150198
0.165214
0.187679
0.179531
0.183409
0.177366
0.188108
0.148135
0.124622
0.0887898
0.0678837
0.0237133
-0.00992446
-0.047268
-0.060378
-0.104747
-0.122509
-0.143147
-0.144988
-0.162411
-0.1628
-0.168445
-0.165435
-0.152451
-0.139144
-0.135987
-0.116152
-0.112587
-0.0986253
-0.0922624
-0.0645229
-0.069957
-0.0526807
-0.0474329
-0.023414
-0.0151049
0.00670417
0.0140738
0.0492653
0.0452152
0.0639152
0.0668088
0.0828604
0.0763429
0.0796033
0.0707233
0.0753987
0.0474701
0.0372803
0.011472
0.00033862
-0.0272913
-0.0393741
-0.0622948
-0.024949
-0.0866887
-0.0871457
-0.0936841
-0.0842094
-0.0873306
-0.0708699
-0.0613069
-0.0298204
-0.0282969
-0.00113249
0.0149606
0.0402235
0.046158
0.0680372
0.0787375
0.109072
0.0956507
0.107453
0.112959
0.130032
0.125521
0.137012
0.141925
0.165209
0.154789
0.170818
0.181839
0.206003
0.202471
0.206703
0.196341
0.185718
0.171789
0.147398
0.107564
0.0806173
0.030056
-0.00630037
-0.0526109
-0.0736632
-0.120337
-0.144279
-0.17263
-0.174647
-0.189991
-0.18934
-0.195854
-0.16771
-0.173283
-0.152766
-0.146265
-0.124008
-0.11689
-0.0932029
-0.0818929
-0.0510327
-0.051747
-0.0329897
-0.025531
-0.00543726
0.000350743
0.0215664
0.0287783
0.0743755
0.0505982
0.0660269
0.0677743
0.0802484
0.0712046
0.0730069
0.059839
0.0641589
0.0340948
0.0201042
-0.00666911
-0.0201662
-0.0497372
-0.0621204
-0.084527
-0.0811825
-0.114903
-0.113595
-0.116557
-0.102048
-0.103276
-0.0814187
-0.0687126
-0.0315558
-0.0242492
0.00673917
0.0256184
0.0580207
0.0682113
0.0926357
0.109189
0.120115
0.133269
0.148933
0.156285
0.175722
0.166962
0.17519
0.175401
0.197648
0.185907
0.192661
0.200016
0.223738
0.221091
0.222066
0.208848
0.218444
0.179519
0.152325
0.106346
0.0706922
0.0186061
-0.0232854
-0.0764084
-0.0999563
-0.148695
-0.174047
-0.203007
-0.20555
-0.21802
-0.213973
-0.216586
-0.15733
-0.191793
-0.165217
-0.153777
-0.12762
-0.118052
-0.0906903
-0.0776716
-0.046236
-0.0448167
-0.0232196
-0.0142238
0.00765299
0.0109542
0.0334499
0.0387008
0.0638952
0.0482958
0.0600063
0.058831
0.0648228
0.0476705
0.0453282
0.0276077
0.0302731
-0.00281679
-0.016308
-0.0403895
-0.0529518
-0.0809807
-0.0894914
-0.104212
-0.117247
-0.123118
-0.117186
-0.112702
-0.0920625
-0.0856161
-0.0632587
-0.0433231
-0.00161537
0.00789197
0.0382395
0.0601931
0.0931032
0.102709
0.125072
0.138656
0.172801
0.162611
0.175378
0.182088
0.202816
0.198381
0.204377
0.198736
0.217418
0.201148
0.206633
0.205563
0.222526
0.216089
0.214364
0.195993
