-19.8907
-9.96478
-6.86969
-5.28361
-8.91048
-42.378
-18.6236
16.3201
21.7648
-31.8226
-31.6968
21.8117
-67.2246
-15.7723
-17.1627
47.0595
22.9136
20.9116
-47.1499
-6.80226
-15.7886
-12.1383
-16.1863
3.56551
9.70088
-64.1714
-50.1268
12.926
-27.2376
23.7292
61.9587
25.8609
12.1493
-24.2133
-4.0425
-5.46877
9.87062
-31.1803
17.5711
59.5192
-13.2809
21.0851
-9.18391
17.9536
15.5
-5.44656
-5.77233
5.5686
7.98788
12.7989
19.7861
-12.9257
-15.7444
-15.7132
-23.3606
11.0078
23.8295
-9.49126
-42.3801
14.5338
13.6096
-14.1711
-14.8072
-34.4935
33.8514
31.5546
4.23088
3.62688
-48.423
21.0508
2.47905
14.32
-26.9152
-12.0026
28.8685
-30.0466
26.77
-3.55046
-22.8195
61.4938
-7.93194
-27.3406
-28.4304
17.4553
17.3759
-7.99506
-30.1809
-29.5866
-2.75532
-3.78168
46.1931
7.8163
-8.83385
-1.11571
-10.173
1.89123
-1.04256
-32.6983
-29.8592
18.432
20.7175
31.0929
-8.65892
9.77728
40.5677
26.256
30.431
33.6068
-32.6575
-25.2952
2.71717
38.5484
-4.2442
3.65681
-1.45806
-37.3348
-19.1362
-11.9369
-25.2436
5.58418
-30.9245
-16.3249
-6.12843
15.1454
-30.4514
26.4898
28.5159
-29.7477
-9.95218
17.9364
-39.7931
-21.4541
-23.0266
6.33767
5.6337
14.0528
5.14967
-20.3391
20.4522
-6.14682
-27.3109
25.1673
-12.5364
12.2694
53.6164
43.5911
3.86328
16.6233
38.8579
-28.5298
-33.1214
11.1293
16.8226
35.7511
-37.6755
-37.7295
-11.006
-8.67437
-17.6361
20.0277
32.7399
14.9823
4.62567
8.18038
-0.876997
-4.02715
61.9246
-44.6682
26.4566
-21.5653
8.22129
19.7185
-27.3154
2.88828
62.7587
5.21903
16.1196
33.2755
-12.6635
-0.960004
5.26307
30.4038
-27.3711
-3.25693
0.561751
-20.6039
-31.2785
-18.4365
37.3293
-28.0902
-4.90426
-50.3779
-43.7377
-37.047
10.7405
-41.4609
38.2218
17.7888
6.48547
18.5657
-21.3621
-14.0444
32.7266
4.8438
-10.9697
-5.8473
-2.73269
14.6562
-10.93
-34.5188
-20.8789
31.3878
-6.60075
-7.86139
-14.7589
-8.03701
3.01866
5.52934
-15.5176
-26.5507
-44.2823
18.5983
16.1042
-4.84121
46.5806
-9.7605
-11.8668
-12.4873
15.3491
-1.60733
38.0359
33.2452
-18.8936
-17.8575
-19.7406
25.0855
-7.64482
10.7399
24.185
-5.25178
-18.1793
41.643
5.09769
46.1044
28.1949
-15.5488
-12.6604
55.2311
-6.98362
12.4538
-9.11278
-17.998
-28.5181
8.72434
-35.548
0.473909
-5.95081
13.7453
-25.9352
-6.41299
39.3532
37.3873
52.2303
-18.4318
24.5676
-11.4398
-18.1815
3.07219
10.1304
-6.20266
-19.2102
16.953
-4.12244
-22.7486
-9.46102
10.6972
-13.8902
11.6339
34.0583
-37.8391
2.27275
-18.9452
20.2829
10.0926
0.168004
32.3731
-30.9828
45.8905
5.18945
-8.91335
-9.81548
0.467471
-19.0904
-45.2005
-5.67732
-39.1835
35.412
12.0565
-23.3079
-34.0534
-42.2097
41.8331
-8.71465
25.0219
25.4512
6.53911
15.5443
14.059
6.68885
37.6806
-11.2018
-23.5717
-43.5599
37.9336
-30.406
18.5489
28.9322
19.4314
-5.25248
-7.81818
3.81106
31.1799
37.8618
-5.3315
-11.141
-14.0725
-30.2747
6.95864
-3.98326
-9.91384
4.65547
49.1614
-1.51458
-40.6229
-14.5632
15.5617
-12.7774
27.7779
14.7702
22.4425
-12.29
8.28036
-29.9409
8.42602
61.6737
12.4206
31.7531
-13.9003
12.9897
7.18504
11.4073
8.42371
-13.0372
21.2674
-3.87836
24.1487
-15.0971
-9.97317
1.49757
-48.3071
-41.7821
-16.621
-2.14254
-11.8586
40.936
-11.6096
25.0016
-12.6393
14.5235
21.3133
39.4072
0.522099
15.0634
-38.2284
-17.5352
10.922
-8.01067
3.37385
28.0394
-4.86822
4.90092
5.19492
2.67407
-3.3972
69.4186
-0.277875
-32.7015
60.8992
-0.754946
5.94252
29.2745
11.1792
-28.7005
-7.60458
-49.3189
44.4413
-28.1264
15.087
10.5683
-7.39406
-22.4795
9.08438
-21.7505
54.1151
-26.8121
6.84191
1.06353
-30.0719
32.4515
-39.44
-8.25092
1.8194
-19.4121
-19.3558
-5.41743
-9.71902
-39.3932
64.1872
30.0581
36.0512
-13.7453
17.6536
13.1932
-26.997
17.6335
-18.2666
1.46692
-48.9639
20.6212
9.72773
-4.12129
16.3838
33.4161
3.43614
-7.49252
13.7712
-0.78515
23.0409
-18.1339
-54.8347
-3.63422
-15.1455
38.1569
-3.56949
-5.16795
-27.4792
10.4301
73.2914
-15.3047
32.2201
38.1904
-7.18485
12.9212
-10.3725
-49.9151
-36.078
13.7575
75.5732
43.7795
55.8522
32.7285
18.3728
-18.0113
8.60014
48.7125
4.53517
-6.91802
40.5489
-15.1444
48.9282
-2.34951
35.1351
-9.61567
19.8378
-5.96459
-0.146338
-2.36784
-35.469
16.8978
-9.59499
-18.4502
16.7549
-16.2051
-7.90424
-48.7526
22.6264
8.67867
18.0638
-8.46262
-2.42326
-4.75942
6.33719
6.81288
-7.71922
-19.343
18.7335
-33.2443
-6.65207
26.2063
-25.6848
-25.9758
-10.6025
50.8729
45.8854
-36.8539
-16.2412
1.72011
-20.5984
-22.1453
-43.3153
-23.8565
21.2069
30.1706
18.6031
-1.11657
40.2235
-10.0242
36.6784
-28.3193
17.279
-30.2229
-19.5048
-6.06608
-39.4273
5.16379
44.7137
11.3578
-9.33174
-2.12716
-0.0684776
-42.2842
3.88401
-14.3364
7.76856
16.1729
8.06844
-10.4675
-13.9402
-17.2694
8.61244
-15.5548
-22.1429
30.3705
15.3399
49.4772
50.3959
-10.316
20.4662
20.9738
37.2716
-25.0559
12.7249
-25.3403
-17.1945
-58.0512
-37.9926
-19.9828
9.14567
-22.4781
-20.8819
13.5425
2.91029
-7.18029
11.0339
14.9109
-33.6228
6.10427
8.92368
3.9591
-11.488
48.1297
-1.94315
-4.51709
20.7606
1.3643
-8.41251
-27.6041
-67.5641
-31.6742
-15.0044
-10.1284
-25.1307
-11.5492
21.8877
36.7952
-6.87407
-9.24401
-50.1481
5.59252
-31.0655
-1.49801
-4.5376
17.8608
49.4814
-3.28735
35.657
2.86056
1.60037
74.7445
-19.3568
19.3961
31.5906
53.323
-21.6005
8.03311
5.08749
25.3888
12.9945
-4.38412
-0.946759
-33.9714
17.8404
4.17327
-33.6805
22.1311
-48.5923
-34.7865
-33.2552
4.52771
-0.53832
-40.3096
16.2087
-23.9434
-34.8728
23.2466
8.33328
9.30916
-22.1397
50.9118
16.1681
-10.0742
-1.01646
1.94612
-16.1394
52.203
6.73714
6.16062
-0.000756795
3.81242
-28.9502
-16.3536
19.5043
-20.2683
-6.91947
-50.8102
35.6335
14.0273
28.7846
23.9116
35.4651
53.5494
-12.5966
-13.1278
-36.0879
-49.8411
-1.75449
10.6172
51.6424
-10.6636
20.3806
-4.52715
12.6169
-7.1661
1.89646
-9.55798
5.75401
17.8413
35.7353
-36.9227
-40.4623
-4.52921
-12.2388
2.6899
-19.0714
6.42709
-18.0337
-8.24633
5.48697
2.99989
-22.4769
15.5837
-26.2463
-3.60322
-7.1821
0.494241
15.339
49.5248
-12.4928
-17.4406
9.46414
-17.7653
28.0285
18.4033
-23.2444
-26.868
9.69894
-4.58569
11.8927
3.80729
36.8931
7.28628
11.1961
39.6673
-15.0565
48.3369
-17.3974
-76.8621
-37.2599
36.3572
-12.1308
6.84787
-1.5925
40.751
-13.0719
-18.5579
-23.9313
-14.7496
2.52818
25.8915
-49.2622
-23.6725
-46.122
4.13708
9.59812
3.66017
-24.4322
-0.395897
41.4678
-21.4138
28.9362
4.20936
-45.7103
3.62911
-4.41218
-46.5559
45.8507
17.2208
-9.30478
8.55561
0.228249
29.6795
-2.27274
50.7066
20.0231
7.22696
5.60506
-28.2979
24.5364
-6.79947
12.5985
20.0155
14.3899
25.8856
-2.05266
-8.75806
23.247
-18.7087
-68.4189
-62.0721
0.259636
32.0913
-14.8303
7.11337
-45.8681
41.8206
-28.0809
-8.31196
-29.3573
-6.05174
-23.2464
-12.9486
-45.3747
36.3527
-23.7366
-61.7763
13.9798
-24.4582
-17.5599
-1.57028
-14.3005
-3.43579
-17.956
-19.5556
8.10035
-19.3861
-47.7528
34.7406
67.955
9.86002
11.0433
-25.3576
-12.2746
-39.2157
23.0129
14.8825
29.0932
0.0302813
13.6889
3.63913
-16.5953
25.5912
11.5119
-20.1164
3.87843
19.8321
-5.67429
19.0129
10.1914
4.50423
7.6747
4.70936
23.7168
19.526
8.4938
7.23031
22.7306
0.00922169
3.96259
5.53509
-0.0306223
31.4755
-26.9337
-21.5868
-30.4775
21.8718
6.61129
28.6605
39.5759
-8.8577
8.8743
8.43606
34.0023
-39.0412
-5.36864
54.9111
49.8963
-13.357
26.0319
-19.0925
-72.4378
0.455515
-1.2701
-7.21352
-7.68776
-18.8004
15.3281
-18.3157
-26.9001
-29.7263
5.04768
0.34755
-32.5191
-10.7268
15.2584
17.3312
-33.0265
-53.5022
17.0378
-16.7623
-5.64376
17.1395
-38.8697
-4.33397
-44.0915
-9.42765
-28.1056
-33.7296
4.16873
13.9717
-29.6281
-19.2818
19.2697
3.87102
-5.48502
-42.4129
1.25857
-18.213
-13.644
-8.32893
-24.9835
4.70797
3.62664
17.8005
-18.3053
-27.8037
-22.8391
-42.5518
-38.6992
-21.8854
23.5206
9.72602
-6.37582
-8.8963
1.33603
-17.7944
-39.7059
1.44373
-5.03449
-26.7147
-2.87447
-7.62378
-1.08947
-11.8482
-10.741
11.8772
6.44533
28.4677
-7.94793
20.0049
-4.07999
-30.6728
-33.4034
-15.6817
23.4271
-25.5451
-26.0003
2.36858
-38.3429
35.2869
4.54043
25.3572
-20.6638
40.5188
12.2041
-7.33733
0.77117
41.5292
14.3778
-40.0213
-4.7648
-2.93268
44.0878
-40.4769
-22.1529
-31.2874
-3.71483
-16.0421
-13.0171
-3.83947
5.4258
-10.2925
-33.7976
14.8946
23.8241
7.60765
49.6343
34.3693
5.32884
-22.4294
-11.4599
22.4975
-42.4429
-40.6762
1.50244
-6.93308
-30.7793
15.5996
-6.32367
-9.664
-25.3522
-23.456
39.7053
-20.051
1.16363
32.3408
-53.3672
33.4232
-23.4026
10.0658
11.9811
4.40234
-26.0672
37.8475
-14.8961
-18.5259
-0.154507
26.6067
-1.32158
20.3715
-16.7728
-43.8972
24.7031
4.76311
19.6357
16.5104
12.3101
39.4798
8.44592
-12.6302
44.2598
-10.2477
40.5113
19.5145
-24.8401
7.60269
33.7994
-1.3946
-29.3561
-3.60559
-25.1115
41.5256
4.46213
-9.28081
2.37689
-3.23766
39.2152
-32.9458
-12.3184
13.7438
34.6677
-20.7715
39.9548
19.6715
31.6886
-1.65824
7.31738
19.5076
24.6202
-17.9337
-3.3538
-8.13051
-3.97695
7.01822
5.76397
-15.5788
-21.0898
-0.974525
23.6275
-26.1499
-5.71549
5.60476
3.28851
-5.01242
28.2238
28.1751
-24.8964
15.1656
-23.6423
18.9711
25.3008
10.1433
12.6365
18.3234
26.9716
25.955
64.2263
2.93322
3.71617
6.162
3.45486
24.5403
12.342
-62.8056
-10.9864
-36.0012
38.3101
-2.15151
-17.608
2.672
14.8318
32.6282
7.60278
-31.8372
12.6906
11.1655
25.2314
0.483073
-5.36349
-0.239179
-12.3216
11.1252
-2.1886
-7.73244
18.8642
-31.2025
45.8542
-19.3846
-2.80505
2.7053
-33.0249
22.8046
1.09337
7.44135
-23.5214
30.8654
-15.54
26.7313
11.7658
-10.3714
9.07041
-17.4924
37.718
22.2334
-24.3152
7.11528
-4.21938
34.7441
10.802
-2.70145
-11.6454
10.7398
-22.531
-27.0221
-56.9276
40.4828
20.386
52.0416
-32.5085
-30.7979
-31.0206
-31.0565
34.6781
5.7432
-6.65736
-21.2647
8.08155
2.10279
13.4655
-1.22201
-13.3887
-30.9764
6.54183
20.5735
16.4588
-33.0255
-9.51376
-43.7471
10.7846
-31.5505
-60.3094
-40.6678
-13.8426
-37.2937
-8.09402
23.0308
-38.0313
-10.2386
36.3705
17.4258
38.7492
14.6568
29.3927
-43.6826
5.65379
42.828
3.51328
23.8122
2.90605
1.55218
6.99047
-0.452917
30.0872
-15.051
-52.3719
-4.02549
-12.8528
3.09726
-27.4137
-8.65625
-20.4608
7.64831
11.4768
10.6826
-11.2434
16.5758
-2.12916
-0.3007
3.10876
-50.6418
-10.7447
-9.07902
36.6543
-13.0425
0.923533
-3.95179
12.68
1.46348
4.0453
24.3587
3.52843
6.76828
-5.76641
-1.7464
-49.5902
-11.5615
3.40243
8.05736
-40.035
-8.69552
-18.0035
-23.3445
28.5907
-21.2112
4.17847
-22.5981
25.6759
16.0678
11.7539
47.3641
31.8641
-54.2525
-28.5048
-23.2154
49.8011
17.2424
-20.0228
9.76272
4.38203
-4.94653
8.92448
-6.91516
6.018
-19.9105
-16.7109
-25.3578
5.82161
-27.746
0.900603
12.2594
-13.4166
-45.6291
29.2597
9.87883
-8.15194
-20.8712
-2.52854
-20.1637
-0.458557
-25.5978
-15.4594
16.8462
-4.86265
8.66515
-28.999
37.1315
2.09382
5.71231
-43.659
33.7529
-6.37806
-61.2337
-3.76856
-21.2362
-18.9641
-15.3881
6.15824
-24.8851
17.3237
-53.4861
-18.32
19.9597
-25.0908
26.9171
14.2262
26.308
0.995992
26.1615
31.9846
-23.6481
-4.82007
-1.24828
13.9414
33.1058
-16.7659
-4.64656
-3.90859
-48.4837
-28.0288
-21.9806
0.347167
17.1086
-21.2897
29.357
1.68985
15.6577
11.8112
17.5909
3.26558
3.086
-20.8614
14.8878
-7.94074
-44.7517
-19.6771
-23.6741
18.0235
-10.6844
-22.7989
47.1986
47.141
-14.3509
-28.3149
-52.7675
32.2172
5.34016
-1.10859
15.2251
12.6766
-22.7443
-25.7693
-38.0471
-9.23112
-22.8835
16.4575
-37.0245
-6.1776
23.0457
11.5766
4.02274
75.3522
-19.5473
-11.8141
-27.8896
-5.38049
24.5664
4.62239
7.75159
55.7235
-20.034
-40.934
-0.401911
-7.44413
15.4292
2.00056
-40.5405
37.5665
6.83857
-5.63425
-12.0838
17.9527
-31.1359
16.6696
10.349
17.025
3.11499
-33.4391
-23.4384
-19.2936
-7.53834
-27.712
-8.59566
32.454
10.4883
21.5654
5.98231
-17.4445
2.62092
-12.927
7.3692
-26.2793
-0.809841
9.25176
45.964
37.2995
12.82
17.7565
-9.71615
-36.6391
3.44045
5.64316
9.74863
-21.133
9.9992
-15.9321
27.9945
8.56367
-26.7663
10.9938
17.209
-13.5943
-22.3863
-1.24484
-32.3432
3.0567
15.9187
-44.6335
25.8371
4.02862
-22.5834
24.0673
-3.22279
2.46848
-5.43535
38.5972
11.5236
-3.90541
0.528455
33.4491
-51.4733
-44.0647
47.6993
12.0275
-2.1345
32.6409
5.48448
1.82453
-8.95845
16.1204
-35.1055
3.09804
-5.17337
-11.9888
-36.1973
-23.6785
22.9531
-1.2979
15.0125
20.3183
-20.3687
-57.0467
1.56667
16.7301
-30.0951
35.7639
19.5767
-3.64086
48.1859
-17.726
-43.4779
23.4898
23.863
10.4822
2.29504
53.0926
16.2237
-22.8692
37.0778
43.5722
20.6203
3.08844
61.066
-8.15975
-22.9128
-38.8445
-7.66899
15.3395
-4.10037
-9.26678
12.2243
11.8528
20.783
-18.3691
8.01462
5.74808
-9.11978
-5.9421
0.114725
-7.68452
-9.46405
-18.0918
-4.67099
29.8821
-17.1293
-15.3049
-9.13031
-12.8487
-33.7606
41.3311
-13.2199
2.7003
44.7725
-12.5808
0.484589
-26.4726
5.1436
-1.94107
12.556
12.3379
-15.1124
-19.0705
18.7051
-5.54689
-0.931627
27.3573
8.92253
-14.1085
8.22928
-0.894957
27.2712
3.27647
-6.6666
17.9971
39.8116
28.1911
42.1774
9.27584
20.6245
-24.0626
11.9064
36.7867
-20.2546
26.6369
11.0286
51.1882
10.0992
19.079
-1.69013
-7.39107
-30.0513
-7.82788
40.1941
-1.14476
-12.5801
-19.7452
22.435
-52.937
-6.62717
-17.6543
-0.596617
6.64169
6.88167
23.4412
-15.9641
-26.8179
-48.2396
-1.02417
-5.16721
1.1344
2.47359
11.0717
-44.6603
-25.6763
-7.97643
4.33062
-47.8342
72.5866
20.8259
-65.3144
29.2529
-23.1094
-54.7692
51.2721
-40.9584
16.1755
34.7353
8.67809
0.313933
10.8034
8.70461
3.16117
2.93477
-19.7915
-31.7356
-32.776
-11.7748
20.4817
-31.136
-21.6899
11.2312
15.9309
34.3066
0.287871
-5.05582
-14.2682
-19.6913
-38.3563
10.5209
47.9691
-16.3088
5.34289
-33.3444
28.176
-6.69627
-1.88096
-56.8561
45.5993
-28.4054
2.33327
-58.4115
20.1814
-14.6162
-5.8431
0.573591
10.9364
18.4234
-15.983
-18.3317
11.1876
11.2061
18.7753
18.8298
-17.8474
16.0815
42.9624
-17.1248
-8.8632
37.9038
-1.46855
-21.6318
16.6284
7.82371
1.06912
-16.2906
11.589
-0.357928
-17.7914
8.31593
36.1649
61.7261
-14.4613
-7.8119
-0.790663
-14.9794
-0.742966
36.9534
2.1136
42.1827
35.0583
-22.0121
26.4441
28.4644
29.2996
-25.5471
-29.5025
-8.42879
0.650203
-40.9708
17.7688
-2.64086
17.4193
35.5188
-42.4023
5.48614
18.92
10.6452
-8.42578
-6.75561
-7.53954
16.2263
35.707
1.00077
-9.02733
36.018
-29.3
-23.6377
29.0061
-8.93026
-12.6126
3.28084
-18.7129
7.18638
-19.513
-7.92434
-56.4733
10.2708
-26.7219
22.5917
-13.2152
9.73867
-34.1146
-36.2004
-22.2162
-16.2912
-1.32147
-19.5883
-34.1201
0.650945
-18.8953
-15.225
1.88792
10.7447
-9.80806
22.3426
17.63
42.3139
-6.37067
24.2116
-25.9969
40.1141
-44.3669
30.2185
-15.1835
-17.078
2.84965
-24.6104
-4.06908
-18.5047
10.4877
-17.1921
3.94137
4.71171
-13.6546
-16.4483
-10.863
22.6798
-46.6452
12.2559
13.5882
9.94247
-12.4723
-32.9447
8.79089
-27.4412
-34.4344
51.8712
-70.3148
-42.5787
38.0901
9.23004
23.074
-3.92446
-9.10904
0.416239
29.6186
4.39257
11.4632
37.204
-9.91124
-10.0872
-60.4969
-19.3479
5.11689
-46.2665
-14.2763
-4.47229
11.0995
28.6601
13.6047
3.43405
-30.1151
-41.9452
-65.5779
15.1977
-21.2679
42.6192
16.8165
9.99269
0.458302
-42.0454
5.8695
-9.24462
14.0605
-0.392082
53.1068
-22.2857
17.5236
-17.3916
16.1904
13.9523
-19.2596
53.9952
-7.15004
-34.2848
-4.07251
14.2109
-19.1042
10.7351
29.4279
16.1069
66.6387
-9.06111
27.9929
-15.632
-16.7131
28.6023
6.86917
11.4777
59.9677
1.99492
23.4613
7.02994
-17.186
9.26908
-9.59144
-23.6761
48.0156
-1.8889
6.66447
-11.4399
-8.20367
-11.3919
-14.6649
-15.9244
9.47109
-20.0461
22.751
19.2679
-14.0006
-5.23961
-42.7624
43.3371
-47.3254
-14.5863
21.5171
7.18572
-10.1095
45.3337
-3.17622
-15.4857
37.6929
13.2589
-30.7476
3.11414
45.3652
12.3144
46.0384
-5.63053
-17.0203
47.8393
-23.3643
23.8451
-4.39104
-2.80461
-20.4091
-5.5721
-41.874
21.5712
5.24448
-66.914
-23.9742
-11.433
-38.3833
0.217591
29.3077
37.7422
-5.59571
33.0678
-3.86309
-35.2315
26.1687
-28.2562
7.06097
-58.8846
2.25346
25.0845
9.53168
4.82021
19.2639
7.18659
-22.0274
6.23093
67.1901
-17.1908
-1.63355
1.13858
-31.4449
47.3014
-26.2143
-6.1598
-0.53965
12.5405
-11.2122
20.0351
1.85167
63.7587
-23.9651
20.9185
48.5587
-7.11574
-7.4426
-68.436
23.3633
1.99573
-18.9698
-25.4391
26.0993
25.9649
-1.04242
-30.6656
38.9495
18.6316
47.7839
18.6801
-18.3803
17.4814
23.5357
-21.0324
56.7895
-40.7155
-36.7205
14.7078
6.38555
-11.8783
-16.7636
-24.6805
-3.61278
-0.452458
-31.1326
13.9541
-13.804
-12.5954
-59.2492
0.0563263
13.2228
-22.8268
12.6753
15.6606
39.4535
10.7327
-12.6022
-3.76721
37.385
-22.175
-2.09326
67.9289
7.53802
-14.4491
15.1593
2.67492
-20.8236
3.36885
-5.05433
36.1633
-16.3571
7.28255
2.04648
11.442
-27.0353
1.97026
1.57808
-6.97561
3.10177
37.9005
15.4638
11.554
-33.8884
-33.2446
-38.5947
15.2993
3.89047
10.4282
-55.2362
5.59798
-9.65623
-44.3351
26.9423
7.54681
-0.805905
9.11669
-16.8162
4.56796
20.7286
7.70801
-23.0844
-6.49024
6.3448
5.25096
10.8527
-10.5841
-7.96944
-21.4066
-16.1692
2.95309
-17.2188
-2.5129
-8.88572
35.3735
12.1845
34.3019
-13.6251
10.3798
59.403
51.6848
-17.7343
-1.69623
-17.2218
19.6863
-20.7197
0.293521
35.0569
-12.9006
-10.3744
24.3442
-30.3905
-1.88725
11.7716
-46.0491
-8.93415
16.6185
-28.814
10.4289
0.33005
4.08748
-13.0888
1.6058
-17.6592
14.264
76.5859
-13.6784
-15.9675
-57.3466
-33.0607
-29.969
-52.5744
-30.5034
1.19904
19.2323
7.03262
-4.60185
-26.6605
0.0736755
-35.6676
-21.8011
23.6275
-22.7535
-22.7914
20.7114
35.2832
8.68513
-3.57575
-25.4441
-3.34016
8.59687
35.789
19.5249
-24.4302
-20.8524
22.8817
-22.0125
-34.8864
-0.968441
-29.8816
-5.76829
6.13076
20.1563
0.384714
-30.5693
-53.4066
-31.5785
-34.2623
-54.8645
-14.3902
-11.4454
77.607
13.944
-17.2689
0.796293
-15.4804
3.81382
2.71111
11.1221
-28.4033
16.6621
-6.32054
-46.7633
12.5861
-0.736273
-30.0892
25.3134
-10.2804
-11.8642
37.5811
0.00787487
-19.942
19.7955
-16.3657
-0.904619
-16.3976
53.1927
59.8029
9.53983
-13.3084
33.9802
10.3739
33.3792
-8.77973
-3.05587
-16.3802
1.97382
-15.5959
-23.3147
-7.05804
-9.41572
9.48842
4.82222
7.37643
-8.81185
-25.7206
7.22063
20.3603
5.12467
-17.8627
10.1176
-1.54909
7.2136
25.6302
-43.9912
-10.0744
6.45807
-53.8137
10.5353
2.87961
16.6682
-39.1164
-32.9439
-32.4327
12.416
14.5547
37.5175
4.3334
-8.40827
0.636518
1.91764
-27.2426
11.2368
3.28572
7.76033
-16.3682
38.0052
-4.56022
5.56609
-20.4728
5.18342
14.2836
-12.7306
7.75261
67.0029
-4.02118
-22.1101
39.1394
-1.65704
-14.4385
9.3182
39.0116
12.977
11.5241
-21.5764
14.4335
-0.79079
-60.2564
-12.1141
-15.4127
13.4539
-31.6078
-1.2257
-1.19292
-23.7938
-17.2563
-12.0973
6.75721
14.5409
-37.1107
-39.5266
55.9038
-19.9076
23.7813
18.1092
-15.8385
18.1515
47.0099
16.7028
37.7113
-28.0319
-1.22671
25.6426
25.8852
-25.8328
-20.4343
1.93849
24.9554
-67.8363
-8.49634
-6.91158
49.1047
19.7296
-23.1306
62.4777
1.99175
21.9314
-10.4709
12.0234
-0.681051
-7.19734
-26.458
46.8352
-31.2542
1.75212
-1.51793
-16.6519
68.291
3.71677
-24.0623
7.83514
19.6044
6.12773
8.67609
24.9252
3.07597
-59.2721
7.44229
-26.3264
27.4715
-34.2471
-4.42535
32.4202
-5.37909
38.225
28.4952
-0.992143
-38.0052
-11.9233
-24.0853
-67.9758
5.86554
21.7001
-41.5358
-4.4945
-21.1261
-1.71345
-6.28178
25.5561
-22.3821
47.4467
-17.4904
-5.5877
46.2778
13.4599
44.4022
1.53102
-28.3872
12.8039
39.8388
-15.3534
-1.26207
44.7747
-10.7471
5.38075
22.1034
-16.061
-49.071
40.468
-42.1499
-3.65175
-14.4441
18.8443
23.5685
-21.0887
8.37722
-14.998
-14.7341
-11.3247
-6.65576
-11.2152
7.13488
-4.05698
49.2848
-24.1821
-8.53446
9.6251
-18.6053
7.18885
23.4836
1.81515
60.7431
11.565
5.9023
29.8914
-18.3557
-16.4779
28.6866
-5.82135
67.885
16.0376
28.6814
10.5247
-17.8728
13.5648
-4.73629
-34.9808
-7.94035
56.2252
-20.6355
14.6211
16.3966
-17.7159
16.8303
-23.1864
52.7806
-0.63848
14.6862
-7.89024
3.8713
-42.1487
0.794484
8.39039
16.307
41.6577
-22.5247
14.6671
-65.8404
-41.5462
-30.2256
3.08475
13.8831
29.3688
8.78424
-3.82536
-17.1408
-47.2032
5.75292
-21.7476
-60.9927
-9.46928
-9.37465
37.9162
11.491
4.85971
29.8204
-0.559817
-11.089
-6.08198
25.0133
8.96936
37.5202
-42.7542
-69.9495
50.2949
-34.6854
-28.1214
8.51505
-31.7169
-12.9625
9.76814
12.5723
9.5347
-48.4325
23.4249
-11.5707
-14.192
-15.7513
4.32041
6.22051
-17.2432
9.75201
-18.5673
-3.33725
-23.3102
1.77881
-16.2033
-14.0542
28.6444
-43.1293
40.0479
-24.7113
23.5931
-6.4079
44.0089
16.4869
21.3231
-8.96324
12.7095
2.18304
-14.131
-20.117
0.0283505
-34.8029
-20.626
0.738879
-17.574
-21.2806
-35.7287
-32.5319
10.7715
-11.7727
23.0529
-26.8511
10.7026
-56.3228
-7.96394
-19.3132
6.57925
-18.5031
2.19253
-11.4321
-8.82374
28.8041
-22.2746
-29.3161
36.5033
-8.54174
1.21092
34.8042
18.1974
-7.18169
-4.1905
-11.1029
9.28963
18.4668
4.75791
-42.3686
33.3105
15.3593
-3.3068
16.202
-41.2639
1.07502
-8.54758
-29.7641
-23.7356
29.4074
29.6634
25.0673
-21.2595
35.6609
42.4974
2.37136
34.9466
-0.591967
-14.6059
-2.31704
-7.97676
-13.4751
62.4039
35.3327
7.20313
-17.509
0.658247
10.6912
-16.8079
0.169732
6.45612
14.6673
-21.4249
1.05583
39.6356
-8.73817
-15.9413
44.6581
15.1117
-15.6032
20.8666
18.8453
10.5515
10.0761
-17.6927
-15.0061
16.3273
10.7848
0.338858
-6.58858
-13.6054
19.4053
-60.0356
2.40937
-29.5035
46.428
-56.8795
-2.32358
-6.58549
27.1178
-32.2131
6.66349
-16.5525
47.1808
8.82854
-37.1821
-17.9044
-15.7766
-4.7991
0.938581
33.9738
16.3348
11.3709
-20.6328
-28.738
20.9435
-11.0572
-32.1042
-30.2087
-20.8577
2.32978
3.1655
9.57496
11.5986
-0.762743
9.65344
34.674
17.1916
-41.6822
51.5728
-53.8969
-20.2121
28.3062
-65.1011
21.8179
71.6716
-49.4851
4.4903
-8.49905
-26.3389
-44.3852
13.8783
2.30304
0.305255
-4.32283
-1.53988
-48.1817
-26.5071
-14.3917
23.1784
6.52015
5.7452
-3.22288
-16.8262
-4.52599
-51.4932
22.1301
-20.2063
-13.1416
0.0739418
45.5461
-5.86121
-30.2697
-6.75373
-2.13938
18.7921
11.759
50.7027
10.6476
26.4417
-19.2536
37.6915
12.1387
-22.7031
19.6361
10.9976
42.472
26.5798
39.5511
18.6229
-7.67349
4.0674
25.7501
-2.00787
7.33321
-13.3125
10.6981
24.8461
-3.39604
-7.11421
16.7692
-20.7617
-14.7266
11.0268
13.135
-1.79378
3.24389
-26.6022
-1.05525
-14.406
42.512
2.72695
-12.1482
40.5859
-33.8965
-11.8645
-11.0971
-16.9688
-15.6826
30.7533
-4.38744
-20.4371
-8.22891
-6.72876
0.646198
-5.06586
-9.60142
5.70863
9.18795
-19.0822
20.7026
12.094
11.7725
-9.85839
-3.5817
12.3563
-8.29799
-38.7576
-22.8891
-8.20676
61.3366
2.65102
21.6244
44.0878
37.6512
-23.3245
16.1385
51.3986
0.917512
9.30229
25.8578
23.6091
-42.7693
-16.6858
50.1192
-3.43885
17.9237
34.6309
-31.0046
17.111
2.34533
-57.4931
-19.8141
22.6526
13.865
-1.02334
24.1677
-24.5843
-35.054
-12.7258
-6.65697
4.54871
-35.8124
15.6656
-8.37417
2.64865
7.35589
31.7693
-3.34226
9.88335
46.5096
-45.4605
-51.139
33.5523
-0.459873
-3.67107
11.4229
39.3681
-7.46921
1.22214
-5.21257
22.8084
-21.883
4.15765
26.508
-41.5333
14.8811
2.94341
-32.3195
-0.360006
-21.942
-14.4177
16.3469
10.3272
-26.8623
8.68949
27.7682
-16.4086
10.1113
-20.3387
9.64823
5.14033
2.09325
-37.6325
-9.67586
17.6942
13.3324
38.172
47.8177
8.95243
-1.09158
-27.2305
6.57205
-11.7763
2.83824
-18.1086
7.68424
22.0738
9.20997
33.0645
-6.72441
-26.5143
-7.33921
-19.8846
-23.9635
-36.8459
2.1929
18.1281
10.2582
17.9608
-30.3027
17.6902
-11.9029
-5.4175
6.70877
36.1947
-40.4834
1.87889
17.3989
-8.46963
-1.20479
-40.5494
-20.4073
57.3544
7.47395
5.20823
23.385
-5.70271
-26.8536
-10.709
-19.8858
74.9361
4.14148
10.2144
22.5905
-7.16672
-37.845
18.2096
-25.0349
-10.2508
-39.9313
-25.4118
-20.4629
13.4488
16.2065
-1.61189
3.32487
28.2759
-52.2215
-27.6994
-13.5482
45.861
47.0484
-22.7092
-10.818
18.0066
-24.4396
-20.345
-45.6958
-8.45626
15.171
-20.4115
3.02947
3.8158
17.871
12.1726
16.4581
2.68815
28.7422
-22.6906
17.8692
-0.486352
-22.774
-28.2412
-46.2915
-3.05498
-4.58959
-15.3577
32.0834
13.95
0.150169
-4.90764
-22.8172
31.793
26.9416
1.3938
25.2485
13.4466
28.7795
-25.6569
16.5582
-18.993
-54.3814
16.3337
-24.7557
6.05058
-15.1947
-20.0043
-20.2905
-5.75216
-60.8501
-5.2346
32.6427
-46.4562
5.5309
1.87334
37.8703
-26.7258
9.29932
-2.21821
16.2118
-15.0039
-25.7534
0.171443
-19.3946
-3.29096
-19.2736
-6.8487
9.56196
28.9608
-47.3745
-13.8094
11.9359
0.437461
-29.8188
6.28219
-25.7113
-15.6359
-19.7148
6.46335
-5.72035
9.76938
-6.74972
5.05138
10.1582
-19.8226
18.2321
50.0841
-22.7755
-29.272
-54.1878
31.9282
46.7095
8.89889
17.5964
24.9264
-22.0123
5.09326
-20.6687
29.1278
-24.5733
-17.8884
-9.17176
-38.8087
9.48654
2.80007
-12.1029
-50.0897
-2.52695
-6.97905
9.32975
4.29854
25.5996
3.21011
1.61668
13.2835
-4.50517
1.19129
-12.2973
36.2423
-8.13373
-13.8674
-49.68
7.11384
-2.60563
-3.84236
16.6891
-11.0218
12.6073
10.8699
7.85215
-19.5512
-9.15891
-27.7756
3.20167
-11.6333
-2.57628
-52.6943
-14.8267
30.2846
-0.337966
6.66835
2.03454
3.07843
24.7588
3.46474
42.7141
5.85919
-44.8958
30.8155
12.8937
40.31
18.2031
36.558
-11.6075
-38.2519
21.6768
-7.55687
-39.108
-12.9309
-40.866
-61.4418
-31.2145
11.2333
-44.0422
-12.413
-33.1875
17.9869
20.639
6.22731
-30.4216
-14.0282
-1.26263
12.5812
2.98091
7.85792
-21.8509
-8.1967
5.5155
34.3
-31.5099
-30.2478
-30.3976
-32.2072
52.9588
21.7349
40.5545
-56.2455
-26.9586
-23.65
13.3041
-10.5414
-0.710621
10.1882
35.4402
-2.79949
6.45788
-24.4968
22.7679
38.5354
-16.7781
8.10508
-9.12054
10.246
24.8517
-15.0573
31.1463
-22.5424
8.88403
-0.87653
23.3423
-32.8095
2.11292
-4.98326
-17.9325
46.9053
-30.6138
18.9187
-8.22957
-1.82612
10.1672
-13.2257
-0.305157
-4.46777
1.48816
25.7773
11.9258
13.1215
-32.1616
7.3539
30.7338
14.6122
4.06942
-14.837
-2.91765
38.5775
-37.7003
-11.2967
-62.2318
13.5807
24.3022
1.96603
5.022
2.28323
2.00345
64.6388
25.8048
27.4766
18.7346
11.8558
9.91219
26.5558
18.5775
-24.9288
15.1185
-25.0694
28.7487
28.0926
-4.41857
3.4335
3.73837
-7.49074
-26.2635
23.8494
-2.33427
-21.5855
-15.8847
5.84592
7.15883
-3.71519
-5.67393
-1.42535
-16.6695
23.9067
19.1613
7.30376
-2.76
30.8856
19.401
40.7905
-19.6622
33.8243
13.0238
-12.6356
-33.3498
39.8791
-3.74114
1.99271
-8.80327
5.15953
35.9066
-25.0106
-4.07792
-29.551
-1.02705
33.7622
8.10411
-25.5008
20.1023
41.6883
-12.0642
43.974
-12.9795
8.07283
40.0668
12.882
14.8476
20.5131
2.22182
24.2528
-45.8637
-16.8164
21.1383
-2.015
27.6999
-0.880654
-20.7665
-17.1793
37.4291
-27.4343
4.80758
11.8199
10.0062
-27.3183
31.9121
-52.3675
31.9476
1.16041
-19.4183
37.7711
-23.8598
-26.2226
-9.96447
-6.09461
15.7566
-32.0488
-7.60175
1.01141
-41.356
-41.9828
22.8046
-11.4188
-21.4245
4.95799
36.0992
50.5547
6.1144
23.6933
14.753
-33.8734
-8.36084
4.01113
-3.3629
-15.2323
-17.333
-4.16946
-32.2805
-22.6482
-41.0074
45.0892
-1.56468
-5.46762
-39.3486
14.7055
41.3779
0.222777
-7.12875
13.453
42.6381
-23.7298
25.1279
3.69068
33.9707
-38.4043
1.63899
-25.9617
-24.3299
22.8987
-15.4838
-35.5825
-30.3961
-5.75221
20.4876
-8.37114
29.5796
6.57377
12.0791
-10.339
-12.437
-1.52843
-9.75382
-3.55563
-25.5159
-5.52293
1.66261
-39.8061
-18.2647
2.21342
-7.44564
-6.43671
10.3005
22.0041
-22.6549
-38.1115
-43.9651
-22.2101
-28.3956
-19.9355
18.6866
3.96276
4.31878
-25.3178
-9.29177
-14.2299
-17.6799
4.17058
-41.8407
-5.93363
7.3229
19.4144
-19.9346
-29.6238
13.3206
4.46814
-33.0767
-29.6014
-9.89757
-44.5433
-5.7241
-39.3203
18.8064
-5.40415
-15.6253
16.1917
-52.9479
-31.5734
16.9228
13.6585
-10.0565
-30.6034
1.05997
3.77684
-29.5721
-25.1548
-21.464
16.2645
-17.8848
-5.54253
-5.50647
-1.9822
0.243394
-72.1011
-18.7476
24.4173
-11.518
51.2169
54.8016
-5.20231
-38.2303
35.6849
7.40185
9.45742
-5.34031
41.9254
29.8308
5.77647
21.1297
-29.7043
-20.8279
-26.7388
29.8456
1.72242
3.76973
3.17382
0.00351223
24.1248
5.61323
7.70187
19.4381
23.4639
6.21176
5.57527
4.07737
10.4955
18.1862
-5.09079
18.7111
4.24981
-20.9264
8.85449
24.7492
-16.3152
1.29289
12.1077
-0.501809
28.1619
15.7001
21.5608
-38.8668
-10.8925
-25.0871
9.91745
10.7637
69.2167
34.0046
-47.6202
-19.4456
8.62175
-21.9415
-18.4235
-1.77545
-14.153
-2.17422
-17.658
-23.4089
14.2242
-62.5151
-24.1546
35.93
-45.8481
-11.4693
-24.2784
-5.6588
-28.521
-8.56356
-27.7588
41.8652
-46.6873
7.33342
-15.3451
32.5521
1.11986
-63.2211
-68.8963
-19.3953
24.9234
-7.52528
-3.59243
25.3426
14.9034
22.8875
10.7392
-4.8066
24.423
-28.2531
5.468
9.57237
20.4357
49.4285
-2.47837
27.6319
0.591245
8.02802
-9.93531
18.9988
46.3544
-46.692
-6.91093
2.78926
-45.1642
5.39815
28.7739
-22.5581
41.6386
-0.301776
-25.4388
3.93963
10.3956
5.60401
-45.5673
-23.8004
-48.3424
24.2637
2.64371
-15.3482
-23.6942
-17.7688
-12.7929
40.9572
-1.35398
5.95701
-14.185
35.7378
-37.5234
-76.1884
-15.4318
48.3488
-13.9066
39.6763
10.3652
9.08306
39.0255
5.98905
11.5276
-5.95538
9.45363
-25.728
-21.9988
18.9052
28.0387
-17.4207
8.49471
-16.9468
-9.29929
50.1254
15.3442
1.37555
-5.49145
-2.84974
-26.5343
14.4692
-22.5628
4.10894
5.44497
-8.20972
-17.108
5.88004
-19.6243
4.01203
-11.7305
-6.1351
-39.1372
-36.6551
35.5633
16.1093
6.86574
-10.0822
3.06609
-8.66112
13.6111
-7.28729
22.0967
-9.67241
51.0912
9.85479
-2.43558
-50.8201
-37.0969
-12.1708
-12.2892
54.306
33.6435
24.0001
28.5078
14.0201
35.1618
-51.9898
-8.24468
-20.5448
18.2051
-16.3366
-28.8297
3.69098
0.0855476
6.32785
7.33754
54.2309
-15.2538
-0.131887
-0.433439
-10.9883
17.4748
50.6541
-21.9193
9.09008
5.86407
25.7261
-33.6479
-25.8766
13.528
-38.6689
0.545966
5.96109
-33.4158
-34.3227
-47.6986
20.7699
-32.3304
3.68449
17.7236
-33.1277
-1.58028
-4.3544
14.3788
24.2766
4.9854
7.84871
-21.1473
54.8571
32.2959
18.0563
-18.7645
74.1865
-0.55509
3.52338
34.4667
-2.82923
49.9701
16.2367
-3.46906
-2.6607
-30.8299
6.6936
-51.5321
-10.2225
-5.67024
36.2388
23.5134
-12.8148
-25.9898
-11.5034
-12.8152
-32.1619
-69.4496
-27.2715
-6.9076
1.22357
22.2267
-4.72294
-0.36947
48.2134
-11.0502
3.82422
8.37546
6.57716
-33.3812
15.9705
12.0943
-6.1694
1.45207
13.5421
-20.929
-23.0573
7.8563
-19.0087
-39.2578
-56.7501
-17.1809
-22.8785
14.9923
-24.5906
36.9576
21.164
18.647
-9.61739
50.8035
49.6653
14.9379
29.8099
-23.0346
-14.0093
9.69267
-16.5332
-15.0266
-11.5233
7.45248
15.4738
7.61013
-15.2158
5.03961
-40.8444
-0.56493
-1.73903
-7.46529
10.0619
43.9065
5.10864
-37.5938
-5.83779
-21.4155
-29.8267
18.3966
-28.6976
35.1623
-10.2373
37.8908
-1.60403
17.9559
31.6751
20.7397
-24.5025
-43.8663
-22.3752
-20.1552
0.967507
-17.467
-36.5869
45.152
48.5105
-12.4456
-31.3649
-25.1291
27.007
-7.80416
-33.4383
19.118
-19.6296
-8.56625
7.6327
6.14435
-3.76469
-2.44799
-7.87083
19.8469
6.44564
23.0381
-48.8207
-6.92479
-16.4968
17.6916
-18.3686
-9.66555
16.3745
-38.8271
-3.73989
0.302301
-5.42095
19.3828
-10.0854
36.3148
-3.05744
47.8077
-13.4114
41.179
-5.89593
6.32148
50.9546
10.4087
-18.7477
18.4737
34.2977
53.3384
45.7278
74.1406
12.5928
-37.8638
-50.8986
-9.3803
11.8763
-6.68492
39.8831
32.1835
-13.55
73.7405
10.1205
-27.6304
-5.45401
-3.61775
38.7378
-16.0992
-3.9712
-57.0935
-19.0606
23.8234
-0.283413
14.1013
-6.32765
2.96874
33.1463
16.5764
-5.75325
11.2132
21.3175
-47.1698
1.87294
-18.6076
18.3036
-26.7993
10.5866
18.9825
-15.2511
36.4286
29.3583
63.5017
-39.8901
-9.93611
-6.14681
-20.3671
-19.6288
0.0655943
-7.10706
-39.7064
32.045
-30.4969
0.716307
7.8907
-27.166
53.9542
-21.702
10.4399
-23.1265
-5.85387
10.4654
15.6556
-27.9917
43.7873
-49.4988
-8.01046
-28.3313
13.576
29.2231
5.50234
-0.875674
61.0633
-32.7932
-0.817508
68.541
-2.67937
2.52426
3.85435
7.26567
-3.99748
27.3277
2.96381
-7.50053
13.742
-18.8853
-38.7781
14.616
2.39793
40.6368
21.7677
14.5329
-11.5225
23.9727
-11.4652
40.1618
-10.4294
-1.6845
-16.2221
-42.3418
-47.9049
2.11566
-9.84444
-16.8008
22.7084
-1.21309
22.2946
-12.7089
9.3781
10.9428
6.78161
12.9822
-11.051
31.3308
11.8281
62.2658
8.59449
-30.1543
7.74194
-14.0672
25.1984
17.3279
27.1263
-14.4022
15.0505
-16.76
-40.5321
-1.2899
48.857
4.90197
-11.8559
-4.27041
6.9846
-29.3578
-14.5438
-12.2369
-4.95367
39.1325
31.0926
2.96459
-9.50189
-6.23816
18.4429
28.0972
16.9788
-28.9613
37.4005
-46.7103
-22.6498
-9.87205
37.4288
6.13158
17.5255
15.0576
6.99342
25.7559
26.3806
-7.81253
39.1296
-41.1132
-35.1984
-23.085
12.6099
35.9995
-39.571
-4.00397
-45.975
-18.0958
2.18236
-9.07173
-9.37975
6.39281
44.586
-32.0696
30.6272
1.00171
11.3043
22.1203
-19.6783
2.33291
-36.4937
34.534
10.7508
-14.1836
12.3241
-9.19401
-22.5055
-1.32792
18.025
-19.4319
-7.84964
9.85544
3.2086
-16.895
-11.8674
25.978
-16.5498
52.5188
36.7553
37.3691
-6.96444
-25.5621
15.553
-6.1622
0.272977
-34.7441
7.89417
-25.9196
-16.4662
-11.5117
12.2536
-7.24126
56.4299
-11.75
-14.1481
29.09
45.2206
4.54231
40.1164
-18.3695
-4.31377
25.1575
11.981
-10.2052
23.7011
-21.2419
-18.8346
-18.1192
34.0047
37.1937
-2.00354
13.9011
-13.9962
-12.399
-9.76284
44.187
-5.59891
16.0796
18.5673
-42.0789
-26.8383
-14.6073
4.91827
1.68907
-8.54501
-15.938
-7.98725
-6.94864
31.4634
-19.6642
-36.0119
-10.8895
15.2203
-3.59475
-5.0558
-10.4106
5.89203
33.4162
-15.0034
-19.4685
20.117
6.9277
16.5752
39.1607
-41.2696
10.9625
-37.5509
-44.9665
-49.1591
-6.12056
-28.104
38.0394
-17.3105
-30.7335
-21.0351
-0.0647787
-4.21694
-28.0121
31.503
4.07685
0.988798
-11.5722
32.7418
16.5479
5.96631
61.0568
1.75404
-25.7129
19.6332
9.05755
-21.743
26.5491
-45.2921
61.0672
-4.43029
-0.695865
8.85292
5.71024
14.0296
32.0918
21.6858
-18.0015
-9.16818
-10.4631
-39.7254
-39.5218
37.4506
16.2958
12.1485
-33.8911
-29.3385
38.7469
17.0638
8.00494
43.9286
53.1252
13.6949
-12.6241
25.2626
-25.4573
-5.4823
21.3666
-20.7633
4.86124
14.9905
5.84309
5.28144
-24.2055
-20.3743
-39.2398
17.5287
-9.97311
-29.5964
28.4716
22.7924
-31.0676
16.005
-4.27744
-17.8217
-30.7604
5.20562
-27.3324
-12.7608
-18.5589
-37.1351
1.21208
4.96153
-3.81672
39.0179
1.78631
-22.9816
-31.9938
34.7801
30.9909
27.6603
39.8752
9.75072
-8.57345
30.5153
18.9151
16.9621
-31.3579
-34.0136
1.06392
2.72949
-10.4298
-0.815642
-8.75195
6.25761
46.697
-6.94716
-4.62189
-28.3942
-29.1735
-7.15114
15.9223
17.1872
-27.2092
-27.1517
-6.79567
61.362
-21.9754
-2.26961
27.2469
-29.2627
29.5042
-13.6218
-25.138
15.8645
1.41061
20.8573
-48.3587
5.57205
4.47112
31.7198
33.6855
-36.5894
-16.0767
-15.4058
16.1214
13.2332
-41.3311
-8.42838
23.2667
10.218
-25.3246
-17.2184
-14.9771
-11.0429
20.745
13.2134
7.1227
5.87069
-5.84473
-4.9557
17.483
18.9674
-7.33139
20.9759
-13.5159
59.9232
15.8026
-32.325
10.1105
-4.52207
-5.99356
-26.4753
13.8223
26.5461
61.3568
22.1019
-27.1504
13.3578
-49.6573
-65.0348
9.93542
2.02939
-16.8945
-12.5353
-17.7782
-7.12675
-46.5321
19.0777
23.831
46.4352
-18.4785
-15.5218
-67.6028
22.6519
-31.2669
-31.8715
22.9392
18.2138
-21.107
-41.7589
-9.35353
-5.15253
-6.84742
-10.1906
