-19.4868
-18.5096
-4.62873
-25.8106
42.434
-3.67095
-10.2373
-13.6883
8.02248
-10.5624
4.96758
9.49863
2.49416
-5.22917
-3.84437
20.1853
13.1461
-6.64188
-6.6857
8.70557
-0.206761
12.7187
7.20922
2.20976
-7.64695
22.0842
22.366
-15.5737
4.51809
-7.49688
-23.3374
13.2564
2.26944
-9.05803
4.55835
-5.76171
25.8396
8.19828
13.6839
-15.9436
6.55907
-0.0203429
-7.48571
5.93329
10.2049
8.03891
-10.9982
-0.591227
-46.6724
-3.57712
-16.2989
-14.9589
10.2529
-9.31043
-2.44862
-5.42781
19.8868
3.43987
12.0673
1.85217
8.06515
0.270091
11.4489
-5.92389
2.89561
26.0731
-4.00766
-7.59884
-8.87003
3.25339
-20.2159
2.69112
-15.5373
0.0351508
18.0088
3.55199
5.55501
7.91141
-7.32356
19.1064
5.1196
-14.835
7.06915
-2.16805
-5.91004
5.7696
39.3701
0.573262
7.15766
-13.4687
-9.26664
1.48482
17.4682
-0.481951
13.511
13.7328
20.3196
-8.8613
19.1293
9.90312
-1.21486
-3.56887
13.3448
2.95187
13.2211
1.57732
0.262839
-12.2422
7.12787
13.2256
-15.9698
-22.9721
14.0642
6.56609
16.1508
27.497
4.7289
14.35
13.5797
-5.54858
-7.80909
-4.16096
-4.58354
-11.024
9.40849
-7.26755
-12.0938
-7.96653
19.6297
3.18352
-10.796
-0.220253
-8.90618
10.2814
5.84713
-16.5105
31.9877
9.08574
-13.7556
-5.14454
-13.8716
13.2562
-17.3941
-2.63531
-17.6897
1.55349
13.9522
-1.24019
4.85218
13.4458
6.74931
0.867617
-5.3266
0.119326
-19.6522
-4.49565
-8.05644
10.669
5.89845
5.26539
-4.96456
-20.9704
12.2585
-18.1833
-9.12566
-4.14923
6.60353
-12.8439
0.241618
-15.4708
2.82811
-4.54942
19.2425
-3.34291
8.56894
18.56
15.4813
11.135
11.3017
-11.5767
-25.1673
-2.59202
5.12671
-9.13126
-1.47349
-15.8565
-2.73039
-3.78962
6.39178
-22.4553
13.4396
-0.465784
-7.5756
13.7511
-9.37475
-2.6373
-17.556
1.95397
-16.6086
2.32258
-1.89523
-10.2568
1.72036
10.2675
8.74596
-0.320823
7.96234
15.5087
-2.34241
12.1281
-9.67783
13.4458
-22.5921
-0.0561548
-20.5974
10.4774
-21.0256
-0.265834
1.81016
-17.0361
-9.57403
-11.8572
-4.6498
-11.7514
-11.4847
-14.9253
-11.4525
-12.5546
-6.70903
-11.8188
2.74123
5.9564
-5.40224
-2.91418
7.50542
-13.4148
18.7236
-2.73544
-8.31578
-3.21863
-5.12271
4.67661
15.0798
15.5971
-8.41263
-11.5262
16.1585
-1.57162
-18.094
12.0358
8.00971
-12.7531
7.20508
8.9446
2.38697
-19.9048
-4.734
6.25022
-0.774325
-1.00129
28.6704
15.8423
8.31579
-20.1656
-12.7518
34.1638
-7.67886
2.58633
-4.07418
-7.52323
3.1828
-14.1152
-3.45305
6.65085
28.767
2.68431
-9.89418
-22.7832
15.7944
10.4251
-10.9653
-0.181082
-7.4785
-6.88583
-10.099
15.878
9.72577
-2.54333
-8.3595
22.124
-0.199433
7.4389
-25.0397
12.119
6.45146
-3.09117
-4.47394
-19.1559
2.93926
17.068
-7.43933
23.5924
-2.58474
-12.8944
-12.6214
-23.0536
7.64776
-8.37424
4.71653
-8.61493
-6.43435
-6.50195
-21.931
-4.34321
18.0102
2.56716
-6.24497
-14.2414
17.9104
19.6979
-11.5387
0.809297
24.3411
-27.2439
-4.33291
-18.856
-0.589706
17.9785
-5.13786
7.3198
-5.77561
-12.0904
-2.66978
-2.34754
-28.6814
-4.49151
8.12584
-15.2252
34.5798
-8.06246
-3.70328
6.36772
-7.96175
-17.9657
-10.3097
3.89086
1.00966
-18.9001
-5.73889
17.9291
-2.24597
-21.6723
-8.06806
-10.9943
3.17175
-8.86382
-10.0134
6.45149
-1.46363
16.0842
10.6194
0.855763
1.25369
16.6276
8.75945
11.77
3.57007
4.39015
-16.2671
-6.15672
-4.8019
1.2407
9.6487
11.8974
-21.9969
-8.8334
-3.62209
3.87781
-13.2546
-1.73663
-11.0367
-2.84382
-13.8708
-0.391152
5.82149
-10.0212
-2.87571
1.95201
-6.03659
12.5929
-25.5079
-25.9161
-14.1588
-14.138
-4.46407
0.566555
17.7895
2.67699
-22.823
7.1446
7.84133
-6.47205
9.62807
-1.22967
3.47615
-11.5483
-3.40826
18.2264
-14.2318
-3.00692
4.9803
-9.6495
3.12166
-2.68791
0.224695
3.25326
19.5557
-2.96856
-15.0289
-2.19011
17.9196
13.1812
7.34077
9.41223
-16.7144
12.3394
11.062
-18.3023
-6.7123
20.0304
-15.3735
4.36467
-21.8798
28.6517
2.17577
17.3235
-7.52222
25.8728
4.13426
13.1638
4.59596
-7.04368
16.1344
-4.49891
17.8181
-3.85954
19.4568
-6.62031
5.51102
1.39553
21.3987
-14.5579
-10.5274
-5.303
10.3084
3.20789
5.8469
-1.98577
-4.84069
13.3918
-8.23938
17.5564
4.64707
9.58276
15.931
29.3016
4.43481
-18.8458
1.41541
-17.6004
-11.692
10.6855
-0.605711
9.62833
-1.06634
-6.62049
3.31914
3.50397
5.53484
-14.0285
-12.2876
-24.7759
0.0924169
-6.35831
12.6479
-13.3948
-5.95618
2.98187
9.06655
10.6411
26.111
-0.516654
-5.53352
0.0175312
4.82786
-10.0975
-12.4169
-6.43654
-1.77816
-5.31414
-43.6166
22.93
2.32227
-11.8009
-8.93884
-7.36088
14.4742
-2.12254
8.42408
6.30592
22.9531
6.17934
4.97557
-13.1244
-7.39963
-9.29205
11.3767
-12.1769
-6.357
-24.9254
-5.46028
-9.20913
22.2422
6.88881
-1.22123
-5.12755
-3.04015
14.6075
-2.6564
8.28159
-17.0467
-18.0831
-1.8644
-17.2045
12.9077
32.7327
15.2295
0.744155
-7.90154
14.3023
-7.44781
15.2871
-10.6479
-8.64963
5.05111
-6.37118
0.954257
-7.69292
-11.8085
-11.2111
18.5012
-4.88085
11.8566
-2.72772
21.352
-8.50639
11.557
-10.6165
10.4653
-4.19661
4.42832
11.7332
3.98775
22.4929
-13.1698
15.9661
-2.1652
26.0775
-25.7468
4.37004
-18.4981
15.9793
-7.0074
-30.7229
3.02814
4.88486
-16.6608
9.94406
1.49082
4.82632
2.15396
-7.35798
-16.9178
3.73395
22.3144
3.75091
-0.621099
-9.64764
-4.38176
-10.8029
0.669477
-9.0352
-20.8239
12.7141
-29.9885
-18.7194
4.03971
-8.04987
7.32727
-5.98901
-0.10888
1.88908
-24.3978
9.82168
14.56
-3.71767
-8.53055
-10.6242
-10.2486
-20.8596
-6.15918
20.7177
-8.78216
4.48481
-0.388096
-11.1513
0.617347
-4.04615
-11.7782
1.06274
-8.95406
-1.73149
-23.7081
0.782589
-15.3603
-15.3858
-17.8102
15.0277
11.7094
-1.01127
-0.867588
-5.30183
-15.0676
4.94958
6.11938
10.3075
9.77809
13.0758
-3.744
-3.39571
3.02621
10.1309
-9.75677
-3.35011
-11.2064
5.20308
3.06774
-10.8669
-11.2168
-9.3614
1.28819
15.1562
-16.2192
-20.8583
3.46297
3.69423
-6.29287
-5.884
-6.55516
6.8339
-1.72303
-6.20849
39.7646
-22.0862
-1.58083
-2.82152
-31.2522
6.34177
0.876066
-12.885
-0.642827
15.069
4.27078
19.3588
-4.71611
-15.8263
1.55971
-11.7626
29.5944
0.000973819
-7.12066
18.1473
15.6008
-14.8346
-11.3749
1.93482
14.1708
-7.68604
-24.7551
0.0615112
-8.77322
-15.7887
4.62756
-10.1684
9.71466
-19.2713
-2.17284
-10.072
-1.14504
25.6202
-14.313
25.3265
-3.98849
-23.6439
2.75178
-0.201812
9.59668
8.29262
-17.78
13.1757
10.0987
19.952
-13.6438
-1.77777
14.1975
11.7071
-4.73636
-6.90158
-13.4288
-3.57717
-7.67514
10.8286
1.2453
-30.4309
10.1542
7.53239
24.3209
-7.77007
-11.1954
-4.37002
8.22522
0.033612
0.871122
-0.670056
-5.23015
30.0152
-20.7818
-24.7168
9.30314
17.702
23.9145
-6.01082
0.35861
4.84583
-10.2524
-13.768
10.1133
17.817
7.60551
-12.2111
10.1285
1.31416
-24.7214
0.464172
20.2007
-8.55019
-5.31159
13.529
5.64064
-7.40196
-4.72319
-0.809487
-7.76614
1.91132
18.2125
-13.1267
8.5535
-7.30376
-7.90201
8.19665
-1.48835
-10.6145
-2.1001
-24.4498
-6.91623
-1.63995
-8.19274
-7.72265
5.65762
-16.1568
-6.30336
-15.6711
10.5113
-6.04175
-16.0218
9.45721
-14.3175
13.0198
-4.73354
22.3725
-4.81375
5.44761
-0.0885087
14.1319
7.57106
-0.680061
-0.35494
-0.900834
-6.91797
-13.7878
-5.59673
-0.0637711
-5.6425
5.76438
-12.5896
-1.05773
-5.66391
5.52496
-9.07789
-2.9823
5.11819
-47.8872
-7.35434
-3.38474
-6.14068
-12.3458
5.62202
-6.73482
5.00398
1.35541
-22.7808
5.18777
13.7701
16.7719
7.23718
11.5065
-0.948347
-4.78879
15.0779
-5.151
-9.93094
-10.9085
-1.43029
-22.0983
8.46862
-9.57001
-8.40837
-21.4255
14.4951
-10.8533
11.6834
10.0151
10.3756
13.1952
-1.97507
-10.1273
-19.4014
1.56223
-11.3098
8.5539
11.8916
14.0671
9.21694
4.65847
16.7527
2.49744
-21.2296
-4.58173
-6.68526
28.7728
-7.26071
4.25179
-15.5219
7.48307
33.1273
-21.0519
4.63893
8.51706
-8.92919
0.936139
-6.11132
-1.13016
16.7623
-11.8865
-18.2515
3.03419
13.7989
-7.36353
-4.21524
-2.12068
-3.50489
-2.71007
23.2139
17.9346
13.2441
20.9026
22.9235
5.58965
10.4914
-23.6847
1.00317
26.0997
7.70647
-4.05929
5.09773
11.3654
23.3673
5.74451
0.462155
-4.0302
-3.06665
8.73238
13.0837
-16.6947
21.7475
12.4605
13.3701
-6.46072
17.1503
-6.31686
-10.6426
-13.1749
13.4362
8.88885
38.3746
4.05645
-12.0825
-9.15411
6.06677
-22.4857
6.84782
19.0545
-7.55692
19.9662
9.49142
6.20788
13.761
-9.92298
-21.9086
0.630966
-20.2846
9.37197
-7.05568
-6.14478
-1.2484
33.0194
-4.66607
-10.3939
10.5951
-7.02236
10.3034
-8.22137
6.39427
3.88452
11.8829
-6.3386
-5.59177
-16.4327
8.65547
-20.4573
-12.2369
6.66358
-43.8947
5.28624
-10.4275
11.2049
6.65517
7.96252
-6.06556
9.06225
11.4884
-6.23106
18.029
2.58512
20.4301
-8.26592
2.75467
-6.75111
5.59913
10.8569
-25.639
-4.37236
4.28481
-10.979
27.6152
17.6759
-7.92306
-2.35487
15.0499
4.68781
-2.73838
7.65775
-8.51935
2.77314
15.4122
20.2388
-5.67927
-11.4389
4.55888
-0.541447
-2.23699
-13.3568
1.94084
-1.88391
-10.3606
-0.221354
31.7253
-42.4523
-2.36386
-20.9372
