0.255743
0.0822518
0.508932
-0.0457298
0.320145
-0.942181
0.393549
0.314434
0.748953
0.825643
1.00322
0.716495
0.435333
0.151018
0.195688
0.522427
0.397554
1.03771
0.0725019
0.491761
0.963131
1.34375
1.92482
3.88739
16.7674
99.2396
-18.4996
2.75432
-1.32349
-3.4767
-3.19533
-2.55019
-2.40116
-2.13444
-2.54034
-2.58384
-2.68505
-1.73487
-1.96124
-1.92855
-1.09141
-0.0950381
1.12815
1.51583
1.76753
1.67036
0.901273
-0.521262
-5.32913
-18.672
-36.6964
33.3821
14.3508
-10.1057
-3.11594
1.02539
-0.0863614
0.712362
3.60089
2.77785
3.38929
3.65213
3.95637
2.74483
1.73267
0.087697
0.956432
-1.6788
-0.669549
-1.37754
-1.26109
-1.1744
0.436621
-1.97315
-4.51534
-4.85811
12.9567
9.95027
-3.82708
1.96452
0.550197
1.28077
1.89098
1.25432
1.67471
0.763533
0.931317
0.603397
1.40468
1.38994
0.0146659
-1.39876
-0.898295
-0.616245
1.66258
2.44721
3.01929
5.32382
1.70635
-1.95897
-12.4546
-26.7418
17.8369
-8.90959
2.99456
-1.05079
-2.73275
-0.111198
-0.621774
-1.0101
-0.29211
1.3028
0.712418
0.684472
1.68978
1.23978
1.73069
0.740803
0.708937
1.09173
2.92313
1.16314
3.71847
4.69919
10.7519
12.3886
-1.22544
-33.2855
17.7166
-17.5307
7.82675
-4.83628
0.818127
-1.73395
-3.29436
1.30004
-0.444961
1.50535
-2.44836
-0.755225
-0.890792
-2.34488
0.606747
-0.305688
-1.17924
-1.18587
0.910632
0.256675
-0.444825
1.84627
6.82401
19.4506
15.6264
-31.2074
-12.7389
10.3837
8.11277
1.22268
-2.36429
-3.55546
-2.80332
-1.76024
0.00357434
0.649359
-0.501906
-1.45146
-0.944439
-0.52355
-0.227566
0.654181
0.649046
0.529582
0.422759
0.052266
-1.34138
-1.51905
0.63861
4.43543
-1.95231
0.415123
0.38672
0.131876
0.819695
0.856417
0.984023
0.777264
0.0863288
-0.362763
-0.36181
-0.000383317
-0.154282
0.295032
0.503392
0.390424
-0.0840151
0.0893671
0.163624
0.326193
0.5919
0.386892
-0.117464
-1.17143
-1.32675
-0.121343
-0.380973
0.140883
-0.214767
-0.438515
-0.224562
-0.104182
0.0808238
0.10681
-0.253738
-0.204537
-0.00431999
-0.0908635
-0.0999748
0.0757798
0.0309979
0.0128685
0.122693
0.207291
0.51786
0.974292
0.858936
-0.184426
0.0302894
-1.32345
-0.430708
-0.463036
-0.214197
-0.186603
-0.376581
-0.234342
-0.0277135
-0.188523
-0.209281
-0.032564
-0.057671
-0.686265
-0.133667
-0.521174
-0.0530876
-0.169432
-0.148182
-0.20929
-0.0943386
0.0811561
0.301125
0.335725
0.335495
0.15515
-0.393805
-0.664423
-0.0109273
-0.12129
-0.198841
-0.112787
-0.114527
-0.255839
-0.251356
-0.150661
-0.25723
-0.285076
0.0656305
0.291608
-0.230224
-0.119107
-0.0373075
-0.242897
-0.455329
-0.111637
-0.221076
-0.155008
0.262244
0.621618
0.805206
-0.169911
-1.25111
-0.077025
-0.0854309
-0.0483895
-0.227207
-0.163971
-0.201698
0.00882044
-0.267769
-0.0584517
-0.0289366
-0.130866
-0.238
-0.125507
-0.0935942
0.328797
-0.165643
-0.114599
-0.484297
-0.133942
-0.258468
-0.151883
-0.359134
-0.178797
-0.00856869
-0.253554
0.0467135
-0.0742349
-0.134342
-0.034888
-0.0480647
-0.25602
-0.0964828
-0.131531
-0.105242
0.0150529
-0.200656
-0.175537
-0.0604615
-0.139367
-0.0466948
-0.400501
-0.168505
-0.508713
-0.0176825
-0.180122
-0.0372402
-0.392533
-0.163823
-0.0413056
-0.177989
-0.444596
0.210674
-0.317883
0.0469458
-0.114635
-0.17569
-0.0924294
-0.15522
-0.263787
0.0273147
-0.0830905
-0.216853
-0.142662
-0.181246
-0.181974
-0.153733
-0.140237
0.0663617
-0.0630396
-0.241931
-0.418512
-0.216248
0.00686552
-0.13
-0.328075
-0.391134
0.488644
-0.903466
0.516899
-0.515102
0.312472
-0.256102
-0.231858
0.00265549
-0.39172
0.13838
-0.130605
-0.427115
-0.0493707
-0.207313
-0.0865255
-0.329176
-0.161718
-0.262978
-0.273896
-0.0628363
-0.739421
-0.54265
-0.058682
0.0383478
-0.396342
-0.248033
1.45938
-1.63845
1.42442
-1.98246
1.25846
-1.10156
0.808349
0.784025
-1.39551
1.53256
-0.578271
-1.20648
-0.450912
-0.408328
-1.46251
0.627745
0.867859
1.1188
-0.535977
-0.183526
-0.211855
-1.86737
-1.8612
0.118169
-0.556385
-1.60134
-0.13505
0.556634
0.666864
0.827547
-0.121832
-1.12192
-0.677085
-0.401534
-0.363335
-0.183775
0.25533
-0.00669241
-0.270877
-0.0698531
0.102893
-0.135381
-0.289225
-0.0885675
-0.321908
0.0479011
0.136285
-0.312302
0.0564175
0.230144
-1.02465
-0.492869
-0.13422
-0.326179
0.0169465
-0.137014
-0.140029
-0.498778
-0.12516
-0.133924
0.00872046
-0.130377
-0.0448742
-0.238931
-0.191167
-0.300073
-0.317663
-0.338736
-0.155215
-0.0704505
0.137333
0.193584
0.227705
-0.504327
0.232973
0.0537509
-0.632188
0.327236
-0.581146
-0.135299
-0.167195
-0.144844
-0.1956
-0.285345
-0.453901
-0.151119
0.0488193
-0.22034
-0.617123
-0.390342
-0.0058215
0.162935
-0.530203
-1.1845
-0.866254
-0.562522
-0.226216
-0.163174
-0.282577
-0.17942
-0.330027
-0.0430723
-0.201241
-0.0951062
-0.196114
-0.154773
-0.19195
-0.0637604
-0.141422
-0.0928856
-0.150975
-0.219373
-0.158251
-0.14903
-0.0548966
-0.182784
-0.153146
-0.229848
-0.138829
-0.15421
-0.162771
-0.181218
-0.165185
-0.0875661
-0.0965046
-0.162607
-0.115702
-0.149517
-0.0419704
-0.24332
-0.137921
-0.107779
-0.174605
-0.0511034
0.039428
-0.115659
-0.181917
-0.0801325
-0.139253
-0.136469
-0.297641
-0.103785
-0.136316
-0.0398186
0.0630741
-0.12828
-0.113407
-0.176048
-0.175651
-0.323913
-0.100232
-0.136496
-0.322461
-0.150513
0.281991
-0.218559
-0.201122
-0.135281
-0.111828
-0.177157
-0.263759
-0.0665935
-0.0309572
-0.254221
-0.180967
-0.171708
-0.097058
-0.156628
-0.0999388
-0.290107
-0.114594
-0.101174
-0.257052
-0.067489
-0.191561
-0.182775
-0.532226
0.00958081
-0.32687
-0.165385
-0.38609
-0.0756663
-0.134905
0.0540113
-0.10847
-0.200001
-0.135837
-0.214121
-0.272111
-0.198792
-0.116967
-0.155995
-0.113968
-0.154146
0.93102
-0.160828
-0.156163
-0.183528
-0.150691
-0.0917588
-0.130492
-0.18887
-0.122567
-0.136979
-0.210302
0.30284
-0.111546
-0.105365
-0.115241
-0.0289148
-0.088499
-0.198662
-0.01791
-0.157531
-0.108358
-0.27056
-0.144189
-0.176325
-0.193541
-0.147717
-0.179382
-0.139033
-0.140721
-0.0731894
-0.11052
-0.110575
-0.0920655
-0.158119
-0.148636
-0.113682
-0.227316
-0.172952
-0.205445
-0.222703
0.0185892
0.148582
-0.09793
-0.0066609
-0.113799
-0.17333
-0.196462
-0.178254
-0.0731274
0.0713056
0.0898937
-0.113164
-0.201139
-0.120943
-0.293721
-0.175398
-0.144793
-0.123526
-0.534993
-0.0829042
-0.159735
-0.120355
-0.159024
0.0183294
0.0676352
-0.0865158
-0.106194
0.044954
-0.136908
-0.0573358
-0.1709
-0.248775
-0.145417
-0.118938
-0.28182
-0.561739
-0.125126
-0.0995726
-0.149805
-0.127434
-0.169722
-0.138628
-0.190594
-0.173691
-0.0473306
-0.185743
-0.377857
-0.0941579
-0.150443
0.0525618
-0.0352349
-0.149384
-0.127103
-0.0258086
-0.056833
-0.218582
-0.106889
-0.0498158
-0.0813896
-0.0766016
1.0937
-0.224704
-0.0557552
-0.33892
-0.181158
-0.201173
0.00972956
-0.0473782
-0.365617
-0.0100504
-0.0783343
-0.0906334
-0.175368
-0.117475
-0.140451
-0.193996
-0.111605
0.0426304
-0.202473
-0.103378
-0.160746
-0.150674
-0.269744
-0.119396
-0.151881
-0.409717
-0.213632
-0.145115
-0.0102266
-0.0743389
-0.187573
-0.0843089
-0.107845
0.00397179
-0.535362
0.0522753
-0.106171
-0.265151
-0.205224
-0.220886
-0.19066
-0.215502
0.168521
-0.0879701
-0.0531428
-0.215278
-0.4257
0.00521204
-0.0912827
-0.0674049
0.292365
-0.203109
-0.114221
-0.248019
-0.137249
-0.19341
-0.153522
-0.0605798
-0.0934718
-0.166473
-0.141582
-0.0515435
-0.148828
-0.0541593
-0.26362
-0.131423
-0.125874
-0.154177
-0.0812132
-0.205969
-0.10173
-0.129349
-0.108627
-0.0983286
-0.185625
-0.146389
-0.135873
-0.121272
-0.0907266
-0.0645139
-0.0763423
0.0524911
-0.0960375
-0.146761
-0.148591
-0.16412
-0.066624
-0.127883
-0.186275
-0.134331
-0.114451
-0.12489
-0.138689
-0.173264
-0.176983
-0.144831
-0.210679
-0.0769431
-0.0973967
-0.317683
-0.0551228
-0.132421
-0.103621
-0.103238
0.0619964
-0.0454739
-0.0507338
-0.109112
-0.0821203
-0.176493
0.00248505
-0.090451
-0.130715
-0.172482
-0.136343
0.319274
-0.135982
-0.156201
-0.109808
-0.162935
-1.1159
-0.107505
-0.0825576
0.0214016
-0.0936921
-0.134324
-0.452285
-0.0852744
-0.155647
-0.146384
-1.29493
-0.0559983
-0.107591
-0.17466
-0.0577187
0.330714
-0.208971
-0.433799
-0.126328
-0.120333
-0.101399
-0.17908
-0.110529
-0.0631611
-0.177506
0.076493
-0.0973262
-0.18475
-0.201857
-0.173726
-0.594878
-0.311464
-0.178185
-0.221022
-0.0826341
-0.229253
-0.280648
-0.162496
-0.0740833
-0.17303
0.00115072
-0.120498
-0.172515
-0.151747
-0.341567
-0.147611
-0.102275
-0.107784
-0.0520175
-0.166097
-0.123142
-0.152818
-0.0567775
-0.0983814
-0.0784176
-0.407412
-0.056567
-0.185078
-0.152957
-0.219008
-0.186567
-0.0633046
-0.135936
-0.136482
-0.110526
-0.0217256
-0.25436
-0.32898
-0.220951
-0.0906148
-0.13536
-0.0947635
-0.0621436
0.113519
-0.088454
-0.186448
-0.0895063
-0.281619
-0.108882
0.0322368
-0.236453
-0.213205
-0.279687
0.0344326
-0.334183
-0.162071
-0.14405
-0.0903854
-0.0780528
-0.103857
-0.104071
-0.310775
0.0216108
0.12015
-0.187494
-0.134222
-0.21623
-0.0966741
-0.0671113
-0.119075
-0.183865
-0.11994
-0.115676
-0.11498
-0.0209528
0.0308603
-0.108868
-0.133005
0.0485588
-0.136231
-0.185403
-0.221678
-0.24665
-0.171194
-0.133288
-0.0774162
-0.135851
-0.188783
-0.146441
-0.174876
-0.0939491
0.0382928
-0.173124
-0.116599
-0.0815695
-0.11823
-0.167712
-0.137969
-0.347283
-0.172954
-0.545441
-0.132281
-0.240742
-0.134674
-0.0608367
-0.33106
-0.0909886
-0.122761
-0.0492597
-0.137765
0.0209949
-0.17998
-0.107941
-0.060152
-0.135239
-0.150306
-0.0939386
-0.0505875
-0.111877
-0.103944
-0.141838
-0.116141
0.0031365
-0.1096
-0.175694
-0.183343
-0.141198
-0.110339
-0.0468829
-0.0876993
-0.113593
-0.161306
-0.132927
0.0511764
-0.136907
-0.037806
-0.345162
-0.0795304
-0.177895
-0.126931
-0.122928
-0.130019
-0.11281
-0.154052
-0.255784
-0.211899
-0.103758
-0.0924673
-0.138798
-0.126739
0.0810289
-0.137222
-0.200316
-0.145148
-0.111482
-0.115047
-0.121218
-0.151302
-0.0757295
-0.0983429
-0.223006
-0.152448
-0.0318412
-0.099881
-0.161779
-0.198806
-0.111904
-0.133922
-0.147753
-0.108564
-0.123181
-0.15304
-0.111232
-0.138868
-0.123015
-0.126542
-0.100601
-0.131872
-0.110833
-0.122246
-0.132736
-0.105915
-0.13683
-0.166883
-0.137558
-0.140875
-0.149623
-0.125163
-0.233932
-0.191156
-0.137525
-0.230331
-0.144466
-0.152574
-0.131652
-0.111239
-0.138026
-0.184466
-0.160081
-0.103563
-0.254535
-0.107593
-0.13219
-0.0651561
-0.0848712
-0.188145
-0.122567
-0.165566
-0.159295
-0.162422
-0.0997332
-0.178384
-0.185047
-0.314305
-0.409684
-0.0929372
-0.142387
-0.027724
-0.0661439
0.0487393
-0.171981
-0.142018
-0.0797884
-0.11424
-0.114435
-0.121977
-0.130423
-0.139035
-0.144279
-0.45824
-0.0422466
-0.134218
-0.184761
0.0390528
-0.146305
-0.179143
-0.0964741
-0.156422
-0.155057
-0.178519
-0.295912
-0.133137
-0.0854011
-0.180722
-0.0697294
-0.245319
-0.241959
-0.0765109
-0.329361
-0.129679
-0.452535
-0.123809
-0.0648621
-0.142484
-0.106399
-0.141052
-0.0498672
-0.0657744
-0.069756
-0.194154
-0.217707
-0.182448
-0.0388643
-0.0907076
-0.148029
-0.0208236
-0.102282
-0.125084
-0.0410969
-0.0261801
-0.0911813
-0.196593
-0.0745081
-0.0675561
-0.0750844
-0.244006
-0.14424
-0.103653
-0.130547
-0.116888
-0.00952073
-0.149688
-0.0672077
-0.160479
-0.0981323
-0.0795387
-0.13189
-0.093491
-0.172782
0.573077
-0.0506471
-0.133228
-0.0133004
-0.0566479
-0.0933215
-0.0728955
-0.262109
-0.0256907
-0.176278
-0.132238
0.0495551
-0.146702
-0.114324
-0.00656392
-0.109873
-0.147007
-0.120752
-0.106048
-0.124346
-0.152947
-0.140727
-0.0315123
-0.113261
-0.131476
-0.0152204
-0.131247
-0.151503
-0.138218
-0.135461
-0.0899304
-0.145634
0.00183056
-0.119527
-0.193323
-0.0552229
-0.498592
-0.105484
-0.108978
-0.107792
-0.12562
-0.0710044
-0.142429
-0.206187
-0.148078
-0.0547366
-0.114278
-0.365301
0.124271
-0.180242
0.0272323
0.0350498
-0.0345602
-0.144905
-0.0690302
-0.0923372
-0.0110089
-0.11906
-0.0727014
-0.153218
-0.247417
-0.444281
-0.23663
-0.163443
0.498522
-0.141806
-0.120168
0.00809217
-0.0913011
-0.159587
-0.192929
0.0295078
-0.142045
-0.178129
-0.184012
-0.204352
0.417069
-0.0647453
-0.179982
-0.122293
-0.0817044
-0.903125
-0.0949086
-0.0611117
-0.107472
-0.0621798
-0.126276
-0.172462
-0.0688517
-0.169062
-0.0628819
-1.39976
-0.12302
-0.0870039
-0.126471
-0.191171
0.289583
-0.156019
-0.134995
-0.00929535
-0.159855
-0.178254
-0.198263
-0.0900705
-0.124045
-0.0216556
0.180909
-0.0448753
-0.145911
-0.0138413
-0.407083
-0.326427
-0.312903
-0.105356
-0.0961139
-0.0564671
-0.164277
-0.293752
-0.163233
-0.100086
-0.171722
-0.122221
-0.119571
-0.159009
-0.0727203
-0.140636
-0.113504
-0.1335
-0.155721
-0.0341758
-0.0931526
-0.126476
-0.0960497
-0.0630275
-0.176884
-0.120684
-0.102608
-0.0913628
-0.152825
-0.165584
-0.169911
-0.171075
-0.089516
-0.0558471
-0.196041
-0.0335952
-0.0666823
-0.150807
-0.161953
-0.133878
-0.201217
-0.185824
-0.150974
-0.0224519
-0.0724869
-0.0961611
-0.0938648
-0.10171
-0.330072
-0.159034
-0.107938
0.538155
-0.193786
-0.10681
0.0537813
0.00327567
-0.21247
-0.179036
-0.0373567
0.0946784
-0.021094
-0.232313
-0.158628
-0.117251
-0.152086
-0.118914
-0.0189763
-0.515494
0.187425
-0.166801
-0.162091
-0.0903138
-0.116564
-0.181505
0.106056
-0.261117
-0.204694
0.138374
-0.202256
-0.106922
-0.155073
-0.0631587
-0.113719
-0.044776
-0.0867326
-0.176325
-0.087464
-0.122623
-0.0611622
-0.0547129
-0.0607929
0.038758
0.0165577
-0.356497
-0.109226
0.0314616
-0.169482
-0.112832
-0.140647
-0.170711
-0.131253
1.03518
-0.121974
-0.131295
-0.0991865
-0.100264
-0.414732
-0.11158
-0.127919
-0.0810321
-0.38016
0.393185
-0.294131
0.131403
-0.048213
-0.0202934
-0.222478
-0.0180127
-0.352092
-0.215302
-0.148362
-0.194686
-0.15444
-0.18804
-0.187021
-0.148469
-0.574972
-0.212461
-0.108894
-0.169255
-0.126176
-0.095104
-0.182896
-0.193002
-0.00987191
0.148878
-0.119593
-0.0761126
-0.0187963
-0.11041
-0.109381
-0.116136
-0.0933056
-0.379091
-0.0121822
-0.0461667
-0.25804
-0.217584
-0.0561911
-0.0252842
-0.112998
-0.0596104
0.116336
-0.226143
-0.143039
-0.139829
-0.128842
-0.124224
-0.157982
-0.0234743
0.116428
-0.00396933
-0.119564
-0.155034
-0.32709
-0.179821
-0.131243
-0.127631
-0.0768007
-0.0936517
-0.0679606
-0.0588187
-0.201642
-0.163624
-0.0306483
-0.128716
-0.13367
-0.0583555
-0.106025
-0.0692776
-0.202656
-0.103709
-0.144749
0.0167211
-0.116152
-0.150692
-0.0618511
-0.0961929
-0.161444
-0.192333
-0.0795086
-0.0979882
-0.1707
-0.137573
-0.130979
-0.0713335
-0.0497132
-0.193156
-0.0665164
-0.166693
-0.14804
0.403397
-0.107465
-0.119568
-0.140448
-0.144589
-0.114393
0.0232159
0.115443
-0.258164
-0.0870056
-0.157363
0.000349951
-0.242791
0.0840188
0.00827279
-0.0295687
-0.230423
-0.0419457
-0.594598
-0.127482
-0.0990857
-0.0892214
-0.243112
-0.13043
-0.0522021
-0.214742
-0.113168
-0.0526948
-0.157159
-0.23412
-0.0491032
-0.0517902
-0.212648
-0.0961198
-0.185625
-0.0532034
-0.055075
-0.108881
-0.0783978
-0.134624
0.337321
-0.118287
-0.0726636
-0.0557459
-0.181948
-0.281195
0.0315488
-0.184618
-0.109842
-0.171308
-0.0239462
-0.0717293
-0.074165
-0.168941
-0.146509
-0.112934
-0.115495
-0.0911931
-0.118808
-0.0959396
-0.259339
-0.177323
-0.0963439
-0.0401653
-0.230183
-0.184702
-0.136134
-0.253672
-0.242668
-0.0496362
-0.0827071
-0.145603
-0.0991071
-0.119806
-0.126135
-0.148946
-0.161662
-0.113371
-0.127954
-0.144174
-0.173592
-0.164989
-0.251825
-0.174126
-0.192747
-0.104758
-0.125882
0.00119808
-0.14609
-0.178983
-0.137939
-0.0629184
-0.349252
-0.11189
0.0251777
-0.339204
-0.254005
-0.113852
-0.374784
-0.617596
-0.872785
-1.07371
-0.355674
0.457561
0.0666978
-0.317511
-0.678556
-0.106409
-0.0317295
-0.279707
-0.355478
-0.266109
-0.128767
-0.0759091
0.12404
-0.140938
-0.505294
0.485879
-0.538238
0.0564375
0.184842
-0.458653
0.125401
0.256693
0.0411644
-0.125384
-0.177774
-0.28795
-0.129729
-0.191984
-0.0616217
-0.141838
0.0189472
-0.193135
0.119255
-0.179216
-0.15535
-0.369156
0.027704
-0.194275
-0.0440697
-0.249397
0.00864538
-0.535693
-0.691302
0.454307
-0.122259
-0.342223
0.173851
0.249133
0.0207935
0.000410847
-0.269301
-0.0829617
0.157198
-0.0527885
-0.240363
-0.051472
0.0179487
-0.153248
-0.263806
-0.345629
-0.732941
-0.885947
0.195202
1.01339
0.679398
0.324446
-0.157662
-1.60801
0.929146
0.0147517
-1.97536
-1.54868
0.602384
-0.0703187
-0.421862
1.08372
0.909238
0.417085
-1.39868
-0.297789
-0.281496
-1.00182
-0.581548
1.48772
-1.14417
1.11697
0.730536
-1.00784
1.26263
-1.98285
1.69079
-1.46261
1.52201
-0.187025
-0.366005
0.0929606
0.052408
-0.476946
-0.327938
-0.0932142
-0.14251
-0.204231
-0.0760177
-0.292583
-0.001679
-0.125441
0.0151949
-0.225598
-0.0882168
0.201771
-0.328034
0.101557
-0.149476
-0.139103
0.0639202
-0.444241
0.529023
-0.78275
0.478764
-0.269522
-0.271094
0.157063
0.0674182
-0.152522
-0.179074
-0.157473
0.00282129
0.0706327
0.032084
0.127957
-0.0100133
-0.0860254
-0.203624
-0.00422473
-0.0234893
-0.0283305
-0.249114
-0.0124346
-0.155243
-0.073745
-0.0803649
0.11349
-0.319704
0.247382
-0.322047
-0.0921431
0.0327056
0.0693977
-0.0230258
0.0310733
-0.120111
-0.0159182
0.101722
-0.117415
-0.447924
0.0442214
0.0158155
-0.0534596
-0.0415579
-0.0916199
0.0719652
-0.178202
-0.0615752
0.0549955
-0.0383956
0.0342073
-0.105796
-0.138558
0.0618902
0.0700952
-0.143564
0.017511
0.083851
-0.0149991
-0.0130976
-0.00688582
0.000195622
0.0122182
-0.0906865
-0.0140197
0.312464
0.0912742
-0.173266
-0.188356
-0.0868926
0.0198184
-0.0186836
-0.209333
-0.0159609
-0.0944219
-0.0840049
-1.27693
0.0874277
0.115386
-0.114289
-1.04296
-0.00338034
0.881482
0.602957
0.238016
-0.298486
-0.258387
-0.160066
-0.500961
-0.145566
-0.0440924
-0.185087
0.024765
0.0215912
-0.179726
-0.105458
0.0741509
-0.136357
-0.130547
-0.0776924
-0.0425953
-0.031664
-0.116573
-0.34403
-0.135463
-0.507833
-0.0610705
0.396871
0.509712
0.443076
0.363032
0.0268277
-0.0735449
-0.126344
-0.0427776
-0.199243
-0.0548613
0.0436572
-0.096425
0.0625841
0.144645
0.0318299
0.0797875
-0.0637512
0.00511999
-0.327541
-0.320536
0.0102996
-0.0227791
-0.308724
-0.223945
-1.00761
0.120797
0.447193
1.23647
1.04263
0.542003
0.25906
0.161318
0.0954942
0.144048
0.154743
0.0198849
-0.0321628
0.0164057
0.030642
-0.105004
0.128625
0.372975
-0.0202672
-0.181868
-0.35157
0.0248724
0.228873
-0.362807
-0.0831411
-1.19261
-0.624347
0.215427
0.868514
0.715794
0.417717
0.163853
0.350428
0.208803
0.590108
0.683214
0.380886
0.0500278
0.151017
-0.310993
-0.0279687
0.49416
1.16121
0.768825
0.894385
0.915317
0.301756
0.430604
0.251145
-1.34025
4.43423
0.291149
-1.82917
-0.997427
0.340801
0.535514
0.589214
0.680305
0.582477
-0.483169
-0.580189
-0.908793
-1.18581
-0.265297
0.578369
-0.178419
-1.40485
-2.70408
-2.34694
-1.12657
2.94469
8.54878
8.44497
-14.2681
-29.4185
24.4325
19.4346
4.74791
0.906685
-1.34136
0.0656667
0.416511
-2.08413
-1.45908
-0.408366
0.0855953
-2.58786
-0.699068
-0.732786
-2.48091
2.10251
-0.54009
0.35526
-3.41819
-1.33376
0.774615
-4.78462
6.30325
-16.3299
16.7162
-31.9333
1.85272
14.7156
10.9137
3.9578
2.7891
0.886655
2.5506
0.853892
0.479362
0.69708
1.68834
0.871468
1.52783
0.563216
0.655956
1.0578
-0.408573
-1.206
-0.963555
-0.39924
-3.23874
-0.887526
2.36828
-8.58041
16.9622
-26.2554
-9.58216
0.670549
2.61963
6.25897
3.24753
2.75918
2.10714
-0.419359
-0.5573
-1.13428
0.44813
1.54102
1.45819
0.82328
1.18616
1.30246
1.93679
1.47125
2.0433
1.85893
0.0944154
3.91262
-5.28848
13.2275
8.68764
-6.69319
-5.28782
-1.30143
0.706126
-0.689333
-1.05132
-0.902782
-0.52957
-1.38868
0.919432
0.564329
2.26127
3.03822
4.48228
3.82038
3.69526
2.81842
4.12893
1.35095
0.290676
1.54491
-2.59778
-9.58818
14.0783
37.3276
-40.5467
-18.9599
-5.27444
-0.382559
1.29736
2.06343
2.41058
2.49223
1.72998
0.576164
-0.769171
-1.22844
-1.76851
-1.20034
-1.24077
-1.70934
-1.34158
-1.19683
-1.15793
-2.06564
-1.98662
-0.0176741
1.51269
8.26833
-8.61869
93.4636
14.3221
0.455661
-2.59087
-0.675671
-1.47357
-0.292422
-0.844453
0.766873
-0.0656804
-0.532444
-0.514942
-0.377188
0.230146
0.424301
0.960174
0.719689
-0.292824
0.198607
0.325979
-0.510344
0.129095
-0.170369
0.432329
0.0728713
