0
2.11381
5.33035
2.37523
4.17426
1.70563
-9.05195
5.52485
-4.06288
-1.50756
-0.49256
2.68206
4.29965
-1.23422
2.37188
-12.412
-3.18247
0.343931
0.936402
3.03159
8.54788
-4.2999
6.9894
-5.72665
-9.37699
5.69741
1.43075
-0.772197
-3.84632
7.47838
3.16207
-3.0416
2.92448
4.72818
-2.57069
-5.0013
0.305097
-3.8419
-1.16586
-1.97721
2.14669
-1.58472
3.28037
6.71974
2.57457
4.26377
-2.75342
-6.40186
-14.1004
4.5049
5.45848
-0.858669
-7.80623
9.37817
-2.89862
6.14954
-0.97848
-0.145909
-4.08359
2.56435
-7.92295
-5.92854
0.87437
-5.53528
-0.0777836
4.67326
-0.748231
5.23574
9.70916
-2.42514
4.74788
0.535277
-0.093294
-4.67073
1.75775
-9.66542
7.50953
-0.10556
-4.69628
-5.26691
13.5058
7.33988
3.90872
-1.41086
-1.49989
-6.33979
-4.57431
1.06588
-1.44026
2.37855
0.632798
3.24144
0.965665
4.37988
4.43496
-5.55513
-3.16628
2.87445
-2.8556
-6.69433
4.93747
1.8697
-0.891696
-4.78832
9.00941
7.85429
-6.88363
5.43617
-7.13123
-5.84763
-0.877727
-1.64232
2.00296
9.3492
-1.98758
2.71889
-5.84034
-4.14742
-2.48367
1.93699
4.42232
-6.82425
10.3782
-0.100847
-2.79344
-3.67157
-6.64923
-2.87304
