-0.00369072
0.00662994
0.0161219
0.0249653
0.0327921
0.0387487
0.0427189
0.0455647
0.0477085
0.0483675
0.0468969
0.0440683
0.041111
0.0381842
0.0349951
0.0323877
0.0318546
0.033617
0.0366707
0.0408363
0.0471563
0.0558844
0.0657873
0.0762434
0.0882263
0.101707
0.113541
0.120015
0.120775
0.118114
0.112787
0.102921
0.0874043
0.0680552
0.0474434
0.026351
0.00465488
-0.0167513
-0.0364952
-0.0541782
-0.0698566
-0.0828447
-0.0925035
-0.099555
-0.105023
-0.108306
-0.108005
-0.104491
-0.0998764
-0.0952902
-0.0899143
-0.0831423
-0.0759706
-0.0694542
-0.0632343
-0.0566282
-0.0499144
-0.0434341
-0.0364466
-0.0281725
-0.0192509
-0.0109653
-0.00366306
0.00293159
0.00846386
0.01227
0.0143881
0.0148954
0.012743
0.00679493
-0.00223637
-0.0124245
-0.0229788
-0.0342703
-0.0456028
-0.0549288
-0.0611696
-0.0649538
-0.0664816
-0.0645781
-0.0586987
-0.0499611
-0.0391102
-0.0254364
-0.00909424
0.00755787
0.0228138
0.0378237
0.0537024
0.068387
0.0794573
0.0884829
0.0987663
0.109802
0.118519
0.125874
0.136781
0.151792
0.164023
0.167675
0.165287
0.162263
0.157693
0.146203
0.126959
0.10481
0.0827799
0.059268
0.0336447
0.00907993
-0.0124426
-0.0331573
-0.0545483
-0.073473
-0.0868998
-0.0971098
-0.107867
-0.117897
-0.122986
-0.123046
-0.12213
-0.121886
-0.119961
-0.115331
-0.110369
-0.106226
-0.100582
-0.0921421
-0.0834522
-0.0764389
-0.0685244
-0.0566473
-0.0425491
-0.0301924
-0.0197096
-0.00805473
0.00523472
0.0170689
0.0255919
0.0321026
0.0374889
0.0402346
0.039257
0.0358047
0.0310202
0.0241175
0.0146942
0.00457764
-0.00456333
-0.013546
-0.0235224
-0.0331335
-0.040103
-0.0444431
-0.0476837
-0.0497761
-0.0492449
-0.0459862
-0.0414782
-0.0362368
-0.0293293
-0.0206823
-0.0117826
-0.00355148
0.00460434
0.0129509
0.0203171
0.0256786
0.0295143
0.0328026
0.0358248
0.0385799
0.0412712
0.0438538
0.0462294
0.0491562
0.053544
0.0586319
0.0627832
0.0664577
0.0719776
0.0795717
0.0867186
0.0931072
0.102735
0.117719
0.132844
0.140841
0.141415
0.139866
0.137381
0.128705
0.110698
0.0874462
0.0639763
0.0397816
0.0125694
-0.0155458
-0.0405436
-0.0625296
-0.0840425
-0.103928
-0.118359
-0.12742
-0.135148
-0.142473
-0.145512
-0.142432
-0.137017
-0.132863
-0.128439
-0.121131
-0.112336
-0.104577
-0.096632
-0.0859613
-0.0737638
-0.0628548
-0.0519762
-0.0373106
-0.0191641
-0.00208092
0.0121059
0.0262947
0.0418959
0.0554829
0.0639658
0.0688772
0.0724602
0.0730572
0.0680342
0.0585041
0.047267
0.034153
0.017539
-0.00102234
-0.0179968
-0.032877
-0.0476923
-0.0617933
-0.0715666
-0.0758162
-0.0771036
-0.0766754
-0.072298
-0.0628376
-0.0508776
-0.0384598
-0.0240517
-0.00673866
0.0101404
0.0232773
0.0342436
0.0458384
0.0561848
0.0615549
0.0632868
0.0662308
0.0710964
0.07442
0.0763359
0.0817251
0.0918713
0.101752
0.109151
0.120023
0.139116
0.160167
0.172547
0.174771
0.173717
0.171668
0.162416
0.141629
0.11351
0.0838699
0.0526905
0.0179596
-0.0179424
-0.0508547
-0.0805016
-0.108368
-0.132297
-0.148685
-0.158705
-0.166793
-0.173241
-0.173711
-0.16683
-0.157119
-0.148642
-0.140321
-0.129888
-0.118411
-0.107826
-0.0972805
-0.085393
-0.0735188
-0.0631275
-0.052063
-0.0373602
-0.0203228
-0.00472832
0.00907135
0.0239105
0.0399075
0.0532951
0.0618601
0.0673437
0.0710125
0.0707817
0.0648422
0.0547171
0.0422182
0.0264301
0.0066843
-0.0141239
-0.0326433
-0.0493889
-0.0663557
-0.0819664
-0.0924702
-0.0973682
-0.0992155
-0.0983706
-0.0923777
-0.0809107
-0.0668726
-0.0515394
-0.0330734
-0.01161
0.00867558
0.0252666
0.0409327
0.0581551
0.0737534
0.0836325
0.0898895
0.0977774
0.107518
0.11504
0.119967
0.12646
0.135637
0.143847
0.150402
0.160456
0.17629
0.191261
0.19759
0.195951
0.191493
0.183483
0.165887
0.137074
0.102121
0.0650654
0.0252333
-0.0172443
-0.0582094
-0.0944176
-0.126763
-0.155475
-0.176797
-0.188419
-0.194206
-0.198673
-0.199772
-0.192583
-0.178236
-0.163281
-0.150704
-0.137296
-0.120563
-0.102873
-0.0869894
-0.0721865
-0.0572243
-0.0432987
-0.0311718
-0.0186291
-0.00389194
0.0110083
0.0233536
0.0339546
0.0449762
0.0554371
0.0623989
0.0652676
0.0653934
0.0623999
0.0545883
0.0423603
0.0276165
0.01019
-0.0111752
-0.0344181
-0.0550756
-0.0722408
-0.0891199
-0.106275
-0.11887
-0.123036
-0.120828
-0.11578
-0.107283
-0.0931015
-0.0743208
-0.053503
-0.0304861
-0.00462341
0.0210018
0.0427265
0.0620823
0.0828333
0.103333
0.118228
0.127694
0.137854
0.150551
0.160056
0.163069
0.16484
0.170481
0.176805
0.179508
0.182902
0.193694
0.208242
0.215491
0.211767
0.203235
0.19272
0.173745
0.141292
0.100163
0.0573921
0.0131941
-0.0343037
-0.0810242
-0.120917
-0.15411
-0.183705
-0.207342
-0.219896
-0.223017
-0.223602
-0.222667
-0.214049
-0.195868
-0.175241
-0.158225
-0.142149
-0.122475
-0.101171
-0.0826435
-0.0662279
-0.0490122
-0.0324879
-0.0197182
-0.00841045
0.00612164
0.0222979
0.0336142
0.0386705
0.0429688
0.0494366
0.0536947
0.0512142
0.0435572
0.0342264
0.0230742
0.00854397
-0.00841713
-0.026432
-0.0462503
-0.0674648
-0.0859423
-0.098753
-0.108734
-0.119338
-0.127472
-0.126982
-0.117676
-0.104959
-0.0910559
-0.0727797
-0.0486221
-0.022131
0.00348473
0.0288305
0.0542145
0.0770693
0.0962305
0.114248
0.132297
0.147204
0.157192
0.166169
0.177644
0.188231
0.192765
0.192798
0.193769
0.19616
0.196557
0.196202
0.200265
0.207822
0.210536
0.203727
0.191289
