-4.56283
1.35716
4.1243
6.19929
-1.67871
-0.347956
-7.41011
4.30499
-0.612388
-4.05777
10.6443
7.03425
9.33349
-4.29225
2.2268
12.242
3.36597
3.17479
-2.27496
10.9122
-2.82368
-1.95948
2.73302
-5.05074
-0.701343
-6.89717
-2.74865
-5.56221
-9.41023
-5.33739
0.512021
1.41787
0.859285
6.39037
-5.42703
2.50439
-5.94772
2.80355
1.51116
-3.38696
-5.48842
-1.15962
5.13656
-0.578012
-1.93175
-7.46441
0.468053
-2.91969
-2.54687
-1.7987
-4.12355
4.80272
-2.77249
-0.352676
4.14405
-6.17672
6.6635
1.28641
-2.45164
1.56203
-7.3144
-1.52745
-4.25132
0.421616
-4.86484
1.24956
-4.37207
-0.561758
-6.04667
0.592313
-2.16008
0.686415
6.70715
-7.09711
4.25912
-1.7136
-1.1477
4.96746
-4.50965
-2.61596
-0.147824
-1.53651
1.31009
-7.99999
-2.95735
-2.47337
4.28151
-0.247955
-5.60368
-3.66502
0.982453
3.59964
-5.86304
3.01093
-5.11588
5.07606
0.783914
2.34195
0.700461
-5.87031
-8.36082
-5.80183
-3.20473
-8.56489
-0.0855274
-4.90596
0.366597
-1.97373
-5.84952
8.80294
-3.23755
1.73959
3.05729
13.9865
2.12143
-4.24518
7.36375
6.09005
11.3321
-2.74264
0.699135
3.63324
-5.41958
-0.608071
-2.83789
5.22826
3.31635
0.928912
