0
7.05537
-22.5639
26.2333
2.05388
21.6729
-22.4331
60.7617
5.26763
-42.1562
-3.47849
-22.1343
-8.27242
17.9175
17.0917
19.9581
-15.3304
-9.45354
-7.66333
57.9488
-3.80627
-5.13148
-9.86841
-11.2756
3.74715
-15.1285
-20.7576
25.0682
5.51541
35.1965
17.7042
-4.68938
6.52842
-13.2717
5.79774
-6.89198
-20.9243
13.7996
29.4751
9.44651
-20.7968
9.55883
-18.9449
-4.33688
6.12559
19.2495
-26.7398
9.65513
0.73738
24.6317
27.7366
0.260683
-22.1166
-26.7541
-0.457974
14.8697
-19.4104
-14.5019
29.0862
2.27682
-19.3915
23.3387
24.2652
-21.791
36.6785
-39.3008
15.5231
-0.499349
-37.7258
11.2445
19.3582
3.87845
6.0447
8.94447
-17.815
1.30257
-10.5903
-34.5538
20.0566
-3.55239
-16.3818
-10.0023
-23.6341
-6.13121
14.3184
38.1176
-14.6763
-16.1688
-14.2137
-27.11
-3.33105
-29.0022
-21.0643
-23.6301
-0.0281992
-29.0327
7.41684
25.0817
33.0502
34.0115
-0.878364
25.9956
-0.735773
58.8292
-16.4007
15.1639
-25.2069
15.2668
14.6825
23.9906
8.33221
29.3102
-14.5418
-9.94602
11.9944
23.3805
-1.46517
16.8968
-40.5177
12.396
9.75804
-4.23317
-19.0798
18.5806
-15.5721
-6.96383
-0.184848
0.635352
9.31619
-8.34456
26.0761
-54.2374
-1.81317
-11.9894
-0.357454
18.6924
-6.01636
2.1302
-17.9034
-38.055
0.473394
18.2319
15.4942
6.43026
-11.0308
4.94678
-18.293
19.5059
31.3048
-5.63452
28.4405
-3.51793
5.2862
-5.38214
23.3105
0.1401
4.4411
15.4584
-21.4325
-3.25214
-8.39701
-29.5856
-33.6555
17.5947
-14.9374
16.4499
-36.2753
10.7235
-10.5928
18.669
-8.80098
13.4153
20.6565
-24.9437
-12.2694
-14.8969
17.4646
-10.8287
-28.6203
22.4219
7.2446
3.33087
-13.4552
12.2387
27.2326
7.35382
-27.573
39.7048
13.2118
12.8516
28.2804
-21.7067
18.1986
19.3577
-45.4091
15.3364
-1.68168
3.62433
-37.5085
-25.3945
-14.0493
0.674586
-18.725
3.03831
-44.4872
-0.322621
6.33847
9.21047
34.7591
-26.947
-3.09169
-30.6364
-6.58485
-30.0118
33.9654
10.5008
23.0385
5.43049
-10.9865
-26.5363
30.9451
4.55124
25.2665
50.0507
0.604669
1.60524
5.49904
3.48087
40.8957
3.63598
-29.5308
-26.3341
12.6353
8.08789
-0.299391
1.21428
-18.5339
-36.7449
-40.7523
-13.1112
12.0421
2.53431
6.78485
-13.4259
-33.0835
-9.49931
0.426168
26.3116
-35.1088
-34.8969
13.1733
-12.2172
-29.4208
-12.8665
-15.3383
17.0295
28.3778
-1.01898
-16.9862
-32.3786
-4.72385
-21.0939
20.0498
-2.8417
-5.84673
3.13982
-18.0603
-13.2338
-32.5064
-9.12963
-18.6558
11.6274
21.7262
-12.5028
-21.0227
-26.2189
-39.3642
-13.846
27.7943
-26.89
11.4264
13.7597
1.2369
-12.2546
-12.9291
-13.6787
-7.25043
-7.20719
-8.90135
13.3121
19.8224
2.32
3.11894
-24.0227
1.25566
28.4762
11.8409
-4.45682
-26.7141
-5.50436
21.3882
-19.4049
-16.5978
-32.7051
-20.7232
-17.315
-38.9704
-28.6613
4.57673
10.0148
2.5633
-13.1357
34.7621
2.89773
15.4943
-11.5854
-47.5358
0.327681
13.8047
-16.7516
31.0687
-24.5566
12.6127
-1.12748
-14.8899
-36.1612
-10.0091
-3.14046
36.5996
10.8352
-30.9595
7.27198
-3.22567
-31.0139
-50.3587
-3.14404
-10.8783
-19.4267
-7.22553
4.12355
-23.0872
23.0002
21.6895
20.2682
5.09128
-7.72881
7.87158
-3.4548
-12.3579
3.46121
-27.2968
-18.7799
-10.0502
-7.08971
-0.102351
-16.9229
-24.9345
-12.4425
-11.4175
-39.7073
1.65359
35.5065
22.1549
13.7197
-7.05094
-28.4354
8.87251
-8.30847
-25.0744
-15.6139
5.45887
10.6483
-8.94957
8.6957
1.63257
-20.5536
-48.6423
-6.33411
-92.1079
13.8826
-20.4493
-22.3147
-6.04274
-12.8866
-4.37372
36.9173
10.4447
12.1494
2.46157
-5.92985
4.7096
-19.64
-1.59579
19.0195
7.21969
-11.8447
28.1461
5.55382
-12.624
0.175205
-4.06171
3.4599
-14.7941
27.4718
-2.35899
14.5932
-17.4909
-10.4345
-39.034
-24.4041
-1.83325
24.2624
-0.302047
33.0071
2.17791
-9.48599
-16.1579
3.71397
-29.8454
-49.5619
14.3029
4.48787
0.859005
-39.5869
34.447
-11.6936
32.8378
-21.6517
18.3884
-13.0361
-40.8891
-25.2663
11.371
26.2577
-11.2256
28.1473
11.4009
-11.6819
-25.3437
-16.9613
0.0244566
-6.63429
-1.38753
-1.02659
31.424
-5.3183
21.0539
-20.1072
22.5045
10.5924
12.4104
8.44154
-0.825049
3.03094
-16.6524
13.3913
58.288
2.42555
-9.03077
36.2413
-6.26732
20.7233
-10.6032
9.72807
-4.63096
17.0005
-2.47373
2.18047
-10.8292
-13.0082
-18.9081
24.7123
-5.93438
-4.48169
9.86648
0.867445
28.2612
-0.851097
25.8759
18.3046
25.0165
6.55061
-37.4285
6.43981
-5.11909
6.68078
-11.5651
-24.6985
18.6756
1.24646
47.42
5.88186
2.72924
5.09878
20.9824
-30.8906
-15.6037
29.0677
-12.0553
-3.62952
30.8283
9.65798
10.1536
8.73403
47.748
10.3007
10.8477
-8.72249
1.62216
-9.70734
2.5008
5.20064
-19.4167
0.0642065
-14.5481
-1.8389
11.1566
-18.1938
-8.88961
34.658
0.818731
-10.4623
23.9426
-14.9311
-2.97829
-29.3439
-12.6517
-14.7017
-21.8387
19.5778
-1.37047
-18.2162
-1.89044
-11.1507
-17.2928
-4.77891
4.24101
-18.0329
4.14947
-19.8305
11.2713
-9.04707
-2.92078
11.6497
3.49528
-4.41055
-44.865
20.7011
-4.03411
-34.5085
-9.52152
-17.7286
2.93705
11.1279
-15.096
21.7517
-16.9399
17.3748
1.40159
-2.251
34.3213
-6.35685
-22.426
2.73406
-28.1256
10.2011
-16.2105
-3.54154
36.1681
17.9254
1.29587
-6.63688
4.54371
1.03472
-1.58876
3.33368
-17.7436
17.3584
4.0586
-9.37586
37.71
6.81992
8.84007
5.27559
1.33378
35.7029
-14.2583
-3.96152
10.7076
-27.6404
3.98375
-4.61245
15.0315
5.11178
-11.6434
27.3787
0.506796
14.1117
29.1366
-0.0771072
-35.0288
23.7511
-25.2035
-25.8739
-16.3709
-3.38446
-4.36255
-4.4014
-18.7279
-28.6109
25.4191
-0.985754
13.4468
-15.1912
-25.735
-2.04197
13.708
-5.99502
-35.4579
31.9076
4.45974
-12.3301
25.1062
-16.0255
-42.1582
-4.31644
34.8504
16.6004
12.4284
-6.57434
-12.8265
-8.07862
-4.4357
12.2372
19.14
30.4859
26.1637
28.5864
-17.9227
-17.9807
7.95985
10.3944
5.91364
-6.17469
33.7079
-48.217
27.8532
-5.31398
6.49239
-0.268848
20.6004
32.7657
-9.90151
23.7415
35.2441
-26.2764
-3.22442
0.882073
13.7465
-38.5792
0.615206
4.33992
-5.2572
-5.61977
7.64274
-25.2561
-6.98234
-29.1359
23.6261
1.62617
42.7333
-8.00859
-18.0554
-29.8113
5.37171
45.924
43.1677
-33.5336
-33.0807
-1.06001
-8.72497
10.1368
9.8426
-6.57254
-2.35254
-15.9955
9.26445
-12.8034
26.8362
21.0793
4.76954
3.39668
-41.6278
-13.345
-19.9922
11.232
-0.364287
5.52671
10.6482
-18.19
-10.286
-28.6479
21.6041
25.2454
-36.1214
20.933
10.0453
-10.7011
16.1852
20.6573
8.64832
10.3929
-25.4719
22.1481
-40.0852
17.2489
-29.4701
28.5609
-35.2724
-1.67731
-29.1073
10.688
-8.91431
-11.9246
2.94104
21.2135
-11.478
-1.11298
3.24493
-22.8843
-16.826
-2.41815
-2.53808
-9.47004
-15.9067
-17.4493
-9.75474
-4.71245
-18.0183
30.4886
6.27869
-1.64878
8.12597
-1.36356
28.6027
-9.19781
23.8334
-41.6934
-17.9946
-13.5282
-18.5658
-8.94285
-24.911
27.6946
-5.34881
10.78
-6.42797
8.91914
19.5681
14.1494
-20.2219
6.26626
29.4025
-32.1606
19.5447
27.6841
-13.7016
-2.18293
-21.5325
7.47692
25.5908
-1.13224
26.8693
-0.0925855
10.6796
1.26065
-22.61
-4.84711
20.7129
-1.47298
42.3592
-15.557
26.7196
3.38299
-6.16168
-2.97274
19.6112
-2.89007
15.4664
14.8309
-17.8447
35.032
-12.7464
-20.2064
16.5839
-18.8254
23.8368
4.94278
3.6492
13.8143
-10.0614
-1.33851
-12.2814
32.3335
5.96394
-16.0972
-12.5066
-4.65292
7.88397
-33.2902
-41.5458
-0.533696
-39.657
22.6445
14.4773
-27.7945
0.694423
23.3763
-23.0367
4.00821
-35.1922
-17.7735
21.3397
24.5921
8.93757
22.1879
-13.6793
-11.3947
13.2741
7.34469
11.587
5.21002
21.7201
-19.3356
11.6032
8.53703
18.3228
21.8367
0.549142
28.5262
-36.198
16.499
-8.80563
15.1768
-13.201
1.72305
-29.9548
-10.674
38.7933
-0.921528
-10.3807
-8.02582
-42.1079
-11.8778
-21.9727
16.2549
9.32849
25.1836
10.4519
-23.6678
-14.3408
9.03998
35.4389
-9.00965
-1.1405
54.038
19.5006
-5.04665
-27.7803
-15.8592
14.3616
-0.711264
-9.39428
25.1457
4.24202
-15.225
-15.0146
11.5514
27.55
-18.3595
-2.38918
-12.7377
16.1648
-3.81435
-42.1554
-25.9676
14.9558
2.00976
-18.7602
-25.213
-31.3303
44.7384
-5.30779
-6.41335
10.4661
-9.20137
30.4109
0.329862
-33.3431
8.67688
-0.0505811
-30.1979
-8.41605
18.3624
14.452
-19.9821
17.1623
12.6221
1.99206
-6.18176
-20.3589
-23.5362
-22.6809
14.1237
-27.6203
23.6183
-22.2624
-26.7412
12.033
-3.8599
-14.4375
18.6229
-0.882132
16.4774
-7.24136
15.2979
-32.6429
9.41763
-14.2739
19.7128
9.9779
-26.8296
-0.0160216
-11.491
-75.4951
-5.25359
-20.3267
-29.6938
-33.8742
-9.78228
-11.8672
19.6145
7.80776
3.61176
-13.2627
-5.47495
-15.0073
-20.6645
-1.50956
-30.7636
5.34402
-10.1601
-12.1624
-12.6228
24.6426
-18.3354
16.7504
-52.9817
-14.8791
-4.14914
-16.2392
-0.22592
26.0848
14.53
14.071
1.91221
-31.1876
17.4953
-10.9318
-6.28118
3.10168
-16.5577
1.00593
-1.4119
-13.4227
27.3486
-15.5227
9.90794
-3.18343
54.211
5.09722
-14.0233
30.7529
-6.1122
-3.33571
9.89385
-20.2378
12.6983
38.2811
-25.69
-27.5547
-22.5481
20.7965
-5.17641
-33.8287
-23.9403
5.93303
-9.60844
50.7055
-32.096
0.000238106
32.1963
-50.3251
9.95634
-5.40662
23.9154
33.5261
4.96403
-20.7926
22.5359
27.147
24.9921
-38.633
-12.4856
20.2245
-9.74373
3.38606
5.44476
-30.8575
14.1586
-5.12701
-54.0349
4.16572
-9.85139
15.8979
-27.0816
14.0774
1.99138
-0.53911
16.6769
-3.19019
6.33762
11.2345
-17.3297
31.2861
-2.37963
-14.2215
-14.5183
-26.092
0.929886
16.6771
4.61272
15.5906
53.1702
-16.6376
18.1292
-24.515
13.0584
12.4456
10.3766
-5.09016
30.6883
1.43346
21.1994
15.2162
5.2667
12.9731
-3.64194
-7.59231
-19.4262
11.8773
10.4193
33.7849
29.4209
20.1571
5.71866
74.8535
11.0746
0.0499769
26.786
-10.1111
-19.7825
14.6337
-9.59682
32.3469
-15.9927
6.99527
-16.4442
1.36461
-18.0753
14.6936
3.86207
-11.2872
26.742
21.6072
-23.9093
27.5393
-14.2456
23.1509
22.9116
19.7418
5.27334
-2.26822
-12.7261
-17.0906
19.6888
-15.0565
-18.0935
8.63232
29.9232
0.175723
-8.42419
33.2627
-0.502436
-30.2458
9.62301
-10.4838
6.61502
5.39565
-44.7541
32.146
25.0901
18.9146
-2.31345
-14.7452
26.3857
42.2269
3.24115
-16.5455
12.3194
2.2415
18.0699
-27.7063
-11.2491
15.1765
14.9311
-4.27535
-25.095
9.31065
0.728924
-13.858
16.2133
27.4141
4.46903
-19.9035
-54.029
1.22428
8.77387
-35.4015
-8.80238
14.2304
23.4629
-10.5468
-25.1673
-9.32957
-16.4561
21.902
12.0765
42.1529
7.72036
10.2612
0.554688
-38.8331
11.1932
29.9954
-2.08363
12.8737
-15.3415
8.8955
-16.3661
36.1761
-28.9504
-0.900407
-22.2995
-18.4565
-7.8203
-11.3124
19.409
-21.4708
-4.96605
-11.4028
-7.346
-13.0462
11.3181
13.0294
-22.4449
-9.0026
-24.4135
-20.8621
17.9729
35.1665
-4.21882
22.7108
-23.785
-0.591733
27.7646
-14.3783
-22.54
39.7913
0.551507
41.5044
32.9007
-8.39189
4.41301
12.2509
16.0085
-6.40479
-32.0975
12.3128
0.650073
9.87102
-13.6474
-3.5414
-5.23043
-24.1329
18.9529
-16.5382
20.5173
12.3491
-34.8401
17.9887
-14.8216
-15.456
2.86903
-19.8386
3.06853
5.74816
-3.8981
-27.2134
15.2442
-42.9998
1.60755
-20.1427
5.10393
22.4303
-1.32016
-10.6711
-0.304764
-27.0449
0.757307
-25.8414
-7.04891
21.7932
2.34741
13.4274
-27.685
-19.1129
32.0292
-29.9136
-6.22345
19.787
-14.6089
-19.5665
-9.13693
6.18549
-10.6942
5.52041
-27.357
25.4811
9.00442
18.6496
13.8399
17.8475
41.5312
-24.0684
9.28175
-28.4664
1.89012
-8.00684
2.18542
-6.48774
-30.0261
18.3748
4.71903
9.77705
17.7151
16.0793
9.70523
2.64048
2.57375
17.2156
22.9754
-3.2549
1.25853
11.4245
-21.2556
-2.65554
12.128
8.66892
-10.4823
29.3213
1.68085
35.08
-28.5595
29.5128
-16.7748
40.0107
-22.1679
25.3221
-10.5316
-8.87321
-21.022
-15.5593
10.8542
-10.4411
-20.8822
35.9436
-25.2373
-21.317
28.4948
10.2501
17.5397
-10.6776
-5.38897
0.113638
-10.8977
19.9091
13.6163
41.5086
-4.04231
-5.0731
-21.1657
-26.5466
12.949
-9.35605
15.5731
2.10213
6.41233
-9.84106
-9.46043
9.01635
1.01704
33.1149
32.956
-43.1921
-45.9085
-4.97422
29.8422
17.9992
7.42526
-43.0663
-1.91649
-23.6222
29.8065
7.02345
25.1767
-7.87759
5.36198
4.67172
-4.08697
-0.166803
38.5321
-14.0579
-0.635017
3.06024
25.6861
-35.8363
-23.623
9.45241
-33.0703
-20.6869
0.317963
-6.34133
5.30681
-27.9852
48.183
-33.5945
6.45553
-6.20578
-10.4966
-8.08124
17.9132
17.7757
-28.7787
-26.1346
-30.4303
-19.074
-12.328
4.89683
8.62778
12.9659
6.56318
-12.2253
-16.4479
-34.2738
5.31929
41.9291
15.502
-25.2071
12.3028
-4.99714
-31.8208
35.6079
6.21979
-13.2409
2.48347
25.8249
15.1656
-13.3437
0.938959
-25.534
28.9998
18.0598
3.8975
3.93299
3.25734
16.4502
26.1889
25.0961
-24.0838
34.7304
0.0334282
-29.2897
-14.6534
-0.855225
-27.3702
11.3052
-5.23227
-14.9019
4.70412
-3.81883
27.9624
-10.8369
3.75521
13.9147
-35.8245
-1.58899
-5.52759
-8.74415
-6.80649
-37.0909
9.81242
-3.47539
-16.8605
17.8254
-3.14623
1.73906
-0.761328
-4.21188
6.94594
-1.01509
-17.6566
-35.7741
4.02659
16.2107
-10.41
28.0538
-2.79691
22.4342
5.89919
-34.6002
2.28204
-1.23221
-17.2184
17.361
-21.7432
15.0322
-11.0579
-2.11635
18.1325
10.0816
34.5381
4.19978
-20.6387
45.1099
4.23759
-3.59909
-11.0032
3.20083
9.501
-10.7465
19.9456
-4.17389
17.9414
-4.30734
4.70478
17.4504
11.153
1.74333
17.88
1.50197
-19.5239
21.8591
14.2728
12.3273
28.8118
2.68006
14.7243
-23.8234
10.9032
-0.751843
-34.2986
9.30783
18.2325
-11.1535
2.27055
14.6149
-0.35626
18.9529
-5.38081
-2.99267
9.46918
-1.73419
8.6237
-11.3128
-11.27
-47.8736
-8.55581
-10.4874
-9.81828
-30.5559
3.78297
12.1086
-29.0186
15.9003
30.568
-21.4591
-4.92522
-2.4302
-6.11488
-47.5782
-1.13587
-18.3141
24.5988
11.6324
-6.51126
5.47099
-6.02955
37.3595
-6.71771
-25.2709
-18.296
-25.6033
1.14523
-28.2735
-0.0367031
-9.79685
5.06874
6.21931
-24.2907
18.9146
13.1997
10.8517
-2.59709
1.94691
-16.8264
4.49975
-9.52296
10.5859
-20.7713
6.313
-35.5426
9.14778
-3.06855
-58.3712
-13.3779
16.7211
-2.66331
0.786071
-8.38828
-12.4842
-10.839
-22.0711
20.2112
-21.1267
5.62901
-31.2137
1.02633
1.39418
7.26397
0.162868
17.2172
25.0117
11.4977
-11.7105
-28.298
11.3491
-26.1544
-10.4018
26.3494
41.6735
12.89
-18.6955
21.7349
-32.7033
11.8836
-34.3921
39.995
-0.776932
-4.50439
-13.8165
49.5836
29.5791
-3.63849
15.9782
9.35729
-2.60275
-32.6956
0.78834
-24.1661
2.38212
24.6958
39.1034
10.1854
17.3138
-14.905
1.98527
-27.5726
14.8298
-3.66297
4.15265
0.0253978
12.6465
-5.42894
-28.3898
12.0748
-7.19368
-18.5559
1.82387
19.405
-4.87066
5.97311
-2.72488
-12.1993
-10.1791
-36.1534
5.39004
13.7649
6.68044
22.9034
20.6222
-13.7973
91.991
5.70213
48.7412
20.5956
-2.22235
-8.87891
8.82263
-10.4707
-5.44837
15.7795
25.0675
7.51699
-9.01457
28.4745
6.79924
-13.8584
-22.3426
-35.2823
-1.38957
40.8281
11.3702
12.5161
25.3404
16.9373
0.4015
6.83116
10.4596
18.9425
27.3585
-3.64456
12.4253
3.05561
-8.06309
7.63642
-5.06942
-19.9584
-21.6972
-22.8869
24.2055
-3.42448
7.64517
19.6325
11.0553
3.27298
50.2651
30.9464
2.97198
-7.819
30.5743
-11.7772
-36.5524
3.21545
10.0198
36.6307
14.8658
1.10044
-13.1895
24.478
-31.1538
17.244
-13.4628
0.450716
47.8425
11.3361
-15.5169
-3.25938
-34.7548
13.155
-2.75624
-9.80902
-4.32808
29.188
38.9879
17.1876
20.7115
33.0264
16.0563
19.47
-21.5645
5.65459
26.6838
4.35061
-12.0432
-28.4343
-0.326265
24.2554
-3.11576
-2.59565
-19.8955
-13.41
8.85071
7.25135
7.32686
14.4892
12.5592
12.4983
-1.163
-13.8198
-11.3029
26.8467
-27.8727
13.8619
38.983
25.7395
20.7563
12.4139
-21.3781
-11.281
18.5599
9.16172
32.6143
13.219
17.8243
-3.59476
5.4111
2.41146
-19.8978
21.2553
4.603
32.0998
16.7581
0.877426
-28.2339
-16.8744
15.5824
13.0959
29.2062
12.4441
-13.1779
35.0473
34.0062
-27.1712
-0.697153
9.35745
32.7688
13.1135
-7.32527
-2.66164
-12.0945
13.6832
40.7597
36.4452
17.9641
-1.75526
0.197242
-8.01183
-12.498
26.1076
29.2688
-3.95403
-41.0067
-3.77742
-5.76223
-1.63615
-1.08837
-50.229
-25.3252
-4.51386
-30.6768
27.7745
11.0909
-5.43443
-22.8893
-10.2122
-33.761
30.4485
6.59422
30.9646
2.8406
26.6696
-35.0318
-9.16348
-6.22411
0.32858
44.6449
-3.02147
18.4741
-1.0251
14.0964
25.0791
37.0983
-4.89426
1.55363
-15.4224
45.2121
-20.4692
-17.4781
21.5776
-28.6459
-12.6694
-13.2549
-39.5437
27.7271
-7.35246
-27.0639
-11.5946
13.4994
-3.60494
-7.47383
-21.8838
28.7467
10.9863
-17.3652
15.092
12.5381
24.735
-20.2811
-13.3032
8.84309
-18.6178
10.5637
-10.6548
36.2563
-16.3841
15.1284
-17.8262
33.7669
29.4369
8.19019
3.11245
21.4379
-15.7667
-5.01738
-0.222618
-23.1653
5.26473
-5.37944
3.07578
-28.607
5.51127
-31.2164
-19.0739
18.5649
-5.25554
10.5884
-6.74772
-15.4396
-17.8318
-0.385135
38.288
17.8775
-2.67933
5.14583
-19.1047
0.409393
11.9457
2.17003
54.201
-26.133
8.30892
-10.0298
-1.1455
-0.182611
6.62755
15.2509
-18.8152
19.0319
4.22203
-9.82411
-12.3781
39.9331
-17.4643
1.35377
-23.3057
-11.6935
9.8745
14.4185
-29.2913
-8.8241
-24.5489
-14.6965
-15.2354
24.9358
-15.3802
16.1782
-59.0726
0.7447
-25.8709
0.739505
-34.0498
-32.4542
-24.8325
-7.07579
29.3574
0.637185
23.6578
21.1646
29.1825
3.65157
27.3571
14.2446
16.4619
14.2565
-38.3544
-14.1802
6.48785
24.2249
9.97245
16.4722
3.0542
-20.311
34.5098
10.319
-1.56728
17.6201
-9.29503
-5.40018
-4.22171
-19.5458
-11.331
37.9954
0.539024
-15.498
39.0596
-37.5913
21.5715
-24.8292
-23.1487
18.9413
-2.32358
-29.1841
14.5506
19.2992
-14.8679
0.493261
27.0817
22.1536
-0.731207
-27.7797
-24.4878
-0.79963
-9.7116
26.7371
-18.5828
-5.45964
4.34302
18.9646
-9.78575
20.5607
-9.69301
-29.4459
-13.7502
21.1484
6.96686
-5.94183
13.0151
-6.5432
4.50109
-17.7697
-35.2468
-5.50756
-24.9755
21.6143
15.2003
-3.7816
11.2289
9.73217
4.89389
3.2373
-57.9557
8.48401
9.50592
15.2832
-19.8107
-17.2128
-17.9801
8.5183
22.2493
3.50058
41.9169
-5.98091
-60.873
21.9659
-21.7728
-2.02893
-26.2283
22.6339
-7.07366
