-19.8907
-9.9589
-6.86553
-5.96512
-8.89949
-40.5242
-18.6979
15.0993
21.6614
-31.8755
-31.0568
19.6369
-66.9689
-14.4863
-17.7712
45.888
22.3102
22.0009
-47.0742
-7.04062
-14.1805
-10.8277
-15.1588
4.6846
8.72689
-64.0086
-51.159
13.5424
-26.9231
24.4057
62.7587
24.4135
10.1719
-19.7294
-2.5413
-6.14706
9.96367
-29.548
17.8776
59.6993
-13.2705
21.8422
-8.53936
18.1498
13.2249
-6.2676
-6.16681
2.6165
7.68567
11.8685
19.5411
-20.8456
-15.2398
-14.8977
-22.7721
8.33499
22.2798
-11.5813
-43.4576
13.6934
9.92672
-12.794
-12.9592
-33.8696
34.4146
37.1523
2.97445
-1.66651
-46.3682
19.98
2.24964
14.3135
-26.847
-4.65354
23.7541
-29.768
26.4581
-0.190921
-19.216
60.7007
-15.1906
-28.7656
-26.7334
20.6288
20.4319
-5.37824
-31.3395
-28.0834
0.757178
-1.54668
46.3437
4.39077
-5.86749
0.32502
-14.3941
3.89777
-3.83334
-36.6401
-27.3285
18.8748
20.4257
34.0078
-5.90541
14.2185
47.8486
27.9323
30.532
32.9449
-36.4979
-25.2524
5.41652
40.3691
-7.94222
4.15319
-4.18639
-38.8074
-28.7373
-17.2267
-21.528
10.9655
-23.4562
-15.3278
-6.37204
15.0294
-35.9753
31.1877
27.8427
-31.8258
-8.97467
18.2679
-32.0622
-19.2646
-15.2979
8.37765
7.30332
16.1608
11.021
-20.0174
23.5446
-12.4474
-26.6767
26.7362
-12.8866
13.692
54.6748
42.3538
0.6062
20.6144
33.3979
-28.1869
-28.5098
10.9484
24.1523
27.4193
-38.2839
-36.8235
-11.7934
-8.05626
-14.2959
21.5707
39.8299
14.4749
5.0898
7.33094
-0.157337
-4.66176
54.3038
-38.7439
25.1512
-20.1476
4.79576
20.9052
-27.4094
3.60627
72.9356
3.14656
18.3063
29.298
-12.1255
0.138229
7.33823
23.7226
-32.4267
-0.599557
-2.23643
-27.988
-29.2541
-18.8628
27.6831
-22.857
-2.38582
-42.8935
-44.6379
-30.5727
15.4341
-42.8803
39.8048
18.1995
5.12687
15.591
-22.0097
-11.1461
32.4695
3.26395
-7.13529
-0.712536
-17.1006
14.8813
-12.1445
-36.3076
-10.8902
43.8614
-10.8068
-13.5939
-15.6853
-7.18137
-1.94022
-1.43184
-30.0861
-34.7969
-31.0141
28.0479
13.9049
-2.95064
51.6307
-19.7578
-11.1039
-5.58433
18.6782
0.0501466
39.9652
23.614
-15.6536
-14.9021
-12.875
39.3734
13.8572
15.0242
21.6852
-12.9788
-11.0021
37.6558
7.8876
57.0472
21.4597
-26.7717
-9.01936
57.2494
-16.662
9.65967
-15.1778
-15.3786
-24.272
-0.217396
-32.6531
11.8468
-5.31647
16.9944
-24.7357
-2.81415
41.0089
37.0722
61.3752
-26.7263
17.5052
-14.1658
-14.6211
3.10347
2.61746
-5.1104
-21.1456
15.1753
-6.77917
-30.2612
-9.01791
6.42439
-11.9335
8.561
39.4515
-40.4049
7.84155
-19.1259
26.9782
0.106612
-1.46761
27.8456
-30.6061
46.2498
2.78299
-20.5025
-20.4419
-17.858
-24.9768
-44.8001
-6.78097
-35.1925
37.7564
-0.116602
-29.9654
-32.1359
-27.5015
63.4112
-8.6094
24.3698
13.8925
-0.199736
10.6942
8.59422
3.72891
27.9307
-26.9827
-8.62174
-36.4557
48.7791
-34.7777
29.7921
32.048
19.3541
-9.37649
1.4625
23.9815
32.2009
42.5889
-12.7186
1.48161
-19.7661
-31.8177
1.31088
4.84392
0.996937
8.02052
50.5453
-7.56437
-46.6018
7.25457
15.4032
-3.89549
18.8177
-6.5378
23.1318
-19.4296
1.32571
-27.5402
25.7294
59.7388
16.2349
31.2326
-18.0002
18.4522
-5.66409
17.7661
3.80566
-20.74
23.6369
-2.49034
20.4676
-17.9248
-18.6891
-6.36781
-38.7228
-33.9556
2.72593
16.8127
-5.9605
50.0879
-18.448
16.2946
-11.5269
12.0695
35.5418
33.1962
-2.2454
17.3074
-41.7026
-21.4161
21.3805
-7.57908
5.07702
23.6667
6.26092
-2.5643
10.1807
9.58916
8.32529
63.0933
6.80379
-25.4402
74.4815
-0.812254
-14.5308
0.324949
-1.66983
-37.436
8.86979
-39.5473
42.7289
-14.7325
18.776
8.87719
-27.0025
-17.1001
8.74589
-6.49807
38.1509
-31.5418
5.44471
-14.1337
-11.2409
59.7579
-31.887
3.33729
-1.54018
-20.6702
-7.70178
1.98435
-1.2333
-22.2517
87.2104
29.1947
25.8962
-21.6435
6.30383
0.601683
-25.4285
14.6823
-23.0322
16.4688
-32.4243
17.1941
3.15585
-6.3533
15.9146
29.2088
-1.06692
-10.5205
4.59898
2.11423
15.3993
-22.4157
-24.0869
6.99683
23.6668
49.0295
9.23134
-11.4981
-9.9805
10.8361
66.3314
-21.4142
20.9076
-0.197057
-11.2521
3.85364
-22.2407
-33.6703
-6.11664
26.799
81.7511
38.7048
44.6221
28.8371
18.1984
-13.7932
2.04966
15.0303
-7.35053
4.30251
35.0925
-16.3947
49.217
-21.4918
28.4759
-21.0044
14.7007
-7.49218
9.64491
-0.61104
-29.3451
28.4954
-12.076
-20.6454
15.9671
-28.3884
-7.69923
-41.8654
45.4222
8.70844
12.9799
-8.39798
-4.37731
-7.7989
6.183
-17.6432
-21.635
-38.3853
22.7559
-17.6481
-5.16201
44.7719
-28.0445
-12.0381
16.9655
57.1423
45.4368
-42.9854
-10.3275
0.484749
-23.1768
-13.8439
-35.9954
9.32346
27.4652
30.1148
21.2119
16.4121
48.731
-6.9996
38.1156
-38.3026
-12.865
-55.2619
-24.5414
-0.720856
-27.7666
23.0851
48.4347
-12.2513
-16.3484
-8.66514
-30.3132
-43.1252
14.3502
4.86801
30.0643
19.9014
10.6927
6.34744
-9.45403
8.39405
23.8058
-10.452
-23.2595
37.9445
-19.417
42.0378
45.7561
-17.9676
35.028
21.2685
22.1483
-34.1914
-16.5349
-33.0792
-17.9863
-62.6673
-32.4235
-16.0614
23.4063
-18.3567
-9.99235
7.71231
-5.9769
-14.1231
8.27249
2.28733
-19.5594
53.6813
23.6618
5.01287
-27.0776
51.4412
-22.8592
-7.94173
12.5306
-31.9555
-13.8751
-31.2832
-55.5733
-18.659
-1.86151
-9.94126
-24.3304
22.202
31.5871
14.3344
-16.9321
-4.84209
-25.0693
27.831
9.28615
21.2444
17.6835
33.247
39.6797
-13.6906
37.3669
11.3236
15.8347
41.2399
-19.358
8.23612
19.1047
33.2235
-15.985
8.5765
0.786091
37.5485
-11.7636
-5.81808
-0.75532
-37.0473
7.36848
-5.76428
-38.3406
27.4598
-49.3664
-24.8798
-3.56547
17.249
-3.79373
-25.0694
22.5497
-28.7676
-25.3237
17.6996
-10.3596
4.63789
-21.6976
47.491
-3.22961
-1.38912
-16.7531
7.55838
-16.6419
58.7968
-23.4237
-14.8654
-8.05605
22.9828
-9.19028
-13.6535
22.6953
-11.4866
13.3679
-32.6864
43.91
15.9418
35.9865
21.2733
18.4419
14.3684
-24.9354
-29.4252
-19.9965
-11.0866
1.71007
4.97375
59.2887
-52.4944
17.8647
-1.12263
-6.85784
-22.9371
0.807471
-1.14942
9.40141
31.6951
6.62727
-32.6492
-31.616
-7.31185
-22.1439
7.51833
-10.2695
14.4878
-22.8646
-5.21029
-10.7064
1.85785
-7.71467
34.4192
-20.1385
-21.7307
-7.69918
-4.83123
6.83358
8.56702
-31.7478
-19.2381
39.283
-3.58426
20.0285
-13.6582
-32.0778
8.74161
19.993
23.6144
21.7207
6.15119
25.4326
7.81472
15.1198
15.503
-16.9879
22.6629
-33.4736
-83.1396
11.1574
35.6092
6.27259
27.7555
-3.15339
46.3809
-20.9083
-6.60797
-2.88639
-6.15749
-10.4261
34.5425
-37.8305
-6.73613
-23.3249
-0.36096
16.9556
-32.2926
-17.1647
17.0444
33.1281
-18.6355
10.6755
-1.27533
-29.4729
18.8438
1.60541
-43.502
57.2188
20.5337
-23.5398
28.0303
11.9988
-9.0353
-9.25373
22.9035
-0.361359
0.284665
-21.7296
-40.1146
23.2392
-22.4897
1.75434
37.6932
26.5526
27.718
-5.41413
-20.1874
16.1968
-15.6875
-71.4224
-48.7382
12.9528
12.5045
-38.4654
4.56604
-34.9499
43.6047
-49.4818
9.764
-31.4888
17.1654
-15.7885
-34.9178
-10.4918
43.1848
-6.78956
-35.5636
7.66908
-22.6684
-9.59168
23.9821
-6.21723
-8.77054
1.70925
14.3495
-28.8495
-16.087
-46.3807
60.1217
53.5172
-58.7953
-20.4909
-18.1705
-14.0887
-40.7041
30.9141
19.1666
31.9841
-7.26016
11.6522
-9.11354
13.3877
27.1888
-10.3622
-22.4353
12.2614
20.6797
-13.1169
-22.4936
-4.17179
2.89916
-1.7038
7.48077
18.631
11.0894
3.01438
-6.14582
-2.2781
12.2499
-28.5595
-0.911731
-48.6658
4.84452
-21.4595
-34.4928
-34.4762
46.7955
-5.09834
-4.95119
11.2008
-25.0845
5.57194
15.1762
-5.69846
-48.0154
-7.57404
34.5972
10.6286
-10.6888
-10.9479
-42.3605
-66.0565
4.13188
-3.19218
-19.6119
-27.5884
15.5291
14.7156
-22.977
-25.7029
-51.2442
13.7236
-11.2853
-31.7371
-3.74159
30.8427
14.6274
-36.6571
-50.3064
42.1549
-0.53605
30.5286
40.3074
-36.6197
29.8776
-7.89531
4.1368
-9.97592
-25.0557
51.5151
11.6665
-17.0388
-28.5705
27.048
-33.4849
-6.02853
-24.9992
48.0412
-10.3858
-47.5819
0.425029
-10.135
6.95175
-3.14111
-8.28234
-35.8649
-30.4573
-13.1309
-36.7093
-37.235
3.59003
34.6883
6.68272
12.012
-15.5904
0.507757
2.29193
-5.72602
6.13468
-3.4044
-21.9539
13.5822
-14.7641
-0.119597
-15.9337
21.7187
17.0654
-31.6405
26.1226
9.49165
-18.8011
-44.3587
-69.8299
-43.4105
-25.7014
54.6454
-29.921
-22.9328
30.9118
-32.828
39.3029
39.4036
34.4201
-23.6463
30.398
-27.4822
24.0675
-4.71359
35.8398
-5.85262
-7.53006
6.82442
-0.701173
18.6238
-64.6442
32.3176
-2.78629
12.0954
28.142
1.03378
-3.59622
-1.50074
-2.77125
-34.2827
39.2549
25.3541
12.836
28.7266
-31.0156
-19.4967
-36.7127
18.6342
19.7699
19.4255
-27.3309
8.285
16.799
16.9568
-17.75
-1.57841
-17.2846
38.9146
7.77063
22.033
-13.3086
37.1183
5.64062
-51.9517
48.3911
2.84213
41.1198
-7.65124
-21.7
-1.92296
49.3241
-12.7251
-12.646
-32.3975
11.1008
-16.3267
15.1219
-47.8993
-33.0829
39.6445
2.56002
0.705858
36.0233
23.9493
39.5165
12.9822
-17.512
11.5551
-10.0082
15.4064
-51.4929
-45.4923
6.08951
4.99664
-17.9815
-3.60422
17.086
-25.8603
18.3763
-0.737924
-9.59991
11.6948
-0.337401
-32.1857
-48.3486
20.3782
3.30117
46.4767
-42.0651
23.4802
-26.1607
18.7126
0.550332
7.72169
-0.716223
6.1235
-22.4271
8.80324
-39.3096
-28.4749
1.8375
-5.88027
-16.2373
-13.8001
22.1613
13.1606
3.71411
-0.980385
12.5722
6.6357
-3.85523
12.0548
21.8591
-26.398
38.4404
-18.7514
19.9257
25.6312
28.3721
25.6248
42.3045
8.49258
3.96604
62.2574
-24.7885
10.9971
-14.4018
23.1685
24.0138
-43.7903
-63.5236
24.1277
-7.93059
36.412
-34.752
-33.8147
5.79069
5.49012
32.4895
41.238
-24.1851
-4.5495
-9.69774
6.56155
-0.745985
-1.01682
-0.245557
-0.0490437
10.6525
-38.9215
-8.0826
7.57312
-5.71011
25.8155
-31.8966
14.4348
6.89207
-19.1937
15.9854
15.173
18.871
-0.757895
-0.880752
-44.747
59.2282
13.0813
-17.7707
9.96954
-0.673817
1.66852
7.50835
-44.6732
-34.1991
-13.3251
32.7956
15.6696
-4.96892
-53.0677
3.33948
-25.2947
14.6681
-15.6083
46.2973
-14.2413
32.826
24.6255
-0.42243
-44.923
-10.1184
30.8738
12.6162
3.49067
-28.8178
15.4113
-1.48479
15.6916
-30.8859
-17.1189
-40.6738
11.8077
18.4611
-15.975
-32.7383
8.66228
-46.3913
32.0992
-6.09315
-29.8041
3.97562
4.34514
-10.004
-1.05362
17.5856
-45.3939
12.875
-24.8854
-5.99105
22.8701
1.75581
9.08556
12.679
45.3034
16.2989
7.95735
11.8915
3.1866
-6.54362
-5.09676
-3.73043
24.3634
-21.201
4.54368
17.1158
20.2224
12.7331
-16.0422
-10.8334
-26.4093
-18.6925
27.9034
-0.0726085
14.3565
20.2715
34.0881
-10.2599
4.80799
-30.1833
-1.91878
8.58147
53.9863
-8.17962
1.59593
-17.3567
6.12447
-15.1984
-3.98362
43.5129
-16.3567
-9.03566
1.50591
-13.6242
0.162487
37.9385
33.3994
-10.9287
-13.7807
-24.7917
-47.644
-0.527752
35.8565
-23.2333
14.9336
-49.3483
-3.17149
-8.95962
43.7931
47.3637
-14.5975
-21.1484
11.943
-13.341
49.2319
8.56391
-3.71796
68.435
27.5313
-3.64736
-19.7919
-34.2537
-5.7599
-37.027
-21.4828
19.0117
18.0922
-11.6646
-16.0045
25.6381
-38.7509
-56.507
5.50086
-19.0578
-27.0896
38.578
54.6705
6.8963
26.3041
-15.3135
-14.7175
-5.0796
-7.09062
-14.0929
-6.55918
1.31114
-11.4392
9.08243
-21.926
6.96182
5.78264
-15.4651
28.2011
4.02444
-17.3522
-18.4205
17.1612
-1.95984
6.43269
-15.3422
-72.6672
0.811991
-38.4555
-10.2083
1.41842
25.8073
3.89341
30.3583
5.56323
-32.1449
-3.73952
10.956
1.77202
2.51975
-4.43356
-1.71599
-10.6644
-63.2549
7.66406
-8.07368
7.3276
-34.5054
-2.70484
21.9647
21.5757
1.25368
43.3709
17.5596
-11.4937
-4.31885
-13.6384
-23.3575
-32.2946
-25.1431
25.3131
1.08157
-30.5079
11.7472
5.24651
29.334
45.3052
-24.1864
-63.3396
-41.7259
20.2339
-1.12465
0.350956
-5.97312
-8.13176
-22.0085
-10.1947
-30.8638
16.2819
-5.76552
52.4669
-8.14185
-3.33368
-32.9607
-6.59457
-4.9134
64.2812
-23.5278
5.52599
12.638
14.9476
44.108
5.17181
-5.16131
12.3041
13.5638
-17.8078
4.30512
-15.1644
23.3915
24.0022
-14.5721
38.2027
-30.7745
-3.08571
-9.30858
1.25332
-6.53262
-19.7674
-21.9508
-3.62374
13.4475
-1.28635
-93.3279
11.065
-1.43808
-22.723
-5.02225
22.192
-8.29
8.7336
12.9153
-1.62786
-23.5267
-60.0303
-1.24704
-13.0915
-21.8001
28.7533
35.2859
51.015
14.7319
-17.8056
-8.77278
1.45327
11.9162
-14.8501
16.1703
-25.1886
38.6782
31.5108
-4.16713
4.69442
-27.4447
8.18901
-40.7562
-11.3655
-9.43257
-9.16153
1.76758
18.2618
8.46677
-36.9776
23.0978
-15.4203
21.7237
34.9515
1.42324
13.83
-9.06017
17.8284
5.85295
-31.5845
18.1262
-14.9223
-46.4048
6.09512
22.3048
13.0067
-18.3235
-36.3567
-30.8653
-15.5038
-8.28657
25.04
-33.2529
16.6195
-4.90149
12.0964
-48.2011
-48.6116
-1.85616
-9.90227
-4.32043
21.8236
4.63706
-18.1363
16.3435
23.2103
-26.6562
-4.10368
-14.0239
-28.6727
9.0906
-18.8053
-2.7109
38.2235
-28.1314
-10.2025
6.53915
21.2147
-40.4078
-24.5389
34.109
30.0058
27.9421
-45.5843
2.24267
-21.1857
-17.1301
-19.2166
14.309
41.9559
37.3609
2.05999
-5.09128
-10.9631
21.1001
-33.8693
2.31462
13.3545
-8.81853
-16.7441
20.8647
-17.1149
5.71875
1.56912
14.2579
10.6901
-3.8669
-2.74936
3.07997
8.6091
32.4996
43.5587
16.6954
13.2992
5.62481
-3.7402
-4.77617
-22.4135
9.80118
-8.77652
33.4918
9.81478
-12.1842
8.98909
-4.22882
-25.9143
0.734334
26.9928
-19.4192
-24.6304
22.2506
-19.4882
18.8054
29.7623
-30.1137
-26.9659
18.2441
34.5915
-38.3251
-16.9486
-1.56051
-23.2739
5.14221
21.1369
37.0829
32.9279
-23.5015
56.3655
-0.390879
-2.34724
-46.6402
-36.1297
-24.291
4.90085
-32.6274
-56.5125
-21.5912
-22.1369
3.62819
-25.8803
-5.99937
9.13103
22.6651
-29.319
-40.8198
-11.1599
-50.1865
-38.4161
-56.7363
1.25987
-15.4533
24.5905
-20.3628
3.87993
19.7901
-9.98549
21.289
-4.69762
-50.8892
18.466
-57.0013
-28.3407
22.2505
-40.2029
39.7454
51.827
-17.8852
29.8445
33.5916
20.9151
11.9687
-9.10434
-28.9644
7.75579
-61.8457
30.5798
-2.30852
-18.8596
4.09721
0.424556
-0.601436
25.2424
22.5845
17.8315
18.2181
5.47378
-0.351666
-40.3236
-9.28235
-28.2412
47.9901
7.91001
-41.165
11.0968
-51.7608
50.5762
10.7327
-9.44373
-49.5028
46.0885
-16.1377
29.9091
-13.7295
24.3519
-14.9098
9.31868
-57.0686
0.484455
-4.19925
-16.9197
1.89229
16.4131
-7.93964
26.3978
19.4339
-4.16277
5.73959
34.374
-18.566
0.12232
1.09138
-44.3854
-5.28653
43.1158
10.9279
-4.22151
-82.9864
1.93133
-27.3048
-25.0801
22.0412
-5.63255
-19.666
10.1687
-0.374321
-8.34855
-53.9382
-6.53056
6.08929
-30.372
42.6998
53.1062
-30.6105
41.455
23.7972
21.9907
-6.17864
9.53363
24.6988
-7.03533
-25.4629
25.8287
15.6449
-5.74888
17.5109
-45.8657
39.0152
5.1098
-5.8085
-46.3979
-35.5971
37.2715
10.5282
20.9159
-15.2992
-21.4664
-34.3495
-18.7325
-3.67574
12.0479
-25.8851
-8.63392
-22.1249
27.1403
23.7324
-24.4287
-17.3531
-24.358
25.1784
-16.436
12.5103
15.2644
4.15834
2.32915
-16.2307
22.405
-39.6345
-40.4151
-11.785
-20.3111
21.9048
-6.88718
-15.8713
-21.4754
10.7175
-6.27519
9.61258
-7.72256
3.65989
36.1062
22.9864
-25.8504
25.7641
-2.92295
50.7011
13.4754
-21.4663
3.59373
-27.5573
28.2781
20.0208
17.8296
-13.5017
56.5685
58.9002
-4.42236
-20.7404
35.8482
-17.1437
16.2158
25.9843
18.3292
2.82801
-14.4636
26.7019
28.8548
-14.8233
-33.0449
-11.0799
-45.2583
-7.35333
45.9829
4.94587
-5.41514
22.811
15.5196
23.5621
-26.6561
31.7828
-9.54007
-42.083
-10.709
-22.5275
-20.5875
-13.7725
-43.4239
-32.7849
-26.9107
-12.5417
26.722
-12.6545
10.491
1.83644
-12.9676
7.85114
-6.64222
44.2186
-3.05683
13.6648
-17.7017
22.9057
-39.3695
-38.3383
-39.4274
-39.3328
40.1079
18.9969
55.168
-3.45611
31.4262
10.276
-8.11782
12.6899
-2.35158
20.0166
16.2506
-0.0738213
30.8925
-32.8697
-40.4957
1.21374
16.3565
16.1012
12.548
-14.0285
18.9042
-11.3771
2.39344
-15.8357
7.42837
-21.3751
29.2041
-33.8593
4.29069
-2.40382
34.6736
-1.68659
-30.4679
8.70049
11.6634
-1.62561
7.74767
53.8076
-49.1506
16.4122
-27.4374
-14.7903
27.1623
-22.2547
9.48155
20.7455
32.6443
1.85589
-40.4165
11.4133
-71.382
-47.6125
-0.564136
14.2464
-2.82301
8.12339
-33.9738
-22.929
39.2512
35.6461
20.7819
7.3217
56.4884
12.1448
33.808
4.51774
-7.04026
5.34063
-27.0118
10.7161
2.28157
-1.69209
-35.7367
-15.0291
-2.84308
-13.2246
-12.6898
-31.2814
-5.22774
-26.9219
-65.9664
31.4229
-20.2206
19.3579
49.8428
15.6359
-9.76414
4.51985
3.55884
41.1895
-22.911
-17.938
-38.6896
55.8558
11.1555
-15.6038
14.3984
9.63275
-10.8508
-12.3665
22.7246
-56.3233
-0.814409
14.4341
-39.9042
28.3739
20.1781
-0.0105759
-2.40891
12.7812
-18.519
27.2791
24.656
44.5292
-35.464
4.74505
-20.6355
16.1402
-16.3741
-41.2018
-29.5802
20.5808
-36.2316
5.62653
4.75624
53.2441
-14.0319
0.14987
42.4491
4.57761
47.5109
-20.6061
-6.57648
40.7227
29.452
28.3709
24.5971
-54.3863
-55.1593
26.9975
8.82146
-30.266
-6.52263
11.4794
-14.3861
-0.66819
-45.5245
39.5302
-19.694
-14.7579
-56.8772
-14.684
-38.0313
16.7618
17.0303
19.9288
-11.5959
-11.2855
-30.8105
17.4938
32.5147
38.2778
24.6319
14.2171
-30.0819
-22.5352
17.8475
-12.6411
-37.5805
0.760962
-12.2454
5.47113
-10.0863
15.3091
-7.42554
-2.82847
-9.1504
-6.85974
30.9719
-7.97926
-16.6255
30.9594
39.805
22.1575
-48.1673
-16.0287
-36.7706
-47.6517
-15.3716
-14.1048
-50.4668
-7.83913
-39.5569
-51.4918
5.27627
-19.4412
30.6131
-11.939
18.5639
4.86456
7.50263
-2.02281
-28.4294
-16.6297
0.369579
22.1563
6.60962
-8.98301
-4.29961
-16.2226
-12.7402
16.4089
-31.4487
16.3066
-12.8719
41.528
-11.7007
22.6985
-26.7598
-16.7585
-1.68459
-22.436
-11.7273
44.0841
34.7399
22.4077
-16.0096
-46.9195
45.5592
14.5722
27.6424
33.2579
6.9158
0.787839
34.4091
-35.4608
0.184897
21.8629
12.0807
29.5576
37.4336
-2.21835
0.209418
1.07946
14.1003
-16.5017
22.4282
25.2125
41.8711
0.342966
5.65309
9.6583
-50.3663
-19.1991
-13.8801
18.2599
-5.74589
0.443063
-34.1492
2.05783
-86.9841
40.9696
19.0708
-22.298
-14.937
-4.12
44.1501
15.5161
-17.465
-39.1725
-38.3571
18.1313
33.0166
30.415
-33.1887
-28.9874
8.40718
-35.1639
3.93367
-103.518
-23.3969
-0.856403
2.08797
30.8302
2.39087
4.31598
-6.433
-29.5882
-13.1074
-37.645
43.2575
-40.3778
77.0306
43.6515
11.0146
21.4322
-22.3959
-9.71345
24.1915
18.4304
24.4942
-13.414
6.2553
-39.1022
1.68043
26.6631
-45.6603
28.2979
-7.10192
37.7463
-5.86215
-2.42247
-53.116
15.9902
5.06564
16.245
-20.1221
43.5547
-15.6415
25.7596
-35.0129
25.4596
-4.0059
4.20512
6.41574
5.46647
5.2321
-26.738
9.96613
-37.0917
-21.2047
-12.1242
-8.34396
1.2602
16.9419
-22.9067
-19.4505
-19.4325
17.8702
-12.8
16.5227
17.6404
-26.9819
-2.64739
-25.805
3.6021
-12.8448
-8.44812
-3.63201
-45.4281
-4.98384
10.1586
-23.3285
37.4436
-29.7245
-61.1505
51.8335
32.1878
-28.9188
-13.3377
20.8351
28.2924
-25.812
-25.6161
2.8842
-16.8938
24.6145
-14.1712
-10.2519
13.8397
-25.7664
-0.908096
-7.97277
-8.38648
3.05774
35.4438
39.1966
21.2862
28.6441
-18.2291
26.1661
-28.9955
-24.786
16.3434
-18.3362
34.2131
-26.4465
-40.638
-1.17575
-12.4311
-12.4109
-2.51679
-9.62039
-40.9468
-22.1161
0.850017
-12.2827
-5.76814
-15.1162
8.09711
-10.4294
-71.8373
33.8765
29.4675
34.233
32.6668
26.8593
-13.4439
-1.57619
24.6216
28.381
15.7397
1.78114
-12.8858
28.2749
-36.0027
-13.4808
-9.51176
26.8756
-34.6736
26.9256
17.3769
-14.1599
19.5047
-12.7779
50.6318
28.815
29.3092
-3.76751
-25.487
-2.03828
-38.8525
21.6612
43.6991
-2.63762
-31.9345
32.0703
-63.9537
14.7953
-31.0377
-31.4896
-39.181
28.896
0.558526
-49.11
14.503
-8.96099
-42.0185
23.1577
-19.6581
42.4781
-7.77573
22.3568
-8.67682
-6.02512
35.2303
1.24477
28.3977
4.1439
-6.35186
36.4753
-66.1382
-54.8451
6.3029
-20.9595
8.68258
-15.7166
-28.2622
19.3535
37.266
-14.0137
60.7068
-27.9642
31.0434
1.60927
-0.27452
25.805
57.4739
-21.7046
5.38514
-1.41337
-20.2275
5.15966
-8.19639
-22.2755
40.1659
10.8537
-13.5099
-45.4017
17.521
22.1108
0.879217
0.335167
33.989
17.8783
-22.2133
-7.38509
27.9812
-35.783
-1.69627
13.7831
-17.2459
33.2999
-16.4847
3.36153
-4.06926
10.9511
-21.4283
27.5735
32.2102
-29.6634
7.98084
24.3398
35.2454
-22.3089
40.8229
-29.8313
8.86646
-10.6394
-19.9323
26.4837
-16.8373
21.041
-29.0292
11.7517
-30.4161
-29.3003
15.9675
-23.7312
10.9175
15.437
8.04311
9.22136
-22.0461
46.8244
-16.2735
30.8747
-0.0202237
-5.13618
6.70267
-41.2568
-47.264
31.4926
-22.1062
40.4268
8.929
-38.4887
20.8179
-6.1628
10.6142
-53.5088
0.604873
-5.37481
21.1674
-5.28448
30.6701
-9.80695
-14.4899
-3.98137
-69.4372
-3.16711
-26.9428
-37.4804
36.9446
-8.95132
30.8061
29.7535
3.96651
-9.95832
20.4051
-0.0825338
-22.4324
32.8111
-53.0087
-3.11863
-25.691
-4.18525
19.7126
7.77889
-13.99
-5.0304
-15.0395
-0.841756
0.272862
14.5848
-5.47498
0.518327
36.5891
-7.42999
-9.72754
54.964
29.6004
-49.3544
-17.774
-2.06242
-13.3133
-6.36506
-12.1967
-12.1738
10.8264
18.4428
40.0195
-40.8657
15.9465
37.4986
44.4371
-35.6799
31.1599
3.74245
-12.4172
6.52851
-19.4342
1.89583
9.81741
-12.879
-22.6276
6.48675
-39.0079
-9.60713
24.8799
-22.7626
18.5668
-24.8825
36.4348
-31.4765
2.67121
-30.8839
-33.2731
-7.11799
-16.2453
24.3852
-18.639
-24.8763
7.04821
8.0332
17.7053
-37.6487
4.45594
-49.4563
3.90269
-21.7594
14.3794
7.93382
10.4567
-66.5904
-23.2458
21.0236
16.8338
-9.68532
-10.8298
29.8563
32.7813
13.965
26.348
11.301
42.4153
-5.74
-9.44085
2.19512
-10.2589
-9.44539
11.9144
-4.80321
34.6083
-9.62099
34.9389
28.6184
-21.2466
-38.0499
42.9843
-10.9931
9.63634
-6.00614
-1.17204
41.3
1.23859
-24.5066
12.6083
-82.1904
43.528
10.5239
28.923
-37.0442
-23.813
34.0095
-11.1376
-2.1716
46.1323
-18.1021
9.9731
20.8636
30.2888
-11.367
8.78154
-8.59572
17.2973
-0.00783372
-0.700374
-51.8524
41.2836
16.1656
1.1549
-19.6031
19.1869
-15.2538
-43.3424
-58.0621
5.55188
27.9203
-17.9009
-24.7464
41.4914
-23.9189
-4.42985
32.8347
-11.407
-7.58257
-17.8562
16.5675
12.781
11.8004
5.83472
-2.71028
22.7142
-34.5622
-4.11784
-5.56157
-21.042
-6.56922
1.35412
-44.8079
0.826146
-59.3241
-10.4637
28.3927
18.5712
-12.7994
-23.9853
18.57
14.2023
47.3791
-14.9949
43.7379
-42.8848
3.96893
-35.2575
16.1252
11.7505
14.3701
-50.5383
36.4382
-39.4844
-12.9033
28.4213
-29.2701
-37.4572
-8.99086
-5.1987
-39.3374
30.1805
-40.1819
22.9444
-11.2685
-9.15579
-49.7277
9.91541
-16.9068
-23.3933
-31.0862
11.3188
-51.4332
60.5489
-5.43459
-50.824
18.5845
-10.6978
48.0166
14.8263
-26.9689
36.7557
48.0199
-10.9414
-22.4032
-7.20609
20.5591
-40.4441
-10.2734
34.8674
28.6356
-29.769
-18.2495
46.7947
-17.1478
12.3526
-9.22076
-28.0995
-10.8213
-32.23
24.5292
-43.3545
-7.01886
13.929
7.36686
17.4504
12.0489
-0.995684
7.38352
12.4478
-3.69239
23.7943
-10.4172
24.8552
30.9515
21.9112
-12.3945
5.16389
-4.39329
-2.42041
-6.46177
29.3281
-0.135489
-10.6667
2.00402
0.502206
24.0186
-34.4016
11.7486
21.1734
-26.2048
-7.00784
34.2507
-8.62863
-20.9759
3.22026
20.2331
26.5115
-31.2579
-1.87482
16.7305
40.5285
-41.1151
15.597
35.101
12.3941
-12.478
-21.9114
22.0665
-3.23637
40.8656
15.9561
-8.5506
18.1059
-0.597973
21.0283
29.7357
-7.92451
19.182
-40.3353
12.0018
19.1311
10.0476
-43.554
38.9016
18.5471
0.82846
-10.4831
-21.2651
-51.6553
7.78858
23.9976
-15.0689
-16.1861
2.18059
21.2963
3.33389
-29.41
26.7191
-53.5861
21.3626
48.0832
15.922
-51.2523
-16.6343
-0.439847
0.650907
-27.0431
47.4905
6.63883
27.1545
-4.71736
-3.75889
28.3682
29.1316
-20.1374
-43.1216
-36.4613
23.5698
-1.84231
-24.3336
-36.6537
6.12759
-21.8748
-45.2462
36.4858
13.5793
13.9932
6.14264
54.9301
-21.5283
2.10398
8.75591
-11.1329
-1.00922
-11.7413
32.2219
0.150418
51.121
68.5516
-6.48261
6.50276
-18.5598
-3.59412
-19.4587
-20.6522
-18.1437
-6.09212
18.2951
-5.25501
25.2219
-0.750351
-5.23496
-13.0818
-19.3784
-7.53383
-84.0768
44.7251
-1.54015
-27.2301
14.1656
-35.8994
43.6605
18.9673
-10.3511
-1.11257
-8.07013
-33.9961
-43.9355
47.2222
-4.46038
-0.5287
-3.62067
0.745524
9.0005
7.70607
-7.18155
25.1734
25.9258
1.63703
-12.1771
-4.20655
7.46958
27.8916
-8.86497
5.90982
-45.7698
14.7897
-2.59081
36.9675
-38.689
5.24931
-17.8515
22.7572
-28.2822
29.7201
-7.47869
-6.77263
-8.3873
-1.00772
-52.8508
-56.1305
52.7189
49.5945
11.0232
-11.1932
23.5343
-29.6875
-27.9478
5.05766
-23.6248
-31.3534
-9.39107
-0.658524
7.32703
11.6477
20.8625
30.5838
-7.06808
32.5186
-10.9976
15.1579
-40.6775
-26.4252
-32.4733
-22.3981
-41.6629
22.9399
-25.7829
-5.66646
15.0538
-8.3339
14.2191
-0.695284
-21.1809
54.596
12.615
-0.500556
10.2936
10.974
-28.7849
1.30406
-8.34924
-79.297
-19.393
-1.54433
40.8909
-24.861
-19.1078
-18.3798
3.01872
-14.4793
-29.4867
29.7612
-79.7877
-47.6133
15.3901
19.5729
-38.3782
56.9828
13.7231
3.44858
-4.65605
-20.7489
33.2251
32.1664
29.3463
4.90213
32.0172
-34.2876
3.48536
-17.6799
-45.0623
-15.1171
25.2093
-28.734
3.10714
-11.4423
15.0754
-44.2852
-12.2767
1.86979
-13.5609
-26.2376
20.5737
23.7859
57.3805
-30.7105
38.8905
-26.4963
-53.1942
11.2128
-0.636132
4.32417
26.3063
-5.21868
-33.7505
3.16186
-42.4211
18.5115
5.15542
34.3304
-30.0937
-60.057
23.3246
10.1161
-27.6232
43.0014
18.7629
-35.185
-3.89373
3.629
-13.9468
-4.17547
41.9498
14.0467
-23.6213
10.8469
-15.3297
5.21886
23.9855
42.8457
-29.284
-18.1163
-17.8458
3.1355
-10.7664
19.6735
6.74731
12.3666
0.082226
26.0105
-28.1838
-21.4141
2.37602
33.1094
-12.2442
24.7841
-13.8436
-17.9393
29.3087
46.4025
-30.6383
-5.4211
4.84196
24.8783
25.2108
5.36144
-25.2461
23.6592
45.8791
25.9777
10.2939
7.43012
16.6423
-38.1707
-3.84331
-30.5669
-5.28148
-26.1763
8.36338
-19.5208
-5.77205
13.7849
-12.3462
7.39167
-13.5668
14.4085
25.7032
9.4751
6.1208
-2.87848
-29.3211
-20.0167
3.004
6.84497
3.99188
3.95208
-30.6784
17.8078
34.954
-27.3811
-42.5938
-56.4648
23.817
78.5513
-42.3548
-45.531
52.4867
-58.2126
4.38112
20.4457
18.0516
-63.3672
55.1515
20.9544
17.2827
-10.2654
-46.9636
26.9422
23.4697
8.56158
-2.6447
2.48346
-1.57919
30.9733
3.00788
-16.1222
17.0887
-0.72606
4.13068
27.3222
-33.872
-21.8182
26.5499
14.7786
-27.4875
-33.1109
14.8353
-19.5475
7.94877
-29.4076
-19.3188
7.10487
3.47346
6.37345
4.68018
9.03458
4.22675
-24.4958
11.4216
30.8155
35.79
-6.57933
-5.70985
-22.7176
17.7772
-58.5848
-9.42594
-32.8411
6.87785
-14.9212
-7.13512
15.2959
8.58408
37.8719
-0.942676
22.9301
5.38826
9.94849
50.321
-5.23698
32.1583
14.6394
-2.82792
-6.30246
21.2875
15.2573
42.3414
-30.5973
-0.795252
3.07888
-0.75982
6.62313
22.4283
-47.5204
31.3625
-18.4695
14.2722
13.0353
2.74632
-20.1083
-33.0306
21.7888
-7.61929
-0.901976
3.12022
7.2138
14.0787
22.6798
-9.556
11.5803
-3.60722
24.0939
-24.4919
33.5267
-34.0376
-61.5617
27.4961
-1.00716
8.13231
3.79704
-31.5647
14.592
18.8235
-11.9017
22.1419
-9.85859
-19.8405
-37.9764
-5.57109
-1.92125
22.7209
-4.82423
-21.7916
28.1156
14.372
16.3239
21.8113
11.1183
5.64314
-0.110201
-12.8551
-33.6408
-23.228
-18.0598
-12.9658
-62.118
26.6394
12.2162
13.682
0.212798
-28.9407
34.6063
-22.4889
-22.7894
39.3507
-19.7992
23.0607
3.05639
-39.5464
47.8157
-1.94481
8.11548
7.6525
-4.38966
-5.67233
41.4428
-27.3116
1.35214
-34.517
32.7321
3.76114
1.70364
4.38318
37.9593
-15.3928
-19.0908
26.7251
-4.93233
-10.3862
-25.1027
9.89204
-10.9815
10.6431
-10.993
26.5389
-2.50733
-13.4039
6.86141
-13.8948
23.8467
-6.87026
-23.0026
23.9182
6.53814
9.56798
-17.8058
24.2812
1.01832
-15.8043
-42.6557
16.8939
20.8343
-3.94205
-3.99724
26.755
-22.4236
8.59216
16.1533
-41.9034
-35.0408
-68.947
15.3979
-43.9183
70.9003
57.196
-27.6926
-0.766146
30.249
-22.1884
-2.83955
-12.6451
-11.5698
-3.08889
4.42224
-15.7697
-4.57548
4.89682
2.61646
-36.7419
-23.8491
13.2882
-4.30364
-7.37308
-53.3869
-37.9287
-12.1851
-9.7031
-1.09221
0.81915
-21.2837
10.8758
-34.4165
23.0315
-62.8906
4.17054
47.9882
-25.2375
0.000823975
4.87581
-16.6027
-35.5321
-0.895495
-10.049
19.1757
-31.083
-18.8171
-12.6833
-10.5694
1.42032
15.353
33.4751
-2.19999
-5.75482
8.46762
-17.3918
-20.7322
46.5316
22.014
-22.3749
9.25975
2.42567
-0.252745
-70.8875
4.49972
24.4766
7.72388
4.74463
-43.5631
16.5956
-4.26771
-6.3212
-58.1702
-1.32049
-3.2135
46.7675
57.486
-22.0348
19.3882
-34.0279
-13.4459
10.0232
-1.60396
9.0707
27.3264
-12.6427
6.67108
2.3244
-7.41166
-20.0134
36.8302
-41.983
-54.1986
32.3685
-46.6926
52.5359
-53.3323
-27.2109
3.50771
20.5573
5.24233
-0.624151
-2.37786
19.1126
4.43944
-25.7458
4.38477
-3.55939
14.0558
-18.7458
-8.88509
13.444
0.251764
-36.5897
41.129
8.79264
27.1987
7.02027
1.37046
-35.8084
-16.0735
8.25815
10.3528
-18.4002
23.0016
-11.8765
-17.6789
35.5425
-74.2646
33.8693
2.75037
-11.3594
-4.15632
5.5701
-17.3322
-25.3673
-15.9143
-33.54
2.17443
23.9644
64.2033
-93.3889
12.3701
20.7697
-23.1236
25.64
-35.2054
-41.4775
-25.3564
16.8785
-26.1937
32.7041
-61.8296
-70.2997
-29.4309
26.8691
-7.64965
-12.6566
13.7087
22.5113
42.0469
19.7977
0.174645
5.53605
-11.1937
-14.1863
4.28316
3.18309
14.5142
10.9287
-18.1203
-4.5144
-13.2111
-17.465
17.821
-8.42727
-6.31397
29.9332
-13.9744
-2.25711
29.4405
8.74439
-22.5135
-18.4231
32.0014
33.9909
-38.4695
-14.1489
17.9975
-45.5724
23.3704
-54.6365
30.4985
-6.28863
-52.5338
3.22691
-26.374
-2.03191
15.9446
13.6262
2.38883
10.3264
44.4347
-22.2378
-59.9165
-22.8467
63.0367
-40.7022
64.0441
44.3683
15.0937
16.1587
-4.41639
3.79185
15.498
28.1554
1.09412
26.5095
-24.7279
-21.5558
30.0924
-21.8378
27.752
6.10371
22.0321
-4.59578
3.54654
-20.5975
-15.7219
3.97608
9.18991
4.11089
31.0399
-17.9227
-38.8734
13.0656
-22.6041
16.8637
-23.9536
1.02041
-37.3748
-10.5299
-15.3546
-1.51435
15.8608
49.0824
-18.7556
2.61845
-0.997902
14.1942
1.77624
-4.21675
20.8064
-26.222
11.9236
-18.1474
-27.3524
15.4961
-37.4462
-5.93556
0.315316
37.5895
22.6653
2.51591
9.88829
13.588
-13.4863
-17.7114
9.53809
22.9441
1.46325
-10.287
11.8797
30.1283
19.9789
-3.33271
-4.60033
27.678
-53.4396
31.906
-29.2409
27.981
-8.24834
39.1804
12.7193
4.64906
0.446649
-34.1922
-33.1645
-0.943361
11.1426
-23.6746
-20.862
11.4336
-23.0801
-27.5547
2.93255
11.1575
-41.2242
29.3537
-49.062
-41.3721
-3.32069
-8.29906
-1.64758
43.9703
6.29321
13.3569
9.30975
39.9175
-8.57047
-19.4995
5.15484
23.4459
-1.21084
23.4935
34.2785
-10.2146
33.4787
-40.6135
43.5838
44.8306
-31.2336
31.7124
7.02871
4.36745
12.8203
36.0839
-32.5284
15.6823
-15.5021
5.38536
-11.1974
-34.4868
31.8913
-58.5647
-58.5805
7.23173
-17.0275
1.90631
14.736
20.0227
-52.5994
17.3775
26.1357
-4.13172
24.9501
8.90244
-18.8937
-21.1751
9.53228
-31.8458
-21.5068
19.9672
24.2191
-56.6682
-36.7207
-24.9587
-13.0032
-0.966135
-5.07748
-6.50274
19.7773
3.10937
37.1405
-6.67263
35.2366
23.3162
-16.5045
-2.64184
-44.3158
9.20134
0.0277419
-20.2747
11.0922
7.76775
9.41861
29.435
-13.2999
45.7382
-30.6437
22.3054
18.6281
-30.8718
-3.9313
10.2863
-8.35611
-31.5385
16.9672
26.2662
-23.1604
-13.084
-3.18673
-33.2115
0.0803745
-17.2428
34.4509
11.1906
31.9669
-23.3937
-5.24011
-3.00993
-33.541
-3.75459
-11.364
5.90301
-32.1129
11.8383
50.5268
65.711
-48.7007
-8.28251
19.8832
8.59827
-28.402
23.6801
-13.9672
-0.0876417
3.178
-28.4294
-10.444
4.07587
-25.806
-9.54684
4.40677
-1.52875
-6.17431
-14.7025
3.79468
-28.9833
17.6613
-8.12423
-7.684
6.00192
-24.5797
25.9805
8.89536
24.4532
29.6141
-20.7777
45.7153
-11.6284
44.135
31.0537
21.8239
-1.73882
5.35648
9.59348
-18.9357
8.55561
20.8154
31.1171
49.0657
75.5244
56.2658
-45.6226
-29.3686
22.8193
13.437
9.14795
9.91032
4.80077
10.3073
74.5713
49.8192
-63.3329
11.7392
-32.6491
28.6896
31.8636
-23.8006
-81.551
71.1242
41.8266
-6.39686
-2.1444
12.5502
-4.13984
37.1301
13.7989
-27.2254
25.6196
-3.51729
-56.7082
-38.1052
38.0563
-33.3454
22.5932
20.8466
19.505
-0.0105
6.58998
8.95932
23.5823
49.4622
-34.9826
-45.7007
31.5476
-7.51696
-21.1525
-12.8622
10.6968
-40.4791
-22.029
42.0787
57.2397
2.70101
-40.6406
-41.3457
28.9083
26.7629
14.459
-11.1981
-9.33802
7.90939
13.4059
-48.6726
-33.3826
30.3891
-16.45
29.1658
26.1667
-67.8113
9.45604
30.5471
3.79203
16.344
36.8758
-15.9405
42.0616
45.351
-13.2818
16.3148
-2.3866
11.3869
10.0456
22.3982
-52.3223
-2.23346
24.764
17.6744
8.75883
23.4931
16.6596
-20.9535
-15.8836
-24.9808
27.7412
8.07958
-16.3687
-5.42374
-19.3167
-1.27551
-45.7214
24.6701
7.05807
6.23744
24.6636
47.4731
-38.3009
0.122364
43.8775
-2.76664
12.4718
-19.64
5.14032
31.7477
40.5324
18.3869
-38.3837
-14.5552
9.18161
13.7737
-35.0192
14.806
11.119
-16.6247
-15.9714
-28.112
26.8566
-9.11799
-20.7641
26.2187
39.309
-33.5627
-26.8391
-5.29593
5.02182
-14.2056
55.0579
-3.98467
-10.5291
22.0694
-1.71464
38.4748
23.191
4.04185
-4.83927
14.619
-47.5925
24.3979
30.8631
5.61308
0.651222
13.782
15.9588
-7.71091
5.30538
-15.3216
-14.8042
18.9623
-23.2846
-13.1664
18.5407
32.6634
-30.5184
-9.51906
25.1081
-12.8105
30.3317
-33.8824
12.4197
10.4032
-56.1588
14.8463
44.931
-19.8235
-49.8979
-9.43808
-3.93461
-6.3586
-10.8314
-18.4792
45.048
-30.889
28.9536
-21.8188
-34.3388
-40.9378
21.9787
9.23759
-44.4731
-21.7473
-8.18564
-10.6278
12.8324
-12.2806
-9.80151
-26.0504
60.8373
51.0205
-7.82613
-42.9657
-7.9995
14.7942
-24.7173
8.2958
-1.64943
-15.5683
-26.5719
1.90788
-20.7329
-7.25816
-17.4753
21.506
4.85621
-12.6187
39.568
63.9693
-18.6235
-43.6121
29.6871
23.4786
9.49511
-44.9326
37.1831
19.8418
-24.7471
-3.82441
39.2142
19.0381
-6.85472
9.40057
14.4437
-8.12049
14.1427
-10.4179
-21.2265
12.3717
47.8918
-33.8151
-24.1072
8.98103
-28.4388
-16.9142
16.3494
-16.952
-2.16192
-5.30982
-17.4489
28.0544
-2.27573
1.76104
4.60513
21.4874
-40.1657
-15.6794
9.36412
14.4785
-0.558821
-7.01954
-2.27494
17.1315
-22.5021
-10.3096
-3.45934
-33.8449
-82.0157
10.3645
5.7572
-16.7434
6.07805
39.9505
-27.4818
-62.1777
-9.70419
-2.34855
-25.3453
28.674
28.5245
14.2752
-25.9148
-11.7999
20.7548
22.318
37.327
26.3236
26.3869
-33.7162
1.74222
16.0368
-29.3836
21.2384
-2.8549
-19.5097
17.7197
-28.0125
28.8479
-21.0235
-27.9198
0.285158
19.7201
-48.254
21.4401
41.1364
-9.15715
-41.2582
39.1686
8.74854
-29.4675
-39.9952
0.58075
24.9007
17.3127
-4.38917
-33.4379
55.2309
15.0836
-17.3926
34.4214
15.6351
-46.041
-44.0391
-5.56355
28.2965
18.9777
10.9408
14.2029
-8.91132
3.35547
2.3114
-3.1088
30.0671
-27.2308
2.78722
2.65649
21.8635
-18.814
29.2405
-28.4202
-40.9131
-5.32563
48.613
-34.6772
-17.7378
-6.86591
-16.1277
-31.8167
11.1389
23.2722
20.4272
-17.2145
4.53058
-15.8384
-21.7514
-10.0569
53.5244
36.9067
-31.9074
17.4088
61.5411
-2.95444
47.8129
-49.1372
-46.3963
-0.478085
17.0951
-29.0354
3.37303
24.4681
27.4737
15.7081
36.3572
-3.91356
-43.8754
33.3851
32.1383
21.6252
5.57743
-7.62703
-3.61413
4.37596
-0.182912
-47.8305
39.053
-5.41487
-33.3953
-25.7401
-35.5972
20.4706
17.4295
-8.93657
20.6744
-29.8513
-46.1917
38.1799
57.7185
53.77
-41.8208
-22.7869
58.2613
54.2347
29.7962
-21.5641
-24.891
-1.23719
7.40288
-38.7932
-2.63003
25.607
-20.1665
-17.6859
-1.50149
0.0575218
-30.9832
19.0948
21.0359
13.2793
-9.41978
10.6956
-8.53884
58.4505
57.3826
-57.714
-17.4375
18.5917
-6.29957
14.9168
2.10224
-13.156
43.1325
18.3673
18.8991
-34.1536
-39.5447
-18.8131
14.6043
-0.95426
-24.2457
24.6882
-4.09966
-0.196699
-14.3929
-8.28807
38.9445
22.1249
0.00688195
-46.7992
-36.3657
14.9418
41.3883
-3.82551
-38.675
3.09027
7.98878
-28.9602
-9.10388
5.50153
3.03935
-15.1705
