-0.326358
0.933112
0.396185
0.217632
-0.693421
-0.634552
-0.843193
0.630801
0.152816
0.36236
-0.969007
0.991142
0.576879
-0.600516
-0.700795
-0.814029
-0.382397
0.0822608
-0.132856
-0.575076
0.25298
-0.647669
-0.362083
-0.183991
-0.0866472
0.575216
-0.588403
0.00393854
0.148326
-0.784582
0.22192
-0.562188
-0.754795
0.912827
0.90228
0.501626
-0.39484
-0.723175
0.336852
-0.171286
-0.712894
-0.0960295
-0.881709
0.765453
-0.491611
0.373193
-0.366205
0.0727313
0.0737302
-0.487738
0.975426
0.571281
0.839826
0.644928
0.160856
0.716118
-0.872506
-0.57269
-0.899505
-0.404301
-0.174446
-0.358762
0.565719
-0.387331
-0.397141
0.0357172
-0.701472
0.625685
-0.745131
0.871835
0.422062
-0.598476
-0.880222
0.697405
0.406763
0.359698
0.405277
-0.822583
-0.239372
-0.619712
0.759329
0.240033
-0.298656
-0.745345
-0.297118
-0.294185
0.483462
0.170975
0.72122
-0.0956947
-0.67103
0.497609
0.493094
0.0545946
0.470975
-0.0917755
-0.0565172
-0.153488
-0.896302
-0.625729
-0.818443
0.309474
-0.280175
0.108718
0.784191
-0.431021
-0.0832613
0.509467
-0.562719
-0.935774
-0.288102
-0.500335
0.938837
0.405141
0.271405
0.677823
0.515423
-0.492989
0.685198
0.0589127
0.50585
0.586576
-0.449203
-0.702012
-0.484686
-0.000786409
0.609324
0.698539
