0
0.0217116
-0.0220054
0.18159
0.678774
-0.19849
0.242075
0.066505
0.477462
0.0118606
-1.31134
0.57584
0.294262
0.486628
0.434416
2.31346
2.21577
3.47773
1.23182
1.42802
0.88389
0.789703
0.820203
1.25314
1.61675
0.913205
1.46792
1.38482
2.64159
2.25016
3.44896
3.28634
3.64586
3.85106
2.73756
5.68958
6.49726
8.71377
10.0265
13.0406
17.8191
21.1564
12.9683
-22.4416
-63.0434
-29.2634
58.5698
-19.2826
-32.0815
69.7502
-119.41
-63.5755
42.0363
-2.62638
-6.93508
-11.6317
-8.8561
-9.73447
-7.3761
-8.01477
-6.74033
-5.0081
-4.82376
-2.84886
-3.74982
-2.37727
-2.93639
-3.18312
-0.575815
-2.72137
-0.699962
-1.3238
-0.603752
0.121866
0.0426112
0.518568
1.70141
1.58637
2.2414
2.68624
0.898733
0.0922439
-2.65046
-7.21213
-14.8794
-15.3223
-3.98161
12.1597
10.998
-9.93087
-19.2864
-1.03186
1.59574
-19.0448
-8.7285
-4.15513
-22.8182
-6.41031
-21.4279
-0.881065
-7.05501
55.6047
57.621
-4.41011
-25.5127
-17.0687
-4.19348
2.84409
6.19934
4.87119
2.56511
2.12341
2.25146
3.2673
4.157
4.4432
3.05562
0.802439
0.740931
0.293338
-0.369576
-1.30944
-2.01245
-2.7484
-3.11398
-2.48306
-0.330164
-0.100203
-1.97124
-6.30156
-8.29653
-4.16784
0.15617
-0.810561
-5.46279
-4.34897
3.5335
0.585186
-7.07549
1.73078
3.84103
-7.03317
5.27271
3.07103
-8.44999
7.56995
-10.2331
7.22615
-9.36453
8.20169
-21.0393
17.3573
-41.1165
0.206663
55.4318
-9.74595
-34.1271
2.41124
16.8932
-2.19271
-8.3194
-0.52843
0.261067
-1.98253
-2.5069
-2.06006
0.116438
0.316634
1.33782
-1.00931
-2.78037
-5.91769
-3.81824
1.81207
2.91911
0.390922
-8.32535
-5.49826
1.39909
0.934335
-3.70337
-5.01957
3.57359
1.1747
-9.38724
4.91528
4.22218
-8.81678
5.79693
5.82582
-7.36323
7.66886
-4.30774
0.322241
4.39737
-16.6102
6.02725
-15.56
7.22588
-17.3662
16.5375
-12.1155
10.261
29.9834
-27.3825
-13.3529
9.28751
5.9502
-5.99773
-1.50367
1.39958
-4.27799
-3.3507
0.810778
2.47882
3.65461
3.34607
-2.32346
-4.17575
0.558876
2.90706
4.38601
-3.36481
-2.87309
3.66293
3.89271
-5.00142
-0.450815
6.07
-2.10468
-5.80847
6.8255
1.0724
-8.75546
8.02859
-1.71912
-7.82466
9.85524
-8.9097
3.64192
1.64303
-10.6079
11.8735
-11.9563
8.54876
-6.98573
4.61256
-4.12412
6.23609
-6.4865
10.3385
-20.6261
24.8895
-25.8134
1.55621
27.2417
-12.6293
-19.7431
8.63321
14.4383
-10.1953
-3.86303
6.79744
0.0311486
-5.93445
0.599857
6.08961
-1.7551
-4.6006
3.10564
1.19413
-1.95444
-2.59773
2.90472
1.63249
-4.30461
1.00681
3.1379
-4.3693
-0.66124
3.73672
-3.17395
-0.428643
2.9536
-5.36044
2.32338
0.892302
-3.17161
3.26439
-5.07938
2.18121
-0.927804
0.116469
0.465357
-1.64532
3.55723
-4.68523
6.60241
-9.49348
9.04339
-11.5293
9.69105
-4.59388
-9.87244
29.8309
-37.5083
17.8896
9.89119
-24.1976
20.9591
-11.7899
4.30408
2.16232
-6.52531
6.58491
-5.43506
3.62298
-3.07062
0.863934
-0.22828
-1.32373
1.3389
-2.34589
1.36849
-1.91785
0.750372
-0.491141
-0.790719
0.0126291
-0.445012
-0.852436
1.28418
-1.7849
1.42169
-1.44052
1.16913
-1.6794
1.24004
-1.92549
0.133166
-0.722156
0.0480208
0.421852
-0.340586
0.237127
-1.54164
0.272213
-1.69188
1.05802
0.384677
-1.51655
3.32542
-4.52969
4.18394
-2.36295
-3.10813
2.72073
2.38269
-2.89214
-1.56782
2.82256
-2.7981
1.86101
-1.77186
-0.859564
2.25476
-3.14297
1.9714
-1.56394
1.37387
-2.0692
1.36653
-0.840357
-1.25757
1.6569
-1.33766
-1.27368
1.71705
-1.47055
0.583356
1.24138
-2.79484
3.06486
-2.83902
-1.17451
2.55405
-3.74838
2.51691
1.06892
-3.34754
3.96644
-5.09348
2.84977
-1.17522
1.0769
-0.62641
-1.78049
1.22901
1.11584
-1.08307
0.835378
-2.9727
2.84235
-1.49619
-1.82057
1.54227
-0.345491
0.559374
-1.58228
-0.411175
1.39041
-0.462858
-1.68153
1.62558
-1.32821
-0.873456
1.87651
-0.467294
-1.00589
-0.33017
2.63014
-2.43841
-2.09374
3.71777
-3.90262
-0.2913
5.79433
-5.118
2.40494
2.35438
-6.79008
2.84027
-0.755932
0.173713
2.81965
-2.22404
-0.155524
-2.88247
2.71044
0.0345946
-0.253204
-2.55686
-1.18893
4.49306
-0.636941
-2.70863
-0.604243
2.83458
1.63098
-3.56836
-1.61272
2.51622
2.53708
-5.79452
0.957876
5.66233
-0.878229
-4.57795
1.12292
4.1161
-3.25706
-4.47496
4.78934
1.91834
-5.13344
-0.0740315
2.95439
-2.54787
-0.661693
1.14419
-2.73254
0.119216
0.288133
0.832159
2.98522
-3.7611
-3.36858
-0.872713
-0.631782
4.83434
2.10614
-1.30924
-2.60284
-3.329
4.20173
2.985
-0.23402
-6.02943
-1.97538
2.43893
0.973354
-2.1722
-1.64378
2.64979
1.57739
0.0521327
-1.66768
1.31898
-0.245165
-1.72769
-0.607395
-0.819114
-0.433024
-1.25475
0.986073
-0.706724
-0.58403
1.13597
0.973807
-0.555124
-0.586159
-0.356296
-1.00088
-0.327197
0.743088
-0.56422
-0.0213765
-0.627299
-0.984207
-0.0399605
0.222128
0.441168
0.275891
-0.995324
0.00346017
0.0626012
-0.0856552
-0.75443
-1.80524
-0.0317203
1.76328
0.356688
0.31173
-1.57146
0.500592
-0.495709
0.0385636
-0.505136
-0.0711134
-0.086963
-0.732921
-0.0897305
-0.586958
0.484894
-0.532722
0.742633
-0.0935027
0.967433
-1.3223
0.149851
-0.425169
-0.77546
0.0569142
-1.07248
0.809524
-1.37541
1.06822
0.94899
-1.44161
0.153609
-0.164002
-0.515786
-0.0490474
-0.475999
0.779382
-0.439626
-0.627647
-0.225899
-0.0124629
-0.0922849
0.506078
0.0277882
-0.515869
0.633015
-0.301436
-0.16029
0.244655
-0.829323
-0.47778
-0.296115
-0.0881558
0.073479
-0.119906
0.246901
-0.146147
0.180946
-0.942441
-0.355628
-0.308981
-0.119528
-0.546608
-0.166405
0.385878
0.159908
0.165369
0.321552
0.205708
-0.291693
-0.492079
-0.38443
-0.539368
0.312852
0.139027
-0.185598
-0.0834383
-0.493688
-0.327359
0.152409
0.216227
0.342111
-0.279799
-0.667421
0.212184
0.474732
-0.236725
-0.340465
-0.283633
0.0363643
0.194224
-0.364378
-0.316514
0.138579
-0.0953823
0.172924
-0.191842
-0.323007
0.119485
-0.297655
-0.180845
0.177472
-0.0107617
-0.240724
-0.283451
0.14042
-0.332983
-0.634364
-0.277213
0.248462
-0.533627
-0.151626
0.146679
0.124341
-0.241929
-0.0151126
0.00138119
-0.7696
-0.248979
0.393744
0.207773
-0.155747
-0.149384
-0.392736
-0.282574
0.0951644
0.343534
-0.348721
-0.282483
-0.613337
0.32689
0.463392
-0.627908
-0.191788
-0.0280403
-0.0172966
-0.206962
-0.674608
-0.0255271
0.302354
-0.153752
-0.35584
-0.0652846
-0.137581
0.244124
-0.661381
0.14309
0.0738238
-0.415402
-0.0819894
0.206175
-0.0818409
-0.663799
0.0199958
0.493212
0.0951248
-0.486911
-0.0977929
-0.219905
0.234048
0.590645
-0.126397
-0.889913
-0.446323
0.231805
-0.217071
-0.0596793
-0.102246
-0.726866
-0.711952
0.702522
0.307342
0.0989683
-0.819871
-0.666029
0.113218
0.260894
-0.969104
-0.0734696
0.754496
-0.324136
0.00673101
-0.658805
-0.460983
0.557072
-0.0958746
-0.397565
-0.22382
-0.145137
0.257208
-0.0623099
0.271383
0.334309
-0.736347
-0.640781
-0.295383
0.530792
-0.937493
-0.359263
0.718986
-0.3401
-0.27312
-0.526204
-0.0657035
-0.81881
0.338346
0.0805615
0.0714915
-0.787219
-0.0508562
-0.298656
-0.0653278
0.486924
-0.363799
0.0372393
-0.495939
0.639475
0.587027
-0.31751
-0.665977
-0.209065
0.326956
0.0724119
-1.15634
0.286926
0.521049
-0.743991
-0.066872
-0.203136
0.234321
0.588688
0.08335
-0.0680291
0.935076
-0.717514
-2.44395
0.0131917
1.64509
0.602505
-1.44092
1.09915
0.788641
-0.215113
-2.1207
0.0778663
1.71066
-0.928654
1.53964
0.629745
-0.570944
-1.74629
0.929233
-0.221826
-2.38572
2.65726
-0.650266
1.00714
-0.515795
-0.342045
0.0217449
0.233273
-0.455156
1.87351
1.14501
-0.849742
-0.0453341
-0.390683
-1.28935
1.63255
-2.23342
2.23129
-0.600047
0.111307
-0.294158
0.586451
-2.49281
2.25038
-1.3541
-0.306853
1.81861
-1.052
1.00453
-1.61389
-1.49878
-0.571407
0.943981
-1.02434
1.14109
-0.886078
0.172787
-0.545531
-0.406327
0.203416
-0.934462
1.07388
-0.659464
0.306021
-0.906539
-0.0751114
-0.238718
-0.255961
0.980157
-0.804073
-0.0325835
-0.735617
0.472531
-0.550498
-0.0592972
0.179934
-0.169081
0.140474
0.0591253
-0.496699
0.082803
-0.131566
-0.583469
0.148638
0.176649
-0.341314
0.329177
-0.465764
0.108174
0.126937
0.224013
-0.126716
-0.1819
0.406295
-0.671759
0.313559
0.399532
-0.446883
-0.198601
0.387363
-1.30954
0.608843
-0.38771
-0.442077
-0.044413
-0.123051
0.321692
-0.408575
0.0479578
-0.280874
-0.480136
0.323042
-0.290259
0.79243
-0.79588
-0.128633
0.593694
-0.379731
0.346358
-0.545805
0.429404
-0.355024
-0.0172484
-0.0682928
0.422972
-0.158317
0.263651
-0.749734
-0.179811
0.267243
-0.184604
-0.237664
0.089074
0.686685
-0.115951
-0.236067
0.278627
-0.200175
0.167957
-0.98198
0.596848
-0.431838
0.398826
-0.313765
-0.0635187
0.560857
-0.477329
-0.560127
0.428307
-0.396925
-0.42809
0.745467
-0.416594
-0.464972
-0.0948353
0.606368
-1.12245
0.323679
0.206765
-0.313817
-0.445569
0.362534
0.0662156
-0.275717
0.279867
0.0815114
-0.00250672
-0.531945
-0.145299
-0.203295
0.121923
-0.0757288
-0.181081
0.154299
-0.181519
-0.0366195
-0.693369
0.628223
-0.196025
0.29419
-0.408871
0.580904
-0.129236
0.0335319
-1.25235
0.185847
-0.906929
0.308483
-0.145652
0.348142
0.0250651
-0.480754
0.151507
-0.401176
0.0897932
-0.0571567
-0.0277407
0.304351
-0.221689
-0.154959
0.023944
-0.138447
-0.0882895
0.0248312
-0.054665
-0.143071
-0.0592339
-0.0329787
-0.064035
-0.0617288
-0.0845937
-0.0648477
-0.0639313
-0.0610783
-0.0755775
-0.0554134
-0.0647387
-0.0619938
-0.0701196
-0.079167
-0.0596526
-0.0590517
-0.064717
-0.0722698
-0.066065
-0.0644508
-0.0685044
-0.0589364
-0.0772546
-0.0614639
-0.0618199
-0.0701974
-0.0675262
-0.0622466
-0.065477
-0.0632489
-0.065351
-0.0637985
-0.0656272
-0.065656
-0.0647992
-0.064678
-0.0644785
-0.0660386
-0.0682147
-0.0611764
-0.0644676
-0.0628214
-0.067351
-0.0683173
-0.0600768
-0.0516613
-0.0587642
-0.048549
-0.0547984
-0.0831269
-0.0608185
-0.0423271
-0.058196
-0.0486765
-0.0851081
-0.0552345
-0.0629289
-0.0925125
-0.056561
-0.0548593
-0.0729339
-0.011685
-0.0690361
-0.0546666
-0.0744599
-0.0651404
-0.0359071
-0.0709577
-0.0748047
-0.0704442
-0.062783
-0.0753308
-0.0434849
-0.0710619
-0.0345048
-0.0177056
-0.0750692
-0.0771879
-0.0609826
-0.0432888
-0.0684835
-0.0139447
-0.0809238
-0.162849
-0.0428197
-0.0494706
-0.0701483
-0.0702308
-0.0323986
-0.0905122
-0.00814936
-0.118596
-0.0697689
-0.0626569
-0.0648115
-0.0970009
-0.0746916
-0.0881089
-0.0883672
-0.0335506
-0.0719394
0.0701362
-0.0982287
0.108851
-0.0604068
-0.0363418
-0.166996
-0.119746
-0.0192535
-0.0665242
-0.0500858
-0.00694051
-0.141379
-0.0797148
-0.0345239
-0.0926922
-0.0578106
-0.0626704
-0.018848
-0.0649929
-0.110778
-0.07948
-0.0289561
-0.097685
-0.0392345
-0.0173362
-0.0750786
-0.053263
0.0202439
-0.0100606
-0.0364745
-0.0144456
0.0419408
-0.107501
-0.0829293
-0.0523781
-0.0666256
-0.0314985
-0.0332664
0.0274242
-0.179722
-0.0171932
0.0443125
-0.105474
-0.0711236
-0.0433237
-0.0362208
0.0395775
-0.178716
-0.0247762
-0.083612
0.0559567
-0.106315
-0.0976558
-0.0508769
-0.199029
-0.0550918
-0.0566296
-0.0754379
-0.0491397
-0.0509015
-0.224599
-0.0753554
-0.173785
-0.0879572
-0.0535909
-0.0554039
-0.104202
-0.124502
-0.256011
0.0960722
-0.0772497
-0.0348768
-0.0426161
-0.076593
-0.0590571
-0.0500461
-0.0534004
-0.0854834
-0.0488708
-0.0511176
-0.0542638
0.0926818
0.748
0.053838
-0.0440828
-0.0474782
-0.0675693
0.0389733
-0.0418624
-0.0483683
-0.00820369
-0.111432
-0.0292312
-0.0631503
0.00604151
-0.00719578
0.0568797
0.00816154
-0.0618589
-0.0995737
-0.0348193
0.0438629
0.0276555
-0.133733
0.297772
-0.0547625
-0.061033
-0.207971
-0.0405371
-0.0318501
0.0282317
0.172308
-0.0902103
-0.19198
-0.0315808
0.0656837
-0.00868088
-0.159349
-0.0601146
-0.203167
-0.0566772
-0.0462747
-0.288105
-0.237921
-0.195503
-0.153312
-0.0622252
-0.0963192
-0.102751
-0.0644692
-0.0496877
-0.0906711
-0.0194168
-0.00749872
0.00395162
-0.197104
-0.0362033
0.066624
0.0812703
-0.0394877
-0.0693591
-0.106345
-0.102742
0.0751031
-0.123813
-0.105334
-0.133413
-0.129808
-0.188939
-0.0337314
-0.03417
-0.0497058
-0.068613
0.000331677
-0.100567
-0.100274
-0.0414988
-0.0142605
-0.124441
-0.19973
0.0654032
-0.273154
-0.455768
0.305904
1.02961
0.322636
-0.366355
0.0639147
-0.0245721
-0.229657
-0.0100391
0.0787826
0.0879221
0.0626944
-0.00010817
-0.122512
-0.218459
-0.00868025
0.222746
0.475981
-0.486264
-0.939441
0.369386
-0.180824
0.250585
-0.408077
-0.341029
-0.108444
0.0211313
-0.11077
-0.245195
-0.145552
0.0613739
-0.0950656
0.0515079
-0.192182
-0.252488
-0.519941
0.342875
-0.6582
0.192072
-0.0261057
-0.301026
-0.368912
-0.3911
-0.213718
0.00870249
-0.0268268
-0.185118
-0.0699417
0.0307404
-0.127146
-0.33807
0.0451147
1.87593
0.594923
-0.359833
0.232316
0.112652
0.0226081
0.100422
-0.0433987
-0.341795
-0.0321983
-0.168359
-0.0745953
-0.00166857
0.126148
0.0609975
0.134343
-0.181847
-0.26018
-0.252596
-0.263811
-0.356385
-0.0849754
0.381177
-0.675175
-0.134861
0.0317645
0.00518659
-0.0277297
-0.0562479
-0.11224
-0.1619
-0.259192
-0.299485
-0.451287
1.54891
2.46056
2.07381
-0.752432
0.634993
0.270331
-0.0983426
0.128712
0.113432
-0.00419549
-0.0222888
0.0389199
0.151026
-0.0564411
-0.226113
-0.0697053
0.00912602
-0.0336423
-0.0226452
-0.0174166
-0.0663386
-0.0321519
-0.0291805
-0.342398
-0.0721976
-0.0993675
-0.0718217
-0.0657635
-0.219101
-0.289437
-0.360876
-0.75365
2.2228
0.670349
4.16956
0.0585139
0.285411
0.237048
0.164985
0.00712277
-0.0942391
0.0202557
-0.0427465
-0.0715509
-0.0512508
0.220278
0.130108
0.329205
-0.084828
0.134657
0.72966
-2.06024
0.887957
-0.140983
-0.159666
-0.1437
-0.133948
-0.0326718
0.013862
0.0494943
0.0474211
0.113008
0.182537
-0.050929
-0.162718
-0.102181
0.353983
-0.319659
1.43755
0.319581
-0.636069
-0.0237977
0.0667647
-0.0541378
0.0700364
-0.103418
0.271614
-0.0620956
-0.148827
-0.20681
-0.234104
-0.275649
-0.228387
0.52887
-0.668455
-1.10044
-0.365707
0.0146817
0.0816349
-0.165202
0.147993
-0.190762
-0.165881
-0.0059044
0.171034
0.319912
0.245757
-0.180734
-0.443634
0.194512
-0.271625
0.702006
-0.0640425
0.651472
0.354299
0.00213291
-0.241228
-0.139251
0.0607847
0.139836
0.156888
0.069614
0.158722
0.0761953
-0.126008
-0.00957475
0.145977
-0.319069
0.133059
1.33305
0.764292
-0.190296
-0.187439
0.0842371
-0.00258709
-0.0319649
-0.0952742
-0.00511681
0.0424489
-0.142131
0.0114201
-0.0740517
-0.0346288
0.020484
-0.323987
-0.14593
-0.128792
0.0402992
-0.0869082
-0.0975058
0.00785652
-0.0788803
-0.111506
-0.261906
-0.064761
0.0717078
0.128591
0.173914
-0.0589021
-0.0226387
-0.0766533
0.0889025
0.0768454
-0.0428409
-0.0702271
-0.11558
-0.0822001
-0.0958876
0.0438859
-0.0267196
-0.0314952
-0.11636
-0.145431
0.0175932
-0.00731291
-0.190855
-0.0113129
0.121513
-0.118284
-0.226725
-0.0735253
0.151145
0.172763
0.0754883
0.0815258
-0.0547869
0.11586
-0.21067
0.0464375
-0.123223
0.0462254
0.0642595
-0.0754768
-0.0654077
0.00897596
0.0264102
-0.0272698
-0.0299631
-0.0198411
0.0571927
0.0561281
-0.0377772
0.0312361
-0.0657364
-0.0493471
0.0677881
-0.0064851
0.00955218
0.0847516
0.0289541
-0.0150168
0.0175031
-0.084609
-0.0746768
-0.0352243
0.00856288
-0.0658727
-0.0335075
-0.0284333
-0.00317852
0.0540588
-0.0646176
-0.0556992
0.0396807
0.00432381
0.0185178
0.0117575
-0.0106331
0.000606888
0.0548554
-0.0285094
0.0729884
0.140649
0.477973
0.141981
-0.069913
0.0700037
-0.0827286
-0.0643721
0.0204652
-0.0671456
-0.035406
0.107852
-0.39962
-0.134919
0.0604521
-0.0385731
-0.00279515
0.0819449
-0.03911
-0.0363577
-0.0823109
-0.0422177
0.155807
-0.219608
0.197178
0.120477
-0.112131
0.0129472
-0.0281093
-0.0163235
0.0252475
0.0864418
0.0824346
0.283559
-0.111587
-0.0462366
0.0230836
0.123366
0.0351028
-0.0112488
-0.0785718
-0.058551
0.199151
0.0519663
0.0505647
0.254283
0.190583
-0.0322251
-0.0341054
-0.0304355
-0.028292
0.0756958
0.19035
1.57522
0.340175
-0.295
-0.139796
-0.166607
-0.0127102
-0.041345
-0.11867
0.0529052
0.0777794
-0.0226835
0.0733725
-0.0683964
-0.00429478
0.0128475
-0.0364752
0.0501903
0.0902861
0.209176
-0.356617
-1.56035
-0.198098
-0.122499
-0.0442284
-0.0281063
-0.019503
0.00631241
-0.243268
-0.293157
-0.0872482
-0.124434
-0.239478
0.0137175
0.0221783
-0.0522631
-0.0211497
-0.118928
-0.102781
0.0120264
0.065487
-0.320295
-0.156624
-0.103501
-0.0546993
-0.0376256
-0.00846398
-0.0562341
0.0830731
-0.155871
-0.197097
0.219513
-0.198129
0.00515402
0.0285138
-0.0363866
0.0546905
-0.125256
-0.0308417
-0.0276439
-0.108823
-0.0450547
0.368413
-0.169119
0.0889298
-0.00997334
-0.085391
-0.0177143
-0.00235107
0.0247445
0.0923538
-0.151194
-0.505156
-0.1904
-0.103137
-0.0658022
-0.0529142
-0.0346815
0.011237
-0.0553722
-0.0661081
-0.11703
-0.140047
-0.011481
-0.0218634
-0.0402045
-0.065216
-0.0873334
-0.00323017
0.0455547
-0.0665044
0.0149604
-0.0596466
-0.0164935
-0.0176505
0.0080007
-0.10694
-0.0536706
0.00713895
-0.0791645
-0.0848025
-0.0646689
0.0693267
-0.285407
0.0506321
-0.00958256
-0.0838671
0.00112682
0.0241851
0.0214339
0.00996081
-0.0550108
-0.147544
-0.0628344
-0.0114142
-0.0145487
-0.0189681
-0.0452934
-0.442699
-0.444061
0.0607649
0.0160809
-0.016474
0.023611
-0.0243136
-0.00414164
-0.0143321
-0.0139773
-0.0264049
-0.0258822
-0.0322379
-0.132407
0.1345
0.0354802
0.0104072
-0.041227
-0.00399637
-0.000522509
0.0581609
0.135805
0.0125352
-0.000752069
-0.0211986
0.0139468
0.00771635
0.0399712
-0.0737681
0.262803
0.0390452
-0.0104657
-0.0289908
0.021977
0.0636724
-0.0376697
0.102204
-0.0917087
-0.0650076
-0.00702514
-0.0025895
0.0929231
0.0255535
-0.144419
0.167693
0.0169476
0.0400272
0.0169831
0.0566932
-0.0401862
-0.0393059
-0.0661966
0.023658
0.0330355
-0.0870755
-0.0664851
0.00733111
-0.00100679
-0.0226783
-0.0262331
0.0100907
-0.049876
0.0064575
-0.0171719
-0.00430753
-0.180357
0.0663978
-0.002369
-0.034592
-0.0511905
-0.0130406
-0.007575
0.0374793
0.0131348
0.00726536
0.0083701
-0.0802017
-0.04608
-0.00173056
-0.022487
-0.0361913
-0.00362513
0.2261
-0.0281815
0.0297761
-0.0083954
0.00646558
-0.0244429
0.0296606
0.0015885
-0.0219212
0.0175808
0.00837005
0.13318
0.00291107
-0.0253528
-0.00384322
-0.127052
-0.0264877
-0.0181296
-0.0197669
0.00199698
0.141732
-0.0507485
0.0500839
-0.102478
-0.064079
0.151163
0.0192486
-0.0118324
0.00791904
0.00830087
-0.0111723
-0.0089958
-0.0293955
-0.0286498
-0.0290619
-0.00450144
-0.0112593
-0.0302281
0.0444397
-0.00772903
-0.00445091
0.0276943
0.0705154
0.115768
0.0157056
-0.0529592
-0.0394953
-0.0248999
-0.0331078
0.00106285
0.0266695
-0.00876261
0.0592081
-0.00826442
-0.0671708
0.00871828
-0.0281498
-0.0764806
0.00685002
-0.000579431
0.0101983
-0.231714
-0.00517815
0.00072447
-0.0421779
0.0959939
-0.00119477
-0.033858
0.00356714
0.086252
0.0126439
-0.0145359
-0.0259297
0.0217286
-0.0347036
0.0313032
-0.0196159
0.00889636
-0.017897
-0.0261124
-0.00116672
0.136827
0.00357365
0.00111239
0.00977136
-0.0133777
-0.00426438
-0.0126461
0.0109135
-0.00702242
-0.00407736
-0.0507522
-0.0249722
0.0252675
0.0170239
-0.0132802
-0.0254121
-0.0185586
0.060652
-0.030956
-0.00151014
-0.0327345
0.00844863
0.0426401
-0.00216064
0.00789483
0.00491236
0.00316377
0.00706193
0.00947004
0.00549535
-0.00922117
-0.00550003
0.00860306
-0.00296717
-0.00821709
0.0194959
-0.00475704
-0.0103896
-0.0104246
-0.027036
-0.01558
-0.039859
-0.0371504
0.000547757
0.0112237
0.0177956
-0.00902862
-0.0274335
0.0612637
0.00325618
-0.00177045
-0.00489166
-0.074047
0.00350546
0.00523399
0.000504942
-0.00885145
-0.00655875
0.00593773
0.00115776
-0.00196976
-0.00755318
-0.00612174
-0.0133022
0.0171942
0.000346433
0.00477633
0.00735958
-0.0159563
-0.000613368
-0.00980301
-0.00111481
0.00316298
-0.0011215
-0.0171683
-0.00691353
-0.00336655
-0.00887089
-0.00409799
-0.0026491
0.0393635
0.00220231
0.00213209
-0.00296172
-0.00808506
0.00290901
0.00705991
-0.00254089
-0.00169927
-0.0020256
0.00663063
-0.00458435
-0.00211169
0.000911296
-0.00278525
0.00173598
-0.00156002
-0.00370446
-0.00138336
0.00231521
-0.00628339
0.000462339
0.00479623
-0.00268484
0.00464951
-0.000897598
-0.00183285
-0.00133329
-0.00400979
-0.000571357
-3.29869e-06
0.00223765
0.00108335
0.00016556
0.000232158
-0.000669384
0.000934247
0.00098927
0.000128629
0.000879417
0.00123664
-0.000412246
0.00170828
0.00128628
0.00115579
0.000927825
0.00104509
0.000898079
0.000629041
0.000438112
0.000144228
0.00191385
0.00145493
0.00139982
0.00132731
0.00166973
0.00171895
0.00116464
0.000808747
0.000677866
0.000844363
0.00234454
0.00171319
0.000862033
0.000895943
0.00266354
0.00129063
-0.00129846
0.000677516
0.00386067
0.00183261
0.000223742
0.000457887
0.00362412
0.0040061
0.00228879
-0.00541678
0.00313791
-0.00512757
0.00226025
0.00999659
0.00501553
0.00264883
0.00567075
0.00168667
0.00318159
0.00683627
-0.00122669
0.00382857
0.00243351
-0.00355754
0.00522131
0.00448885
0.00456028
-0.00635632
-9.93859e-05
0.00836528
0.00249755
0.00218407
0.00451344
-0.0408449
0.00393261
0.00927004
0.00779846
0.0069604
0.00760703
0.0222432
0.000989017
0.00741533
0.00152841
0.0114091
0.00245768
0.0224098
0.00952243
0.00560052
0.00929996
-0.00940126
0.0177891
0.0121114
0.00860834
0.0087754
-0.000100079
-0.00554913
0.00573259
0.00902866
0.00342477
-0.00494024
0.00277461
0.0762484
0.00932199
0.00594953
-0.000252516
-0.0536809
0.0260065
0.0130651
-0.0262671
-0.013063
0.000725362
0.0412627
0.0585902
0.016938
0.0268355
0.0107787
-0.00157811
0.0034168
-0.0200474
0.00566482
0.00440994
-0.00210997
0.00324658
0.0112441
0.00512863
-0.00515617
0.0217065
-0.00234252
-0.00637706
-0.0103797
0.0013038
-0.0439979
-0.00223202
0.0322682
0.00148434
0.0379465
-0.0640932
0.0156625
0.0348948
0.0167395
-0.0101903
-0.0237159
0.0276198
0.0510789
0.00676925
0.00980365
-0.00374065
0.00881058
0.00572753
0.0164122
-0.00633982
0.00749234
-0.00242039
-0.149866
0.00559789
0.0328104
0.0176634
-0.00723791
0.0205853
-0.0250697
0.0387851
-0.0211151
0.0199638
0.0197579
-0.00567211
-0.0833231
-0.00212009
0.0329908
0.00599456
-0.0902217
0.0390535
0.00231977
0.0109163
0.241652
-0.0121363
0.00138007
-0.00538714
0.0843121
0.0239601
-0.00687686
0.0647583
0.0127414
-0.0570667
0.00939919
-0.0326687
-0.00182052
0.0339868
0.0309532
0.0402574
0.0542781
-0.0144698
-0.110225
-0.0666448
-0.0331806
0.0158369
0.0109082
-0.0464099
0.0162144
0.0122887
0.00602315
0.0295313
0.0773925
0.0335813
0.0110938
0.00669891
-0.00590504
-0.00673298
0.0129101
-0.0128226
-0.161064
0.0657898
0.0978206
-0.0468505
0.0480949
-0.135089
-0.00658895
0.017073
0.0119863
0.00714353
0.134086
0.0180611
0.0250322
0.00255676
-0.13213
-0.00555555
-0.00978817
0.0229253
-0.00494438
-0.0191211
0.0313109
-0.00709718
0.00535136
-0.0239048
0.0294811
-0.221817
0.00264187
0.0341242
0.026913
0.00557022
0.0401691
0.0377044
-0.0104495
-0.00995353
-0.00885341
-0.0378538
0.00330974
0.0252343
0.0419448
0.0325578
0.00367412
-0.116743
0.185382
0.00861788
0.0245329
-0.00436355
0.0392597
-0.00480636
0.025949
0.0241552
0.00829219
-0.0125394
0.0910864
0.0906545
-0.032438
-0.0232412
0.0840514
0.0471273
0.0412822
-0.0496018
-0.0124708
-0.0352388
-0.0238812
-0.166389
0.142111
-0.0200342
-0.0930093
0.00897223
0.00929075
0.0611217
0.09847
-0.10279
0.0397357
-0.0363553
-0.0166091
0.0263604
0.006099
-0.0320985
-0.270635
0.0825701
-0.0376118
-0.00862993
-0.00956899
0.0106886
0.00261456
-0.0163353
-0.135795
-0.0405882
0.010266
0.00170952
0.0448739
-0.0140908
-0.0298477
-0.0777802
0.157633
0.037022
0.0299998
0.0307788
0.015793
0.00993507
0.00484352
0.0163609
-0.00603517
0.0231532
-0.00847306
-0.0565494
0.46935
0.467041
0.0471044
0.0191007
0.0158468
0.0234936
0.0388626
0.155507
0.0565035
-0.0132787
-0.0188263
-0.0271576
-0.0015117
0.0750492
0.00760205
-0.0478076
0.285044
-0.068084
0.0814385
0.077643
0.0774028
-0.00901142
0.059463
0.128243
-0.00815659
0.0192386
0.0334302
0.0569571
-0.00491719
0.0826428
-0.0403508
0.00401434
0.0888272
0.0677534
0.0469716
0.0215689
0.0176196
0.156195
0.112663
0.067835
0.0557014
-0.00944814
0.0365365
0.0585212
0.0653786
0.10068
0.193893
0.50896
0.162712
-0.0925608
-0.0289378
0.00827971
0.0227651
0.0864498
0.00812018
-0.0782526
0.172043
-0.365345
0.049128
0.0974055
0.0158908
0.0193773
0.125817
-0.0542399
0.0443427
-0.0238188
0.00510489
0.194162
-0.215859
0.202272
0.159416
-0.0706332
0.0574857
0.000482163
0.0346075
0.0616039
0.107692
0.159065
0.316792
-0.0600233
-0.01002
0.107222
0.122435
0.0287311
0.0511727
-0.0251039
-0.0134678
0.237481
0.124084
0.0853834
0.303702
0.261532
-0.0208353
0.0230324
0.0295132
0.0449055
0.130634
0.19268
1.61341
0.442439
-0.227206
-0.0894634
-0.0523237
0.0384046
-0.0146726
-0.0214882
0.0810644
-0.0653222
0.0237463
-0.071755
-0.0392715
0.102237
0.0424693
0.014715
0.156157
0.134082
0.266832
-0.259134
-1.56478
-0.1915
-0.0676843
0.0322682
0.0349312
0.0346888
0.0306155
-0.166165
-0.23841
-0.0556179
-0.0535618
-0.200593
0.0607918
0.0721413
0.0114649
-0.0280751
-0.113942
-0.0179112
0.0434338
0.114398
-0.290251
-0.0773263
-0.0825846
-0.0220758
0.0104219
0.0208812
-0.0162561
0.133959
-0.126464
-0.192821
0.215063
-0.160565
0.0368141
0.0921079
0.0439204
0.0374976
-0.0761208
0.00248896
0.0340742
-0.0643275
0.141116
0.402769
-0.106363
0.052389
0.0624622
-0.0102463
0.0644926
0.0807921
-0.0596917
0.0686211
-0.136489
-0.475554
-0.126412
-0.0736978
0.0277601
-0.0227574
0.00222964
0.0201779
-0.00716126
-0.00553012
-0.00449495
-0.0350716
0.0546084
0.0667502
-0.0497592
0.00259924
0.0313748
0.0390529
0.0653682
-0.00892202
0.0265448
0.072662
0.0881765
-0.0103858
0.0157547
-0.0188874
-0.0824442
-0.00477529
0.00701023
-0.0640335
0.0650569
0.0634824
-0.0373145
0.0424155
-0.0513799
-0.0592411
0.0164226
0.0319966
0.0269696
-0.0326144
-0.00514621
0.0707913
0.0742452
-0.0587062
-0.0494444
0.126729
-0.0433084
0.210374
-0.117501
0.0572443
-0.0795154
-0.0699868
-0.162539
-0.170733
0.0666747
0.234354
0.119516
-0.104902
-0.00717905
0.189277
0.0191528
-0.0168613
0.153595
0.11269
0.0309247
0.0226739
-0.0498403
0.0918383
0.0884839
0.122552
0.071796
0.0503763
-0.0754938
-0.0849053
0.0788861
0.0240883
0.0566328
-0.171551
-0.117388
-0.0632258
0.0663561
0.296208
0.119613
0.0778374
-0.00589709
0.105717
0.0845061
-0.0477297
0.131978
0.154462
0.300139
-0.0207148
0.0319298
0.0744937
-0.0173399
0.137542
-0.0405904
0.00530888
0.0973313
0.0313037
0.00462658
-0.0855048
0.190972
0.213166
-0.746396
-1.33737
-0.14657
0.32015
-0.160014
0.0106027
0.126388
-0.0775058
-0.15565
-0.0625164
-0.153929
-0.136574
-0.0611141
0.146436
0.25067
0.00678017
-0.357335
-0.649645
0.102321
-0.708299
0.257779
-0.189587
0.445676
0.164885
-0.253497
-0.326763
-0.172246
-0.0345639
0.159953
0.199252
-0.146869
0.160619
-0.0789355
-0.0127006
0.369999
1.09601
0.675962
-0.5284
0.249648
0.273569
0.227211
0.193836
0.14506
0.0709328
-0.259374
0.0885662
-0.0580828
0.0519019
-0.0617715
0.0256886
0.632017
-0.320955
-1.45123
0.30961
-0.347247
0.0918942
0.169878
0.0627584
-0.18048
-0.127737
-0.0351998
-0.0540844
-0.0134225
0.0330021
0.140279
0.151229
0.155929
0.140599
-0.884058
2.05751
-0.723765
-0.124878
0.0874141
-0.274377
-0.180543
-0.193607
0.072744
0.0772219
0.0412832
-0.015586
0.0959942
-0.00565103
-0.179899
-0.235362
-0.277705
-0.0501571
-4.18534
-0.548068
-2.19046
0.816798
0.373867
0.296815
0.232102
0.0857429
0.0722168
0.10232
0.0794115
0.313909
-0.00745493
0.0325597
0.0681771
0.00662564
0.0344239
0.0353588
-0.00578655
0.0493973
0.206709
0.0577917
-0.122377
-0.0376305
0.0303796
0.00780252
-0.10861
-0.127021
0.112479
-0.262159
-0.602066
0.864615
-2.07609
-2.31866
-1.56358
0.455105
0.30216
0.254538
0.158851
0.113475
0.0522586
0.0340231
-0.00479452
-0.0236091
0.169545
0.64669
-0.364267
0.0594832
0.339094
0.257369
0.258535
0.256859
0.189601
-0.13076
-0.0524084
-0.123864
0.00844953
0.0795668
0.16393
0.0370293
0.341947
0.0713467
-0.10901
-0.0408249
-0.127004
-0.231875
0.370582
-0.596175
-1.86924
-0.0408119
0.340058
0.130887
-0.0263441
0.0820467
0.177006
0.0437799
-0.0150584
0.208062
0.390861
0.363998
0.303612
0.00942701
-0.186672
0.659324
-0.319976
0.525397
0.258009
0.193342
-0.0548269
0.130772
-0.0672236
0.141531
0.24812
0.129263
-0.00475702
0.120379
0.354335
0.407532
-0.264893
0.193075
-0.376509
0.935688
0.481909
-0.484173
-0.216032
0.0121909
0.219552
0.114841
0.00371353
-0.0602067
-0.0877992
-0.0730582
0.0209544
0.227475
0.0185305
-0.0621676
0.314425
-0.307594
-1.04349
-0.31938
0.455975
0.279386
-0.064153
0.18097
0.124531
0.0226594
0.0336601
0.110511
0.104879
0.00526107
0.0671335
0.0532464
0.0316732
0.0335633
0.187088
0.132045
0.147698
0.106079
0.120363
-0.0789783
0.104568
0.108443
0.0761667
0.0391622
-0.0866543
-0.0662776
0.0471226
0.204246
-0.00772331
0.0105243
0.0223808
0.0949213
0.0503223
0.0563594
0.0992956
0.100041
0.0742549
0.161574
0.201698
0.240622
0.289575
0.0458339
0.0678206
0.222731
0.0445771
0.1652
0.0139637
-0.0687216
0.0256563
0.187576
0.0978903
-0.202174
-0.0259398
0.0324975
0.0467442
0.214408
0.0238998
0.061458
-0.30145
0.138378
-0.0262234
-0.0388846
0.0479029
0.105201
0.0630116
-0.0142661
-0.0478676
0.00858609
-0.00194292
0.063251
0.0413192
0.114285
0.00974943
0.041317
0.0543124
-0.0478387
0.0717526
0.0501122
0.0443851
-0.0496744
-0.780292
-0.00928531
0.0613905
0.0558288
0.0510914
0.0991306
0.0570695
0.0507107
0.056005
0.0768258
0.0486098
0.028336
0.0829812
-0.0605097
0.232595
0.125956
0.104947
0.0580233
0.0653427
0.0980622
0.173976
0.072892
0.227078
0.0598342
0.0488606
0.0750915
0.0554662
0.0494119
0.210581
0.0580168
0.0984158
0.10602
-0.0427908
0.0808211
0.0188954
0.178314
-0.0312482
0.037711
0.0562299
0.0729925
0.106932
-0.039772
0.0131249
0.186588
-0.0267822
0.0434682
0.020748
0.0669294
0.0433256
0.0822059
0.108058
-0.0355605
0.0176757
0.0388271
0.0155986
-0.064482
0.0570544
0.0812824
0.0188355
0.0453294
0.0943095
0.0292297
0.0808535
0.159996
0.0693657
0.0221371
0.0592387
0.0540064
0.0977073
0.0319281
0.0815428
0.136863
0.00556093
0.0526153
0.070515
0.0290469
0.135939
0.165714
0.0517147
0.0609859
-0.121821
0.100366
-0.070423
0.0776937
0.0353653
0.0927377
0.0981222
0.0731281
0.095481
0.0621224
0.0637136
0.0728848
0.113717
0.0185174
0.0899199
0.0286514
0.0694267
0.0704832
0.0481078
0.0480912
0.137238
0.083508
0.0175453
0.0703358
0.0461424
0.062666
0.0751549
0.0777689
0.020799
0.0355971
0.0855588
0.0474072
0.0762643
0.0630246
0.0727495
0.075769
0.0751634
0.0356883
0.0647599
0.082531
0.0526269
0.0762116
0.0131886
0.0726207
0.0551324
0.0577263
0.0947057
0.0626017
0.0556328
0.0848547
0.0530068
0.0566992
0.0430256
0.0602113
0.083879
0.0599246
0.0477519
0.0591962
0.0558541
0.061692
0.0671891
0.0685125
0.0606244
0.0651979
0.0606037
0.0688813
0.0666001
0.0671591
0.0669232
0.0671122
0.0666823
0.0674417
0.0656339
0.0670496
0.0648492
0.0662914
0.0652676
0.071564
0.0712449
0.0646825
0.0668666
0.079987
0.0612821
0.0679262
0.0649115
0.0657618
0.0712814
0.0661097
0.0638084
0.059514
0.0812883
0.0729549
0.0632785
0.0658428
0.0556966
0.0715601
0.0683528
0.0669967
0.0675559
0.0724769
0.0655002
0.0633413
0.0335959
0.0280855
0.142058
0.0547084
-0.0220077
0.0906399
0.147269
-0.0190433
0.154232
0.220846
-0.301731
0.0323566
0.0605333
-0.091559
0.402235
-0.143292
0.47573
-0.0246593
-0.345155
0.147703
-0.316487
0.916338
-0.189951
1.25841
-0.0203476
0.129022
-0.566511
0.415035
-0.295863
0.204954
-0.6306
0.706808
0.02322
0.182568
-0.150721
0.183722
0.0723756
-0.118632
0.201638
0.156754
0.528826
-0.0119842
-0.0850134
-0.274299
0.278876
-0.0614729
-0.349962
0.447816
0.289566
-0.206356
-0.319579
1.11981
-0.597605
0.0939202
0.456574
0.415283
-0.744487
0.431845
0.401822
-0.419059
0.56496
0.47457
-0.565603
0.0647404
0.319985
-0.399768
0.439158
-0.586844
0.98391
-0.169817
0.18802
-0.286864
0.232778
0.111766
-0.686388
-0.0706667
0.235192
0.180094
-0.258039
0.184655
0.736457
-0.260168
0.160051
-0.416256
0.0702211
0.0260556
0.367504
-0.430747
0.543475
-0.360363
0.378328
-0.602394
0.134451
0.794982
-0.793654
0.29502
-0.303972
0.484632
0.276241
-0.0514209
0.413174
-0.320788
0.122663
0.0501909
0.444057
0.399506
-0.609607
1.31309
-0.370474
0.196818
0.444521
-0.398625
-0.299154
0.675016
-0.40471
0.181632
0.133991
-0.224034
-0.11942
-0.108428
0.463191
-0.359156
0.353836
-0.18227
-0.132943
0.586169
0.132472
-0.0813772
0.500803
-0.0622307
-0.121463
0.190686
-0.178817
0.0521023
0.547969
-0.470956
0.741043
0.0310682
0.792938
-0.982092
0.270122
0.243293
0.0869622
0.917603
-0.327495
0.657763
-1.07222
0.937221
-0.201268
0.396758
0.556846
-0.164681
0.874655
-1.14092
1.03623
-0.932482
0.571418
1.49656
1.66108
-0.926383
1.02239
-1.82345
0.313614
1.37046
-2.25838
2.49589
-0.585336
0.277138
-0.108683
0.596353
-2.20811
2.21754
-1.61701
1.29165
0.392259
0.0334953
0.800878
-1.05821
-1.81576
0.463716
-0.232171
-0.0117328
0.340189
0.514287
-1.02205
0.655962
-2.62512
2.41321
0.215426
-0.915925
1.7182
0.563501
-0.632913
-1.5543
0.932608
-1.66773
-0.0516537
2.12026
0.211965
-0.79399
-1.12493
1.45456
-0.586002
-1.64477
-0.0165376
2.47776
0.724614
-0.95413
0.055039
-0.0865118
-0.595092
-0.22105
0.21379
0.0743163
0.754426
-0.536482
-0.27578
1.16186
-0.0938084
-0.323615
0.227566
0.675073
0.316228
-0.615554
-0.626115
0.520127
-0.0327007
0.368756
-0.473679
0.0931124
0.303789
0.0537303
0.776989
-0.0831466
-0.0762226
-0.311975
0.821769
0.0833924
0.530413
0.270647
0.341278
-0.719039
0.369642
0.93832
-0.531506
0.3186
0.635525
0.726662
-0.342201
-0.267775
0.0611949
-0.256896
0.1437
0.235872
0.409482
0.0865446
-0.564471
0.47076
0.669708
-0.0247098
0.297302
-0.754473
0.0909248
0.960578
-0.276188
-0.119256
0.679141
0.810992
-0.101324
-0.314159
-0.689106
0.730134
0.722058
0.107089
0.0605719
0.21825
-0.22457
0.449884
0.882655
0.108368
-0.58009
-0.2343
0.222424
0.103024
0.481667
-0.0994673
-0.493418
-0.00458583
0.678066
0.0747994
-0.205368
0.0831339
0.422709
-0.0764221
-0.136438
0.661018
-0.245164
0.146585
0.0700977
0.359804
0.149466
-0.299002
0.0335183
0.679158
0.207324
0.016827
0.0264673
0.199416
0.630072
-0.468765
-0.318423
0.624522
0.279111
0.348086
-0.342889
-0.0848192
0.295457
0.39385
0.143574
0.152567
-0.211787
-0.384832
0.257242
0.77138
-0.00594164
0.0248176
0.250736
-0.121167
-0.138179
0.170731
0.545395
-0.252242
0.281456
0.645471
0.303359
-0.153436
0.287862
0.239521
0.0120584
-0.160939
0.18465
0.297327
-0.117246
0.327565
0.186289
-0.170643
0.108605
-0.139535
0.322908
0.341024
-0.195036
-0.0360084
0.296015
0.339697
0.223189
-0.477283
-0.206862
0.676995
0.276443
-0.347996
-0.216159
-0.122105
0.342692
0.504583
0.0789932
0.176476
-0.141851
-0.310456
0.545639
0.384209
0.497471
0.285148
-0.21892
-0.326058
-0.163347
-0.154699
-0.376399
0.189858
0.547809
0.11965
0.316591
0.358178
0.924777
-0.185958
0.159789
-0.242146
0.125778
-0.0737282
0.0961248
0.305326
0.472602
0.842345
-0.244249
0.166019
0.297206
-0.628308
0.519046
-0.025391
-0.504554
0.0972475
0.0322119
0.240499
0.645758
0.387739
-0.774193
0.479558
0.0534513
0.530751
0.16991
-0.166731
1.43074
-0.953206
-1.06808
1.38522
-0.809092
1.07681
-0.0343871
0.769018
0.440992
-0.146387
1.30963
-0.985558
0.0856289
-0.739451
0.540178
-0.477464
0.614537
0.0975931
0.740612
0.0763518
0.0774123
0.501835
-0.0351786
0.491434
-0.499765
1.56152
-0.345728
-0.373057
-1.75926
0.0905868
1.82007
0.751865
0.0823817
-0.0641219
0.0120067
0.987967
-0.291223
-0.438923
-0.199756
0.0631805
0.987668
0.625827
0.0215915
0.557462
-0.74657
0.348074
1.00737
0.352425
0.57287
0.544266
-0.982234
-1.1334
0.604542
0.714073
-0.971499
1.28423
0.441987
0.811663
0.614243
1.70548
0.231076
-1.33478
1.66403
-0.105376
-1.59431
-2.61615
1.71189
2.15903
-0.982033
-2.42646
2.00044
5.96505
0.10032
-3.06535
-4.13748
3.42952
2.58442
1.26182
-2.14144
-4.82224
0.816356
0.93964
3.41894
3.68627
-3.064
-0.828225
-0.273394
-0.0981017
2.73932
-1.18372
0.71451
2.50483
-2.98491
0.127401
5.09855
-1.98319
-4.76133
4.50449
3.10411
-4.17986
-1.05227
4.57783
0.7982
-5.66738
-0.88843
5.79046
-2.5654
-2.51331
1.75102
3.47746
-1.67719
-2.82609
0.70536
2.69762
0.603109
-4.48912
1.20377
2.52952
0.1988
-0.111245
-2.66163
2.91398
0.15033
2.21126
-2.84143
-0.164338
0.724635
-2.7284
6.80959
-2.45726
-2.36199
5.07365
-5.82476
0.345415
3.8959
-3.71946
2.17319
2.38057
-2.64169
0.350323
0.999447
0.445033
-1.87063
0.890384
1.28476
-1.61019
1.71503
0.431182
-1.37904
0.43758
1.56985
-0.556311
0.347595
-1.53645
1.8609
1.45731
-2.83724
2.99536
-0.854346
1.08055
-1.12129
-1.22453
1.79193
0.55642
-1.04619
1.15263
-2.80727
5.09153
-3.98719
3.36556
-1.10168
-2.50047
3.76474
-2.58474
1.25802
2.76385
-3.06177
2.81261
-1.27193
-0.568616
1.46959
-1.70435
1.30359
1.32428
-1.66771
1.28158
0.821287
-1.35199
2.08045
-1.3821
1.56293
-1.9811
3.17329
-2.29251
0.913525
1.71449
-1.83923
2.79912
-2.80889
1.57669
2.83449
-2.35135
-2.71123
3.09763
2.40085
-4.20415
4.54274
-3.3239
1.51583
-0.398958
-1.04007
1.69786
-0.234232
1.53331
-0.230525
0.332468
-0.410687
-0.0442789
0.748905
-0.132599
1.93147
-1.24552
1.66987
-1.16863
1.43375
-1.42011
1.78258
-1.29312
0.86354
0.449269
-0.00287478
0.784578
0.49877
-0.756122
1.9221
-1.36707
2.34738
-1.30029
1.30376
0.252991
-0.869461
3.1026
-3.64065
5.43886
-6.5792
6.51862
-2.11936
-4.42757
11.8732
-20.9237
24.0679
-9.72431
-18.0118
37.5479
-29.7961
9.65014
4.80301
-9.84463
11.6166
-9.08829
9.54333
-6.62832
4.70983
-3.56318
1.76904
-0.561497
-0.0329386
0.880867
-2.1432
5.08077
-3.28285
3.20017
-0.906809
-2.24539
5.37941
-2.99051
0.450232
3.17506
-3.76159
0.710932
4.34942
-3.1346
-1.00296
4.28756
-1.65232
-2.88269
2.65225
1.91846
-1.2141
-3.08923
4.59999
1.75752
-6.14851
-0.570391
6.02019
-0.0355672
-6.8314
3.78566
10.2318
-14.3757
-8.64504
19.667
12.6481
-27.1865
-1.65474
25.8446
-24.8686
20.5803
-10.2468
6.42686
-5.923
3.92117
-4.49279
6.8737
-8.47035
11.9205
-11.9043
10.6742
-1.69248
-3.63244
8.7965
-9.8448
7.93257
1.60654
-7.96888
8.80587
-1.14417
-6.80216
5.82111
1.89079
-6.06005
0.577299
4.96197
-3.96915
-3.60952
2.91294
3.34692
-4.41143
-2.82382
-0.451121
4.18821
2.21813
-3.43126
-3.6221
-2.41264
-0.780909
3.37582
4.32234
-1.45829
1.47889
5.99274
-5.94989
-9.30202
13.3011
27.4037
-29.923
-10.4566
12.2702
-16.6183
17.4147
-7.22555
15.5544
-6.00982
16.6535
-4.4458
-0.315086
4.17413
-7.60534
7.39748
-5.94848
-5.61845
8.83057
-4.28763
-4.8527
9.39007
-1.34294
-3.50892
5.11905
3.66047
-0.992384
-1.29841
5.54492
8.28531
-0.409763
-2.94682
-1.63509
3.95314
5.93878
2.73317
0.933758
-1.3448
-0.29797
-0.104918
2.13343
2.54141
1.98556
-0.241003
0.517718
8.29855
2.21151
-16.887
-2.45805
34.1201
9.85483
-55.3708
-0.313765
41.1829
-17.2908
20.9528
-8.09004
9.33112
-7.20735
10.1963
-7.56975
8.54129
-3.15687
-5.13965
7.0301
-3.85804
-1.67871
7.08747
-0.711656
-3.42552
4.47649
5.42807
0.786362
-0.0841193
4.29358
8.30729
6.27029
1.83661
0.117211
0.425887
2.54835
3.20056
2.77963
2.02746
1.31434
0.354526
-0.338835
-0.772678
-0.837163
-3.06844
-4.44927
-4.16651
-3.27718
-2.25001
-2.11715
-2.56448
-4.86342
-6.18773
-2.85038
4.18885
17.0437
25.4994
4.41436
-57.5396
-55.6223
7.03343
0.964713
21.3861
6.48673
22.8592
4.11227
8.85275
19.0136
-1.61603
1.41183
19.4125
9.56627
-11.2658
-11.981
4.50271
15.4431
14.8464
7.17827
2.30939
-0.452869
-1.06976
-2.87365
-2.30004
-1.65842
-1.71615
-0.513861
-0.0388134
-0.150381
0.625856
1.31112
0.726722
2.72558
0.591008
3.18304
2.94327
2.37885
3.76356
2.93157
4.90525
5.10031
6.79877
8.05406
7.37765
9.74476
8.85421
11.6254
6.86825
2.50672
-41.9197
63.0129
119.6
-70.5835
32.4939
18.8355
-58.467
31.0909
62.5477
20.2723
-14.0582
-22.1017
-18.0637
-13.2862
-10.07
-8.78697
-6.62051
-5.734
-2.82251
-3.88724
-3.69762
-3.30067
-3.50755
-2.27914
-2.65567
-1.38451
-1.48422
-0.946262
-1.6477
-1.2916
-0.844408
-0.834206
-0.902507
-1.45375
-1.2333
-3.38808
-2.37879
-2.45944
-0.273347
-0.495738
-0.302643
-0.581718
1.32191
-0.00730197
-0.524944
-0.0120298
-0.194948
0.21868
-0.683368
-0.229323
0.00474129
-0.0282721
