-0.211559
0.895186
0.435099
0.27748
-0.665153
-0.767665
-0.864325
0.649546
0.206961
0.37811
-0.986316
0.966582
0.649305
-0.559676
-0.692715
-0.639777
-0.425021
0.115047
-0.204246
-0.404423
0.27251
-0.676848
-0.394458
-0.21227
-0.0893571
0.629043
-0.606117
0.0328441
0.109455
-0.843407
0.219154
-0.649507
-0.863871
0.890225
0.859636
0.560901
-0.337487
-0.787599
0.361359
-0.103396
-0.70153
-0.0341093
-0.90942
0.796236
-0.489486
0.402798
-0.351547
-0.0131949
0.0386209
-0.571214
0.931243
0.518066
0.883142
0.759614
0.27442
0.770286
-0.897423
-0.646715
-0.899389
-0.410844
-0.182999
-0.512182
0.581096
-0.226564
-0.418813
0.156912
-0.678209
0.634492
-0.819706
0.9476
0.464673
-0.616587
-0.970101
0.626579
0.485227
0.436891
0.641524
-0.791445
-0.348286
-0.805201
0.741357
0.168339
-0.28862
-0.66088
-0.311622
-0.27249
0.441698
0.310418
0.794051
-0.105419
-0.762559
0.42005
0.532782
0.0852117
0.599909
-0.0856092
-0.00224349
-0.212731
-0.84765
-0.722172
-0.942672
0.261041
-0.422364
-0.0710349
0.679812
-0.363298
-0.280463
0.499194
-0.544131
-0.871101
-0.415128
-0.764895
0.733635
0.516263
0.232495
0.795458
0.476159
-0.63459
0.728833
0.00963137
0.586296
0.782847
-0.31672
-0.797907
-0.472413
-0.194532
0.550223
0.683884
-0.81594
0.0223998
-0.149624
-0.482401
-0.717733
-0.274905
0.894419
-0.387061
0.0716924
0.302688
-0.258839
0.870617
0.899942
-0.457598
-0.011844
-0.39679
-0.452412
-0.829037
0.211973
-0.0240784
-0.835175
-0.417913
0.889229
-0.497204
-0.762601
-0.0709826
0.844671
-0.409849
0.395245
0.563993
-0.484605
0.490477
-0.274225
0.244586
0.216042
0.00489193
-0.771197
0.648769
-0.342572
-0.537042
-0.891822
0.163561
0.404779
-0.845627
0.0216177
-0.580269
0.327042
-0.722933
0.266298
-0.181047
0.771385
-0.769142
-0.208636
-0.709265
0.769684
0.744935
-0.453146
0.449366
0.587699
0.0413219
0.0490998
-0.521309
-0.864009
0.722064
0.667592
0.157145
-0.2924
-0.326632
0.482728
0.788799
0.782132
0.613344
0.33731
-0.779123
-0.606032
0.804839
0.232486
-0.889732
-0.819413
0.344943
-0.925014
-0.662721
0.109723
0.445911
0.373817
-0.535301
0.415984
-0.423269
-0.346088
0.451839
0.322952
0.669677
0.440413
0.067364
-0.835038
-0.315884
-0.457271
-0.469449
0.879092
-0.275622
0.773322
0.239733
0.524743
0.0198589
0.150811
-0.03323
-0.529918
0.46716
-0.373813
-0.852771
0.249068
-0.659234
0.838758
0.990899
0.734327
-0.307395
-0.853069
0.914115
-0.188587
0.883277
0.957825
0.657975
-0.402289
-0.228702
0.636107
-0.360908
-0.636906
0.0243257
0.77653
0.385942
0.245059
-0.837489
0.247548
0.881752
-0.760446
-0.00208664
0.679758
0.34872
0.35459
0.30319
-0.245486
-0.314871
0.718705
0.695018
0.678713
0.84031
0.0831435
0.00413924
0.663977
0.292061
0.318236
0.605237
0.793217
-0.245536
-0.217289
-0.754273
0.110097
-0.907102
-0.0613084
0.117346
-0.511028
0.0946803
-0.870001
-0.902451
0.572596
-0.236081
-0.823383
0.111121
0.557945
-0.580431
0.27991
-0.777685
-0.979787
0.111736
0.096573
0.233543
0.346899
0.954336
0.0781603
-0.42113
0.496175
-0.372902
-0.185478
-0.807476
-0.904457
0.948718
0.658369
0.208854
-0.155148
-0.623705
-0.614607
-0.527447
0.124461
0.48239
0.365836
-0.438273
0.894859
0.532391
0.0906153
0.242405
-0.149676
-0.481861
-0.189386
0.52029
-0.833179
-0.706613
-0.808756
-0.929622
0.663427
0.434441
0.00568779
-0.723874
-0.0563699
-0.140818
-0.692202
-0.205702
-0.252278
0.0947504
0.196867
-0.939638
-0.238184
0.212823
0.120524
0.725818
0.349325
-0.631721
-0.738094
0.349146
-0.961979
0.187593
0.880416
0.169666
-0.118616
0.192907
-0.172239
0.147514
0.817171
-0.256836
0.780738
0.753776
-0.53752
-0.791578
-0.779471
-0.814847
-0.782146
0.377408
-0.807178
-0.404283
0.586775
-0.931812
0.600271
-0.368481
-0.683893
0.314286
0.166249
0.717105
0.363138
0.594403
-0.395378
-0.614872
0.546439
0.668772
0.864942
-0.112396
-0.196078
0.592301
-0.326081
0.828649
0.656226
-0.0500239
0.508273
0.540088
-0.82078
0.883723
-0.0578781
0.538053
-0.364255
0.687335
-0.212635
-0.931299
0.775903
-0.737525
-0.333979
0.915471
0.8783
0.176292
0.327386
-0.0079004
-0.402319
-0.290129
0.351752
0.481976
0.51656
0.679966
-0.825595
-0.0790314
-0.836592
0.163029
-0.0934067
0.724594
-0.262223
-0.787111
-0.689316
0.520811
0.155818
-0.807681
-0.742731
0.376174
-0.705894
0.617524
0.411562
-0.79404
-0.804308
0.977893
-0.190983
-0.232366
0.489313
0.893578
0.951599
0.456947
-0.304233
-0.832286
0.605414
0.0888636
-0.138142
0.742519
-0.679503
-0.0539581
-0.984657
-0.15245
-0.901993
-0.781087
-0.789042
0.241861
0.510679
0.140654
0.912676
-0.231383
-0.379569
0.727784
-0.539152
0.907834
-0.966956
0.843249
-0.878418
0.788774
-0.0162962
1.00911
-0.783876
0.137486
0.88096
0.0293568
0.192843
0.391398
-0.0667797
0.339062
0.204226
0.690431
-0.842688
-0.483868
0.928475
0.80568
-0.0591846
0.177531
-0.495123
-0.529001
-0.105703
-0.202439
0.0707742
-0.780548
0.892003
0.824122
0.487589
-0.00616693
-0.36971
0.622531
0.259407
-0.588593
0.744005
0.665679
0.816408
0.380571
0.262876
-0.0909499
0.888552
0.62095
-0.855521
-0.999337
-0.190812
0.719097
0.968044
-0.659525
0.126836
-0.215816
0.938505
0.665696
0.700771
-0.0179016
-0.237468
-0.384436
-0.828936
0.642748
0.559345
0.999725
0.936259
0.103416
0.537683
0.812921
0.681795
-0.490661
-0.051708
-0.765268
0.795014
0.172723
-0.577201
0.207926
0.21117
-0.339381
-0.652197
0.302974
0.0553955
0.534075
0.0388336
0.65325
0.0238093
0.109899
0.771761
-0.131201
-0.77509
-0.895536
0.529717
0.275236
0.383612
-0.546154
-0.695158
-0.930589
-0.185997
0.129752
-0.17896
-0.172909
0.679323
-0.248059
0.0477728
0.479245
-0.137178
0.261258
0.678005
0.914158
-0.6666
0.766728
-0.0786208
-0.34095
-0.123797
0.875052
-0.0255287
-0.314447
0.226736
-0.438658
-0.709023
-0.677677
-0.691845
-0.589061
-0.711415
0.317294
-0.60535
-0.278088
0.768543
-0.064908
0.325408
-0.67599
-0.695336
-0.782257
-0.702748
-0.366088
-0.532925
-0.755417
-0.732129
-0.066835
-0.626432
-0.199729
0.0572717
0.419838
-0.93655
0.612093
0.322365
-0.807687
0.704539
0.758462
-0.897406
-0.426299
0.510285
0.397697
-0.541565
-0.515993
-0.310985
-0.0265094
0.149061
-0.326204
-0.0491889
0.495567
-0.879811
-0.372987
0.382063
0.78585
0.051568
0.00914412
-0.852782
-0.0992832
0.0450768
-0.457458
-0.542134
-0.291951
-0.817462
-0.289611
-0.521488
-0.292599
-0.737112
0.800299
0.186723
0.355523
0.590083
0.0469965
-0.671783
0.0749419
0.174966
0.43798
-0.20498
-0.868964
-0.45892
-0.280589
0.220394
0.0200147
-0.333776
0.934678
0.253013
-0.48016
-0.814654
-0.734611
-0.438889
-0.614977
-0.564878
-0.379532
-0.573257
0.742518
-0.827805
0.0997621
-0.161185
1.00825
-0.690989
-0.235373
0.946738
0.727826
0.647608
-0.483786
-0.581746
0.298625
0.845394
-0.0384761
0.110337
-0.386642
0.519192
-0.62452
-0.352061
-0.0636961
-0.0260764
-0.567045
-0.700047
0.268219
-0.457087
0.109416
-0.626492
-0.0238377
-0.0733689
-0.838162
-0.313436
-0.746666
-0.746064
1.01732
-0.408148
0.615281
-0.540818
0.352478
0.528705
0.085565
-0.171353
-0.0861734
-0.267969
0.787945
0.597943
0.88807
-0.676117
0.488847
0.914877
-0.572266
-0.85378
0.461793
0.213007
0.666945
-0.643501
0.590808
-0.583871
-0.563935
-0.518123
0.676007
0.313783
-0.0306935
-0.30363
0.591691
-0.272239
0.552446
-0.159718
-0.278447
-0.057651
-0.434446
0.551259
-0.00461134
-0.550704
0.677719
-0.201191
0.0806824
0.726607
0.255364
-0.73119
0.854945
0.377463
-0.32495
-0.710022
0.615556
0.281507
-0.00598147
0.696938
0.650182
-0.637955
-0.452731
-0.533134
0.521107
-0.872286
0.176817
0.581177
0.669761
-0.257843
0.655788
-0.750887
0.668728
-0.711049
-0.242219
0.524621
-0.651151
-0.535491
0.387762
0.343501
0.231642
0.498647
0.0954939
-0.433674
-0.283505
-0.596864
0.859679
0.198614
-0.171436
0.0363014
0.953374
-0.702285
0.130119
0.0639486
0.2693
-0.983586
0.761766
0.900662
0.133802
0.403653
0.825444
0.452989
-0.545706
0.193417
0.212724
-0.0915975
0.390503
0.807221
0.713692
-0.198521
-0.789461
0.876848
0.596245
-0.754553
0.757379
0.627976
0.154075
0.20502
-0.166226
-0.877277
-0.294929
0.649336
-1.01396
-0.386555
-0.164659
-0.029718
0.715292
-0.211569
-0.318035
0.455809
-0.024271
-0.528676
-0.131715
-0.712429
-0.542944
-0.0117834
-0.166155
0.82933
-0.321642
0.108892
0.235053
-0.953874
0.39245
-0.589927
0.937501
-0.590214
-0.0439925
-0.880513
0.904298
-0.103389
0.145024
-0.717455
0.457212
-0.55607
0.763858
-0.58449
-0.578654
-0.920484
-0.0167627
0.152001
-0.789128
0.558169
-0.112695
0.0278916
-0.249763
-0.173148
0.0597429
-0.609112
-0.582808
0.669566
0.883244
-0.301682
-0.463428
0.353403
-0.194019
-0.945196
-0.67864
0.461646
0.297858
-0.90749
-0.547798
-0.526993
0.245583
-0.904635
-0.8125
0.488374
-0.552523
0.265171
-0.533594
-0.832983
-0.604805
0.399101
0.612974
0.570711
-0.143164
0.226498
-0.485329
-0.464849
0.668717
-1.00329
-0.815167
-0.586528
-0.884748
-0.56922
0.113768
-0.15104
0.716872
0.676032
-0.362833
-0.466302
-0.205098
0.111776
-0.506454
0.28934
-0.123221
0.117499
-0.0391542
-0.330551
1.02131
0.532908
-0.759883
0.704848
-0.0638984
0.691884
0.587607
-0.0512479
-0.941558
-0.370566
0.0967797
0.22154
-0.504253
-0.691401
0.655437
0.931612
0.119804
-0.633301
-0.338327
-0.9503
0.883092
-0.721281
0.0658064
-0.367356
0.0379393
0.23701
0.57574
-0.67345
-0.953564
-0.596676
0.758359
0.716869
0.167458
0.157381
0.339497
-0.662201
0.742052
-0.118345
-0.148712
0.033479
-0.855564
-0.661275
0.438069
-0.789362
0.211653
-0.500066
-0.223323
-0.377763
-0.328548
0.375425
-0.356659
0.108296
-0.0715475
0.400295
0.832581
0.41075
-0.546893
-0.915524
-0.400558
0.20676
-0.796498
-0.0132919
0.195285
-0.310054
0.52835
-0.861645
-0.715983
0.378731
-0.0273568
0.302987
-0.152734
-0.442442
0.672756
0.476035
0.336138
-0.438297
0.162043
-0.282869
-0.893622
0.767445
-0.612916
0.859862
-0.0904125
