-0.00318718
0.0458871
0.094848
0.143584
0.191963
0.239891
0.287237
0.333894
0.379737
0.424676
0.468589
0.511376
0.552923
0.593148
0.631944
0.669223
0.704885
0.738862
0.771069
0.801428
0.829864
0.856324
0.880745
0.903068
0.923258
0.941267
0.957064
0.97062
0.981922
0.990955
0.997717
1.00221
1.00446
1.00253
0.998253
0.991713
0.982901
0.971819
0.958479
0.942902
0.925106
0.905128
0.883011
0.858791
0.832525
0.804275
0.774106
0.742077
0.708267
0.672759
0.635641
0.596987
0.556896
0.515467
0.472804
0.428995
0.384151
0.338384
0.29181
0.244525
0.196648
0.1483
0.0996032
0.0506575
0.00158787
-0.0474732
-0.0964304
-0.145155
-0.193532
-0.241432
-0.288759
-0.335391
-0.381215
-0.426113
-0.469993
-0.51274
-0.554253
-0.594425
-0.633175
-0.670403
-0.706018
-0.739933
-0.772081
-0.802379
-0.830757
-0.857147
-0.881501
-0.90376
-0.923875
-0.941813
-0.957538
-0.971024
-0.982249
-0.991209
-0.997898
-1.00232
-1.00449
-1.00243
-0.998077
-0.991461
-0.982577
-0.971422
-0.958011
-0.942358
-0.924494
-0.904445
-0.882255
-0.857973
-0.831643
-0.803327
-0.773091
-0.74101
-0.707144
-0.671581
-0.634405
-0.595711
-0.555576
-0.514104
-0.471394
-0.427559
-0.382684
-0.336888
-0.29028
-0.242983
-0.19509
-0.146728
-0.0980117
-0.0490697
0
0.0490697
0.0980117
0.146728
0.19509
0.242983
0.29028
0.336888
0.382684
0.427559
0.471394
0.514104
0.555576
0.595711
0.634405
0.671581
0.707144
0.74101
0.773091
0.803327
0.831643
0.857973
0.882255
0.904445
0.924494
0.942358
0.958011
0.971422
0.982577
0.991461
0.998077
1.00243
1.00449
1.00232
0.997898
0.991209
0.982249
0.971024
0.957538
0.941813
0.923875
0.90376
0.881501
0.857147
0.830757
0.802379
0.772081
0.739933
0.706018
0.670403
0.633175
0.594425
0.554253
0.51274
0.469993
0.426113
0.381215
0.335391
0.288759
0.241432
0.193532
0.145155
0.0964304
0.0474732
-0.00158787
-0.0506575
-0.0996032
-0.1483
-0.196648
-0.244525
-0.29181
-0.338384
-0.384151
-0.428995
-0.472804
-0.515467
-0.556896
-0.596987
-0.635641
-0.672759
-0.708267
-0.742077
-0.774106
-0.804275
-0.832525
-0.858791
-0.883011
-0.905128
-0.925106
-0.942902
-0.958479
-0.971819
-0.982901
-0.991713
-0.998253
-1.00253
-1.00446
-1.00221
-0.997717
-0.990955
-0.981922
-0.97062
-0.957064
-0.941267
-0.923258
-0.903068
-0.880745
-0.856324
-0.829864
-0.801428
-0.771069
-0.738862
-0.704885
-0.669223
-0.631944
-0.593148
-0.552923
-0.511376
-0.468589
-0.424676
-0.379737
-0.333894
-0.287237
-0.239891
-0.191963
-0.143584
-0.094848
-0.0458871
