0
-1.4312
0.0484475
2.34255
0.221554
0.238299
0.461524
0.415025
0.306881
0.33593
0.29997
0.256294
0.215833
0.210307
0.210011
0.182851
0.17086
0.14926
0.1566
0.138731
0.123595
0.121661
0.11421
0.0894997
0.0696492
0.0717195
0.0686669
0.0598718
0.0626658
0.0735384
0.0553828
0.0439543
0.0486943
0.0832105
0.0448679
0.04602
0.043744
0.0450664
0.0392936
0.0308636
0.0278479
0.0250345
0.0169602
0.00771445
0.0173192
0.0123852
0.010947
0.00489469
0.00437492
0.0033783
-0.000631815
-0.00424626
-0.00611892
-0.00570172
-0.011765
-0.0131899
-0.0182189
-0.0079636
-0.0174043
-0.0262851
-0.0291634
-0.0322946
-0.0401049
-0.045817
-0.0447772
-0.0468432
-0.0451103
-0.0834271
-0.0495497
-0.0453216
-0.055779
-0.0736986
-0.0638927
-0.0607812
-0.0698564
-0.0723671
-0.0709612
-0.0907484
-0.115888
-0.121812
-0.124417
-0.139616
-0.157368
-0.150659
-0.171433
-0.183709
-0.210512
-0.210971
-0.216299
-0.257293
-0.300467
-0.335738
-0.307003
-0.415038
-0.461291
-0.241356
-0.222333
-2.33464
-0.0426677
1.4509
