0
3.89961
-0.293866
-3.78096
-4.60343
2.58353
-0.38348
5.9921
-4.92231
0.135755
-3.22793
-1.28545
-7.28356
0.268236
-1.30705
4.77217
3.84496
-2.82758
-1.52385
-3.97614
0.263343
0.308167
-1.61918
-0.135464
-5.56836
5.2451
-5.71809
-3.4351
2.00967
-1.4183
-4.83346
0.911291
0.152329
-1.12803
4.51875
1.42571
-2.89981
2.68314
6.16379
-5.07835
5.84441
-0.108243
1.63001
-0.233143
0.0435817
3.97625
1.91706
3.03387
-3.53922
-5.24771
1.70066
-0.474171
7.66427
1.31509
3.32546
0.322933
5.41541
-6.18637
-0.453633
-3.30855
4.12622
4.34723
0.736044
-3.97574
