0
7.61947
-21.6003
22.7194
1.84777
20.9897
-21.6674
56.7254
5.10415
-38.8254
-2.91102
-21.5849
-7.73835
17.2706
15.2635
19.4886
-14.228
-9.07771
-7.03447
53.6531
-5.62135
-6.07321
-8.70712
-10.7346
3.57767
-14.0491
-18.3051
23.0684
5.85523
32.2832
15.8541
-5.26471
6.53868
-12.105
5.15654
-5.78257
-19.1596
14.8072
27.5636
8.38988
-19.8102
9.07722
-17.0431
-4.67936
6.90783
19.0616
-25.2128
9.65334
-0.26136
24.3902
26.3293
-2.3942
-20.5806
-24.4423
-1.88731
15.098
-19.45
-12.76
25.7083
0.649964
-19.8679
22.2566
19.9237
-20.039
33.8668
-38.7426
13.6981
-0.251993
-35.585
10.2067
17.8547
2.52279
6.87702
7.18391
-17.4862
-1.34974
-9.54264
-34.0813
17.8141
-4.78222
-13.844
-9.58043
-20.4867
-1.74813
13.8831
35.3205
-14.8379
-13.2984
-12.7685
-24.7438
-2.80881
-26.9265
-20.1468
-22.9031
6.28192
-23.2975
7.47204
24.8024
33.2588
31.6298
-1.0725
22.9595
-2.98467
52.4102
-16.9442
13.5742
-25.1528
13.4885
12.6411
18.3689
4.73019
25.7468
-15.33
-9.08253
12.4938
21.7388
-4.91174
10.5092
-41.6887
10.7829
7.71735
-3.25547
-18.6509
13.8271
-18.342
-10.4465
-4.70612
-2.56939
7.54929
-8.64877
23.6582
-48.8542
2.84798
-11.3308
-0.687905
15.6166
-10.7266
2.77569
-19.4423
-28.3297
3.29972
19.3913
15.6214
3.16495
-10.1481
3.35521
-14.2306
20.2472
31.5407
-6.72771
25.9515
-3.78674
7.39361
-4.22171
22.2643
-0.487247
1.75063
11.3255
-19.515
-3.67562
-10.7407
-27.4639
-29.1323
15.5798
-11.1643
14.2102
-35.0421
12.907
-8.84225
17.8886
-8.12679
14.2193
20.7928
-23.2506
-8.47956
-10.0251
20.5588
-10.3619
-24.3221
22.1999
5.26062
1.69976
-11.9556
16.4158
28.6667
7.61938
-25.1623
37.5054
7.70797
14.0822
18.7206
-20.2404
21.8938
14.2699
-49.666
14.8693
-3.67782
-16.2913
-39.6402
-24.3738
-13.9738
-2.36911
-17.9472
4.93107
-35.0229
0.367064
6.17765
8.87218
27.4297
-24.8963
-5.09072
-22.3001
-1.77478
-16.3242
33.7152
10.4135
22.2596
4.65417
-5.35963
-17.874
31.537
6.57558
18.6198
45.8171
-5.7835
2.64074
0.944345
-1.43765
37.4417
0.566347
-28.9933
-30.4428
16.2603
7.0381
-2.5903
-4.64627
-26.6364
-34.6883
-38.8952
-3.60618
8.16061
-6.51382
2.50181
-18.7328
-32.9108
-10.3436
-2.34468
19.3537
-40.2467
-26.9193
15.0902
-8.59635
-29.8855
-8.47343
-10.3869
18.5453
25.7812
-4.11769
-22.6324
-40.9034
-2.54306
-16.7926
22.6049
-7.899
-12.7676
1.13997
-16.6294
-11.9384
-25.129
-5.51567
-19.3317
17.0056
25.6528
-13.4481
-19.0097
-29.4342
-36.9185
-10.3289
27.1328
-24.8097
12.3058
13.8233
3.7148
-6.39106
-16.6208
-2.28192
-2.86791
-6.87055
-8.28494
10.5905
17.4507
0.750255
5.81598
-22.4664
9.47623
26.7045
0.653149
-7.84238
-23.9401
-0.328409
18.7603
-15.5559
-15.0901
-28.3833
-21.3038
-21.1525
-25.7237
-21.3835
7.26274
10.9453
-0.936041
-11.4473
32.0472
0.856754
13.4579
-18.5509
-43.3148
10.5975
15.3488
-7.88366
21.0472
-22.3324
5.32143
-1.58561
-10.7036
-14.7296
-9.12297
-2.88003
31.1837
-11.0494
-31.1466
4.14517
-9.38763
-29.677
-39.2963
-1.4911
-5.91721
-11.8489
4.78351
3.84785
-13.3841
24.8514
21.893
26.472
5.34672
-9.1602
3.47643
-5.52635
-5.21627
3.20499
-20.4864
-7.04758
2.72087
-6.93234
5.14036
-13.6028
-14.3098
-12.1227
-10.2823
-25.8686
12.383
33.4733
6.66969
11.4577
-15.7946
-24.6443
4.34092
-8.7702
-23.4722
-3.61968
10.3127
14.624
-8.04584
3.35539
-6.45343
-13.8273
-36.6215
-9.09232
-85.466
21.1447
0.710546
-17.3633
3.81298
5.91962
12.9114
34.3944
12.8594
-2.37142
-8.16519
-2.25334
0.163022
-20.6473
4.3644
28.2907
4.44287
-9.68627
26.1982
10.9495
-9.8484
6.52877
-3.08786
-2.46316
-13.557
22.331
-3.86697
12.0956
-22.8089
-15.2469
-18.9035
-18.9324
9.90603
27.6494
9.9091
29.731
-2.58239
-11.971
-16.1476
10.7854
-29.2697
-42.9247
24.7882
7.41081
8.24371
-35.0474
34.5463
-5.62628
33.6584
-18.6719
14.4624
-10.2103
-22.696
3.71058
18.9971
26.8111
-12.1558
16.1547
-7.25976
-15.7167
-29.9896
-6.97865
7.44649
7.17276
0.86055
-2.54299
34.4261
6.62753
19.3817
-13.2442
27.0413
-0.239064
6.88903
8.40033
-2.21281
11.9414
-17.165
6.61939
53.998
-12.4611
-0.977453
50.61
-5.19355
18.0002
-7.36264
17.7671
-14.7393
14.7615
-9.72109
-4.57017
-4.88007
-12.4979
-7.67353
36.8105
7.7447
12.0729
9.35987
15.002
24.3
-2.29247
19.3307
17.4492
4.50196
-1.27231
-29.3896
11.4612
-2.35201
3.18184
-12.6916
-27.1762
19.7637
3.67708
33.1932
-3.71335
19.0111
8.90004
7.77005
-38.1038
-7.45687
27.3072
-10.1463
1.5869
29.3748
-6.04536
6.06375
6.97615
39.4916
-21.5684
2.01945
-11.9717
-5.83931
-14.8463
-12.8517
-0.902406
-23.0674
3.66624
-6.56127
19.1461
10.3387
-14.785
12.7026
41.1667
-1.73869
-4.07925
20.6891
-27.2264
-16.329
-28.0182
-25.423
-24.0909
-4.40294
28.3856
2.80274
-25.8691
-3.65525
-2.37288
-14.1363
-6.2444
4.62823
-14.4166
17.9919
-8.44079
18.5639
2.76198
-1.05092
22.912
-0.661202
-8.71646
-23.4176
23.3999
-2.57459
-30.2934
7.27184
-5.32903
23.2658
13.721
-23.1403
20.6835
-4.69273
8.78229
3.65687
-10.3592
21.0316
-14.3671
-21.4732
0.754521
-25.624
5.37927
-3.09714
7.27388
36.4958
24.1437
5.26954
-0.462108
15.3526
5.8333
-4.69989
6.51576
-17.2039
24.2374
13.5865
-14.2494
37.3615
6.22614
0.380522
-8.5201
-20.3167
25.3726
-17.6518
-10.1686
6.06171
-8.56234
8.7608
-4.62439
9.63558
-3.57724
-30.9297
20.8961
-4.26805
-4.58348
25.2885
-0.0315685
-45.7421
9.35497
-13.0206
-6.35174
-15.4106
-12.6875
-12.795
-8.12137
-25.4749
-20.2427
20.9724
1.27818
21.4483
-12.8945
-22.4783
16.7797
19.0971
-7.50327
-27.6496
28.3922
-22.957
-12.8858
14.596
-24.0085
-42.0382
39.4151
43.1343
15.9994
16.0106
-8.81556
-0.736743
11.2765
-2.06306
-2.70759
16.962
25.1805
26.3557
24.1215
-31.1859
-16.67
-3.4136
4.89437
1.06358
2.41191
32.0725
-65.2831
19.2971
-4.07742
10.7878
0.0922895
-2.06235
16.086
-17.7363
19.2325
10.0222
-26.4676
-0.580091
7.34051
3.91404
-26.2397
2.21672
6.39174
-18.5743
-5.18573
-6.0375
-24.5415
10.9422
-5.60266
-9.99135
-5.45095
35.868
-16.8251
-12.6634
-8.56074
18.8521
37.5397
27.9469
-48.6714
-30.2453
5.51419
-2.44194
24.5136
-1.6101
-5.88239
-18.5236
-23.3905
16.7439
3.70644
28.7492
10.3589
-2.68992
-12.3809
-40.0675
-8.03098
-17.3267
21.4257
-16.5439
7.79311
12.9122
-30.3623
-5.29022
-22.1674
31.9428
24.1943
-33.6502
24.1216
6.30449
1.63467
26.9586
-7.87426
0.410264
8.54054
-24.2167
21.9752
-18.3212
34.6054
-27.6455
24.3272
-33.4115
13.4554
-14.7082
15.5569
-18.6964
1.43466
9.07946
18.5552
-9.55121
3.63131
1.10476
2.93163
3.06516
-0.756545
-0.698883
-1.57455
-15.6235
-9.77751
-6.36619
3.92802
8.74461
32.5584
-9.74611
13.6716
-7.81181
5.18449
26.7867
-19.2321
8.8097
-46.8973
-19.1158
-6.80147
-13.8231
-6.75114
-1.88802
24.6429
-2.17037
-13.7239
-26.8078
5.82846
10.833
-1.07267
-21.2705
14.9845
23.3484
-22.16
26.3794
9.48263
-23.5799
1.54726
-5.607
16.5194
-18.751
-15.0816
19.4536
-5.67143
12.3198
1.50275
-21.8591
0.136575
30.3465
-6.02528
-17.0307
-28.84
7.38304
-6.8997
-16.9035
-2.50955
16.3781
5.40207
18.7561
15.2729
-15.0826
32.0289
-20.555
10.0541
11.7198
-12.9397
-8.01466
-6.24881
20.4554
14.8976
-11.9906
-20.7622
-4.50838
34.0843
-16.2953
-15.497
-19.153
-5.68925
4.93172
-32.6589
-36.5113
19.3465
-21.3938
24.5426
11.7207
-25.0223
0.447996
-0.223644
-26.2519
2.44157
-26.7531
10.2369
36.6105
26.5633
-4.65517
2.45236
-12.8922
0.227033
20.9578
7.85202
22.0884
18.7768
27.5242
-15.0156
27.8484
16.9764
16.4336
-11.4529
-13.2669
5.66889
-22.6608
15.909
-10.9079
4.72488
-22.9766
-8.03005
-26.8645
11.6763
15.089
-3.54754
-8.64085
-10.4248
-15.62
-3.18753
-30.9315
9.51838
10.7846
28.9667
4.06627
-20.6671
-8.9801
14.2122
22.5642
-16.6126
-3.21448
41.7295
11.3643
-14.119
-15.1302
-5.00256
33.9724
-5.49664
-12.1172
24.7975
4.34788
-17.48
-5.27042
13.1248
6.03546
-28.2789
-5.56401
-21.9684
18.6461
-2.59219
-28.4961
3.95577
17.0112
0.872069
5.12073
-16.5594
13.3949
22.1641
-3.045
0.495779
6.51873
13.1125
25.1322
-2.72933
-28.2804
14.4614
-12.8038
-35.6261
-4.91191
5.85437
-18.9879
1.35227
17.832
11.0562
-19.8474
-34.7533
0.914711
-24.0141
-2.89638
2.72001
-19.3198
15.9644
-34.8589
-14.5941
53.903
-6.3179
-3.7773
33.8342
8.10143
-22.2799
-29.8993
-5.13267
-16.2756
3.89442
21.9048
18.8873
5.49817
-33.4638
4.74815
-19.417
-61.3778
17.9377
-27.0408
-24.725
-31.1957
30.7693
4.26309
23.748
13.8306
3.68129
-12.6334
6.1824
13.1563
15.7741
-3.49543
-18.0737
20.254
8.17967
0.960727
-8.10515
15.6226
-22.1956
31.3594
-36.8329
-1.94123
-4.46043
-6.45805
6.67665
9.02847
13.2164
-1.88601
-9.67368
-28.5562
19.308
-0.735182
-12.0727
0.572659
-5.63847
23.9418
12.0428
-13.2473
5.6716
-3.21091
24.029
14.0167
-22.9673
-26.1855
-22.5011
1.84112
-31.9876
35.1667
12.0673
-23.82
9.78093
10.4732
-14.898
-16.3197
-8.27888
19.0357
-1.51955
-31.9107
2.3647
36.919
0.215944
51.5948
-28.3494
-11.5806
36.53
-20.5775
17.1713
0.494851
-19.0857
5.89131
5.82177
-19.1479
20.4528
0.147095
6.18518
-3.50644
12.2404
18.73
5.13224
3.40822
0.759583
-5.88121
18.3802
3.28506
-17.0136
37.4959
9.38396
21.8488
-34.1285
25.8823
13.4125
-4.58893
11.8007
-20.4776
3.58051
13.8285
-19.0962
27.5478
-12.1523
-5.59251
-2.51025
-9.50874
31.4075
-15.9618
-0.210425
19.6569
15.8055
-10.6359
14.2953
-8.22193
18.3833
3.91788
9.33578
-3.88026
4.01163
-6.68357
37.6683
-4.26643
3.28303
-8.86107
-4.90102
-2.2282
-14.011
14.3463
-0.826508
-6.39043
-0.273121
3.91456
16.3711
3.06742
-3.76364
-8.06929
5.05706
-7.8912
-6.86142
18.8094
-18.9147
11.8334
-31.3042
41.4463
15.7784
23.7069
-2.85546
13.6722
-13.1236
-1.68218
4.2243
-33.4818
-25.8582
30.203
-15.295
23.8871
-35.5146
0.829774
16.2913
23.1202
2.89872
-5.58762
6.73171
-14.853
27.3217
21.2539
13.4108
14.907
-6.39061
11.4467
-5.26142
2.81048
17.002
-12.8448
14.6307
2.03308
-28.8464
51.913
20.8396
6.35049
-26.373
11.1565
30.2846
36.4482
-23.251
-24.3228
5.17549
1.99356
7.70494
5.55196
23.0396
18.2047
0.64947
-2.76408
-16.1988
-1.40963
3.30333
11.7331
18.5076
-29.118
-23.0809
-22.3118
-35.4201
2.49103
-1.89496
-18.7971
0.162462
1.0027
13.3434
8.23009
-11.3389
-13.2879
-22.5528
18.4119
11.8154
25.4496
-9.88602
4.89805
-16.4629
-38.7657
49.1236
14.4723
-16.7726
1.41856
-15.8056
23.6071
-6.63007
8.47268
-41.2116
-2.47907
-2.90737
12.2624
40.8208
7.91112
17.6262
-9.80774
-7.27607
-25.6627
-17.8825
-7.65373
-19.3148
-18.2464
-28.8222
8.80547
-11.6288
-17.1267
-8.00806
16.5139
-22.8495
12.2969
0.519817
23.0747
29.914
-7.38939
-15.9209
11.7958
-8.08599
23.7628
2.96489
-21.3343
18.5204
10.0984
11.612
-17.4241
-2.41008
12.0042
-22.2454
21.0591
8.24129
-1.71681
-5.92575
-5.1632
44.0943
-2.38544
27.2909
10.6594
-7.72073
16.6346
-15.9517
-14.8777
2.75102
-29.4155
2.83429
-31.3685
-15.7076
-33.2166
32.4651
-24.6403
44.6308
12.2151
5.55446
-2.93124
5.91086
-11.3894
-12.2591
-24.6949
-1.46019
2.65804
23.9425
24.5647
6.1802
-17.1999
-5.58184
-2.81981
5.41129
-37.5888
14.9638
-3.72733
-20.5044
4.6032
-14.8257
20.6769
25.2409
31.2268
3.02764
40.5363
-16.0278
12.0409
14.2257
-1.31925
29.796
-20.9872
25.9609
-6.51229
22.6033
-8.9467
4.86063
-31.0553
3.78421
10.4227
-1.96552
6.46868
21.0563
13.0518
9.79898
1.17815
2.01505
18.8723
-2.85365
-18.3184
2.37212
11.1227
-13.0044
4.63356
8.6201
-8.04012
-1.36937
3.87959
-22.5732
17.1435
-21.7457
21.9419
6.99637
-1.94023
-35.7625
-6.62888
-13.016
-8.19553
-7.80632
13.3974
-7.50071
-26.3911
20.6158
17.5236
-20.4883
-7.80369
6.33451
33.6425
3.05403
7.151
-8.38216
-11.4493
-10.5527
-3.29241
11.2946
-0.691724
-19.7231
-6.42926
0.0667717
-7.53633
-3.79436
-21.664
8.01276
24.0891
22.858
19.8498
15.8836
11.5666
-14.0952
12.3553
-3.07637
-28.0445
-44.1758
6.43673
-5.91671
5.91529
-16.2809
-43.1465
0.172092
-3.07081
53.4036
-10.025
15.3076
-0.677042
12.5216
-1.13378
25.1034
4.87487
0.641819
-24.1113
3.67059
-22.962
-6.92033
31.7643
11.1109
2.57086
-14.4508
-14.6547
2.09252
0.950522
-0.584394
-23.9091
27.9342
-32.5499
1.01664
-21.0266
6.59233
-6.03452
16.841
11.5847
-7.03627
12.4883
-19.3687
-16.0368
-4.52364
38.2468
29.1564
13.2927
3.63392
6.90543
-13.7174
-17.5625
19.3537
28.0109
15.3054
-8.01653
1.78876
-19.9406
-21.2084
21.6687
8.57934
1.44807
9.73088
18.9408
8.9899
-6.99812
-9.45647
-29.8918
38.7987
-30.9939
14.461
-7.319
12.9509
18.1248
20.0061
-15.1711
-46.1637
19.686
-7.41315
3.0617
-18.8868
15.0123
4.93192
-0.16625
-5.30512
9.80829
12.4098
18.466
32.1544
-11.4989
4.26052
9.09208
-2.72759
-17.1278
-6.70452
35.5517
15.6897
13.0683
19.7348
8.71162
-28.4626
7.02238
12.6955
10.7294
12.305
-13.5832
-10.2787
-3.83541
-9.40342
-29.1135
-12.0002
-20.2321
-22.6258
20.482
-6.15536
21.6801
-5.08102
-27.1861
16.3604
11.1393
-15.1479
23.0215
-23.5793
11.6845
23.7004
-38.311
-11.1679
5.11427
-5.92369
11.0433
-18.7666
24.5887
-30.0969
-1.59815
12.2527
-28.8732
10.3606
-11.417
-8.82153
-19.172
15.8353
-9.10352
0.81022
15.7836
-2.03532
-0.560616
16.7754
29.4959
-35.5169
3.79653
2.7712
36.6197
40.9135
25.8454
22.3989
-18.376
8.28745
-10.2464
-8.67946
13.2045
15.1574
-8.61604
11.7014
-5.04019
-23.8838
3.45651
17.8637
-7.43408
7.70023
4.66464
-0.0211749
5.50215
-5.72775
-9.84241
12.8817
-17.6924
20.2504
4.32114
12.8573
6.23479
-24.6748
0.796764
3.25207
-12.6285
37.8026
8.00322
-29.0685
-14.8663
24.0889
1.20283
15.6305
15.3746
3.10289
21.4778
8.68291
11.9108
-5.10453
-7.64163
18.6931
1.60854
17.7365
-16.8003
16.9517
-25.9743
7.57211
10.6337
-12.5889
-23.8283
-12.7627
-15.0489
-26.5197
-12.8658
21.8182
1.32444
9.73335
-1.84214
-19.9944
6.63618
-3.5977
-4.53408
-40.5805
-46.2754
-28.0336
23.5517
15.8325
-19.1118
-3.22854
-15.1266
-1.00231
6.55824
12.7821
-20.9667
11.9541
-39.5595
-16.0249
12.2558
15.0915
-7.85622
-1.88687
-11.693
13.8917
-15.4251
-26.9679
32.9414
-6.37454
22.078
40.6812
42.7748
-31.8421
-27.4645
26.5298
-16.7291
15.2258
-33.894
29.6341
-3.53982
-17.9168
-5.73332
-10.1085
12.2228
24.0506
-6.52681
6.2154
8.10654
8.17576
-1.88651
-27.4924
22.1756
-34.6175
4.96225
-25.0176
1.09226
-15.6002
-2.26219
-3.12607
13.5851
-6.08205
8.97295
-0.44726
-5.41422
-7.11871
-33.5894
13.2424
-4.16088
-0.821525
-13.3087
-14.8099
-4.19011
-1.20393
-15.8085
1.79814
46.8483
-5.44929
27.8368
-26.8861
-2.93926
-20.4726
12.8088
-24.671
47.4055
-2.56585
50.7638
16.657
-15.8439
22.776
23.4597
17.8051
-3.99993
19.3092
-7.50367
-18.6715
21.2789
25.3673
-2.43077
13.2455
0.750193
3.26034
30.8834
57.56
-14.8859
23.3192
25.7681
5.90482
3.9987
-7.13959
39.2881
7.39904
7.71835
-20.7318
15.5421
-13.7662
-4.86377
7.90745
4.83584
-16.9706
-34.0407
-13.5048
35.4119
-4.26344
-2.82928
-6.5555
-9.54841
-15.1829
16.6152
29.8862
-3.6854
7.86397
4.77056
-20.0415
-33.7105
-0.268172
13.9678
47.37
-4.67317
0.944395
-12.3182
34.5189
-3.00975
43.0889
-11.5696
3.81893
-21.4765
-36.3016
-20.8362
-5.49129
-12.7574
0.127469
-0.396995
1.59196
0.740085
10.4965
-10.8558
-18.9747
16.4828
34.5923
1.71254
36.7914
-30.3533
12.3633
21.1978
5.05216
2.32992
2.58028
12.6794
17.9789
6.78258
-8.54893
-24.2272
-11.722
4.18236
14.8488
11.8566
13.1504
-37.8012
18.1524
-13.6337
-16.5048
-5.83205
-3.58004
-24.8441
2.40175
18.7576
7.547
41.2454
13.673
-10.34
-43.3997
-19.3031
15.2148
24.8489
-3.12595
7.68143
-25.8342
14.8407
-11.2037
-15.2763
-21.767
-23.9953
6.45433
2.06524
11.6453
-32.828
-14.5138
9.64969
9.40403
13.1973
40.7672
-31.074
27.6409
-30.7228
-48.5695
-6.78971
4.12988
22.7749
-4.00483
-13.4434
-1.99966
16.1248
26.2324
16.0666
16.974
15.4003
23.5862
34.427
8.32959
4.79432
-6.14364
45.4771
3.13926
-28.1756
-9.56367
-5.05153
9.64742
-13.344
-16.133
9.28343
0.101547
-23.1153
18.617
-20.534
-26.6128
-18.0532
-20.8778
-22.0416
9.54832
-23.6344
30.2033
-6.9441
26.5879
-19.1282
5.41722
-3.21558
-2.38308
30.0395
-18.1906
-13.6747
-5.38535
11.3199
12.5401
-10.0032
-15.7214
4.46518
-11.619
-19.762
-0.320543
52.3612
14.6713
6.84069
12.2137
-12.6022
-14.6907
33.5166
6.18812
-10.246
-12.3979
-15.6469
-13.0658
3.96279
17.3484
12.7569
1.17327
3.38581
18.2063
-4.4017
4.71124
10.1628
-20.8381
-1.60823
3.1048
-10.2217
7.62293
15.2169
-19.9543
-6.56245
-33.657
26.5048
14.8595
-11.3461
13.9672
4.79638
-17.7597
-8.21033
7.23645
-23.4118
-15.7827
-1.30134
-21.1135
-22.8982
-26.2041
1.64914
-15.072
6.56484
-29.4093
6.08052
20.1832
15.5502
6.44617
-2.87948
27.6213
-40.1314
2.28965
-18.6292
-8.32301
-10.6458
-3.37976
10.6775
18.5264
-38.7178
-34.0346
6.46131
13.6421
-10.7472
14.2619
14.9706
13.7315
16.9215
14.1885
-13.5006
-10.9877
9.16903
5.6778
22.6701
8.99459
-9.19676
-12.4866
6.48117
-7.67234
-18.981
-26.3169
-0.149223
-13.1261
-6.10632
2.44405
7.86726
-0.831867
-0.408554
12.5247
-7.09914
-28.2863
-21.0102
-55.7102
11.9978
29.242
16.4859
-18.7543
35.2178
20.4925
8.59351
24.1918
19.0536
24.8575
-38.4375
1.6926
5.02175
-14.2751
-21.3665
-21.4082
10.5788
-23.1147
21.7398
10.868
-7.6627
-4.17426
16.8453
2.54902
-8.42773
-38.9026
-13.7779
-14.0708
42.9421
-13.2763
-15.8417
2.60217
-35.6492
21.5733
-23.5282
5.26381
-23.1681
4.97006
-14.8803
-4.47956
9.92407
14.5506
3.66021
33.2101
8.6825
-9.05963
11.6527
-6.24683
1.52836
19.575
21.1337
-2.87924
2.20677
-19.9056
29.0244
-21.3503
24.5031
-21.8507
5.07023
-32.5764
-12.1687
-10.9151
-16.9997
6.75681
5.18889
-7.32004
-12.1011
-19.9138
2.23068
-1.22397
13.5266
-17.359
-10.8463
-8.32018
1.63899
-10.5757
14.7168
2.65629
35.8844
8.53411
18.8646
-0.976014
-41.186
-19.9793
11.9713
-17.063
5.99376
-14.2591
20.4001
-58.0765
-10.1856
1.94862
2.49523
-22.1764
21.809
3.76633
