-0.335231
1.21005
0.612756
0.256178
-0.927965
-0.917669
-1.17748
0.999088
0.276164
0.563551
-1.29296
1.26451
0.8835
-0.786113
-0.847369
-0.860737
-0.523853
0.064732
-0.186419
-0.564519
0.289498
-0.974245
-0.552166
-0.348924
-0.10665
0.773917
-0.82145
0.0395922
0.243894
-1.22798
0.30686
-0.888632
-1.15492
1.2733
1.25993
0.813097
-0.534672
-1.07391
0.505526
-0.170452
-1.01528
-0.00863843
-1.23759
1.10305
-0.647583
0.452401
-0.490573
0.102741
0.134525
-0.811466
1.27543
0.757473
1.17453
1.03343
0.234977
1.05971
-1.16466
-0.828452
-1.22305
-0.446595
-0.276382
-0.599214
0.894097
-0.402332
-0.5892
0.131687
-0.920273
0.837822
-1.12103
1.36083
0.709703
-0.826296
-1.32832
0.937352
0.5717
0.591562
0.650651
-1.18582
-0.367246
-1.02709
1.01408
0.286611
-0.499592
-1.17156
-0.466712
-0.436693
0.628397
0.414872
1.01662
-0.132298
-1.01555
0.614306
0.698307
0.160626
0.652027
-0.11474
-0.00361501
-0.276169
-1.31973
-1.04894
-1.23578
0.386249
-0.417599
0.107595
1.1082
-0.70354
-0.211982
0.68135
-0.731537
-1.05245
-0.484447
-0.72616
1.27731
0.888605
0.37657
0.998489
0.711127
-0.844089
1.07678
0.0918535
0.77827
1.01535
-0.58666
-1.11689
-0.68876
-0.0864891
0.888436
0.857687
-1.36878
0.0119077
-0.296458
-0.780389
-0.917742
-0.340395
1.24967
-0.474676
0.0776632
0.548553
-0.317568
1.28513
1.13758
-0.831405
-0.0436972
-0.594493
-0.584617
-1.19162
0.38439
-0.0330277
-1.17741
-0.532219
1.1262
-0.704766
-0.842748
0.217082
1.31953
-0.702681
0.498185
0.666236
-0.717277
0.619758
-0.385835
0.364775
0.299352
0.0474736
-1.09732
0.895932
-0.604904
-0.864774
-1.15606
0.398771
0.470841
-1.27833
0.0429996
-0.671531
0.492027
-0.797335
0.664421
-0.262704
1.17139
-0.964403
-0.356033
-0.694734
1.30066
0.96008
-0.633637
0.532572
0.85402
0.10471
-0.0135301
-0.699146
-0.814758
1.16331
1.05186
0.358426
-0.449683
-0.232099
0.712932
1.06487
0.96447
0.510543
0.309335
-1.23574
-0.938862
1.05871
0.00462383
-1.39499
-0.959692
0.453772
-1.27915
-0.902152
0.294262
0.623484
0.416279
-0.669845
0.589777
-0.677594
-0.39875
0.829021
0.474187
0.930996
0.294763
0.0902858
-1.12082
-0.350606
-0.53118
-0.332104
1.42009
-0.19209
1.09038
0.346592
0.75548
-0.108241
0.095516
-0.0730643
-0.769295
0.603197
-0.622601
-1.25851
0.510102
-0.530346
1.43334
1.1653
1.05242
-0.495729
-1.24908
1.3242
-0.0627257
1.31858
1.11666
0.73517
-0.775312
-0.301196
0.89216
-0.654478
-0.786359
0.437683
1.20448
0.397517
0.0869482
-1.03146
0.565611
1.26519
-1.00901
0.184642
1.06207
0.639599
0.472363
0.474908
-0.478402
-0.365202
0.904989
0.815622
0.896247
0.787798
0.0282911
-0.0355408
0.671816
0.225812
0.264826
0.733859
0.751204
-0.72213
-0.6637
-1.19577
0.125599
-1.30713
-0.0813317
0.00837322
-0.567791
0.13641
-1.35294
-1.0235
0.989729
-0.417053
-0.938848
0.14583
0.641562
-0.83214
0.28418
-1.16105
-0.988088
0.457139
0.130426
0.444418
0.662694
1.08241
-0.341437
-0.506057
0.689253
-0.749996
-0.263958
-0.991053
-1.11216
1.45213
0.795593
0.168633
-0.294526
-0.945501
-0.790116
-0.386716
0.439453
0.606822
0.369639
-0.537933
1.23513
0.191112
0.0303094
0.06977
-0.449067
-0.778588
-0.399017
0.547177
-1.50144
-0.938231
-0.830933
-1.09684
1.15562
0.485363
-0.259774
-1.0951
0.0361404
-0.0787652
-0.754601
0.0970281
-0.244046
0.395608
0.303891
-1.10588
0.129524
0.414721
0.132536
0.936817
0.11276
-0.908143
-1.05561
0.51485
-1.03328
0.766856
1.22029
0.131984
-0.259804
0.437618
-0.0760806
0.180748
1.11502
-0.414119
1.07076
1.05967
-1.09147
-1.27215
-0.978701
-0.902361
-1.00588
0.668332
-1.03859
0.06912
1.01304
-1.20108
1.03804
-0.536682
-0.434882
0.648144
0.500902
1.10752
0.566919
0.47094
-0.590793
-0.648326
0.937041
0.889382
0.83005
-0.300518
-0.247312
0.759272
-0.305579
1.19646
0.834517
-0.295391
0.536936
0.247237
-1.06674
1.06694
-0.0756356
0.584706
-0.548594
0.989301
-0.605112
-1.16176
1.10317
-1.07032
-0.273435
1.33818
0.896384
-0.320694
0.187514
-0.307353
-0.611705
-0.253505
0.460001
0.620179
0.575479
0.189692
-1.34166
-0.0450189
-1.12733
0.247899
-0.0769027
0.717711
-0.523619
-1.02022
-0.701023
0.88708
0.309212
-1.13264
-0.735301
0.692144
-0.741881
0.973351
0.434204
-1.08728
-0.527629
1.48624
-0.214736
-0.096229
1.04788
1.06143
1.29283
0.273563
-0.63182
-0.997576
0.79783
0.122851
-0.305607
0.849777
-1.3014
-0.0778749
-1.32605
0.0841457
-1.08166
-0.27981
-0.693996
0.670683
0.867748
0.365037
0.849014
-0.385996
-0.430011
1.02268
-0.62634
1.25
-1.22581
1.27757
-1.0526
1.24236
0.105114
1.14668
-1.18417
0.483752
1.06724
0.0411708
0.23967
0.416739
-0.266714
0.321197
0.220196
0.695847
-1.32817
0.00526265
1.30394
0.899134
-0.482675
0.0835786
-0.621803
-0.747986
0.029682
-0.126065
0.368706
-1.11036
1.56504
1.20811
0.00887161
-0.135829
-0.48745
0.859141
0.347396
-0.734212
1.22923
0.875309
0.75159
0.28294
-0.226721
-0.341941
1.0917
0.183511
-1.55762
-0.560334
-0.0104488
0.963048
0.865202
-1.06756
0.420842
-0.158814
1.31308
0.384919
0.33082
-0.118547
-0.445778
-0.614947
-0.538684
1.31884
0.895043
0.98409
0.982963
-0.538546
0.510959
1.03885
0.0191878
-1.09742
-0.211858
-1.0049
1.17379
-0.254265
-0.841754
0.372303
0.0347883
-0.557641
-0.823543
0.57174
0.0646957
0.552556
-0.0595109
0.465226
-0.302295
0.13394
0.453447
-0.715437
-0.988984
-0.796576
0.706772
0.000169941
0.166376
-1.02361
-1.07531
-1.24084
0.122711
0.343887
-0.171262
-0.0278175
1.04329
-0.617835
0.117949
0.380113
-0.403275
0.359068
0.548019
0.452807
-0.982087
0.821246
-0.415888
-0.771753
-0.0647659
1.22129
-0.693089
-0.730389
-0.0479975
-1.12651
-1.26641
-0.779758
-0.935068
-0.255028
-0.713005
0.401163
-0.634597
-0.109788
0.742145
-0.395043
0.179189
-1.1472
-0.885105
-1.23599
-0.603168
-0.525583
-0.43974
-0.670075
-0.975039
0.33629
-0.606642
0.258483
0.353718
0.50671
-0.887687
1.01333
0.00456055
-0.973939
1.09434
0.503723
-1.33242
0.0856069
0.889625
0.479534
-1.03221
-0.579909
0.152532
0.123881
0.307381
-0.331089
0.00193606
0.643909
-1.21587
-0.365145
0.779461
0.661534
-0.0386615
-0.225754
-1.10979
0.178665
-0.0564013
-0.745724
-0.39656
-0.333987
-0.609839
-0.164967
-0.671655
0.129645
-0.411191
1.14073
0.26317
0.506956
0.361554
-0.336747
-0.561254
0.363687
0.274281
0.296005
-0.502462
-1.01563
-0.219101
-0.125331
0.474666
0.091403
-0.343585
1.00704
-0.152778
-0.813163
-0.831705
-0.90589
-0.224429
-0.665686
-0.0068273
-0.152685
-0.61045
1.25681
-0.880383
0.582162
0.127194
1.30369
-0.970428
0.308344
1.26788
0.625172
0.548779
-0.862919
-0.478072
0.508946
0.822414
-0.0735002
-0.106631
-0.555852
0.662825
-0.958755
-0.386242
0.0325844
-0.0160896
-0.720325
-0.412636
0.488547
-0.3094
0.292854
-0.875497
0.355834
0.0857904
-0.528563
0.0115303
-0.736563
0.00914142
1.63725
-0.396377
0.956882
-0.459693
0.680443
0.596701
0.300892
-0.0663851
-0.1145
0.0356571
1.11113
0.887511
0.486131
-1.0733
0.624673
0.724745
-1.02673
-0.48562
0.846978
-0.0563053
0.6161
-0.991116
0.691397
-0.897676
-0.0973834
-0.242724
1.08986
0.129076
0.00230286
-0.345312
0.891743
-0.316593
0.533736
-0.370532
-0.33303
0.0136837
-0.327671
0.589546
-0.0918065
-0.618769
0.939662
-0.346331
0.242624
0.943923
0.182493
-0.80222
1.11244
-0.323732
-0.571756
-0.786508
0.896049
0.160435
0.0660678
0.73321
0.363883
-0.970131
-0.315391
-0.649609
0.647561
-1.11325
0.65943
0.634535
0.948284
-0.62045
0.649812
-0.791285
0.876784
-1.04553
0.194213
0.658409
-0.70295
-0.212289
0.786318
0.324966
0.237271
0.0297826
-0.240132
-0.704885
-0.0550282
-0.315436
1.10987
-0.0887522
-0.246734
0.135463
0.808244
-0.950779
0.424222
0.0764408
0.128979
-0.633471
1.16235
0.428158
-0.119717
0.187904
0.787927
0.336333
-0.941366
0.261477
0.0258191
-0.129518
0.719343
0.397984
0.271191
-0.300965
-0.820185
1.25261
-0.0952156
-1.11196
0.933387
0.133502
-0.340044
0.0128504
-0.585207
-1.38065
-0.0400757
0.54991
-0.842377
-0.044362
-0.175842
0.250185
0.816689
-0.593065
-0.358579
0.448646
-0.523845
-0.789466
0.25164
-0.628934
-0.525393
0.37045
0.0452733
1.10525
-0.681432
0.072813
-0.0835192
-1.07099
0.433405
-0.558126
1.11774
-0.948835
-0.102499
-1.0148
1.20947
-0.277283
-0.0430301
-1.08802
0.639848
-0.540407
0.805005
-0.741034
-0.69343
-1.10553
0.611026
0.301914
-0.36672
0.927161
-0.151656
0.0399399
-0.159791
-0.302722
0.0885749
-0.901974
-0.0037093
0.995832
1.04687
-0.78462
-0.635583
0.488433
-0.35114
-1.18652
-0.11749
0.6765
-0.0937078
-1.10405
-0.504568
-0.0768184
0.427073
-0.694627
-0.0886741
1.13483
-0.598883
0.448554
-0.707979
-0.289918
0.0398104
0.818172
0.815059
0.851193
-0.602623
0.217976
-0.612555
-0.20435
0.989002
-1.08948
-0.568903
0.0477342
-0.707466
-0.596101
0.481902
0.164367
0.558458
0.428864
-0.515717
-0.165991
0.128486
0.17724
-0.327343
0.453176
-0.267723
0.228226
0.0241885
-0.0309164
1.29437
-0.286811
-0.842514
1.03363
-0.194414
0.935616
-0.0342942
-0.533618
-1.25921
0.023476
0.28749
-0.0127098
-0.555113
-0.571961
1.08944
0.887041
-0.299989
-0.696
-0.329302
-0.31658
1.12927
-1.02572
0.490308
-0.295336
0.400776
0.417335
0.855469
-0.790373
-0.757474
0.242002
1.33513
1.0146
-0.389468
-0.0285276
-0.019964
-0.77711
1.07699
-0.513918
-0.352489
0.00953959
-1.09975
-0.711555
0.652148
-0.747541
0.384632
-0.484096
-0.166534
-0.169685
0.120308
0.846269
-0.337912
0.352605
-0.174094
0.261065
0.942774
-0.17185
-1.0302
-0.0409707
0.226986
0.606271
-0.596225
0.352405
-0.171874
-0.30983
0.77374
-0.732001
-0.481488
0.147097
-0.144471
0.505589
-0.162686
-0.18435
0.120757
0.0907811
0.112458
-0.450936
0.274192
-0.380952
-0.368862
1.32443
-0.547054
1.1466
-0.148712
-0.400121
0.590099
0.507427
0.538261
0.831739
-0.182132
0.0586745
0.0745863
-0.812872
0.00745423
-0.289569
1.01262
-0.101486
-1.18775
0.69018
0.195393
-0.944459
0.19514
0.619412
-1.16582
0.63402
-0.315445
1.2139
0.63277
0.833453
-0.152523
0.369837
0.272489
-0.792769
0.440882
-0.347635
0.558963
-0.686582
-0.434806
-0.626708
0.0985206
-0.40942
0.584065
-0.758791
-0.00429351
-0.223598
0.304615
-0.470988
0.444447
0.740897
0.283702
-0.444465
-0.561372
0.836644
-0.675647
1.10319
-0.439077
0.744023
0.0238841
0.514785
-0.474944
0.519928
-0.433473
0.0628206
0.405415
0.994347
0.14867
-0.300439
-0.34351
-0.374926
0.351524
-0.27966
-0.338633
-0.203326
-0.373996
-0.513578
-0.122586
-0.1817
-0.437171
1.48177
-0.162879
-0.119767
0.361461
-0.502916
1.08765
0.465891
-0.392625
0.42917
1.03053
0.326156
-0.319501
0.347247
-0.565451
1.23183
-0.655503
1.02671
0.0145039
-0.0877299
-0.268678
-0.517914
-0.624014
-0.744205
-0.0897381
0.911283
-0.336074
-0.323524
1.36839
-0.291096
0.196159
-0.0341893
-1.04665
-0.237555
0.327518
-0.00344331
-0.422699
0.726928
-0.817393
0.0554941
0.428249
0.0645152
0.0189809
-0.951941
0.618528
-0.598454
-0.0130715
1.35551
1.19644
-0.00823694
-0.0683856
-0.240283
-0.427183
-1.1733
0.337192
-0.00142808
-0.334897
0.564231
-0.193385
-0.226009
0.171884
0.858503
-0.439083
1.15294
-0.473701
-0.0554072
0.333082
0.424277
-0.320307
0.153537
-0.15202
-0.361256
0.847281
0.644721
0.435091
0.190741
0.172462
-0.0963924
0.411392
0.492129
0.128593
-0.174765
-0.0261127
-0.807252
1.01551
0.0618815
-1.2406
0.472816
-1.12491
-0.378298
0.279199
-0.700762
0.457788
0.323428
-0.229293
-0.197715
0.308017
0.252795
0.841442
0.125877
-0.0504262
0.411532
-0.0258282
0.277449
-0.980061
0.503726
-0.267263
0.740516
-0.654259
0.320547
0.340722
-0.678902
0.954465
-0.368285
-1.3045
0.194204
0.480951
-0.98067
0.409801
-0.282775
0.052504
-0.636035
1.14114
0.394933
0.544898
0.67639
-0.390976
0.577511
-0.882253
-0.750048
-0.447813
-0.0326803
0.495603
-0.0607978
-0.295546
-0.564924
0.612598
-0.696852
-0.10013
-0.606452
0.816368
-0.132527
-0.575153
-0.0515609
0.761165
0.381793
-0.280253
0.726326
-0.429878
0.241247
1.11629
-0.295344
0.220897
-0.364834
-0.189509
1.19393
-0.290126
0.520907
-1.07395
-0.439981
-0.911909
-0.0157021
-0.394593
0.894748
-0.153891
1.00249
-0.203085
0.800854
0.0993015
0.0440535
0.431336
0.658922
0.0188498
-0.930915
-0.269433
1.0535
0.0951568
0.337669
-0.532044
-0.64175
-0.658459
0.4912
-0.209081
-0.391893
0.0999054
-0.774043
0.231298
-0.374411
0.618716
-0.402605
-0.269586
-1.35236
-0.00554878
0.368115
0.112002
0.274803
-0.461799
0.223612
0.124763
-0.140141
-1.25372
-0.10559
-0.339969
0.122196
1.25552
-0.93345
0.100034
-0.0595431
0.0702687
-0.307552
-1.01126
-0.356987
-0.119189
-0.318407
0.113499
-0.515216
-0.669381
-0.568257
-0.399859
0.736376
0.418366
0.54215
-0.0460051
0.0311604
-0.072729
0.721884
0.517197
-0.311827
0.716045
-0.973945
0.566108
0.793274
1.01635
-0.219559
0.158097
-0.343419
0.51527
-1.11075
0.645119
-0.402024
0.148142
-0.323864
0.338733
0.0258821
0.205282
-0.504154
-0.681089
-0.533617
-0.479806
0.695601
-0.273882
1.08895
-0.489202
-0.0407706
0.493041
-0.0881151
-0.0421249
0.21308
0.0763077
-0.439459
1.23801
0.29582
-0.0518786
0.281371
0.485601
-1.03794
-0.325711
-0.153687
-0.535947
0.252147
0.0456665
0.0698047
-0.359949
0.0735213
-0.00202142
0.862717
-0.780385
1.01081
-0.0168776
-0.0535293
0.361347
-0.0715352
0.772467
1.07189
-0.134789
-0.218734
0.289221
0.555462
-0.805318
0.460084
-0.0146246
-0.0271154
-0.768226
0.613461
0.0827579
-0.712604
0.0562019
1.00593
-0.880996
0.513464
-0.374156
-0.0955297
0.746503
-0.271458
0.31243
-0.111988
0.0711122
-0.643136
-0.0979697
0.105461
-0.549489
0.401988
-0.351562
0.554883
-0.176293
0.719471
-0.763197
-0.588589
-1.03265
-0.413388
0.0157252
-0.143303
0.564669
-0.326148
0.0115368
0.281794
0.118355
-0.698513
-0.595469
-0.737159
0.286436
0.013964
-0.0417021
0.812019
0.824784
0.0449345
0.257529
-0.691806
-0.826622
-0.622252
-0.33092
0.555756
0.258556
-1.04401
-0.851261
-0.280845
0.453484
-0.455245
0.0137505
-1.06164
-0.304577
0.659946
-0.14491
-1.03071
1.31664
-0.199214
0.25009
-0.177631
-0.070141
-0.103241
0.221912
-0.350227
-0.411882
0.304984
0.749908
-0.443652
0.215108
0.513227
-0.782704
0.63392
-0.187092
0.218012
-0.922874
0.666707
0.83534
0.612715
-0.200061
-0.287586
0.147369
0.499132
0.549805
-0.202508
1.08333
-0.103009
0.00129347
0.162959
0.42444
-0.295669
0.117715
-0.715523
0.466688
0.000862173
-0.988794
0.594725
-0.354403
1.02217
0.0176821
-0.0670468
0.0995878
0.232909
-0.403797
0.249277
0.510961
0.0924295
0.0796788
0.53741
0.411116
0.692952
-0.233428
0.0767248
-1.40323
0.0404762
-0.0332948
0.0225476
0.438169
-0.43817
0.145202
-0.178298
0.0561997
-0.234338
-0.775976
-0.445758
-0.304475
0.0378963
-0.218159
-0.193209
0.0961026
-0.225568
-0.13912
-0.484274
-0.130173
-0.491987
-0.25939
0.251197
-0.0509053
0.393332
0.233655
0.248001
-0.0953828
0.112642
-1.52888
-0.931003
-0.346829
0.659714
0.223
-0.6202
1.05829
-0.312197
0.919646
-0.282362
-0.708929
0.0306867
-0.454044
0.0598624
-0.0318702
0.787176
0.0882399
0.0232819
0.22524
0.0509331
-0.678979
-0.191811
-0.401896
0.0272061
0.732841
-0.428472
0.426003
-0.170974
-0.399733
0.414307
-0.0485312
1.28481
0.198889
0.242713
-0.469733
-0.510107
0.582602
0.175251
-0.276836
0.315298
-0.00996438
-1.09258
-0.204223
0.187298
-0.140433
0.462428
0.401013
0.581223
0.196072
0.645947
-0.345793
0.628591
-0.224412
0.34264
-0.432326
0.307071
-0.0740823
0.213712
-0.152754
0.633135
0.0206005
-0.774799
-1.11084
-0.32244
0.329867
0.0105203
-0.0390697
-0.699136
-0.136816
-0.0284101
-0.00269151
0.650281
-1.01896
0.237292
-0.234663
0.0172705
0.429841
0.40718
0.544499
-0.148662
-0.241607
0.829938
-0.0588339
0.168972
-0.234179
-0.0233826
0.884529
-0.886487
-0.225097
-0.428481
0.119927
-0.314499
0.355526
-0.546536
-0.0608669
-0.598264
0.0663624
0.987094
0.462345
0.19603
-0.214232
-0.0549193
0.733481
1.3233
0.274532
-0.0678594
0.236247
-0.393296
-1.21146
0.00259222
0.22196
-0.426939
0.312686
-0.770236
-0.0550551
-0.421917
-0.0148399
0.684128
-0.284788
0.264529
-0.0162149
0.117022
-0.878053
-0.263108
-0.312694
0.436983
-1.05827e-05
-0.273442
0.326484
0.469892
0.244042
-0.495729
0.513619
-0.847219
-0.0473431
-0.0525578
0.0100731
-0.956287
-0.159041
-0.762874
-0.116257
-0.508203
0.895905
-0.0710731
0.260938
-0.0327355
-0.0810049
0.264714
0.00562323
0.506757
-0.240124
0.699075
-0.126164
-0.964792
1.14977
-0.274113
0.797609
-0.18661
0.533078
0.96707
0.443402
0.598095
-0.443871
-0.342615
-0.258827
-0.29497
0.0922641
-0.0789223
0.793471
0.30474
0.459951
-0.0840069
0.301779
0.353077
-0.258159
0.532917
0.559345
-0.0980985
0.460892
-0.50952
0.00707436
-0.16276
-0.581553
-0.140073
-0.456867
-0.47815
-0.331854
0.539931
-0.459824
-0.590278
-0.069482
-0.227765
-0.380344
0.42977
-0.642542
-0.249966
-0.140953
-0.594876
-0.0897926
0.819807
0.174425
-0.229439
0.856894
-0.722172
0.632086
0.444654
0.0382221
0.0119666
0.00489583
-0.130595
-0.480722
-0.44993
-0.590122
-0.115199
1.11209
0.510686
0.752477
-0.170837
0.370103
-0.126957
-0.183853
-0.247838
0.474356
-0.187962
-0.590376
-0.0284636
-0.328526
0.140221
0.100502
-0.082119
-1.4018
-0.563349
-0.0218107
-0.691835
0.104045
0.947747
0.0130563
0.150661
-0.580237
-0.263689
0.183658
0.119371
-0.240682
0.219983
-0.522849
-0.826635
-0.724796
-0.138666
0.279112
-0.649557
0.309889
-0.362648
-0.11932
-0.0331867
-0.108739
-0.273392
-0.109024
-0.273781
0.0202919
0.248067
0.0621675
0.736426
0.289127
0.753264
-0.184293
-0.222639
0.900711
-0.164119
0.674838
-0.162125
0.0826107
0.421001
0.364133
0.417894
-0.0980572
-0.476326
-0.00194072
-0.141644
0.0364279
-0.0361162
0.264156
-1.37286
-0.323178
-0.314716
-0.889541
-0.250604
-0.790888
-0.634316
-0.166908
-0.43722
-0.0764809
-0.175825
-0.161977
0.113073
-0.564547
-0.0196148
-0.607166
-0.64502
-0.175613
-0.519955
-0.347641
-0.345767
-0.679609
-0.330624
0.507171
-0.114327
-0.351863
-0.347007
-0.562201
0.400605
-0.295484
0.287494
0.0255615
-0.0487332
0.66281
-0.215985
-0.299041
0.972759
0.426904
0.0486324
0.392303
0.249931
-0.0760167
-0.0816557
0.244942
0.102526
-0.819356
-0.2003
-0.356987
-0.108541
-0.0835288
0.557455
-0.873431
-0.474078
-0.143679
-0.355295
0.1309
-0.735336
0.225461
-0.146691
0.168393
0.150242
-0.974713
-0.395998
-0.0631199
0.571305
0.0152315
0.0409983
0.163809
0.0223389
0.53804
0.450075
0.167781
0.0673173
0.24776
-0.410001
0.599889
0.229487
0.510946
0.0820969
0.233234
-0.0404905
-0.241148
0.235137
0.150295
-0.0777541
0.186517
0.169216
0.982005
0.455684
0.720529
-0.383167
0.546707
-1.32745
-0.406694
-0.219717
0.0565106
-1.05644
-0.188549
-0.0508147
-0.412014
0.11264
0.29464
0.133153
0.1594
-0.114794
0.0885834
-0.19551
-1.2567
-0.401761
-0.672541
0.782298
-0.57273
1.1146
0.445148
0.068651
-0.220915
-0.191177
1.20563
0.597638
0.761653
0.126653
0.337023
0.674069
0.766152
0.215359
0.0664138
0.303392
-1.16267
-0.760617
-0.367406
0.315259
-0.387282
0.327832
0.152873
0.0664516
-0.381287
0.105063
0.196497
0.0544946
0.310881
0.0763597
0.382775
-0.640758
0.612169
-0.0386476
-0.101012
-0.345967
0.248536
0.841474
0.85345
0.0987839
0.442311
-0.429491
-0.484493
-0.78831
-0.0550032
-0.565792
0.119361
0.546689
0.799699
0.0150791
0.397012
-0.322922
-0.327335
-0.439487
0.232895
-0.359106
0.0806665
0.806524
0.441669
0.274969
0.227674
-0.570346
0.2424
-0.431288
-0.214412
-0.646154
0.66258
-0.758847
-0.111134
-0.20271
0.345416
-0.411276
0.00796479
0.15764
0.179909
0.175517
0.270373
-0.173934
-0.0846347
-0.0288517
-0.645144
0.368482
-0.365473
-0.1504
0.0564941
0.237031
-0.261948
0.571043
-0.929386
-0.23011
0.10466
0.00978106
-0.582119
-1.1492
-0.58199
