-0.337322
1.21078
0.623616
0.26484
-0.925052
-0.924702
-1.18767
0.984079
0.272329
0.558935
-1.28963
1.26347
0.893724
-0.773434
-0.855136
-0.850474
-0.525915
0.0662527
-0.183297
-0.56046
0.30096
-0.969095
-0.559147
-0.359127
-0.1179
0.76736
-0.807833
0.0383988
0.248115
-1.2196
0.290685
-0.885442
-1.1686
1.20674
1.25166
0.829173
-0.526241
-1.08094
0.494358
-0.16071
-1.01573
-0.0132253
-1.25183
1.10037
-0.647699
0.437954
-0.505919
0.0541612
0.126589
-0.845658
1.26173
0.739578
1.18108
1.06144
0.263024
1.13305
-1.10778
-0.81747
-1.22304
-0.468543
-0.298588
-0.614933
0.883103
-0.385415
-0.588842
0.114811
-0.965083
0.81245
-1.14254
1.30843
0.73212
-0.810851
-1.32845
0.848816
0.556641
0.614371
0.729793
-1.14552
-0.379662
-1.0317
0.976681
0.331316
-0.455542
-1.17346
-0.507624
-0.469703
0.618345
0.370972
1.03962
-0.0761939
-1.02298
0.573001
0.700626
0.164152
0.727865
-0.0170997
0.0608722
-0.197146
-1.2765
-1.05416
-1.25862
0.367517
-0.498151
0.024344
1.09586
-0.674733
-0.240339
0.686847
-0.729026
-1.13613
-0.564105
-0.907095
1.15769
0.830426
0.359692
0.999305
0.816096
-0.843162
1.05662
0.105838
0.825922
1.06208
-0.489656
-1.04787
-0.731151
-0.194686
0.855061
0.967958
-1.3274
0.0283714
-0.223353
-0.748047
-1.02052
-0.434747
1.1918
-0.475754
0.0517057
0.54549
-0.366329
1.26897
1.24204
-0.669484
-0.008299
-0.537005
-0.579228
-1.2454
0.295029
0.00728168
-1.20547
-0.593656
1.09785
-0.701919
-0.954062
-0.0259615
1.30594
-0.692658
0.463155
0.702345
-0.705753
0.612766
-0.355671
0.356142
0.358815
0.0945202
-1.10082
0.900745
-0.48528
-0.843224
-1.23358
0.246247
0.477205
-1.29964
0.0341404
-0.732592
0.391418
-0.875703
0.51497
-0.304109
1.17447
-0.974897
-0.425995
-1.03552
1.14281
1.01463
-0.65058
0.432069
0.852508
0.147348
0.0788153
-0.69416
-1.09127
1.06822
1.07601
0.357064
-0.43311
-0.403201
0.611136
1.06866
1.0407
0.750131
0.37946
-1.12059
-0.909464
1.07099
0.283007
-1.32001
-1.07067
0.439871
-1.33035
-0.910225
0.134612
0.517826
0.407879
-0.739935
0.570891
-0.706473
-0.467605
0.667379
0.403296
0.938697
0.422551
0.183633
-1.09318
-0.35447
-0.628806
-0.6854
1.27667
-0.285381
1.05401
0.353763
0.792112
0.00541642
0.205569
-0.021942
-0.818664
0.59751
-0.589713
-1.27711
0.393968
-0.865706
1.19071
1.22233
1.11262
-0.351035
-1.30259
1.15488
-0.190984
1.25735
1.24587
0.943858
-0.554766
-0.308296
0.942872
-0.493279
-0.886031
0.15559
1.17331
0.524862
0.188207
-1.08147
0.311554
1.31653
-0.967624
0.0541547
1.01666
0.646907
0.529049
0.544168
-0.379944
-0.552534
0.834343
0.833829
0.984841
1.10693
0.0276435
0.00373273
0.801052
0.399531
0.541426
0.792484
1.04504
-0.436787
-0.341322
-1.09419
0.207829
-1.24841
-0.0921357
0.112563
-0.574749
0.242804
-1.26336
-1.23911
0.867925
-0.378426
-1.00114
0.0643437
0.725356
-0.764453
0.328704
-1.11516
-1.19959
0.0890882
0.113529
0.370879
0.608456
1.27653
0.0403389
-0.477358
0.793054
-0.621367
-0.166135
-1.1345
-1.27289
1.24474
0.902732
0.523215
-0.2494
-0.880115
-0.923022
-0.667494
0.135699
0.577872
0.430833
-0.589031
1.2237
0.636219
0.144502
0.299172
-0.221681
-0.681029
-0.388243
0.691517
-1.31435
-1.03345
-1.21911
-1.23072
0.956547
0.545485
-0.0728516
-1.08159
-0.0214364
-0.0712633
-0.877551
-0.17577
-0.271252
0.311444
0.359875
-1.22261
-0.332372
0.340025
0.0087848
0.960111
0.4231
-0.908684
-1.15364
0.385721
-1.26889
0.235865
1.1842
0.203149
-0.299387
0.386201
-0.111045
0.12377
1.18684
-0.306682
1.23893
1.0834
-0.821111
-1.16514
-1.07499
-1.29435
-1.08591
0.493327
-1.15122
-0.480537
0.92864
-1.27982
0.851676
-0.585062
-1.02008
0.534306
0.349574
1.0201
0.633147
0.813067
-0.587126
-0.865788
0.68239
0.827998
1.31772
-0.234356
-0.340456
0.744741
-0.425966
1.1592
0.962942
-0.192698
0.673728
0.680665
-1.06813
1.08523
0.012648
0.875474
-0.484976
1.06331
-0.307677
-1.31376
1.09051
-1.09917
-0.48395
1.2157
1.20869
0.195126
0.352967
-0.146045
-0.558427
-0.45856
0.465299
0.678688
0.780461
0.771616
-1.10306
-0.0161126
-1.1897
0.135909
-0.155659
1.04042
-0.403001
-1.03206
-0.955933
0.705527
0.316555
-1.07247
-1.11209
0.544264
-1.14431
0.867498
0.549663
-1.12647
-1.11055
1.31113
-0.338323
-0.337409
0.848883
1.20492
1.30413
0.678681
-0.34037
-1.11918
0.745923
0.156453
-0.20551
1.08591
-1.05137
-0.0233084
-1.31377
-0.0841913
-1.19328
-1.02164
-1.02541
0.418736
0.669545
0.228898
1.24267
-0.337103
-0.57181
0.992132
-0.741761
1.24584
-1.31112
1.26659
-1.22355
1.05645
0.0771969
1.32132
-1.147
0.148643
1.26222
0.0620972
0.347723
0.524882
-0.123358
0.343004
0.22676
1.07381
-1.22416
-0.584889
1.212
1.04351
-0.125724
0.316674
-0.600981
-0.83824
-0.0938857
-0.391726
0.227302
-1.13378
1.29258
1.30933
0.529265
0.0956383
-0.511384
0.847794
0.494982
-0.904987
1.10724
0.867005
1.20665
0.601154
0.299611
-0.220638
1.1614
0.973919
-1.22967
-1.27216
-0.331326
0.843929
1.30581
-0.942475
0.254162
-0.314096
1.26675
0.918262
0.907189
-0.0843376
-0.236797
-0.610905
-1.18483
0.988454
0.84323
1.34453
1.33197
0.146511
0.722312
1.18535
0.922116
-0.692598
-0.138474
-0.997737
1.21999
0.279018
-0.731036
0.461332
0.306509
-0.390983
-1.0387
0.463273
0.0550879
0.730322
0.0526891
0.943709
0.137484
0.164243
0.999446
-0.275769
-0.991754
-1.26642
0.687714
0.319664
0.543861
-0.775086
-0.977658
-1.30353
-0.394904
0.244583
-0.287956
-0.162157
1.08684
-0.408799
0.0390411
0.76275
-0.279825
0.331062
0.972762
1.20082
-0.952756
1.14244
-0.027959
-0.652234
-0.11038
1.27881
-0.0380678
-0.470611
0.347507
-0.708023
-1.14869
-1.00171
-1.00213
-0.936518
-0.964185
0.378651
-0.856349
-0.409914
1.06641
-0.0763486
0.443705
-0.888007
-0.82859
-1.23424
-0.89103
-0.595783
-0.869627
-1.10326
-1.01225
-0.100906
-0.786414
-0.362153
0.0104566
0.512939
-1.23326
0.812098
0.342273
-1.12197
1.01021
1.12779
-1.18329
-0.599548
0.827563
0.65799
-0.856791
-0.781149
-0.346454
-0.0387926
0.318056
-0.35259
-0.0999564
0.658273
-1.25026
-0.657145
0.580039
1.06125
0.0237152
0.0798613
-1.05887
-0.140829
0.0883695
-0.699515
-0.621822
-0.33304
-1.28962
-0.473855
-0.772366
-0.460221
-1.0177
1.05016
0.256102
0.484549
0.774553
-0.00997919
-1.1113
0.103115
0.234557
0.657822
-0.185176
-1.00515
-0.576863
-0.362246
0.39589
0.190221
-0.383698
1.30739
0.279511
-0.708091
-1.07817
-0.933258
-0.681078
-0.910341
-0.838958
-0.571293
-0.869947
1.06968
-1.12764
0.081319
-0.227117
1.3001
-1.0412
-0.26458
1.27078
0.982009
0.848265
-0.651958
-0.883897
0.465355
1.15332
0.146658
0.186903
-0.594296
0.721244
-0.844279
-0.47423
-0.200749
0.0158036
-0.697543
-1.03132
0.300394
-0.567589
0.218122
-0.928863
-0.0481844
0.0876347
-1.20389
-0.432663
-0.976746
-1.15744
1.32477
-0.470615
0.835879
-0.656642
0.490419
0.704849
0.258261
-0.0747103
-0.232307
-0.398915
1.16311
0.889683
1.24761
-1.01006
0.620029
1.1668
-0.868183
-1.1605
0.652837
0.202369
0.915506
-0.969604
0.793305
-0.801472
-0.901101
-0.888881
0.857267
0.445976
0.063032
-0.375598
1.0149
-0.288739
0.850494
-0.171005
-0.331244
-0.0992907
-0.529028
0.668832
0.00572188
-0.715843
1.07509
-0.311342
0.126808
1.0935
0.325162
-1.02749
1.18455
0.337756
-0.44724
-0.967391
0.791191
0.323216
0.0937487
1.05707
0.764186
-0.943957
-0.506641
-0.673305
0.656606
-1.25275
0.188301
0.713778
1.00782
-0.427942
0.859536
-1.04857
0.928716
-1.00326
-0.275001
0.798594
-0.945566
-0.716049
0.606986
0.593509
0.378981
0.518314
0.111521
-0.668536
-0.415295
-0.842476
1.10764
0.221416
-0.26503
-0.0981471
1.20099
-0.934114
0.234362
0.0160609
0.298232
-1.2824
1.0166
1.16457
0.175327
0.529746
1.13436
0.551482
-0.935014
0.210018
0.287701
-0.199276
0.641882
1.16775
1.13356
-0.139816
-1.04038
1.30344
0.909668
-1.01505
1.1333
0.978483
0.0400732
0.229211
-0.28237
-1.20392
-0.442984
0.810668
-1.34375
-0.443528
-0.269998
0.104904
1.1241
-0.420217
-0.415059
0.636286
-0.133299
-0.751808
-0.134674
-0.970564
-0.865977
0.00110558
-0.21278
1.11412
-0.37228
0.213755
0.338955
-1.31272
0.439158
-0.862962
1.23554
-0.950317
-0.230561
-1.11171
1.33584
0.00611181
0.244613
-1.16771
0.670381
-0.782563
1.06528
-0.803025
-0.833635
-1.24583
-0.0751786
0.172508
-1.15996
0.746448
-0.127362
0.0644422
-0.161351
-0.266722
0.158819
-0.927236
-0.839322
0.986312
1.19157
-0.353043
-0.617934
0.381333
-0.251564
-1.27823
-0.923712
0.587161
0.412543
-1.28019
-0.747337
-0.719028
0.461582
-1.29309
-1.05832
0.80777
-0.8614
0.41367
-0.707969
-1.06735
-0.67921
0.615069
0.959775
0.884709
-0.278429
0.449471
-0.803921
-0.551569
1.05613
-1.3189
-1.11515
-0.784122
-1.26471
-0.852507
0.231497
-0.185068
1.06826
0.848513
-0.429852
-0.644756
-0.317992
0.247238
-0.622146
0.336953
-0.23549
0.145999
-0.164471
-0.541821
1.21516
0.704572
-0.964935
0.993013
-0.0309174
1.05964
0.790963
-0.223141
-1.28734
-0.616061
0.116024
0.357441
-0.651319
-0.963591
0.90092
1.29573
0.0493125
-0.891207
-0.614626
-1.28665
1.11877
-1.02723
0.207935
-0.608039
0.157885
0.412953
0.879795
-0.799228
-1.31137
-0.956992
1.08251
1.00839
0.261525
0.267694
0.433997
-0.871791
1.11225
-0.22541
-0.321238
0.0477534
-1.2202
-0.896511
0.643513
-1.1193
0.281752
-0.682493
-0.294041
-0.560078
-0.382763
0.59477
-0.545478
0.190472
-0.0499424
0.449337
1.17294
0.614957
-0.781656
-1.26007
-0.63374
0.255562
-1.20217
0.0113686
0.265166
-0.437511
0.729069
-1.0572
-1.13372
0.627671
-0.0105873
0.510156
-0.168682
-0.667832
0.877417
0.807278
0.517784
-0.613724
0.243032
-0.373385
-1.0922
1.13985
-0.966896
1.22322
-0.146575
-0.834663
0.125253
1.01599
0.626228
0.8263
0.428718
0.51803
0.928642
-0.677548
-0.0251736
-0.741451
1.32064
1.19088
-1.2387
0.552427
1.13723
-0.862518
0.191712
1.1138
-1.25331
0.539117
-0.539451
1.15071
1.26551
1.18386
-0.0803536
0.970505
0.907888
-0.494821
0.867664
-1.24974
0.251408
-0.726001
-1.02326
-1.12151
0.535746
-0.425174
0.603996
-1.16769
-0.490901
0.116503
0.782763
-0.48283
0.35509
1.03815
0.29825
-0.722128
-1.26767
0.999196
-1.2765
1.01003
0.0929097
1.19569
0.805084
1.32887
-0.406611
0.713542
-0.265498
-0.0517854
0.344216
1.0055
1.28584
0.703047
-0.245079
-0.216835
0.619008
-0.711601
-1.05522
-0.392126
-0.573723
-0.550786
-0.71843
-1.22124
-1.27833
1.33172
-0.192517
-0.303503
0.483678
-0.749454
1.22854
0.760699
-1.1045
-0.208196
1.03377
1.1934
-0.0939463
0.303156
-0.892524
1.3253
-0.721074
1.19344
0.395255
0.275642
0.0251102
-0.734369
-0.8708
-0.747322
-0.816465
0.761184
-0.397871
-1.17245
1.28836
1.03709
1.14838
1.3249
-0.885231
-0.279231
0.696398
0.511457
-0.932355
0.844609
-0.746066
-0.737839
0.102381
0.251986
0.216064
-1.09071
1.02209
-0.633099
-0.973349
1.05757
1.23199
0.972763
0.822595
0.416076
0.114646
-1.12445
-0.246062
-0.342483
-0.641173
0.604359
-0.0146354
-1.1271
-0.749722
0.501341
-1.11865
0.957523
-0.0053544
-0.0459384
0.261443
0.874892
-0.405775
0.479075
0.179084
-0.604485
1.03334
0.806962
0.430493
0.948572
0.985879
0.557419
0.904861
0.525226
0.469184
0.31166
0.65965
-0.920485
1.02353
0.990483
-1.2766
0.874485
-1.0032
-0.434075
0.653277
-0.907936
0.861586
0.88278
0.00967447
-1.33242
-0.568764
0.324676
1.29457
0.341479
-0.650956
0.363414
0.108599
0.747983
-1.05775
0.703908
0.112976
1.23484
-0.433701
0.357372
1.1508
-1.0773
1.1739
0.48347
-1.16671
-0.534695
0.55954
-1.16607
0.227537
-0.411884
0.324537
-1.21376
1.0192
1.274
1.25024
0.670753
-1.01045
0.67154
-1.29353
-1.28093
-0.466312
-0.0164341
0.729357
0.488224
-0.14626
-0.600628
1.33573
-0.209108
-0.14026
-0.901345
0.796837
0.516319
-0.760745
-1.12133
0.498846
0.41364
-0.60505
1.20801
-0.941759
-0.16967
1.19214
-0.222215
0.37165
-0.278213
-0.593976
1.30254
-0.252584
1.05136
-0.746677
-0.774279
-1.2517
0.41041
-0.34514
0.99216
-0.0682026
1.25459
-0.845497
1.00052
0.74251
0.723426
0.924784
0.687805
0.293331
-1.00984
-1.24915
1.13504
0.302701
0.788282
-0.0752298
-1.03215
-1.00882
0.494417
-0.200587
-0.815603
-0.0284859
-1.17376
0.221071
-0.619379
0.7981
-0.518667
-0.142961
-1.32045
-1.136
-0.277745
-0.040933
0.270188
-0.552253
0.527737
0.965614
0.751901
-1.25275
-0.0608446
-1.06389
-0.675595
1.30842
-0.967026
-0.000784159
0.318946
0.542827
0.138777
-1.3351
-0.46506
0.0381786
-1.1122
-0.404984
-1.25528
-1.12234
-0.275158
-0.969441
0.215244
0.518136
0.800197
-0.81123
-0.889259
-1.05667
0.383783
0.556082
-1.24481
1.18954
-1.19815
0.142953
0.573436
1.00824
0.576707
0.806659
-0.432539
0.841976
-1.12276
1.06974
0.128364
0.850016
-0.136795
0.383635
0.063252
0.61958
-1.13696
-1.17993
-0.671459
-0.886288
1.0065
-0.742988
1.28148
-0.443676
-0.850855
0.788426
0.43029
-0.00247963
0.158552
0.588998
-0.718253
1.34073
1.26578
0.398811
-0.816517
0.464296
-1.16329
-1.25078
-0.638254
-0.0716399
0.997612
0.61403
0.651946
-0.206092
-0.410631
-0.333738
1.31021
-1.23429
1.00041
0.210969
-0.159365
0.606873
-0.0302462
1.00352
1.06436
-0.234014
-0.599821
0.258028
1.1042
-0.784747
0.332073
0.353098
0.627153
-0.992672
0.593186
1.08843
-0.880999
-0.700847
1.26672
-0.858757
0.952014
-0.0220698
-0.677601
0.994811
-0.15605
0.0301981
-0.380954
0.241982
-0.905421
-0.281829
1.26227
-0.659454
0.41571
-0.471795
0.725471
-0.993245
1.25801
-0.133022
-0.723771
-1.14739
-0.876572
0.0683636
-0.430156
0.88802
-0.192178
-0.672066
0.317857
0.545386
-0.89701
-0.892603
-1.21178
0.654983
0.450134
-0.0617272
0.933885
0.818615
0.220757
0.986487
-0.808161
-1.05585
-0.620065
-1.17548
0.0953887
1.16686
-1.24249
-1.00285
-0.123897
1.17103
-0.503771
0.0168654
-1.22408
-0.923313
1.34
1.24749
-1.32453
1.21889
0.375065
0.978458
-0.131759
0.0356983
-0.0318932
0.433185
-0.975797
-1.25659
-0.511427
0.560368
-0.800786
0.48708
1.26196
-1.08908
0.479786
-0.145192
0.995788
-0.863517
0.535168
0.909803
1.19511
0.477165
-0.0105432
0.319961
0.987698
0.170382
-1.26166
1.16596
0.507875
0.46097
-0.771788
0.427757
-0.286848
0.404224
-1.05142
0.430502
1.33747
-1.21374
1.2923
-0.247733
1.00112
0.749164
0.176987
0.63823
1.0115
-0.275434
-0.467491
0.455565
0.818793
0.692475
0.77198
-0.183954
0.820767
-1.03411
0.102329
-1.33016
-0.473917
-0.358161
-0.275543
0.517615
-0.307858
-0.149824
-0.709331
-0.343496
-0.732439
-1.13766
0.310145
0.457974
0.317265
-0.100078
-0.31649
0.975689
0.0376477
-0.0592514
-1.27964
-0.411624
-0.314654
-0.25264
0.224441
0.100466
0.294937
0.717322
0.839225
0.579328
1.17253
-1.32207
-0.827019
-1.31488
0.421056
1.06777
-0.691999
1.14677
-1.18913
1.16577
-0.419091
-1.07929
-0.0398553
-0.656337
-0.575287
-0.500987
0.818025
0.10033
-0.507178
0.299815
0.565111
-0.620202
-0.242036
-1.01771
-0.84126
0.489116
-0.848934
0.0717901
0.562618
-1.04624
0.193562
-0.629476
1.25098
-0.0396211
0.825044
0.124785
-1.2264
0.384213
1.22405
0.272172
0.855026
1.02007
-0.75387
-0.77346
0.303275
-0.238395
0.920711
1.04989
-0.410746
-0.705556
0.753308
-0.609408
0.863999
-0.214414
0.449187
-1.09375
0.338197
-0.132496
0.22128
-0.892595
0.644426
0.968625
-0.787027
-1.08893
-1.27108
0.410118
0.291677
0.116729
-0.721555
-0.277384
0.258419
0.00065292
1.31012
-0.982193
0.529178
-0.260522
-0.183042
0.586695
0.515662
1.31038
-1.03045
-1.0691
0.60419
0.178572
-0.625918
-1.14012
-1.10392
1.06156
-0.833617
-0.475549
-0.73452
-0.386284
-1.1372
0.0623028
-1.12603
0.825606
-0.70229
0.119175
1.03811
0.408692
0.085986
-0.471819
-0.429187
0.488808
1.33171
0.424473
0.151652
0.610986
-0.0980825
-1.18166
0.168308
1.22474
-0.885603
0.507047
-0.807995
0.0960048
-1.07427
-0.121975
0.697161
-0.408492
0.461863
0.805886
1.13878
-0.730898
-0.267849
-0.910985
1.33074
1.14398
0.104652
0.910328
0.0296126
0.31452
-1.10887
0.685373
-0.997218
0.878761
0.749414
0.558136
-1.26429
-0.531029
-0.634481
-0.367121
-1.09225
1.19435
0.143157
-0.519151
-0.272065
-0.131239
0.298551
0.0615605
1.13826
-0.00415889
1.32871
0.935741
-0.788562
1.15633
-1.03414
0.862721
-0.316396
1.02739
0.982506
0.80322
0.767243
-0.564649
-1.13428
-0.261967
-0.85948
0.536369
-0.396971
1.28296
0.368849
0.857518
-0.992434
0.974097
1.11831
-0.0690912
0.273204
0.663195
-0.899084
-0.0101112
-0.283103
-0.972783
-0.36465
-1.16854
-1.27397
-0.947495
1.27289
0.135957
1.2392
-0.197642
-0.515737
0.0143982
-0.177722
-1.06241
0.378789
-0.764139
0.322498
0.385901
-0.942471
-1.16586
0.758188
-0.118347
-1.18636
1.33313
-1.19345
0.532791
1.27243
-0.722431
-0.974444
-1.0179
-0.52091
-1.06528
0.527951
-1.1477
0.0581414
1.35637
0.840817
0.291006
-0.526548
0.332794
0.0710177
-0.20659
-0.979535
1.04239
-0.157148
-0.82275
-0.344892
-0.225274
0.889835
0.62361
0.705523
-1.3488
-0.230315
-0.0652574
-1.29405
-0.622484
0.702828
-0.976419
0.0947777
-0.764733
-1.28505
-0.663493
1.33072
0.82055
1.22474
-0.0405193
-1.0525
0.130794
-0.116919
0.910478
-1.08976
-0.0288738
-0.936472
-0.438159
0.649918
-0.0622194
-0.331623
-0.264296
-0.0682957
0.785574
1.07264
1.21966
0.745977
-0.501154
0.49454
-0.173915
-0.655632
0.916074
-1.2354
1.09407
-0.10446
0.374108
0.427961
1.05133
0.362359
0.272279
-1.17555
0.0447718
-0.939182
0.638378
0.0193566
0.473596
-1.26188
-1.11784
0.578293
-1.15098
-1.14137
-1.26462
1.24554
0.630139
-0.400998
-0.544214
-0.400068
0.744167
0.428054
-0.860113
-0.87335
-1.05894
0.458156
0.708011
-0.646003
-1.28108
-1.09192
1.26042
-0.536168
0.742167
0.331235
-0.326729
-0.785521
-0.990496
0.319612
0.760806
0.391497
0.0796449
-1.18946
1.289
0.799653
-0.552088
1.30671
0.275409
0.225815
0.666336
0.826843
0.38543
-1.00802
-0.415127
1.14935
-0.75349
-0.341442
-0.169845
-0.153974
0.314703
1.17463
-0.713507
-1.00943
-0.794832
1.08009
0.401733
-0.558731
0.854823
0.985236
0.933142
1.11359
-0.678859
0.687191
-0.102222
0.92189
0.604519
0.733645
0.402412
-0.867873
0.131935
1.29997
1.15398
-1.27893
-0.906604
-0.973352
0.611178
0.848792
-0.769037
0.0290169
0.925941
0.618195
0.101949
0.239609
0.00647281
-0.5444
0.182863
0.508459
0.992784
0.341322
0.683519
-0.955473
-0.119955
-1.32484
-0.675095
0.628571
1.31788
-1.09152
-0.250657
0.802917
-0.802399
0.152844
0.619394
0.300843
-0.847653
-0.388072
0.761069
0.115369
-1.33134
0.702539
-1.24574
0.668508
-0.796882
1.23216
-0.360888
-0.469385
-0.92392
-0.487413
1.04464
1.33114
-0.370779
-0.135765
0.604479
1.03674
0.22523
-0.314732
-0.239588
0.497827
-1.34121
0.328993
-0.387378
0.780245
-1.09607
0.243793
-0.0505129
0.373176
-1.16815
0.223627
0.176243
0.167754
0.282083
0.473811
0.802828
-0.633446
0.865786
-0.0551313
-1.15496
-1.17645
-0.435514
0.792073
0.5598
0.76645
0.0462431
-0.186277
-0.959316
-0.460592
-0.1783
-1.09635
-0.723218
0.271669
0.667364
1.34441
1.15433
0.343458
-0.226519
0.360981
0.757795
-1.05068
-0.243841
0.907045
-0.313422
0.173427
0.203924
-0.859743
-0.386671
-0.456784
-1.27837
-1.27314
0.914393
-0.605389
0.057244
-0.509905
1.19064
-0.653026
-0.181734
1.01526
0.909599
-0.849836
0.81322
-0.136336
-0.0710103
-0.992778
-1.10112
0.626982
-0.0103362
-0.167129
0.620578
0.705735
-0.923589
0.288842
-0.97365
0.690099
0.421164
1.1794
-1.1868
-1.19443
-0.584727
-0.629925
-0.648126
1.09437
-0.685754
-0.601861
0.705458
-0.135564
0.721984
-1.17784
-0.0372557
-1.25238
-1.14491
1.10965
-0.968108
0.110382
-0.226468
-0.390558
1.07553
-1.27098
0.488542
1.25093
0.154542
1.15511
-1.222
-0.21603
-0.618662
0.631629
1.28623
-0.654653
0.406047
-0.813881
0.180383
-0.0799636
1.26394
0.264969
-0.410274
-1.05435
-0.935975
-0.726363
-0.616103
0.963157
0.162744
0.0609326
-1.01464
0.976872
0.586106
-1.16109
0.56646
0.100125
-1.12378
-0.0849583
-0.0274574
-0.871995
1.20442
0.940912
0.446291
-0.110248
-0.238094
0.401232
0.101663
-1.17698
0.0589648
0.822604
-0.125977
-1.20451
0.772565
-0.816541
-0.645566
-0.868218
-0.424272
0.713092
0.0534977
-0.756617
1.03588
1.02568
0.966858
-0.709762
-0.108713
1.30538
0.684168
-1.28783
-1.155
-0.0926962
1.11674
0.0961782
-0.00932555
-1.03377
0.447648
0.872533
-0.318114
0.759973
1.24224
-0.805948
0.0718075
-0.552446
0.805468
0.211311
0.37169
0.800996
-0.278522
1.11547
0.0668691
-0.913525
0.537726
0.782754
-0.489067
0.971737
1.08436
-0.620777
1.28373
-0.988275
-0.80489
-0.821943
1.07618
0.405666
-0.942665
-0.151228
0.31159
-1.11544
1.06417
0.822904
0.0185876
1.25224
-0.224407
1.29824
0.442807
0.321316
-0.907765
1.02026
-0.196267
-0.929983
-1.29255
0.173342
0.100516
0.596573
1.03367
-1.13188
0.627856
-0.832269
0.976485
0.84475
0.0947095
0.548856
-0.503975
-0.0721772
0.857939
-0.124393
-0.382185
-0.0122954
0.86609
-0.456699
-0.871959
0.57495
0.850746
-1.08093
-0.70505
-0.954277
-0.395785
-0.0836757
0.689386
0.408916
0.323514
-0.385252
0.923444
-0.0756396
1.28709
0.324237
-1.02041
0.471134
-0.483725
0.485707
-1.17003
-0.867025
0.972131
-0.730302
0.908274
-0.594193
0.391129
0.512583
0.0250701
-0.546427
-0.77515
-1.23935
-0.520042
0.466484
1.21124
1.00042
0.707185
0.761896
0.422479
-0.644306
1.09366
0.442617
0.142389
-1.06499
-0.131728
-0.0895463
0.980363
0.103679
-0.325204
1.26776
-1.0509
-0.213198
-1.21889
0.665876
1.11974
-0.594729
0.964526
-0.556906
1.11598
0.672288
0.797487
-1.29694
1.24605
0.576288
-0.531926
0.860288
-0.605013
0.980944
-1.04587
0.528118
0.0891038
-1.10429
-0.712657
-1.30391
-0.0693879
-0.529647
0.273045
-0.539657
-0.522475
0.654417
-1.18737
1.12164
0.947044
0.431202
0.239235
1.02796
-0.854745
-1.13655
-0.688236
0.793554
-1.23126
0.261419
1.3462
0.948875
0.0138983
-1.17426
0.897114
0.26311
-1.04728
-1.05064
1.11871
0.469306
0.88598
1.00188
0.185776
0.0184459
-0.19897
-0.493328
-0.152374
0.744597
0.272209
1.04837
-0.183878
0.275402
0.341378
0.243121
0.506425
-0.739632
0.0211389
-1.08
-0.301741
-0.0209321
0.413559
1.19581
0.250165
0.636702
-0.0514954
0.303849
-1.19565
-0.667576
-0.390741
-0.0954444
-1.23675
-0.967455
-0.570973
1.26647
-0.46854
-0.080005
-0.82935
0.284625
-0.597546
-0.802948
0.0285484
-1.34514
-1.32419
-0.743313
-1.22885
-1.03695
-0.358667
0.843001
0.197869
0.0347943
-0.533528
1.16044
-0.292044
-1.10234
0.322405
-1.03204
-0.405841
0.0707912
1.01964
-0.014777
0.544308
1.29628
-1.02305
-0.604056
-0.263025
-0.194643
-0.214647
1.09949
0.565013
0.281566
-0.509879
0.88866
1.20044
0.808705
-1.35312
0.332061
-1.22688
-0.656145
-1.18247
0.298103
0.484103
-1.04309
-0.300146
-0.116765
-0.359001
-1.01643
-0.187621
0.674146
-1.16021
-1.0785
-0.334538
1.21742
0.455099
0.46794
-0.375961
0.246077
-1.31509
0.410443
1.12371
0.302676
0.984389
0.567032
-1.03292
1.07481
-1.20223
0.0771648
-0.974927
-1.29679
-0.188243
-0.53572
-0.03181
0.199242
-1.22477
-0.985808
0.163343
-0.378435
0.637388
0.423552
0.941956
0.508299
-0.19093
0.46318
-0.606498
-0.503317
0.790071
-0.143412
0.824918
0.87188
0.958217
1.06963
-0.21976
-0.496757
0.219011
-0.354239
0.270728
0.545154
0.45276
-0.375056
-0.909696
-0.189498
-0.949432
1.04369
-0.436989
-0.930203
-1.25526
0.415843
0.363047
-0.457607
-1.14785
-0.229043
-0.503125
0.498347
0.282286
-0.366439
-0.719252
1.32231
-0.137296
0.498683
-0.988187
-0.0449527
-1.26563
0.0176288
1.23798
-0.35585
-1.24958
-1.2387
-0.284696
-0.904308
-1.27039
0.742972
-0.0957978
-0.547097
1.11106
-1.00349
1.25277
-0.492021
1.07762
0.289959
0.887411
1.2991
-0.584746
1.22498
-0.313743
-0.329179
-0.431939
0.10679
-0.928187
0.171322
0.124506
0.708759
0.857015
-0.199922
-0.555177
-0.653225
-0.825395
-1.17331
-0.400977
-0.610109
1.28442
0.152639
-0.408516
0.221156
-0.957146
-0.120009
0.346389
-0.00528085
-0.23647
1.34614
1.02258
0.311633
0.173255
0.313632
-0.825702
-0.284466
-1.22494
-0.0594691
0.144319
-0.705089
1.27351
1.10887
0.588445
0.0884485
0.988591
-1.00261
0.780989
-1.00373
0.792025
-0.581193
1.04004
1.18377
-0.961551
-0.0757648
1.29765
-0.04606
0.965181
0.220957
-0.348772
-0.583461
-0.775961
0.718943
-0.303018
0.0538053
-0.00275087
0.2282
0.984251
1.27978
-0.25566
0.882407
0.688869
0.184713
1.19939
-0.813986
-1.03192
0.961291
-0.161852
0.938052
1.0219
-1.18805
1.03086
-0.164687
0.02547
0.341236
1.14272
-1.3214
-0.0471099
0.506283
0.573111
0.481734
-1.00615
-0.538594
-0.36008
0.815508
-0.604395
-0.741195
1.23376
-1.3093
1.34721
0.46096
0.85768
-0.577177
-1.30403
0.677304
0.897832
0.632411
-0.96609
0.69523
0.71645
0.42251
0.690709
0.898611
0.268835
-1.10613
-0.0657676
-1.1546
-0.250908
-0.274565
-1.17015
-0.399089
-1.03987
0.870322
1.19379
-1.15238
1.22129
0.0252698
-0.563623
-1.13628
0.0325356
0.790777
0.53108
-1.2112
-1.14101
-0.247597
-0.546542
-0.686725
-0.546534
0.84802
1.1546
-0.257366
1.08578
-0.490812
-0.0698398
-0.721965
0.406231
1.28773
0.237438
-0.394238
0.38826
-1.01394
1.05262
-0.0113571
-0.140062
0.21998
0.313375
-1.15435
0.491383
-0.683146
0.588279
0.865639
0.770524
0.100534
0.0192156
-0.964463
0.716447
-0.638406
-0.0228733
-0.58257
-0.986909
0.338124
-1.19921
0.662156
-0.520341
-1.34584
0.0306081
-1.21519
-0.581493
0.558711
-1.15721
0.913848
-1.34172
-0.668275
0.665946
-0.49957
-1.05961
-0.371382
-0.562258
0.956271
-0.487092
0.833268
1.05759
-0.174195
1.10198
-0.334256
1.23605
-1.11188
0.502264
-0.0255502
-0.298186
0.3592
0.512534
-1.34155
-0.865212
0.580246
0.481524
1.26115
0.69903
1.17144
0.492602
-0.578534
-1.06025
0.763307
0.362068
-1.22321
-0.374635
1.22787
-0.0281518
-0.189889
-0.144609
-0.792765
-0.351963
-0.350035
-1.16991
0.739258
-0.213837
0.890718
0.918721
-0.785207
0.423712
-0.0742115
1.00715
-0.775412
0.477423
0.258027
-0.577012
-0.972442
0.435176
0.628086
-0.505158
0.387934
-0.294527
0.559731
-0.813682
1.01535
-0.61728
-0.384204
-1.19505
-1.02524
0.0507411
-0.618105
0.899322
-1.32953
-0.322239
-0.443038
-1.28581
-0.978027
-0.202711
-0.0126461
-0.229035
0.097013
0.254147
-1.28316
-0.0337716
1.26894
0.0529802
0.477517
-0.495211
0.7493
0.7333
0.0494255
1.24261
-1.02841
-1.27442
0.744491
0.798671
-1.0295
-0.641633
-1.2871
-0.53199
0.735179
0.0398561
-0.413353
-0.346675
-1.30904
-0.48711
0.434535
1.27869
0.905479
-1.27525
1.08693
0.751097
0.726223
-0.139991
-0.28145
-0.559421
-1.16867
-0.718963
-0.67901
0.0079732
0.685349
-0.0688109
-1.12276
1.28238
1.19971
0.766437
1.29322
0.100696
1.21618
-1.21793
-0.379977
-0.749245
-0.817499
-0.921774
0.360264
0.760907
0.209654
-0.93575
0.855302
0.359859
-0.306928
0.459489
-0.651183
-0.412315
1.121
-0.571951
-0.071605
1.03822
0.50539
-1.21266
-0.950332
-1.28516
0.376996
-0.13996
-0.979807
1.25578
0.0608225
-0.693787
0.0242035
0.472393
-1.14288
-0.597894
0.85136
-0.108342
0.124272
-0.209357
-1.22627
-0.869036
-0.135675
-0.737478
-1.14257
0.981829
1.3017
0.805479
0.94358
-0.687298
1.26165
-0.790205
1.24804
1.33227
0.55856
1.27516
0.161535
-0.646644
-0.165084
0.24496
-1.14136
0.393694
1.29701
-0.826195
0.793347
1.11399
1.19147
1.22203
0.0218774
1.25686
0.640812
-0.921003
-0.0730946
0.563498
-0.693442
0.374707
0.408906
-0.924658
0.176294
0.690519
-0.0544637
-1.33789
-1.31887
-0.336232
1.14765
-0.735703
0.351413
-0.756028
-0.457786
0.938371
0.564644
-1.1089
-0.196603
-1.26447
-0.0159953
0.435583
-1.02389
-0.517129
-0.226921
1.15543
1.32113
-1.23016
0.713029
-0.344704
-0.241563
0.716886
1.13281
1.20422
0.146095
-0.400806
0.755474
-0.674276
0.15826
-0.390906
0.411979
-0.73794
-0.817853
1.11359
-1.07686
0.00269742
-0.768103
-1.24059
-1.19282
-0.800514
1.02548
-0.569707
1.24735
0.215044
-0.165427
0.216456
0.0634945
0.6946
-0.583604
-0.334376
1.0951
1.20084
1.04799
-0.25159
0.733629
-0.0842576
-0.00897474
-0.810673
0.234718
-0.846844
-0.424614
0.943431
-0.80913
-1.15046
-1.09671
1.21077
0.0211094
-0.205324
0.857812
0.890361
-0.452875
0.530162
0.71822
0.394677
-0.936781
0.997073
0.0622902
-0.600074
-0.241656
-1.25791
-0.984123
0.714205
-1.34877
-0.205865
0.0637306
-1.15379
1.28322
-0.751334
-0.525502
-0.508139
-0.7042
-1.30135
0.626609
1.26945
-0.729352
0.453793
0.68226
0.932367
-0.219245
-0.52632
-0.428537
0.595737
0.847544
-0.84879
-0.291146
1.1182
0.832128
1.29054
0.654131
-0.300648
0.242945
0.399239
-1.1412
0.126995
0.552104
-0.884019
0.769715
0.225443
1.17754
-1.25164
-0.61882
0.297415
-0.524988
0.597051
0.692319
-1.06331
0.0691661
0.0426161
-0.341118
1.20894
0.88646
0.529128
0.567718
-0.0940493
1.13628
0.518675
0.603144
0.945604
-0.619033
0.825955
-0.845845
-0.4058
-0.427931
1.32938
0.950116
0.530689
0.607418
0.147668
1.17669
-0.0397767
-0.374211
-0.903076
0.776231
0.62243
-0.367566
-1.27402
0.910882
-1.31334
0.590748
1.25311
-0.179016
-0.704092
0.569271
0.845603
0.119964
1.20936
-1.22534
0.019008
0.586371
0.935843
-0.884166
0.798616
0.091361
-0.305655
-0.988684
0.981494
-0.952071
-0.505592
-0.551663
1.02823
0.45706
0.77707
-0.673173
0.333568
0.183941
0.880921
0.989747
-1.35843
0.443101
-1.21225
0.116635
-0.58983
-0.524166
-0.396266
0.325367
-0.447102
0.620988
-0.306794
-1.15673
0.763991
-0.580972
-0.169802
0.489387
-0.464919
-1.1741
-0.288462
1.21124
0.37535
0.43384
0.323212
-0.824447
-0.219476
0.638691
-1.10396
-0.598669
-0.580465
-0.153992
1.2794
-1.16788
0.0550251
-0.849364
1.26378
-1.04003
-0.232345
0.648928
0.541997
-0.254348
-0.431192
-0.287673
-0.636208
-0.779376
-0.0388572
-0.616791
-0.514359
0.46098
1.2553
0.266804
-1.16959
-1.11565
1.22008
-0.546552
-1.07099
0.298136
0.33941
0.380003
-0.641555
-1.27897
1.25489
-0.657312
0.495579
0.558579
0.270326
-0.512134
-0.595767
0.272813
1.00557
1.17353
-1.07633
-0.92514
1.23109
0.632414
1.01581
-0.837162
0.237194
0.527894
0.472356
-0.301457
-1.30643
0.227211
-0.652503
-0.0954829
1.23263
-0.275779
0.885583
-0.851764
0.4707
1.27876
-1.14249
-1.32699
-0.174822
-1.0518
0.704776
1.10326
-0.183824
-0.662821
-0.171524
0.590096
-1.32455
0.265817
0.305857
0.363606
-0.708985
0.558903
-1.11202
-0.807069
1.03232
0.598182
-1.3231
-0.673723
-0.758261
-0.600717
-0.666034
-1.11889
-0.0593882
0.648264
0.286017
0.483447
-1.08003
1.24231
0.931365
0.827169
0.867647
1.16007
0.0583676
-0.816895
0.315895
0.646387
0.612964
0.0248077
-1.1627
-0.301755
1.13654
0.214296
0.101577
-0.629238
-0.32706
1.0683
0.429078
0.744395
-0.147102
0.338566
-0.690443
0.548019
-0.203087
-0.161833
0.397278
1.13037
-1.1901
0.843698
-0.594004
-0.172675
-1.28569
-0.523456
0.00191095
-1.18683
0.0324133
1.1367
-1.06804
0.710195
-0.269669
0.391632
-0.668276
-0.937022
-0.911815
-1.13528
-0.827961
0.530015
1.04923
0.836042
0.490216
-1.08045
-0.564328
-0.508878
-0.629225
0.0762207
0.113583
-0.372128
-0.338895
0.910562
0.776497
-0.491443
1.13627
1.18987
-0.477939
-0.384878
0.035391
1.18875
1.00682
-1.11602
-0.287439
0.142997
-0.00399015
-0.801049
0.984647
0.477296
0.894208
0.929828
0.626938
-0.240618
0.241737
-0.941107
0.456467
-0.915151
0.479998
-0.770834
-1.03905
-0.911427
-1.32137
0.600866
0.589517
-0.0150639
-0.949741
-1.1287
-1.27767
-0.863555
1.05524
-0.694838
-0.398443
-1.05486
-0.731528
0.0894578
0.285974
-0.695029
-1.18595
-0.245783
-0.682376
-0.710368
1.30118
0.313199
0.150888
-0.225888
-0.165
0.129686
0.534779
0.543782
-0.891256
0.0140477
-0.228358
1.00363
0.32503
0.0542636
-1.0431
0.271693
-1.03808
-0.434477
-0.911109
0.541893
-0.776236
-0.274604
1.06442
-0.803978
0.0247716
-0.217554
-1.25787
0.81188
-1.14167
-0.00505898
0.191652
0.359341
0.506522
-0.670608
-1.27208
0.642402
0.15905
0.939203
0.870777
0.917639
-0.0797884
-0.444416
0.783592
-0.130347
-0.824663
0.980588
1.01929
-0.15815
-1.14536
-0.274943
0.820402
1.03907
-0.826789
-1.15088
1.04706
-0.30241
0.125313
1.24589
-1.19631
0.39287
-1.14588
-0.330601
0.840613
-0.169462
1.32814
0.0857879
-0.515207
-0.761667
-0.401825
-0.347206
-1.13951
-0.319321
-0.0854601
0.624814
0.42081
0.550796
-1.34204
-0.720407
0.460941
-0.0307287
-1.282
0.855844
0.737379
0.117159
-1.12672
0.761855
0.242676
0.783566
0.679123
0.803506
0.0470818
-0.960022
0.48389
0.326932
0.624278
-0.898736
-0.787552
1.05699
0.697323
1.09972
0.682025
0.234198
0.407905
1.02441
0.200172
0.273021
-0.964703
-0.0825779
0.568175
-0.663153
-0.814342
-0.502212
-0.684569
-0.736385
-0.165599
1.10099
-0.0200253
-0.849347
-1.12011
0.596399
-0.272079
0.891674
0.431293
0.767245
-0.622012
0.515617
-0.633987
1.18045
0.320763
-0.495828
-0.638179
-0.813075
0.529672
-0.754174
0.279461
-0.610554
0.460336
0.857094
0.72726
0.65871
-0.854551
-1.10033
0.533126
-0.370699
-0.187549
-1.26585
-0.636111
-1.23216
1.08331
-0.667773
0.175145
-1.21473
0.514707
-0.436791
1.097
1.04342
-0.436728
1.11623
1.33372
0.838773
0.879374
-0.700762
0.201714
-1.18492
-1.04629
1.36472
-0.455444
0.696428
0.828595
0.958421
1.23252
-0.780396
-1.26611
-0.247871
-1.00803
-1.25982
-0.355447
0.814258
0.17753
-0.495817
0.417781
-0.730153
-1.26932
0.737356
0.382459
0.713341
-1.20767
0.93066
0.340673
0.189403
0.352265
0.981068
0.238657
0.239846
1.32015
0.645148
-0.17025
0.546724
-0.301268
-0.69919
0.298937
1.16289
1.1042
-0.451334
0.0718502
-0.765179
1.38883
1.27791
0.378493
0.801313
0.530421
0.198374
-1.20973
-0.0975543
0.474648
0.462644
-0.348614
1.1561
-0.916338
0.00734571
0.50639
0.497646
0.352729
-0.625421
-0.913628
0.378833
0.25651
-0.861128
0.571155
-0.119518
0.449942
0.856842
-0.923723
-1.26893
0.760514
0.323719
0.556772
0.90946
0.805747
1.19219
0.0492533
-0.0464438
-0.335277
-0.946887
0.193097
-0.597876
1.13345
0.197365
0.228307
-0.484551
-1.24103
-1.24341
-0.187291
-1.06122
0.341168
1.0437
1.02906
0.391115
-0.77371
0.979759
0.986912
-0.831398
0.636403
-0.573102
0.837064
1.30113
-1.2775
1.08765
0.316061
1.24664
-0.106386
0.829137
-1.23932
-0.457973
-1.15887
1.31179
0.835346
0.931374
1.01469
-1.22744
-0.370815
-1.17992
-0.792929
-0.729789
-0.0878358
-0.657547
-1.07092
-0.862979
-0.910797
1.33461
0.698039
1.23613
-0.165932
-0.630618
0.758295
-0.507576
-0.588762
-0.746455
-1.00111
-0.652318
-0.363787
0.457813
-1.18298
-0.725303
0.832302
-0.957868
-0.415016
0.960922
-0.960107
-1.1105
-0.0291587
-0.505341
0.192245
0.812181
-0.988333
0.228328
0.00523933
-0.953428
0.344441
-0.609884
-0.0339359
-1.12314
-0.0604224
-0.477803
0.88084
-1.17936
-0.175618
-0.0814332
0.610577
0.244237
0.479631
0.758599
0.949544
-0.507061
0.125257
0.920181
1.29237
0.985041
-0.393896
-0.829789
-0.00933713
0.646621
-0.0242689
-0.0435074
0.887956
-0.39243
0.949498
-0.303512
-0.474417
-0.124728
0.650148
-1.0444
-0.798667
1.21122
-0.897862
0.191412
0.207746
-0.0294692
0.352127
-0.750548
0.13165
-0.355178
0.412589
-0.977393
0.188256
-0.868444
-0.587872
-0.738806
-0.773821
0.909671
-0.551644
1.15734
1.21673
0.129966
-0.982751
-0.340915
0.790624
-0.385889
-1.10567
0.216063
0.93609
0.757785
-0.894217
0.442326
-0.773069
-0.747941
0.988866
-0.71188
-0.639806
-1.3181
1.06173
0.780172
0.329774
0.667511
-0.99295
-0.129545
-0.41261
-1.07796
-0.00355903
1.11477
-1.24301
-0.549209
-0.763328
-0.661614
1.11111
-0.0948563
-0.0825584
0.695857
-0.938017
-0.00843928
-0.16184
0.274648
1.34616
0.692533
-0.289203
0.783424
-0.970248
-1.28269
-0.787263
-0.392871
0.050503
0.319939
1.10287
-0.0421071
-0.0620639
-1.23345
-1.21975
0.159432
-0.160008
0.907291
-0.979879
-1.27803
-0.128807
-0.70953
-1.1729
0.619419
-1.04064
0.328239
-0.576277
-0.842467
-0.298439
0.840815
-0.276959
0.675308
-0.977622
0.761735
-0.684049
0.494149
0.198805
1.14416
-0.323434
-1.17769
-1.21852
0.937682
0.0829246
0.73139
-0.722663
-0.408598
-1.25757
1.33652
0.484839
1.16643
-0.636084
0.325836
0.483773
-0.485161
0.996466
1.20461
1.00717
0.558608
-0.640591
-0.577498
1.24075
-1.3311
0.608518
0.553725
0.320365
1.26663
-0.561983
-0.446571
-1.14616
-0.141603
-0.622795
-0.398587
0.935671
1.14216
-0.862484
-0.342199
1.10434
-1.22877
-1.09696
-0.85434
0.278444
-0.9136
1.26146
-0.15237
0.00758004
-0.66224
-0.0155581
0.472277
0.688819
0.682762
0.213693
1.07522
0.811251
0.655636
-1.26382
-1.32619
-0.759875
0.492448
-0.215146
-0.221788
1.05002
1.05346
1.06514
-0.520378
0.432678
-0.683792
-0.857002
-0.845559
-0.395506
-0.161852
0.887363
-1.02135
0.646301
0.0642792
-0.577087
-0.0173446
-0.530744
0.261107
-0.180348
-0.891593
-0.974232
0.181908
1.11392
-0.400695
0.650848
0.434479
1.16713
0.830741
0.154138
0.40641
1.02215
-0.320852
-0.480058
-1.29206
0.902544
0.771675
-1.08403
0.206286
-0.11841
-1.01914
1.26885
-0.823554
-1.15399
0.265267
0.610474
-1.26106
0.433709
0.0849593
-1.07337
-0.834583
0.222316
-0.475265
1.22242
0.861097
1.29372
-0.693608
1.22136
-0.24193
-0.436041
-1.23389
-1.17743
0.523024
-0.12303
-0.718827
0.319071
-0.653462
0.233321
-0.360054
0.880638
0.819952
-0.110675
-0.420795
-0.371074
0.803772
-0.493602
-0.790044
-1.1162
-0.0242802
-0.0042896
0.923053
-0.75677
-0.282375
0.846726
0.867118
-0.346272
-0.115287
-0.515148
1.15591
-1.02183
1.17617
0.486273
0.00172196
-1.27695
-0.0590138
-0.240371
-0.877027
0.461668
1.26757
0.113598
0.516194
-1.19202
-0.220974
-1.00095
0.338674
1.17921
0.344583
-1.16865
-0.369878
0.153421
-0.227453
0.912168
0.832796
0.297641
-0.415093
-0.697559
-1.06022
-0.357847
-0.20972
0.478024
0.418585
-1.18799
-0.277945
-0.841342
-0.851961
0.896499
-1.22557
-0.207034
-0.782962
1.08594
0.16961
-0.698391
0.0749117
0.668143
1.23637
-0.705048
1.106
1.18532
1.10905
0.329932
0.331477
-0.261675
0.678151
0.0671642
0.463011
-0.194597
0.629569
0.839719
-0.954446
0.895593
0.0893413
0.89578
-0.214016
-0.321557
1.09357
-0.68321
0.921375
-0.114739
-0.0108491
-0.544065
0.178544
-0.513193
-1.24553
-0.606704
-1.20174
1.37361
1.25136
-0.290838
0.606837
-0.415705
0.469018
0.820655
1.14559
-0.317483
0.734149
-0.654664
1.2862
-1.29399
0.278595
0.393055
0.444465
-1.04857
1.13893
-0.897932
0.308318
-0.751452
-0.537624
0.100824
-0.256082
-0.94483
-0.871268
-0.19718
0.694079
0.974285
-1.19253
-0.324023
-1.08271
-1.26496
0.457727
0.268022
-0.939194
-0.701551
-1.21969
0.928549
1.23996
-1.00612
-0.706769
1.03113
1.0765
-0.307723
-1.24185
-1.2174
0.209232
-0.299013
-1.26643
0.247233
-1.27847
0.788576
-0.542427
-1.20342
0.267238
-0.266197
1.30016
0.0921784
-0.603917
0.567168
-0.602832
1.0862
-0.344438
0.0946463
-1.20099
-0.153243
0.904339
0.781355
-0.763562
-0.726495
0.890435
1.09169
-1.1362
-0.141363
-0.425512
0.975494
-1.13944
-0.775806
0.668623
-1.21308
-0.0134548
-0.158387
-0.443208
-0.275706
0.0809874
-0.881991
