-0.209698
0.910496
0.469933
0.193519
-0.694965
-0.68815
-0.878089
0.734914
0.198851
0.408726
-0.965571
0.935737
0.650552
-0.593273
-0.643277
-0.638278
-0.399398
0.0477986
-0.148183
-0.41995
0.216542
-0.732106
-0.414918
-0.263741
-0.0782193
0.561981
-0.614981
0.02608
0.167877
-0.910283
0.220418
-0.659294
-0.836409
0.929584
0.922413
0.582268
-0.431074
-0.803782
0.360209
-0.135413
-0.762571
-0.00803252
-0.908852
0.832712
-0.480117
0.325938
-0.371288
0.0560381
0.100512
-0.593432
0.976263
0.555367
0.866494
0.747192
0.140925
0.763676
-0.90219
-0.645895
-0.919744
-0.335356
-0.217379
-0.431105
0.663158
-0.309417
-0.438719
0.0805599
-0.699787
0.614887
-0.822231
0.993405
0.49387
-0.644958
-0.944864
0.676082
0.407144
0.428119
0.462517
-0.9083
-0.286892
-0.727668
0.742947
0.197152
-0.388
-0.873776
-0.333184
-0.279588
0.507346
0.29258
0.73998
-0.11818
-0.746421
0.463071
0.506445
0.0893612
0.487553
-0.0807755
-0.025769
-0.242615
-1.00143
-0.770633
-0.859029
0.331422
-0.329
0.0811252
0.796382
-0.532029
-0.149911
0.483752
-0.583419
-0.80928
-0.332001
-0.526474
0.97533
0.645549
0.286334
0.735086
0.529676
-0.639848
0.782665
0.0519492
0.574263
0.654572
-0.509702
-0.827866
-0.51657
-0.0787845
0.639313
0.596059
-1.04891
0.00768116
-0.212085
-0.570253
-0.692959
-0.196131
0.90592
-0.355325
0.0835916
0.405716
-0.233207
0.945011
0.761393
-0.622127
-0.0886934
-0.468932
-0.476336
-0.875786
0.253919
-0.0416776
-0.873793
-0.314501
0.81427
-0.552704
-0.607316
0.11876
0.961184
-0.506543
0.380853
0.459959
-0.534159
0.440554
-0.274312
0.258498
0.202709
-0.0286113
-0.801894
0.625682
-0.460047
-0.646544
-0.814185
0.273649
0.309663
-0.926686
0.0877278
-0.448584
0.335985
-0.550957
0.466818
-0.148172
0.829494
-0.737544
-0.238718
-0.558022
0.98834
0.698507
-0.462901
0.394406
0.586698
0.0414476
-0.0111277
-0.510107
-0.612162
0.931183
0.747208
0.161533
-0.338983
-0.191826
0.543227
0.766403
0.640146
0.356975
0.0297876
-0.9471
-0.589514
0.753251
0.00137169
-1.05799
-0.693144
0.318618
-0.935294
-0.466865
0.277006
0.439902
0.270588
-0.48826
0.43413
-0.464878
-0.168402
0.601777
0.338922
0.634981
0.182056
-0.0239682
-0.812034
-0.190493
-0.343792
-0.252431
1.0252
-0.136506
0.796978
0.222141
0.486201
-0.0848806
0.0760425
-0.105989
-0.556863
0.41963
-0.464606
-0.743439
0.450781
-0.377712
1.05915
0.864355
0.620728
-0.387673
-0.774435
0.947945
-0.0425874
0.950352
0.757725
0.42313
-0.546174
-0.20606
0.581547
-0.468023
-0.538141
0.278465
0.833077
0.246673
-0.0210819
-0.719872
0.364379
0.831468
-0.712281
0.187173
0.746839
0.383507
0.267973
0.228632
-0.347585
-0.276345
0.678931
0.560192
0.579914
0.536712
-0.193546
-0.0773194
0.431879
0.114063
0.205079
0.314223
0.321601
-0.678828
-0.511204
-0.882884
0.00192632
-0.927443
-0.0522368
-0.0218348
-0.478458
0.0159115
-0.955566
-0.668804
0.64797
-0.354985
-0.611145
0.163009
0.415388
-0.578494
0.157225
-0.798797
-0.604296
0.291278
0.231329
0.352417
0.449703
0.709368
-0.207621
-0.395262
0.395088
-0.581587
-0.21149
-0.760621
-0.564489
1.0259
0.484595
0.115994
-0.398554
-0.678776
-0.543956
-0.245243
0.269174
0.433267
0.221978
-0.334705
0.812458
0.216292
-0.107944
-0.0271064
-0.378041
-0.568661
-0.275429
0.249017
-1.05354
-0.652364
-0.646965
-0.446053
0.84658
0.283648
-0.185627
-0.679609
0.0924535
-0.0526329
-0.491371
0.037586
-0.0362076
0.277599
0.150569
-0.741258
0.0194321
0.366779
0.108685
0.595971
0.0535308
-0.706373
-0.568112
0.371088
-0.612727
0.476492
0.820228
0.0405686
-0.165425
0.288019
-0.0363726
0.177835
0.683831
-0.275311
0.664372
0.245978
-0.928253
-0.872677
-0.66459
-0.658774
-0.359629
0.47684
-0.571493
0.0354906
0.689971
-0.641457
0.696473
-0.305548
-0.306861
0.679672
0.449654
0.7326
0.370934
0.360419
-0.430904
-0.290625
0.687314
0.593877
0.664962
-0.298003
-0.132374
0.498306
-0.172213
0.781016
0.40612
-0.223226
0.347619
0.190522
-0.664556
0.679563
-0.0982833
0.3791
-0.404209
0.485436
-0.452296
-0.721573
0.66712
-0.678419
0.00327228
0.872215
0.542755
-0.126849
-0.000507547
-0.279536
-0.38743
-0.166598
0.361122
0.344917
0.252526
0.0629738
-0.892155
-0.10777
-0.678402
0.190123
-0.0458053
0.457685
-0.509162
-0.643394
-0.353514
0.516528
0.00236415
-0.698189
-0.416996
0.465684
-0.48617
0.685796
0.18531
-0.663676
-0.267145
0.961701
-0.163307
0.0516742
0.698695
0.671144
0.49363
-0.0015574
-0.495371
-0.601131
0.458844
-0.0557967
-0.178237
0.379898
-0.826191
-0.114929
-0.73504
0.0145022
-0.585665
-0.273972
-0.106868
0.647136
0.54911
0.244719
0.629245
-0.305103
-0.167896
0.59839
-0.35383
0.665421
-0.659562
0.764936
-0.575493
0.759598
0.0708918
0.581113
-0.669514
0.324142
0.672905
-0.0858769
0.156676
0.181201
-0.132961
0.166237
0.0766885
0.351179
-0.776483
-0.0426955
0.767189
0.325867
-0.300426
-0.0150836
-0.459337
-0.356894
0.0940099
-0.0573973
0.242355
-0.288525
0.978382
0.589594
0.0690467
-0.0902046
-0.198207
0.49966
0.126228
-0.36038
0.740587
0.378409
0.410902
0.0103222
-0.100672
-0.202476
0.434081
0.02676
-0.951101
-0.51162
0.134642
0.564527
0.44067
-0.605983
0.20771
-0.0332146
0.681552
0.250005
0.119997
-0.357473
-0.283347
-0.331173
-0.30025
0.780202
0.449229
0.537717
0.312043
-0.228727
0.154984
0.231977
-0.0903844
-0.739078
-0.263483
-0.47661
0.51733
-0.20982
-0.505586
0.135323
-0.101927
-0.409222
-0.458708
0.305528
-0.01135
0.230171
-0.120746
0.235179
-0.232298
-0.140547
0.106216
-0.588524
-0.682248
-0.481731
0.385241
-0.0420371
-0.0824107
-0.664924
-0.534254
-0.455876
0.0652588
0.2169
-0.0906606
0.0511483
0.442697
-0.310373
0.0490692
0.254462
-0.226575
0.147159
0.286951
0.13116
-0.693781
0.311818
-0.40247
-0.473803
-0.0869591
0.289038
-0.468061
-0.498832
-0.177945
-0.692361
-0.676584
-0.471206
-0.406752
-0.299053
-0.219689
0.241141
-0.35456
0.0021646
0.408425
-0.272063
-0.101541
-0.661079
-0.456235
-0.500637
-0.25341
-0.157365
-0.274354
-0.281442
-0.120204
0.206484
-0.127415
0.123246
0.214591
0.239776
-0.366994
0.52489
0.0626652
-0.338746
0.564538
0.206207
-0.637691
-0.0583184
0.38279
0.0283281
-0.513767
-0.229273
-0.00140526
0.0825449
0.115017
-0.168719
0.00143293
0.147047
-0.543428
-0.00712236
0.386525
0.273091
-0.235898
-0.178853
-0.4826
-0.00411258
-0.0491278
-0.340384
-0.194826
-0.114922
-0.380328
0.0368509
-0.0813458
0.0631788
-0.0259532
0.656996
0.105858
0.176933
0.145281
-0.212586
-0.386896
0.18124
0.108723
0.117555
-0.26531
-0.37267
-0.0556015
0.0491649
0.233086
0.0281353
-0.0956739
0.37308
-0.243185
-0.48118
-0.408262
-0.221833
-0.0989933
-0.152693
-0.0486594
0.067109
0.0458429
0.535494
-0.294287
0.28942
0.138285
0.476104
-0.335383
0.216424
0.564218
0.193567
0.0226694
-0.393045
-0.165878
0.316744
0.291431
-0.163491
-0.0953719
-0.261033
0.129548
-0.403626
-0.102216
-0.0223035
-0.026461
-0.241711
-0.171468
0.22517
-0.129998
0.106159
-0.232373
0.118698
0.0204006
-0.306467
0.0680491
-0.0799348
0.0640468
0.68219
-0.0621112
0.358984
-0.113649
0.332378
0.22551
0.0291314
-0.0270529
0.00828679
0.0869387
0.474483
0.179576
0.123356
-0.42244
0.235016
0.117964
-0.456771
-0.1895
0.329478
0.0350807
0.126424
-0.34978
0.200622
-0.324551
-0.135761
0.0232939
0.433714
0.107154
-0.00498076
-0.0311906
0.285712
-0.131478
0.186392
-0.163774
-0.0910951
0.00396302
-0.0489124
0.235382
-0.0406829
-0.093918
0.342455
-0.121971
0.112752
0.229837
-0.0906282
-0.247757
0.338745
-0.0882839
-0.199465
-0.126461
0.313181
0.0292647
0.00594072
0.170303
-0.0730368
-0.398488
-0.0901817
-0.0669427
0.190516
-0.248391
0.240271
0.205337
0.119838
-0.217248
0.114311
-0.307962
0.195875
-0.291045
0.0481059
0.164285
-0.251366
0.0100307
0.276438
0.11272
0.0202538
0.00495714
-0.105526
-0.193966
-0.0276152
-0.0212518
0.337786
-0.032562
-0.0677093
0.0477538
0.200715
-0.268506
0.117451
0.0155502
0.04717
-0.155441
0.382481
0.166369
-0.0644269
0.0707464
0.0986454
-0.112595
-0.273526
0.0889046
0.0276601
-0.0372838
0.148662
0.123295
-0.0157716
-0.252055
-0.190615
0.247303
-0.0535369
-0.286756
0.18032
-0.0461523
-0.225669
-0.144008
-0.234781
-0.27112
-0.0213976
0.0708182
-0.307353
0.00367209
0.0109829
0.0630926
0.108633
-0.213626
-0.0862409
0.0496513
-0.154199
-0.176307
-0.0398101
-0.159318
-0.031452
0.1017
0.0253907
0.145188
-0.154143
-0.00413752
-0.0455044
-0.228143
0.108061
-0.122612
0.164238
-0.240535
-0.00553609
-0.0762675
0.236068
-0.110642
-0.054168
-0.189565
0.11147
-0.150112
0.0997684
-0.232501
-0.113534
-0.0860759
0.100046
0.0343291
-0.103591
0.166702
-0.047296
-0.00528077
-0.0403195
-0.0355722
0.000538463
-0.118215
0.0101625
0.190156
0.0407482
-0.173493
-0.0982799
0.0213652
-0.113304
-0.154161
-0.00539162
0.106828
-0.0345974
-0.186874
-0.0189038
-0.00630422
0.075019
-0.128335
0.0206562
0.156038
-0.0772297
0.0785294
-0.0746281
-0.0227793
0.0758186
0.161512
0.0890249
0.00900153
-0.0973243
-0.00451997
-0.120041
-0.0176741
0.0709374
-0.185007
-0.0427983
-0.00276665
-0.0163868
0.0698388
0.132996
0.0546133
0.125198
0.010082
-0.0924133
-0.0252612
0.0271716
0.0444506
-0.0176319
0.0616617
-0.00597916
0.0397755
0.00189846
0.0167887
0.118031
-0.00517519
-0.0752761
0.0908179
-0.0265394
0.0447581
-0.0332632
-0.0911272
-0.0861556
0.01145
0.0342526
0.0126908
-0.0417467
-0.00322151
0.0870871
0.0245974
-0.0732036
-0.0741388
-0.0231573
-0.0231068
0.0797244
-0.060849
0.0361944
-0.0124106
0.030261
0.021301
0.00684153
-0.0662073
-0.0250737
0.0301988
0.0795931
0.0151376
-0.0210212
-0.0132111
-0.0107483
-0.0368127
0.0336366
-0.0387602
-0.0264837
-0.00981846
-0.0373558
-0.000872942
0.0223083
-0.0357333
0.0219753
-0.00874756
0.00608225
-0.000619227
0.00901473
0.0160415
-0.00850021
0.0121484
0.00444451
0.00432005
0.00561063
-0.0133698
-0.0259674
-0.0131954
0.000880682
0.0050908
-0.0123245
0.00567399
-0.00426752
-0.00324707
-0.00109012
-0.00913216
-0.00407989
-0.00228085
0.00128531
-0.0102585
0.000464744
-0.00717593
-0.010294
-0.013061
-0.00529335
-0.00104945
-0.00622465
0.000593177
-0.00161472
-0.0266141
0.000855398
-0.0318231
0.00126219
-0.0011585
-0.0260917
-0.0303524
-0.0103834
-0.0096397
0.00105821
-0.00899934
-0.00326488
0.0201068
-0.0116797
0.000503783
-0.0486098
-0.00245776
0.038747
-0.0435416
-0.0182818
0.0368478
-0.0273683
-0.0208755
0.047183
-0.04454
-3.74004e-05
-0.0573643
-0.0124487
