-0.368943
0.795489
0.36682
0.107635
-0.77176
-0.755319
-0.941256
0.682813
0.149502
0.365697
-1.00944
0.89755
0.615364
-0.628832
-0.677575
-0.669954
-0.423105
0.0207927
-0.173029
-0.446334
0.191476
-0.75574
-0.442246
-0.283544
-0.0942566
0.541943
-0.628945
0.0146672
0.154051
-0.929509
0.206605
-0.673303
-0.851737
0.913903
0.910433
0.57363
-0.44505
-0.822402
0.354143
-0.147551
-0.772647
-0.0205371
-0.913565
0.821249
-0.480465
0.327313
-0.382127
0.0525238
0.0982802
-0.597588
0.966349
0.551003
0.865647
0.74775
0.135824
0.756712
-0.908508
-0.650756
-0.921489
-0.337175
-0.218094
-0.434634
0.65606
-0.310496
-0.440296
0.0840977
-0.698997
0.619613
-0.818782
0.998373
0.498195
-0.640602
-0.938354
0.677231
0.414974
0.430108
0.459361
-0.904929
-0.287777
-0.728154
0.744567
0.19998
-0.388459
-0.869714
-0.334749
-0.278109
0.514448
0.298477
0.743042
-0.115439
-0.74046
0.467598
0.509701
0.100917
0.49134
-0.082395
-0.0236268
-0.238504
-0.999705
-0.773882
-0.850194
0.338615
-0.320039
0.0893016
0.804853
-0.530873
-0.147107
0.488422
-0.577741
-0.799125
-0.330835
-0.516567
0.983455
0.655695
0.289235
0.739098
0.534188
-0.624365
0.787566
0.056073
0.580351
0.663168
-0.499039
-0.822811
-0.505449
-0.0686497
0.651491
0.600995
-1.04465
0.0128733
-0.198891
-0.569017
-0.686274
-0.197349
0.910028
-0.346965
0.0874933
0.413815
-0.218345
0.94791
0.773006
-0.615554
-0.0814728
-0.459532
-0.465222
-0.869435
0.262771
-0.0358937
-0.863063
-0.306992
0.830529
-0.543477
-0.601733
0.123501
0.975138
-0.498683
0.390555
0.466271
-0.514125
0.443331
-0.264045
0.269667
0.207183
-0.0199956
-0.790282
0.635318
-0.4531
-0.638824
-0.799236
0.285833
0.320516
-0.917097
0.102904
-0.444699
0.358172
-0.539855
0.472088
-0.132088
0.845918
-0.723175
-0.228193
-0.543084
0.999408
0.71262
-0.444747
0.39945
0.604438
0.0518104
0.000865334
-0.500675
-0.593769
0.937158
0.762217
0.172846
-0.333911
-0.185435
0.556011
0.779929
0.655183
0.368208
0.0364478
-0.938863
-0.577368
0.761654
0.0181018
-1.04599
-0.679937
0.330315
-0.926835
-0.460175
0.289684
0.455848
0.282001
-0.479852
0.451871
-0.446852
-0.156947
0.611926
0.357456
0.654426
0.20005
-0.00538183
-0.803669
-0.178985
-0.335509
-0.235274
1.04219
-0.120206
0.806112
0.229191
0.489938
-0.0670401
0.0821146
-0.0948558
-0.54239
0.43445
-0.453514
-0.724201
0.463223
-0.366186
1.0757
0.881323
0.640019
-0.375227
-0.760992
0.959594
-0.0319788
0.969958
0.771796
0.435988
-0.535126
-0.190273
0.600911
-0.457089
-0.523759
0.29665
0.84584
0.259059
-0.00608213
-0.711264
0.385451
0.842964
-0.693031
0.200192
0.759014
0.399205
0.281792
0.243109
-0.34132
-0.259877
0.694995
0.573327
0.599511
0.553298
-0.178882
-0.0618555
0.446026
0.128034
0.216279
0.324231
0.336365
-0.662332
-0.498888
-0.871536
0.0223939
-0.91499
-0.0357629
-0.00532417
-0.471708
0.0306007
-0.940615
-0.656924
0.657927
-0.338791
-0.588714
0.178049
0.428202
-0.556246
0.165308
-0.786217
-0.58893
0.309519
0.24319
0.367373
0.468352
0.72126
-0.189407
-0.378593
0.410714
-0.563484
-0.198612
-0.749616
-0.544711
1.043
0.508153
0.127451
-0.383013
-0.662885
-0.529118
-0.2322
0.28949
0.450871
0.245339
-0.319008
0.827401
0.229425
-0.0980629
-0.013802
-0.358301
-0.551107
-0.260627
0.267297
-1.03626
-0.63409
-0.628063
-0.433037
0.86371
0.298899
-0.166147
-0.663375
0.108188
-0.0327993
-0.470881
0.0545082
-0.0211324
0.297814
0.166735
-0.722345
0.0359946
0.387217
0.124304
0.615402
0.0732366
-0.691654
-0.554466
0.384661
-0.601061
0.498723
0.838645
0.0514274
-0.145685
0.302242
-0.0180092
0.194401
0.697911
-0.256347
0.677669
0.25698
-0.911933
-0.854304
-0.64663
-0.639753
-0.345171
0.498542
-0.547844
0.0545886
0.707003
-0.616821
0.714769
-0.294529
-0.281295
0.698139
0.466795
0.744163
0.387642
0.383148
-0.416241
-0.270076
0.700448
0.604472
0.686838
-0.278066
-0.113118
0.514617
-0.159619
0.796205
0.429577
-0.209203
0.363194
0.21777
-0.645104
0.701449
-0.075066
0.393618
-0.379404
0.504065
-0.431875
-0.708164
0.686236
-0.664077
0.0223587
0.890405
0.556931
-0.112878
0.013854
-0.264099
-0.366032
-0.148169
0.384706
0.359571
0.275358
0.0834634
-0.877982
-0.0934265
-0.664168
0.203202
-0.0285069
0.478862
-0.494604
-0.626023
-0.335021
0.531534
0.0226576
-0.677719
-0.39546
0.478542
-0.468542
0.700073
0.201274
-0.642744
-0.243588
0.982047
-0.142234
0.0699418
0.715286
0.693292
0.50766
0.0114112
-0.484569
-0.587425
0.48166
-0.0372342
-0.166732
0.395334
-0.808894
-0.0984477
-0.721297
0.0313551
-0.574353
-0.25991
-0.0873836
0.662375
0.559616
0.257399
0.643886
-0.293147
-0.158203
0.611104
-0.337241
0.679333
-0.644078
0.776598
-0.564651
0.773283
0.078591
0.596631
-0.659066
0.336425
0.684444
-0.0733917
0.169753
0.193891
-0.117385
0.175882
0.088948
0.358855
-0.76647
-0.0376655
0.778752
0.330282
-0.29655
-0.0116572
-0.449484
-0.348447
0.0995642
-0.0502569
0.243082
-0.28631
0.981204
0.592591
0.0673499
-0.0949921
-0.209054
0.495222
0.117211
-0.374609
0.725385
0.358726
0.379042
-0.0327888
-0.164528
-0.32096
