0
4.48225
11.6145
-1.46947
4.16315
12.6165
8.78748
8.86277
1.22252
2.63244
4.41774
10.6847
-10.758
1.17391
-7.19686
-0.681186
8.36112
9.31714
23.2265
-11.2391
2.6733
-2.9258
5.85424
-13.6452
-8.37468
23.9648
8.84534
-3.413
19.5009
1.2322
-15.3671
-3.10834
-5.68051
16.4214
-12.1121
7.10804
3.74053
0.947796
7.75127
9.72252
1.14621
-13.6242
5.813
4.49127
7.82009
0.374094
4.12363
14.1075
9.58567
-4.25934
-7.22853
-5.58031
-3.88875
17.3278
-0.848856
15.9568
-1.19063
18.2129
10.5114
-21.5977
-11.5973
-22.6451
-5.84616
3.61786
-4.53207
-2.55314
-26.6902
0.534524
6.61134
-4.27192
-25.3248
2.76533
9.87996
-5.19084
12.0238
-2.28169
-2.17072
-2.52712
-13.7395
-3.82534
15.7485
-3.8226
-13.2468
-16.4215
4.76504
-2.83215
1.92088
-3.41686
0.471779
5.4685
-14.2312
-15.1191
-8.70198
-1.1435
-2.4112
-2.44417
-5.19437
6.75559
-3.36488
-4.30647
-1.92783
0.329976
-7.57553
3.30114
-7.7976
1.47794
-8.87538
-24.7144
-6.22894
3.71571
-7.86779
-0.840614
-8.1123
-5.42141
6.13009
7.30426
-8.66299
24.9483
7.07571
-1.2346
3.25021
0.0503425
2.29312
4.46691
-6.33461
4.96927
5.73913
1.15347
0.34126
13.7896
-5.06944
4.95148
4.77832
8.93592
-14.079
12.3143
-7.00641
-2.63577
8.01152
1.83987
1.93469
0.534465
-1.22256
-3.60476
-14.7388
9.66963
-1.15956
-11.4252
-4.10604
-14.5512
0.181236
-8.1767
-6.12642
8.41575
6.85458
-3.43203
4.84995
-8.52192
-16.1759
7.18348
16.9361
-3.04682
-3.54001
-1.90179
2.97961
-13.1522
-1.21469
8.32154
6.40948
-7.63915
3.05031
-4.81645
-16.4887
11.0643
8.29991
-12.2302
13.1952
-11.3199
2.95496
-16.7772
0.0802368
10.8007
8.22639
-2.29082
-2.50281
2.67877
1.46428
-8.77571
-17.3887
3.57079
-1.06246
-18.7384
-12.2929
-9.59435
7.2178
10.865
8.28478
-1.77985
8.98688
4.82753
8.82419
12.6543
10.4315
-1.34348
17.5395
-1.26704
-12.993
-8.6795
6.92435
-2.07055
-2.56829
-2.15082
14.0779
3.63379
-1.48698
1.02662
-2.04332
4.79647
-19.4405
23.8744
-5.41578
5.47374
-3.65904
-6.28346
-10.9523
-14.221
-1.43298
5.42385
7.1665
6.50954
-8.581
-6.13162
2.66602
-3.11935
-8.53047
1.08436
-3.50287
3.58019
0.0624455
-21.2484
-10.3396
7.63353
5.24533
1.08871
-0.840472
-13.7258
-5.14058
-6.70857
-7.71539
-3.17481
-2.3926
-10.0499
-4.42475
-7.339
4.7793
19.1194
6.44084
-1.83834
-6.58375
-2.83084
-7.03895
-2.09809
-5.48186
-7.74904
2.39445
-0.579433
10.0597
9.59995
8.94493
13.3226
-3.09271
-9.99981
10.7637
19.7518
-3.31984
2.5063
-5.63081
-7.58236
8.99789
11.8468
-4.64102
13.6326
8.30057
-1.61943
4.20551
-4.92702
-13.8262
-3.37653
-3.68316
0.792554
-5.40059
-1.62468
15.3822
-1.88363
9.96916
5.17648
2.9527
-6.58432
3.7969
-10.2145
-9.59045
-3.67944
10.3716
11.6271
6.12311
1.76593
5.06203
15.5949
-1.43677
-0.735986
-11.1776
-5.93445
0.0072502
-0.421899
-15.4026
7.77298
-9.46622
-6.8979
-5.81309
0.981327
7.73193
4.166
-2.6097
-3.59916
11.1184
8.86219
-1.00699
3.62529
1.96474
0.122513
-9.05744
-12.0001
-11.9233
8.90916
4.6909
4.15401
-11.3361
16.5827
3.17963
-29.0482
-5.09159
14.9333
2.273
5.23388
-4.60496
-12.7072
-7.06233
6.69115
7.49316
-15.4726
16.4011
-0.359718
-0.638405
-4.95845
2.86222
3.73364
8.3018
21.6314
-1.05828
-16.0911
0.573287
0.833841
-8.68971
5.118
1.52294
7.59309
-8.21707
0.973831
10.1973
12.6526
13.4179
11.6019
5.02893
0.741738
-9.00946
4.9244
8.69029
10.6517
10.4328
-12.2852
-6.14759
-3.81437
2.25393
-10.4757
-2.05256
8.05894
-16.1642
6.41933
2.15364
-9.96666
-4.51706
-8.71242
-4.59241
3.03665
-5.95189
-24.3006
-2.81914
-4.43444
-15.8531
2.6018
5.10319
4.27986
-1.24612
-11.5934
-7.52321
13.6604
1.1835
6.52128
4.1937
3.61031
-3.46853
-1.72197
6.94821
12.4439
12.2653
24.216
-4.52721
0.114311
4.82744
-8.8159
10.7987
6.10007
12.3042
-1.41602
-12.5074
4.62275
11.276
1.39499
0.578006
-3.21929
10.0195
5.62112
-9.68085
8.54005
20.8799
-3.16313
-5.29965
-2.52849
4.37508
5.11465
-11.9303
4.22192
1.06713
16.989
-6.11672
-8.07885
12.2824
19.8162
4.20381
6.36855
0.730413
20.6828
1.8554
16.6758
9.80982
0.199786
4.05966
-3.09246
5.59823
-4.78942
-1.02112
10.8973
13.6153
0.760767
5.06262
-12.1082
5.2745
0.480845
-16.9879
2.32091
-6.29828
1.59286
-2.53721
-9.06964
-12.0644
4.07162
2.48978
-4.14943
13.4632
-11.5102
5.89394
-6.13642
8.25064
3.32201
-9.69183
2.9927
3.37339
-6.45047
9.75263
11.2755
-7.42644
-2.32616
4.9385
15.3111
0.467515
-10.2497
-12.9483
0.0646801
7.76145
-18.0727
11.6325
-3.42495
-5.62458
-1.80123
-10.6094
4.11917
-3.28663
-7.36211
-18.5938
7.18261
-16.5869
-7.71034
