-4.20889
1.53433
-0.675203
-4.37318
2.37904
5.57682
7.32381
4.69331
-1.71798
-2.54593
0.479499
0.995859
-4.51019
-1.03886
-6.87722
3.00146
-0.536267
0.341965
-2.86725
-0.490339
-4.24271
-0.833566
-0.592356
2.97716
-4.55875
-1.86431
-4.17484
3.55312
6.53435
-0.0362692
0.15074
-1.42796
-5.37249
-1.74555
0.402143
-0.146737
6.24592
4.20551
-3.2919
-2.23431
-4.09981
2.90312
-0.305363
-0.698972
-4.23927
-0.161959
-2.79663
0.512243
-0.924286
2.65709
-6.66079
-1.20886
-4.03841
0.82021
0.656628
-2.73542
-1.66004
3.64092
7.18063
5.4763
3.19028
-3.75479
-0.636162
1.27464
