0
0.0235298
-0.0333194
0.172016
0.700486
-0.190724
0.262737
0.0667931
0.481909
-0.00559351
-1.37106
0.553431
0.280003
0.472491
0.519632
2.2167
2.18429
3.56391
1.22629
1.38214
0.805407
0.730971
0.72964
1.23255
1.56077
0.904892
1.4239
1.3725
2.64809
2.01502
3.31838
3.22499
3.63301
3.69287
2.57662
5.63415
6.47326
8.37804
9.62381
12.7917
16.0874
19.1122
10.1673
-23.3341
-64.3357
-27.2404
58.7716
-24.7342
-29.3873
66.5027
-118.226
-66.6288
42.2239
-2.80086
-6.99652
-11.7158
-8.83928
-9.70778
-7.20279
-7.80938
-6.43216
-4.84094
-4.46242
-2.71069
-3.71209
-2.17257
-2.85429
-3.13653
-0.50238
-2.69935
-0.619154
-1.3319
-0.60149
0.0271178
0.138545
0.569003
1.55766
1.36347
2.01494
2.58543
-0.464103
-1.12236
-3.79036
-8.1492
-15.0161
-14.5995
-3.42419
14.2593
9.26929
-11.8654
-18.7823
0.353022
1.23976
-19.2066
-6.34988
-4.70458
-22.4764
-6.02439
-21.7811
-0.525638
-7.1489
55.7138
58.8651
-4.06203
-25.4482
-17.1917
-4.10974
2.84962
6.25231
5.05359
2.67884
2.27234
2.35098
3.33632
4.14143
4.43755
2.96727
0.667167
0.609044
0.213845
-0.349515
-1.26459
-1.84871
-1.76092
-2.35253
-1.50599
0.0371655
-0.0339929
-2.25527
-6.61028
-7.24737
-2.69742
1.24277
-1.07751
-5.65913
-3.99155
3.99325
0.561488
-6.68719
3.50107
3.36642
-6.7967
5.90055
2.66144
-8.37441
7.48914
-10.3062
7.93671
-10.1119
9.15046
-21.5725
17.4901
-38.9977
-1.06329
56.025
-9.65445
-34.69
1.54354
16.976
-1.86613
-8.28788
-0.576929
0.569999
-1.9096
-2.21978
-1.94499
0.793244
0.59966
1.16528
-1.83244
-3.16162
-5.53579
-3.45921
2.56979
2.1353
-0.778752
-8.76061
-4.8238
2.59077
0.760336
-3.98818
-2.97302
3.9364
-0.566327
-9.15792
6.6825
3.64802
-8.57879
9.14312
4.02088
-6.53727
8.02607
-5.34949
1.01305
3.1655
-14.3801
6.02138
-15.3696
7.30424
-16.6013
16.0385
-11.3921
10.299
31.9405
-27.4635
-13.8994
9.10618
6.21057
-5.89575
-1.52747
0.932811
-3.57121
-2.76501
2.18355
2.85591
3.82635
2.99091
-3.9025
-3.11311
1.40465
3.4777
3.90699
-3.91574
-2.79688
4.63632
2.21476
-5.27505
1.62122
6.0819
-3.90706
-5.63515
8.08268
-1.74944
-7.81016
8.82441
-2.81109
-5.97684
9.89852
-9.76257
6.96853
-0.018193
-8.07745
11.4233
-12.334
9.03615
-8.04858
7.52961
-6.09087
9.97623
-8.25487
12.5944
-20.9849
25.0392
-22.9952
-1.18723
28.1518
-12.1325
-20.4276
8.7205
15.4797
-8.70649
-4.93138
5.83989
0.41518
-4.27849
0.570285
5.62719
-1.8827
-4.41725
3.98125
0.873327
-2.45334
-1.96487
3.24739
1.62995
-4.42073
1.68477
2.99003
-4.83408
-0.322206
3.39051
-3.18704
-0.0597801
2.12031
-5.17568
3.14259
0.425855
-2.30886
3.21837
-4.93792
3.20982
-1.39458
1.85216
-0.163687
-0.355178
3.59886
-3.89019
5.25231
-8.72189
7.24796
-10.6258
7.27399
-3.90429
-11.4656
31.7914
-35.9225
13.996
12.0568
-25.9542
21.3094
-10.6179
1.31482
2.92008
-7.00394
6.91142
-5.29446
3.49936
-2.6676
0.148144
0.227324
-1.71747
1.55509
-2.54535
1.52251
-1.77762
0.772486
-0.237714
-0.908234
0.134244
-0.171141
-0.831634
1.30098
-1.8471
1.53828
-1.51989
1.20051
-1.87996
1.2473
-1.63734
0.130858
-0.388006
0.275487
0.644009
-0.539147
0.237074
-1.62165
0.465149
-1.47686
1.56592
0.318239
-1.28503
3.39513
-3.81917
4.15538
-1.62527
-3.56795
2.98608
3.07095
-3.10809
-0.882329
2.84613
-2.64753
2.49693
-2.31623
0.893944
1.44958
-2.21144
1.94214
-1.57747
0.731487
-1.52665
1.48439
-1.01172
-0.529043
1.48118
-1.36831
0.080645
1.80646
-1.64668
1.31553
-0.15211
-2.70464
3.17708
-3.93016
0.869144
1.48779
-3.59905
3.62484
-0.123484
-1.98405
2.71459
-4.98053
3.92913
-1.6511
1.76118
-0.88727
-0.918716
1.44715
0.78851
-1.05582
0.673287
-2.24476
2.91254
-2.09216
-1.75116
1.797
-0.192776
0.656859
-1.70839
-0.313459
1.62331
-0.846972
-0.717412
1.84944
-1.51851
0.103515
1.9741
-1.34678
-1.00887
0.0758794
2.12197
-3.38544
0.627337
3.69052
-4.24723
1.71772
3.43036
-5.81872
3.18773
-0.154042
-5.95974
5.43816
-0.558001
0.767305
1.25176
-2.88535
0.532644
-2.38073
3.37468
-0.93962
-0.423887
-1.91232
0.225763
3.94371
-2.11449
-2.24158
-0.280994
2.75617
0.256795
-4.19348
2.1682
2.68987
0.91447
-5.45594
3.80679
3.14382
-2.30532
-4.09342
2.79585
1.41845
-3.8054
-3.03341
5.91107
-1.64248
-4.27213
0.842039
2.1245
-3.19394
0.897512
1.14449
-2.27344
1.15885
0.752856
1.00094
2.64088
-4.87893
-2.10852
2.44361
2.33739
5.06747
-0.912196
-2.60099
-1.71549
-2.35553
4.94209
-0.195643
-3.11488
-3.57246
-0.138147
3.01944
0.132288
-2.20085
2.12569
3.31772
0.898714
-1.61927
-1.04078
1.29893
-0.959057
-2.01627
0.697779
-0.588827
-0.28449
-0.266054
1.33161
-0.309991
0.14468
1.27905
0.235896
-0.973466
-0.201809
-0.289812
-0.919353
0.800354
0.697259
-0.735869
0.00948244
-0.674948
-0.152175
0.668459
0.38806
0.482555
-0.0763119
-0.821987
0.716972
0.0247756
-0.216594
-0.935474
-0.255773
2.02267
1.71421
-0.577955
-0.247297
-0.9098
0.683216
-0.724767
0.462208
-0.412533
0.622103
-0.0674174
-0.614554
0.439793
0.174718
0.558608
-0.278026
0.790258
-0.485997
0.111768
-1.33386
0.395024
0.0355639
-0.498293
1.11815
-1.00804
1.02831
-0.990839
0.983664
0.804473
-1.50549
0.510263
-0.0748162
0.218638
0.256746
-0.296488
0.742029
0.0306326
0.207795
0.227711
0.145153
0.385026
0.670576
-0.45947
-0.243828
0.63824
-0.430132
0.118562
0.246952
-0.568276
0.576882
0.00352918
0.41732
0.144027
0.123081
0.203635
-0.0978774
-0.104909
-1.12079
0.04376
-0.0772751
0.263018
-0.236364
0.193002
0.698765
0.458378
-0.144954
0.164679
0.0661172
-0.414074
-0.389691
-0.384735
0.0924909
0.404296
-0.0290448
-0.295005
-0.113686
-0.278244
0.0569502
0.535688
-0.12484
0.167277
-0.359434
-0.419145
0.666729
0.414059
-0.465323
-0.210837
0.0239275
0.2881
0.178924
-0.189974
0.11579
0.323175
-0.0115645
0.128307
-0.317949
0.0119074
0.31834
-0.318181
0.0538489
0.0948226
-0.091578
-0.298362
-0.239042
0.265975
-0.449392
0.0266797
0.522154
0.249589
-0.376647
0.309477
0.261913
0.104269
-0.181864
0.223247
-0.0446652
0.00597075
0.423261
0.596732
-0.0962359
-0.252419
0.0249228
-0.161699
-0.0193029
0.283011
0.228603
-0.390284
-0.0316594
-0.146948
0.456763
0.0613644
-0.591257
0.172659
-0.146538
0.181734
0.0623299
-0.576499
0.605339
0.251982
-0.277409
-0.160691
-0.00780493
0.134435
0.144761
-0.23933
0.483977
-0.0364065
-0.0956662
0.0877197
0.205437
-0.249176
-0.465618
0.717938
0.370501
0.0477692
-0.306373
0.114501
0.108773
0.482652
0.535728
-0.594357
-0.732348
0.941186
0.497708
-0.225306
0.0876257
-0.160423
-0.267193
-0.0105821
0.780881
-0.0576976
-0.220135
0.310894
0.344155
0.780318
-0.287103
-0.672823
-0.0150235
0.423987
-0.647866
0.598097
0.0553068
-0.411157
0.140537
-0.170119
0.800958
-0.15902
-0.123987
0.268548
0.0913106
0.652154
-0.107487
-0.84347
0.160648
-0.0573286
0.751415
-0.568371
0.127573
0.55564
-0.20073
0.0408993
-0.0506537
0.0838794
0.327951
1.18277
0.066993
-0.00754523
-0.81233
0.709048
-0.0379644
0.0945936
0.81532
0.167125
0.404222
0.149098
0.726002
-0.308202
-0.386641
0.775672
0.527725
0.500543
-0.488326
-0.296045
0.655377
0.182323
-0.700122
0.514529
0.364686
0.344455
-0.0421076
-0.0630358
-0.236828
-0.0714652
-0.541135
-1.47818
0.384301
2.10176
0.942442
-1.27737
-0.448244
0.9983
0.201397
-1.71698
0.559902
2.06179
-0.515537
-1.6976
0.241571
-0.576697
-2.24404
1.93472
-0.620272
-0.747603
2.46407
-0.49893
-0.291779
-0.524143
-0.0428218
0.359875
-0.191208
0.326241
2.66975
-0.90244
-0.708199
-0.529313
0.482553
-1.23671
2.20122
-2.11461
1.99528
-1.12134
0.206052
-0.549274
0.617468
0.0262865
1.82026
-0.828969
-0.171855
1.41037
-1.38326
-0.0743424
1.16206
-0.504749
-0.562431
1.17179
-0.608925
1.02952
-0.595836
-0.335592
-0.091324
-0.226957
0.630451
-0.861179
1.13957
-0.577081
-0.301443
-0.204033
-0.0133855
-0.094425
0.00835001
0.406223
-0.822032
1.13335
-0.253614
0.567849
-0.0878277
0.178613
0.177896
-0.0484759
0.49132
-0.363089
-0.704794
0.0578994
-0.00168687
-0.397298
0.717183
0.168038
-0.203608
0.374602
-0.353564
0.602021
0.308564
0.237853
0.57637
-0.33052
0.601631
-0.574926
0.362887
0.22346
-0.526084
0.442657
0.954354
-1.00009
0.629944
0.59273
-0.347467
0.240435
0.0873577
0.0636879
-0.391161
0.140036
-0.0988561
-0.274613
0.35847
-0.183904
0.859042
-0.792949
0.310514
-0.0509606
-0.427107
0.406815
-0.133557
0.319091
0.16162
0.367283
-0.0326133
0.293733
0.0237987
0.272831
-0.79773
0.360047
0.174925
-0.184942
-0.272636
0.349809
0.528417
-0.18286
-0.159225
0.279331
-0.195072
0.201876
-0.251931
0.933035
-0.323163
0.114002
-0.134186
0.34908
0.722048
-0.46057
-0.305842
0.737371
-0.287547
-0.180555
0.83703
-0.27008
-0.844036
-0.032557
0.833417
-0.901209
0.494135
0.480851
-0.178316
-0.169607
0.723151
-0.441012
0.0805268
0.412199
-0.121792
0.355548
-0.541972
0.546956
-0.0557635
0.724849
-0.253875
0.20307
0.204102
0.0961776
-0.247383
-0.213915
0.628034
0.436374
0.206983
0.37083
0.582959
-0.128993
-0.0721396
-0.923491
0.154981
-0.264745
0.194272
0.542225
0.124709
0.574863
-0.483581
0.330561
-0.362948
0.19083
0.19723
0.117505
0.252545
-0.0962381
0.0642461
0.102751
0.102328
-0.0593557
0.129291
0.131303
-0.0242563
0.079323
0.0491868
0.0019424
0.0903939
0.0690384
0.088017
0.0114892
0.012888
0.0940224
0.0640377
0.0867603
0.0115096
0.00243342
0.0881028
0.0837114
0.0923834
0.0443728
-0.0306759
0.0798255
0.0615783
0.089439
0.0404977
-0.0541069
0.069474
0.0921457
0.0908597
0.0642807
-0.0541973
0.0646299
0.0876368
0.0898044
0.0741235
-0.0431341
0.0533189
0.0890507
0.0856079
0.0524134
-0.0300959
0.0345842
0.0893232
0.0831963
0.0588316
-0.0223026
0.027878
0.0890019
0.0842617
0.0817578
0.00310385
0.0350493
0.0942018
0.0618149
0.0970479
-0.00236782
-0.0135952
0.0628842
0.0731782
0.0680225
0.0424258
-0.00808218
0.0864863
0.0748607
0.0575927
0.0107156
-0.0392832
0.0540957
0.0840996
0.0803281
0.0393195
-0.0497752
0.0846238
0.0958355
0.111899
0.0744851
-0.049313
0.0581915
0.0547436
0.0838399
0.0663403
-0.0492241
0.0557804
0.117413
0.0952064
0.0854304
-0.208078
0.0682629
0.0808145
0.0914061
0.0778896
0.0254357
0.113066
0.104519
0.0690802
0.000700449
0.0576059
0.063644
0.0751026
0.00454062
0.0655753
-0.0549399
-0.0305248
0.103286
0.223282
0.0790575
0.085521
0.0411946
0.10706
0.0352282
0.111297
0.0929764
0.0701874
0.172573
0.104762
-0.000210017
-0.00509679
-0.0302787
0.0276647
0.024213
0.0135522
0.0235025
-0.0299268
0.0131107
0.0380504
0.0985563
0.0506831
-0.0337637
0.0497953
0.0281512
0.125946
0.0707074
-0.0041579
0.0463739
0.0358184
0.144791
0.225892
-0.0404126
0.0452572
0.118541
0.109428
0.15029
0.108552
0.158368
-0.00490999
0.025508
0.0476778
0.00493726
-0.0553134
0.0989516
0.177927
0.0831483
-0.085902
-0.0350662
0.118217
0.135383
0.0130583
0.424695
-0.185574
0.0230962
0.0629941
0.0949862
0.0376221
-0.0332651
-0.0341024
-0.0468177
0.125139
-0.105473
-0.137103
0.0594895
0.0529412
0.082391
0.937401
0.118061
-0.172731
0.0679508
0.084539
0.0357143
-0.055233
0.024942
0.0897983
0.0629114
0.052824
-0.0443653
0.0358236
-0.0326743
-0.224975
0.0887215
-0.0448721
0.0222538
0.0503136
0.070646
0.188046
-0.0944332
0.136719
0.0676464
0.0636393
0.124415
0.0106446
0.0241197
0.019215
-0.217002
0.0808115
0.0322378
-0.0334801
0.105581
0.187094
0.292768
-0.186116
0.129528
0.00944448
0.0657431
0.215587
0.146769
-0.0367464
-0.114178
0.285529
0.149011
-0.15591
-0.0183759
0.0127914
0.262994
0.280157
0.234831
-0.0825542
0.0447986
0.0707752
0.186328
0.292674
-0.171457
-0.028139
0.109149
0.156323
0.101721
-0.0498339
0.0208448
0.130885
0.128793
-0.0632174
-0.184872
-0.0231489
0.056468
0.00355154
-0.0241942
-0.0495014
0.0669315
0.106757
0.00996953
-0.155835
-0.0543212
-0.143752
-0.0109091
0.259094
0.0311199
-0.010426
-0.0773866
0.0304503
0.0277993
0.127328
-0.0736486
-0.000537667
0.0503148
0.0137614
0.128277
0.187223
0.143921
-0.236077
0.169048
-0.236631
0.825815
0.285757
0.234407
-0.108655
0.190579
0.19091
-0.0994121
0.0277311
-0.019589
-0.042637
0.20862
0.00807339
0.0490873
0.24838
0.288574
-0.723926
-0.359349
-0.693127
0.634843
-0.241798
0.0745429
-0.261058
-0.409912
-0.0373912
-0.176801
0.30594
-0.166856
0.0283903
-0.0226251
0.0670018
-0.0317133
-0.238808
-0.203856
1.37152
0.722123
-0.125097
-0.318183
0.250223
0.348616
-0.198276
0.163927
-0.146888
-0.0241592
-0.192217
-0.153877
0.104498
0.0325729
-0.235312
0.530757
2.07624
-0.164779
0.34808
-0.330944
0.189277
-0.19735
0.0286815
0.000122804
-0.0131655
0.0526457
-0.0330919
0.0112009
0.198576
0.168793
0.134712
0.264503
-0.0766292
-0.199442
1.32624
-0.816001
-0.433366
0.307973
-0.535709
-0.732827
-0.100957
0.336716
0.177336
0.0817839
-0.0511891
-0.195196
0.0749527
-0.0140806
-0.124633
-0.300122
0.180789
2.43851
1.90576
-0.603094
0.489704
0.812765
-0.313661
-0.148226
0.190082
-0.0086877
0.0143428
-0.0364669
0.198166
0.331526
0.0308985
-0.04972
0.0440854
0.0904852
0.068244
0.0789676
-0.0172971
-0.249541
0.0601155
-0.485671
0.0943938
-0.0400104
0.0224641
0.0901965
-0.151009
-0.0664511
-0.0168532
-0.178163
1.39506
-2.19595
-2.67446
-4.8457
-0.0829094
-0.0809279
0.0284212
0.168412
-0.0898453
0.00687186
-0.0593711
0.00731236
-0.106783
0.243091
0.0915757
0.0581229
-0.3561
0.808769
0.836799
-0.832767
0.979536
-0.158118
-0.0572644
-0.153431
-0.187847
-0.063519
-0.0725217
0.268807
0.199472
0.0507891
0.261843
-0.00972927
0.229686
0.219163
0.0446239
0.0475629
1.61263
-0.684088
-0.616481
0.172683
0.0128515
0.0834038
0.0609879
0.0421954
-0.193142
0.117521
0.2455
0.320788
-0.226613
-0.525768
-0.0430881
0.234447
0.462359
-1.18956
0.0415504
0.0911265
0.248591
-0.118085
-0.190009
-0.173033
-0.269308
0.097917
0.22985
-0.234475
0.165358
0.226657
0.482684
-0.512577
-0.279392
0.861712
0.996656
0.849872
-0.300363
-0.232965
-0.1061
-0.0146905
0.0985547
0.0403921
0.0995773
0.198973
-0.0216544
0.0764096
0.0590729
0.289447
0.0306782
0.139981
-0.74894
1.3911
0.774686
0.479403
0.1512
-0.11002
0.05938
0.194287
0.0276257
-0.105594
-0.0170429
-0.0432293
0.00183225
0.0779564
-0.0807068
-0.0234356
-0.352815
0.26746
0.0397953
0.0557871
0.0766732
0.151904
-0.0327349
0.137279
0.00291467
-0.130278
0.0783702
-0.0517073
-0.0260187
0.126253
0.0728514
0.0719525
0.0280284
-0.00250816
0.0761773
-0.164064
-0.0222307
0.024247
0.160305
-0.0990452
-0.0665653
0.0783146
0.170149
0.223098
0.0654431
-0.103105
0.0521756
-0.122326
0.0851685
0.11133
0.100629
-0.268943
0.185213
0.0700274
0.0252949
0.00529835
-0.0390985
0.0144095
0.0700563
0.0631736
-0.0690692
-0.00801358
0.242043
-0.0655111
0.152792
0.0243049
-0.0907391
0.0645574
0.0194038
0.0599053
-0.128879
-0.0957353
0.0332831
0.0357023
0.113607
-0.0826098
-0.0492705
0.00873184
-0.005357
0.0905876
0.139353
-0.0728143
-0.0224936
-0.00580989
0.0702164
-0.00389612
0.00543863
0.0143238
0.0187229
0.101559
0.0525442
-0.00585616
0.04633
0.00267506
0.0858071
0.0784208
-0.0754076
0.084081
-0.0437441
0.10831
0.0818017
-0.0182518
-0.0118667
0.0778335
-0.00792503
0.289125
-0.292049
0.0813821
0.0667224
-0.00320059
0.0783998
-0.0478624
-0.00893748
-0.0212418
0.193711
0.0208196
-0.28825
0.202928
0.172043
-0.0156077
-0.0115503
0.0855604
-0.089564
0.0217647
0.140004
-0.0156124
0.077585
0.0298405
0.0350866
0.174523
0.186947
-0.0463767
-0.0779043
-0.000171632
0.0102619
0.486878
0.189456
-0.277169
-0.219118
-0.0259957
0.0719155
0.08297
-0.118415
-0.169294
-0.0682265
0.24828
-0.105048
0.0391765
-0.161673
0.227132
0.169037
0.023675
-0.0788606
-0.0818757
0.076214
0.0820264
2.15549
-1.17726
0.480366
-0.149639
-0.0277105
0.0420821
-0.124978
0.0313663
0.0890055
-0.063431
0.035389
-0.12226
-0.0128064
0.0836028
0.0180807
0.0987231
-0.0676787
0.0484273
0.0062972
0.170773
0.899083
-1.62212
0.0385639
0.030872
-0.0538179
0.0849897
0.0857071
0.00654712
-0.0765007
-0.335153
0.25079
-0.166448
0.0171494
0.0926864
-0.0133208
0.0742238
0.0799236
-0.0607428
-0.0943947
-0.102766
0.138834
0.269479
-0.0329681
-0.0628688
-0.0962216
0.0387502
0.0732117
0.0695781
0.161371
-0.0232937
-0.055966
-0.317357
-0.101334
-0.0685245
-0.0239857
0.0965029
0.188933
-0.0616513
-0.0867072
0.158233
-0.190361
0.294513
0.219814
-0.0678783
-0.12025
0.0798433
0.00774077
0.0499858
-0.000893667
-0.056477
-0.0926631
0.357169
-0.393479
0.161102
-0.106252
0.0486103
0.0214584
0.0128209
-0.0508323
-0.0322198
0.0367123
-0.0433319
-0.0130092
-0.134619
-0.0617965
0.0084233
0.0415489
0.00169042
0.0762445
-0.108651
-0.0928523
-0.0783942
0.14386
-0.0439817
-0.0441816
0.0216193
-0.123536
-0.0625913
-0.0813349
-0.0336396
-0.0441101
0.0929854
-0.0273969
0.172498
0.114922
0.0991669
-0.0340059
-0.0123568
0.0134603
-0.0389486
0.116206
-0.0293028
0.127611
0.0478606
0.0155292
0.0297532
-0.066271
0.262972
0.092218
-0.0486794
0.0260357
-0.0282559
0.077787
-0.0733675
-0.0356425
0.0188728
-0.0459572
0.0487708
-0.0110066
-0.0231597
0.0445571
-0.0699563
-0.136067
0.100899
0.0725011
0.0123301
-0.0833734
0.0624165
0.228286
-0.258888
-0.0542761
-0.0987118
0.0885053
0.0373369
-0.000320975
-0.0675987
-0.0631437
-0.12447
0.036423
0.0280642
-0.015542
-0.134402
0.0911953
-0.158618
-0.246401
0.000385538
-0.0910117
0.0480103
0.0127623
0.00644264
-0.116793
0.201315
0.0690697
0.0615951
0.0869806
-0.0883968
-0.0805765
0.0521724
0.275714
0.319328
-0.0515551
0.0400963
0.00256151
-0.0137693
0.099357
-0.0671638
-0.0727232
0.215593
0.0257077
0.041682
-0.0582097
0.000652313
0.0532998
0.127711
0.003668
-0.0387102
-0.107367
0.038534
-0.00905123
0.0131698
-0.0339826
-0.0217631
0.000230089
0.0340306
-0.0262856
-0.133005
-0.0671245
0.0108617
-0.0671526
0.0509748
-0.0253453
0.0372004
-0.0486349
-0.041122
0.0546059
-0.0807281
0.0344789
0.043007
-0.0205877
0.00989492
0.052148
-0.0748798
0.0232964
-0.0626686
0.0190705
-0.0588518
0.00598346
0.0605513
-0.0400096
0.166947
-0.0495107
0.02974
0.106759
-0.0526306
-0.0245045
0.0577446
0.0460214
-0.00121884
-0.0682201
0.0722506
-0.0439709
-0.0147328
0.015728
0.0673028
0.0844684
0.073642
0.0361518
0.00214212
-0.178522
0.0534234
0.0207704
0.0740514
-0.0265046
0.0226538
0.0790004
0.0489485
0.0380711
0.022755
-0.0563524
0.112195
0.0262341
0.0779886
0.000492081
-0.100841
0.0803685
0.0210186
0.0380612
-0.0614621
-0.0593961
0.0638373
-0.141162
0.0970036
-0.0304842
-0.0880969
0.161956
0.010204
0.0052284
-0.0514236
0.0200392
0.0633427
0.0860329
0.0801732
-0.0949746
-0.0692202
-0.0476406
-0.0190916
0.128708
-0.0392873
-0.0587318
0.0380914
-0.0382796
0.0765179
-0.0566008
-0.0327419
0.0248438
-0.0368639
-0.017749
-0.0853168
-0.0422589
0.0264226
-0.0590653
0.00777325
-0.072075
-0.0610486
-0.0199995
-0.062565
0.00816499
-0.0587272
-0.0580361
0.00553045
-0.0788088
0.0139093
-0.102555
-0.112541
-0.00791648
-0.0594239
0.0313732
-0.0675498
-0.0188057
-0.0134026
-0.0995863
0.028482
-0.0471399
0.0091502
0.034623
-0.0696158
0.0469744
-0.0586737
-0.0461723
0.012735
-0.0375032
-0.0648479
-0.07501
0.028834
0.0244866
-0.0734568
0.0586806
-0.048345
0.0415417
-0.0169536
-0.0771866
0.0681994
-0.0341561
0.0610133
-0.0165851
-0.0595609
0.0645432
-0.0241721
0.0334246
-0.0173759
-0.0487049
0.0699277
0.0390664
0.059328
-0.00937625
-0.0492257
0.0625028
0.0211959
0.0535505
-0.0326184
-0.02595
0.0906453
0.024603
0.0335219
-0.040848
-0.0343801
0.065537
0.00487286
0.0731222
-0.0408715
-0.021514
0.062831
-0.0103185
0.0648639
-0.0386927
-0.0438518
0.0641348
-0.019296
0.0665128
-0.0529721
-0.0505383
0.0418405
-0.0235718
0.0580782
-0.0649475
-0.0471531
0.0407252
-0.0368526
0.0616062
-0.0590084
-0.0249863
0.0325461
-0.0392335
0.0440208
-0.0670729
-0.0236336
0.0315011
-0.0461395
0.0411906
-0.067673
-0.0172187
0.0216891
-0.0553137
0.00828622
-0.0637528
-0.00471476
0.0164033
-0.0632051
0.0155361
-0.0666189
0.00343933
0.00495753
-0.0664915
0.0234527
-0.0610122
0.013476
-0.00417494
-0.0648731
0.031931
-0.0579982
0.0230862
-0.0131274
-0.0693399
0.0397851
-0.0517082
0.0315551
0.0283298
-0.0682572
0.0470446
-0.044931
0.0418705
0.0188743
-0.0652114
0.0509967
-0.0365318
0.0480347
0.0124028
-0.0600135
0.0576974
-0.0280732
0.0505226
0.00314244
-0.0518943
0.0582477
-0.0220728
0.0563796
-0.0138364
-0.0434766
0.0658569
-0.0148496
0.0574996
-0.022034
-0.0359852
0.0694517
0.0169052
0.0640643
-0.021482
-0.0359197
0.0659407
0.0084864
0.0692791
-0.0221927
-0.0213159
0.0671928
0.00089635
0.0655298
-0.0462426
-0.00874586
0.0989801
-0.0212436
0.0601193
-0.0328932
0.0154876
0.0620637
-0.0273201
0.0677184
-0.0737546
0.00223129
0.0527449
-0.0301067
0.0436938
-0.0522918
-0.0373425
0.0492343
-0.0324372
0.0558372
-0.0795212
-0.014073
0.0614521
-0.0600832
0.0427361
-0.0635026
-0.020462
0.0476981
-0.103998
0.00805323
-0.0636218
-0.00924578
0.0576633
-0.0609515
0.00644657
-0.0691124
0.0103187
0.0298275
-0.0715494
-0.032818
-0.0442144
0.0672461
0.0158135
-0.0629278
0.0122644
-0.0367643
0.0358301
0.0112134
-0.0468801
0.0362701
-0.0662495
0.0191055
-0.018583
-0.0700074
0.0860371
-0.0584557
0.035217
-0.0223816
-0.0532899
0.0694056
-0.0802714
0.0425221
-0.0152312
-0.1202
0.0327959
-0.0474422
0.106159
-0.0341333
-0.0669118
-0.0540897
-0.0881029
0.110347
0.0123832
-0.0152041
0.0956212
0.0366795
0.0474957
-0.0662099
-0.0715198
0.0528523
-0.00935714
0.0564945
0.00872897
-0.053369
0.077911
0.0248654
0.0814895
0.0109898
-0.0152004
0.0470721
-0.00212
-0.0257676
-0.0430772
-0.0478411
0.0562681
-0.0408094
0.0907693
0.0058935
0.0302218
0.0667834
-0.0906709
0.0745072
-0.0729118
-0.0302048
0.115937
-0.0141526
0.0522858
-0.0518667
-0.0178982
0.052095
-0.0365781
0.0506767
-0.0338557
0.109481
0.0242294
-0.0493986
-0.0368624
-0.0617267
0.0249667
0.0255493
-0.136633
0.0487938
0.0195104
-0.0177638
0.0251926
-0.0455921
0.0561109
-0.170513
0.0402406
0.0687662
-0.0878462
-0.0264284
-0.0395101
0.0315125
0.00775655
-0.0521572
0.00917784
-0.0820526
0.0146496
0.0263227
-0.0948339
-0.116851
-0.0769102
-0.126797
0.0459387
-0.104928
0.0154044
-0.0805788
-0.0151263
0.0670043
-0.169272
0.0439113
-0.0342761
0.0277888
-0.056871
-0.0417815
0.0545304
-0.0119268
0.032582
-0.0633501
-0.0203474
0.0691742
-0.0562038
0.00660884
0.0592824
-0.264402
0.118661
0.0179596
0.0434759
0.0126211
-0.0560859
0.310154
0.182012
-9.23872e-06
-0.041859
-0.0694189
0.078563
-0.0304902
0.0467401
0.0299855
-0.00911511
0.0533797
-0.181678
-0.0945531
-0.0401827
-0.0223033
-0.0073927
-0.143455
0.000142038
-0.00962323
-0.0405852
0.0524318
-0.00452735
0.103377
-0.143211
0.0134741
-0.203903
0.104305
0.0444616
-0.0745249
0.0465885
0.0783495
-0.0497907
0.139905
0.0966569
-0.0165529
0.0140975
-0.0692067
0.108967
-0.123241
0.00611094
0.335676
-0.0554602
0.0341654
-0.148394
-0.0377495
0.08826
-0.101123
0.261075
-0.146726
-0.000711419
0.0622927
-0.0757057
0.0379808
-0.0126153
-0.0221578
-0.0603528
-0.0730816
-0.01886
-0.0320264
0.0363836
0.0273841
-0.0892254
-0.0255886
0.17562
0.266711
0.0261994
-0.0339323
-0.0394649
-0.0664455
0.0335952
0.0126736
-0.0682302
-0.032446
-0.0599595
0.0492471
-0.0470013
-0.220026
0.0386184
-0.092265
0.0945103
-0.0188881
-0.0660486
0.149229
-0.161695
0.156611
-0.0381686
-0.0417874
0.024281
-0.0908161
0.153267
0.0127126
-0.0245045
0.0659495
-0.0727113
0.0177491
-0.00534073
-0.0422042
0.0869006
-0.00692478
0.126035
-0.0440464
-0.0958639
0.019781
0.0393162
0.0118094
-0.122356
-0.0549463
0.0570329
-0.0948216
0.00739792
0.00352956
-0.0905491
0.0355571
-0.0709864
-0.0105917
-0.0200188
-0.00901031
0.0414352
-6.25253e-05
0.119053
-0.0195686
-0.133147
-0.155162
0.0513777
0.0532011
-0.000387877
0.0897207
0.133173
0.00686669
0.0540379
-0.0925047
0.0165102
0.254126
0.1373
-0.2307
-0.196594
0.134876
0.172006
-0.209426
-0.0976304
0.0299951
0.119831
0.0575072
-0.324074
-0.242606
-0.272249
0.000324547
0.138958
0.0375624
0.0617692
-0.11016
0.0637605
0.419171
-0.164834
0.0543448
-0.0444523
0.108207
0.0213261
-0.0397771
-0.00292076
-0.159753
-0.029227
0.144479
-0.555247
0.196548
-0.0514579
0.130683
0.0998568
0.0165785
0.026442
-0.0653036
0.0707307
0.0805355
1.20045
0.825962
-0.414974
-0.919778
-0.0485089
-0.104531
-0.0163359
0.0547451
0.148348
0.0818342
-0.0606424
-0.0720331
0.0388096
0.0564455
-0.040041
-0.0818515
0.0934067
-0.166663
0.0951058
-0.114494
-0.840003
-0.0334424
0.0929197
-0.0403687
-0.0202465
0.0046431
0.00879663
-0.0757925
-0.00529617
-0.0709725
-0.0622329
-0.259929
0.103728
0.130719
0.033496
-0.013253
0.0839627
0.0333032
0.140315
0.0232825
-0.135199
0.649492
0.419185
0.0104128
-0.065495
-0.0315188
0.0976335
0.0896094
0.0104434
-0.0491389
0.209416
-0.377796
-0.306391
0.0517875
0.04211
0.0157791
0.0599783
-0.0702109
0.099923
-0.191524
0.200997
-0.0545052
-0.159815
-0.11334
0.0486314
0.0309
0.119695
-0.0781997
-0.073209
-0.124176
0.031922
0.464548
-0.0610422
-0.0527519
-0.106226
0.105146
0.03286
-0.037029
0.0115845
-0.121867
0.0801005
0.0575716
-0.0719792
-0.00896564
0.0674253
0.031402
0.0697547
-0.0735358
-0.0361653
-0.0455241
0.0444626
-0.0241181
-0.0357495
-0.0408274
-0.0556061
0.0314545
0.0110824
-0.128852
-0.147848
-0.0763748
0.0757045
-0.114056
-0.100744
-0.0383725
-0.133648
0.00776947
-0.00983258
-0.0782085
-0.0368087
-0.0538939
0.0943485
0.0465879
-0.00378627
-0.0496694
0.0293612
0.0984465
-0.138683
0.029005
-0.0979677
0.0559554
0.206127
-0.0897515
-0.0497509
-0.167309
0.141281
0.24313
0.0639509
0.220897
-0.154136
-0.00139792
0.227204
-0.201546
-0.121505
-0.0188992
0.0585529
0.141337
-0.148843
-0.162014
0.0232142
-0.0354579
0.020198
-0.0109812
0.171984
0.0344611
0.119607
0.0285752
-0.121222
0.0764049
0.147598
0.0511177
-0.0390429
-0.202589
-0.00240529
0.0167071
0.0470255
0.078956
0.0790895
0.0072259
0.267607
-0.103212
-0.0287041
-0.147934
0.110777
0.0832462
-0.0876609
0.0146757
-0.0630639
0.0833173
0.043907
-0.0541125
-0.082576
-0.010025
-0.105541
0.268841
-0.636422
1.04894
-0.070918
-0.532738
0.12152
0.0627245
-0.164244
-0.104857
0.115102
0.0531147
-0.128982
-0.026999
-0.00158674
0.0947974
0.0832052
-0.0821108
-0.186143
0.0417863
0.61703
0.969438
-0.563787
0.151249
0.387798
0.316556
0.407326
-0.126318
-0.181387
-0.0484504
0.420847
0.000562042
0.156384
-0.216173
-0.170752
-0.0519137
0.240978
-0.312317
-0.118634
-0.587891
-0.222416
0.139684
0.380936
0.195366
-0.368085
0.188939
-0.152227
0.0940151
-0.000924259
0.030452
-0.0430093
0.0552012
0.196098
-0.64397
0.219559
-0.424631
-0.239564
-0.298547
0.287756
-0.20881
-0.0659914
-0.253491
-0.135921
-0.0565397
0.12977
0.146971
0.0415499
0.139918
0.197212
0.147369
-0.773402
2.41101
-0.357376
-0.0670815
-0.586061
-0.0101671
-0.542236
0.42547
0.244367
-0.126714
0.27231
-0.055382
-0.0329782
0.0782807
-0.00127792
-0.162407
-0.215359
0.238889
-5.68018
5.09689
-1.07525
-1.66853
1.60023
-0.116561
0.495165
-0.17057
-0.130602
0.0774024
0.107034
0.215665
-0.552837
0.0435749
-0.0146434
0.0670429
-0.0679971
-0.08969
-0.0709801
0.0916099
-0.0294221
0.0322366
0.011097
-0.720887
0.36938
0.0145225
-0.0463386
-0.122853
0.0692053
0.16251
-0.335359
-0.0570381
0.0293998
-0.471229
1.97724
0.433105
-0.297501
0.0672305
0.0467302
0.0280608
-0.109289
-0.12107
-0.00430888
-0.0383137
0.0176259
0.326696
-0.334138
0.392047
-0.116513
0.905104
-0.596727
-0.895666
0.646165
-0.388101
-0.0588276
-0.274536
-0.0274463
-0.154715
-0.139528
0.0710365
0.0971028
0.0469294
-0.135162
0.0817415
0.105167
-0.105677
-0.0301701
-0.625675
0.600955
1.22947
-0.111187
0.0653643
-0.0291331
0.0629568
0.0913528
0.210474
0.0750601
0.00566542
-0.00830638
0.147969
0.327176
-0.0835788
0.0526785
0.420787
-0.844855
1.28905
-0.153481
-0.0175065
-0.00409216
0.116643
-0.297421
0.135413
0.0612694
-0.0590118
0.164826
-0.313211
0.0801693
-0.254395
0.285493
0.20937
0.486754
-1.03093
-0.319324
0.126506
0.143847
0.030202
0.133182
0.0611912
0.0733657
0.0536443
-0.226737
0.177102
0.129068
-0.209991
0.0703875
-0.344897
0.272645
0.652058
-1.38787
1.07224
-0.921672
-0.39936
0.232199
-0.162622
0.0819278
-0.0155009
0.0583096
0.0805125
-0.0726952
-0.06881
-0.0061561
-0.109239
0.0561602
-0.0950297
-0.113145
-0.128434
-0.0370508
-0.0997593
-0.0343308
-0.0823393
0.0858214
0.00793841
0.0526723
-0.10524
-0.149685
0.0819785
0.144593
-0.148132
0.0797592
-0.184156
0.0247907
0.0630862
-0.0802025
0.0228768
-0.0777753
-0.0456449
-0.0162339
-0.0323132
0.0600954
-0.158543
-0.0622824
-0.0634873
0.0777293
-0.204887
0.0364247
0.126893
0.139828
-0.221624
0.167481
0.213065
-0.0688059
0.265395
-0.205036
0.251747
0.0994236
0.0993375
-0.0430856
0.257441
-0.188063
0.183712
-0.164531
0.108484
-0.0969729
-0.0129031
0.0069756
0.0824402
0.189177
-0.0700989
0.131104
0.0149343
0.0454792
-0.0394864
-0.0627066
0.216748
-0.0592224
0.02856
-0.143032
-0.0610918
0.103621
0.00721142
-0.0051527
0.427695
-0.122824
-0.103342
-0.129919
0.0150961
-0.245692
-0.0567302
0.0539917
-0.0449264
0.0979569
-0.0938703
-0.0649812
0.03113
0.180237
-0.064167
0.600132
-0.077425
0.071913
-0.0697408
-0.0156471
-0.0292461
-0.213422
-0.00114819
-0.0935929
0.0426558
-0.0660934
-0.0985794
0.106942
-0.0744849
0.0690427
-0.0290051
-0.165073
0.110795
-0.109928
0.178048
-0.0618863
-0.37143
0.0480227
-0.0975567
0.0676977
0.0186263
0.023227
0.170003
0.0713028
0.0337574
0.00689399
-0.0546606
0.120732
-0.0176197
0.231444
0.0980513
0.118286
0.0365797
-0.0982979
0.194883
0.0136244
-0.0852074
0.058796
-0.116118
0.103338
0.0165803
-0.0577742
0.0569207
-0.146533
-0.0646494
0.0533106
-0.0424848
0.0777375
-0.108013
0.0467068
0.113954
-0.145622
0.0610745
0.0153733
0.154043
0.20303
-0.101147
0.0437113
-0.0693458
0.0490027
0.0814989
-0.0379958
0.0578448
-0.0172443
0.0164252
0.0937676
-0.0194347
0.0612622
-0.0247418
0.0749219
0.0869199
0.0245824
-0.0393068
-0.138279
0.0260722
0.0699989
0.0242036
-0.00560462
-0.0451932
-0.0067226
0.100658
0.0174072
-0.0328132
0.0309506
0.00949928
0.0923225
0.0487875
-0.0330338
-0.0511683
-0.00639042
0.060315
0.0785316
-0.0831071
-0.0093818
-0.0123314
0.0731376
0.0622545
-0.0552722
0.0421701
-0.0545331
0.0433895
-0.0803589
-0.0728329
0.0218168
-0.078603
0.0543176
-0.0973083
-0.0613076
0.0496826
-0.0992286
0.0205905
-0.0606933
-0.0830283
0.0324563
-0.0714095
0.0412555
-0.0615025
-0.0848057
0.0781951
-0.0872388
0.0356259
-0.044109
-0.0904894
0.07726
-0.0658692
0.0160949
-0.0272217
-0.0865284
0.0808057
-0.0776325
0.00572947
-0.0170015
-0.0861414
0.0828119
-0.0845625
-0.0061402
-0.00353485
-0.0805875
0.0832015
-0.0838196
-0.0159258
0.015149
-0.0880427
0.0815804
-0.0940027
-0.0402903
0.0254996
-0.0662635
0.0931988
-0.074039
-0.0572956
0.0494194
0.013733
0.0761301
-0.0695263
-0.0710289
0.0443987
0.00840488
0.103487
-0.0700195
-0.091823
0.077949
-0.0432583
0.0681798
-0.0556862
-0.122602
0.0749387
-0.0548205
-0.027359
-0.0135946
-0.0856038
-0.0327315
-0.0646608
0.119919
-0.145616
0.0171088
0.114238
0.0871764
0.646664
-0.740049
0.60246
-0.816878
0.959141
0.343299
0.281993
-0.154528
0.165903
-0.449726
-0.658149
0.289092
0.507637
-0.78551
0.594732
0.425189
-0.0702725
-0.187573
0.150782
-0.313244
0.0966511
-0.263432
0.553251
-0.404062
-0.0509188
0.0442483
0.365062
-0.264091
0.361802
0.039615
-0.20819
0.493714
-0.0128067
-0.405106
0.356797
-0.0877303
-0.691365
-0.145622
0.861097
-0.642016
0.00581162
0.693548
-0.086586
-0.195266
0.2684
0.114425
-0.139032
-0.227468
0.0357622
0.405262
-0.407974
-0.454602
0.414533
-0.173935
0.041321
-0.275557
0.157426
-0.289706
-0.00680755
-0.221138
0.288115
-0.000320375
-0.0777776
0.124342
0.10749
-0.0379037
0.481313
-0.169959
0.305985
-0.0411288
-0.231338
-0.163167
-0.0442934
-0.149684
-0.412237
0.0200382
0.796029
0.754346
-0.906174
0.264195
-0.144993
0.256521
0.201571
-0.216594
0.352134
-0.291073
0.0571342
0.0624897
0.313057
-1.36443
0.848626
-0.0653898
-0.956828
0.600908
0.346203
-0.475107
0.753254
0.57247
-0.759622
0.671805
-0.475444
0.201657
0.130033
-0.0892021
-0.571873
-0.171083
-0.0183903
-0.0310012
-0.0398176
0.256558
-0.516407
0.502836
1.11415
-0.877914
0.121962
-0.0127975
0.182022
0.313859
-0.230476
0.548826
-0.154745
-0.227217
0.470664
-0.460884
-0.629718
0.67101
1.15307
0.515962
-0.602024
-0.103506
-0.211104
-0.666067
0.228135
0.514179
-1.1815
0.639874
-0.968372
1.17095
0.952512
-1.24984
1.60437
-0.561202
0.367049
-0.0328854
-1.06296
-0.514577
1.7741
-1.98429
-1.21196
-0.833053
-0.787535
0.360255
-0.12525
0.14038
-1.33115
2.01771
0.00159761
0.202341
-1.59678
1.24523
-1.19506
-0.407577
-0.0482083
-1.49085
0.716199
-0.62551
0.0323409
-0.0212734
0.170471
-1.26096
0.54105
-0.811924
0.149081
-0.0301649
3.22296
-2.20205
-2.19904
2.32037
2.60909
-1.42324
0.739651
0.91406
-0.488319
-1.5946
1.38469
1.01726
-1.0416
-1.11978
2.06186
1.85953
-1.94623
0.274707
-0.351615
-0.389722
0.0778482
0.199841
-0.382094
0.358204
-1.32965
-0.120628
0.307939
-1.48753
1.14382
0.618532
0.00149626
-0.141215
-0.0125476
-0.159386
0.766886
0.010412
-0.420757
-0.518392
0.411575
-0.159638
0.170218
0.00558802
0.189592
-0.205113
0.134671
-0.846344
0.705614
0.0505294
0.306243
-0.123108
-0.391726
0.132301
-0.65685
0.721184
-0.437162
-0.208381
0.179458
-0.0674119
-0.293401
0.247088
-0.770279
-0.673329
0.40211
0.197705
-1.08725
0.271255
0.245575
0.047728
0.280635
-0.518147
0.294254
0.187926
-0.775635
0.941787
0.322504
-0.334856
0.175335
-0.152457
-0.678037
0.256035
-0.467358
0.221413
0.516589
-0.552469
0.336097
-0.135716
-0.102799
-0.81772
0.586256
0.291874
-0.75363
0.261209
-0.0245424
-0.0703069
-0.38531
0.219336
0.504513
-0.587933
0.563121
0.376697
-0.482901
0.15462
-0.0803571
-0.0289724
0.000701249
0.227353
-0.184076
-0.192433
0.149542
-0.196497
0.204334
0.0355462
-0.496876
0.443829
0.00830954
-0.29736
0.234105
-0.146129
-0.0203999
0.420792
-0.361464
0.2289
0.291582
-0.413165
0.311352
-0.318326
0.364897
0.302818
-0.353009
0.192902
-0.111135
0.608728
-0.0779752
-0.157494
0.754435
-0.766195
-0.0340711
-0.0541807
0.0238263
-0.481986
0.406877
0.562969
0.000469923
-0.242603
0.74997
-0.633846
0.0361068
0.409611
-0.287591
0.0802386
0.161962
-0.0204446
-0.216366
0.0930351
0.282509
-0.281754
0.0206015
-0.0689628
0.139093
0.264734
-0.317089
0.482895
0.331867
-0.59978
0.524422
-0.403128
0.448393
-0.290669
-0.723528
0.508305
0.111462
0.300538
-0.169243
-0.442536
0.199242
-0.0536456
0.0957695
-0.194028
0.0757402
0.382014
-0.228314
-0.485492
0.391223
0.452241
-0.230228
0.0779028
0.675859
-0.592141
-0.676103
0.460523
-0.2769
-0.188183
0.277493
-0.0637046
-0.389683
0.439537
-0.043178
-0.00426739
-0.151937
0.55276
-0.462924
-0.443885
0.199794
0.475662
0.225178
-0.326262
-0.639314
0.583573
0.477453
0.0494956
-0.225953
-0.331478
0.401852
0.0408699
-1.25187
1.2787
-0.43025
0.324453
-0.91228
-0.343902
0.700056
-0.58183
0.196319
-1.04482
-0.36055
0.76862
-1.72983
1.71901
-0.87549
-0.746345
0.769554
0.888908
-0.59362
1.05591
1.02
-0.938962
-0.845434
0.805395
-0.838046
-0.201202
0.573794
0.0916563
-0.409586
-0.69049
-1.27573
1.07595
0.482059
-0.649564
1.64678
0.708061
-1.17867
-0.0239414
-0.510291
0.991533
-0.348823
-0.0605568
0.655706
-0.550736
0.166808
0.193082
-0.130037
0.0990647
-0.433375
-0.0153314
-0.556137
0.380411
-0.501939
-0.151386
0.53653
-0.580653
-0.431779
-0.587214
1.47256
-1.3493
0.974707
1.60051
-1.11018
0.481967
0.41543
-0.272461
-0.616874
0.554504
0.750371
0.356683
-0.267702
-0.181925
-3.26763
1.02296
0.624354
-1.53319
0.650573
2.36485
-5.61776
4.74252
-4.22138
-4.24887
2.19336
-2.57552
4.06152
-3.82215
-3.48387
-1.54817
1.1006
2.40675
-4.01489
0.0977945
-0.127139
0.333083
-0.79663
-0.516617
2.3655
3.31665
-3.48328
-1.71672
3.26674
-0.267671
-5.21221
5.75773
0.546828
-2.8525
4.58511
2.89985
-3.89003
1.62383
-0.201056
-3.06294
0.858531
1.22895
-4.30878
4.824
-2.71525
-1.8265
2.36682
0.211845
-1.13695
2.79987
-1.77453
-0.492053
0.791353
-0.719481
3.21157
2.12893
-3.00838
1.3425
-1.40999
-0.0512352
1.80851
-1.01226
-2.94221
-1.49533
2.7162
5.61276
-4.76588
-5.66857
4.93396
3.96991
1.12041
-2.83
0.822405
1.28306
-0.614625
0.570091
-0.0187137
-2.67546
1.71084
2.05432
1.60599
-1.99654
-1.11006
1.76997
0.0360394
-0.417874
0.142461
-0.0787688
1.50514
-1.69724
1.07598
2.65074
0.895709
0.159851
-0.0188859
-0.415926
-0.00839558
4.20764
-2.22862
0.890198
-2.44653
0.642212
0.920875
3.28352
2.9143
-4.41615
-1.05713
2.47103
1.05797
-0.476092
-1.49354
1.68893
1.89229
-1.08722
-0.292
-0.462021
0.921994
0.534873
-0.755449
-2.32289
2.59277
1.64109
-0.494112
-0.473858
-2.07485
1.39132
2.50233
2.42833
-0.00656994
2.01828
-2.58209
-0.623255
-1.3864
3.38632
2.13492
-5.89545
-2.81613
4.8501
-2.49146
2.93203
-0.945079
0.875256
1.01218
-1.77018
-0.406489
1.41563
0.578652
0.931994
-0.666709
0.634444
-0.839316
0.391159
-0.147155
-0.193269
-1.14386
0.231989
-0.783942
-1.56203
1.1663
-0.766694
1.40135
0.802172
1.06603
-0.703676
-0.507962
1.03107
-0.950163
-0.246431
0.870368
-0.569608
2.04357
0.00354666
2.07704
-0.812462
3.30923
-0.869538
5.4118
4.25897
-5.21146
3.98757
-6.63003
16.3654
7.36546
-12.9213
17.5978
-31.7705
38.4667
32.092
-38.1038
26.7665
-19.7609
16.5447
-15.371
-14.2229
-2.66542
-5.43273
-5.22677
4.07343
4.15035
7.05137
-2.83886
1.46518
-2.41742
0.863976
1.55192
2.10865
1.46045
-1.94317
-0.310432
0.418414
2.05226
-3.49835
1.60328
3.56047
3.76288
-5.29347
1.37206
1.27947
-2.1166
-0.847657
2.4772
1.29033
-4.03823
-1.38842
4.02547
-5.66987
0.0185507
4.19334
1.05084
-5.1147
-1.9517
14.5275
-9.34164
-20.118
6.45234
16.7162
-14.0101
-13.1441
8.33438
4.17523
-14.6553
11.6756
-19.4381
-5.65534
-18.7769
8.3812
-9.04574
12.5024
11.4957
11.1785
-11.8242
-9.03458
5.55066
7.39614
11.4737
-9.25436
-7.58147
5.48041
9.73545
5.10749
-9.33394
-2.56203
3.97462
-5.16871
-6.47485
5.09811
1.87456
-6.01933
3.49459
2.63518
-5.01049
2.04693
1.15027
3.22307
4.29843
-4.81102
-1.58823
4.11426
0.496727
0.844203
0.662363
-0.955707
0.190678
6.22521
2.95389
-10.5047
5.31336
24.4745
-17.1128
-38.915
7.11399
-11.1347
-2.2148
-4.77402
8.8625
16.2672
4.46805
12.1142
8.66845
-11.692
-7.49268
-3.57633
5.98903
6.73166
-12.3905
-5.71277
7.48066
1.2164
-6.52271
6.71753
8.05704
-1.7673
-1.88319
5.88579
-4.36436
-1.50212
5.43332
0.243549
5.90246
-4.19519
-3.12983
3.63941
0.366562
0.586116
-1.05553
0.704411
1.93981
-0.260637
-0.34082
0.712183
-0.426099
0.878191
5.57197
-14.1687
-6.80895
14.6053
26.2864
-38.981
-32.8515
43.9053
36.9312
-18.1854
25.6833
-10.3937
17.7472
9.45152
8.3498
-8.21079
-9.44032
2.53635
6.0414
5.27813
-6.77058
-4.75328
7.63307
-0.905035
-5.36767
4.00796
1.98552
1.99822
5.10191
5.03091
-0.820661
1.81795
1.07295
4.15707
4.14981
-2.02579
-3.40877
2.3399
0.358486
-3.28837
-3.43715
-3.92265
-2.36945
-1.72787
-3.71679
-7.54435
-4.93048
-3.20938
-2.22607
-3.11599
-6.45362
-8.27377
-4.42859
2.53358
10.8557
18.512
3.41213
-38.9379
-64.0638
-31.2349
24.4409
5.33047
26.257
20.964
19.6722
-0.771724
-7.14748
13.8343
15.5755
-8.84357
-8.54829
14.2007
-15.1272
-6.51967
14.3715
1.81175
-4.11968
-14.1582
4.97352
0.0793105
-11.2068
1.34699
-2.75808
-4.78659
3.0674
3.06067
-1.31688
-1.08649
0.65004
0.169057
-0.647496
0.561153
-0.0910745
1.02851
0.671621
1.08523
2.59396
-0.18079
1.20136
3.90584
3.52372
3.87873
1.96753
5.73306
6.05265
1.0427
-1.2951
-27.3079
-20.1052
145.208
94.7001
0.639817
40.6414
20.3316
-40.4915
-21.7543
51.9885
-67.2713
-37.3974
64.4391
-13.4727
-6.06358
11.748
3.13353
-12.4424
-3.16928
-2.64006
4.53143
0.942877
-3.94826
-2.97406
-1.80004
3.22361
1.52249
-1.74737
-1.85046
-1.40405
2.17669
1.59127
-2.54558
-1.37323
-1.3766
1.45003
2.33322
2.452
-0.0136737
-0.896486
-0.444858
1.9537
1.30121
-1.30746
-0.721522
0.741454
-0.0514791
-0.173056
-0.713911
-0.670106
0.846997
0.183455
