0
-1.50894
0.0433839
2.39648
0.224104
0.241851
0.470719
0.424505
0.313992
0.337988
0.305268
0.268433
0.222488
0.215118
0.214126
0.184961
0.1732
0.149733
0.157737
0.141341
0.126505
0.124265
0.120193
0.0992922
0.0759306
0.0777933
0.0754565
0.0718735
0.0680424
0.0641329
0.0602867
0.0565576
0.0529354
0.0491906
0.0459293
0.0426177
0.0393399
0.0362088
0.0331745
0.0301412
0.027226
0.024388
0.021513
0.0187427
0.0160109
0.0132509
0.010575
0.00794097
0.00520932
0.00258164
-2.72247e-05
-0.00270507
-0.00533115
-0.00795113
-0.0107083
-0.0133817
-0.0160654
-0.018854
-0.0216089
-0.0245348
-0.0273701
-0.0302741
-0.0332832
-0.0363141
-0.0394275
-0.0427738
-0.046086
-0.0493256
-0.0530473
-0.0566634
-0.0603666
-0.0642991
-0.0681731
-0.0720073
-0.0755709
-0.0778643
-0.0760113
-0.0994896
-0.120329
-0.124391
-0.126628
-0.141401
-0.157789
-0.149913
-0.173319
-0.185065
-0.214218
-0.215179
-0.222531
-0.268546
-0.305348
-0.33802
-0.314027
-0.424487
-0.470698
-0.24219
-0.2241
-2.39525
-0.0423717
1.51051
