-0.368479
0.793999
0.368894
0.110998
-0.764999
-0.755422
-0.940523
0.679253
0.148322
0.361884
-1.00428
0.897686
0.61072
-0.628552
-0.679639
-0.669318
-0.421286
0.0184534
-0.169914
-0.446539
0.190894
-0.752222
-0.435528
-0.282663
-0.0995052
0.544237
-0.626916
0.0117761
0.15544
-0.925161
0.202029
-0.673538
-0.850218
0.916492
0.912991
0.570351
-0.438114
-0.817603
0.356298
-0.149913
-0.768428
-0.0153813
-0.915577
0.825246
-0.487927
0.323073
-0.378345
0.0497179
0.094853
-0.597924
0.969764
0.550721
0.860457
0.739977
0.140843
0.757003
-0.906926
-0.651137
-0.919564
-0.338283
-0.216381
-0.4327
0.654551
-0.313769
-0.43653
0.0833804
-0.694861
0.612795
-0.821347
0.996512
0.488826
-0.645511
-0.943909
0.678093
0.411429
0.4306
0.465701
-0.900544
-0.288962
-0.727987
0.744741
0.199806
-0.387153
-0.865554
-0.329814
-0.277102
0.512607
0.298502
0.745774
-0.110547
-0.738991
0.467197
0.50627
0.0970695
0.488272
-0.0835168
-0.0264832
-0.235142
-0.994347
-0.767536
-0.852314
0.337709
-0.323119
0.0853476
0.800387
-0.522687
-0.1465
0.485056
-0.580381
-0.799903
-0.329877
-0.517905
0.980321
0.647952
0.293419
0.737911
0.534321
-0.622309
0.789009
0.056007
0.577489
0.656554
-0.501629
-0.815938
-0.500778
-0.0731206
0.644756
0.599481
-1.04047
0.0196932
-0.200574
-0.561657
-0.684873
-0.187064
0.912892
-0.347808
0.0913708
0.413521
-0.223566
0.945461
0.768886
-0.618988
-0.0841223
-0.464596
-0.466111
-0.861095
0.268507
-0.031437
-0.855143
-0.303309
0.825331
-0.540631
-0.602441
0.128735
0.969914
-0.499535
0.389378
0.468742
-0.518071
0.450538
-0.264146
0.266114
0.211746
-0.022781
-0.792409
0.632685
-0.449391
-0.637569
-0.798259
0.285826
0.314756
-0.915696
0.1036
-0.439539
0.351053
-0.538273
0.471624
-0.135942
0.83502
-0.729393
-0.225621
-0.548201
0.997387
0.71018
-0.445821
0.400949
0.606955
0.0528652
0.00338116
-0.496826
-0.598596
0.94099
0.759628
0.172122
-0.327088
-0.183292
0.553536
0.779663
0.650022
0.366108
0.0401548
-0.929878
-0.576729
0.75704
0.0130966
-1.04123
-0.677507
0.331434
-0.922021
-0.453581
0.288499
0.458257
0.278521
-0.472292
0.450624
-0.456431
-0.153405
0.613819
0.352915
0.648096
0.199655
-0.00759215
-0.800294
-0.171941
-0.32987
-0.240544
1.03811
-0.118436
0.810336
0.237286
0.497284
-0.0721514
0.0877884
-0.0887296
-0.539983
0.430272
-0.450725
-0.734208
0.463191
-0.365049
1.06635
0.8765
0.635547
-0.378262
-0.755443
0.957186
-0.0300693
0.963133
0.772727
0.434992
-0.536639
-0.189979
0.587621
-0.451275
-0.521393
0.291594
0.840788
0.252354
-0.00181442
-0.70535
0.373025
0.842698
-0.69381
0.201133
0.758774
0.389227
0.282987
0.240942
-0.33666
-0.263393
0.690937
0.568775
0.595809
0.55112
-0.176187
-0.0685651
0.447851
0.124183
0.216897
0.330305
0.338247
-0.664629
-0.490811
-0.861056
0.0218279
-0.914348
-0.0367886
-0.0100953
-0.463614
0.0359455
-0.935329
-0.658471
0.6571
-0.342379
-0.593589
0.178612
0.42941
-0.566874
0.165356
-0.781399
-0.588049
0.313871
0.241151
0.373569
0.467266
0.720088
-0.187774
-0.377628
0.406203
-0.565075
-0.197468
-0.74058
-0.54635
1.04098
0.50457
0.126528
-0.380858
-0.661406
-0.524019
-0.228946
0.293491
0.455028
0.237491
-0.315147
0.829308
0.23108
-0.0977756
-0.0108114
-0.35951
-0.548886
-0.260066
0.265426
-1.03451
-0.642885
-0.632927
-0.44018
0.866039
0.30117
-0.170816
-0.659315
0.104003
-0.0360432
-0.471271
0.0500061
-0.0205118
0.296902
0.167848
-0.72347
0.0381639
0.383892
0.127975
0.606146
0.0688442
-0.682856
-0.558052
0.389597
-0.597351
0.497017
0.834042
0.0566964
-0.145519
0.302182
-0.0207589
0.19738
0.697788
-0.251911
0.684452
0.256641
-0.910475
-0.85598
-0.650715
-0.640306
-0.347861
0.497437
-0.554465
0.0542912
0.708668
-0.617895
0.72006
-0.28368
-0.27858
0.701968
0.459886
0.750064
0.378566
0.381969
-0.418235
-0.278454
0.701378
0.609607
0.678615
-0.281648
-0.112576
0.511915
-0.152971
0.79736
0.425984
-0.20827
0.368593
0.214652
-0.642928
0.69683
-0.0732177
0.391087
-0.383424
0.498597
-0.430609
-0.697405
0.682595
-0.663294
0.0143984
0.887545
0.556565
-0.11098
0.0172177
-0.259749
-0.36819
-0.144688
0.382299
0.355251
0.275999
0.0827723
-0.877697
-0.0890503
-0.66125
0.20472
-0.0293903
0.478407
-0.490149
-0.624792
-0.329292
0.530557
0.0209855
-0.678056
-0.390769
0.479828
-0.46368
0.7004
0.195726
-0.640717
-0.248661
0.974103
-0.15094
0.0668694
0.716434
0.691121
0.506205
0.0112718
-0.476861
-0.594011
0.481511
-0.0416506
-0.163831
0.388429
-0.807724
-0.0966131
-0.719958
0.0315699
-0.570136
-0.261526
-0.0939737
0.660744
0.564788
0.254135
0.63919
-0.294082
-0.156832
0.605575
-0.341757
0.682866
-0.650306
0.780305
-0.561376
0.771003
0.0843944
0.599521
-0.650211
0.333942
0.686371
-0.0687423
0.165482
0.19147
-0.118684
0.177477
0.0880003
0.35654
-0.765464
-0.0373269
0.767741
0.329711
-0.287103
-0.0102459
-0.449288
-0.348473
0.0993589
-0.0529746
0.242709
-0.289441
0.980487
0.599386
0.0673799
-0.0944626
-0.208642
0.490999
0.118194
-0.37342
0.721055
0.359842
0.385513
-0.0331122
-0.159352
-0.321412
