-0.368479
0.794022
0.368763
0.111023
-0.764947
-0.75538
-0.940503
0.679117
0.1483
0.361962
-1.0042
0.897653
0.61079
-0.628613
-0.679701
-0.669283
-0.42119
0.0184615
-0.169797
-0.446557
0.190874
-0.752164
-0.435552
-0.282523
-0.0996182
0.544172
-0.62689
0.0116822
0.155434
-0.925017
0.201866
-0.673479
-0.849755
0.916371
0.912975
0.570561
-0.437798
-0.817626
0.356353
-0.150141
-0.76835
-0.0154955
-0.915602
0.825108
-0.487945
0.323109
-0.378367
0.0492966
0.0948024
-0.598181
0.969782
0.550817
0.860462
0.739316
0.140639
0.756879
-0.907525
-0.650923
-0.919464
-0.338058
-0.216472
-0.432842
0.654564
-0.313814
-0.436371
0.0834829
-0.694807
0.613072
-0.82088
0.996238
0.488918
-0.645369
-0.944628
0.677613
0.411398
0.430604
0.46528
-0.900776
-0.288956
-0.727791
0.745077
0.199241
-0.38677
-0.865646
-0.329986
-0.277714
0.512304
0.298477
0.745545
-0.110979
-0.738639
0.467476
0.506259
0.0969639
0.48884
-0.0829579
-0.0262058
-0.234478
-0.994118
-0.767618
-0.852276
0.338171
-0.322721
0.0859533
0.800269
-0.523035
-0.145725
0.485296
-0.579838
-0.799776
-0.329544
-0.517159
0.981258
0.64737
0.293393
0.737971
0.534147
-0.62187
0.78916
0.0565493
0.577681
0.65753
-0.500549
-0.815835
-0.500942
-0.0731384
0.644627
0.598762
-1.04046
0.0200116
-0.200753
-0.56148
-0.684459
-0.186869
0.913382
-0.347625
0.0917191
0.413914
-0.223854
0.94564
0.769536
-0.618023
-0.0837863
-0.464539
-0.46587
-0.861796
0.267939
-0.0311845
-0.855251
-0.303568
0.825245
-0.540528
-0.601764
0.129792
0.969664
-0.499501
0.38991
0.468744
-0.51827
0.450611
-0.264195
0.266331
0.210879
-0.0217893
-0.792591
0.6325
-0.448634
-0.637899
-0.798464
0.284673
0.315187
-0.915929
0.103206
-0.439861
0.351098
-0.53828
0.471538
-0.13553
0.834216
-0.72947
-0.225049
-0.545528
0.997934
0.709454
-0.445771
0.40175
0.606165
0.051743
0.00406124
-0.49697
-0.600441
0.940152
0.760153
0.172539
-0.326999
-0.18425
0.553033
0.779386
0.650527
0.365362
0.0401778
-0.929207
-0.5761
0.756821
0.0115781
-1.04127
-0.675587
0.330874
-0.921157
-0.452264
0.290516
0.458181
0.277651
-0.473269
0.450605
-0.456727
-0.15403
0.613178
0.353165
0.648811
0.199446
-0.00687773
-0.800384
-0.172212
-0.328278
-0.240545
1.03682
-0.118137
0.810333
0.236733
0.497327
-0.0729619
0.0883301
-0.0893757
-0.539243
0.430497
-0.451876
-0.730615
0.46115
-0.365136
1.06498
0.876416
0.637217
-0.378281
-0.757288
0.958106
-0.0303204
0.962376
0.773335
0.432025
-0.53666
-0.18933
0.587107
-0.451036
-0.520347
0.29146
0.839882
0.253391
-0.00311487
-0.705181
0.374611
0.841143
-0.693827
0.199269
0.75896
0.39079
0.281732
0.242233
-0.336842
-0.264515
0.690972
0.569347
0.593251
0.5518
-0.17912
-0.0685803
0.449705
0.123491
0.219138
0.328755
0.340435
-0.666485
-0.490072
-0.860367
0.021331
-0.913489
-0.0364672
-0.0108742
-0.463845
0.0364177
-0.935938
-0.657416
0.656919
-0.342031
-0.594996
0.179602
0.429971
-0.567341
0.165573
-0.779727
-0.587912
0.310635
0.241418
0.373265
0.466698
0.721883
-0.189329
-0.376994
0.405083
-0.564252
-0.197481
-0.741406
-0.540938
1.04068
0.503536
0.128915
-0.381775
-0.662146
-0.52161
-0.230607
0.295033
0.455261
0.23625
-0.315425
0.82759
0.231132
-0.0951587
-0.0113684
-0.358283
-0.548313
-0.260563
0.263928
-1.03484
-0.640664
-0.635382
-0.435381
0.86537
0.299151
-0.169658
-0.659053
0.102945
-0.0356017
-0.472417
0.0517595
-0.0210958
0.29741
0.168182
-0.72142
0.0380382
0.384858
0.127979
0.60799
0.0677459
-0.6833
-0.556252
0.387663
-0.595012
0.495152
0.832544
0.0578066
-0.145046
0.301676
-0.0204519
0.197014
0.697313
-0.252007
0.682641
0.259665
-0.911709
-0.856599
-0.646866
-0.641841
-0.343156
0.499182
-0.55093
0.0542629
0.708883
-0.618009
0.719369
-0.282975
-0.282305
0.702007
0.460298
0.748449
0.380282
0.379724
-0.41839
-0.274901
0.701195
0.608541
0.681016
-0.283345
-0.113271
0.511766
-0.154526
0.795706
0.427125
-0.208578
0.367369
0.210157
-0.642826
0.698151
-0.0722501
0.392217
-0.383333
0.499858
-0.430637
-0.699872
0.681487
-0.663131
0.0170356
0.887087
0.551672
-0.108902
0.0178492
-0.259792
-0.367109
-0.145779
0.382528
0.354459
0.272464
0.0839768
-0.876314
-0.0878718
-0.657019
0.204729
-0.0296612
0.477773
-0.488633
-0.623515
-0.332982
0.528585
0.0232929
-0.67631
-0.394256
0.477343
-0.462737
0.699184
0.198081
-0.64093
-0.250749
0.973265
-0.150724
0.0694092
0.714994
0.685926
0.507683
0.00938853
-0.478122
-0.58939
0.481485
-0.0392899
-0.162336
0.390691
-0.806847
-0.098504
-0.720685
0.0332952
-0.567392
-0.265437
-0.0939979
0.661559
0.562724
0.255117
0.639816
-0.294931
-0.155068
0.607011
-0.340293
0.683723
-0.648764
0.781359
-0.559368
0.769882
0.0817822
0.599516
-0.651596
0.334938
0.688546
-0.0692487
0.166629
0.192292
-0.119623
0.176455
0.089138
0.354999
-0.76495
-0.0345225
0.770838
0.330682
-0.289709
-0.0108425
-0.450123
-0.348019
0.101445
-0.0516005
0.242859
-0.286382
0.977655
0.59022
0.0673982
-0.092465
-0.207277
0.490917
0.117081
-0.374338
0.722202
0.357483
0.381716
-0.0301774
-0.157915
-0.321106
