0
-5.6269
4.59856
-11.6706
-24.9189
-6.48197
3.97604
17.8579
15.296
39.6313
-6.10439
-16.165
-41.8542
-0.96192
72.0779
14.0014
21.1611
-21.0098
-55.6219
13.7772
4.88942
-2.2842
-44.5474
0.375444
14.6369
-21.9527
-30.3579
-7.45581
5.89506
9.33114
42.7133
-17.5466
2.56966
-29.5655
-29.9734
10.5456
-16.7527
-30.368
42.0551
-18.6456
5.18986
14.1536
-0.354114
28.3287
4.89783
7.67248
-22.5849
29.9708
11.5358
9.39162
-8.39254
49.8037
-39.2086
-29.3029
29.8167
1.49257
17.3605
54.7452
43.6275
-11.4127
42.0446
4.88692
-11.541
-24.3686
-39.8464
2.37259
-14.9954
40.7258
-4.96285
-0.206335
-4.78148
1.22459
-12.6931
-27.6361
49.0999
-4.62788
29.9546
-18.3044
-22.0906
16.2857
16.6311
-2.23535
2.1957
20.3239
-12.0119
6.48792
6.18055
24.9102
-19.099
-26.0507
27.1855
-39.0715
-58.0677
-22.1008
18.1882
-15.7493
6.70592
43.5303
-6.67217
-34.7355
30.0817
-28.0169
0.74773
-15.0001
-42.1541
9.40428
-36.4479
-12.5485
38.1038
-10.4587
6.24063
-25.9531
1.34886
-9.17155
17.989
8.88644
26.9468
7.95403
-29.0446
-65.7828
-22.919
47.0796
22.192
-6.72583
27.8084
-26.3416
-3.52633
-5.80564
41.7645
-0.112533
-74.597
15.6561
0.671601
-14.1507
-7.6482
-23.7753
-57.2914
-88.5872
29.7654
37.8745
0.960666
19.5295
8.06933
27.4927
-4.74316
-31.526
41.5573
-50.7444
16.6732
-27.3334
-21.7782
20.7236
-12.8116
27.1721
-23.7658
-30.7941
27.8651
-11.4857
-33.9124
33.2217
-7.00878
21.0735
0.461053
31.6832
-23.8665
0.478351
35.1726
-36.5869
14.9701
-14.0589
42.9593
6.08012
-30.938
38.5618
-25.7506
4.34418
-31.7025
30.5024
-32.9381
8.15166
-9.88776
1.80834
-16.4499
-50.3261
-0.8049
-18.0586
-27.6692
-2.12996
27.4579
-25.0299
-41.9663
-54.0606
1.07151
-34.1667
56.1892
28.2073
6.72324
-4.56081
47.1301
2.49942
4.9289
10.4912
33.6401
-2.51941
-10.69
-7.5752
96.1144
7.73388
-29.814
19.7453
-26.148
-33.0514
-15.4448
31.0074
25.977
-8.09612
19.7778
3.16261
32.7942
17.3266
-43.5146
34.6434
46.5377
-40.3709
-19.9794
15.5138
-39.0811
10.9226
-4.29494
0.0218701
15.8866
11.3874
-24.8939
-47.0302
-21.2381
-16.2105
-69.4234
-16.9718
40.4487
25.5906
-23.8882
39.4864
-17.1003
-29.3353
14.5252
2.72433
-4.32056
-3.36844
4.49905
-10.6716
1.38693
-13.686
-16.1956
23.9836
-14.1102
-2.71333
17.6068
13.9135
0.822577
20.9877
55.0641
4.31939
-42.8137
10.9449
11.0856
-8.69456
-30.1167
10.9355
4.82769
-26.9334
24.9656
0.182207
12.9535
13.5625
-14.3479
26.2911
-33.0006
41.9684
-30.6289
-12.3083
-11.5231
30.4563
11.7358
20.3437
7.79284
3.6862
5.11175
5.29645
31.077
33.8232
21.9638
25.184
-30.9194
9.62426
16.2019
0.293057
29.0843
12.0664
-16.9798
8.07043
-26.9021
16.5213
-3.31226
28.7791
23.7397
17.76
-10.8683
55.9193
25.0741
10.6294
-0.231077
-51.858
-50.5426
-0.834603
25.0666
-6.68628
-38.713
7.87137
7.53439
-29.9999
-14.3322
2.27949
-8.72215
11.0455
-57.1653
6.74247
20.4047
26.4849
-34.0236
4.57205
1.00652
-14.033
-15.8707
0.344164
3.38178
1.91712
-25.0433
53.884
44.59
26.4812
-15.3373
34.9166
-0.926001
14.429
54.8246
-43.4097
-12.4922
-6.21087
-7.06705
50.2921
-39.1458
26.9391
-9.8189
-40.5315
-8.60097
-11.3106
-14.5252
-4.51027
61.8256
-58.9768
-8.51121
-22.9345
29.7757
-4.36084
-12.4051
31.8369
22.2313
45.1013
9.43465
-28.8555
34.9193
-21.3652
-32.4408
-13.3961
28.3636
3.63083
5.18445
2.56568
22.2269
-36.1087
30.8137
-3.45452
-53.3922
18.1395
41.2
-59.7816
-16.963
-36.0872
-24.6631
49.7039
2.16555
-2.27417
-20.5969
-67.1555
-20.442
38.2443
-60.7939
-0.983963
-1.3702
18.1547
-38.7204
16.5682
-23.0224
43.999
0.529378
20.9762
8.98999
-62.5231
5.82943
-9.8111
-17.1488
43.8203
-2.4571
4.28391
-0.716749
12.7804
8.03281
25.4332
-32.3578
32.0055
18.2507
12.0855
-9.84475
-10.4148
7.34404
12.9123
-31.7803
-21.6104
27.1576
24.5477
0.782043
17.2681
51.0984
10.019
-13.0393
16.5403
-28.3987
33.6822
-17.2883
-78.9803
56.0137
4.18702
20.7456
-47.1449
41.5455
-2.28719
28.6483
55.3266
7.33936
5.39933
24.6929
-13.0756
5.62183
13.776
-23.4277
14.7391
-6.34118
68.9751
13.6309
-18.966
-24.9373
-31.8818
-30.1
33.3291
12.2663
-3.49934
-31.2512
13.0055
-24.3043
-45.7414
8.75132
-14.2888
-36.2258
-9.6498
-26.5503
-33.2447
-28.2798
-30.7906
-4.58477
-14.5477
-4.04029
-8.74749
-15.9958
-22.7215
-13.1533
26.8249
1.46943
2.10421
-36.9157
-12.2134
-3.07674
5.91532
2.906
3.68951
31.4575
5.26541
-57.8226
30.8066
-39.0478
-25.6394
17.7392
20.1213
-32.4443
-7.20549
-19.1346
-9.5842
2.22976
-5.50708
-23.5627
-21.4628
33.5774
46.5764
55.0408
-9.61628
-22.8637
-9.06334
-4.69203
-4.24592
-26.8632
52.8104
-33.4089
-17.2851
-28.1652
-9.97855
7.56483
-37.2935
8.58298
-8.39017
-9.51624
20.6891
-1.16914
35.6893
-29.6209
21.195
-6.42701
11.9422
-34.8504
-15.5684
2.27348
-9.45394
-19.3461
27.7018
33.8559
27.2249
25.8837
0.648664
-43.5615
-26.9131
-5.8005
-2.32877
-7.44359
-19.6833
-59.8598
0.469321
-39.9976
-9.34127
44.2116
7.58191
-21.0112
4.44705
28.1575
-7.30273
19.1307
14.4854
7.10232
-34.844
37.1175
-8.67545
28.1654
29.3285
-1.09402
-39.2846
-19.0703
-10.0671
-6.24715
-18.7039
41.0835
-42.1082
1.1016
30.9211
15.9962
-0.551657
30.4689
48.7719
31.327
-7.80903
-26.1843
15.2615
11.0937
-1.69496
15.6509
-51.0849
35.7322
56.3013
-18.2729
16.1515
-17.4395
-8.73667
58.63
17.0864
32.5762
37.1914
-21.7599
-63.5112
-33.1277
13.5057
-49.3216
-24.4729
-36.9448
-12.5912
-30.1754
35.8505
-41.702
-13.9773
-31.0069
-45.5794
-11.3948
16.0457
25.425
12.6032
-21.0977
7.52927
-26.0478
7.05047
65.9989
8.94447
9.02909
9.74056
35.4074
2.48919
-31.9047
31.2594
-92.1159
51.5293
12.5622
-19.8037
12.3127
40.7923
-23.7252
-26.7513
18.419
-1.40496
-56.7982
15.6351
2.98271
75.2879
10.422
-3.68661
-17.4785
6.40672
-21.3439
-45.0571
1.33176
-18.6235
-6.43444
13.9059
51.7434
1.85649
-41.2976
-9.60405
-37.9568
27.0343
27.6553
11.4767
-9.44145
2.97139
-24.6176
29.8005
-71.6365
-7.12529
15.9799
5.47998
-5.47526
-3.10956
-4.92015
19.9305
-8.59505
43.2488
28.5568
-7.55695
-8.50803
-13.3032
43.9059
7.27039
21.9653
29.4414
30.8156
-21.6751
-15.8998
26.9237
-2.83842
30.3905
47.9573
30.3086
14.1137
38.982
-9.77809
7.56189
7.63225
8.69939
-31.4921
-5.9149
16.1448
-19.2638
17.5574
-74.4584
-46.7748
-23.8764
12.067
-38.7545
6.11575
2.99221
-2.79673
-29.8786
-15.4735
-10.3967
-1.22732
25.0919
-35.2093
-47.6501
9.37202
-12.706
59.6234
-0.598263
-10.9073
-17.0883
13.2371
26.0022
-22.0097
19.8052
-33.0169
-41.0096
25.4964
1.23326
-55.1575
69.72
-3.13854
-10.677
-8.44789
-41.8938
1.13124
-16.4495
32.8474
-3.46848
-1.91698
-20.0222
-23.153
21.8535
6.87664
49.6791
-4.86655
-15.9267
-17.0934
-24.7507
7.61824
-24.3217
-80.2681
20.8251
-20.1926
17.2514
-8.11261
-26.2245
-29.846
-26.9331
5.09444
-47.8847
-3.81459
-4.48873
-3.32307
-29.5117
16.3164
-27.6773
34.4916
-33.7652
-36.1142
28.851
-21.623
14.5183
2.02383
-9.65993
-5.32729
-16.5502
-1.83427
55.0376
-8.21297
25.9108
42.7602
57.3427
-35.1627
15.4797
-12.5908
24.4386
8.57589
53.5194
12.6637
-4.60809
-26.0217
5.45314
-17.1729
-55.1264
3.19521
-49.3667
-4.25872
4.5954
19.3304
23.8127
17.8951
-14.5011
-17.838
15.0307
20.7678
3.18002
-13.0908
-9.45206
-0.432142
58.9995
-3.6724
-1.06384
-33.7752
30.2993
1.6877
0.778804
16.1763
3.80352
12.5099
16.0447
12.5395
-24.1807
-30.619
-4.55808
-31.0475
-10.0955
-51.5753
18.2471
30.2273
-11.2692
-11.346
-16.8825
-55.4402
-45.5811
-2.12878
16.4347
-5.97348
22.3535
-31.5722
4.70857
-43.7201
-1.88243
28.1742
12.0421
-22.1396
2.47493
39.8414
15.6122
-15.9703
-23.9794
-1.62977
61.5852
-5.08869
2.25883
-9.1197
-29.5736
18.4922
-28.1516
20.3533
0.943135
2.46887
25.0096
-21.0471
-29.0976
23.3626
6.84186
-22.9848
-6.18209
-46.1851
19.4647
-17.7465
-12.1488
-23.1919
3.81059
16.1413
24.7345
-7.20008
-22.8458
-21.459
6.79461
-18.2332
27.641
26.3399
45.5789
-0.0369406
-27.244
42.2784
11.4568
-19.6657
6.93044
23.1507
-17.6378
-16.9644
28.3528
4.81024
16.2125
15.813
6.27237
32.3634
-5.92708
12.5503
-49.8912
-11.3158
-32.236
-24.9832
9.74499
43.3885
33.4411
-3.79555
25.0552
-2.93583
34.4605
40.17
-7.7966
17.0636
-1.07284
26.8024
5.84097
-8.87434
40.6839
18.7825
-7.41028
-2.29376
35.966
11.0202
10.3992
-22.8012
50.8303
18.8841
54.1268
-12.5632
32.3237
-38.7867
6.73896
-31.0683
19.1814
29.4683
3.88617
-6.66255
1.0337
-3.72609
-55.881
45.3831
38.2672
41.3589
-65.2441
43.9211
-13.2913
7.60232
-18.7969
47.7783
-10.5863
20.0865
19.0191
13.6848
54.5288
1.16988
-63.0992
-24.3562
-60.9007
17.3833
-6.80803
-38.2872
-39.0497
-30.6931
-37.3853
25.9548
-26.66
-11.8343
-14.9276
43.2201
-45.8834
10.1818
-27.5569
37.1186
44.5041
-0.192235
53.4605
22.7168
7.56937
22.2732
-46.7087
4.49381
13.1463
-50.0712
32.1109
-42.8043
-4.64487
14.758
25.1682
-38.2921
3.12534
-5.36609
21.5491
22.7731
-23.5969
-17.6892
-3.88834
8.52843
31.2303
-53.0047
45.8659
53.1777
-12.0813
-20.7533
39.2725
-14.4588
0.384984
-17.9078
6.73132
-4.36652
-15.7497
-27.724
-38.6469
-28.7667
0.186939
9.23105
-13.4269
-31.8431
-11.3225
22.5152
35.6185
-40.2463
23.1203
-8.05634
-1.02404
3.14923
36.5796
-13.4537
4.26954
27.0624
15.9129
40.7618
11.8147
6.07708
10.0883
-16.9237
13.7985
1.07686
-15.2887
-64.5726
-1.64315
-13.9534
-30.087
-48.2049
-55.175
-38.0697
12.4711
-1.63682
38.8825
-44.9702
33.1245
18.6543
29.0907
7.98904
-21.8528
-29.9147
30.9188
-10.3267
36.8615
-8.17599
23.7743
-23.4168
-11.4733
5.71457
-18.3438
25.5029
19.0721
-38.6612
44.5337
-23.1448
62.9289
-7.50136
5.10134
18.4875
-5.08601
-2.84345
-31.7698
22.522
34.2285
60.1899
-19.7949
-7.02619
9.26788
-22.8427
5.64571
-38.2715
-32.7667
25.9807
9.30585
-19.6358
-43.1743
-23.7639
-3.30619
-5.12704
-49.1548
-22.5349
2.29652
38.2407
40.2729
-6.04455
-11.412
-4.10277
2.10744
-17.4612
43.1135
-28.7311
-11.7707
-9.32733
3.8528
6.41587
-9.49585
-23.0031
2.15483
4.32718
8.72058
-39.1706
-22.4738
-31.9908
-25.1174
15.2532
8.74342
-29.3983
-8.76052
0.26778
51.373
10.3844
40.2254
-32.8381
0.515595
20.7254
16.9066
-5.85583
23.4939
-4.58136
-4.82261
-14.6576
54.7217
-6.07011
-22.1277
7.60065
-21.0585
-10.5289
3.06013
-14.3071
-10.4236
28.3849
22.3139
45.0304
-7.65916
29.3788
-64.1615
-1.81403
-36.1253
28.0101
-23.8941
19.3064
4.8836
8.0745
-18.968
-3.85908
4.07087
-15.9057
46.0714
20.0218
10.114
-12.7075
4.04821
-11.8309
14.2359
-0.477135
6.60139
11.2893
-53.3015
2.57332
-17.9991
15.5565
9.8494
18.1061
9.51471
-20.0012
-59.6667
-19.5489
-23.9104
1.31338
26.1586
-9.08965
16.2523
-17.05
47.5528
18.1631
-41.5135
26.4518
-20.2184
-75.2575
34.9575
17.2642
43.4638
2.24965
-19.5223
19.2673
-28.6539
-3.12206
7.66571
-27.8644
3.39803
-0.412743
-6.68267
-12.9467
19.2297
-47.9248
44.0645
-35.5552
-45.3738
-4.87029
63.6472
11.7089
-10.6268
4.10984
32.2263
-12.0545
-5.55879
-7.04964
12.9937
13.7171
-30.6116
22.5577
-27.9106
-30.4299
-45.7734
-24.006
-35.6499
35.0092
24.7507
-4.8828
34.6261
-9.20223
9.00976
29.0752
18.2909
-33.1196
30.8698
-60.5999
-0.28043
17.6648
-8.26876
66.2469
-14.2598
25.1669
-2.10456
29.0897
-2.04133
-27.0491
-6.49889
6.80319
-20.4081
3.36788
-44.8437
-10.7886
-19.3771
-10.1065
13.8441
37.6866
-5.57339
-3.63012
38.8799
38.9025
-20.8656
40.5963
19.849
-22.1498
-11.8609
-17.3483
-26.0751
-2.13135
7.13036
-37.6844
42.438
-25.5154
-7.34697
18.6165
20.756
17.1071
-26.3293
-65.194
-1.16772
-5.69915
58.2644
4.22158
3.2996
10.433
-13.5638
2.98775
-32.3627
-4.85331
8.90255
17.9805
13.31
-28.8403
24.7707
21.6249
-7.43806
24.3361
30.243
-38.2589
42.6387
4.00113
16.485
20.1066
-5.35336
25.6694
4.40547
-15.7857
-37.0927
35.8201
-1.22331
12.6554
-30.8008
-23.5475
22.4187
15.9343
-13.2465
5.64946
26.3304
-31.8928
-20.4912
-13.5129
16.4677
-35.0128
-44.1459
-36.0736
20.1616
17.5555
6.83488
44.3209
29.6602
-20.6666
11.3733
-13.7721
-10.8713
-17.3537
-23.8705
33.8748
-9.72916
40.2042
66.5615
27.7266
-2.34437
-32.6447
-11.0403
-20.2259
-3.88082
-9.66458
11.818
-10.0373
23.3691
35.4654
-34.3958
31.3664
-48.8063
-15.5986
7.46268
-36.5553
-29.4702
0.546952
44.7462
21.2121
25.4012
14.8285
-8.80287
15.8487
-15.2505
37.3734
41.825
-28.9746
-18.7328
-15.4805
12.2442
-27.0887
-16.925
-27.2396
-35.7576
-16.2891
18.9088
8.81969
-0.528468
-10.7253
18.065
-23.0339
39.543
-8.65913
10.7141
-64.5209
26.3797
-21.5724
-42.4387
-42.7326
24.4867
39.6453
3.65714
37.0311
-28.5645
-49.2759
8.92371
9.34417
20.5176
-9.73666
46.6035
-10.2446
17.855
53.9489
-59.571
-31.158
58.1445
-28.6372
21.1679
6.78503
-25.7218
-44.916
34.1502
32.2578
-0.216508
-16.7306
-27.7524
57.6786
-60.9032
3.25113
-33.055
40.128
-8.16457
-32.5614
2.48568
45.5584
-19.1071
3.36066
-13.3824
6.61575
-21.376
-17.9692
14.0339
-16.4201
15.1147
29.4835
13.087
6.59719
30.9401
-29.6364
-27.1803
13.3301
-13.6243
-1.12129
20.2313
23.8763
8.50437
-25.0077
-41.1311
6.97884
-12.8705
17.8268
-22.636
0.904487
-20.3807
-20.3764
-3.70282
-27.4983
-30.6534
-9.16005
13.064
-27.0946
35.7257
-8.13317
7.57218
54.2115
3.84085
-11.1039
9.44254
27.2045
-30.761
-40.8625
51.0143
-36.3411
9.22214
16.0688
9.7974
-9.8975
30.8319
-38.3561
-15.7049
-63.2807
-13.9003
-33.6632
24.8198
-24.8144
-1.07529
-42.8141
-41.7792
24.423
-13.5255
0.819616
-38.361
40.4281
-15.5537
-24.5024
-39.1173
11.291
-26.9975
-12.3269
-7.74847
0.173061
0.543703
12.4292
1.61674
26.0284
-23.1138
-27.9861
30.5219
-1.82749
23.386
-3.25128
25.3455
-61.8452
40.1905
29.2462
-0.91381
25.4058
71.8915
-59.1512
39.2568
-14.101
8.96165
-8.95653
-12.0177
12.4949
-32.3157
-47.2217
22.7068
-10.8227
-1.11528
39.1745
28.0876
-22.5558
35.347
36.7723
-15.6012
2.81847
-27.7269
-8.36606
3.21755
-1.52704
-19.1628
53.5287
-48.8184
-37.1995
-0.286376
-18.5177
68.5013
-53.1822
-3.55334
-2.02272
4.62208
-42.681
44.9423
-25.3996
41.5127
23.8782
17.7342
-11.9547
20.5495
20.3194
6.14945
27.2638
9.43848
22.0723
2.64123
4.81379
2.31353
19.8092
8.56026
-14.828
-14.56
-0.902122
-11.0437
-16.8992
27.8398
-8.00568
-11.8872
-23.573
5.15903
7.31345
5.04406
35.889
-9.47916
8.19121
23.706
-35.962
-25.628
-5.29177
24.6568
7.32723
26.4788
67.3352
-41.4885
-40.3693
40.7645
-14.1938
-36.177
-5.77769
-8.93617
-14.1254
11.2286
-8.08815
18.2063
-7.0619
-28.7214
7.53989
-42.7379
-21.207
-8.84933
-20.6459
-13.4139
21.8699
18.0859
16.3291
-0.345508
-31.5068
-7.4655
-5.86882
-51.2148
17.3974
12.0884
-29.9927
7.56091
-5.0495
23.9514
-8.65916
-34.7704
25.1726
-7.45765
38.0258
-0.481236
24.229
20.9011
5.52934
-14.7281
28.5723
-16.7605
-21.2557
-6.3936
22.6343
9.12231
30.9027
5.17051
17.9267
16.0399
15.3836
25.1383
16.2003
-3.86713
33.8707
-40.547
9.26572
25.168
46.9821
-23.9302
50.2648
-74.9229
6.37532
26.02
-11.801
19.4109
-8.57166
-1.41987
-5.94991
39.83
3.53511
-35.432
24.4972
36.9305
-36.1934
-59.0575
48.2674
-4.30334
-18.7304
-6.65467
-1.01997
2.51594
-49.9512
-23.6445
19.6933
-99.9841
78.2966
29.1789
-17.9801
18.8761
-36.5243
-8.17553
-32.9699
-37.8482
16.4197
-37.2277
-15.947
-27.0655
-22.2027
-15.4574
52.5106
-14.4581
-18.4742
19.748
30.7008
4.02296
7.78568
-10.2133
-15.1818
-16.8697
5.12556
-4.03835
24.2938
-11.9527
53.2697
-13.1529
-9.53848
36.4293
-28.9784
-36.8195
18.5238
66.2426
-4.53923
12.8483
4.50048
27.7562
-28.7332
50.1559
-22.9437
-35.0812
48.6993
-18.5792
-39.5421
17.1144
22.2497
-24.4638
50.2187
41.3176
-17.9305
-30.0493
-23.276
-2.52597
-29.9026
32.3181
22.586
-21.4772
12.9608
22.3903
-40.8066
-31.1935
-10.3144
8.568
4.51923
-20.318
0.175381
29.3244
4.44403
-15.212
1.54607
-13.5307
-21.2188
-19.2346
3.55014
4.91283
19.4211
34.4093
-11.5393
-29.3786
-25.0981
16.9085
25.299
-54.3633
36.2735
25.3679
-7.1535
-6.44612
0.972097
-28.6414
31.037
18.6091
1.89487
-2.8445
23.8873
-6.47658
21.6393
24.6416
-56.574
-16.7572
5.0699
-34.2715
-11.731
-4.05716
-19.139
-21.2833
-5.74533
-9.36631
6.82226
-32.2471
2.85359
15.6647
-14.74
7.47826
55.0081
-21.7267
5.26515
25.98
-30.6327
-38.1426
-1.33176
51.4664
27.3007
-54.9111
-22.1476
6.99048
-19.4634
-4.05063
6.6378
4.1399
-18.945
-20.1046
20.881
20.7484
-75.1149
52.5669
3.14327
0.831569
56.8675
-34.2752
-19.9521
23.4886
1.29334
-23.7145
28.0921
-3.02323
29.5154
-52.3405
-40.4591
-23.6914
14.6325
0.907385
-29.0804
12.8329
-10.88
-16.0777
-15.5038
41.7733
44.2184
-33.5757
29.9739
45.2414
-28.0578
-29.5693
-55.2073
29.9578
26.1164
-43.5748
-32.9845
7.28413
-67.3402
-7.71085
22.4809
-7.89058
-42.8593
6.91373
-20.0829
-19.1109
-33.9624
-30.8983
38.8613
-6.62929
-7.10831
-0.889219
38.9476
18.7937
-19.8527
8.26476
-11.183
-26.0286
6.57821
31.2408
-21.972
44.2366
5.70869
-25.5719
26.5267
-47.7835
13.7394
20.948
-36.6597
-13.4039
22.6835
4.44205
11.2106
-7.38988
9.78293
-29.7639
4.42303
1.71017
2.18335
-4.88297
-16.8724
35.575
41.0616
-17.356
-15.6326
-37.7398
-42.9987
-20.6826
23.0726
-58.1436
-5.84823
-22.586
12.5669
-3.72722
-19.4053
26.4417
39.9494
41.1279
-32.39
-1.93091
-1.42899
23.0681
-35.326
-39.1237
30.7947
10.959
-10.9783
-11.8901
-2.38431
7.93054
-9.39964
3.80417
8.56303
6.94481
30.4485
-25.7821
26.3775
-39.452
-24.3209
-11.9651
12.3902
68.2117
-28.2767
-59.5486
1.97321
34.9907
7.51255
-33.8799
-16.0473
53.68
-40.6788
-46.8467
-8.46963
23.3539
24.0112
-21.579
-38.506
42.7054
42.0516
-13.4604
5.9094
-12.6343
-39.1883
-12.7811
34.795
-12.5251
31.7836
3.69221
-35.8788
-13.4388
0.771822
-7.24036
-22.0826
32.0137
51.9091
-14.2543
26.0425
-33.236
-49.6071
-28.0529
18.7594
-16.9444
87.1052
23.291
-11.3773
-12.3833
43.0809
17.354
-30.2516
-35.0002
-11.1487
13.0243
54.0017
19.0915
-30.9771
-55.7673
3.6089
15.5318
9.45694
3.0682
-30.5547
-17.0775
19.9851
38.1617
11.4276
-25.5391
-36.8424
-25.9075
40.4912
53.4366
-21.6497
67.9926
-26.165
-6.58783
-14.7594
1.39037
18.0429
-31.4594
20.7414
32.2515
3.85038
-5.12633
-21.5396
-42.0909
31.8457
41.6829
7.98396
-27.5181
13.0524
2.31028
11.0925
18.8858
10.3872
-7.4749
27.351
19.7329
17.5212
-11.9472
7.03011
-12.6421
-20.4104
-35.9423
24.4242
18.4484
2.16819
-22.3159
-6.85557
-15.1695
13.7373
9.80481
-22.3172
6.88236
12.9407
14.3366
6.64078
-4.55443
-27.9731
16.4895
35.4226
0.0866666
-19.3878
6.77224
-21.7461
-14.303
27.6884
-0.429007
-24.5934
-16.3998
31.1193
2.85163
-12.469
-6.23236
9.30176
9.75703
5.59051
-54.8705
-15.3437
93.6735
29.6705
-59.8407
23.9715
21.9931
-17.2946
-31.1687
33.3938
-6.86866
-12.8763
15.9914
24.89
0.429201
-15.6785
-25.3324
14.0954
29.0694
-3.84014
43.3207
26.6196
-18.9505
-1.41414
16.8838
27.0994
35.9163
-32.028
-1.76705
14.0673
30.5406
32.4398
-42.8376
-57.169
11.9369
6.80592
4.37997
5.79266
-14.8051
-18.4931
22.4968
24.2722
7.51318
-14.841
40.0429
3.38355
-3.36948
17.084
87.2247
-15.3423
9.50735
-12.8518
-3.71513
24.7148
30.3316
-20.6318
-0.116518
5.28006
9.24068
16.2666
-20.0793
-28.8126
-2.51755
-2.04012
24.722
-61.2414
54.874
71.855
52.5628
-14.053
-14.7196
36.5298
26.6446
11.5087
-21.5678
27.769
-0.391201
-24.5942
-5.41099
-4.88142
-51.7191
-0.924551
20.1002
-38.3534
54.1534
-20.6333
31.431
30.8956
-6.78739
-20.8494
16.9331
42.1633
-2.0286
-68.3078
44.279
-11.8069
35.251
30.5865
56.6284
0.530795
-11.5945
24.7754
13.1881
5.39383
-25.6797
-7.09268
4.62938
3.21845
31.9411
12.4349
-32.741
26.958
7.4523
28.0457
39.0263
29.1313
-19.1693
-13.2953
-25.5257
15.6209
43.4777
6.33503
16.876
-9.57136
-34.796
32.8957
-27.7032
-31.7692
-12.582
33.103
-48.0967
20.0075
7.6827
2.91193
-31.8395
49.7658
-0.949513
36.6428
36.0083
-10.517
-2.28154
-16.6179
22.4566
9.29171
-20.7318
15.887
13.9639
36.4881
43.114
-20.2525
19.1258
-0.277405
12.0811
-3.15065
-8.74481
35.7496
-20.7316
-19.6192
15.9453
28.871
-24.0591
31.2809
-0.552302
23.5928
9.56471
-18.6865
29.9975
3.80469
-5.80485
-20.2482
-21.5072
-31.735
-7.42614
24.4297
26.4373
18.7052
-0.576023
37.0647
-46.8494
-53.5612
38.8133
-39.2664
12.7312
-12.7846
-32.9896
-30.3696
-34.0705
-0.390526
-5.68723
-0.618475
15.8669
-51.2031
-51.5524
20.1734
30.1412
55.7475
-6.23563
-12.2688
2.7449
22.3207
-38.0805
-6.68007
-28.5826
4.5278
-3.44098
-66.5381
37.6769
54.0261
39.9438
2.18526
-24.4098
23.7581
15.9189
19.3832
23.4175
26.956
-10.3001
-25.7626
-16.0172
8.66455
41.1506
12.2991
-45.6823
-6.11003
-17.0814
-15.8107
17.6338
17.0139
5.64452
11.9247
10.9703
-1.64457
-23.0526
-8.36278
-14.6695
-1.84149
23.6598
-33.1089
6.54892
-1.19338
12.0096
1.47146
8.30313
-6.74958
13.9251
21.6503
5.80386
31.7027
-7.77065
30.2713
15.4243
-28.9157
-52.8024
11.9306
-29.7289
-24.532
-5.31565
-11.1041
0.601802
-17.9472
-18.8489
-10.7424
12.6301
-22.8575
-18.4889
8.22934
15.5974
52.8045
-31.8301
-4.00893
-46.8751
-32.4067
-48.3798
5.76099
8.58379
6.87999
9.55585
-30.9442
12.4851
12.3587
-7.35589
-7.82029
-15.3933
44.1633
26.1864
56.199
23.0212
-9.72419
-55.7398
-11.0164
-31.4002
-3.40419
10.1374
14.6783
-20.9546
21.0225
43.8062
12.3951
32.7965
-52.239
-5.08448
34.671
24.0271
37.2594
65.7924
-0.916848
-33.4875
-49.4521
4.95143
7.83146
-40.3389
16.6387
3.53406
-36.8395
8.34259
49.5632
50.2864
42.6259
-38.7404
-38.7834
3.57994
12.8181
35.5278
-12.0809
12.6246
90.6727
50.5925
25.7072
-46.6037
23.6806
24.3826
38.9824
31.7238
-39.2374
-37.7341
28.6653
6.37364
-2.9629
-24.7529
-34.7582
-26.2175
-17.1629
-10.1012
-6.87177
-22.8053
42.8954
10.9742
15.7822
-15.7884
-11.6139
-34.3229
-59.165
-41.7987
53.0856
21.4531
-30.9121
30.637
40.899
-1.89112
-45.0157
-14.3101
13.9326
51.3469
14.8398
20.0488
-8.37473
-19.4522
-2.0802
-1.1571
12.1348
-27.9718
-51.7705
-24.5458
9.44285
22.7426
5.33023
29.8236
18.4282
-0.554514
-6.3265
11.909
-8.94772
18.5568
9.32123
44.579
0.455968
-0.296936
-23.9719
-24.7325
34.1413
38.9199
-4.21056
-36.8686
-29.1692
10.465
-26.7697
7.42719
-36.2485
-25.0276
12.1524
-44.7077
-23.8771
4.23131
24.0053
-1.97435
40.9843
14.6193
53.0009
28.1964
11.6649
4.04102
60.3287
-16.7917
-37.2787
-3.23075
36.6798
31.1418
25.5486
-40.8016
-28.2854
58.2173
39.6868
53.0197
-35.4153
-29.8138
37.4437
12.9806
3.31905
-8.5561
10.8779
16.3327
3.42774
20.2652
16.4875
-9.14862
-41.7388
6.0797
-4.08969
19.823
24.9302
-13.4769
-33.6227
1.99481
49.4628
53.6645
-6.01398
-10.2696
-21.6419
17.4674
10.7053
-2.42887
-10.139
5.95906
-2.75865
-3.63874
20.1686
-13.4297
8.24464
7.70916
-6.86518
-21.6333
-12.335
-9.20918
-14.5723
-10.7825
10.3003
4.65276
23.0227
-11.4379
-3.26805
5.35773
-19.0501
33.5035
1.51383
-9.33174
1.63178
5.16608
-24.6305
-3.90609
30.5481
24.9313
-12.9695
-34.3547
18.0982
16.7276
6.28466
-36.8925
6.83162
20.0012
-35.7369
-38.4231
-6.26472
15.8482
-29.8956
11.9737
15.5747
23.5442
-10.2127
7.08327
-2.31084
-12.2584
-22.168
28.6191
-41.5036
33.9308
40.3711
-1.73831
15.7978
24.5981
-30.0897
-38.7758
-14.7572
-7.61114
-9.12998
48.2492
50.6861
12.7847
13.4786
46.3843
3.1886
-12.2022
-14.5713
-8.71926
-15.5312
50.663
24.3597
12.3352
-24.9236
63.3374
15.6997
11.7008
-3.76735
-2.92726
-39.4604
15.3549
-9.75117
3.14132
15.0207
12.8991
-43.6133
-40.5602
-39.8455
5.4532
-20.2932
-17.2613
-4.51696
11.8612
30.5325
-1.92026
54.9907
38.2909
51.4648
10.5742
12.6863
-53.9735
-14.6834
-19.8648
-3.02869
-12.3211
-2.74977
-18.2137
-19.1484
35.2793
-7.51072
-69.8168
-39.4862
-39.9407
-11.072
-16.3848
4.21571
23.9672
16.4356
-7.76727
-19.1912
1.76362
-44.4464
-16.4561
2.56642
-12.6804
-8.50115
18.2857
72.7958
48.4341
-26.7409
22.7358
12.3964
29.2973
12.6766
6.23322
9.0528
-2.08134
-1.68342
10.9887
32.8767
-26.9766
2.60198
-9.76627
-3.08227
39.4788
10.6801
42.871
8.7077
-27.1517
0.652669
-6.11673
0.338353
14.325
9.73351
-18.8459
1.19559
-23.3645
-6.51231
5.57003
1.43936
-54.9301
-12.6134
-28.5805
-13.257
-4.90114
38.4696
11.4374
20.6136
1.62115
-28.7534
-32.5939
8.73579
32.4469
-19.4911
-43.8824
-19.8252
-22.5769
-36.0422
20.039
33.1929
-0.94181
27.3324
-4.93476
15.3022
15.4958
11.3178
20.7208
-5.5443
26.9745
28.1511
-29.5338
-7.29588
-35.9352
-21.1928
-6.79665
6.95481
33.7483
43.489
20.4232
31.3433
21.7332
16.528
17.6677
-24.5066
-15.5785
29.6368
-21.4122
14.7739
-8.13211
-14.9075
-34.7268
10.1693
-13.2228
16.837
55.044
44.2205
48.2692
5.87548
-11.1413
-0.345273
11.5074
-18.1429
7.0547
12.9226
-45.1115
-25.0083
-8.61559
-28.507
-23.3934
47.7976
41.4271
52.0641
32.7542
-7.52627
26.5644
28.6058
6.50367
18.8955
-21.3259
-45.485
-33.8788
-67.2645
-17.6701
43.1183
9.33403
-13.7194
60.5135
19.0219
-9.23051
-27.7269
-9.96883
-11.1335
15.0237
7.83416
42.5744
44.3951
18.4238
-4.74858
12.6638
-45.8516
-46.4979
28.2624
6.12801
38.8973
20.261
-11.4859
-9.4789
-67.0997
9.62812
36.3928
23.6597
21.1268
-16.4763
14.6483
55.0866
28.0083
26.9279
-3.72325
-18.8726
-21.2527
-13.9053
-16.8864
12.48
17.1505
25.5368
-11.9801
4.99364
22.8826
1.32748
18.8538
13.0645
1.74065
-30.2635
-17.1407
7.01955
-9.03165
1.67686
35.1347
-9.75341
9.2436
11.0033
7.79145
-17.7047
7.34312
35.0396
3.40478
-3.38583
-11.4723
-13.8758
4.53926
19.752
14.2909
-5.18852
-8.14349
16.7576
-0.570877
-0.579247
7.41138
-38.817
13.6797
-6.59544
9.41539
22.7886
-28.0806
-30.3945
-47.026
-13.8133
4.41294
-42.7045
-28.2126
-32.3979
-12.2244
10.5613
50.6191
38.55
25.0867
12.193
4.36431
62.4108
16.7375
51.7138
-42.2382
-67.0635
-1.31789
2.01797
-5.42926
-8.68457
-2.30589
1.88502
38.446
-0.352368
-17.2805
-15.4346
-6.4494
54.9144
17.1174
-6.54488
-12.5328
-6.24954
-63.6748
5.53172
-44.0859
-29.7025
-34.5557
54.9059
-13.1668
-0.885621
5.36917
-40.3029
35.0221
-19.9768
-14.3413
3.05767
6.39837
6.23787
23.2737
-21.5473
-29.0304
-12.1732
-25.4477
-35.1941
-40.8208
-15.2924
2.10148
21.9159
-8.64532
4.38718
35.0952
47.2638
2.14623
33.5131
2.12406
30.9386
45.8465
21.057
29.3587
6.77802
8.12471
1.58581
-7.3904
27.1124
8.36127
-43.7096
-52.6285
-11.8071
-12.0835
15.5688
36.6664
59.3687
33.7893
66.8693
27.0347
29.2892
34.8994
28.8987
44.5652
30.1182
-8.01735
-12.4927
4.82216
3.12798
-17.5387
-20.6572
-37.4103
-32.5454
-19.2743
8.29549
36.4583
22.6224
-40.5604
-1.99242
-18.6203
-29.1204
-12.4759
-1.22561
-31.8279
-9.42703
8.45756
20.2247
11.5294
-12.2331
-14.9848
22.1478
48.3388
32.6681
36.8344
20.8773
-1.16949
1.25173
-0.892376
-24.5549
-10.9577
28.391
-18.0613
-36.5213
6.28056
-6.78617
7.62132
58.3715
47.3362
47.2345
10.5997
-28.8043
8.65311
20.4894
1.12632
7.49703
-6.38486
-2.74612
0.637192
37.8376
-4.79828
24.3104
-50.3946
-51.6107
9.62651
-29.9182
-10.2173
-17.9146
-20.1315
-13.1797
-0.0944052
10.2156
-2.6918
13.4857
-4.9971
-37.8881
-26.5112
64.1852
-13.9097
4.08781
57.4431
32.1725
69.5535
52.3929
64.759
11.4327
48.1457
32.2934
27.9649
12.9734
-33.5887
-22.6626
23.2284
-29.6036
-17.549
22.0932
15.5647
-48.2464
-32.3137
-43.4029
-8.72086
-46.6619
-4.26681
-8.82121
11.8412
41.9688
-47.0688
0.078608
-70.9664
-66.29
14.268
20.4727
11.9196
5.71951
5.82677
-4.20654
-14.7406
-3.23234
-0.777827
7.40568
8.6142
-17.5056
-30.9671
26.2711
-23.8288
-32.0531
-10.7567
16.6474
-30.0913
6.69099
18.506
-4.82378
-17.9908
-64.2301
-16.0837
7.04128
-4.73485
11.1613
-10.469
-39.5026
-37.7209
9.75318
31.4282
30.3266
22.7357
7.11437
-38.2255
4.57
-21.9984
-18.4384
-9.90882
-30.8572
-1.30087
-13.7859
3.97359
8.34262
31.7558
12.694
-2.28951
1.42477
0.596869
1.68575
-32.9774
-21.6824
-7.01002
1.97564
11.1661
8.85345
13.5226
4.54706
-2.62026
22.2012
-2.91163
19.6206
-10.9107
64.1515
48.9726
-26.6965
21.0638
-24.9669
-6.79788
8.06869
27.8414
24.8402
-8.54122
6.32791
20.1719
24.798
37.8238
42.8051
62.5916
43.6871
-36.6001
33.382
-29.6016
-12.4305
1.70568
30.1688
-46.8596
-13.7327
4.64051
6.28913
-11.8779
-3.44227
54.3583
0.687596
-16.4251
-22.7425
-32.1622
-10.0312
3.3071
8.63405
8.37411
66.0679
34.5995
50.1112
17.9435
-50.0287
-15.5898
-18.2683
28.8592
23.9274
-8.91348
25.1311
-3.69308
-0.948843
5.00936
-2.27019
-21.8353
-12.8503
24.9446
-25.7917
-32.3229
27.5588
10.8049
-9.00175
-55.2381
-40.3857
-13.0788
-35.2877
-7.25748
-28.7647
-23.9665
-0.391271
-24.6815
4.11481
23.5146
19.7456
11.3464
6.83994
46.6953
6.88536
-13.2178
28.5192
-16.2801
19.4317
-0.625602
-16.2876
-22.5312
-10.8252
5.13319
27.6232
21.8671
-1.76515
26.3771
-90.9098
-17.9948
22.7503
-62.1812
31.8809
-2.89111
10.1639
10.1993
-1.17292
-3.69199
13.1206
16.2595
13.8149
53.6979
12.1141
0.741081
-51.5784
37.5335
7.3943
-55.7309
3.51018
-32.2952
-5.65029
-18.9423
-21.9232
35.7322
11.0139
-3.48952
17.7779
43.9452
68.2476
-7.76529
39.6676
39.7236
32.0724
33.5531
-0.639454
-0.353147
11.3475
19.5183
30.6003
26.0735
44.372
40.4917
-9.72998
26.6306
14.6338
48.1439
46.2884
-8.49675
-11.9563
-1.93585
1.71424
5.90657
13.7638
22.5388
4.17028
0.914711
-3.2404
-1.38871
-11.5216
-43.3866
11.7745
-3.7713
-43.8269
42.6687
-1.08222
78.3465
-8.22101
-38.3681
12.2246
2.76825
33.9045
5.23031
-1.74159
22.8487
18.8165
21.573
-6.26923
-12.9327
71.7713
86.0432
23.1743
58.7913
47.882
32.8611
31.1593
-1.02212
22.4298
19.9419
29.9042
-8.00645
29.6364
6.72178
-5.85008
32.7575
-23.4946
41.2968
-24.8261
-48.7252
-70.8754
-31.3604
-50.1231
-28.1539
-3.515
8.71879
14.4836
-23.0126
-26.7684
-16.8284
18.1809
-5.36547
30.7102
-3.3163
-16.1571
-22.4522
7.26231
11.9154
33.8506
56.454
42.0739
-23.3371
37.9669
1.99853
9.90079
4.36342
-5.92318
-9.09217
-32.5477
-23.4372
-26.1895
-10.0558
15.5314
10.7668
78.2156
83.5378
27.569
30.6601
27.9092
8.06786
6.67303
-9.63663
15.4663
43.3676
8.15121
-0.548835
-11.209
45.4107
25.04
-13.393
-18.0937
-7.95337
-21.7161
-36.5696
-47.3391
-72.993
-46.2631
-47.1555
-78.772
-8.88696
-13.9549
-27.9038
-34.95
-16.481
25.662
15.3985
-27.0357
22.5644
-13.2378
-12.0507
-4.83893
22.6389
-1.77679
-6.80912
-10.6553
-34.0396
-19.0517
12.5056
-10.8654
53.6217
32.2014
15.838
44.3975
61.4424
-18.415
-17.1407
-9.24879
8.0975
18.6971
-0.173486
10.0048
11.6329
-24.3931
-6.72989
-20.8424
7.34647
14.7117
-21.8654
16.9888
8.31458
-2.02066
-9.4861
-16.9805
-30.4526
0.362102
-48.8841
-54.8542
-5.8726
-32.0262
22.0867
-41.5778
-45.4347
23.7141
-42.7025
51.3402
4.61185
-17.7523
3.701
2.43344
-9.62973
-20.9521
-17.6375
-42.5614
-34.4033
-5.64972
-26.9799
1.20392
-1.81557
-11.8952
-28.3839
-54.0091
12.3004
9.70628
-8.26198
48.2531
6.10223
62.3293
58.8653
13.2277
0.0996072
-17.6008
-14.287
-43.2682
-68.9167
-31.3183
-30.889
22.3639
12.8679
-19.1442
20.2206
9.76109
3.47088
-4.52385
-7.73417
25.4433
-14.6833
29.7868
38.4304
13.3769
10.935
15.0277
-5.43374
-7.99888
-5.42591
-34.8204
-36.5983
-29.6831
-30.1852
1.77113
-15.5597
-2.66612
0.120106
-26.9738
-43.8677
-31.9218
-30.9168
0.125471
-1.64111
2.77376
18.2749
25.7357
14.5605
55.6499
53.8112
-13.8538
-43.5883
28.3782
22.8103
10.9618
-16.42
23.7768
-40.5413
-15.8126
0.735762
-1.38737
16.6968
-8.38167
28.0219
36.8603
-5.59211
-7.54824
-13.9331
-12.4262
-4.14103
10.2803
15.2231
5.04737
30.1564
35.7742
36.6979
62.6238
23.1509
43.2532
39.6071
19.0939
32.8561
-1.14017
34.8674
36.9222
-18.9614
-23.7351
-5.68858
-36.9843
-30.2931
39.7491
53.2663
12.74
5.48576
-3.782
-34.1397
-79.0285
15.9671
-16.1712
16.3437
26.6995
22.8288
-6.70625
13.4228
-4.30397
-36.9728
-87.4421
22.9342
-28.5531
11.0823
5.66288
-10.9897
-1.38833
39.1976
-41.6227
-56.4477
-27.0726
-31.8124
-49.3977
-4.7517
-24.6371
-53.7623
10.9642
-38.2783
-4.00823
24.5969
54.0417
-20.0571
19.6959
-1.68721
-9.20458
-14.1122
-16.7852
-2.19152
41.2372
24.5331
-41.0202
44.2492
28.8945
-45.1324
-36.2018
13.7797
-25.1388
11.0816
-24.2773
23.5828
33.8706
-56.768
18.2516
-8.92308
1.55317
7.9927
3.47708
6.8209
12.6352
12.5561
10.3291
-12.7568
7.17652
-16.0621
-29.0988
-17.8554
-51.5783
-43.4496
62.675
29.3425
7.80968
50.4952
39.0158
0.907418
-10.8044
-13.9871
-11.2914
-15.1371
-21.6751
-5.99234
-1.20944
-19.7838
-1.53316
50.6201
32.9031
12.9743
13.7181
5.78341
-29.449
-32.6971
-25.1569
-0.372753
-15.0248
6.08281
-0.824249
-5.63166
21.7314
26.2799
19.7656
50.037
46.879
34.7366
47.9948
-45.1167
-28.6263
-16.0187
-30.1927
-33.7558
-10.1846
-6.34471
23.7414
0.629679
-55.0263
-46.8783
-39.1102
7.20248
-5.8367
-37.7228
-10.4189
23.7339
-5.67826
6.47431
21.8957
13.2659
11.648
-6.39892
-18.9693
-28.4333
0.130916
-48.1241
38.4166
49.1605
26.5032
16.7827
51.6833
-42.2821
-29.4323
39.2379
14.7789
23.7914
-18.3817
-19.6868
-5.82513
-42.8467
-39.8692
11.9091
-15.7592
-66.1899
-2.14876
2.67661
3.84923
12.3051
5.89317
-27.2942
-23.2426
-5.29094
-44.2409
-44.9928
39.8005
8.58802
-18.596
9.49426
11.8288
-4.71775
-12.3978
-10.4292
-24.0834
-18.3786
-26.3533
24.8191
-44.887
-26.9489
-9.27511
24.0204
1.66113
4.43034
41.9531
42.689
12.7464
-47.2547
32.8335
2.1699
-15.8093
-14.5939
15.5425
-22.826
-8.45657
5.30178
-6.63213
0.95878
10.4101
9.40242
8.15633
31.1972
58.4729
-51.3283
-32.4227
-16.7358
9.05909
13.6297
-14.8061
9.3356
18.0754
-24.9806
-19.0931
17.9551
-13.3406
-5.95901
-0.257613
18.8797
-33.2145
0.400049
43.1175
39.7044
2.73992
-7.62125
18.488
-9.577
-18.37
-24.0249
56.2763
-10.316
15.8899
28.4903
37.6128
-16.6882
0.168817
6.40255
4.44907
-8.87429
22.0658
23.5624
3.4194
-2.23224
-16.9555
-32.6642
3.26869
-52.8992
-56.5008
-23.0066
-26.001
-49.952
11.8626
26.6059
41.1276
9.38232
13.9383
0.00775099
-1.74963
-8.23259
-44.4139
-12.8508
32.741
31.6866
-7.92656
3.45346
39.6472
-17.2089
-32.2077
-31.6456
-23.9707
-51.1554
-35.1325
32.0249
51.8068
-4.3487
24.9413
23.4314
-32.809
-40.5747
58.8952
32.0904
16.7261
39.7516
40.3271
-0.798462
4.13768
16.1482
31.788
30.9328
4.26794
21.3383
-57.2104
-42.8501
-21.9982
-21.6616
-54.0985
24.0527
-7.18837
-17.0199
29.1828
-7.32934
4.12271
-19.6832
-23.02
23.4613
-12.8009
-36.355
28.4802
44.7556
-51.9592
13.168
68.1027
8.50503
-17.2231
28.1782
42.3198
58.9966
9.40831
-11.4118
36.741
18.6167
-31.1361
-46.8856
-0.101283
-4.08007
-26.2224
5.7352
42.1504
26.6685
28.6232
19.9321
15.4473
-25.9379
16.5067
29.4286
27.804
-11.9156
-35.8295
41.2035
37.6156
-6.9897
-17.4281
14.8668
-52.8117
-42.3411
17.4915
-14.8569
-58.0561
11.8639
-2.171
-32.6778
-9.09076
35.8206
-23.6989
-32.4839
-15.8594
21.0989
13.192
52.1088
54.048
21.1953
-15.7565
-56.0968
48.699
30.4334
-43.3766
-26.262
-68.7792
42.5578
38.186
-13.1775
-33.2038
29.1659
-8.17893
-39.2538
-38.813
5.59504
-25.5947
16.8586
29.3347
23.1818
-23.7772
-27.6373
-6.80783
-2.56306
-0.451323
-61.9053
-47.2073
6.05724
-64.7945
-74.821
-40.1685
10.0594
-22.9553
-37.0139
-30.5071
-16.4796
-27.5174
31.3914
12.2129
0.699388
-26.8366
-42.1597
27.9618
-23.2001
-42.5665
2.84602
-31.3477
18.7271
26.5113
17.7784
-15.3546
3.81014
15.4307
-15.843
-23.6578
-11.4003
-9.20033
-7.4164
-2.7209
1.82802
-3.06106
-19.3608
4.83308
8.81207
25.1903
-2.06056
-68.7192
59.8036
34.9196
-6.89668
-3.92362
13.28
14.2965
-18.4733
2.19082
-7.73963
-34.2216
14.9212
33.1166
5.22853
-11.6886
-44.8604
45.388
-5.68845
-13.5862
-11.3339
8.52236
28.7463
-36.6675
-78.5636
-73.6578
-11.9793
16.5404
-16.4001
-51.2297
-48.0595
-2.25973
-48.5026
-59.2905
27.2099
38.6067
34.208
-29.415
