0
3.48886
-0.240951
-3.54974
-4.53471
2.48567
-0.355017
5.55119
-4.81899
-0.0747146
-3.18092
-1.25526
-6.92514
-0.00805324
-1.13739
4.59015
3.31473
-2.6767
-1.24431
-3.9274
0.366659
0.0912657
-1.5418
-0.0485009
-5.38878
4.78055
-5.35052
-3.31159
1.96809
-1.31637
-4.66508
0.913357
0.152611
-1.03656
4.43372
1.30366
-2.79791
2.68449
5.77072
-4.63593
5.68889
-0.210241
1.61538
-0.0417917
-0.0547083
3.86561
1.60368
2.84365
-3.06804
-5.05235
1.53416
-0.205944
7.18091
1.23077
3.17921
0.398704
5.2576
-5.72384
-0.369259
-3.21049
4.11611
4.17704
0.578537
-3.46182
