2.71568
2.75125
3.45826
3.38222
3.69414
5.51058
17.5731
-5.03187
-3.13246
-2.23756
-0.183317
4.3363
5.38128
-0.0960235
-7.91147
-0.196237
1.27574
-1.66595
-1.36317
1.30382
-0.127887
-0.00612696
0.0161301
-1.42551
-0.930404
1.04848
1.46413
-1.15982
-1.36218
-0.168786
-0.0890854
-0.596024
0.639969
-0.20162
-0.353871
-0.00386978
-0.534344
-0.200302
-0.0384355
-0.191597
0.531948
-0.0789917
-0.430134
-0.129279
-0.429833
0.0994556
0.341949
0.0665897
-0.114036
-0.114576
-0.364443
0.132378
-0.474004
-0.0954787
-0.356013
0.0364265
0.438003
-0.0402822
-0.319496
-0.10374
-0.527778
-0.0369888
-0.152158
0.0665979
0.557352
-0.0911098
-0.332109
0.0877844
-0.469562
0.110695
-0.295264
-0.109332
0.249446
0.0999846
0.539481
-0.0828688
-0.408196
-0.0872923
-0.111534
-0.0969025
-0.0426373
0.0573094
-0.224167
-0.0095609
-0.451597
0.00796295
-0.238595
-0.110092
0.367564
-0.00677745
-0.46307
-0.122888
-0.274661
0.13082
-0.195255
0.0784537
0.0475495
-0.0448975
-0.169063
0.148472
-0.788913
0.252066
-0.133305
-0.240383
0.563166
0.0941408
-0.154171
0.0593707
-0.425863
0.0667933
-0.218587
-0.0825902
-0.0916792
0.185322
-0.230055
-0.0821763
-0.339033
0.0365394
-0.20579
-0.0384864
0.369848
0.0676347
-0.182219
0.0722781
-0.495206
0.0500906
-0.232005
0.0271372
1.30943
0.0384931
-0.151333
0.0682227
-0.38445
-0.0519373
-0.371783
0.109766
0.335459
-0.0830046
-0.219368
-0.124858
-0.396002
0.0491479
-0.153023
0.0244388
0.0285872
-0.0912687
-0.294069
0.246306
-0.240497
0.171576
-0.277084
0.0893036
0.411092
0.0422029
-0.205524
-0.0250376
-0.409341
0.125523
-0.661858
-0.054206
0.121529
0.0744834
0.231207
-0.00146625
-0.486672
-0.0262945
-0.586169
0.243277
0.265864
0.363052
-0.505064
0.186308
-0.411183
-0.221645
-0.316137
0.0659194
0.0571026
0.0790839
-0.210686
0.0952629
-0.621162
-0.105694
-0.253771
0.00781313
0.398305
0.049957
-0.251903
0.0158707
-0.366376
-0.095227
-0.0234309
0.0894898
0.658322
-0.0362327
-0.401768
-0.0333858
-0.575161
-0.0364799
0.143292
0.0658982
0.446862
0.00945733
0.235212
0.186127
-0.549606
-0.120974
-1.09876
-0.16971
-0.0711547
0.0626581
-0.142164
-0.0285275
-0.514346
0.0266215
-0.142071
0.0827195
0.321651
0.00786429
-0.0801303
0.187796
-0.366472
0.192051
-0.286477
-0.0173199
0.107831
0.158514
0.0131513
-0.173985
-0.523388
0.0473189
-0.22355
0.061642
0.32178
0.146991
-0.404339
0.130917
-0.499416
0.00162442
-0.225301
0.0834409
-0.00233405
-0.0246482
-0.143699
0.00158954
-0.507585
0.0587466
-0.477804
-0.0593458
0.410502
0.0109591
-0.119891
0.0343767
-0.450895
0.00570096
-0.195703
0.0300678
2.71568
0.0300678
-0.195703
0.00570096
-0.450895
0.0343767
-0.119891
0.0109591
0.410502
-0.0593458
-0.477804
0.0587466
-0.507585
0.00158954
-0.143699
-0.0246482
-0.00233405
0.0834409
-0.225301
0.00162442
-0.499416
0.130917
-0.404339
0.146991
0.32178
0.061642
-0.22355
0.0473189
-0.523388
-0.173985
0.0131513
0.158514
0.107831
-0.0173199
-0.286477
0.192051
-0.366472
0.187796
-0.0801303
0.00786429
0.321651
0.0827195
-0.142071
0.0266215
-0.514346
-0.0285275
-0.142164
0.0626581
-0.0711547
-0.16971
-1.09876
-0.120974
-0.549606
0.186127
0.235212
0.00945733
0.446862
0.0658982
0.143292
-0.0364799
-0.575161
-0.0333858
-0.401768
-0.0362327
0.658322
0.0894898
-0.0234309
-0.095227
-0.366376
0.0158707
-0.251903
0.049957
0.398305
0.00781313
-0.253771
-0.105694
-0.621162
0.0952629
-0.210686
0.0790839
0.0571026
0.0659194
-0.316137
-0.221645
-0.411183
0.186308
-0.505064
0.363052
0.265864
0.243277
-0.586169
-0.0262945
-0.486672
-0.00146625
0.231207
0.0744834
0.121529
-0.054206
-0.661858
0.125523
-0.409341
-0.0250376
-0.205524
0.0422029
0.411092
0.0893036
-0.277084
0.171576
-0.240497
0.246306
-0.294069
-0.0912687
0.0285872
0.0244388
-0.153023
0.0491479
-0.396002
-0.124858
-0.219368
-0.0830046
0.335459
0.109766
-0.371783
-0.0519373
-0.38445
0.0682227
-0.151333
0.0384931
1.30943
0.0271372
-0.232005
0.0500906
-0.495206
0.0722781
-0.182219
0.0676347
0.369848
-0.0384864
-0.20579
0.0365394
-0.339033
-0.0821763
-0.230055
0.185322
-0.0916792
-0.0825902
-0.218587
0.0667933
-0.425863
0.0593707
-0.154171
0.0941408
0.563166
-0.240383
-0.133305
0.252066
-0.788913
0.148472
-0.169063
-0.0448975
0.0475495
0.0784537
-0.195255
0.13082
-0.274661
-0.122888
-0.46307
-0.00677745
0.367564
-0.110092
-0.238595
0.00796295
-0.451597
-0.0095609
-0.224167
0.0573094
-0.0426373
-0.0969025
-0.111534
-0.0872923
-0.408196
-0.0828688
0.539481
0.0999846
0.249446
-0.109332
-0.295264
0.110695
-0.469562
0.0877844
-0.332109
-0.0911098
0.557352
0.0665979
-0.152158
-0.0369888
-0.527778
-0.10374
-0.319496
-0.0402822
0.438003
0.0364265
-0.356013
-0.0954787
-0.474004
0.132378
-0.364443
-0.114576
-0.114036
0.0665897
0.341949
0.0994556
-0.429833
-0.129279
-0.430134
-0.0789917
0.531948
-0.191597
-0.0384355
-0.200302
-0.534344
-0.00386978
-0.353871
-0.20162
0.639969
-0.596024
-0.0890854
-0.168786
-1.36218
-1.15982
1.46413
1.04848
-0.930404
-1.42551
0.0161301
-0.00612696
-0.127887
1.30382
-1.36317
-1.66595
1.27574
-0.196237
-7.91147
-0.0960235
5.38128
4.3363
-0.183317
-2.23756
-3.13246
-5.03187
17.5731
5.51058
3.69414
3.38222
3.45826
2.75125
