0
4.03519
-0.322377
-3.84168
-4.59981
2.62343
-0.401173
6.13065
-4.92214
0.235424
-3.22424
-1.28329
-7.36601
0.393715
-1.36822
4.80914
4.06354
-2.85808
-1.6334
-3.96462
0.23117
0.408417
-1.63041
-0.171827
-5.59177
5.40258
-5.82293
-3.45804
1.9946
-1.45098
-4.86877
0.876722
0.152662
-1.14837
4.51821
1.46301
-2.89839
2.64737
6.28472
-5.22842
5.85706
-0.0765407
1.60889
-0.318671
0.0604871
3.99553
2.04109
3.07954
-3.71992
-5.28209
1.756
-0.586043
7.79596
1.33982
3.3747
0.27944
5.44731
-6.33459
-0.481187
-3.34711
4.09846
4.36825
0.804269
-4.16077
