-0.326348
0.908584
0.34826
0.220051
-0.709092
-0.599501
-0.863591
0.642204
0.10313
0.403807
-1.12965
1.08936
0.616283
-0.697506
-0.701501
-0.933225
-0.474764
0.0627989
-0.107184
-0.557794
0.25872
-0.738422
-0.366562
-0.173179
-0.128831
0.589037
-0.577832
-0.0225883
0.217983
-0.772877
0.359686
-0.590949
-0.876031
0.949601
0.92057
0.544281
-0.45331
-0.808698
0.455261
-0.116564
-0.825398
-0.138256
-0.977303
0.841546
-0.466099
0.485428
-0.27717
0.0944284
0.0952852
-0.473517
1.06167
0.667948
0.827167
0.687356
0.130165
0.781242
-0.841772
-0.601686
-1.0273
-0.501622
-0.140936
-0.440747
0.689329
-0.36991
-0.397625
0.0186879
-0.825917
0.707473
-0.779191
0.968482
0.549719
-0.56886
-0.907813
0.63569
0.439505
0.319418
0.420434
-0.918891
-0.326075
-0.635894
0.737451
0.221112
-0.38628
-0.858314
-0.324056
-0.372648
0.576412
0.212142
0.833736
-0.149748
-0.789084
0.582385
0.551656
0.0122086
0.452873
-0.128408
0.0639158
-0.124361
-1.03424
-0.637456
-0.887725
0.333964
-0.293133
0.0925894
0.827582
-0.440424
-0.0794456
0.601237
-0.567055
-0.95415
-0.317589
-0.483838
1.02588
0.523924
0.271482
0.775473
0.477025
-0.591267
0.846128
0.0172452
0.557243
0.574985
-0.426201
-0.736957
-0.471129
-0.00319719
0.655437
0.725905
