-0.316268
0.854646
0.37092
0.186577
-0.717421
-0.644372
-0.900738
0.713472
0.133001
0.438147
-1.14187
1.05418
0.677996
-0.703999
-0.6608
-0.812931
-0.490763
0.0294992
-0.113126
-0.442617
0.221516
-0.807495
-0.405556
-0.229318
-0.120169
0.580834
-0.591926
-0.00571524
0.241659
-0.864212
0.374629
-0.664428
-0.92307
0.963469
0.940468
0.611093
-0.481708
-0.877338
0.494382
-0.0857649
-0.862855
-0.0752997
-0.999881
0.899916
-0.448276
0.466698
-0.262013
0.0884664
0.131282
-0.548228
1.06798
0.667415
0.85481
0.765625
0.112574
0.823147
-0.865521
-0.658367
-1.04491
-0.455605
-0.166598
-0.496716
0.770907
-0.305951
-0.422232
0.0545371
-0.826336
0.710799
-0.837901
1.07073
0.616621
-0.594012
-0.94744
0.615531
0.452674
0.371591
0.46861
-0.984742
-0.364612
-0.710707
0.710823
0.187464
-0.460842
-0.954261
-0.350724
-0.3648
0.60645
0.314962
0.869997
-0.166129
-0.849046
0.570313
0.560477
0.0405167
0.466324
-0.119798
0.110805
-0.180599
-1.11848
-0.741991
-0.918436
0.359569
-0.323392
0.0802539
0.825914
-0.507101
-0.124722
0.595318
-0.56877
-0.850813
-0.344754
-0.486893
1.08511
0.719449
0.287517
0.835322
0.490474
-0.691775
0.946113
0.0186597
0.623793
0.63586
-0.44992
-0.810633
-0.456848
-0.036865
0.71956
0.708278
