-0.241309
0.93268
0.410176
0.248821
-0.710092
-0.708486
-0.882716
0.881616
0.259501
0.327623
-1.02019
0.924232
0.647013
-0.664726
-0.722652
-0.642023
-0.466797
-0.0154803
-0.15682
-0.458742
0.242037
-0.842804
-0.393784
-0.229373
-0.0877301
0.601975
-0.636418
0.116034
0.205489
-0.992582
0.215204
-0.722848
-0.830206
1.03226
0.954008
0.682197
-0.445045
-0.877668
0.410761
-0.138104
-0.742469
-0.039105
-0.89379
0.961637
-0.488725
0.346954
-0.356693
0.122914
0.183242
-0.603768
1.07024
0.632275
0.849438
0.758181
0.204555
0.783903
-0.962934
-0.772505
-0.896131
-0.31378
-0.180264
-0.439922
0.673105
-0.310678
