-0.26272
0.986931
0.614521
0.285015
-0.773948
-0.877314
-1.02527
0.775521
0.147019
0.422093
-1.02083
0.959798
0.720134
-0.644334
-0.769067
-0.484415
-0.365446
0.107442
-0.104237
-0.412224
0.287016
-0.824791
-0.479548
-0.325829
-0.000870465
0.387973
-0.530017
-0.0224886
0.270085
-0.921158
0.230115
-0.644405
-0.91514
0.859296
0.976179
0.624179
-0.352065
-0.874502
0.269728
-0.08573
-0.742519
-0.0171279
-0.89106
0.860435
-0.456397
0.307572
-0.54611
-0.0334276
0.128625
-0.64134
0.980564
0.602241
0.985167
0.87084
0.276847
0.826237
-0.949816
-0.706325
-1.01134
-0.309464
-0.221557
-0.401776
0.673503
-0.297785
-0.442691
0.113913
-0.803393
0.643895
-0.866333
0.977041
0.44295
-0.601741
-1.04852
0.675979
0.415702
0.592137
0.606377
-0.900361
-0.459654
-0.708311
0.812363
0.196383
-0.290948
-0.849587
-0.500357
-0.30984
0.524032
0.313172
0.817789
-0.123818
-0.753849
0.54371
0.551215
0.100048
0.624787
0.0877455
0.0637619
-0.0713012
-1.02448
-0.724193
-0.957077
0.209523
-0.484351
0.0690935
0.759087
-0.487625
-0.247672
0.625093
-0.618877
-0.939406
-0.379052
-0.730469
0.748568
0.635537
0.323967
0.803702
0.523758
-0.748895
0.772758
0.0210139
0.660915
0.810032
-0.211458
-0.84767
-0.541782
-0.204448
0.576517
0.646102
-0.946508
0.0968912
-0.0373356
-0.448464
-0.697219
-0.364046
0.972846
-0.447107
-0.0203763
0.385263
-0.151387
1.00617
0.954895
-0.545471
-0.111308
-0.453583
-0.457057
-0.863934
0.254252
0.00338059
-0.919702
-0.490336
0.943659
-0.609592
-0.840794
-0.0142129
0.981076
-0.408187
0.232744
0.572379
-0.456579
0.355627
-0.192923
0.270582
0.216887
0.0833511
-0.808039
0.68158
-0.487733
-0.635136
-0.924772
0.156731
0.191211
-0.915379
-0.0187025
-0.653208
0.387966
-0.648707
0.335757
-0.239957
0.809298
-0.778028
-0.312642
-0.802002
0.70017
0.7501
-0.433777
0.320103
0.724948
0.223963
0.0342247
-0.51475
-0.994387
0.935377
0.903859
0.210807
-0.342235
-0.353275
0.522625
0.86834
0.940563
0.646166
0.255064
-0.772633
-0.704271
0.736302
0.196354
-0.967808
-0.734527
0.354384
-1.00645
-0.78601
0.1745
0.446725
0.367932
-0.559025
0.365464
-0.681294
-0.399386
0.480076
0.32015
0.710184
0.493702
0.117235
-0.824997
-0.227737
-0.507949
-0.646094
0.965469
-0.288293
0.726477
0.196518
0.680837
0.0509749
0.116213
0.000648707
-0.617909
0.410511
-0.407871
-1.03111
0.265654
-0.832362
0.786618
0.954805
0.876224
-0.260324
-1.02239
0.848173
-0.32981
1.07409
1.06514
0.749065
-0.426248
-0.247677
0.784107
-0.348033
-0.578623
0.0711903
0.836457
0.466143
0.15547
-0.91524
0.254545
1.05511
-0.714986
-0.000159825
0.735524
0.453167
0.478891
0.348096
-0.22073
-0.394409
0.614813
0.653199
0.696696
0.764284
0.00387451
0.0192368
0.653657
0.310861
0.510976
0.785707
0.952623
-0.215539
-0.20654
-0.897113
0.355846
-1.04399
-0.0370165
0.17421
-0.565446
0.249594
-0.855396
-1.12238
0.628886
-0.169704
-0.829451
0.195439
0.556969
-0.653666
0.289446
-0.834085
-1.06015
-0.0233624
0.0164888
0.413051
0.558343
1.09518
0.0905667
-0.266736
0.627748
-0.566809
-0.101553
-0.998904
-0.996805
1.00123
0.57734
0.231936
-0.0474003
-0.759576
-0.738157
-0.670432
0.270194
0.410613
0.33256
-0.400557
1.01787
0.537041
0.208784
0.230378
-0.240368
-0.62919
-0.253555
0.547984
-0.89427
-0.766789
-0.839341
-1.08089
0.730219
0.389576
0.0322047
-0.77277
0.0351135
-0.0435052
-0.693385
-0.0550878
-0.201786
0.0943083
0.300271
-0.921506
-0.261271
0.257198
0.130387
0.766883
0.25223
-0.676553
-0.824609
0.27863
-0.89952
0.182168
1.01928
0.183066
-0.200811
0.241824
-0.188816
0.162705
0.994291
-0.162223
0.785941
0.700869
-0.715717
-0.8687
-0.807997
-0.935561
-0.779661
0.37553
-0.845162
-0.342374
0.74324
-1.02489
0.669371
-0.331345
-0.766598
0.442743
0.292202
0.816638
0.406235
0.659125
-0.404698
-0.706293
0.50526
0.605209
0.927058
-0.277612
-0.149613
0.473083
-0.324441
0.81264
0.736445
-0.0877497
0.610656
0.542932
-0.74572
0.774451
0.010118
0.701966
-0.229131
0.713307
-0.188089
-0.875513
0.948036
-0.883144
-0.257859
0.958767
0.953839
0.167261
0.26172
0.0133665
-0.443778
-0.359242
0.406535
0.491548
0.601439
0.703326
-0.893198
-0.0215993
-0.956736
0.164015
-0.0887218
0.746295
-0.285025
-0.818142
-0.791506
0.634603
0.150073
-0.797482
-0.900683
0.470294
-0.848816
0.64784
0.399411
-0.847526
-0.822906
1.06789
-0.214663
-0.230538
0.573899
0.931923
1.0596
0.458369
-0.390063
-0.86514
0.418702
0.134309
-0.140227
0.849418
-0.82488
-0.0198695
-1.0255
-0.104624
-0.950134
-0.782228
-0.888659
0.309925
0.592599
0.137578
1.04823
-0.27482
-0.451754
0.779996
-0.595035
0.895342
-1.06744
0.90986
-0.968911
0.908566
0.00585863
1.21999
-0.827198
0.203379
0.862811
-0.00599054
0.337075
0.295538
-0.0486255
0.28003
0.199094
0.940159
-0.869794
-0.430846
0.940141
0.71188
-0.168125
0.202931
-0.526017
-0.579392
-0.107624
-0.27094
0.138244
-0.840396
1.10152
0.918029
0.504058
0.0149533
-0.38555
0.699193
0.349226
-0.715136
0.812915
0.739637
0.910121
0.403396
0.397232
-0.0486667
0.939477
0.759861
-0.986275
-0.953976
-0.171177
0.695289
1.10303
-0.554911
0.175052
-0.239257
0.984012
0.670631
0.693054
-0.152333
-0.158506
-0.430527
-1.03468
0.713439
0.593207
1.00579
0.9696
0.174438
0.633178
1.07967
0.682216
-0.537414
-0.118321
-0.868219
0.931229
0.17969
-0.602272
0.278531
0.194628
-0.358624
-0.655099
0.393728
-0.0927445
0.541352
0.15825
0.62229
-0.038336
0.00039133
0.726824
-0.0934878
-0.867566
-0.947457
0.453164
0.296208
0.277805
-0.699804
-0.584435
-1.04305
-0.253436
0.264489
-0.0553141
-0.173799
0.80002
-0.376875
0.120835
0.527458
-0.303722
0.16756
0.85834
0.885717
-0.740958
0.891634
0.00776084
-0.464821
0.005666
0.973147
-0.0667214
-0.277118
0.352952
-0.621522
-0.85427
-0.70536
-0.730874
-0.612359
-0.736178
0.234814
-0.645843
-0.379845
0.81511
0.042215
0.315191
-0.761133
-0.725935
-0.87093
-0.616045
-0.418023
-0.680174
-0.81304
-0.775409
-0.127279
-0.516218
-0.261763
0.106977
0.491079
-0.904077
0.656204
0.200048
-0.785489
0.743126
0.843038
-0.974844
-0.469771
0.464155
0.531658
-0.601013
-0.633203
-0.282854
-0.0424337
0.143022
-0.345142
-0.0902168
0.602483
-0.933364
-0.421116
0.310792
0.880035
0.126019
0.0290349
-0.814025
-0.0860661
-0.045864
-0.579198
-0.539867
-0.223126
-0.99975
-0.46314
-0.517731
-0.408905
-0.9136
0.79603
0.204197
0.341319
0.647064
0.0407781
-0.842056
0.156678
0.100906
0.465667
-0.123036
-0.686076
-0.548922
-0.402417
0.187807
0.153375
-0.354339
1.04444
0.305706
-0.488778
-0.798536
-0.743954
-0.671419
-0.815921
-0.54867
-0.428881
-0.625341
0.779845
-0.915883
0.00772707
-0.164449
1.07446
-0.829256
-0.194687
0.960911
0.798493
0.662118
-0.420893
-0.488388
0.270322
0.859721
-0.015229
0.142944
-0.499261
0.562478
-0.604558
-0.230928
-0.145812
0.00348451
-0.64986
-0.786323
0.11483
-0.463034
0.148782
-0.674569
-0.0871529
0.0321856
-0.984855
-0.334903
-0.67776
-0.787237
1.02985
-0.373344
0.683631
-0.512601
0.473293
0.441752
0.255066
-0.0122975
-0.107531
-0.150048
0.889123
0.703029
1.10299
-0.822534
0.488212
0.879537
-0.723096
-0.914121
0.444946
0.265734
0.770423
-0.742856
0.679023
-0.713706
-0.789016
-0.525058
0.69055
0.360436
0.0349299
-0.315347
0.732661
-0.0942483
0.584288
-0.0104633
-0.394927
-0.166782
-0.465188
0.638228
0.0108666
-0.569897
0.839928
-0.291241
0.122666
0.935264
0.228058
-0.811209
0.845459
0.192459
-0.303648
-0.731944
0.608238
0.246157
0.00768987
0.773061
0.667417
-0.902932
-0.388956
-0.594935
0.510023
-0.967906
0.19938
0.453734
0.813743
-0.296145
0.583678
-0.990579
0.666414
-0.920425
-0.178504
0.557251
-0.682632
-0.502978
0.399655
0.45886
0.281035
0.393323
0.0518405
-0.592353
-0.384393
-0.598782
1.03199
0.109665
-0.256975
-0.0245666
0.970281
-0.750551
0.146378
0.00215069
0.201597
-1.06701
0.726423
0.986526
0.335618
0.465906
0.828913
0.305866
-0.674123
0.0792145
0.252247
-0.263943
0.384468
0.93694
0.894354
-0.145947
-0.855665
1.12393
0.557574
-0.734936
0.90205
0.763172
0.0603411
0.314646
-0.253658
-0.877136
-0.234983
0.686367
-1.003
-0.379163
-0.101232
-0.0387567
0.741571
-0.27027
-0.276082
0.428967
-0.178555
-0.520037
-0.0918404
-0.619045
-0.608098
-0.0543766
-0.180617
0.973493
-0.450114
0.224772
0.299196
-1.09501
0.507912
-0.7648
0.822067
-0.52203
-0.24004
-0.899218
0.953644
-0.0603528
0.105258
-0.887847
0.559405
-0.705288
0.739896
-0.73301
-0.711833
-0.923193
-0.0580523
0.0852797
-0.816956
0.405286
-0.131421
0.0566356
-0.267018
-0.225494
0.107165
-0.691483
-0.61552
0.779462
0.900297
-0.382222
-0.501364
0.418138
-0.159628
-0.969735
-0.720954
0.411423
0.29569
-1.08644
-0.654096
-0.669754
0.349849
-0.991125
-0.873037
0.648632
-0.700487
0.299489
-0.592633
-0.849665
-0.449892
0.34795
0.745075
0.694656
-0.254378
0.258373
-0.474263
-0.443013
0.729375
-1.09447
-0.914734
-0.491246
-1.01139
-0.622017
0.188539
-0.163887
0.794637
0.727099
-0.33171
-0.533864
-0.392286
-0.0243508
-0.477593
0.131525
-0.0525703
0.0636574
-0.168444
-0.494737
0.976695
0.567361
-0.660328
0.793074
-0.0606827
0.946506
0.662834
-0.0521042
-1.11328
-0.558858
0.220895
0.272096
-0.508717
-0.779644
0.74656
1.01498
0.163129
-0.585168
-0.280856
-0.915611
0.891317
-0.874655
0.104548
-0.373814
0.0282011
0.356439
0.688129
-0.703448
-0.933815
-0.77868
0.746226
0.653223
0.202473
0.196348
0.471611
-0.768086
0.924622
-0.0409985
-0.21749
-0.0755324
-0.886376
-0.694873
0.409968
-0.822071
0.226428
-0.485742
-0.26426
-0.469545
-0.357707
0.462018
-0.31105
0.135525
-0.071509
0.497902
0.795064
0.495161
-0.658718
-1.14239
-0.453523
0.0466075
-1.02426
-0.0842569
0.257234
-0.326728
0.669516
-0.971034
-0.892733
0.510038
-0.0885472
0.406224
-0.0444666
-0.529558
0.659811
0.592859
0.405481
-0.350445
0.0879115
-0.1911
-0.80947
0.849905
-0.805719
0.830169
-0.0820497
-0.619054
0.0678955
0.645017
0.528784
0.552907
0.4542
0.500926
0.670233
-0.406342
-0.100378
-0.662227
1.03867
1.00212
-0.932706
0.452679
0.836859
-0.748834
0.21613
0.761827
-0.946063
0.42929
-0.390165
0.846793
1.0328
0.853714
0.0390032
0.739547
0.741536
-0.40565
0.568272
-0.842719
0.187621
-0.581009
-0.718268
-0.966683
0.407883
-0.362866
0.483251
-0.911577
-0.423433
0.160916
0.520126
-0.36234
0.356609
0.759292
0.28753
-0.467174
-1.06876
0.782177
-0.978557
0.757051
0.0318861
0.802291
0.542533
1.10648
-0.206952
0.541349
-0.251705
-0.0523154
0.225325
0.88342
0.993969
0.579944
-0.170871
-0.052666
0.722158
-0.464293
-0.741561
-0.358425
-0.490165
-0.424742
-0.574899
-1.03458
-0.934378
1.03264
-0.23707
-0.172457
0.42481
-0.586612
0.989304
0.561014
-0.81272
-0.185963
0.859162
0.995808
-0.0265631
0.259316
-0.612431
0.990525
-0.589871
0.730439
0.274135
0.212913
0.0101823
-0.610659
-0.770939
-0.562952
-0.655243
0.665365
-0.285408
-0.840033
1.0239
0.828932
0.765853
1.12862
-0.579207
-0.314779
0.590352
0.345426
-0.833361
0.573219
-0.554656
-0.561634
0.130525
0.167142
0.182554
-0.953806
0.828375
-0.453012
-0.864121
0.728967
0.941181
0.720849
0.665931
0.266453
0.14365
-0.83481
-0.190697
-0.241863
-0.5475
0.376556
-0.0492956
-0.961828
-0.511215
0.472779
-0.95524
0.725401
-0.161375
-0.0511475
0.181631
0.553603
-0.119301
0.391376
0.156412
-0.434883
0.781654
0.562111
0.276877
0.702136
0.78388
0.512318
0.615494
0.369654
0.245907
0.262946
0.559746
-0.512658
0.663697
0.767317
-0.89019
0.728298
-0.778155
-0.362776
0.431456
-0.645393
0.675819
0.702501
0.144013
-0.931699
-0.449289
0.301643
1.01387
0.208954
-0.460337
0.413476
-0.0545655
0.455777
-0.743067
0.554816
0.185786
1.02109
-0.235673
0.356198
0.902187
-0.783782
0.989044
0.31267
-0.979333
-0.412512
0.281671
-0.916279
0.180348
-0.386688
0.222333
-1.05704
0.668329
0.959346
0.987695
0.450615
-0.665036
0.421213
-1.12201
-0.986118
-0.201726
0.0630297
0.495321
0.395606
-0.117299
-0.453635
1.02133
-0.185565
-0.0940648
-0.647981
0.590803
0.355975
-0.499749
-0.79667
0.396623
0.329205
-0.513536
0.933939
-0.80067
-0.21279
0.860645
-0.14357
0.399185
-0.318684
-0.442963
0.997237
-0.251123
0.773054
-0.706092
-0.525423
-1.05823
0.249333
-0.225442
0.861228
-0.0941918
1.02375
-0.702589
0.752728
0.661415
0.51273
0.700253
0.55501
0.227813
-0.74089
-0.987182
0.8971
0.137896
0.63679
-0.0348693
-0.893741
-0.749462
0.401851
-0.167422
-0.575318
-0.0553072
-0.873379
0.186479
-0.598754
0.570244
-0.313138
-0.21316
-0.972371
-1.02441
-0.216061
-0.0634964
0.168274
-0.443186
0.647487
0.765872
0.560573
-1.01842
0.0512313
-0.89184
-0.489747
1.00913
-0.775748
-0.0260296
0.203217
0.421842
0.202116
-1.05232
-0.44033
0.0123428
-0.72078
-0.214255
-0.991627
-0.893794
-0.376853
-0.723146
0.142488
0.421402
0.661952
-0.663887
-0.542707
-0.776746
0.286894
0.469775
-1.10065
0.919682
-0.880216
0.0424712
0.470749
0.689828
0.493344
0.598802
-0.336361
0.717159
-0.759838
0.942843
0.0382545
0.695661
-0.15787
0.195907
-0.00449797
0.407328
-0.706196
-0.85534
-0.564913
-0.777383
0.789843
-0.577299
1.08475
-0.331096
-0.673315
0.610958
0.335325
-0.107102
0.145743
0.558987
-0.508738
1.04404
0.897801
0.322294
-0.584216
0.456984
-0.886065
-1.0862
-0.572215
-0.0786472
0.691002
0.443124
0.494498
-0.0683042
-0.306332
-0.310297
1.03598
-0.919006
0.856681
0.143264
-0.117631
0.45282
-0.06401
0.729861
0.809164
-0.183357
-0.375445
0.126865
0.934156
-0.596931
0.267418
0.261782
0.402845
-0.791384
0.515236
0.867581
-0.584995
-0.613808
0.902185
-0.616262
0.858185
0.041476
-0.543618
0.756706
-0.251273
0.0406943
-0.359992
0.205002
-0.642017
-0.233113
0.834159
-0.496061
0.382783
-0.463953
0.504243
-0.702526
0.955938
-0.0748482
-0.452851
-0.790082
-0.677186
0.092176
-0.230475
0.690868
-0.0727556
-0.509302
0.319798
0.48575
-0.607011
-0.660965
-1.0965
0.517079
0.329873
0.103585
0.713612
0.635499
0.244566
0.79162
-0.625709
-0.706924
-0.388315
-0.846466
0.112908
0.898348
-0.968376
-0.753753
-0.181067
0.792333
-0.303635
0.0812424
-1.02619
-0.82086
1.14485
0.871712
-1.05313
0.921627
0.231258
0.71298
-0.0119549
-0.0296732
-0.129171
0.33145
-0.618802
-1.05828
-0.351441
0.535456
-0.474295
0.379319
0.819779
-0.840889
0.321035
0.00793021
0.746357
-0.560707
0.339704
0.604197
0.841979
0.280568
0.0572318
0.2384
0.679209
0.164061
-0.797916
0.828708
0.362107
0.285172
-0.618216
0.3446
-0.291949
0.251647
-0.891753
0.364784
0.994109
-0.955072
1.07694
-0.148996
0.682496
0.518089
0.0868448
0.428347
0.820721
-0.155091
-0.354924
0.280956
0.669044
0.493137
0.663471
-0.125721
0.630888
-0.661733
0.0953603
-1.02653
-0.318129
-0.212887
-0.186473
0.364233
-0.301836
-0.0293247
-0.419405
-0.380617
-0.652614
-0.894604
0.0834034
0.339387
0.187659
-0.0856029
-0.242892
0.730413
0.0600871
-0.229578
-1.02448
-0.262362
-0.328022
-0.163068
0.132988
0.182568
0.205328
0.519966
0.597122
0.330182
0.955026
-1.01684
-0.547702
-0.987559
0.361244
0.878295
-0.540219
0.828278
-0.891561
0.88436
-0.531905
-0.787021
0.0410861
-0.355268
-0.551803
-0.39001
0.667265
-0.0354492
-0.446104
0.152083
0.465778
-0.5271
-0.17107
-0.802585
-0.718169
0.316792
-0.622208
0.0112947
0.434522
-0.803101
0.187328
-0.568885
1.00679
-0.0488345
0.695377
0.0597757
-0.946931
0.2671
0.897372
0.22221
0.630256
0.71888
-0.658126
-0.669668
0.0815018
-0.149997
0.799019
0.855006
-0.24521
-0.455168
0.544015
-0.507711
0.772947
-0.136299
0.377473
-0.778054
0.149433
-0.0529927
0.217327
-0.711385
0.542191
0.674922
-0.592009
-0.90183
-0.997793
0.248412
0.241682
0.174226
-0.600589
-0.305821
0.295542
0.0319719
1.13554
-0.675369
0.401552
-0.205919
-0.176621
0.410451
0.591126
1.08119
-0.783014
-0.714924
0.545272
-0.0530625
-0.363922
-0.928312
-0.829127
0.735319
-0.545593
-0.397992
-0.583491
-0.187652
-1.01756
-0.115266
-0.8678
0.532627
-0.441885
0.00423536
0.704064
0.302468
0.0388993
-0.386175
-0.27342
0.403152
0.962452
0.368112
0.132247
0.518984
-0.00224939
-0.810302
0.149291
1.03158
-0.735916
0.482592
-0.528845
-0.00301844
-0.817638
0.035137
0.626321
-0.257606
0.350117
0.521818
0.732927
-0.515335
-0.17848
-0.703814
0.985102
0.848487
0.128438
0.757061
0.122853
0.24551
-0.751816
0.555825
-0.6492
0.791939
0.562432
0.41687
-0.904312
-0.514967
-0.460204
-0.23636
-0.929831
0.833345
0.158661
-0.337405
-0.129042
-0.0468749
0.250476
0.203885
1.0056
-0.0402916
1.0369
0.70374
-0.477857
0.980452
-0.626161
0.638165
-0.153757
0.796843
0.771272
0.687894
0.690562
-0.45604
-0.933065
-0.151067
-0.691828
0.388327
-0.187571
0.916178
0.322622
0.733256
-0.673733
0.573809
0.773855
-0.0528416
0.273748
0.569787
-0.745738
-0.0175028
-0.261361
-0.65055
-0.231897
-0.941727
-0.990905
-0.713728
0.962973
0.0849928
0.901073
-0.0677986
-0.36622
0.0194507
-0.207046
-0.734147
0.255164
-0.504311
0.159842
0.243678
-0.573335
-0.902284
0.491021
-0.00301309
-0.979941
1.06643
-0.801464
0.42157
1.10734
-0.412818
-0.750842
-0.720303
-0.419258
-0.890033
0.462903
-0.961015
-0.0100598
0.981198
0.633686
0.237438
-0.452557
0.309223
0.107523
-0.279503
-0.76719
0.79198
-0.195822
-0.673792
-0.210989
-0.215418
0.695577
0.497682
0.634237
-1.02878
-0.314706
-0.0970161
-0.954255
-0.457235
0.536317
-0.790572
0.0653263
-0.663837
-1.06905
-0.529642
0.871651
0.649871
1.11267
-0.0157466
-0.895919
0.0727354
-0.265476
0.67373
-0.928585
0.0243011
-0.701018
-0.402753
0.548081
-0.0647712
-0.359542
-0.22664
-0.051656
0.511667
0.736805
0.983129
0.581672
-0.421596
0.408714
-0.110474
-0.496365
0.712262
-0.871175
0.817358
-0.0968672
0.237201
0.322367
0.739899
0.190473
0.300294
-0.933639
0.0506221
-0.68636
0.521884
0.131266
0.39258
-0.872972
-0.75232
0.410076
-1.0593
-0.905451
-0.930534
0.947848
0.530533
-0.269298
-0.438258
-0.299063
0.532275
0.384929
-0.770834
-0.729432
-0.825499
0.221187
0.607963
-0.503541
-1.00298
-0.874467
1.03528
-0.402831
0.5266
0.0589638
-0.186729
-0.556023
-0.834543
0.0822667
0.626132
0.179437
0.18692
-0.964883
0.951903
0.629209
-0.310292
0.918721
0.217524
0.252732
0.582242
0.643848
0.314524
-0.709872
-0.343294
0.857804
-0.642435
-0.148841
-0.248869
0.000301926
0.254519
0.830209
-0.429179
-0.919882
-0.65197
0.791152
0.33664
-0.406932
0.683002
0.890768
0.749278
0.945146
-0.343283
0.572131
-0.126939
0.668119
0.491612
0.534338
0.302738
-0.601682
0.0689776
1.05828
0.900281
-0.99734
-0.692578
-0.653971
0.661778
0.856208
-0.54117
0.14119
0.617538
0.368038
0.0404123
0.244157
-0.00472445
-0.26021
0.110255
0.396226
0.748384
0.185841
0.536013
-0.846974
-0.106205
-1.07436
-0.636496
0.294363
1.04464
-0.804957
-0.219977
0.667867
-0.629764
0.0412914
0.611498
0.079084
-0.679132
-0.35069
0.579281
0.0880473
-0.937342
0.60195
-0.998146
0.511854
-0.626324
1.00938
-0.288184
-0.380778
-0.705295
-0.297229
0.785637
1.06037
-0.294221
-0.0935519
0.56063
0.788212
0.339571
-0.201258
-0.267013
0.502084
-1.01933
0.0852843
-0.256307
0.658828
-0.790762
0.159103
-0.0858594
0.35209
-0.904227
0.0432973
0.0304287
0.226414
0.192476
0.378242
0.667162
-0.422922
0.674991
-0.0330166
-0.861432
-0.940362
-0.308644
0.653836
0.401335
0.543177
-0.0574103
-0.0867274
-0.766055
-0.341531
-0.136271
-0.887656
-0.572246
0.220034
0.382168
0.984691
0.882601
0.407368
-0.176587
0.406836
0.582041
-0.721956
-0.187827
0.653219
-0.249078
0.242973
0.113592
-0.7391
-0.407098
-0.314023
-0.951672
-1.11709
0.84572
-0.508823
0.0326804
-0.298329
0.82699
-0.47137
-0.166701
0.793267
0.746031
-0.612104
0.679087
-0.0644033
-0.0107725
-0.771014
-0.763215
0.374593
-0.00241867
-0.200921
0.4697
0.619033
-0.76374
0.179908
-0.889302
0.520901
0.275383
1.00253
-0.83322
-0.862784
-0.486998
