-0.214901
0.971206
0.467008
0.248779
-0.700173
-0.750111
-0.948917
0.782588
0.204852
0.424478
-0.952443
1.0176
0.674655
-0.622894
-0.72184
-0.664427
-0.353568
0.0111582
-0.115367
-0.479823
0.206969
-0.771543
-0.391888
-0.271004
-0.126224
0.586444
-0.579173
0.0439292
0.196882
-0.981709
0.186001
-0.725122
-0.892229
0.955417
1.03048
0.617152
-0.394052
-0.91197
0.434903
-0.214868
-0.782788
-0.00621973
-0.971949
0.868177
-0.517448
0.38593
-0.407798
0.0761299
0.0915905
-0.64199
0.995327
0.565352
0.86917
0.735627
0.185675
0.734156
-0.96998
-0.706434
-0.952509
-0.357593
-0.229303
-0.467285
0.606907
-0.357315
-0.431048
0.121908
-0.700965
0.619678
-0.87399
1.06011
0.47439
-0.697653
-1.01529
0.710304
0.462637
0.464494
0.511643
-0.902879
-0.342689
-0.802815
0.788236
0.194723
-0.452623
-0.867125
-0.349657
-0.315471
0.548728
0.353744
0.804313
-0.0597282
-0.757554
0.508858
0.49401
0.149181
0.497165
-0.150403
-0.0397254
-0.234089
-1.04647
-0.837344
-0.875278
0.338197
-0.355869
0.131384
0.805906
-0.522532
-0.159357
0.455554
-0.665113
-0.80945
-0.408083
-0.512999
1.02687
0.608874
0.300561
0.7411
0.528055
-0.534968
0.837757
0.0267379
0.574578
0.615274
-0.522627
-0.804581
-0.459263
-0.113345
0.684197
0.529451
-1.15257
0.0630847
-0.213079
-0.561858
-0.759024
-0.213464
0.95075
-0.39682
0.0552865
0.430377
-0.251191
0.930874
0.764208
-0.716502
-0.139134
-0.517659
-0.463098
-0.890059
0.306844
-0.0219938
-0.808057
-0.332572
0.900274
-0.525143
-0.675155
0.157873
1.00706
-0.573096
0.36943
0.477536
-0.484491
0.483689
-0.317683
0.230835
0.198492
-0.074949
-0.850797
0.646157
-0.473781
-0.690795
-0.778514
0.297992
0.27059
-0.979015
0.164577
-0.515684
0.406797
-0.52354
0.436993
-0.166836
0.777283
-0.807611
-0.197943
-0.599464
1.04603
0.741854
-0.448543
0.401651
0.678321
0.0490288
0.00984138
-0.50711
-0.656039
0.941606
0.834891
0.205356
-0.346085
-0.247929
0.538652
0.808821
0.648839
0.330712
-6.37435e-05
-0.920764
-0.566146
0.709312
-0.0193997
-1.06696
-0.670263
0.352076
-0.985241
-0.484037
0.289866
0.523079
0.268879
-0.475651
0.53181
-0.539585
-0.109446
0.589761
0.348597
0.681843
0.251701
0.0286667
-0.851731
-0.0955881
-0.326201
-0.281066
1.03386
-0.0782685
0.838674
0.238736
0.509701
-0.0712887
0.066304
-0.0707958
-0.515692
0.386786
-0.521051
-0.742239
0.417275
-0.455086
0.996736
0.895675
0.675862
-0.431571
-0.726918
0.956874
-0.0500641
0.904967
0.828635
0.405962
-0.652616
-0.167297
0.533476
-0.470944
-0.52157
0.256534
0.950227
0.136972
-0.00521309
-0.73039
0.31902
0.820672
-0.68305
0.17972
0.792772
0.323434
0.294513
0.238351
-0.379916
-0.330308
0.702016
0.526261
0.547996
0.511136
-0.213395
-0.146787
0.495702
0.0480584
0.207903
0.308784
0.390395
-0.762664
-0.459215
-0.856664
0.0439179
-0.977224
-0.0871862
-0.082663
-0.505015
0.0738714
-0.907782
-0.750616
0.559066
-0.456508
-0.617546
0.218671
0.450716
-0.674518
0.100035
-0.796832
-0.644402
0.33107
0.233068
0.502173
0.532287
0.678333
-0.165925
-0.376877
0.309892
-0.658851
-0.23927
-0.706128
-0.475852
1.03815
0.493145
0.0462981
-0.378232
-0.731186
-0.472739
-0.329238
0.337023
0.505075
0.197565
-0.259506
0.882449
0.210819
-0.149971
-0.0105036
-0.370661
-0.599673
-0.287817
0.227432
-1.10006
-0.738637
-0.733387
-0.517173
0.925611
0.302954
-0.245583
-0.648107
-0.00538286
-0.0418598
-0.460577
0.0797034
-0.0418561
0.308799
0.144165
-0.78179
0.0305168
0.361794
0.13431
0.579866
0.10543
-0.715854
-0.678309
0.359202
-0.62567
0.533791
0.77744
0.0719174
-0.101788
0.27591
-0.0562856
0.197557
0.691015
-0.209636
0.700285
0.274533
-0.975403
-0.91059
-0.669578
-0.704988
-0.39018
0.554249
-0.555351
0.0705329
0.723498
-0.613636
0.783023
-0.335102
-0.238969
0.787924
0.422571
0.748636
0.471147
0.418318
-0.541222
-0.299429
0.727085
0.615064
0.723326
-0.329904
-0.142581
0.492645
-0.194555
0.78456
0.488346
-0.275667
0.402907
0.255201
-0.669135
0.715604
-0.0315566
0.360165
-0.358824
0.466661
-0.439558
-0.703077
0.691607
-0.832419
-0.0963497
0.896424
0.466733
-0.158327
0.061422
-0.273651
-0.388888
-0.162145
0.419854
0.263716
0.288495
0.113105
-0.932759
-0.0741774
-0.633483
0.186989
-0.0578608
0.578036
-0.499431
-0.631371
-0.352454
0.506683
0.0437553
-0.683364
-0.367209
0.474306
-0.404534
0.700622
0.199271
-0.552887
-0.283884
0.997505
-0.209128
0.0633905
0.751554
0.71637
0.528244
-0.0711229
-0.429609
-0.707896
0.526369
-0.0033363
-0.170877
0.312136
-0.808452
-0.092403
-0.815783
0.0572969
-0.60197
-0.384843
-0.122693
0.665226
0.586693
0.227792
0.648723
-0.373715
-0.244656
0.604416
-0.327778
0.785046
-0.738378
0.840399
-0.593318
0.743322
0.0384482
0.688403
-0.654854
0.268063
0.81647
0.011267
0.220683
0.17577
-0.109275
0.186045
0.0849193
0.314971
-0.787261
-0.0244342
0.756825
0.289562
-0.308166
0.00800162
-0.46438
-0.369137
0.0904168
-0.106517
0.259442
-0.284425
1.05607
0.663604
0.0786463
-0.1133
-0.265286
0.522654
0.134304
-0.395143
0.752598
0.399729
0.470696
0.03094
0.0218618
-0.313229
0.414096
-0.0558396
-0.907903
-0.515971
0.168913
0.593378
0.430645
-0.624433
0.243731
-0.0741657
0.692079
0.285081
0.108682
-0.365148
-0.340394
-0.313491
-0.321669
0.846284
0.486707
0.612614
0.35781
-0.279074
0.229055
0.207464
-0.192361
-0.772147
-0.22526
-0.58348
0.545731
-0.23362
-0.499105
0.138087
-0.117128
-0.375019
-0.472593
0.258614
0.0946436
0.288695
-0.140733
0.183654
-0.205221
-0.139007
0.0822291
-0.577239
-0.728689
-0.615598
0.378567
-0.0962623
-0.199167
-0.772031
-0.594253
-0.503872
0.0550512
0.12234
-0.0370614
0.0862092
0.455576
-0.322052
0.142153
0.162433
-0.269495
0.158914
0.377912
0.104569
-0.697083
0.235093
-0.456
-0.552226
-0.104728
0.303703
-0.539672
-0.616681
-0.182924
-0.628723
-0.783868
-0.555653
-0.324868
-0.417468
-0.128832
0.352816
-0.307532
-0.101864
0.473761
-0.21391
-0.0226702
-0.669298
-0.496553
-0.553946
-0.159531
-0.132869
-0.247339
-0.257143
-0.131551
0.0857225
-0.0926615
0.190313
0.2934
0.270898
-0.355178
0.564496
-0.0290658
-0.426846
0.517271
0.199669
-0.732908
0.0250336
0.459537
-0.0297885
-0.498958
-0.30986
0.137586
0.0552489
0.175504
-0.178822
0.00721135
0.12891
-0.578738
-0.079443
0.40483
0.203121
-0.25479
-0.226241
-0.533959
-0.0677042
-0.0962483
-0.371875
-0.228909
-0.111114
-0.479366
-0.0223065
-0.201257
0.119331
0.0696852
0.749993
0.15063
0.295239
0.152282
-0.220596
-0.362863
0.22674
0.100148
0.154788
-0.216661
-0.369763
0.0243173
0.00358518
0.212149
0.108418
-0.178106
0.414974
-0.264653
-0.562311
-0.376249
-0.214488
-0.206272
-0.15452
-0.046556
0.021029
0.0209361
0.675543
-0.323267
0.179186
0.158777
0.495991
-0.337209
0.271051
0.585873
0.24785
0.0399239
-0.446493
-0.109177
0.363868
0.223721
-0.101377
-0.0892278
-0.277562
0.159195
-0.488132
-0.149707
-0.0532138
0.0370116
-0.295935
-0.186377
0.309087
-0.0833642
0.0949033
-0.28578
0.110037
-0.0409089
-0.267886
0.0376184
-0.0405442
0.152759
0.68965
0.0406634
0.409942
-0.0629673
0.29212
0.225588
-0.0377356
0.117485
0.102618
0.080352
0.525221
0.0813794
0.18311
-0.404327
0.170897
0.146483
-0.405871
-0.264353
0.373937
0.0861261
0.181782
-0.44716
0.169945
-0.351473
-0.145955
0.0260061
0.441721
-0.00789162
-0.0385202
0.0943919
0.374021
-0.0822936
0.130023
-0.195985
-0.070788
0.0562402
0.0685492
0.368362
-0.0448272
-0.0514081
0.329972
-0.158685
0.0522077
0.265347
-0.165179
-0.242343
0.337178
-0.194585
-0.307787
-0.20526
0.293213
0.0383386
-0.0272708
0.192726
-0.185136
-0.463558
-0.145608
0.0042412
0.112512
-0.344648
0.294524
0.283411
0.0106567
-0.376119
0.076704
-0.254301
0.269662
-0.404372
0.0953219
0.147535
-0.347661
0.0125691
0.196045
0.100782
-0.0607917
0.106335
-0.142339
-0.212262
-0.0580503
-0.154015
0.337112
-0.0886471
-0.0287973
0.0500943
0.165948
-0.19752
0.175499
-0.00170673
0.0343387
-0.194756
0.414068
0.143249
0.00289114
0.0111066
0.123298
-0.108591
-0.204911
0.117486
0.0892644
-0.00269788
0.148016
0.141866
-0.0547561
-0.214622
-0.242553
0.284356
-0.0018984
-0.383868
0.224019
-0.0191457
-0.194432
-0.109069
-0.266161
-0.170135
0.0907562
0.0430384
-0.469896
0.0620975
0.155502
0.0489533
0.034265
-0.294282
-0.0819435
-0.00743718
-0.21609
-0.156428
-0.0399662
-0.202993
-0.123373
0.125345
0.0770233
0.208246
-0.191659
0.082076
-0.107435
-0.162471
0.0612605
-0.206385
0.215427
-0.200157
-0.0179685
-0.195533
0.275679
-0.190741
-0.0123832
-0.178965
0.101952
-0.0926394
0.135383
-0.311641
-0.114212
-0.0106929
0.105694
0.0768403
-0.154192
0.197201
-0.0831094
-0.0266327
-0.0886147
-0.0046628
0.000672512
-0.0224427
0.00451565
0.201837
0.0122352
-0.224263
-0.0692696
-0.000313792
-0.048747
-0.156408
0.0276016
0.284405
-0.00480488
-0.141317
0.0990084
0.0515106
0.0377638
-0.174651
-0.00194595
0.106513
-0.221491
0.0914396
-0.0761826
-0.0280627
0.0840739
0.126268
0.137319
0.0290048
-0.065174
0.0517118
-0.0523319
0.102816
-0.0152743
-0.235596
-0.0554786
0.107033
0.0633214
0.145939
0.0584871
-0.00133669
0.0876552
-0.0336273
0.080766
-0.0966291
-0.0355875
0.0387507
-0.107414
0.0398734
0.0224569
-0.00357109
0.0860685
0.00768131
0.0411811
-0.00871812
0.00640891
0.0295409
-0.0316115
0.0667417
-0.0180407
-0.0614625
-0.0912609
0.0911645
0.0893844
-0.0507908
-0.143484
-0.0662632
0.140882
-0.0221035
-0.0935934
0.0106636
0.0530405
-0.01859
0.0934465
-0.08773
0.0433567
0.0140239
0.148994
0.0263831
-0.00910081
-0.0830843
-0.0426958
-0.0247498
0.177882
0.0543485
-0.036018
0.00354224
-0.0234621
-0.0149479
0.0261784
-0.111968
-0.0419943
0.0247354
-0.112941
0.0944682
0.0507608
0.0460963
-0.0224956
-0.142325
0.0342972
0.0256312
-0.00374412
0.105922
-0.0211058
0.00910017
-0.0844274
0.0258707
-0.0675614
-0.0890418
-0.0772187
-0.0590177
0.0241421
-0.0194008
-0.044788
0.0020831
0.00558385
0.0111406
-0.0425075
0.0352249
-0.0147784
0.068173
-0.0977605
0.0364801
-0.0197677
0.0628777
-0.0721758
-0.0251606
-0.0598138
0.0471507
0.00418599
-0.100822
0.0390623
-0.0219562
0.0166162
0.0667076
-0.00306573
-0.0520007
-0.0109262
-0.0105469
0.0459343
-0.0663385
-0.0254765
0.0312115
-0.00176985
0.0896874
9.12643e-05
-0.0594773
-0.0381251
-0.0656124
0.0452949
0.0567743
-0.0367368
0.0180342
-0.094383
-0.0107862
0.0691685
0.018168
0.0552358
-0.114286
-0.0114443
