0
-5.50419
5.30225
-9.53798
-24.4363
-4.893
1.01001
16.5107
14.8279
36.0129
-2.96229
-15.5306
-39.424
-2.28407
67.0105
13.1595
20.0262
-17.9186
-50.7525
14.9808
6.55296
-2.87295
-41.3613
-0.19134
13.9863
-19.2477
-26.1603
-6.86659
5.58479
5.8116
37.588
-17.1456
2.85213
-26.6807
-28.5755
9.72082
-14.0234
-29.9588
36.8634
-20.5769
3.20059
11.2953
-0.246608
26.6794
4.34248
6.82063
-21.3812
27.26
10.3035
6.40415
-9.50313
51.6545
-31.5472
-25.8398
27.2983
-1.49439
14.8089
52.11
52.4784
-7.50661
42.1574
6.38505
-4.72844
-20.3066
-38.1248
-6.70622
-15.6925
38.8829
0.095238
1.00713
-4.33754
3.05322
-10.977
-27.662
41.4704
-0.783757
26.8144
-15.0663
-21.8198
13.4236
18.1905
5.2718
5.54326
18.8518
-12.0589
7.67261
6.7913
31.9578
-9.30331
-22.3509
22.5704
-32.4319
-54.7077
-22.099
17.377
-14.6199
6.15794
51.3795
0.365711
-33.7165
27.5289
-25.6389
-0.155318
-12.061
-52.6885
2.71864
-43.4279
-13.1449
34.375
-0.0550473
7.62804
-32.7652
-0.821575
-10.5989
17.5804
14.2076
43.1854
16.3499
-12.5629
-60.439
-27.4987
42.4195
24.6421
-7.40955
34.7244
-26.8194
-4.69749
-0.956162
44.712
11.2174
-52.6967
14.3333
8.11146
-8.60991
-7.1166
-20.5126
-52.8469
-86.7482
4.85668
30.2683
3.9683
10.0145
5.00328
23.2527
-2.50989
-35.727
40.172
-50.2098
7.25297
-22.3166
-17.1352
17.5592
-20.6481
20.1403
-18.233
-24.9225
26.1638
-6.09283
-31.7528
23.2154
-19.5416
11.0718
-4.78192
27.9886
-19.7687
-4.56124
19.0787
-16.4827
8.87126
-11.7333
38.9361
13.481
-27.7758
39.0629
-39.8793
2.28196
-39.8315
26.1059
-26.8764
7.52559
-9.62619
0.32551
-7.65353
-47.1499
-4.728
-5.87921
-25.7407
-1.75353
17.4945
-11.134
-32.7094
-47.7417
3.09303
-36.2769
27.6713
40.7319
-0.483692
-17.7603
37.5038
-2.10447
4.93169
6.24132
24.7708
-1.69485
-8.62401
-11.9328
90.66
24.5413
-8.96611
18.9838
-15.293
-42.9618
-26.759
23.5724
22.6268
-4.98824
17.1646
2.94755
52.3854
24.019
-25.9176
22.4029
53.0116
-36.2202
-27.9273
23.9097
-27.9528
5.2907
-5.20977
1.05345
4.31265
9.37197
3.51441
-31.5702
-12.0568
-31.1323
-83.6468
-17.3292
17.9344
28.9558
-20.3971
16.7977
-15.5821
-51.2822
-0.916742
10.0378
-3.91299
-12.4383
4.85084
-14.6156
15.9769
-9.88032
-16.3564
19.9166
0.434795
-23.3959
9.49842
4.0332
2.58185
11.7881
32.1792
-1.5634
-54.8035
9.34581
5.36728
-7.16837
-27.6942
4.95486
3.3489
-30.339
23.3426
-8.92502
6.64162
34.0326
-7.23514
24.6446
-29.7545
37.7021
-39.447
-11.4181
-16.7239
22.0259
-6.7643
12.6978
2.66306
-9.43043
4.85823
-32.6489
29.1389
40.6666
24.3827
59.224
0.874393
11.9241
29.1452
13.1438
11.225
23.2203
-10.5782
32.1509
-5.75148
-33.2005
-16.1976
19.0602
15.2441
18.839
-16.1849
50.5676
25.6932
22.9898
33.2066
-4.33532
-31.7905
-17.4761
41.8943
-2.05435
-34.7106
-5.51762
16.1355
-22.3359
-28.3829
-3.94046
-23.5748
17.8959
-50.6586
-0.308344
23.3433
37.3534
-22.5341
-9.53595
-8.94839
-23.9183
-18.1712
13.3741
-11.647
-10.5987
-26.918
17.9773
37.4023
25.4787
-4.70458
30.4866
25.872
2.15162
48.5954
-31.9738
-20.0148
10.5661
-23.0226
47.0352
-34.7606
20.9857
31.074
-30.8816
-6.30734
-19.4078
-10.9645
-0.494376
80.4387
-33.8769
7.71699
-19.7546
0.700047
-12.1016
-32.1205
28.0119
6.60634
40.7808
23.2039
-35.2585
23.0663
-4.9923
-31.5841
-0.277543
34.2479
-1.81089
15.6276
3.74882
17.6142
-29.8841
36.7036
13.1375
-44.5572
-9.28068
13.5534
-37.8199
-9.36888
-53.0313
-51.6519
33.5496
32.2086
22.9588
6.76359
-73.5087
-17.845
33.8509
-46.8847
-11.7878
-21.7085
34.5577
-36.6181
4.49768
-23.7013
6.89118
7.96041
21.4538
46.8381
-30.7099
-62.954
-19.565
-27.6353
31.8596
10.4156
7.30454
-7.27248
8.80836
2.70128
-20.9433
-29.4687
12.8073
22.9032
18.4117
-3.10867
-8.67393
3.67435
27.0208
-37.9446
-14.6762
19.2349
25.8835
3.84912
-5.08765
40.5661
12.048
7.82118
31.0972
-13.5418
44.7848
5.9518
-91.4055
24.4841
-31.6969
-13.2845
-51.0063
27.9406
-10.7939
13.7694
18.6285
15.7211
0.37673
39.4195
-4.55934
9.01842
28.3652
4.74464
11.577
-16.897
7.89398
6.88032
-13.6983
-24.8793
-34.8271
-36.1873
14.7636
24.0947
37.3026
-12.0963
2.21229
0.235444
-42.7671
32.1291
-4.4671
4.56662
2.43108
-23.3388
-35.6591
-28.2959
-8.16926
-28.1195
-13.0499
4.93342
-11.3115
16.5458
-5.53525
-2.82498
-22.9935
-16.5691
-7.94964
-32.733
-13.8216
-10.5373
-6.40858
18.4749
17.2019
43.9226
18.4277
-33.7718
38.4186
-44.2334
-13.1601
9.01942
4.94987
-49.8853
-43.0339
-10.1269
-9.50884
-5.84775
3.2124
-16.1643
-11.6735
-14.8863
-1.87356
31.5141
-4.21392
-16.4389
-58.5584
-17.9841
-29.152
-26.4042
35.1912
36.7404
20.8339
-16.9933
4.91451
-5.60146
-36.7845
24.6348
10.4579
-1.11226
41.4477
5.76014
23.3257
-30.349
-8.9792
-16.7278
12.337
-31.6611
-20.8221
-26.9248
-30.8184
-21.242
16.0691
-5.51706
43.3245
14.1438
-6.37823
1.17128
-46.44
-24.5497
-23.0941
-2.61507
8.51671
-18.6826
23.2673
9.14218
-3.66204
42.64
-8.91271
-18.265
-7.38066
14.8306
1.37161
33.1739
23.4195
36.3884
-4.27446
-27.6138
-65.7575
-5.05546
51.1968
-20.3638
-4.38738
-9.02382
-15.2074
24.3183
-6.37781
38.1825
1.35687
-7.28353
18.9632
34.8947
0.786921
-24.9521
1.31868
22.0454
27.8773
-20.2507
10.2546
-18.1751
-20.0872
4.89774
-50.7998
-25.3014
16.7355
0.365179
-5.22282
-16.9098
-47.9461
12.997
10.4924
24.7608
33.7269
1.87842
-24.7998
-28.7568
25.8734
-54.4727
-15.3651
-21.7729
-8.08476
-19.767
27.6086
-16.2061
18.2327
-25.012
-4.27342
-3.79375
-6.14455
-11.8717
6.30801
-9.21335
-14.2352
-2.42658
-7.48964
38.9742
24.0988
11.0887
9.12338
7.90144
27.1764
-20.7516
58.7635
-84.8844
24.7763
-14.9908
3.91613
24.2222
43.4497
-27.9433
-37.0371
22.0198
8.84539
-43.7262
-23.2338
-16.7179
-0.657129
-5.29999
-11.5091
-19.1736
3.9794
-19.9084
-25.6959
8.09732
-0.228045
-39.2976
-27.014
26.2755
-25.9003
38.9952
12.2647
-45.5519
7.32514
32.4347
14.8369
3.18669
11.4325
-52.9194
15.9799
-28.7247
-15.5157
3.71695
25.0084
-6.31207
6.05935
-31.2938
25.1241
-15.8459
38.9173
26.2911
-5.30482
-37.7532
-32.5989
30.8839
7.81602
22.8031
27.6288
47.7996
36.0087
-5.8589
-27.1022
-24.9907
-28.1471
45.1655
36.5088
-20.092
12.8629
-25.0211
-14.2397
7.52938
14.888
-11.4153
-13.7243
14.0879
-6.69082
11.6868
-6.31864
14.7968
-19.9738
2.62523
-13.2354
-25.516
-9.05365
-31.4405
-20.9427
-9.57918
-24.849
-23.9314
35.8523
-41.1886
-13.5225
-8.02814
-44.7575
21.7111
-21.0324
40.2625
6.49959
-26.0349
-11.4817
-12.1062
-0.2821
-4.62406
-29.5217
-10.6371
-1.99177
-50.1389
-11.4161
-16.5795
10.4628
-32.5246
-43.6888
18.424
12.9739
5.4928
0.000985339
-1.59547
7.90303
13.6495
-9.32985
20.9269
50.5247
-13.3637
-31.4788
-59.9652
-36.24
9.13013
-21.4676
-90.101
44.6139
4.55702
6.23709
-8.22027
29.0371
-11.6135
3.81596
-14.0676
35.3021
-20.9752
6.15926
-16.1001
-28.4468
67.8798
-34.3395
-11.4626
-44.2089
-23.4834
-13.5155
5.69633
19.8364
-23.6517
-14.6891
-4.50522
-18.2567
-65.5241
35.7989
-2.23688
7.09938
-52.4816
1.35109
35.4604
27.4101
-11.3323
4.34251
27.203
13.509
6.28631
-12.987
-10.3755
0.65409
22.4955
-54.9456
-16.3416
-21.0625
2.08885
-22.3398
-22.4929
7.95876
34.2774
7.51701
-8.45698
5.588
12.9819
-15.3249
-24.3621
4.27705
-19.5479
54.5456
-44.1233
6.36891
-23.8664
51.4818
22.8089
-7.31213
46.9702
27.1737
-33.1429
6.53535
31.2251
3.45923
11.5206
2.84219
-22.5719
14.3378
0.75328
5.55616
-4.30192
-7.13182
-11.9055
6.7757
-7.47796
37.7828
4.17635
15.7743
14.6255
56.5595
-0.782749
2.02362
-38.3841
-13.9931
61.3468
34.7136
4.24508
9.16064
48.2117
-9.45049
-10.1508
3.3002
14.9987
21.7954
6.0485
15.9679
-43.1919
-10.1486
-30.4977
-32.101
4.71799
-12.2254
19.6387
-51.0864
-16.3733
-45.7835
19.2636
-8.40261
33.527
30.8813
-32.6505
-60.7555
-30.6131
29.0087
-22.2777
-12.1896
-14.4369
11.6393
9.94631
4.73708
0.399028
-5.15418
-3.29489
31.1952
11.5553
6.53791
0.140812
-39.0214
41.3403
23.3414
-15.6404
-12.8005
12.7075
-25.8801
-0.0275317
-12.3132
10.0238
14.2119
9.90316
-38.0476
-16.7446
33.1814
9.59045
-57.8204
-26.8289
-4.8427
40.5771
31.4999
70.1299
-17.9656
28.1498
37.9808
-22.2828
25.6253
29.2232
-42.1441
-18.127
-4.87403
12.7152
55.4381
-28.3585
24.0743
-5.10852
8.60281
-11.9761
11.4861
5.26908
-7.77439
34.8988
6.52178
0.0870748
25.3341
-22.0836
4.69693
-36.8881
2.98881
-22.8839
37.6897
0.474722
4.71305
-34.2639
-8.07009
28.8402
3.12345
44.6577
25.8386
30.1341
-45.1801
31.2705
-11.054
-0.661
-48.8523
29.8141
-1.43959
27.2199
-43.8972
-3.416
7.47585
27.944
-58.6054
-25.537
19.7767
-11.9832
-19.546
-45.3715
-33.768
23.5885
-45.6762
-39.7827
-21.853
-77.2151
-10.5997
14.1403
6.11246
-10.8879
29.179
29.7007
-8.19849
-2.15327
49.35
-5.02522
-16.5176
-6.08818
-43.0504
2.01326
-2.75559
-52.0605
-25.4172
15.616
6.62633
28.3804
30.118
8.62257
-6.91226
-19.1568
-1.50751
13.2
-8.6809
-7.84242
-28.4102
-17.2892
57.7695
25.0713
-21.8344
45.8344
-27.5987
6.77131
7.77639
36.5706
-2.29179
2.52088
-8.87452
6.1632
8.00238
6.30742
-37.8014
20.1951
43.6347
11.8788
8.51954
-20.3129
25.6081
-22.2821
50.0444
-14.6141
8.38105
-11.3955
-24.6957
1.54647
11.2934
-4.92689
41.6645
-24.9485
18.9463
20.3165
16.3179
-6.60029
-6.39345
-39.3106
-23.89
21.2974
-14.4871
16.883
-37.0497
10.2598
-44.0769
-48.6538
10.9761
-2.60025
-27.2677
-41.0593
29.2882
1.80171
34.5152
21.7956
41.8118
9.01069
-50.6804
-28.5685
-17.8752
5.96198
28.1572
10.9812
13.3869
-10.0108
-28.3948
-5.96157
29.3917
-5.93764
38.1898
-35.5543
16.0809
53.6886
15.7807
1.71929
15.1955
15.3049
-0.730984
6.7552
-47.3803
-1.76523
53.3331
1.85246
-24.507
7.37535
1.24819
-13.8145
6.52075
-33.2326
-16.5512
46.3392
27.337
3.21017
-26.5146
-32.3327
53.6416
14.7802
-11.3585
-11.1382
-0.049446
-40.1451
28.6656
45.708
-35.9412
-36.5097
32.4759
-5.44707
23.3851
-23.0934
-24.2264
19.2647
-5.42629
6.0196
-30.3008
13.266
7.35195
49.3849
1.50361
-15.3147
48.4392
-18.5307
-15.7127
3.06612
-14.091
-7.02105
-23.0695
-11.2714
1.97093
-44.636
-15.599
-5.89954
25.3212
-1.46164
38.0814
11.8909
10.127
-1.37562
20.4973
5.94245
-32.3776
25.5137
-11.2454
5.8407
-19.2684
2.13814
3.55395
11.8156
-21.7875
26.4888
-1.54705
25.2883
-0.859643
12.9904
-57.3536
-31.7247
1.02504
46.1369
-34.3751
18.7161
-15.5505
6.60064
-68.0543
0.431449
-1.23268
5.78833
20.8974
31.7083
-29.8552
-9.15766
-20.5515
-3.24153
-1.5359
34.3293
17.0642
-40.4036
-19.8331
31.4648
-21.535
17.9894
12.8987
-9.19769
-34.6178
21.6717
-38.9277
-46.2454
37.6673
0.37797
-20.6393
3.76008
-40.447
9.76328
35.2141
54.681
-43.2959
-8.19231
24.252
-36.2103
-27.2488
9.87875
34.567
2.36148
26.7951
-55.8187
-45.8074
-31.589
-30.1265
5.45486
-18.2666
14.0248
24.5613
-19.5591
-17.085
-25.7629
48.4142
-40.5764
-15.5736
30.4014
18.5754
25.2709
44.1166
27.5684
-8.29569
-20.1458
-20.8595
-25.5257
-20.3278
1.26535
-9.03302
44.8036
-35.2819
-19.4559
-25.7972
-37.5405
-46.9588
36.4748
10.1603
-8.86849
1.81479
-24.8585
1.88331
14.9082
0.160671
-36.7854
-1.32241
-56.1536
25.9053
-7.01304
-8.70303
30.8514
19.6857
23.6056
22.4405
4.61735
0.693439
14.1007
-4.83812
-22.2411
-1.25267
6.87081
-31.1058
-10.8882
-37.3624
32.473
-3.92754
12.1951
-10.7229
59.6626
15.5776
25.0593
-28.5664
39.8372
-21.9019
-27.5459
-0.276868
-18.1547
-22.2928
7.53241
47.5553
13.1015
-27.2997
-23.8914
24.8283
-12.8204
-18.7083
21.4954
-38.0763
-61.953
17.8467
10.7188
9.41466
0.402368
11.8434
11.6817
11.8001
23.9809
-11.0266
6.72305
-9.18235
27.9718
-24.4439
-19.5916
-23.7674
20.1383
-2.29922
19.3997
-21.6372
9.7978
34.7824
-0.39574
6.97545
-11.4965
-6.77089
2.00769
33.7222
-8.97454
-9.34669
-12.5324
-6.40168
-3.68425
-48.5298
-31.4823
-7.8012
14.9796
-5.58984
4.03492
23.4416
-37.8329
-4.2572
3.92011
30.0185
-10.2736
-91.6777
54.1407
-16.6318
5.55863
14.1113
33.8502
-1.57613
-7.44659
13.2183
-7.50906
-26.3951
-38.4026
24.6442
11.6429
-22.2781
56.144
39.3866
58.5325
-28.7959
-34.4027
20.2769
-18.4456
-19.927
-13.7027
17.4459
-7.57196
23.5978
10.0381
-52.4591
-6.81464
-10.4197
-12.0081
-54.4425
13.4572
-6.3795
-34.4715
36.4715
14.5409
10.0206
-8.0313
13.5424
6.75189
37.1158
5.96184
-13.844
7.03428
-18.601
-17.9194
-10.3001
-56.05
20.47
-34.8514
-15.3748
3.26346
-31.0124
-0.632619
-16.3904
-15.0625
40.4636
27.6862
37.5488
14.5727
-39.1067
-10.1517
-7.55467
5.23344
-43.403
-33.8133
9.34209
26.7397
15.0353
39.7256
-7.61376
-34.7923
-20.4012
-12.2938
-22.4021
-1.85549
15.673
-0.587833
15.8189
36.6966
-10.5924
8.12276
-23.4925
19.131
30.6191
-5.97149
-26.5698
1.70357
23.7563
16.3214
11.5122
-32.8978
32.6631
55.5608
9.29328
-27.1582
11.7689
27.042
-5.36989
-52.8749
-6.27196
-2.74107
22.5674
-35.6955
10.8364
11.8028
-13.8835
-7.96504
37.8592
-14.9245
13.445
5.47948
3.62422
5.30862
22.4774
-7.46192
-10.7321
-7.38191
6.20925
-24.7596
0.155931
-19.0643
-35.1608
-5.66607
-31.133
5.38476
-9.35755
-25.3108
2.60627
-31.8137
-13.0216
-17.8141
-48.5919
-45.7274
-32.4348
-39.6285
7.72532
8.70589
23.5293
-36.8997
-11.1643
42.0668
-33.2601
-3.44142
35.6655
-2.5722
-41.8728
29.527
54.1316
15.2287
-1.02587
15.7209
23.2801
-24.532
-31.9554
33.2922
-32.306
-32.1913
-28.0276
10.8404
36.241
-1.28431
-63.1117
-8.40318
16.9246
11.1198
0.901999
-11.556
-18.643
23.8692
-4.78249
-32.1479
-36.3049
7.9279
-20.1221
11.5493
7.87542
3.52551
9.06388
25.5626
-28.2864
19.4627
33.6933
-20.3143
24.9685
-17.7851
7.99257
16.1796
-5.5414
28.1387
29.8058
12.2511
57.5958
-1.41246
-20.1062
-18.1869
-1.29638
11.5832
3.33321
-28.9148
-10.8084
27.8467
-56.629
77.3655
7.25354
6.95919
18.9074
15.7526
16.422
12.4825
-8.23729
-3.35604
4.21189
3.12495
-4.11886
-30.3584
30.9644
-4.2127
34.327
-33.8184
-19.1366
5.02958
-43.229
61.8812
18.4598
-14.8053
-9.4788
21.4422
13.6019
30.0046
-10.3379
-14.4065
11.2038
10.993
-51.1283
36.2106
23.88
15.3189
8.98144
12.9523
-7.29541
23.1668
-9.69957
-3.81986
3.08538
38.7331
-0.0725193
2.31958
-7.53941
-33.4332
11.7558
20.7213
-28.8004
-14.4233
-72.0169
53.2092
-6.37331
29.9933
25.2944
-16.3422
-14.7655
68.4691
-9.56337
-16.6951
-59.6507
-2.86227
11.8975
-16.8794
45.1357
37.4806
-15.8748
22.5728
-3.82993
-8.91218
-2.81265
25.9997
-2.94518
-0.840341
3.98011
19.6119
-32.7142
-40.9459
-43.9201
-30.2874
18.6373
-12.2444
-22.1459
-36.2564
7.70633
53.4274
11.6528
15.2403
-4.46117
-3.56521
-38.1975
41.7125
4.88282
30.9565
3.46862
4.43
-7.53108
44.8517
17.9603
-38.7784
8.14139
9.44073
23.7515
32.6327
4.63601
35.2965
-1.07206
31.9433
-4.47033
22.341
-14.2026
-37.5325
33.68
-7.41783
23.0063
9.59982
-6.81961
-5.56184
26.9831
18.4824
19.6548
0.842035
7.10217
61.1844
-17.2854
-11.909
23.451
33.0251
15.043
-10.8904
-25.6666
7.40743
-5.98749
30.4639
2.878
-16.731
-3.01798
53.5254
14.8667
-51.0262
8.25239
25.601
-42.3531
3.68046
-23.7455
-12.4981
-9.06281
-15.547
19.6135
-15.503
8.34843
-37.0903
-30.4871
-14.6006
-25.9265
-16.9989
10.4215
-15.273
27.9821
-16.8843
-26.1579
-36.7163
-6.20819
-58.208
-44.9616
7.48545
-28.614
-7.18305
2.24157
-10.0722
65.8699
10.3195
7.75813
21.8873
-21.1611
19.2031
-9.12168
-11.3624
4.33129
-13.1246
-20.9109
-26.4638
1.53321
7.60203
23.3085
-37.0693
43.1581
-29.2525
12.8388
69.8275
24.4238
4.01671
-3.98582
6.68652
0.169974
-41.7441
38.0078
-4.65121
6.01311
23.9711
1.4684
-14.6031
-43.4546
-22.0963
23.1401
-4.24807
18.7789
-24.419
0.976379
0.321278
16.8654
6.89826
-18.5851
7.01233
-32.6404
24.9002
-10.9698
2.29302
-0.380728
34.6031
-31.2432
-17.2438
32.3579
6.02987
22.1387
25.9955
35.728
-53.842
1.36519
-32.689
-10.633
21.0411
-32.6229
7.20512
21.7588
3.2255
-41.6972
-12.5882
-4.05951
-47.9864
-34.3618
31.5321
24.5286
-5.96387
-20.3025
-24.9899
7.77238
-10.2862
31.1944
15.6021
6.7552
18.6598
-35.3841
8.85419
-10.5986
-3.52384
-18.6834
50.3732
-4.21794
-4.75439
-38.9245
-34.6147
9.71358
4.8909
-9.99651
7.84602
-4.21047
26.2814
-2.3128
-44.0695
-7.2745
-24.3363
-13.8005
27.7169
-18.7035
-5.93437
-2.18088
-38.7266
33.2828
-37.5031
0.528131
-45.7645
38.3054
-43.6053
-46.8771
29.8676
-7.07438
-30.0531
-19.4859
3.95141
-1.35269
8.57791
53.7253
-18.5466
50.7901
26.8761
-22.8073
-24.7589
11.4339
-27.6611
32.8855
17.2558
-8.03935
-0.758636
-7.61159
-18.9722
9.62786
10.777
4.34223
7.35894
8.84996
-39.3916
0.810482
-13.5215
39.405
-19.9652
7.46715
12.7116
-4.29085
17.6683
-37.0763
-3.92712
24.8749
-13.6745
-0.15099
-25.055
-49.867
-59.4373
34.5102
-11.3803
-43.9332
-8.13902
-10.7041
-43.0434
-19.9787
-31.2603
31.9909
-15.8054
-6.93099
-6.26112
0.681423
-19.1838
32.3228
-6.99936
-31.6575
-12.6996
-18.1965
9.97217
36.1588
-28.9651
37.0851
3.42178
-11.0604
-20.975
-27.814
14.7085
-11.0678
-13.0818
12.6176
22.9804
8.95463
-3.05909
22.2387
-19.6563
10.4243
2.32404
13.4704
39.8026
-25.5126
-17.6137
32.3193
32.9341
6.52805
-50.2709
45.5246
-14.0531
-43.6536
-23.7517
-9.84608
-2.94592
5.21523
-36.1447
-36.1935
16.3793
-8.83647
36.7082
-8.20745
37.7916
-9.97541
-14.0942
13.8905
-33.8723
4.67694
12.1068
28.4778
-17.2741
-12.5146
7.45003
-4.55703
10.586
17.6657
-31.8702
22.6638
-11.6446
4.36333
-20.5383
-3.56906
-18.4686
-20.5606
20.2543
33.6505
29.7176
45.6518
28.6032
4.67916
-4.81903
-35.4453
67.432
22.4553
45.4302
-30.1267
-3.85434
-1.87534
34.1127
-30.5465
-2.31009
28.518
9.08357
15.3922
-5.38861
-41.5611
-31.9333
8.05699
18.039
-29.0884
20.7442
18.822
16.3715
14.4947
-26.1386
-0.195127
-30.0754
-1.89782
-0.478218
-18.8071
-13.613
-33.8343
-36.6506
-4.46244
-43.1948
85.4303
-33.9993
-8.09867
-6.82439
21.9375
49.8038
-6.09631
-37.0812
-45.5601
4.04503
48.0578
36.9303
6.35962
-47.9118
-21.0622
8.05012
15.8416
21.6567
-86.529
50.5544
5.23224
38.3652
35.132
14.8988
10.4905
-7.41833
-8.48509
20.8641
-10.2892
12.1838
-25.1557
-20.6614
-6.89666
-13.6216
28.4597
-17.8582
-5.33106
34.6834
35.2464
0.0308046
-22.5836
-10.3849
-29.8778
-2.04505
28.4931
-40.9585
0.207956
6.78013
23.5511
-51.428
-19.3299
-61.6403
42.9294
7.32805
-8.3151
-30.8814
-44.0045
-17.1564
-16.802
4.80446
28.5177
26.2148
9.36127
26.7975
-4.15444
11.4981
-23.6961
33.2332
-21.9898
-12.5972
5.05181
-6.56902
15.9837
16.9918
-28.0179
-9.82151
-3.38577
36.8289
-10.2838
15.5489
6.30259
-34.462
13.9077
-31.5234
17.2863
-16.4687
38.8389
35.7833
-19.6952
7.65853
12.5348
25.5217
34.0407
1.33486
-51.9548
53.7789
-12.891
-29.4909
-27.1901
20.2189
22.7137
-41.8628
-14.0902
6.13309
-7.19052
22.2052
-23.0353
11.0765
-7.94812
-20.6158
-5.9841
18.2157
14.9703
-11.617
35.7073
30.091
10.1801
-11.1345
-23.2199
30.9035
-34.993
0.206637
29.7067
19.2989
33.0408
-2.58324
-29.4799
21.203
-9.57502
5.44307
7.60875
19.1585
-33.3382
36.1126
22.639
38.8239
7.43568
7.37812
44.2218
6.90564
-36.9619
59.2817
55.5035
17.39
-1.57842
11.5701
-32.4123
9.20113
41.8241
-17.105
8.22261
-17.5992
-6.41534
23.4658
-31.8256
12.1974
-3.11487
37.6083
-11.77
-17.5922
-6.40613
-8.30556
0.0794573
24.8264
5.36378
10.1603
7.70376
-16.0406
-28.0022
31.0119
-11.8477
23.4925
13.652
-26.9793
-52.3792
21.708
-51.0165
-0.461192
18.168
4.06947
23.2577
33.8007
11.8805
-21.2894
52.2721
45.0281
-39.3088
40.5345
-2.98788
26.4788
-26.9468
34.3531
0.649542
11.2017
18.0243
-21.4387
27.9167
23.7932
-1.80983
36.8956
-12.5696
-39.5729
4.07463
-3.78148
0.645102
-5.88633
-9.93164
36.4761
35.7754
2.00901
-2.56393
-38.7859
21.7235
4.42432
18.5069
-5.65919
39.3491
-21.2456
-13.9659
-10.2834
-23.3766
13.7342
-3.72296
33.2984
19.7093
2.69592
-21.9086
-29.5111
34.3782
53.284
-3.14855
10.6488
33.4971
-9.98905
-19.9502
-8.4221
32.5485
-25.1611
10.2841
29.4379
-8.08276
47.0245
-43.2167
-28.2331
-13.7663
-7.7927
-30.9049
26.6412
22.578
-32.9387
6.22165
2.73946
18.4918
-18.9852
39.6537
-1.28823
13.6764
-10.3848
-10.9949
2.61552
10.9887
30.3737
-14.0341
5.15872
-22.9423
27.1788
41.5244
3.74473
-10.6917
-13.8012
-7.99436
5.54701
-33.7724
40.637
-2.95888
-9.27685
13.5785
-7.51184
-26.2314
-68.4985
-6.32304
26.11
-40.6681
43.9294
-15.6386
0.578629
-1.27382
30.6817
8.82933
5.05985
-13.5382
12.4423
9.93841
-14.3176
22.0943
-25.1967
-10.1109
-25.0076
-57.0984
12.5581
-4.97038
11.529
33.6429
2.05088
53.7
58.6102
8.34137
34.44
20.9841
9.95284
-25.873
18.5642
-2.65604
11.7952
13.6684
19.0368
21.0167
29.0252
-14.8741
-3.36375
-25.8759
17.8483
9.08401
10.9737
16.3929
-5.44106
26.153
-39.4114
-10.8468
46.3592
-25.9538
-58.7067
5.33572
5.28918
-11.1754
-35.7091
5.20921
-11.2437
21.2003
6.89872
-23.7995
-26.7551
-23.3637
15.0535
11.9064
-56.9448
-0.926382
1.73478
-22.8607
-15.8271
-25.4866
4.18822
2.57828
-13.6447
-27.2205
0.484783
-31.8467
35.2619
3.52904
-32.1574
-3.74928
-33.6018
-2.09976
-32.592
-8.14289
-32.1983
-29.7385
-7.07012
-8.24576
38.3557
-31.3437
-41.9678
11.3462
-4.10787
1.65623
-32.2738
-4.84746
-18.6099
41.9907
5.497
10.0915
-11.2628
-11.3826
-49.0237
11.6134
47.856
26.2611
13.2951
-20.1725
38.0135
48.3683
34.3493
25.3684
-32.7625
-6.6854
-2.77707
-2.84505
-28.7287
18.5719
16.1814
5.71383
-24.6844
22.1504
-32.2771
-36.7982
24.5163
-7.78512
6.16068
59.2163
8.14673
2.24295
-58.6479
22.1517
14.1154
-35.2397
-27.5105
10.8173
-49.4686
78.047
14.2655
26.2474
-31.4346
-9.41079
39.9677
3.6201
-7.09827
1.60039
-34.9289
-1.88168
7.63759
11.1772
-21.9591
8.37727
-15.8584
-13.87
-12.0157
-21.8529
-29.252
52.2934
-16.9599
-9.79906
6.91202
2.37966
-34.6675
-7.2254
-27.3888
10.4094
13.4978
-19.0506
-57.9027
52.9475
-4.73553
27.2719
30.9675
-40.0266
0.486539
-29.1857
33.2346
3.4453
0.131868
-1.23829
3.95244
1.08813
-27.5738
-14.3733
-19.037
-22.9825
-12.1012
-10.9441
-69.2584
60.7902
-23.8773
18.3995
30.2969
-2.79571
-6.32886
5.39223
15.2926
26.3273
-16.1463
-62.381
-5.8014
-37.8533
-18.9441
14.7439
-23.368
-0.0514778
16.9687
-29.8953
15.019
-31.7226
-15.977
31.9259
-25.3652
-6.54502
-7.48767
-7.7399
-6.44697
25.8341
1.83391
45.415
30.2617
-1.9831
-24.1625
12.9592
12.7951
-3.82816
-11.8629
-12.0874
24.1295
62.2963
-10.2424
-36.4144
-2.92299
45.1411
37.7651
37.2503
-32.0716
38.476
20.3496
-22.477
-11.3367
-3.86104
-11.8051
-49.7973
-7.757
49.6972
10.027
-22.0867
12.6944
34.6791
-36.3822
19.8484
40.2813
-23.9497
6.26961
11.1468
45.8971
34.6313
50.4877
44.4297
12.3252
14.517
31.7846
-5.38357
24.0292
1.44575
-5.35565
30.9254
9.04959
33.2169
7.28611
1.61204
14.4237
-10.9732
2.81058
6.39243
-3.56967
-20.9446
-6.54946
-8.52845
-8.182
-14.3884
13.61
-39.5518
12.293
14.3055
-10.4077
-11.1953
39.1351
-21.8501
6.87163
8.03113
50.7138
-2.98278
-31.251
-19.3118
23.4015
-15.1184
-36.2337
-21.8253
41.6073
-6.099
-8.77101
-23.3118
6.81995
42.9331
2.83585
-29.2203
-13.0222
28.7302
-12.2908
7.11868
-21.57
-10.3644
8.47895
-8.84579
2.47824
27.4227
13.2136
1.86902
25.5388
4.47191
-39.9
-13.0476
-20.538
-6.51985
33.59
37.6751
-9.34298
7.90244
4.14298
38.3475
-21.7164
-38.8373
-21.2747
-17.8674
19.9535
23.082
9.26306
25.4215
-7.06481
27.4037
33.5203
-19.9366
60.8328
13.4572
15.0109
16.5262
-12.8037
13.1571
-12.296
-37.523
-2.69843
-19.6551
9.10803
-11.9465
-22.6694
-32.5101
35.9012
5.6578
-4.20639
56.4998
6.32987
12.3934
10.2081
44.9243
-13.5097
-28.7012
8.07175
-15.7271
15.3937
10.0586
12.2988
-18.5082
35.8042
27.8069
-57.7263
-34.4705
-48.1604
24.338
-10.2444
-19.3071
42.5777
23.1927
3.48468
-9.59484
9.01925
3.64657
-37.3754
-15.7855
-4.6403
15.1609
-50.1837
89.0282
6.06089
-27.075
-0.359679
9.17122
35.0465
-22.3239
-3.28411
6.26485
-8.98548
16.1678
29.8799
47.6673
0.873578
1.04007
10.514
-2.38016
2.50567
-26.3603
0.0447822
8.60282
13.9536
-10.6321
-8.57377
-36.7564
-6.19984
28.5862
-18.7443
7.31758
-15.8427
23.9365
13.678
20.5826
-31.1119
4.58269
-21.6249
6.12643
-28.9845
-9.4378
-6.53938
-10.5945
3.59204
0.0227295
-18.7684
-13.2906
63.9132
41.6546
-18.5112
16.3348
2.95304
-21.3676
18.6818
21.3594
-29.9059
-48.3766
-0.444467
21.4244
18.1042
2.14709
29.2528
17.1829
-39.8397
27.9051
-25.7256
-23.0311
-52.6647
14.0344
-15.6262
1.48605
-34.132
39.4795
10.9076
25.7344
-3.8523
5.38605
21.6173
-0.93782
-16.6602
6.71289
0.0803194
-22.4796
-16.3842
-16.2675
-21.5147
10.2958
13.0278
-23.1363
52.0098
2.23266
32.9445
-4.66217
-16.3402
-3.41138
19.0701
-3.28642
-2.84384
-11.3284
-23.5049
47.3685
36.8035
23.1789
21.8792
22.8094
-45.6102
11.4657
0.185355
17.9516
12.7115
15.7299
8.8103
1.45335
-40.3539
-45.9978
-21.2801
-7.38495
-32.717
20.8913
41.0693
-47.0293
25.6862
16.1192
5.14587
-29.1139
-9.82606
21.8807
-0.540041
35.5887
33.0338
45.9272
46.4932
-39.5112
-1.60957
-26.7977
-10.2559
22.5105
30.2154
-19.5786
18.669
40.7096
-56.6528
-29.2483
-4.75674
41.4315
-8.28616
26.5267
-6.1047
-36.7697
47.7816
28.5449
-22.5695
33.2414
-7.07204
-21.6403
-17.9587
20.2158
-28.8683
21.9108
40.1667
-25.5651
-33.4057
7.95934
4.39644
20.6961
8.13851
29.6733
-41.132
-21.7875
-11.1999
4.4975
5.46696
67.4348
-10.0443
8.30266
-17.9179
33.2441
-46.6071
1.33532
32.1168
48.0661
-26.8894
-8.2523
-29.9425
-5.62511
-28.1855
24.0739
-11.9764
0.468329
-0.0747388
20.6223
-3.53884
11.2519
-19.4488
32.0093
-24.7582
-14.9948
6.04191
-5.62424
-8.78984
-31.9205
2.84001
-25.8862
17.9413
14.8387
37.5098
-12.5849
5.28052
8.78154
1.47321
9.53994
-20.4699
12.2013
5.64906
-48.5873
19.1242
-3.49289
-56.5709
-3.70565
-9.5689
35.0269
-6.08639
6.09457
-19.8791
24.8863
18.2412
-20.898
-1.96692
-34.6465
33.1131
31.1331
-42.4913
-8.69024
45.3497
-13.9256
6.06284
2.34187
-16.507
-51.0597
43.0085
25.8593
-1.59599
-28.8725
-38.5394
17.9855
37.6241
1.37804
9.8278
-2.10015
-7.94667
25.4656
-2.2325
-53.2168
20.9156
42.1372
-10.1594
-1.51026
-14.608
-20.0687
-3.9381
-20.8055
-53.993
3.17538
32.5648
-34.2209
7.1839
-24.666
8.66236
28.0843
7.79931
-14.0112
-7.08023
-22.6851
3.75387
21.7673
24.6953
45.1397
-10.9825
-40.0859
-19.9646
-32.0712
0.684547
-10.9007
42.0364
25.7474
-8.20272
-4.99884
56.0914
44.0325
-11.2955
35.9841
-17.711
27.9732
-16.1029
34.2581
39.5689
4.13421
1.26015
-16.1995
-17.7413
-20.7083
24.7282
-43.2046
12.1538
-0.792371
-0.135104
24.1223
9.60175
-14.0506
11.1091
-48.8089
22.5103
-30.6971
15.967
-9.68784
-12.388
-43.335
-13.8185
41.9449
-11.1145
-1.69621
-1.51056
12.52
-2.82103
5.58788
-25.6873
5.08284
-5.18324
30.9492
-41.93
22.2944
-28.4955
-53.1086
27.9017
30.6975
7.33287
9.5288
-8.04952
0.796361
18.463
-2.46475
-11.8387
-25.7052
-20.357
-3.8494
-1.69656
31.753
52.103
10.9786
-1.21855
45.2977
9.62931
16.1187
4.62373
-45.205
9.24762
10.7537
-39.4474
-25.996
23.0936
-3.69601
0.789524
26.92
76.0572
14.8375
44.795
33.7856
-24.2856
37.2533
36.6587
11.6179
7.3328
-29.0124
30.5604
55.9419
-36.5431
-1.22922
-3.48388
27.938
-32.3505
-2.4371
-30.1049
42.1457
-16.533
2.64763
-42.6006
35.6649
-36.1952
-28.3334
-46.4308
9.12248
-14.3027
26.4731
35.1816
-4.19267
-0.262117
-42.0586
23.2037
-1.65073
32.1603
-10.4606
10.4604
-29.1238
-7.37513
-10.857
-42.7112
20.6803
-6.08846
-12.3634
7.55623
-6.08027
7.08076
-24.4536
22.5062
-53.9357
2.52362
5.35475
22.7471
41.1379
-30.7499
-36.4676
20.2752
-49.3848
-30.8726
18.1469
-71.8219
-32.5572
-32.6128
13.2077
40.77
56.9983
-9.59938
-31.2443
23.1634
30.1032
-14.1201
-15.4162
-10.1333
11.2469
-1.41924
23.4082
-18.4178
3.05542
5.09791
-25.4954
-37.171
39.3865
-1.78385
-7.12353
-18.4553
-38.0514
-1.24441
0.427467
-2.13612
-5.70429
1.8588
-4.52538
20.0707
10.3866
18.4834
-29.0898
32.2487
60.1013
13.9543
-38.9389
-31.2568
15.5048
-18.0415
45.4204
16.3411
44.3665
-34.8179
7.67035
-8.77512
24.7682
21.0845
6.38556
38.5486
-32.7753
-14.2418
-26.3271
-22.8831
-9.36648
8.09794
2.59796
-56.2626
-12.2575
-7.67948
-36.467
-59.7833
14.459
33.6962
-4.46842
-5.34293
-58.0368
-13.1599
-12.5802
-3.85583
-42.676
15.9312
-0.366339
17.7512
17.1569
17.3495
-5.43791
-4.10444
0.413475
26.313
-2.2624
-12.7465
4.90435
-27.4513
0.352637
33.2859
-38.9722
-46.4999
7.35147
-13.7354
-48.7831
32.6173
5.40195
47.1272
-43.7691
24.9818
3.31502
31.0834
19.4121
-10.1273
-1.63034
10.6596
-4.93555
-23.821
-3.20494
30.8466
25.6485
-2.11615
26.1069
20.5982
46.1733
-24.9306
2.57937
10.7669
17.1753
-5.74941
-12.4607
-33.3171
-3.62348
9.23461
-24.4915
-21.4035
35.4368
57.7318
-19.8925
0.454077
-30.5813
66.1979
11.1315
1.40279
11.6425
16.6686
-23.2637
-6.0045
14.4917
16.7375
32.2242
13.1508
14.5823
-72.7312
27.6519
15.1409
-10.8653
15.7348
-37.8109
24.09
-9.45274
10.7716
-29.4809
14.8462
-6.24629
-15.0162
-44.641
92.8167
22.7892
-8.94297
40.3406
62.7115
25.4967
5.99546
-52.2528
-16.6527
13.5842
-14.6867
2.0342
5.81127
9.35792
5.39773
-5.75292
-10.0781
49.436
34.9052
-11.6648
24.2196
18.7405
37.5224
-2.47216
8.01253
27.2131
3.40185
7.64466
9.54775
17.1016
24.0092
-14.2253
-40.1874
25.3795
-18.8415
39.5687
-1.74976
7.02005
38.9065
-36.0589
24.0404
15.6742
5.53091
19.0884
34.5763
4.73565
23.5722
2.16079
-2.72415
11.4501
-35.2687
1.76552
-3.52765
5.38927
-9.1617
17.8235
11.4031
-9.09652
-6.18821
16.1986
22.4887
-18.3894
3.44051
-45.3307
-33.1416
34.6377
20.2832
26.1851
-4.51993
-43.9821
-37.3192
-17.4045
-20.1225
-5.28386
-28.5411
34.9726
33.664
-4.03341
-28.8492
-36.3689
17.732
-25.2055
33.3372
-7.60403
6.27165
-26.0001
-1.12933
10.8071
25.0489
-7.20318
53.6161
-14.6289
-8.20552
-14.7395
-28.6081
-1.86508
45.8702
-10.2078
-34.0304
46.5765
-22.6254
32.0446
32.5873
-9.85654
-8.31351
27.7294
35.299
3.30221
27.7316
14.6824
8.09952
2.23724
3.92364
13.6092
37.5691
-15.2974
-26.3703
28.5132
26.1624
-47.742
-16.4277
0.94015
27.0807
-24.521
78.7663
-61.5504
19.0755
-24.2594
0.951583
-14.6657
-10.7419
-21.5107
-36.4244
7.75231
0.534069
18.3623
-0.871787
-5.54511
13.5135
2.76811
-3.83806
-6.75089
27.3912
-24.339
17.0399
-20.083
19.432
9.6688
22.9765
20.317
54.872
-28.0207
29.4649
19.7704
2.19881
-33.2139
-19.0927
-6.00884
4.14981
53.3175
16.386
8.25292
1.34638
-3.75902
32.0578
47.7283
-14.5937
11.2773
8.14022
-13.5759
12.4204
-35.0855
-16.7977
4.05838
21.5862
-14.0972
-39.1172
-22.9842
-7.17589
-13.1964
-41.7805
6.94336
-18.0117
17.3276
9.48985
6.80077
26.4419
-49.4762
10.3666
66.492
24.3095
-10.4415
-39.3787
-22.1625
-31.2604
1.43257
-10.2293
7.11624
14.7409
3.24115
-49.3432
-3.47342
-15.7157
-20.5128
19.5012
-1.07287
13.4252
35.2749
32.8174
48.8317
-5.03096
9.93979
-9.01864
-34.0028
16.5565
-16.0288
23.4837
32.1035
23.8531
14.8865
30.5723
-13.0669
18.6762
6.86222
17.0432
-26.1963
-15.622
-42.9067
4.88598
-5.94287
-19.7757
47.745
5.25606
-13.5276
16.1161
-26.7628
-36.9361
-23.8089
37.3573
35.4228
20.6271
60.8937
11.4571
2.31771
-27.4396
9.24783
11.5582
0.0809786
14.9394
-6.07486
8.20148
9.07189
9.51886
49.2595
52.2299
-9.27747
-18.3793
4.22241
42.5151
-46.4921
24.9362
-25.5359
-45.3396
-15.6978
-5.72599
14.8555
13.6039
15.3684
30.8655
9.22014
16.4037
18.1103
-9.59435
-0.111638
-19.6786
16.439
-5.62382
14.1777
31.9219
0.0439215
26.9033
33.3172
15.0273
-5.21856
-6.80285
5.01122
-30.7078
53.4255
-4.10405
3.47136
9.19531
-37.364
-18.5984
-4.67892
39.5402
36.5622
28.215
17.9636
-1.38796
-4.98388
13.5173
-33.9195
-19.3675
-34.2571
-7.88746
1.54351
-36.2799
10.1989
-11.5158
-7.59471
-7.36255
10.8465
-22.9546
51.801
15.7204
19.475
-29.5488
65.2172
-14.7688
-44.0759
11.3795
-32.5772
-8.19028
-12.4933
-30.4945
9.58923
-3.99797
-25.0878
-13.1901
7.50928
34.0844
-34.5889
-1.59157
4.38799
3.72266
-14.7025
-15.5212
-0.352351
42.3023
28.3605
-16.092
-10.2109
4.98686
-14.4421
-14.0197
-23.8725
30.847
15.5899
62.5661
13.5129
-48.2449
-18.3669
-7.45546
4.07373
20.4356
-2.85823
30.5928
-34.7258
28.3942
16.0543
41.6994
-29.3128
13.3718
63.4228
-9.78885
-23.2604
-21.6074
-21.3947
65.3811
57.4731
1.42009
35.8655
-5.15144
4.6259
40.1098
-24.2483
-38.6527
27.3588
-17.3105
-6.72238
-20.7769
0.756373
-38.6697
-1.71205
33.0658
4.7428
-16.8293
34.9594
-26.3248
-42.4186
-1.31547
-22.5637
35.111
8.77931
-6.02739
8.51077
-26.5108
26.1383
-82.4465
2.51479
14.5244
27.4253
5.24002
27.4226
-35.8824
-14.1491
34.9051
-46.2307
30.8551
-10.8989
27.9316
29.3698
-42.2196
-2.33398
-33.394
-30.4505
3.57052
-19.7576
-29.3022
0.286042
28.2315
13.3527
10.3588
-19.6748
25.2519
29.6044
5.63429
5.64417
13.0031
-37.995
-25.8141
4.77935
48.0931
-18.9209
27.3063
8.02834
27.9861
12.727
-22.4639
8.40431
35.5575
-2.43168
-50.8482
18.7912
16.0171
-16.3623
-41.6749
-15.6381
-26.7402
-43.4804
19.5294
-15.7555
-4.42929
-13.2444
18.2794
33.4167
-16.3941
-34.94
5.60809
-22.4416
-8.33326
-27.4239
-29.767
-19.7557
-4.74669
-58.4382
-11.8761
-37.6214
-10.5118
46.7712
-4.66663
11.9764
-1.38229
-4.11851
13.8663
-21.063
19.4469
7.77133
41.1879
-36.8168
29.7235
-24.136
4.06706
-34.9916
-0.0845192
11.3124
-22.8665
31.6863
0.132646
2.15142
27.29
3.73274
-1.62227
-3.12431
56.3651
2.9318
-25.8101
-11.3666
-5.85073
-2.24347
-8.81443
22.9414
-10.1169
-17.0988
14.9157
5.13458
-16.1144
21.4443
-4.61339
24.9713
-0.552744
-7.75418
18.2522
56.0623
11.4222
-15.1279
16.8119
-27.8018
-9.13372
30.6405
82.5809
21.6152
9.98806
24.0365
-17.2391
-7.41505
0.719039
-2.27528
4.15528
-9.13932
20.2505
-30.252
33.4587
21.7054
-57.8645
-21.9904
22.6275
-34.239
-52.7763
1.58191
-13.3495
4.16578
-25.8681
-20.7233
32.3837
43.0458
5.74578
-32.8844
1.85168
-27.9679
-89.5901
18.6833
10.6971
4.37162
-15.0588
-6.66014
-5.24025
5.97839
-28.9569
18.6882
4.88941
-47.5927
-19.0889
32.837
-4.6637
42.7517
29.0047
2.39745
-8.31104
1.51801
20.2814
2.93803
7.73557
47.0601
-1.57865
8.67845
10.3129
-5.61023
25.0873
-18.8581
43.2885
0.902427
46.5765
-40.3129
20.9874
-15.6139
-35.987
11.2772
-5.52998
5.34925
-7.79873
7.6315
18.6186
-26.8366
7.71167
-3.18377
31.6605
-19.1594
28.1342
2.03331
-30.7871
23.3049
11.8143
-7.69982
25.5604
-13.8158
15.4296
16.7337
-3.3716
51.3038
-36.496
43.2807
7.81621
-22.4566
-7.42874
-7.95753
-6.16136
-27.166
10.1092
82.3013
50.0748
13.5579
1.49388
-0.586333
-9.01021
-18.1948
37.0629
-19.5545
-50.4875
-0.884039
8.77062
25.2338
-45.8538
6.3647
-26.3821
-39.6911
27.4715
54.1275
10.6261
-25.4698
-49.6996
-16.8069
-6.14984
13.0837
5.06576
36.5402
-9.33866
-7.58278
-35.3626
31.6582
52.5695
6.71485
54.4336
8.95304
-5.35694
25.3976
-29.9096
34.3225
-15.9902
-57.4244
-3.05029
15.3247
-17.3207
27.1428
51.4116
22.0237
-21.0823
19.3087
-7.22738
-46.7321
-17.5507
-8.94528
12.1777
-19.8581
-12.6736
-15.5143
-18.4477
5.07748
19.6503
8.24753
-26.1231
-3.47631
-39.8399
27.3183
0.752504
-2.11011
2.75047
-2.01835
-12.048
-38.7313
20.1151
16.3963
38.5158
-3.70768
0.838128
-15.8862
-44.5433
3.05163
-67.7891
-50.4792
-2.94302
5.78977
-27.1968
25.8572
24.4846
-52.3846
15.8558
-2.23557
-9.73229
-22.4379
22.9098
-8.55117
2.24904
-23.4039
3.80495
-5.53327
3.64831
22.8853
-33.0202
25.8894
14.9998
-10.3516
28.8143
19.0354
-3.70301
20.7575
-22.2406
-1.44397
-9.7495
7.26861
7.38759
15.298
-15.2433
2.43238
34.5638
-12.9988
-9.38518
-14.0504
45.2452
10.4533
-22.4029
-10.7275
-68.761
2.75751
21.2252
15.7542
-7.31824
-40.2824
-7.71813
-8.46715
-1.48417
-1.1767
21.7186
4.25636
-5.39939
1.50406
