-5.64462
2.66019
0.82821
-0.841894
7.10557
0.795548
-0.019458
1.94149
2.68562
2.48172
-6.46484
5.51734
-16.259
0.314995
-3.53692
0.888663
-8.78762
0.274364
-0.577946
1.12364
10.798
-2.44351
8.98131
-7.14194
3.77556
-0.134445
-5.11848
0.629266
7.34888
13.5148
12.4997
-4.86753
3.59676
-0.273758
4.73773
8.01746
5.55772
-9.00724
6.40653
-2.8356
-0.437382
2.48651
-7.00828
-10.271
3.61477
5.99595
-10.6669
-3.70052
6.27045
-5.37687
-10.8068
2.10767
0.730206
7.70999
-10.3434
0.694772
-6.43852
-7.12203
-8.41903
8.99658
-0.753872
-0.772794
3.02626
8.26
-4.72196
4.53642
2.5316
8.18354
6.09538
4.97749
3.84324
-2.52662
-3.15662
14.2181
2.84929
1.07119
-5.82848
7.32782
-7.77297
-1.79234
-5.07784
-11.2124
-2.93965
-5.92475
6.02941
-2.75172
-0.858778
7.36132
0.946724
-5.34637
-8.05794
4.93081
0.626015
4.81356
-3.98957
7.04066
-6.92904
-13.8984
2.09781
-0.0905057
-8.43132
8.1629
-0.747409
5.08247
-8.62063
-12.2107
-8.25358
-3.19515
-2.08333
-3.49821
-1.77747
10.1859
8.90632
3.48548
-3.68635
7.11973
2.30005
-6.20845
6.41475
13.231
-14.6174
3.50314
-1.24791
-11.1938
-6.62313
0.688258
-0.897307
-9.43268
-0.677499
-7.13583
-0.53813
0.621204
-5.36404
-11.235
-5.12601
2.51346
-14.1041
8.57157
7.01464
-6.10824
-0.484953
10.3205
-3.24559
2.66686
7.72255
8.87701
-0.0225012
4.26841
4.02533
1.31068
-10.0323
-11.998
-9.14878
3.96949
-2.05942
4.46037
-8.75364
-3.80594
1.81891
-12.8648
-4.44066
3.44184
-0.791978
3.17197
2.92293
3.81261
-7.27826
-4.98931
-5.19031
8.16684
-2.46253
-1.10005
5.75613
-4.65703
0.195014
-10.8612
-12.0739
-1.28737
-12.9356
6.45324
-6.73622
-3.61948
-1.49141
7.84479
-0.706168
-2.69398
3.05895
-0.107081
4.04034
14.9718
1.1193
5.71397
-6.09449
4.90391
8.80182
0.605513
-2.83589
7.89448
-6.08496
-9.16803
-5.44845
2.87502
-11.4403
4.96229
1.97895
4.49144
-10.4577
-7.15462
11.4586
1.39682
-7.82334
7.49918
3.54459
-6.48736
-6.60402
1.63453
-6.46993
1.53143
4.50927
-13.6358
-4.01716
8.52604
3.97068
1.41517
5.20977
-3.28938
13.856
10.537
9.74306
4.07558
-1.20525
6.44955
4.47211
-6.63236
4.96259
-0.989088
9.62901
-0.824161
0.8581
5.78509
-4.15977
3.9158
-6.31201
-1.58819
-10.7174
4.34813
-6.48462
-1.26922
-1.36526
5.47832
-0.849765
-2.20544
3.34734
-1.4536
-1.92092
1.02051
