1.22628
3.08877
-0.768403
1.90129
-0.17597
-0.867421
0.00900212
0.0109642
-0.102216
-0.0660584
-0.0719923
-0.130699
-0.106077
-0.1038
-0.13521
-0.114693
-0.107327
-0.150876
-0.122628
-0.0563177
-0.153094
-0.0563785
-0.0775239
-0.12323
-0.122385
-0.0777694
-0.105873
-0.0325907
-0.106806
-0.0315865
-0.0894261
-0.11317
-0.10705
-0.0416084
-0.127913
-0.129272
-0.101745
-0.0734086
-0.0801543
-0.00384451
-0.137792
-0.106941
-0.0989685
0.0395616
-0.09686
-0.0779234
-0.067632
-0.114205
-0.101465
-0.122015
-0.0880976
-0.0491939
-0.101463
-0.187024
-0.0676299
-0.0877105
-0.0968602
-0.0332501
-0.0989593
-0.0341
-0.137785
-0.0766658
-0.0801565
-0.000590688
-0.101744
-0.119485
-0.127921
0.0312232
-0.106959
-0.185949
-0.0893992
0.0412703
-0.106792
-0.10536
-0.105817
-0.113934
-0.122333
-0.195988
-0.0775073
0.0164862
-0.153023
-0.129122
-0.12258
-0.0779794
-0.107314
-0.104843
-0.135117
-0.03082
-0.106005
-0.203391
-0.0718026
0.00683559
-0.102042
-0.0616257
0.00909537
-0.876979
-0.17538
1.82877
-0.768149
3.16152
