-0.00443092
0.00613063
0.0202889
0.0317057
0.0370797
0.0391058
0.035633
0.0465914
0.0468048
0.0580507
0.0569704
0.0510641
0.0442065
0.0335683
0.0360691
0.0304575
0.030272
0.0237974
0.0360192
0.0349246
0.0424562
0.0524677
0.0547969
0.0673586
0.0890024
0.0874271
0.103445
0.120013
0.123309
0.113799
0.113482
0.106592
0.0869459
0.0768004
0.0445053
0.0180409
0.0011664
-0.015004
-0.0359996
-0.0552219
-0.072737
-0.0847983
-0.0822808
-0.0991347
-0.0960164
-0.104458
-0.10711
-0.10785
-0.0955961
-0.0910822
-0.0990187
-0.077766
-0.0731849
-0.0740802
-0.0609771
-0.0558092
-0.0427043
-0.0447722
-0.033092
-0.0352851
-0.0240487
-0.0137857
-0.0040582
0.00617337
0.00485755
0.00708839
0.0169781
0.0236547
0.0156184
0.0154962
0.00301733
-0.00943699
-0.0107326
-0.0262463
-0.0442282
-0.0484178
-0.0492407
-0.065367
-0.0673962
-0.0619778
-0.0596835
-0.0502712
-0.0358583
-0.0327153
-0.00636681
0.0085497
0.0252425
0.0358234
0.0580706
0.0755963
0.0872154
0.0945139
0.0915614
0.108921
0.110387
0.12033
0.138764
0.15518
0.161385
0.162259
