0
-1.50896
0.0433759
2.39643
0.22411
0.241869
0.470713
0.424504
0.313993
0.337993
0.305274
0.268435
0.222503
0.215126
0.214133
0.184985
0.173208
0.149758
0.157765
0.141348
0.12653
0.124296
0.120203
0.0993173
0.0759766
0.0778083
0.0754777
0.0719202
0.0680604
0.0641516
0.0603366
0.0566058
0.0529506
0.0492452
0.0459774
0.0426329
0.0393961
0.0362538
0.0331882
0.0301974
0.027271
0.0244003
0.0215729
0.0187923
0.0160296
0.013313
0.0106175
0.00794831
0.0052895
0.00264216
-6.74958e-14
-0.00264216
-0.0052895
-0.00794831
-0.0106175
-0.013313
-0.0160296
-0.0187923
-0.0215729
-0.0244003
-0.027271
-0.0301974
-0.0331882
-0.0362538
-0.0393961
-0.0426329
-0.0459774
-0.0492452
-0.0529506
-0.0566058
-0.0603366
-0.0641516
-0.0680604
-0.0719202
-0.0754777
-0.0778083
-0.0759766
-0.0993173
-0.120203
-0.124296
-0.12653
-0.141348
-0.157765
-0.149758
-0.173208
-0.184985
-0.214133
-0.215126
-0.222503
-0.268435
-0.305274
-0.337993
-0.313993
-0.424504
-0.470713
-0.241869
-0.22411
-2.39643
-0.0433759
1.50896
