2.71568
2.88742
3.01848
3.49216
3.57559
5.65338
17.9787
-5.12646
-3.13706
-2.23806
-0.221428
4.40113
5.47622
-0.16085
-7.94516
-0.208944
1.30438
-1.70351
-1.35895
1.28533
-0.0739422
0.0460675
-0.158452
-1.4147
-0.981251
1.09759
1.47055
-1.20997
-1.36322
-0.146408
-0.127266
-0.597411
0.649621
-0.19984
-0.318194
0.0144036
-0.534852
-0.23599
-0.0241338
-0.0771526
0.482361
-0.0306572
-0.386727
-0.133756
-0.484287
0.0942431
-0.0123415
-0.0429922
-0.131618
-0.0334116
-0.288374
0.129947
-0.471332
-0.0575358
-0.292806
-0.00161934
0.365278
0.0274097
-0.278691
-0.0483269
-0.514997
-0.0180462
-0.225104
0.0293264
0.556503
-0.063463
-0.279024
0.00915667
-0.500391
0.0280567
-0.323538
-0.0709291
0.339182
0.0143004
-0.0342214
-0.0301208
-0.465609
-0.0475814
-0.207082
-0.0333221
-0.0335692
0.00601516
-0.24235
0.000171535
-0.454575
0.00731155
-0.240114
-0.0772157
0.36668
-0.0712916
-0.226452
-0.0226742
-0.415149
0.0727908
-0.161055
0.00938878
0.0592692
-0.0173417
-0.209774
0.0596929
-0.550026
0.0539887
-0.242343
-0.0802121
0.453453
0.0577169
-0.232666
0.0337555
-0.496331
0.0342398
-0.20369
-0.00093497
-0.0750126
0.0673893
-0.285662
0.046412
-0.372587
0.0109444
-0.243671
0.0152238
0.310435
0.0564034
-0.184846
0.0699924
-0.446701
0.0433272
-0.199287
0.0326925
1.30943
0.0332999
-0.184121
0.0394345
-0.434445
0.00900235
-0.240122
0.0484808
0.388692
0.000548574
-0.203099
-0.00998966
-0.438709
0.0328646
-0.186991
0.0266853
-0.000781899
-0.00193847
-0.221963
0.0813459
-0.400554
0.0629486
-0.217749
0.0426515
0.406789
0.0310487
-0.199979
0.0144731
-0.442074
0.0517046
-0.312622
0.00735889
0.104939
0.0392237
-0.0920383
0.0206301
-0.46101
0.0145563
-0.293007
0.0806225
0.371627
0.110134
-0.273712
0.0668075
-0.442406
-0.0331457
-0.226761
0.0375505
0.00680549
0.040655
-0.200593
0.0446823
-0.493643
-0.00474939
-0.21112
0.0232925
0.404497
0.0337217
-0.210575
0.0253823
-0.430569
-0.00203271
-0.153994
0.043645
0.659171
0.0126195
-0.24738
0.0133634
-0.481947
0.0126411
-0.11264
0.0379792
0.416842
0.0240897
-0.0900368
0.0677915
-0.475387
-0.00803718
-0.418874
-0.0201513
-0.0239692
0.0372759
-0.182887
0.0147613
-0.466639
0.0284254
-0.182843
0.0423436
0.386233
0.0239215
-0.167481
0.0664189
-0.430039
0.0714509
-0.2184
0.0158232
0.10305
0.0632346
-0.1444
-0.0227572
-0.468633
0.0356174
-0.202789
0.0354253
0.38644
0.0604442
-0.24739
0.0526045
-0.462667
0.0245665
-0.203143
0.0409193
-0.00664605
0.0181553
-0.182971
0.0207487
-0.464649
0.0387913
-0.265509
0.00574493
0.408433
0.0270189
-0.17706
0.0289143
-0.450622
0.0257481
-0.195789
0.0278764
2.71568
0.0317961
-0.195789
0.0218779
-0.450622
0.0328817
-0.17706
0.0231988
0.408433
0.00970663
-0.265509
0.0350289
-0.464649
0.024812
-0.182971
0.0144259
-0.00664605
0.0450486
-0.203143
0.020938
-0.462667
0.0567888
-0.24739
0.0568507
0.38644
0.0396771
-0.202789
0.032591
-0.468633
-0.0185163
-0.1444
0.0595974
0.10305
0.0201752
-0.2184
0.0679483
-0.430039
0.0707465
-0.167481
0.0224863
0.386233
0.0448952
-0.182843
0.0271481
-0.466639
0.0173969
-0.182887
0.0361026
-0.0239692
-0.0175991
-0.418874
-0.00943871
-0.475387
0.0700959
-0.0900368
0.0228096
0.416842
0.0404089
-0.11264
0.0112036
-0.481947
0.0158818
-0.24738
0.0111855
0.659171
0.0461228
-0.153994
0.00274342
-0.430569
0.0278754
-0.210575
0.0104924
0.404497
-0.100646
-0.211101
-0.119045
-0.493643
-0.0786494
-0.200566
-0.086661
0.00680549
-0.0913002
-0.226722
-0.164006
-0.442406
-0.0567328
-0.273519
-0.0120782
0.371627
-0.0432143
-0.292603
-0.112373
-0.46101
-0.102717
-0.0916982
-0.0872785
0.104939
-0.115903
-0.312227
-0.0730031
-0.442074
-0.097715
-0.199535
-0.0983167
0.406789
-0.0805413
-0.217284
-0.0818226
-0.400554
-0.0521515
-0.221384
-0.128202
-0.000781899
-0.0964092
-0.186353
-0.0936106
-0.438709
-0.132688
-0.190037
-0.116165
0.388692
-0.0744275
-0.25161
-0.116863
-0.434445
-0.0834171
-0.170915
-0.114492
1.30943
-0.0900775
-0.210618
-0.0601303
-0.446701
-0.0537025
-0.171796
-0.0754495
0.310435
-0.107144
-0.254878
-0.131303
-0.372587
-0.0629195
-0.272204
-0.0429394
-0.0750126
-0.141236
-0.214597
-0.0905864
-0.496331
-0.0882831
-0.218846
-0.083614
0.453453
-0.203046
-0.252969
-0.0718642
-0.550026
-0.0622997
-0.195569
-0.128894
0.0592692
-0.126202
-0.171143
-0.0506151
-0.415149
-0.119789
-0.212411
-0.187552
0.36668
-0.198596
-0.249932
-0.115288
-0.454575
-0.102542
-0.227369
-0.112366
-0.0335692
-0.159481
-0.216476
-0.146299
-0.465609
-0.152166
-0.0867734
-0.113031
0.339182
-0.191421
-0.3999
-0.0708978
-0.500391
-0.11057
-0.330361
-0.180113
0.556503
-0.112057
-0.300335
-0.135801
-0.514997
-0.160734
-0.328707
-0.0788161
0.365278
-0.0971213
-0.366947
-0.172215
-0.471332
0.00517035
-0.337676
-0.113524
-0.131618
-0.178921
-0.084642
-0.0132652
-0.484287
-0.27525
-0.434777
-0.141278
0.482361
-0.191279
-0.0968014
-0.356493
-0.534852
-0.317676
-0.360674
-0.287814
0.649621
-0.702257
-0.196105
-0.243032
-1.36322
-1.30191
1.42928
0.936737
-0.981251
-1.53304
-0.223678
-0.0475471
-0.0739422
1.14101
-1.41516
-1.8218
1.30438
-0.284759
-7.90014
0.0611805
5.47622
4.26433
-0.272814
-2.31927
-3.13706
-5.10609
17.9702
5.51217
3.57559
3.35103
2.9547
2.74873
