0.999995
0.981388
0.92486
0.832065
0.705772
0.549865
0.369341
0.170314
-0.0399882
-0.165299
-0.364691
-0.545742
-0.702312
-0.829376
-0.923023
-0.980458
-0.999999
-0.981079
-0.924248
-0.831167
-0.704616
-0.548486
-0.367795
-0.168647
0.0417142
0.166967
0.366238
0.547114
0.703464
0.830273
0.923637
0.98077
1
0.98077
0.923637
0.830273
0.703464
0.547114
0.366238
0.166967
0.0417142
-0.168647
-0.367795
-0.548486
-0.704616
-0.831167
-0.924248
-0.981079
-0.999999
-0.980458
-0.923023
-0.829376
-0.702312
-0.545742
-0.364691
-0.165299
-0.0399882
0.170314
0.369341
0.549865
0.705772
0.832065
0.92486
0.981388
