-0.366838
0.86554
0.465185
0.118511
-0.840507
-0.81399
-1.06257
0.776399
0.164849
0.334121
-1.07423
0.972212
0.663014
-0.701829
-0.802826
-0.694299
-0.463415
0.0428992
-0.186678
-0.441801
0.192967
-0.82109
-0.41264
-0.31775
-0.170823
0.599698
-0.613567
-0.0196035
0.152864
-1.01302
0.233115
-0.726493
-0.954662
0.993607
0.944101
0.59184
-0.404975
-0.886554
0.388941
-0.195635
-0.764682
-0.0189465
-0.968501
0.857458
-0.523246
0.300472
-0.392565
0.0723208
0.0400097
-0.666487
0.995541
0.53793
0.876208
0.772711
0.203408
0.792233
-0.929893
-0.670172
-0.916054
-0.435725
-0.240447
-0.502843
0.678342
-0.289431
-0.456086
0.0694348
-0.77517
0.582316
-0.927576
1.06149
0.504575
-0.792721
-1.02481
0.750118
0.413235
0.394077
0.527647
-1.05209
-0.242139
-0.705137
0.782875
0.139645
-0.392375
-0.884782
-0.316166
-0.320739
0.543581
0.319052
0.875451
-0.0926188
-0.723494
0.491439
0.51108
0.0630305
0.516384
-0.0376587
0.047219
-0.224917
-1.04587
-0.813106
-0.951553
0.284475
-0.383142
0.191164
0.80003
-0.486201
-0.121916
0.452369
-0.607013
-0.863708
-0.271851
-0.594414
1.1329
0.652852
0.308873
0.795502
0.486968
-0.720165
0.867733
-0.0310764
0.630525
0.685572
-0.610298
-0.904615
-0.559424
-0.080133
0.744881
0.562186
-1.23987
-0.0436238
-0.299012
-0.639306
-0.709665
-0.109145
0.949031
-0.3423
0.0545938
0.421669
-0.200404
0.989261
0.822952
-0.627577
-0.0403357
-0.438433
-0.446796
-0.961489
0.259831
-0.0285575
-0.997209
-0.292781
0.875067
-0.624832
-0.601776
0.184436
0.961101
-0.59077
0.464558
0.471355
-0.493561
0.5453
-0.32253
0.164721
0.219132
-0.0646825
-0.828886
0.716089
-0.536032
-0.683792
-0.813818
0.274025
0.3803
-1.00649
0.133453
-0.414961
0.414685
-0.580523
0.49318
-0.102393
0.907797
-0.757538
-0.154947
-0.578068
1.09703
0.845662
-0.449193
0.435562
0.63766
0.0505895
-0.0805708
-0.489923
-0.666781
1.00539
0.821874
0.210101
-0.303453
-0.158125
0.600309
0.823393
0.631554
0.300598
0.0789394
-0.934849
-0.584323
0.852353
-0.0322928
-1.09804
-0.732447
0.320393
-1.03516
-0.490604
0.261728
0.457512
0.358716
-0.437071
0.472664
-0.497436
-0.138556
0.635813
0.35112
0.708509
0.201753
0.0335377
-0.765232
-0.175891
-0.255355
-0.272504
1.12667
-0.083825
0.854399
0.35091
0.569638
-0.0357774
0.0648916
-0.108651
-0.561038
0.417344
-0.502503
-0.732649
0.52048
-0.400215
1.09632
0.861688
0.594959
-0.420223
-0.744258
0.994699
-0.0589762
0.932503
0.752735
0.434105
-0.519261
-0.264207
0.545761
-0.430867
-0.528353
0.270603
0.810001
0.21379
0.0235393
-0.684487
0.326076
0.915324
-0.709007
0.141433
0.755282
0.336184
0.298052
0.19342
-0.302651
-0.235669
0.702693
0.523041
0.492185
0.573895
-0.277589
-0.0658028
0.51268
0.0937446
0.241219
0.346978
0.348347
-0.771832
-0.544338
-0.931518
-0.0252256
-0.925494
-0.135732
-0.00750148
-0.497627
0.0835214
-0.896696
-0.654303
0.627949
-0.432171
-0.626997
0.177043
0.448844
-0.585083
0.130876
-0.741103
-0.682116
0.344343
0.298132
0.462195
0.615495
0.702369
-0.128742
-0.298873
0.347709
-0.681793
-0.163068
-0.6453
-0.503491
1.04915
0.432221
0.036444
-0.459023
-0.665228
-0.497185
-0.241417
0.270026
0.410771
0.255628
-0.27283
0.898394
0.214838
-0.123788
-0.0233527
-0.364573
-0.686302
-0.343822
0.278471
-1.07088
-0.586668
-0.771696
-0.453476
0.853439
0.336967
-0.275759
-0.618602
0.0930356
0.0644986
-0.562572
0.070374
0.0237518
0.348993
0.275843
-0.792286
0.103296
0.420953
0.127655
0.665696
0.128634
-0.712088
-0.545789
0.402386
-0.617346
0.601806
0.757111
0.0618414
-0.130161
0.39996
-0.0888106
0.232942
0.841828
-0.244289
0.680865
0.399456
-0.916952
-0.889441
-0.67052
-0.609669
-0.368818
0.459061
-0.55287
0.0510852
0.767854
-0.594118
0.703867
-0.250947
-0.180105
0.833238
0.551512
0.79549
0.564681
0.364053
-0.547556
-0.258846
0.775022
0.6886
0.708518
-0.383825
-0.195501
0.581671
-0.228481
0.885547
0.403604
-0.282337
0.345279
0.106608
-0.775506
0.752478
-0.0946299
0.430504
-0.370235
0.464168
-0.460056
-0.633188
0.602994
-0.757166
0.0809864
0.912743
0.579148
-0.059885
0.0731553
-0.266257
-0.407381
-0.185234
0.338427
0.3409
0.236011
0.0366146
-0.845007
-0.0745827
-0.706729
0.182606
-0.0604241
0.510607
-0.452759
-0.547476
-0.269661
0.543104
-0.0189781
-0.654202
-0.426164
0.620535
-0.457013
0.715591
0.153843
-0.665728
-0.141156
1.02559
-0.229026
0.0048475
0.803766
0.640986
0.557465
-0.0288207
-0.459978
-0.598669
0.459001
0.0289499
-0.124066
0.442092
-0.760518
-0.0588676
-0.672736
0.0156935
-0.53809
-0.353171
-0.110579
0.668112
0.530298
0.303303
0.592065
-0.344626
-0.109317
0.589501
-0.330416
0.660208
-0.587557
0.804531
-0.506699
0.771301
0.0620896
0.693614
-0.63183
0.288034
0.617559
-0.128446
0.243854
0.220534
-0.20892
0.262892
0.0734059
0.357615
-0.748425
-0.0391343
0.762418
0.306786
-0.268211
0.061722
-0.442109
-0.347982
0.151425
-0.0610103
0.302975
-0.231532
1.00496
0.567181
0.000586998
-0.169707
-0.111762
0.459051
0.078115
-0.483868
0.793829
0.323345
0.411758
-0.00944503
-0.240406
-0.399179
