-14.508
-11.6582
1.17366
-13.3994
48.1223
-5.16514
-4.61909
-16.7701
27.2729
-1.60319
14.0147
7.83687
-3.16139
7.3276
-10.5591
3.95755
5.83216
-5.92434
13.7593
-0.409507
7.27157
-3.15332
-12.1662
27.7407
-14.8447
-4.60968
12.801
15.109
1.34401
-12.3802
12.4437
-22.766
5.57871
7.05565
3.82973
-18.1962
-4.22661
23.5715
-0.0960142
17.7465
-10.6407
9.47587
2.84227
-6.24966
6.73243
12.5936
8.39558
-7.69156
-4.25096
-40.7515
-6.06731
-8.56111
3.30567
17.6377
6.51595
-0.922557
-3.11652
32.0519
-1.42763
24.1858
13.2288
-9.42218
18.8034
0.617487
-13.7295
-12.5815
-15.6017
22.0896
-0.99433
-8.35307
-3.67283
11.378
-8.31802
-1.42561
-19.564
-18.5748
9.65776
6.68397
9.36554
19.515
-7.58174
16.5876
9.02585
-21.6613
7.06227
-5.53995
-7.21271
5.63099
39.6455
0.888032
6.47187
-9.3657
-3.6768
6.77423
13.5634
13.965
7.21718
14.0921
21.8937
11.5228
24.9159
-6.41019
-7.93396
-4.14986
18.0691
-28.8301
-15.443
6.17461
5.60868
-4.95357
8.10226
11.6527
21.2317
18.1148
-2.42655
11.2767
-8.45889
38.6045
-0.191244
22.4532
16.8102
22.4567
-5.10534
-2.89458
1.7982
-8.67444
-8.73964
11.9055
-3.65192
-17.5168
-11.387
18.298
3.28737
-12.2946
-1.91057
-8.65601
8.86132
8.81882
-13.0946
20.9913
10.8506
-13.6885
-27.0835
-16.3085
-1.10804
-1.98777
17.4283
-4.14672
-15.8426
2.71305
3.71883
8.10324
15.6518
-0.816268
35.9845
19.5845
-12.5687
-1.64806
-9.74615
-14.3644
9.08769
17.0774
11.304
21.0828
14.7414
-2.85185
17.3889
-24.1824
-3.63955
-7.36427
11.1991
-19.9293
1.35136
-14.1927
0.853438
-3.2869
21.3622
-1.90049
11.1664
22.1474
19.9381
2.51278
8.39648
-21.3368
-14.0532
-4.14778
9.77623
-0.508602
-0.167281
-4.87172
20.5956
0.171849
43.8198
9.43168
-34.8207
-13.0369
-4.51523
-14.2294
-26.0937
-2.99036
-13.6235
1.74537
-1.91201
15.0349
0.784979
-11.6016
-15.9145
-5.36219
-10.0575
-8.48888
-7.25216
9.74523
13.9337
-0.574888
1.78562
-5.83738
18.2676
-18.7958
1.51952
-22.6303
10.5613
-22.6456
0.90347
-5.16448
-15.1193
-11.8532
-8.06713
-23.6391
-10.0707
-7.68624
-14.3277
-0.14411
19.4402
-28.6796
-1.71207
27.5434
4.46139
15.0841
8.54516
-5.4492
4.93623
5.94507
5.62207
15.6061
6.5373
9.92293
17.1787
-3.82644
-5.24416
-10.6176
-3.06917
0.60432
24.3819
6.02898
-23.2822
1.52877
12.1908
-11.0786
9.09228
14.7979
5.63097
-19.8385
-7.13297
5.09977
-1.26664
-0.491224
27.4436
12.912
8.79741
-13.9599
-11.4932
25.7867
-19.8161
2.48618
-17.091
-13.4475
-3.57727
5.17478
20.9426
17.4243
-8.91867
-15.9027
-14.2835
22.904
-10.607
-17.8263
-15.7157
12.9702
-9.05585
-26.4767
-18.2436
8.65023
3.84523
13.168
-1.63182
-21.7395
3.26121
10.8868
6.55576
-18.4833
1.69237
10.9267
-6.42575
-2.81367
-26.5491
-2.62099
15.3221
-9.48435
19.5792
-4.0783
-17.7947
-15.1994
-23.1286
5.00173
-0.641799
0.0726958
9.95112
-10.8704
-15.0343
-4.62832
-9.47915
14.9974
4.22657
11.2206
-26.3803
-1.60053
14.0758
-8.13184
-4.13352
-5.9155
1.96215
10.9555
7.22769
4.95421
-6.93712
13.7171
15.3377
23.3711
15.8306
-7.61065
5.32371
13.83
-27.5524
4.06674
1.81127
-15.8934
44.4431
-5.39221
1.13822
9.16534
-4.19348
-13.5372
-8.83956
8.18796
8.18422
-10.4527
2.16551
21.258
-0.515387
-29.7761
13.9136
-5.14827
8.40369
-4.60382
21.4555
26.9676
25.44
14.3736
0.404306
-2.82139
-2.91025
1.85228
-3.45071
11.6374
-4.70907
10.8851
0.719493
-10.6968
-4.41711
6.51239
-1.50089
11.1544
21.395
-15.7399
-20.4455
-21.967
-5.4051
-25.0744
-2.90613
-13.8768
-3.04891
-15.5872
-7.40509
1.01139
-13.5813
-9.37747
-3.13206
-5.07885
2.38537
-32.2658
-27.9888
-12.2964
-11.8657
-0.512976
15.8916
16.5214
0.0192009
-3.908
6.18539
25.1366
-13.7163
18.2836
15.686
-1.87113
19.0385
-0.95376
-29.3714
3.3748
-10.4425
-16.6527
-26.6179
-2.31966
-12.0071
-18.5605
-6.97884
6.9376
18.9237
14.6271
-15.6458
-9.62448
1.70939
5.28948
2.20486
8.57093
-16.6124
8.66806
6.13804
-23.9334
-8.95317
18.2333
-16.1709
-1.32497
-16.2396
23.5225
1.92495
11.587
-4.18832
18.2557
0.0754473
4.50539
3.43762
-13.0396
20.5283
-8.14556
1.27441
-4.43917
-24.8118
-6.32046
3.00058
19.1312
-4.78919
-8.0598
-4.93202
-7.45046
4.39033
-11.8802
-18.539
-2.82643
-14.2922
-17.7846
10.831
-6.99891
5.93052
-11.7915
-4.03372
14.1492
31.719
17.2181
-21.0307
-3.21317
-19.8088
-14.4132
9.57797
-1.51966
7.56952
1.29927
-10.6239
5.13093
-2.1461
-4.51681
-13.03
-8.74072
-16.1953
5.2729
10.5102
-1.3974
-15.3792
-4.19806
15.1911
-5.70425
1.3135
-16.4811
-8.52766
-12.8243
13.676
-14.3138
12.1466
-15.4576
10.3721
-30.8001
-6.78915
37.5508
-20.8197
-21.0488
-12.7362
6.71825
-17.9972
-7.7597
1.3211
0.886775
-2.04724
2.51921
26.7895
6.51647
6.12464
-9.49366
-6.63757
-9.53684
7.97624
-16.9044
-6.70294
-19.3607
-6.28699
-2.24029
24.9147
-0.759562
-10.6726
-2.03447
-13.9806
13.2501
-8.34135
1.56079
-21.709
-8.2504
-12.7289
-1.83695
25.4943
-1.79409
-5.19464
-6.51553
-0.337532
10.4921
19.4181
-2.97213
2.23821
-1.76572
2.49588
4.52173
6.68799
20.5408
-1.74891
-6.88439
-13.9318
24.5475
4.30326
9.77897
-2.01711
22.8978
-4.89405
17.0672
-5.02939
9.54368
0.698207
4.54776
14.0226
4.45395
17.6774
-10.272
15.0343
-1.25704
15.8545
-17.6547
8.92984
-19.2733
4.17171
-1.79007
-37.0219
-5.68446
11.1592
14.6068
-7.22367
-1.30101
3.69876
8.43813
19.6778
9.96695
10.4774
-4.74805
11.4347
-4.64146
-5.63782
-1.50027
6.40914
-16.4394
8.5555
4.06646
-12.6222
15.9576
-6.79979
-12.6314
4.86607
-4.78602
8.89002
-2.49868
0.0976902
5.12383
-21.3905
12.8439
12.5772
-1.93762
3.92076
1.81834
-1.17625
5.71507
15.1529
14.9042
-13.9766
20.1302
4.47779
-14.2208
-6.45218
11.1473
14.4023
-0.716164
-15.08
-7.04555
-21.8797
-5.93831
-0.491552
5.14479
12.6898
-0.833435
10.1415
7.87304
6.39159
-5.375
-6.90912
-14.5338
4.33036
-0.402273
12.6345
7.27955
15.4584
-2.76141
-2.22687
6.81458
5.07544
-13.3819
-4.72113
-14.3132
2.6332
1.10274
-10.0634
-17.7338
5.69258
-8.37558
0.590835
-16.7711
-12.5818
3.56423
14.717
15.9525
0.945161
-20.7017
-0.675818
10.7434
-7.08848
17.1181
-12.6779
-11.8912
19.1288
-13.0311
-4.83263
-8.19353
-7.63294
0.253568
-10.0682
0.0738282
-18.7121
7.75941
0.258546
-22.6675
-8.27413
-39.0682
20.0904
-3.29011
-13.5631
16.7228
15.2997
-17.0792
-14.4953
1.27381
12.2647
-5.86044
-28.0674
1.91108
-11.3138
-23.1665
12.8147
-9.92333
13.5263
-7.35701
-0.590071
-3.12542
-9.08884
20.1411
-15.87
27.3089
-20.2885
2.66318
11.5368
-2.44625
12.658
-10.8316
18.2393
-16.1013
8.06762
-15.5163
13.5849
8.63345
6.47722
6.1937
22.2183
-16.0636
-7.40406
-1.61621
7.18686
-12.714
12.6075
16.6226
-20.5548
-3.60246
9.09701
30.1105
-3.3092
-7.70633
-8.42773
15.6316
5.17512
5.23496
-2.12299
4.6418
15.0347
-17.8541
-21.9987
7.2021
21.7434
15.3408
3.95718
8.34745
6.1322
-3.44683
15.934
5.7969
9.61647
1.40117
-3.97366
-6.46782
-12.9817
4.86329
1.51187
4.3564
7.31
-20.7925
-24.8145
13.2941
19.1865
14.5874
-5.00219
-5.37466
-9.45828
-9.07517
15.6723
-16.1341
4.45127
-8.97064
-10.5916
4.31578
-4.02831
-7.99811
0.369835
-31.8727
-4.70236
-2.59631
-5.93097
-1.89799
15.4262
-26.2436
-4.97641
-12.7807
13.6856
-19.758
-0.291177
-0.563053
18.3411
15.4459
5.23895
-16.5428
-14.488
-33.5163
16.013
-2.43144
5.44716
-12.0058
-12.2409
5.12146
17.0264
7.03333
-3.00755
8.94976
13.1862
-20.5719
2.39453
-22.0513
-2.72002
-13.9724
14.1515
-8.14999
-0.208085
10.8721
-36.8584
-6.44245
-1.17378
-9.49267
-9.35036
1.12134
-8.56979
4.38056
4.43766
-20.9044
9.14867
4.09432
15.6707
-12.6429
3.58712
1.93875
3.40362
0.76224
14.9518
-23.5805
9.75652
-8.08823
-16.898
17.3794
-3.92049
11.4834
-12.7002
10.6161
19.3806
-8.94989
-6.92262
-3.36326
1.46496
4.24857
-20.0485
-5.9099
-21.5716
-4.12248
-3.85275
-0.743306
1.66797
10.9787
2.84438
-1.53199
14.1367
0.858802
-23.7041
-8.67065
-9.76477
24.1564
-5.63104
6.36368
-22.4546
-1.3629
27.8401
-20.5115
-4.86253
10.2495
-3.66401
3.71433
-2.90981
-24.2588
20.8385
-19.5669
-6.6147
32.8387
3.62458
1.18957
-11.2019
9.87177
-4.29768
-8.88098
5.21839
5.98268
14.0074
-12.5824
39.1232
0.519217
11.1302
15.1154
-18.3585
-20.6402
6.57786
2.10409
-16.3049
-3.43968
-0.112075
14.3176
1.79675
0.540331
-6.12668
-3.70808
5.00808
-3.59819
-18.8878
16.6551
10.5688
10.1101
-19.4358
19.8187
-12.0602
-9.69289
-7.80716
16.9603
6.56566
11.5621
-12.9432
-5.26139
-10.4344
11.2057
-9.66532
15.3857
6.06521
16.4167
12.6287
-2.24587
-1.71677
-6.94264
3.22316
5.99813
-5.07377
7.22351
-14.8751
-0.935207
-11.0742
-8.00678
-5.03822
22.1292
1.58089
-6.51705
8.19141
-4.43344
8.57571
-7.25096
4.81061
4.9403
4.26476
-3.01043
-8.39445
-21.4442
2.43074
-20.4335
-1.95096
7.99855
-31.0596
5.51087
-18.3867
6.17263
-0.540135
21.0351
3.02173
9.09548
2.48144
-0.461997
-16.6649
-16.9312
14.8442
11.6126
-19.0627
32.2999
-5.22068
-3.09184
9.71231
-6.74352
-18.5222
10.171
-15.0754
18.5831
19.312
-7.78879
6.70591
5.01494
13.0955
-0.353006
8.2338
-8.50254
-2.10737
14.4544
19.3402
-6.91646
-14.9464
3.66412
-0.764978
-10.4897
-15.7147
-10.3446
11.405
-17.8045
-0.741849
-3.41861
-29.8137
2.73236
-18.7048
5.58313
