-14.5079
-11.6581
1.17371
-13.3992
48.1222
-5.16541
-4.6191
-16.7703
27.2734
-1.60324
14.0145
7.83637
-3.16177
7.32726
-10.5606
3.95597
5.83157
-5.92394
13.7594
-0.410385
7.2712
-3.15421
-12.166
27.7406
-14.8449
-4.60988
12.8012
15.1092
1.34158
-12.3784
12.4421
-22.768
5.58026
7.05537
3.82668
-18.1935
-4.22575
23.5727
-0.0939919
17.7464
-10.6421
9.47537
2.84102
-6.24958
6.73213
12.5946
8.39523
-7.69102
-4.25172
-40.75
-6.06675
-8.55938
3.30761
17.6386
6.51647
-0.925185
-3.11558
32.05
-1.43036
24.1735
13.2248
-9.44968
18.8022
0.610253
-13.7321
-12.5843
-15.6014
22.0951
-0.994872
-8.35284
-3.67286
11.3779
-8.32314
-1.42706
-19.5663
-18.5718
9.66234
6.68489
9.36595
19.512
-7.58316
16.5888
9.02367
-21.6582
7.06259
-5.57623
-7.21033
5.63468
39.6437
0.886193
6.44396
-9.36341
-3.67451
6.77566
13.5627
13.9673
7.21555
14.1293
21.8931
11.5244
24.9134
-6.41199
-7.93614
-4.14989
18.0668
-28.8307
-15.4425
6.1751
5.61138
-4.95349
8.10509
11.6593
21.242
18.0827
-2.4471
11.2656
-8.45678
38.5948
-0.182186
22.4657
16.808
22.4456
-5.09187
-2.9061
1.78718
-8.67889
-8.74689
11.8945
-3.6669
-17.5055
-11.3748
18.2964
3.29202
-12.3032
-1.91317
-8.65299
8.86169
8.82095
-13.0912
20.9784
10.8489
-13.6962
-27.1223
-16.3026
-1.10795
-1.96544
17.4335
-4.13827
-15.8473
2.71411
3.72499
8.08151
15.6526
-0.807266
35.9895
19.5754
-12.5355
-1.64568
-9.74972
-14.3595
9.08743
17.093
11.3038
21.0772
14.7342
-2.87885
17.4084
-24.1897
-3.64557
-7.36327
11.2344
-19.8949
1.35061
-14.1958
0.861407
-3.29095
21.3976
-1.88912
11.1687
22.1485
19.9359
2.49137
8.3925
-21.322
-14.043
-4.14673
9.77709
-0.504665
-0.167056
-4.86182
20.5969
0.171713
43.8157
9.40413
-34.8867
-13.0452
-4.52113
-14.2211
-26.0912
-2.98739
-13.6216
1.7413
-1.91099
15.0195
0.777477
-11.6144
-15.916
-5.36489
-10.0543
-8.44463
-7.25119
9.74725
13.9348
-0.577224
1.78689
-5.83944
18.2607
-18.7902
1.51926
-22.6347
10.5735
-22.6434
0.912211
-5.17994
-15.109
-11.8529
-8.09335
-23.661
-10.0298
-7.65135
-14.3358
-0.126993
19.4527
-28.6857
-1.67765
27.5837
4.45669
15.1052
8.58723
-5.45697
4.91609
5.93333
5.67147
15.6049
6.52314
9.88411
17.1285
-3.84065
-5.24901
-10.5999
-3.06489
0.59651
24.3714
6.01708
-23.3346
1.54483
12.179
-11.1262
9.07582
14.7871
5.60358
-19.8568
-7.12392
5.0978
-1.29628
-0.487484
27.4084
12.9054
8.79292
-13.9552
-11.5011
25.8121
-19.8341
2.47522
-17.1124
-13.4474
-3.58057
5.2188
20.9054
17.4147
-8.96045
-15.9064
-14.2549
22.9069
-10.6433
-17.8347
-15.687
12.9673
-9.06454
-26.4749
-18.2243
8.60891
3.85156
13.1667
-1.65481
-21.7387
3.2975
10.8904
6.54151
-18.4883
1.7076
10.9212
-6.43402
-2.81641
-26.541
-2.62408
15.2799
-9.47995
19.5415
-4.0819
-17.7998
-15.1991
-23.0818
5.01498
-0.635385
0.0730308
9.96856
-10.8701
-15.0449
-4.62607
-9.47825
14.9975
4.23486
11.221
-26.3866
-1.60042
14.0399
-8.13152
-4.12825
-5.90433
2.0349
10.9602
7.23463
4.95179
-6.93451
13.8022
15.3347
23.3705
15.7989
-7.58271
5.32013
13.8429
-27.6121
4.05692
1.81944
-15.8814
44.4214
-5.4229
1.12821
9.1621
-4.20314
-13.5817
-8.84688
8.19445
8.19465
-10.4531
2.17381
21.2304
-0.575683
-29.752
13.9269
-5.15063
8.38684
-4.5913
21.4666
26.9194
25.3918
14.2898
0.381312
-2.85044
-2.94496
1.79561
-3.45423
11.6506
-4.71479
10.8725
0.713179
-10.7211
-4.43741
6.46821
-1.50698
11.1829
21.3434
-15.817
-20.4573
-21.9713
-5.42266
-25.052
-2.97689
-13.8559
-3.07682
-15.6313
-7.41071
1.01232
-13.593
-9.42036
-3.13738
-5.07128
2.34924
-32.3262
-27.9818
-12.2679
-11.8227
-0.457395
15.8969
16.517
0.0387474
-3.87626
6.18786
25.1381
-13.7203
18.2846
15.6862
-1.88132
19.0314
-0.978969
-29.3883
3.37081
-10.5085
-16.6823
-26.6157
-2.32461
-12.0085
-18.5455
-6.973
6.9033
18.9553
14.5995
-15.6471
-9.62589
1.71647
5.30922
2.21013
8.57163
-16.6046
8.69398
6.13834
-23.9209
-8.95002
18.2217
-16.1698
-1.36962
-16.1832
23.5017
1.88532
11.5754
-4.1467
18.2226
0.0113352
4.48751
3.39812
-13.0447
20.5142
-8.13777
1.24508
-4.45388
-24.8662
-6.29961
2.99752
19.1333
-4.83052
-8.04591
-4.93348
-7.46052
4.35361
-11.8843
-18.5027
-2.83048
-14.3435
-17.7764
10.8511
-7.00326
5.96263
-11.7591
-3.96897
14.2046
31.7222
17.2009
-21.0235
-3.19184
-19.7964
-14.3905
9.5841
-1.52706
7.57921
1.34193
-10.6499
5.13495
-2.14453
-4.5326
-12.9694
-8.70015
-16.1607
5.27686
10.5148
-1.42866
-15.4036
-4.19248
15.1571
-5.75549
1.26001
-16.4879
-8.50589
-12.8106
13.7015
-14.2902
12.1777
-15.4371
10.3532
-30.7958
-6.76805
37.5386
-20.9291
-21.0634
-12.6872
6.70854
-17.9803
-7.7605
1.34476
0.887329
-1.99487
2.54425
26.8027
6.47588
6.06422
-9.49809
-6.6309
-9.52529
7.92106
-16.9172
-6.69219
-19.3632
-6.23997
-2.23809
24.9131
-0.780906
-10.7198
-2.0338
-13.9809
13.249
-8.34065
1.56052
-21.6958
-8.2316
-12.7088
-1.8269
25.4654
-1.84179
-5.12347
-6.42504
-0.31493
10.468
19.4372
-2.96266
2.28022
-1.73301
2.52095
4.55524
6.68953
20.5254
-1.79129
-6.89916
-13.914
24.5566
4.27918
9.78813
-2.00621
22.917
-4.92493
17.0351
-5.05156
9.50105
0.688836
4.48978
14.0179
4.43565
17.6393
-10.2709
15.0274
-1.30684
15.8167
-17.6166
8.97957
-19.2395
4.14722
-1.75825
-37.006
-5.66806
11.1946
14.6344
-7.23251
-1.29071
3.70031
8.47459
19.6984
9.98415
10.3869
-4.78822
11.4386
-4.62994
-5.64597
-1.4901
6.3811
-16.4134
8.55335
4.03956
-12.6286
15.966
-6.86063
-12.6901
4.87865
-4.81716
8.88142
-2.43465
0.090572
5.13134
-21.3686
12.8787
12.5747
-1.94548
3.99141
1.91839
-1.17067
5.75478
15.1381
14.8251
-13.9965
20.0834
4.3959
-14.2321
-6.45386
11.1538
14.3909
-0.780267
-15.1058
-7.07315
-21.8706
-5.90198
-0.489806
5.14034
12.6584
-0.921466
10.1128
7.84645
6.33389
-5.43715
-6.9101
-14.5472
4.31776
-0.386536
12.6208
7.22949
15.4065
-2.83262
-2.22745
6.79573
5.02338
-13.4519
-4.78238
-14.3052
2.62456
1.08841
-10.0622
-17.7371
5.73786
-8.41835
0.492301
-16.7864
-12.5383
3.57389
14.7524
15.9792
0.915035
-20.7602
-0.696924
10.7459
-7.07988
17.0178
-12.5979
-11.9303
19.124
-13.0259
-4.92072
-8.22256
-7.66831
0.138786
-10.1694
0.0730019
-18.7164
7.87356
0.2249
-22.6802
-8.28608
-38.9725
20.2148
-3.28596
-13.5436
16.731
15.3092
-17.076
-14.5222
1.27234
12.258
-5.82886
-28.0575
1.91049
-11.3445
-23.1234
12.8732
-9.87933
13.5596
-7.346
-0.557217
-3.09438
-9.18678
20.1209
-15.8357
27.3153
-20.2631
2.6761
11.5274
-2.44946
12.6267
-10.8212
18.2554
-16.1518
8.04681
-15.5118
13.6166
8.64486
6.4197
6.18492
22.2095
-16.0779
-7.35624
-1.6186
7.17016
-12.6913
12.6263
16.5727
-20.6294
-3.53576
9.17989
30.1068
-3.32043
-7.72929
-8.44611
15.6993
5.18878
5.21934
-2.21405
4.63533
14.9889
-17.8995
-21.9971
7.1656
21.7169
15.2598
4.00893
8.34752
6.11057
-3.43872
15.9737
5.74803
9.54925
1.3002
-4.00568
-6.47873
-12.9883
4.87576
1.42989
4.29121
7.29999
-20.8269
-24.7375
13.3476
19.1589
14.5307
-5.04685
-5.4148
-9.45707
-9.02932
15.6572
-16.1659
4.44964
-9.00068
-10.6056
4.37076
-4.04363
-7.91868
0.386221
-31.9555
-4.68393
-2.58148
-5.85933
-1.86544
15.4648
-26.253
-4.92914
-12.7371
13.6829
-19.7994
-0.240076
-0.566376
18.3879
15.3723
5.12442
-16.7912
-14.4894
-33.5155
16.0046
-2.45843
5.48496
-12.0108
-12.2051
5.19945
17.0325
7.02769
-3.04119
8.88333
13.0949
-20.577
2.36743
-22.0332
-2.72007
-13.9514
14.1601
-8.20126
-0.248596
10.7876
-37.0179
-6.58595
-1.1913
-9.5139
-9.31709
1.13537
-8.56121
4.4651
4.45323
-20.8457
9.15147
4.06804
15.6438
-12.7089
3.57964
1.96913
3.42589
0.741637
14.957
-23.5786
9.82481
-8.09826
-16.8902
17.3888
-3.91701
11.472
-12.6997
10.5881
19.3837
-9.03338
-6.99153
-3.37291
1.45377
4.23952
-20.0465
-5.91353
-21.5323
-4.11561
-3.91491
-0.708876
1.75596
11.0173
2.8447
-1.48495
14.146
0.889995
-23.7201
-8.63393
-9.62821
24.2384
-5.53731
6.36398
-22.4681
-1.40352
27.7828
-20.5133
-4.87053
10.235
-3.63076
3.71177
-2.89712
-24.2744
20.7631
-19.5345
-6.49796
32.8524
3.51598
1.1468
-11.2294
9.82416
-4.36314
-8.90066
5.11282
5.93788
13.9484
-12.5739
39.0967
0.543152
11.1266
15.0434
-18.4481
-20.6589
6.67304
2.12158
-16.3057
-3.37726
-0.0412385
14.3872
1.78649
0.397894
-6.11652
-3.7088
4.99166
-3.6833
-18.8508
16.667
10.571
10.077
-19.4162
19.8227
-12.0253
-9.64485
-7.74052
16.9648
6.52967
11.486
-12.9104
-5.25339
-10.4186
11.2149
-9.58265
15.4067
6.07006
16.4479
12.4999
-2.25935
-1.70019
-6.93329
3.29346
5.98532
-5.16561
7.18181
-15.0162
-0.933521
-11.0722
-8.00913
-5.03695
22.1828
1.58912
-6.51174
8.07721
-4.46927
8.55129
-7.31783
4.72531
4.92023
4.21638
-3.03727
-8.43542
-21.445
2.37555
-20.4064
-1.91367
8.01633
-31.0345
5.48442
-18.3943
6.1692
-0.531803
21.0534
3.03069
9.06542
2.42154
-0.438376
-16.8011
-16.9309
14.8826
11.6407
-19.0386
32.2394
-5.29324
-3.05936
9.76503
-6.87025
-18.4934
10.159
-15.0649
18.6575
19.3732
-7.82514
6.63769
5.14186
13.0935
-0.399866
8.19417
-8.58266
-2.05654
14.4105
19.2656
-7.00313
-14.9647
3.62727
-0.814868
-10.6068
-15.7365
-10.3589
11.5513
-17.9157
-0.747517
-3.47839
-29.7419
2.7501
-18.6603
5.59265
