0
-5.59122
4.15646
-12.3353
-24.9011
-6.71916
5.28283
17.9503
15.1386
40.9839
-5.47041
-15.8766
-40.7622
-1.15608
73.7678
13.8881
22.0088
-21.114
-57.0921
13.2099
5.74201
-1.21091
-43.6304
0.339869
15.1602
-21.5305
-28.9984
-9.05165
6.43763
3.54585
39.866
-18.6382
2.68061
-27.0164
-30.997
10.6982
-17.8404
-30.8374
39.8706
-22.9355
5.39071
12.6725
-0.579232
28.2855
2.84143
9.43048
-23.3949
28.5665
11.7934
10.3728
-8.47862
54.8034
-34.9676
-30.0447
30.7526
-0.123327
14.9985
55.6537
60.1273
-9.1367
46.5051
10.3869
-2.96994
-21.6407
-42.7138
-9.59563
-19.0522
42.0819
0.543408
-1.67354
-4.78886
0.735755
-13.0865
-31.0907
42.9417
-1.59824
31.5256
-17.304
-22.4038
16.3206
20.1053
10.7113
4.96836
21.9242
-12.1992
11.0223
7.44323
36.4419
-8.81146
-24.9561
24.8569
-37.1632
-58.5341
-22.7217
19.7448
-16.5672
5.4061
53.1446
-1.35906
-39.2359
30.9964
-29.5545
1.05537
-15.2752
-55.6089
1.79799
-48.7439
-15.8288
41.6574
-2.91764
7.31978
-37.7356
1.10017
-13.3521
16.3711
17.7598
50.3166
16.9857
-13.3957
-66.2217
-29.949
48.3898
26.0211
-6.16751
40.3199
-27.9152
-6.46039
-2.10641
49.574
15.6517
-60.4985
18.9057
11.0196
-11.1273
-6.40739
-23.3831
-55.4731
-96.4774
5.03987
34.6575
1.77417
11.6937
6.48814
23.137
-6.16273
-41.7404
42.8121
-54.132
6.11191
-24.8318
-20.2478
16.4301
-22.1376
23.476
-15.8778
-29.7736
29.2972
-6.57239
-34.4321
25.7753
-23.8031
12.8471
-4.11947
32.9046
-22.1901
-5.77214
21.3882
-18.3066
9.70439
-12.9506
43.7459
15.5405
-30.4763
40.4112
-41.3417
3.36619
-45.0618
26.5447
-28.234
8.63559
-8.65512
-2.14717
-7.53728
-50.2017
-4.59871
-5.97348
-26.8618
-0.922179
16.1519
-7.83876
-33.5596
-51.9232
1.25825
-40.0347
31.4005
43.0497
0.970303
-17.4881
40.129
0.645238
4.1508
10.0209
30.2265
-2.08725
-7.31509
-11.9669
100.144
29.5815
-11.63
20.3953
-16.369
-47.9471
-30.1159
28.3764
28.2744
-4.7424
19.8527
6.14035
58.9932
28.4215
-26.565
25.0406
61.5172
-38.5166
-29.5255
24.661
-32.4223
9.43828
-6.24026
-1.17772
6.42723
8.07166
7.76018
-35.8743
-12.8702
-33.4646
-90.5921
-19.7787
19.9965
30.3496
-21.562
19.957
-14.8744
-56.805
-0.641808
11.7589
-1.55698
-15.4489
6.37191
-15.5054
18.4906
-7.46777
-13.5954
20.886
2.56007
-27.5356
11.2759
6.23758
1.78718
11.7851
35.9736
-3.98002
-57.4659
7.7331
3.87332
-7.62135
-33.4073
3.63076
6.12112
-35.021
26.5318
-10.1715
10.3648
33.8626
-11.2774
27.5295
-33.2468
41.2086
-43.2568
-12.7462
-19.5255
21.0518
-6.51827
12.0816
0.283569
-10.4573
5.68487
-35.9062
30.3207
48.6405
26.0343
63.1561
2.61738
14.8063
30.3495
16.6763
10.9361
29.214
-11.034
37.0976
-5.79823
-35.3431
-19.0647
21.4113
11.8594
17.647
-19.5116
55.3521
31.9295
25.229
37.0677
-1.96133
-31.979
-19.3893
47.0155
-0.516163
-41.3756
-3.98961
17.4637
-23.1303
-31.5911
-0.871663
-25.9845
22.3978
-54.0135
0.746109
26.2644
42.435
-26.0375
-7.38516
-5.83642
-27.3931
-21.5543
15.6002
-12.1106
-14.6577
-33.5419
18.3934
40.015
26.2062
-6.62341
31.7484
31.1466
1.11982
53.472
-36.7798
-21.3318
11.0204
-26.0267
53.8763
-35.3424
23.9274
36.1226
-35.154
-6.30272
-22.4505
-13.3441
-2.54464
91.1308
-37.9347
8.55466
-17.8991
-1.14507
-13.9863
-34.8945
28.0879
9.05283
47.377
27.1949
-37.225
24.9108
-2.79503
-34.2681
-0.723071
38.5116
-1.89648
18.3856
3.97413
18.7809
-34.5987
40.9976
18.7879
-50.2068
-9.59746
12.8636
-41.641
-8.68072
-55.8985
-58.5803
36.3721
33.6586
26.4461
8.63163
-79.7901
-20.9071
38.4019
-48.9238
-12.8735
-25.8745
40.3002
-38.0546
1.11101
-20.9931
8.3316
8.52778
24.312
55.2046
-33.0155
-71.9627
-19.3984
-31.7567
37.7514
13.8306
7.1126
-6.32165
11.2433
7.04129
-25.0366
-34.2141
11.6931
26.1936
22.1694
-4.39917
-7.20451
2.50056
32.4358
-40.1733
-18.3661
20.4834
28.2479
7.14039
-5.84714
44.4701
12.0175
7.69355
36.5998
-14.438
48.5772
9.70292
-100.6
27.2614
-30.9434
-15.4823
-57.5749
31.6236
-7.3324
15.0949
18.7983
16.3022
-0.418539
39.674
-3.35749
10.549
30.8945
4.74729
15.8355
-19.1939
4.74726
8.2006
-16.0848
-27.8071
-38.1618
-39.0227
17.1728
25.8415
38.937
-11.5608
4.58549
-0.697173
-46.6853
34.7372
-6.02132
4.43674
4.79603
-24.0155
-39.4999
-28.4836
-8.79373
-32.8878
-14.8043
8.03133
-12.6006
20.6841
-6.07359
-0.70014
-24.581
-17.4958
-8.08944
-36.0899
-16.0182
-9.6868
-8.32973
20.5824
21.2805
48.6303
18.8559
-36.1368
45.4133
-46.2174
-15.9179
12.872
6.90099
-56.769
-47.1611
-11.5446
-11.2581
-6.38502
2.64599
-17.8097
-12.3646
-15.697
-4.17844
36.8399
-1.41807
-19.7988
-65.851
-20.7057
-33.7554
-28.6197
39.4155
37.37
22.6478
-19.808
4.6014
-8.81521
-42.2372
25.8786
11.3712
-2.0382
44.7896
7.48234
28.3693
-32.0717
-8.07277
-17.2892
12.4227
-35.2288
-21.7087
-29.0158
-31.6742
-23.2149
18.4581
-8.17291
46.8642
12.8644
-8.42126
-2.13369
-50.1804
-28.6646
-28.0731
-4.67266
6.54123
-21.6955
24.9433
12.3751
-2.25972
46.112
-7.81443
-21.0984
-8.21738
19.0274
1.6259
36.7229
25.0752
42.2193
0.259553
-28.9574
-70.0662
-4.54188
57.8817
-22.0445
-5.5496
-10.959
-19.0089
28.5287
-7.25726
43.3116
1.28979
-6.10993
18.3074
37.2325
5.65375
-25.6942
-0.991236
23.4304
33.7692
-20.273
14.1433
-21.1123
-22.9815
10.3758
-52.4859
-30.663
14.7976
-1.40759
-5.11274
-17.8933
-53.9129
11.6485
11.4534
26.2205
34.5648
2.51699
-25.4923
-31.4856
31.0497
-58.3527
-18.8423
-22.3602
-7.18353
-23.6637
25.6585
-19.1883
17.9052
-28.1946
-4.14718
-2.79704
-7.58405
-14.3127
5.01349
-10.4852
-18.5414
-0.907576
-10.2851
43.2319
28.6777
14.0679
10.6129
7.20973
31.2225
-20.5685
66.2053
-93.1797
26.8248
-16.8402
3.31362
22.8229
46.0856
-27.2838
-36.8614
25.606
13.0745
-50.5404
-24.8972
-15.4821
-2.1131
-8.69037
-15.5588
-20.421
4.88435
-24.4827
-31.0656
8.31879
-0.383885
-40.6128
-30.2645
27.9619
-29.8321
42.1269
12.3907
-48.3569
4.85856
37.2602
16.1922
7.38375
11.8282
-57.0661
14.4792
-25.0777
-16.7834
1.62329
25.8443
-7.40626
7.9386
-32.8785
25.1709
-18.8726
43.7678
29.5808
-3.94515
-38.7347
-38.1758
35.1183
8.5684
21.9904
30.5331
49.0458
40.2935
-5.77895
-29.7012
-27.5111
-32.0968
49.9104
43.7808
-21.6732
18.632
-25.8266
-16.5298
7.81442
16.9161
-11.7836
-16.1028
11.7456
-4.35423
11.1596
-7.71235
16.6146
-23.3218
0.783104
-13.1276
-29.3578
-11.4398
-37.2343
-25.4398
-9.36501
-25.4151
-28.9922
40.2069
-45.3366
-15.1106
-8.06937
-49.7864
21.4983
-22.7513
41.1042
4.34469
-30.4946
-12.2032
-13.7901
-3.09226
-6.77654
-29.9951
-10.679
-2.44393
-51.8662
-15.0598
-16.5967
13.4285
-38.5295
-47.4211
12.1583
11.0268
3.90595
-0.13691
-5.15286
8.34663
12.9342
-11.825
23.2285
55.9072
-14.9677
-32.1947
-67.6777
-40.1407
9.43748
-24.473
-99.7728
50.519
6.16441
6.07189
-11.1694
30.9578
-9.97671
9.24597
-17.3148
35.5343
-24.6209
10.2425
-17.7171
-32.3244
75.9969
-33.9216
-13.2835
-45.1575
-19.8978
-14.7967
8.15771
23.976
-25.9236
-15.8606
-4.92506
-18.2066
-73.6058
37.8216
-0.477248
10.4016
-58.1953
-5.27575
35.1068
30.0596
-12.5534
5.11017
27.6397
15.8441
3.54111
-14.6642
-10.0568
-0.0415948
28.9335
-58.7778
-19.3126
-24.5712
3.66459
-30.1414
-24.6987
5.27995
39.0125
7.6834
-8.61185
6.58878
14.4357
-17.9175
-27.785
3.72237
-22.3797
62.0185
-51.2272
5.60694
-25.9358
56.6536
28.7868
-8.40866
52.7022
33.6616
-36.1224
4.22924
30.3578
2.75515
14.9187
2.45419
-25.7894
12.66
0.811489
7.22004
-6.78538
-11.438
-10.8433
9.04846
-7.84802
42.7506
3.83647
16.0935
16.0694
60.7341
-2.29324
3.40551
-40.2931
-18.3299
65.6406
38.8757
5.86536
10.6009
56.1494
-7.75998
-10.8894
4.91006
18.0684
26.7801
9.37446
21.0382
-45.0515
-7.84646
-31.6488
-34.0272
3.8366
-11.7619
18.688
-55.3148
-17.5745
-49.761
18.5152
-12.288
33.0707
34.0424
-29.5419
-65.3497
-32.9656
30.1508
-23.8931
-14.8644
-17.7779
10.7895
7.05664
8.6478
2.0649
-5.61054
-1.94525
37.2443
18.964
8.48635
-1.84389
-42.2484
42.4756
26.3766
-16.1252
-12.237
14.991
-29.9765
1.95405
-16.1438
11.8034
15.5811
10.5398
-41.6223
-19.1566
35.3204
11.2406
-64.7101
-33.6568
-7.17769
45.8021
34.6755
78.3786
-20.55
31.6048
44.9837
-21.2795
32.8915
30.8242
-45.58
-19.5164
-7.06073
9.24841
59.7937
-31.35
26.1934
-5.85526
8.23071
-11.9231
14.3738
5.46022
-13.0958
39.3687
8.31186
1.70869
32.5349
-23.297
9.1066
-39.2526
3.8925
-24.0853
42.7079
0.0823607
2.60729
-38.1916
-13.2472
27.9557
2.24204
51.0135
29.8842
35.4341
-49.0138
37.0612
-6.28447
4.57038
-51.1325
30.4785
-1.20299
31.8169
-43.9643
0.62459
5.35855
36.0574
-60.1467
-31.9206
25.5765
-14.2431
-19.2226
-49.0343
-39.703
25.0699
-48.0389
-45.8101
-22.5455
-84.2125
-18.1281
10.3489
2.52526
-15.2153
29.0463
35.8272
-6.8367
-6.53554
54.0826
-4.81937
-18.8167
-11.066
-46.1457
0.27816
-5.70314
-58.6881
-31.6279
13.6882
9.22005
30.9211
31.9064
14.1369
-5.95826
-20.3378
-3.27887
13.4669
-8.62253
-6.78487
-32.7631
-24.044
59.2217
27.9627
-21.9207
49.7158
-32.9279
7.74358
4.29081
36.2484
-2.76096
4.2524
-12.5329
8.0755
11.557
9.90342
-42.3247
19.3912
48.8755
13.2867
9.07204
-21.4449
31.4504
-25.0702
52.9254
-15.7512
8.95275
-9.07548
-30.1798
2.28786
8.33593
-6.77765
45.4102
-24.9669
21.3375
21.1156
19.2499
-8.00547
-4.49835
-44.5468
-31.376
21.9414
-18.8281
18.0847
-39.2983
12.431
-49.1992
-54.5158
8.28583
-0.528159
-29.789
-46.0747
25.0644
-0.281833
38.4349
23.2728
48.3439
12.9381
-54.3546
-31.7973
-23.5451
3.03184
28.1094
11.1158
10.0249
-10.6685
-31.6461
-8.5592
30.6256
-7.70167
39.8511
-40.4564
16.0383
59.1351
17.6576
1.48354
21.7999
16.0109
3.41863
7.0829
-51.5904
-3.90228
60.2122
3.84804
-29.4778
7.13284
2.20983
-13.8209
4.68916
-36.5894
-21.355
46.2284
29.8849
0.542833
-28.775
-36.7016
58.3032
16.3742
-9.75393
-11.7585
0.195365
-45.1698
27.6618
51.1034
-36.8886
-38.6617
37.168
-4.58688
26.1462
-21.9062
-25.9045
24.2684
-6.30742
7.16732
-33.9315
12.879
7.11339
58.2597
6.88205
-18.0248
57.936
-17.6077
-15.2737
9.52963
-13.4746
-5.17768
-19.9727
-9.76686
3.64832
-48.4827
-15.985
-10.8184
28.4084
-5.20453
36.4918
11.1561
8.92551
-0.0160871
20.5546
11.5141
-36.4747
23.9043
-11.501
10.3429
-21.6741
4.46076
5.1603
12.9065
-28.7899
31.8931
2.54164
26.0529
4.45938
16.561
-57.3079
-32.7525
-0.108741
52.9691
-39.1367
18.6197
-16.1309
6.46835
-76.6042
-4.56197
-1.72316
5.24408
24.8409
37.7342
-32.6289
-9.20918
-23.0421
-6.95492
-5.98869
38.0377
18.393
-45.7766
-23.2643
32.3573
-22.6187
19.6322
16.2461
-4.41241
-38.2184
23.6145
-46.1964
-52.2809
41.3973
2.40084
-26.6356
5.68847
-45.1791
6.13562
35.1122
61.5628
-47.5355
-6.32011
27.7879
-35.2494
-28.994
10.6121
38.0298
-0.614116
27.6615
-60.4124
-51.7914
-35.8589
-37.0089
5.75173
-18.6726
13.1189
28.4288
-12.3393
-19.2352
-27.0838
54.3244
-46.0334
-17.6165
33.3674
20.372
26.6078
49.2278
33.1929
-6.301
-21.8537
-21.2816
-27.6214
-23.3723
2.39671
-7.35057
50.1838
-40.8549
-21.7255
-26.0892
-40.4187
-48.9512
37.1294
12.2424
-8.08413
4.04537
-26.5629
2.60827
18.9866
0.624164
-41.328
-2.1871
-61.217
27.879
-8.47695
-13.1746
30.9949
21.433
24.0424
22.2946
3.57981
-0.473444
15.664
-4.15914
-25.2517
-1.08806
9.07749
-34.4841
-12.2061
-44.2334
38.6841
-1.67214
14.1087
-15.3393
63.2154
20.5764
29.1939
-31.9918
42.0241
-23.1132
-31.9153
-0.870445
-18.7238
-23.4174
4.68202
51.9295
19.6496
-27.6734
-25.6356
22.3542
-12.2111
-17.8926
18.0768
-44.6533
-72.1652
18.7392
15.942
9.75581
-2.03854
13.0638
12.2125
11.4216
24.0799
-11.9973
14.0192
-4.12907
34.4129
-29.4489
-19.2433
-26.4637
23.2894
-4.08675
21.7636
-30.4133
9.54744
40.0904
0.0419877
8.9721
-11.8196
-9.25199
-2.05866
36.6231
-7.13672
-6.26751
-13.2033
-7.9862
-4.85384
-53.9756
-35.043
-14.3259
14.342
-5.08215
5.32773
25.9156
-41.6822
-5.46047
0.519441
34.7201
-9.45492
-99.3573
56.8343
-16.2435
1.84279
18.3934
37.3062
-2.44446
-5.28094
12.6266
-6.80926
-27.9665
-48.6162
25.7758
13.4061
-26.4142
58.4788
43.8759
63.8601
-29.5377
-38.6517
21.9758
-21.0861
-15.7433
-18.6011
18.6076
-8.59744
25.6724
11.8655
-54.6853
-5.09379
-11.3166
-11.0461
-58.2374
12.914
-5.73772
-38.5545
41.1609
16.7282
14.7233
-9.91631
19.2517
1.57427
39.5132
6.83617
-11.6647
9.16718
-20.6596
-21.6353
-12.9185
-61.8598
24.2903
-36.4788
-22.9867
7.24528
-32.675
-7.2922
-21.1356
-14.19
34.5445
28.8054
41.7431
17.6036
-39.4915
-11.6274
-8.46469
5.62767
-45.545
-41.472
8.21023
27.0854
16.0404
39.4668
-10.5124
-32.3406
-18.5864
-15.741
-26.2901
3.01121
12.2159
-0.137965
13.0176
35.9342
-10.466
8.58166
-29.7966
16.3222
33.2822
-3.86921
-33.2055
-3.00204
25.6455
17.5984
10.5305
-36.4608
32.5281
55.0609
13.8525
-27.067
14.3314
32.8594
-5.73182
-60.9244
-9.00735
-8.2479
24.0564
-39.0167
11.0308
11.3209
-15.4224
-8.57384
43.7237
-19.3072
11.9585
4.58168
5.36758
8.29764
26.4995
-2.71695
-6.17233
-6.76158
7.54732
-26.2432
-0.416501
-18.5826
-38.8657
-12.0171
-34.6425
6.99234
-11.3145
-26.4118
0.620237
-34.2676
-15.0771
-16.7614
-49.0367
-50.4602
-37.1239
-45.2434
-1.37374
6.16795
23.7929
-43.566
-13.7424
44.2163
-39.5037
-11.3379
36.7419
-6.8126
-52.3508
24.569
57.6619
17.3685
3.05852
14.1865
24.8785
-26.5708
-38.2469
37.4118
-35.6808
-40.0378
-34.5965
9.61568
42.5953
1.01509
-71.8591
-13.3158
19.5658
14.8214
3.9888
-16.246
-13.0539
27.2731
-5.67241
-33.8686
-45.9134
4.15677
-26.4452
13.2428
9.24875
5.20295
9.46266
29.647
-33.2025
18.5006
36.2721
-20.1675
26.1355
-19.7624
2.87321
19.6965
-14.0504
28.0016
36.7337
10.533
64.3473
-2.27859
-25.2814
-16.7853
-3.75608
9.42638
2.36696
-31.6118
-12.7084
29.5764
-66.8063
83.4522
11.4654
7.224
21.3284
22.894
16.3716
19.4866
-7.11224
-3.90145
4.32235
3.29079
-4.4159
-36.1551
34.1007
-5.2865
39.5897
-35.6593
-24.596
8.20289
-55.2687
69.2695
19.3462
-17.1649
-8.98304
23.0583
11.7053
32.8006
-7.17694
-11.0006
13.7053
16.3591
-55.1333
40.7079
27.4164
15.6844
12.1336
17.0129
-7.42122
27.2926
-11.87
-6.52606
3.60096
40.0136
-4.86393
8.27913
-4.61504
-38.5239
11.0925
28.1146
-30.9926
-19.1161
-79.8467
55.832
-6.95987
35.4293
31.416
-19.45
-24.125
71.1604
-5.51195
-15.7296
-63.6417
-6.1188
10.4373
-24.8926
42.5196
39.9466
-18.483
27.614
-4.16705
-12.4859
-7.4458
31.8533
-1.77319
-0.778047
6.12659
19.8606
-33.2184
-43.6375
-52.7689
-35.2529
23.9509
-15.3633
-22.2064
-49.624
4.18564
56.6613
11.4826
14.9299
-10.851
-3.96825
-45.0569
37.0076
8.23055
35.3898
-0.226176
5.88457
-10.1657
46.599
25.976
-40.6873
5.81031
9.10601
28.0698
33.0488
4.35696
40.5159
-2.38552
38.9036
-1.77951
29.6068
-14.5627
-41.2648
38.7281
-6.25786
28.2982
13.3444
-2.76767
-1.64571
28.9469
17.3645
20.583
0.268936
4.52329
64.2324
-19.2201
-12.2694
25.6649
34.7019
25.3702
-11.6206
-25.2755
8.82379
-2.5423
33.1819
6.20336
-12.1577
-3.97552
64.0753
18.9808
-54.4053
10.9844
34.3248
-37.504
4.31122
-22.5482
-14.7274
-6.81961
-17.0828
25.6205
-7.58103
10.7508
-38.2385
-31.1822
-16.1038
-30.5537
-17.5903
6.60144
-21.0168
31.1947
-15.5535
-26.9644
-43.2214
-10.58
-65.1225
-56.1929
0.95711
-32.4812
-9.53798
3.64324
-9.96069
69.8877
18.7481
10.3211
24.3706
-23.2491
20.6752
-8.08839
-12.9355
12.7321
-9.31263
-17.8052
-31.8798
-0.0499602
5.87943
22.6719
-42.5473
46.5389
-29.3402
13.3489
76.0574
28.5043
-0.378393
-10.2253
9.29399
1.25478
-44.1527
41.6748
-6.56469
3.44814
19.4087
3.48511
-10.2686
-46.1599
-29.41
26.3989
-7.85018
17.3514
-30.8387
-4.9981
-2.98959
14.2169
8.39735
-18.4943
5.53106
-37.2909
23.4148
-18.2074
-0.507173
-3.24923
37.7709
-28.0585
-21.9205
38.332
7.35071
20.0869
28.8431
40.4308
-56.9888
4.85983
-34.3859
-11.562
24.4542
-35.7615
9.69272
22.5922
5.70216
-41.6869
-11.788
-1.48315
-56.5526
-36.7956
38.3472
27.4686
-8.39289
-22.9505
-29.1951
5.3116
-11.76
34.6729
18.6342
9.19033
23.3879
-39.7433
9.36062
-15.7284
-4.23065
-19.9447
48.6271
4.14261
-4.61095
-39.5167
-40.2656
12.0175
5.20487
-6.48993
8.1025
-5.56516
38.3982
0.302597
-48.8757
-8.14332
-24.8018
-23.4787
26.1229
-22.6162
-8.05091
-1.70712
-41.6501
33.5649
-36.3795
2.66609
-46.2208
43.8081
-45.249
-53.7444
26.1481
-12.7711
-36.4981
-24.8971
3.18076
-7.97278
9.86206
59.6977
-20.1761
58.0543
32.1553
-19.9657
-27.0075
14.9763
-30.7497
33.7371
17.8832
-12.9731
-4.38058
-8.87341
-23.8234
6.51204
11.4427
7.02401
16.3003
9.72269
-40.3649
4.26523
-11.7993
37.5346
-23.1752
10.5771
13.7791
-6.59194
20.1224
-43.4505
-1.63559
33.0315
-16.1385
-1.56177
-26.9644
-55.5429
-63.4886
39.0557
-8.23971
-47.3409
-9.19858
-6.9834
-46.2809
-23.4892
-34.8288
38.9132
-20.8206
-6.19934
-4.10097
3.16929
-24.8403
35.9202
0.324661
-39.2183
-17.2431
-29.4669
3.62784
37.5479
-31.0856
33.6974
7.51768
-12.3958
-32.6492
-30.5595
14.0847
-11.3758
-15.6152
9.58555
23.962
9.12437
-7.38244
24.5395
-23.5566
12.8472
0.28444
16.5399
47.6229
-28.4226
-24.3901
35.6849
39.9164
12.4732
-55.3128
54.5702
-8.63147
-42.0977
-28.3339
-10.5967
-7.60522
11.1112
-41.1674
-41.1192
15.2759
-13.431
38.2868
-10.1228
40.3479
-7.41071
-17.2924
15.7534
-37.8908
4.07408
14.6765
31.5903
-21.4044
-15.2965
5.6289
-6.42806
14.7541
15.1208
-38.2333
25.7939
-13.3497
1.38935
-21.9981
-8.88912
-20.4254
-27.4337
8.65263
26.3756
25.1877
52.3183
31.6023
6.93111
-4.28457
-40.5647
73.5021
20.1872
53.1361
-32.3325
-5.55068
-3.65527
41.1605
-31.8349
1.73401
32.7466
12.0892
16.8079
-2.03588
-42.7497
-36.6478
6.93832
22.1513
-31.2527
19.3637
14.9446
22.8152
22.7344
-16.1572
3.54153
-25.912
3.04574
0.852047
-18.5074
-20.6767
-35.4475
-42.8484
-7.36779
-49.1292
94.6901
-31.2784
-15.3788
-8.69705
24.2548
55.6572
-12.6007
-41.5815
-48.1969
0.0198071
48.5377
41.6109
12.6418
-55.7537
-24.1808
8.84561
15.636
30.5461
-94.7277
50.1446
7.40592
43.1651
35.6662
20.6244
18.1963
-1.77714
-4.04041
25.0449
-4.46054
14.8828
-23.3993
-23.0387
-14.4196
-18.7818
31.0817
-22.1775
-6.6775
36.716
42.5411
1.38682
-17.6503
-12.2796
-32.855
-2.16083
31.5464
-41.5481
3.60101
5.67507
31.6432
-53.5818
-19.6186
-72.9772
40.8735
4.53248
-7.24086
-31.6215
-52.1612
-23.9323
-24.6163
-7.27981
27.8119
21.1022
9.37803
22.5517
-1.39561
13.1871
-25.8374
38.2849
-15.5435
-14.8806
6.32608
-5.63264
15.5154
21.5804
-31.5214
-14.5232
-3.92083
38.1097
-15.6497
17.2089
6.89144
-40.2287
10.399
-38.2225
14.2692
-14.957
41.4521
41.1022
-11.8547
7.75845
10.6709
28.4287
41.9426
7.37987
-55.0638
55.5575
-12.7626
-39.5631
-35.4869
24.601
28.136
-47.641
-16.3852
-0.0671771
-12.3653
23.784
-24.413
7.88711
-9.14258
-23.4812
-9.32314
16.0381
12.0397
-13.6024
31.4724
33.2321
12.4054
-7.71598
-32.9742
31.2571
-37.3852
-2.7091
30.4838
17.8872
39.286
-0.711884
-35.3552
25.0339
-3.75436
4.10506
6.25944
20.9826
-39.0347
35.3059
23.6063
45.9295
6.63603
9.19555
47.3554
7.9157
-39.3293
63.3734
56.079
26.683
1.48576
15.8281
-33.3899
1.66808
43.9658
-20.2009
6.90354
-14.1229
-10.5804
23.4944
-37.3132
11.7832
-4.44633
40.1082
-9.98564
-17.1779
-7.19787
-11.3217
-5.5083
24.2961
8.62277
5.10332
12.9536
-17.9153
-33.65
31.1342
-14.9141
27.0485
19.1509
-32.008
-58.0374
20.1892
-59.6358
-9.31707
9.33836
-2.40184
25.2172
36.659
12.8819
-25.8543
53.8079
45.1465
-43.7717
45.4776
-2.61177
36.1184
-33.2711
41.4318
1.53141
8.1195
22.6726
-25.3774
24.1445
24.8278
7.84046
48.1391
-1.37712
-39.7095
5.50621
-7.74319
5.75871
-5.41462
-11.8374
40.3202
39.2545
4.52692
-4.93799
-48.1549
19.9254
4.26536
16.2854
-8.90694
40.0522
-23.8549
-9.55924
-18.4791
-33.8135
11.7629
-4.88582
29.9786
22.8281
8.33036
-27.5002
-38.0461
36.9021
56.9094
1.36139
11.5405
41.2392
-6.10814
-22.5916
-9.77279
35.7623
-24.8758
11.4634
34.0472
-5.18651
56.2914
-41.1002
-28.824
-19.8686
-7.60164
-38.2264
22.4058
27.8769
-37.7633
3.81602
0.928279
19.1044
-23.0343
37.5974
-5.20818
18.1657
-8.78299
-14.1555
3.24119
6.01479
31.2832
-16.9743
7.89604
-26.5604
29.758
45.8886
10.1242
-3.89755
-18.8018
-3.56486
6.5888
-41.5711
43.9889
-1.2945
-9.73087
10.3222
0.176515
-28.6203
-75.8346
-12.5095
29.3488
-46.1374
42.8977
-22.3759
-5.10138
0.179351
32.1111
16.8325
8.27459
-13.0234
13.0646
8.05786
-20.2809
23.3643
-24.3739
-10.7101
-19.4459
-69.5282
10.4692
-3.83181
10.1194
32.8341
-0.0688604
56.2811
65.2105
10.8212
43.1097
26.5963
14.9856
-31.1129
21.092
-6.28763
17.5056
29.4387
16.527
30.5688
37.2242
-11.2351
6.70117
-25.9824
17.0801
6.93589
14.5742
21.3054
-4.33295
36.937
-34.789
-11.26
54.1032
-19.7465
-64.4213
4.02025
11.7998
-6.69697
-33.7738
2.41616
-9.39825
24.8309
11.4695
-26.313
-34.6357
-25.9527
12.5073
18.7579
-63.8813
-4.19807
-0.182864
-20.6333
-17.2927
-28.9573
1.67275
2.45914
-13.6323
-28.7181
6.06761
-38.5716
41.1142
13.9118
-29.7327
0.649858
-39.0755
2.25647
-40.4756
-4.48498
-33.0692
-28.4679
-9.10465
-5.67973
40.5431
-26.6522
-46.4045
10.3373
-5.90029
0.534101
-35.4568
-8.24012
-36.0697
45.093
4.0331
11.4133
-14.5456
-11.5216
-56.4088
-3.44771
50.2207
22.572
15.3833
-23.7237
36.3804
53.2281
43.4646
32.8224
-20.8009
-6.39705
0.512358
1.71825
-32.2327
8.25231
13.0715
4.25391
-27.6524
18.9382
-39.5844
-42.1685
25.5636
-10.1235
6.2536
63.5531
14.89
5.20324
-70.5509
24.8643
19.2702
-31.8206
-35.1459
7.3467
-55.3045
80.5256
19.1892
31.0309
-28.6443
-10.8246
39.1562
4.54407
-8.81006
5.0476
-39.6838
-3.65939
6.8769
12.1325
-27.0332
7.54628
-17.058
-12.437
-15.7113
-27.133
-40.0468
55.2536
-16.8207
-13.4865
10.4694
7.16087
-33.3942
-11.1235
-23.5621
9.03896
17.0043
-19.2483
-69.1837
55.7271
-8.41258
25.7185
35.477
-40.4413
4.91771
-34.0595
36.1725
4.42135
-3.04541
-4.17467
3.96155
6.40613
-20.1239
-16.401
-23.0033
-21.6328
-7.51476
-11.8288
-82.981
66.9077
-29.4299
13.2082
31.7527
-2.25088
-8.97141
4.15313
16.4368
25.3928
2.05106
-64.9861
-10.3082
-37.3172
-27.0188
14.6146
-20.0734
-2.56774
19.7552
-26.1866
19.422
-36.0587
-17.7004
33.4955
-29.6572
-9.23735
-5.5119
-9.29353
-12.9273
27.3444
-3.24039
46.2671
33.7203
5.49304
-27.3611
12.5162
16.3367
-4.17727
-14.8395
-19.1786
14.5905
71.9527
-1.78988
-42.5674
-9.08091
35.2099
40.2888
35.7724
-37.1339
38.8121
25.9484
-24.8818
-14.0502
-3.42991
-17.2427
-57.1308
-24.365
53.3992
7.40145
-36.0063
12.0701
39.672
-43.6105
14.1975
43.6537
-23.7244
-5.39029
2.6237
46.0067
37.565
50.6757
48.7852
16.4437
15.1868
34.2651
-0.638552
26.4926
10.7235
-6.9546
34.6361
12.5085
38.718
18.1759
0.525166
26.135
-8.41487
6.42586
5.7437
2.01643
-26.3809
-8.35809
-5.66151
-4.74587
-11.9906
18.9489
-43.8488
8.72711
15.4685
-11.2789
-10.9313
39.2289
-24.0177
8.34115
9.40031
60.5632
5.03317
-33.4334
-14.5169
26.6111
-14.158
-54.5212
-32.2293
37.1806
-9.98501
-16.9296
-25.4916
3.38804
33.9404
3.73593
-33.3111
-15.7722
29.8584
-9.32929
10.1636
-35.2486
-12.7576
0.68279
-11.6231
-2.85516
26.8596
15.7627
17.7727
31.5972
10.0756
-39.5522
-15.8652
-26.5897
-8.0195
41.4103
45.5076
-5.90336
8.4615
10.9057
39.403
-17.886
-41.8777
-28.4949
-33.8814
14.6125
21.8943
8.42975
32.3659
-7.87793
23.2671
36.461
-24.0483
62.0092
13.1625
21.2515
20.2373
-9.49939
11.7146
-7.15826
-39.4783
-1.22024
-19.7121
9.98619
-14.7545
-17.1452
-40.9203
38.6742
5.45577
-12.4047
58.5077
10.781
11.5078
5.17053
54.2067
-12.3609
-26.0116
8.65654
-18.5775
18.6767
15.3586
20.7899
-21.9929
38.9532
29.3426
-63.9793
-43.6417
-58.2427
26.5037
-13.2983
-25.5529
48.9304
27.6616
6.66169
-12.5584
5.57792
2.53205
-37.5038
-18.5093
-1.64733
15.9939
-56.8117
99.5113
8.92623
-34.4158
-0.285986
5.77746
41.4408
-25.8565
-5.29965
5.08266
-13.7278
15.2291
34.9181
53.782
4.81512
7.7817
13.0306
5.64997
7.04691
-35.7805
2.74922
9.44493
12.1959
-9.19514
-0.551034
-40.2749
-9.4052
31.1181
-21.4912
4.25205
-22.5045
26.7448
19.1276
29.519
-34.7849
4.1436
-14.4415
11.0195
-24.729
-11.1717
-12.004
-12.8578
2.24335
-9.32671
-16.2041
-18.4586
72.2263
44.8961
-17.601
17.65
11.7382
-22.2955
25.3896
27.0093
-20.3784
-51.934
-4.13953
23.4672
18.537
0.952063
32.1299
22.9345
-41.9974
31.9528
-29.1889
-21.0779
-62.6093
15.7385
-14.4314
1.43258
-38.8977
44.4123
12.2782
34.1893
-8.87432
1.25497
25.2776
3.80935
-15.7795
0.928168
-3.38407
-22.2248
-23.7764
-21.3666
-30.068
13.3831
8.91047
-27.7621
60.7668
2.4362
40.9466
-0.724167
-19.0158
-2.73268
26.4238
-4.23677
7.1315
-12.5011
-36.4048
48.9433
40.4574
26.0801
22.3574
39.812
-50.596
7.49846
-2.25122
23.1822
27.2159
21.141
21.7126
5.22299
-34.4083
-49.6071
-26.1922
-20.149
-33.4404
17.8635
46.1324
-54.3616
27.2724
19.3596
11.7508
-28.7035
-13.0548
19.0742
-5.50348
37.4904
35.9297
51.7878
59.6789
-28.7052
0.386597
-37.4906
-10.5115
28.8922
34.636
-27.682
6.47024
47.154
-61.7863
-34.5216
-5.92954
45.2522
-6.05596
26.8654
-2.68613
-41.3805
52.5623
45.2552
-23.8999
38.2967
3.94695
-17.1003
-19.5196
22.4191
-32.2103
23.7814
45.7981
-18.9535
-37.7244
6.22996
6.96527
23.052
9.10659
32.649
-37.8029
-24.9273
-5.47178
2.03574
4.78409
76.5292
-6.73487
15.806
-18.626
39.0917
-53.0473
0.521683
32.759
56.4726
-16.9759
-4.89448
-26.3038
-3.04165
-31.9704
29.328
-13.1328
-5.08943
-4.25105
21.7095
-10.0442
11.5814
-23.6531
36.501
-12.7279
-19.8806
0.422284
-8.62833
-11.004
-36.0162
5.2079
-28.6604
11.2031
16.0554
47.6095
-4.40284
8.86721
19.2379
4.5004
13.2174
-10.1364
14.8922
17.4568
-57.8423
18.3296
-7.28493
-58.605
-7.05957
-12.6342
34.0297
-7.1393
6.32179
-24.5069
25.8745
21.7491
-26.1641
4.10483
-37.441
38.4975
36.3418
-51.0438
-26.453
46.0407
-1.26334
11.1832
9.33012
-16.3942
-58.124
37.1291
28.8162
-0.492669
-30.0242
-45.6964
21.7694
36.8203
-4.40147
13.6678
-2.21276
-7.25851
29.3638
-4.26688
-60.2809
4.90535
51.5118
-7.24728
-3.47947
-16.1023
-22.1033
-1.462
-18.0913
-59.1004
-14.9414
40.3958
-39.5205
7.91331
-30.613
8.93803
31.6565
10.4192
-10.0293
-10.9414
-27.4898
-2.56903
24.0358
31.6543
54.1325
-12.9337
-47.9638
-23.0799
-38.3026
0.800964
-24.4189
46.1899
29.6837
0.0488625
-7.80346
55.4755
48.933
-12.4677
39.3972
-17.8867
19.6022
-21.4824
31.7863
44.7717
4.45019
7.51537
-19.1931
-20.815
-21.3471
25.0319
-45.6268
7.25764
-7.98943
-2.26982
30.0738
8.89756
-9.32548
15.0515
-52.7375
24.8774
-31.6442
21.1981
-9.10377
-13.136
-48.6366
-18.7649
42.5076
-10.0847
-11.2052
-7.67661
12.8407
-4.23306
3.0883
-35.7832
-3.27048
-7.49303
33.2111
-49.6424
21.9536
-28.2519
-58.5439
25.0001
33.0609
6.61361
8.97257
-13.2216
3.13642
20.3454
5.4239
-14.3143
-31.8002
-30.1059
-8.93657
-12.4796
32.9006
58.7262
6.21487
-0.193989
46.2267
11.1588
18.5688
4.64241
-53.9501
6.909
7.26369
-36.3445
-28.9186
15.6866
-2.39003
-8.90374
19.1314
84.28
22.2754
45.9837
47.3496
-25.1235
39.9126
48.9617
18.1318
13.9445
-26.4408
32.4138
59.8376
-36.6754
-5.20132
-0.826738
43.4321
-31.8949
0.820708
-30.2969
50.713
-5.15667
5.68992
-37.8475
48.3082
-35.8174
-29.9251
-51.2637
-1.86121
-27.0497
14.5007
38.3122
-2.52471
-0.112467
-42.922
24.0675
-3.60678
39.0626
-9.61797
22.5819
-32.9142
-2.52347
-8.6963
-39.7585
13.2188
-5.39898
-14.3611
11.3307
-8.12483
6.02914
-26.1967
31.1968
-59.7972
-8.76396
7.39541
20.4461
45.3819
-31.0036
-33.1238
20.9297
-45.6115
-31.8663
20.5228
-78.4389
-34.7634
-45.5713
8.24116
34.1294
64.7267
-11.1114
-34.9862
19.4399
41.616
-11.2825
-15.6719
-11.7465
16.1055
-2.50663
29.7325
-15.1899
11.863
15.9921
-27.0042
-42.2113
42.2729
1.76224
-8.49945
-19.3529
-37.5415
1.61412
5.38514
-2.68467
-8.87586
-6.57271
-10.1234
18.0692
14.7854
23.8444
-30.0992
33.0761
65.3645
28.0145
-34.7029
-32.968
12.5369
-18.504
49.6118
17.6654
55.1039
-18.8056
11.0058
-4.1953
33.1111
30.7575
7.07607
44.5428
-21.6282
-10.0179
-26.7772
-19.0244
-5.67565
10.7119
7.14234
-56.4442
-10.9948
-6.05679
-39.0205
-65.6463
18.7186
39.7413
-3.56942
1.46229
-60.9878
-16.2364
-16.0469
-3.90862
-43.153
8.04379
-8.24133
11.189
12.3581
7.31464
-7.19485
-1.09726
-12.2138
25.8404
-2.40208
-15.0028
-2.40516
-29.8419
-4.01732
36.3129
-34.383
-52.8054
8.35777
-28.6763
-55.5852
26.8309
-4.86
51.3767
-61.3041
23.0038
-3.21127
28.1635
18.1022
-13.9897
-6.29288
8.94895
-7.53229
-38.5363
-4.8228
25.354
30.245
-3.61257
24.7674
20.1246
58.1674
-29.4336
0.27056
10.0796
14.8302
-3.45849
-15.7949
-28.3785
-5.01002
12.5183
-29.8408
-34.3491
6.9177
58.9587
-10.8369
0.401472
-37.7139
73.9795
17.7852
4.79617
15.7457
25.718
-24.2614
-8.09745
15.0147
19.7905
44.6248
13.0529
32.6376
-76.5019
32.3668
17.5083
-10.5128
24.4599
-35.5996
18.0835
-10.1221
9.86413
-30.9513
11.6861
-5.92596
-6.68731
-50.7093
99.8856
24.4631
-9.16874
40.6531
67.7557
31.8851
14.5035
-55.9938
-23.2177
12.0167
-12.9474
-8.07931
5.58299
0.947311
-3.30008
-10.5503
-11.4076
47.9391
38.4755
-13.4138
17.626
15.7986
51.1194
2.19065
10.6984
29.34
6.74417
3.28913
13.6822
12.7814
30.3781
-5.3076
-40.9725
22.8767
-21.1726
49.5763
7.78776
14.8765
45.2828
-40.3757
29.0782
24.8968
9.06148
25.2533
37.4162
11.129
29.2638
12.1363
-0.705411
22.1679
-18.0888
7.26815
-10.7927
4.0231
-11.5828
16.1423
11.7555
-16.4524
-7.5961
16.8475
25.3109
-18.65
20.8294
-44.0783
-49.6465
32.2232
27.1871
29.2207
4.60902
-41.0784
-48.2698
-30.1307
-21.9168
-8.55243
-35.0506
38.4964
38.7966
3.28478
-29.8388
-43.5333
18.8681
-25.0693
33.034
-8.04377
7.5293
-25.9833
-1.43571
16.5429
24.7809
-13.8594
57.2019
-11.9703
-7.4425
-16.1791
-37.0556
-3.93229
48.684
-12.4966
-41.8688
30.7086
-27.5714
30.4498
40.4807
-0.801264
-8.4438
31.2698
24.9085
-4.25277
20.9546
15.9533
8.80373
2.20445
14.6168
24.6119
49.6274
-13.5316
-25.8669
36.7177
26.813
-46.2653
-22.7763
-2.82651
17.8103
-26.6545
92.7596
-66.7621
20.2898
-31.3686
-6.7431
-10.689
-13.9554
-28.4854
-42.4392
10.4198
1.04229
18.8723
10.0763
-4.9108
14.3561
7.52585
2.33951
3.46913
28.3459
-18.2774
19.1743
-25.2269
23.5401
7.27452
22.388
19.1092
58.5246
-31.1639
31.5015
24.9906
-2.32294
-34.4367
-25.8349
-11.445
-9.60388
54.7565
17.8958
5.53038
1.43952
-13.7981
30.9787
52.4531
-10.498
22.3854
20.3168
-15.0951
19.4578
-34.0556
-22.8181
1.16249
25.3618
-6.00117
-38.0023
-18.6796
5.59977
-2.88801
-43.6302
7.26693
-28.3901
19.4091
10.9689
5.63018
22.5781
-57.9917
5.3554
70.2629
28.356
-0.99022
-42.3931
-24.9841
-36.6928
-1.09116
-18.785
8.12667
20.9132
7.57456
-46.4722
1.92252
-12.7464
-24.9383
21.6906
-6.09681
5.21951
28.967
29.2581
50.3599
1.93992
8.63419
-12.5622
-46.1395
9.12652
-18.3349
23.3056
31.9432
28.8952
21.1919
35.0535
-12.4523
17.3094
8.19599
31.39
-28.9565
-8.28327
-44.9185
2.27156
-11.3077
-25.5665
42.3668
8.57875
-5.34688
19.5878
-23.3418
-37.5575
-38.6608
28.8633
34.3993
20.7083
66.5607
19.534
1.21824
-36.3282
4.48928
15.6841
12.0642
17.5528
-2.68114
6.53934
11.2462
11.4795
48.0446
56.9933
-7.51399
-13.2054
15.4727
46.1943
-46.1362
34.9328
-19.3593
-49.3252
-21.257
-19.9936
8.64501
9.80182
16.0792
36.0755
8.30619
17.495
24.5861
0.00257392
5.6144
-20.8128
12.6866
-8.11622
14.79
33.4348
8.1264
28.4053
39.3208
23.2883
-4.94582
-4.79637
6.09684
-34.6833
47.8557
-0.0259205
-4.23758
11.3564
-38.9902
-25.1993
-16.7602
39.0301
38.2578
28.1005
16.5215
-7.71585
-3.89493
18.923
-16.7446
-5.60053
-31.1015
-10.5436
3.32148
-39.0808
1.25515
-16.2349
-17.8226
-14.6862
7.39057
-31.4109
57.8173
15.5492
30.5989
-27.5663
99.3611
-11.5231
-48.582
14.0082
-36.6254
-7.6832
-12.0203
-43.8478
6.33696
-7.46572
-27.8802
-20.1259
18.0298
40.0845
-32.6591
-2.44965
6.72978
4.58153
-21.8227
-25.8114
-11.0266
35.0839
25.5003
-7.35834
-11.2513
6.12779
-7.58551
-14.1965
-37.0911
32.1115
19.2293
72.238
32.0926
-55.3953
-24.3406
-8.65221
-7.41432
21.16
-1.08539
37.8041
-40.4296
26.2946
12.9536
48.8158
-38.0286
20.5356
78.8829
-9.72079
-26.7301
-33.2415
-35.6761
58.8151
56.1454
7.86791
41.4407
-12.0676
9.60832
49.65
-19.1867
-41.1412
34.5392
-18.8153
-4.13688
-18.6394
1.77629
-38.845
0.541656
34.4261
2.68234
-24.6482
37.3088
-27.2448
-47.4335
-8.62055
-27.8274
35.4686
13.708
0.901919
17.5348
-9.19233
37.7862
-91.4482
3.02466
13.4697
22.6462
6.23502
35.0361
-36.4327
-23.8094
35.3294
-54.0983
26.5718
-11.1237
21.6565
36.6344
-53.2266
-1.0118
-31.4077
-31.701
6.15218
-26.1318
-39.601
-17.5023
33.7814
14.8189
12.0264
-15.7854
21.6426
28.4223
5.69028
7.06226
25.4279
-42.7134
-26.6347
-0.591182
53.9488
-22.4785
26.1936
1.67758
31.6239
22.5257
-17.6327
4.38612
41.5258
0.0396581
-47.2611
19.3273
30.2762
0.657126
-38.1718
-25.046
-31.9437
-55.1374
19.6983
-17.5599
-11.6125
-20.6497
19.3579
35.5002
4.90465
-37.8113
10.546
-29.2253
-10.7505
-17.0286
-31.0117
-15.6284
-3.47939
-63.2947
-25.8591
-48.4901
-29.4213
36.5629
-5.3733
11.6404
-0.0900155
-11.3226
6.95597
-20.8091
19.8056
12.4202
43.3597
-41.1811
33.2167
-27.7211
10.9604
-34.1498
-10.0887
10.4292
-26.4519
35.0787
-6.08521
-3.58166
33.42
7.37258
-3.50387
-7.40637
57.8387
4.20887
-35.7391
-11.6783
-1.8213
-5.51563
-10.9577
27.6983
-3.06842
-20.7834
13.3707
7.22274
-18.5267
15.5759
-6.43614
16.6428
1.48568
-11.745
1.22791
57.6844
14.6828
-19.7366
21.4721
-30.2081
-18.533
20.9878
90.7857
33.3769
11.895
35.3605
-8.31269
-8.01368
-6.32614
1.19735
6.3096
-9.90373
31.9626
-25.1322
29.8639
38.0257
-61.6672
-25.1068
24.9726
-29.9643
-59.4834
-6.01461
-19.9394
4.67936
-28.2629
-28.2748
30.2355
48.5434
15.5364
-21.468
11.1311
-30.0445
-99.9714
12.4864
7.32524
2.22106
-29.6447
-9.78943
-4.21068
-0.427536
-39.5847
17.865
-0.584499
-43.2461
-30.9643
40.0313
-1.62
51.1938
33.1435
7.37872
-15.7725
0.665261
26.7536
5.78094
4.62977
49.8175
6.68201
2.50196
8.78731
-8.57326
28.0981
-26.2166
45.3293
-3.37389
42.0605
-40.8412
29.936
-15.8022
-43.6374
12.9667
-9.42414
18.2153
-21.1866
6.15201
21.9656
-32.8731
4.52586
-12.4605
24.6888
-25.4767
34.4468
6.45561
-29.4498
29.2124
15.0896
-23.0677
22.5357
-16.0725
20.0364
24.487
-5.93671
54.2817
-42.3784
42.4721
6.60799
-23.1521
-6.51835
-11.3679
-1.84655
-34.613
-4.53553
96.8508
55.0041
22.7204
6.12695
10.6568
-11.3805
-19.2458
60.1416
-16.1047
-50.3687
1.91441
6.8071
27.9353
-40.9903
6.16203
-26.2128
-48.3273
30.1205
65.8577
12.1036
-18.5876
-50.939
-18.1145
-15.9816
13.6981
-1.02805
38.0633
-7.32026
2.44725
-41.6891
16.8213
49.4665
-1.21356
56.3675
15.1992
-1.2041
29.5694
-30.788
39.1361
0.254835
-53.8935
-5.31265
16.5085
-19.7912
22.9393
58.5175
36.3253
-24.6509
24.6245
7.7901
-37.0289
-8.29183
-11.1572
12.2458
-21.9147
-5.56072
-11.8264
-20.2568
-15.4004
22.4568
16.9392
-31.4607
1.36087
-42.8018
31.5088
12.2888
-0.625298
4.79686
1.74284
-1.53704
-42.0127
19.3427
9.803
42.7595
20.1311
2.01472
-11.4111
-46.7109
8.51251
-60.8118
-55.5404
-14.7975
0.258141
-30.7629
30.0215
34.1235
-55.1236
8.91981
-10.374
-11.7136
-28.4869
23.4351
-9.51051
-2.64926
-27.6558
0.652322
-12.1652
-5.37975
23.8368
-39.7537
30.8882
18.1308
-10.7342
31.1508
26.5947
-2.69373
18.657
-39.1783
-3.23562
-6.35824
9.06376
28.0458
19.9198
-15.2347
-0.279931
43.3569
0.747563
-5.86924
-13.2879
57.046
20.7662
-22.3436
-13.8364
-73.7303
1.36891
39.9623
15.899
4.7322
-41.0747
-14.6698
-17.3846
-5.19968
6.21974
24.871
12.1903
-4.34119
5.18537
