0
-0.0905294
-0.0735343
-0.778388
-0.793671
-0.822766
-0.151191
3.08606
0.0551661
0.759284
1.40425
-0.199359
-8.67959
22.5721
6.69833
4.12681
-0.331574
-1.59608
0.474414
-3.46657
1.05259
0.495864
-0.310023
-0.880158
1.06606
-4.20144
2.50918
1.35263
1.82779
1.30099
0.624125
-0.0454419
0.257769
0.820087
0.91478
0.610961
0.448042
0.211177
0.124496
0.542339
0.567825
0.284487
0.263623
0.377052
0.189983
0.516921
0.449642
0.352107
0.379314
0.379256
0.316283
0.395961
0.360542
0.323986
0.330809
0.30853
0.288105
0.333771
0.299815
0.265567
0.261623
0.25424
0.256719
0.251133
0.265951
0.242843
0.234247
0.228131
0.243966
0.203145
0.253804
0.196666
0.211659
0.218114
0.206413
0.157954
0.232999
0.192143
0.177161
0.169562
0.164883
0.149507
0.215933
0.147263
0.165921
0.147096
0.136282
0.160692
0.227871
0.0385486
0.0740234
0.14176
0.173855
0.186217
0.129126
0.232996
0.143874
0.160399
0.141518
0.137501
0.0953742
0.162138
0.0980647
0.109164
0.107164
0.118183
0.108192
0.150265
0.0992054
0.12912
0.115235
0.0905516
0.120946
0.136771
0.10001
0.071747
0.073837
0.0862539
0.17053
0.102508
0.156082
-0.198407
0.051223
0.103014
0.0951784
0.0944442
0.0933476
0.0921717
0.0911424
0.0900058
0.089003
0.0878025
0.0871495
0.0869774
0.0852511
0.0836867
0.0828262
0.0817753
0.0809183
0.0805603
0.0787819
0.0769674
0.0766125
0.0754095
0.0747236
0.0744352
0.0730818
0.0728653
0.0750336
0.0718827
0.0684735
0.0685095
0.0677434
0.0669477
0.0660211
0.0649652
0.0640727
0.0632891
0.0625016
0.0615051
0.0611204
0.0629399
0.0615708
0.057786
0.0587142
0.0552416
0.0624997
0.05464
0.05435
0.0514191
0.0528544
0.0520737
0.0498608
0.0479396
0.04892
0.0275188
0.0491002
0.0517996
0.0475302
0.0503594
0.044853
0.0451063
0.0435527
0.0435802
0.0427165
0.0462739
0.041193
0.0401863
0.0391057
0.0390791
0.0383536
0.0375997
0.0371079
0.0366551
0.035974
0.0358783
0.0360934
0.0339791
0.0339822
0.0324766
0.0317306
0.0339396
0.0269307
0.0302155
0.0295178
0.0294371
0.0286305
0.0278404
0.0272039
0.0273518
0.0273198
0.0259877
0.025717
0.0249683
0.0243439
0.0233278
0.0232976
0.0214554
0.0221789
0.0207068
0.0202291
0.0198447
0.0193125
0.0203694
0.0179248
0.0174608
0.0149707
0.0166161
0.0158439
0.021087
0.0147531
0.0133691
0.013475
0.0130395
0.0110307
0.0128312
0.011111
0.0108375
0.010685
0.00949078
0.00909315
0.00838805
0.00792847
0.00736948
0.00670846
0.00617694
0.00567341
0.00425394
0.00450926
0.0038146
0.0033181
0.00271975
0.00211062
0.0017424
0.00112174
0.000542434
0
-0.000542434
-0.00112174
-0.0017424
-0.00211062
-0.00271975
-0.0033181
-0.0038146
-0.00450926
-0.00425394
-0.00567341
-0.00617694
-0.00670846
-0.00736948
-0.00792847
-0.00838805
-0.00909315
-0.00949078
-0.010685
-0.0108375
-0.011111
-0.0128312
-0.0110307
-0.0130395
-0.013475
-0.0133691
-0.0147531
-0.021087
-0.0158439
-0.0166161
-0.0149707
-0.0174608
-0.0179248
-0.0203694
-0.0193125
-0.0198447
-0.0202291
-0.0207068
-0.0221789
-0.0214554
-0.0232976
-0.0233278
-0.0243439
-0.0249683
-0.025717
-0.0259877
-0.0273198
-0.0273518
-0.0272039
-0.0278404
-0.0286305
-0.0294371
-0.0295178
-0.0302155
-0.0269307
-0.0339396
-0.0317306
-0.0324766
-0.0339822
-0.0339791
-0.0360934
-0.0358783
-0.035974
-0.0366551
-0.0371079
-0.0375997
-0.0383536
-0.0390791
-0.0391057
-0.0401863
-0.041193
-0.0462814
-0.0427165
-0.0435962
-0.0435527
-0.0451501
-0.044853
-0.0504108
-0.0475302
-0.0518782
-0.0491002
-0.0276054
-0.04892
-0.0480547
-0.0498608
-0.0521988
-0.0528544
-0.0515715
-0.05435
-0.0547985
-0.0624997
-0.0554134
-0.0587142
-0.057974
-0.0615708
-0.0631455
-0.0611204
-0.061725
-0.0625016
-0.0635148
-0.0640727
-0.0652052
-0.0660211
-0.0672044
-0.0677434
-0.068775
-0.0684735
-0.0721746
-0.0750336
-0.0731939
-0.0730818
-0.0747731
-0.0747236
-0.0757456
-0.0766125
-0.0772946
-0.0787819
-0.0809408
-0.0809183
-0.0821617
-0.0828262
-0.0840905
-0.0852511
-0.087379
-0.0871495
-0.0882104
-0.089003
-0.0904166
-0.0911424
-0.0925436
-0.0933476
-0.0947907
-0.0951784
-0.103405
-0.051223
0.197877
-0.156082
-0.103123
-0.17053
-0.0868566
-0.073837
-0.072277
-0.10001
-0.137366
-0.120946
-0.0912123
-0.115235
-0.12976
-0.0992054
-0.150921
-0.108192
-0.118834
-0.107164
-0.109858
-0.0980647
-0.162875
-0.0953742
-0.138313
-0.141518
-0.161132
-0.143874
-0.233748
-0.129126
-0.186816
-0.173855
-0.14234
-0.0740234
-0.0394306
-0.227871
-0.161653
-0.136282
-0.147958
-0.165921
-0.148119
-0.215933
-0.150411
-0.164883
-0.170478
-0.177161
-0.193137
-0.232999
-0.15894
-0.206413
-0.219144
-0.211659
-0.197691
-0.253804
-0.204262
-0.243966
-0.229223
-0.234247
-0.243987
-0.265951
-0.25219
-0.256719
-0.255224
-0.261623
-0.266726
-0.299815
-0.33476
-0.288105
-0.309619
-0.330809
-0.325012
-0.360542
-0.396695
-0.316283
-0.380199
-0.379314
-0.353113
-0.449642
-0.517316
-0.189983
-0.37802
-0.263623
-0.285631
-0.567825
-0.542647
-0.124496
-0.21252
-0.448042
-0.612964
-0.91478
-0.819753
-0.257769
0.0437587
-0.624125
-1.3045
-1.82779
-1.3488
-2.50918
4.20762
-1.06606
0.874924
0.310023
-0.496607
-1.05259
3.4642
-0.474414
1.5804
0.331574
-4.16145
-6.69833
-22.5518
8.67959
0.233556
-1.40425
-0.757983
-0.0551661
-3.06361
0.151191
0.876518
0.793671
0.804421
0.0735343
0.113805
