-0.00192523
0.00651335
0.0175236
0.0244031
0.0323224
0.0412447
0.0429514
0.0452748
0.0475453
0.0481229
0.0482893
0.0447926
0.0414785
0.0378715
0.034467
0.0329932
0.0317938
0.0340727
0.0370985
0.0412525
0.0493334
0.0560918
0.0650914
0.0738894
0.088713
0.105203
0.115112
0.119772
0.121482
0.118663
0.113569
0.10262
0.0875621
0.0676485
0.0470677
0.0276931
0.004195
-0.0154325
-0.0367682
-0.0537317
-0.0684317
-0.0825862
-0.0938077
-0.0982522
-0.104204
-0.108037
-0.10869
-0.104444
-0.0999705
-0.0964332
-0.087673
-0.0833841
-0.0753333
-0.0697353
-0.0625856
-0.0559798
-0.0506063
-0.041507
-0.0353641
-0.0300146
-0.0182223
-0.010845
-0.00472646
0.0039517
0.00892705
0.0131823
0.0144871
0.0163803
0.0146799
0.00940023
-0.00017445
-0.0121618
-0.0250571
-0.0341057
-0.0474283
-0.0550743
-0.0610448
-0.065657
-0.0668407
-0.0631365
-0.057158
-0.0498791
-0.0380897
-0.0255883
-0.00933165
0.00726668
0.0245124
0.0377298
0.0544822
0.068498
0.0805788
0.0874997
0.0978019
0.112171
0.118663
0.127567
0.13583
0.152463
0.164747
0.168919
0.168244
0.161825
0.156934
0.146771
0.12436
0.103773
0.0822268
0.0591951
0.033695
0.0133799
-0.0105016
-0.0377348
-0.0535597
-0.0755929
-0.088693
-0.0985963
-0.108721
-0.117466
-0.123355
-0.124938
-0.122012
-0.122279
-0.120386
-0.114424
-0.109356
-0.104269
-0.0997912
-0.0926753
-0.0856108
-0.0776371
-0.0679412
-0.056669
-0.0412169
-0.0282984
-0.0193364
-0.00869594
0.00664629
0.0167812
0.0240454
0.0316127
0.0388801
0.0400377
0.0387617
0.0344197
0.0302142
0.0249369
0.0159432
0.00554026
-0.00366074
-0.0115562
-0.024212
-0.0342103
-0.0403252
-0.0446826
-0.0482156
-0.0508993
-0.051117
-0.04416
-0.0394077
-0.0369021
-0.0313069
-0.0176735
-0.00958344
-0.00537964
0.00351358
0.0117501
0.0207809
0.0251898
0.0297556
0.0348766
0.0326133
0.0365026
0.041422
0.0421657
0.0442604
0.0482966
0.0531421
0.0599032
0.0639253
0.0685333
0.0685421
0.0786081
0.0835563
0.091288
0.102607
0.118214
0.134654
0.141707
0.141417
0.140245
0.133918
0.12883
0.110543
0.0895691
0.0605721
0.0375452
0.0158119
-0.0150222
-0.0398388
-0.0648556
-0.0824387
-0.107426
-0.119907
-0.126262
-0.137358
-0.146135
-0.147451
-0.144472
-0.138441
-0.132261
-0.132602
-0.121581
-0.111866
-0.103002
-0.0960743
-0.0863238
-0.0738055
-0.0662003
-0.0579635
-0.0404923
-0.0258245
0.000266545
0.0172827
0.0283762
0.0413356
0.0540236
0.063253
0.0675126
0.0724886
0.0718247
0.067084
0.058929
0.0494481
0.0340034
0.0198198
-0.00403142
-0.0181974
-0.0348394
-0.0480981
-0.0616255
-0.0739997
-0.0763292
-0.0754411
-0.0762215
-0.0708513
-0.0635403
-0.0537656
-0.0418574
-0.025621
-0.00365144
0.012963
0.0246929
0.0356507
0.0450931
0.052595
0.0600157
0.0621333
0.0680384
0.0733323
0.076397
0.0776718
0.0787868
0.0904673
0.0995634
0.108579
0.119597
0.140241
0.160208
0.173834
0.175827
0.175465
0.167451
0.159061
0.135736
0.111414
0.0890293
0.0609436
0.0221876
-0.0272597
-0.0560059
-0.0874566
-0.110595
-0.132336
-0.144473
-0.156373
-0.163994
-0.175644
-0.174474
-0.166291
-0.158559
-0.150365
-0.13955
-0.132496
-0.117553
-0.107768
-0.0984586
-0.0878681
-0.0762071
-0.0666734
-0.0581526
-0.030793
-0.0182629
-0.00165546
0.00961449
0.0225089
0.0404012
0.051677
0.0645332
0.0657747
0.0704297
0.0709988
0.0639989
0.0555988
0.0442868
0.0249141
0.00557111
-0.0147285
-0.0343215
-0.0475572
-0.0640136
-0.0808052
-0.0913958
-0.0969054
-0.0986376
-0.0984506
-0.0910761
-0.0844374
-0.0704362
-0.0576285
-0.0299084
-0.0091992
0.0127231
0.0243678
0.0370988
0.0564901
0.0710831
0.0887269
0.0937602
0.10103
0.11013
0.114584
0.116034
0.125021
0.1381
0.144145
0.150618
0.160007
0.174477
0.19276
0.200674
0.201722
0.187217
0.178945
0.162564
0.1374
0.109594
0.0695719
0.041556
-0.0288506
-0.0609858
-0.100772
-0.132082
-0.151181
-0.176025
-0.181583
-0.197799
-0.200379
-0.200049
-0.191529
-0.179822
-0.163639
-0.15282
-0.134615
-0.121218
-0.100926
-0.0875434
-0.0748697
-0.0593821
-0.0475959
-0.0254914
-0.0178821
0.000489821
0.0100892
0.0227823
0.0336258
0.042676
0.0542499
0.0637754
0.0645111
0.0661848
0.0631963
0.0554644
0.0437727
0.029247
0.00787717
-0.0123127
-0.0338707
-0.0550994
-0.0709672
-0.087536
-0.102592
-0.118981
-0.123028
-0.122486
-0.1158
-0.105824
-0.0970864
-0.0745988
-0.0512742
-0.0242012
-0.00619752
0.0214218
0.0478144
0.0551317
0.0817644
0.107644
0.124864
0.127997
0.140669
0.155662
0.157796
0.162401
0.160856
0.171033
0.176043
0.183929
0.181155
0.194058
0.206584
0.2203
0.204936
0.206617
0.18851
0.184749
0.148616
0.0959173
0.0746322
-0.00389101
-0.0295039
-0.090861
-0.106376
-0.148869
-0.187502
-0.197464
-0.228828
-0.220794
-0.225004
-0.221984
-0.213567
-0.194797
-0.173857
-0.159696
-0.143084
-0.119126
-0.10569
-0.0818883
-0.0647187
-0.0546628
-0.0342511
-0.0211845
-0.00366301
0.00362259
0.0234055
0.0371618
0.0380005
0.046962
0.0496944
0.0546637
0.0518457
0.0445692
0.0358511
0.0250595
0.00709358
-0.00811181
-0.0289543
-0.040629
-0.068829
-0.0880744
-0.0987148
-0.108805
-0.117029
-0.124385
-0.128907
-0.118045
-0.0982765
-0.0951094
-0.0688327
-0.0609803
-0.011702
-0.00118013
0.0332769
0.0660435
0.0720226
0.103031
0.104075
0.142524
0.142422
0.160092
0.171936
0.17587
0.192646
0.190558
0.193943
0.19326
0.195582
0.196565
0.198771
0.196175
0.211158
0.202504
0.211263
0.183904
0.189206
0.157972
0.105586
0.0876919
0.0216099
-0.0152715
-0.0868263
-0.104403
-0.163555
-0.21133
-0.216822
-0.248844
-0.252475
-0.255896
-0.246755
-0.23733
-0.217875
-0.200068
-0.166705
-0.146984
-0.118069
-0.104095
-0.0696041
-0.0431826
-0.0387506
-0.0183022
-0.0112587
0.007796
0.0104084
0.0225709
0.0346587
0.0339628
0.0407442
0.0400415
0.0419521
0.0380268
0.0279795
0.0134596
0.00368014
-0.0119496
-0.0257286
-0.0532549
-0.0710517
-0.0936778
-0.108541
-0.122347
-0.130358
-0.142783
-0.13448
-0.139002
-0.116877
-0.0859269
-0.085767
-0.048934
-0.0436764
0.0175372
0.0214799
0.0665829
0.0613565
0.101133
0.135179
0.131462
0.161677
0.153783
0.176757
0.174992
0.194103
0.206107
0.203337
0.20807
0.211889
0.210418
0.213725
0.20432
0.198014
0.214094
0.212639
0.218849
0.181029
0.190627
0.150337
0.0960356
0.0845201
0.0014859
-0.0270777
-0.104525
-0.119066
-0.189722
-0.246414
-0.249657
-0.280662
-0.276547
-0.276309
-0.261715
-0.241927
-0.214025
-0.195933
-0.151036
-0.127376
-0.0867288
-0.0778863
-0.0441319
-0.0114692
-0.0105633
0.00671448
0.00595051
0.0249515
0.0223407
0.0303412
0.0349692
0.0322619
0.0305159
0.0237985
0.0130023
0.0108672
-0.00864942
-0.031048
-0.0464006
-0.066699
-0.0785016
-0.0997163
-0.116364
-0.131495
-0.142126
-0.143845
-0.132952
-0.138351
-0.108559
-0.115914
-0.078094
-0.0783306
-0.0342072
0.0122547
0.0106068
0.071901
0.0703129
0.115704
0.108643
0.136452
0.160053
0.154226
0.17182
0.168347
0.178591
0.174908
0.188427
0.191819
0.192668
0.190858
0.1935
0.189281
0.192665
0.189756
0.187136
0.209963
0.210598
0.226103
0.197582
0.204251
0.157996
0.0929851
0.0828385
-0.00783122
-0.0453134
-0.132426
-0.142439
-0.223198
-0.278522
-0.278607
-0.300135
-0.28561
-0.274897
-0.254531
-0.223097
-0.181641
-0.162057
-0.113305
-0.0960242
-0.0550765
-0.0506481
-0.0234448
-0.00326195
-0.00316522
0.0020539
-0.00236024
0.0037046
0.00324754
0.00691199
0.00480587
0.0100467
0.00567288
0.00301685
-0.00976122
-0.0158329
-0.0379856
-0.0518704
-0.0844065
-0.110966
-0.125448
-0.143108
-0.160802
-0.170732
-0.177898
-0.161577
-0.130036
-0.126423
-0.0953615
-0.0766219
-0.0136966
-0.0054851
0.0511605
0.0862971
0.0896339
0.131252
0.136748
0.15165
0.140789
0.152795
0.157342
0.150826
0.150664
0.145949
0.149308
0.152639
0.161265
0.167415
0.170038
0.171444
0.176238
0.180797
0.183821
0.181743
0.185702
0.211806
0.222379
0.226882
0.193254
0.195846
0.171203
0.0966021
0.0755216
-0.0285823
-0.0556885
-0.131875
-0.15731
-0.234796
-0.291098
-0.297912
-0.296854
-0.280162
-0.256532
-0.235394
-0.205824
-0.179391
-0.1318
-0.0785281
-0.0639047
-0.0436404
-0.0373271
-0.0166071
-0.0146979
-0.0111595
-0.0188095
-0.0243749
-0.0219628
-0.022125
-0.0206074
-0.0225563
-0.0251552
-0.0309435
-0.0368098
-0.0420691
-0.0554321
-0.0825357
-0.103043
-0.120224
-0.132401
-0.146244
-0.152933
-0.16271
-0.163723
-0.158466
-0.120853
-0.0728361
-0.0649877
-0.0439272
-0.0163291
0.0439279
0.0569392
0.0707562
0.110013
0.11428
0.149217
0.153317
0.143225
0.130861
0.134676
0.137011
0.131819
0.125506
0.12336
0.135145
0.141143
0.145829
0.158498
0.164487
0.175981
0.186188
0.192815
0.194006
0.199977
0.209264
0.236987
0.257155
0.26123
0.206536
0.1992
0.186651
0.0923
0.0462155
-0.0841692
-0.125325
-0.174075
-0.202244
-0.293474
-0.313995
-0.339493
-0.313804
-0.282052
-0.241758
-0.214428
-0.173245
-0.134001
-0.0680808
-0.0153626
-0.00587795
-0.00592768
0.00186401
0.0141885
0.0092236
-0.0103874
-0.0322695
-0.0443295
-0.0479606
-0.047836
-0.0534644
-0.0626385
-0.075847
-0.0705144
-0.0732202
-0.0821408
-0.101231
-0.12686
-0.140836
-0.153758
-0.150363
-0.160754
-0.153644
-0.146758
-0.140847
-0.118404
-0.0622859
-0.00873992
0.00370703
0.0174676
0.0476405
0.0997233
0.105633
0.0957967
0.118264
0.12057
0.141516
0.133239
0.116562
0.0998503
0.105227
0.115215
0.118303
0.112129
0.110163
0.133408
0.147232
0.154935
0.165274
0.165255
0.176367
0.186895
0.195784
0.204152
0.219243
0.25072
0.263772
0.291374
0.290109
0.222047
0.197563
0.186457
0.135723
-0.00394274
-0.148271
-0.211973
-0.245791
-0.283816
-0.353982
-0.358773
-0.342056
-0.301073
-0.250445
-0.182501
-0.131551
-0.0927748
-0.0445823
0.0072751
0.0339451
0.0285452
0.0172034
0.00759326
-0.0126723
-0.0293938
-0.0453276
-0.0726072
-0.0822078
-0.0867113
-0.0882468
-0.0899405
-0.0950668
-0.104292
-0.106567
-0.112726
-0.130414
-0.15279
-0.166377
-0.174137
-0.182988
-0.167092
-0.16088
-0.117998
-0.0923576
-0.0803338
-0.0431154
0.017041
0.0684103
0.08273
0.0721385
0.0826085
0.107323
0.100451
0.0745144
0.0821973
0.0790428
0.0852128
0.0776851
0.0639141
0.0644032
0.0892406
0.0992967
0.12451
0.133524
0.152131
0.18038
0.186644
0.179868
0.180072
0.185949
0.192781
0.19591
0.20224
0.217043
0.239093
0.277967
0.285428
0.322183
0.306616
0.219806
0.155321
0.147963
0.0629772
-0.117267
-0.277139
-0.33608
-0.331032
-0.37693
-0.412097
-0.386861
-0.298185
-0.233897
-0.159903
-0.0695225
-0.0042258
0.0298087
0.0742488
0.0963966
0.0680361
0.0305601
0.0117928
-0.0256827
-0.0759933
-0.110443
-0.127751
-0.14916
-0.136835
-0.121671
-0.111314
-0.111946
-0.114546
-0.110504
-0.106381
-0.123041
-0.16135
-0.186149
-0.189365
-0.183883
-0.192096
-0.16393
-0.133738
-0.0552313
-0.00924627
0.00205794
0.0354004
0.0899561
0.0996344
0.12804
0.106743
0.0928932
0.0820226
0.0589899
0.0358986
0.0287588
0.033294
0.0413046
0.0459601
0.0379001
0.0541549
0.0918121
0.109271
0.143015
0.141685
0.160571
0.185585
0.196853
0.179555
0.17209
0.187028
0.206983
0.219434
0.224793
0.241974
0.283183
0.329684
0.308649
0.328946
0.285264
0.186863
0.105663
0.101471
-0.0353298
-0.229863
-0.356532
-0.392657
-0.375695
-0.402805
-0.381861
-0.304749
-0.231338
-0.11262
-0.0346272
0.040267
0.0801123
0.103929
0.119515
0.0805685
-0.0039392
-0.0683183
-0.0821137
-0.104438
-0.156809
-0.188845
-0.189055
-0.171547
-0.130416
-0.0995568
-0.101372
-0.108613
-0.106596
-0.105841
-0.12051
-0.157313
-0.204728
-0.224059
-0.187725
-0.162291
-0.175989
-0.147875
-0.0672264
0.0313147
0.0879643
0.0783187
0.0866933
0.101775
0.0977421
0.0926333
0.0537257
0.0146797
-0.00472838
-0.000313803
-0.0115063
-0.00111451
0.018858
0.0547041
0.0876961
0.0861597
0.109958
0.130317
0.137659
0.1665
0.163463
0.171704
0.174975
0.170554
0.165972
0.185088
0.21239
0.227012
0.238485
0.266434
0.308931
0.343629
0.35312
0.379916
0.299489
0.237147
0.0904099
-0.0366037
-0.0486948
-0.184658
-0.336277
-0.395359
-0.392825
-0.368504
-0.341839
-0.241404
-0.129769
-0.0667274
0.0250381
0.0716454
0.105261
0.109838
0.110935
0.0667221
-0.0312151
-0.120364
-0.159621
-0.155455
-0.177341
-0.205157
-0.197041
-0.167777
-0.127661
-0.0968983
-0.0952596
-0.113306
-0.127307
-0.133148
-0.161904
-0.198902
-0.211411
-0.241672
-0.212845
-0.135137
-0.086719
-0.102893
-0.0440512
0.0523145
0.116874
0.123105
0.0751407
0.0569766
0.0419827
0.0237545
0.00608567
-0.0394615
-0.0493532
-0.0108656
0.0372006
0.0231839
0.0440717
0.0791067
0.123711
0.143875
0.116722
0.103234
0.100673
0.118242
0.110151
0.144649
0.149702
0.177744
0.216842
0.233833
0.261795
0.275322
0.268856
0.270406
0.30999
0.320455
0.284885
0.252736
0.294915
0.214714
0.145935
-0.0117319
-0.128169
-0.128139
-0.215267
-0.305548
-0.345594
-0.345903
-0.31786
-0.256476
-0.140109
-0.0543993
-0.026239
0.0278195
0.0924
0.112736
0.0904794
0.073008
0.0105838
-0.070448
-0.120685
-0.18513
-0.190058
-0.222249
-0.224581
-0.195787
-0.166999
-0.149189
-0.143019
-0.133118
-0.126695
-0.140752
-0.162336
-0.189562
-0.204289
-0.168747
-0.196338
-0.166118
-0.0995343
-0.0322217
-0.0419735
0.0268866
0.0916979
0.111421
0.099771
0.0580402
0.0361585
0.00168368
-0.03256
-0.0748339
-0.0666435
-0.0434368
0.0154951
0.0561683
0.0307027
0.0640767
0.118087
0.151171
0.146171
0.0985524
0.0869769
0.122167
0.150513
0.129717
0.159288
0.179003
0.232089
0.26204
0.261569
0.260625
0.261982
0.251502
0.234354
0.255715
0.247732
0.229216
0.229954
0.287604
0.238074
0.123594
-0.0153724
-0.111708
-0.0963547
-0.204867
-0.314496
-0.33623
-0.318052
-0.277375
-0.222693
-0.124251
-0.0393069
0.0101967
0.0814665
0.118115
0.0924265
0.0453615
0.0539288
-0.0169662
-0.125832
-0.197877
-0.250795
-0.233556
-0.234943
-0.222411
-0.191835
-0.165166
-0.129902
-0.105213
-0.106978
-0.127836
-0.157574
-0.185436
-0.203174
-0.207928
-0.236878
-0.204207
-0.151242
-0.0533315
0.02367
0.00526482
0.0559326
0.0987267
0.113004
0.0807004
0.0248489
-0.0249073
-0.0579482
-0.0630626
-0.0969263
-0.0632333
-0.0267698
0.0577615
0.11714
0.094258
0.118807
0.137177
0.139767
0.124691
0.0778236
0.0673284
0.0959132
0.134396
0.123246
0.161219
0.222068
0.272216
0.29503
0.28948
0.281009
0.267198
0.248426
0.197111
0.215753
0.204544
0.195155
0.185622
0.240876
0.184197
0.100909
-0.000394044
-0.096283
-0.0702084
-0.203851
-0.288939
-0.289264
-0.276764
-0.25424
-0.219251
-0.117435
-0.00977382
0.0358126
0.0915421
0.0956297
0.0711751
0.0333679
0.0440439
-0.0411032
-0.166466
-0.239355
-0.206964
-0.247316
-0.246613
-0.232616
-0.190237
-0.159075
-0.110106
-0.0982962
-0.12272
-0.137268
-0.164156
-0.174869
-0.20342
-0.223532
-0.242696
-0.189183
-0.114135
-0.0255248
0.0233479
0.0160969
0.0618804
0.0982104
0.0996337
0.0448477
0.000234584
-0.0451379
-0.0627297
-0.0554247
-0.101588
-0.056708
-0.0112597
0.073829
0.129636
0.0859987
0.114448
0.129653
0.12657
0.119085
0.0624232
0.0678192
0.110848
0.166684
0.170385
0.194199
0.244916
0.276646
0.291267
0.28299
0.246022
0.205736
0.175957
0.15964
0.17582
0.187064
0.213858
0.218763
0.298866
0.257623
0.174525
0.0549322
-0.0949778
-0.0548778
-0.222285
-0.325974
-0.341396
-0.308937
-0.266631
-0.190719
-0.0712143
0.0318727
0.0819099
0.139238
0.141438
0.0565977
-0.015408
-0.04353
-0.123376
-0.214302
-0.278963
-0.247911
-0.26028
-0.212506
-0.160464
-0.117948
-0.10325
-0.083825
-0.0858815
-0.136519
-0.186111
-0.233517
-0.255451
-0.243219
-0.235846
-0.241624
-0.176338
-0.0609939
0.0397273
0.078367
0.0729919
0.0752199
0.0759624
0.0588971
-0.00781267
-0.0607452
-0.11133
-0.108319
-0.0564061
-0.0932155
-0.0237253
0.0456201
0.122797
0.187584
0.144282
0.152268
0.118607
0.0852706
0.0776187
0.0290657
0.0494727
0.100107
0.168875
0.199973
0.238287
0.288128
0.295279
0.290653
0.272259
0.220773
0.172477
0.137079
0.156952
0.151504
0.181123
0.239658
0.259021
0.348672
0.292904
0.205251
0.0830052
-0.104987
-0.0594031
-0.268853
-0.366038
-0.374517
-0.340387
-0.271972
-0.170742
-0.0511939
0.0560289
0.124523
0.183214
0.174303
0.0459251
-0.0325779
-0.076161
-0.140777
-0.238201
-0.307794
-0.267299
-0.261264
-0.20648
-0.158638
-0.114972
-0.0975585
-0.0864512
-0.110684
-0.163053
-0.217218
-0.263852
-0.275638
-0.253691
-0.232043
-0.205184
-0.159125
-0.00756616
0.0640722
0.0832493
0.0828937
0.0597344
0.0316893
0.00506001
-0.0562817
-0.100258
-0.133165
-0.116652
-0.024891
-0.0604378
0.0381342
0.0971338
0.14714
0.183485
0.124329
0.117333
0.0722636
0.0301882
0.0406394
-0.000575574
0.0636975
0.129414
0.196317
0.248848
0.288264
0.309012
0.295657
0.266916
0.238112
0.180848
0.117296
0.073508
0.0972116
0.126671
0.171398
0.243401
0.295217
0.39013
0.361305
0.291543
0.175901
-0.0577061
-0.00584528
-0.256708
-0.369516
-0.370704
-0.344387
-0.281763
-0.183389
-0.0583799
0.054566
0.1244
0.166047
0.153847
0.0571655
-0.0307755
-0.0989009
-0.159678
-0.228281
-0.279963
-0.23347
-0.232184
-0.179994
-0.132266
-0.104679
-0.095554
-0.101148
-0.132821
-0.184722
-0.237932
-0.27956
-0.270002
-0.247447
-0.226862
-0.187716
-0.140606
0.00859415
0.0416946
0.0299832
0.0265264
0.0039956
-0.0247299
-0.0382399
-0.075994
-0.0880875
-0.0950492
-0.0590991
0.052813
0.00878813
0.10145
0.124733
0.129953
0.12878
0.0613157
0.0357719
0.00503576
-0.0123078
-0.00632169
0.0108671
0.119594
0.210325
0.279463
0.321753
0.328194
0.322496
0.270699
0.216449
0.153664
0.110217
0.0882601
0.0859987
0.102975
0.151692
0.220419
0.308061
0.334567
0.409987
0.340836
0.275644
0.208553
-0.110854
-0.0620171
-0.30608
-0.367348
-0.345855
-0.309588
-0.224445
-0.103256
0.0047058
0.0927153
0.143074
0.162672
0.127773
-0.00169963
-0.0734113
-0.143555
-0.184219
-0.219904
-0.249878
-0.18772
-0.181323
-0.156218
-0.137956
-0.135929
-0.13342
-0.169432
-0.202766
-0.235122
-0.228656
-0.267599
-0.215814
-0.182297
-0.159197
-0.114676
-0.0957418
-0.0664087
0.00101104
-0.0287822
-0.0373972
-0.0624771
-0.0761826
-0.0416517
-0.100313
-0.0406487
-0.0428895
-0.0211177
0.066545
0.0101243
0.0740243
0.0686567
0.0594383
0.0834023
0.0205026
0.0421357
0.03543
0.0338273
0.0692468
0.0856087
0.17925
0.226702
0.261227
0.298376
0.287336
0.255313
0.193534
0.158317
0.117702
0.10282
0.0995016
0.12336
0.140848
0.215756
0.281884
0.322191
0.281129
0.341675
0.27559
0.255369
0.216914
-0.0789452
-0.00626688
-0.195385
-0.219399
-0.232319
-0.268908
-0.215307
-0.14753
-0.073008
-0.0333827
-0.0181175
0.0241672
0.0671199
0.0180811
-0.0283554
-0.0898712
-0.101437
-0.102315
-0.166678
-0.134175
-0.212981
-0.212612
-0.191899
-0.186295
-0.187472
-0.221618
-0.222318
-0.198151
-0.18599
-0.205809
-0.187855
-0.17592
-0.151906
-0.110757
-0.128382
-0.135782
-0.0580172
-0.058957
-0.0389286
-0.0764781
-0.101406
-0.0386834
-0.0834247
0.00931058
-0.012238
-0.0175259
0.061317
0.0218583
0.0958549
0.0732213
0.0325222
0.0563388
0.0140043
0.0589042
0.0405622
0.0133627
0.0567813
0.069306
0.188766
0.202689
0.208573
0.257884
0.270437
0.25666
0.215021
0.169137
0.131361
0.120297
0.111492
0.115105
0.130201
0.177584
0.224534
0.262664
0.233438
0.277626
0.224038
0.245345
0.271616
0.051998
0.120577
-0.096558
-0.124101
-0.132033
-0.219924
-0.21502
-0.181164
-0.154796
-0.0971049
-0.0681723
-0.0274022
0.0250182
0.0244081
0.0611076
-0.039928
-0.051222
-0.0631151
-0.15463
-0.117221
-0.20268
-0.206047
-0.194809
-0.199967
-0.185517
-0.193519
-0.193827
-0.18994
-0.186165
-0.190746
-0.176529
-0.188476
-0.199952
-0.166301
-0.167071
-0.157653
-0.063113
-0.074573
-0.0388427
-0.0604002
-0.0706962
-0.0183966
-0.0784338
-0.0273022
-0.0420646
-0.0474855
0.0230572
-0.0359682
0.0421562
0.0441583
0.0248575
0.0889677
0.0315557
0.0841082
0.0754407
0.0479674
0.0702984
0.0474401
0.133171
0.148468
0.148829
0.202321
0.216022
0.225199
0.2521
0.231578
0.192617
0.167705
0.131161
0.100379
0.109936
0.129253
0.161974
0.201084
0.220181
0.267161
0.241541
0.262959
0.299899
0.246632
0.217637
-0.014465
-0.0507713
-0.0579026
-0.167123
-0.168685
-0.167161
-0.195869
-0.130546
-0.0971318
-0.0550899
-0.00534793
-0.000949968
0.0440181
-0.0374356
-0.0404565
-0.0442315
-0.122708
-0.0844375
-0.162812
-0.162443
-0.158389
-0.193418
-0.180789
-0.20711
-0.211534
-0.21487
-0.212241
-0.195078
-0.145609
-0.157258
-0.17281
-0.143026
-0.147578
-0.148785
-0.115542
-0.129329
-0.0897515
-0.107121
-0.116486
-0.039305
-0.092072
-0.00461774
-0.0194281
-0.0361361
0.0390554
-0.0192524
0.0413214
0.0193807
-0.00842495
0.0705046
0.0146625
0.0776882
0.0747953
0.0611987
0.0933381
0.0598543
0.114251
0.115973
0.096987
0.125631
0.120688
0.14048
0.244433
0.211369
0.231492
0.210703
0.183002
0.132097
0.123809
0.105949
0.130651
0.156778
0.173619
0.212469
0.211819
0.237993
0.262703
0.239523
0.263717
0.103563
0.0750209
0.0687004
-0.0556824
-0.0324392
-0.0509113
-0.218307
-0.180518
-0.165234
-0.106994
-0.0686724
-0.0748466
-0.0148
-0.00439058
0.013217
0.00565298
-0.0866343
-0.0415795
-0.126919
-0.134809
-0.122497
-0.192328
-0.166105
-0.20649
-0.205801
-0.188214
-0.19478
-0.193985
-0.15743
-0.156734
-0.158008
-0.153823
-0.180279
-0.178441
-0.132546
-0.144374
-0.118999
-0.143661
-0.137944
-0.0400234
-0.0997145
-0.0289041
-0.0457816
-0.0513936
0.0274262
-0.0422645
0.0274323
0.0107103
-0.0100945
0.0415296
0.0277218
0.0878516
0.067934
0.0406485
0.0707755
0.0381112
0.00361322
0.0715502
0.0558563
0.108077
0.0953203
0.0820944
0.188929
0.16134
0.24931
0.237453
0.205082
0.170759
0.160464
0.108581
0.0920839
0.0857892
0.115798
0.151652
0.203963
0.246093
0.26639
0.250785
0.262562
0.160765
0.188497
0.212304
0.0796308
0.0956166
0.0941113
-0.0971068
-0.116583
-0.216096
-0.179231
-0.125955
-0.132894
-0.078973
-0.0765638
-0.0228293
0.033727
-0.00265636
0.0325187
-0.0713252
-0.0812812
-0.0686916
-0.186486
-0.156824
-0.209289
-0.197995
-0.168074
-0.171546
-0.15576
-0.156042
-0.171063
-0.174525
-0.169405
-0.182518
-0.189119
-0.178413
-0.190443
-0.131392
-0.152386
-0.160823
-0.0889254
-0.136295
-0.056081
-0.0840357
-0.106344
-0.0105602
-0.0730177
0.0355027
0.0205798
-0.011066
0.0390491
0.0191916
0.0832373
0.063466
0.029789
0.0515428
0.0136125
-0.00827842
0.0612263
0.0335952
0.0716148
0.0514652
0.0392043
0.122244
0.0588757
0.159212
0.171569
0.186659
0.243294
0.220213
0.20737
0.197255
0.167718
0.0841786
0.083381
0.0734923
0.120376
0.155755
0.197451
0.225329
0.193228
0.220507
0.250978
0.191415
0.233436
0.233347
0.0430155
0.0325573
-0.0914583
-0.0566712
-0.0524063
-0.189682
-0.109291
-0.133927
-0.081174
-0.052004
-0.0930299
-0.0454359
-0.0615366
-0.0409107
-0.0202237
-0.101392
-0.0603893
-0.118116
-0.12124
-0.116188
-0.1803
-0.172011
-0.160951
-0.216698
-0.208077
-0.193896
-0.191726
-0.163659
-0.126502
-0.127624
-0.127166
-0.17401
-0.188507
-0.148646
-0.187384
-0.124011
-0.143632
-0.145463
-0.0102577
-0.072521
0.0262629
-0.000435333
-0.0326138
0.0126244
-0.0223974
0.0338328
0.0120537
-0.00917183
0.0600514
0.0333539
0.00966658
0.0683394
0.0416568
0.0667608
0.0319088
-0.0049368
0.0534652
0.00390258
0.10865
0.108848
0.0900456
0.175975
0.152448
0.226442
0.229574
0.196652
0.147952
0.144533
0.0955824
0.0938725
0.0842101
0.105677
0.132515
0.175013
0.222501
0.246636
0.209218
0.215806
0.210434
0.149987
0.193043
0.108589
0.14926
0.158622
-0.0332207
0.05587
-0.154529
-0.159568
-0.146653
-0.198255
-0.130931
-0.11759
-0.0761813
-0.0220034
0.00651859
0.0461393
-0.0228129
-0.0460797
-0.0442627
-0.130618
-0.114175
-0.0936316
-0.194637
-0.181277
-0.191203
-0.171964
-0.151438
-0.183193
-0.180707
-0.180684
-0.188689
-0.171663
-0.132196
-0.167879
-0.112444
-0.119327
-0.120889
-0.0562818
-0.124878
-0.0680555
-0.090168
-0.112869
-0.0540017
-0.0875864
0.0302664
0.0165486
-0.00771614
0.0502929
0.0122493
-0.00729585
0.0630204
0.0327841
0.051026
0.0120237
-0.0195871
0.0408259
-0.00947064
0.0680996
0.0534582
0.0279212
0.107322
0.0555148
0.137045
0.136296
0.111256
0.201342
0.20166
0.220788
0.215863
0.183559
0.141006
0.123843
0.0906821
0.0920544
0.108024
0.142558
0.187155
0.20745
0.216854
0.230621
0.166668
0.215858
0.244668
0.137957
0.224966
0.0259636
0.0381082
0.0474394
-0.175291
-0.109715
-0.24754
-0.198069
-0.117338
-0.0872873
-0.0398145
-0.0425619
-0.0189714
0.0169415
-0.0458666
-0.0458749
-0.0435716
-0.12723
-0.0907177
-0.125125
-0.108433
-0.0927784
-0.174778
-0.138048
-0.218905
-0.241866
-0.237475
-0.208482
-0.209045
-0.122503
-0.13117
-0.136809
-0.0775924
-0.128651
-0.0798422
-0.124271
-0.16135
-0.108877
-0.128007
0.00937719
-0.0105371
-0.041344
0.0282539
0.000742462
-0.0208112
0.0263127
-0.0191376
0.0194448
-0.00423935
-0.0142412
0.0666911
0.0103505
0.0702506
0.0471409
0.0196816
0.0533618
-0.00747041
0.0547689
0.0537753
0.0373585
0.111574
0.0881354
0.161648
0.180438
0.174415
0.208011
0.194027
0.162297
0.138567
0.111908
0.0687238
0.071845
0.0691855
0.123007
0.128911
0.181912
0.227416
0.235839
0.166175
0.186443
0.103364
0.166113
0.225987
0.12077
0.215292
0.00637419
0.00636363
0.0246917
-0.181541
-0.168149
-0.264619
-0.210295
-0.128538
-0.0690351
-0.0188997
0.0247451
0.00406936
0.0183934
-0.0672468
-0.073333
-0.0679775
-0.129039
-0.0615946
-0.110516
-0.109454
-0.098234
-0.180621
-0.161309
-0.220189
-0.245344
-0.234281
-0.15768
-0.174663
-0.0755334
-0.100848
-0.119407
-0.103813
-0.136715
-0.145941
-0.109226
-0.141665
-0.0566728
-0.0677213
-0.0628526
0.0350882
-0.0248202
0.0367771
-0.00208513
-0.0390789
-0.0139307
-0.0722261
0.0189832
0.0223845
0.0134366
0.0770607
0.0256062
0.0604137
0.033326
-0.0151694
0.00852664
-0.0133034
0.0914423
0.102802
0.0789498
0.133305
0.102296
0.0647826
0.129638
0.114082
0.150556
0.152556
0.143375
0.168099
0.152066
0.111637
0.092844
0.0660001
0.0768753
0.0937864
0.141622
0.184807
0.198576
0.184964
0.227719
0.132004
0.174564
0.226748
0.154805
0.202914
-0.0464932
-0.0449245
-0.00484867
-0.146799
-0.109314
-0.0867976
-0.183951
-0.123752
-0.0903782
-0.0464845
-0.0182774
-0.0653169
-0.0222401
-0.0612367
-0.0447053
-0.0303313
-0.101737
-0.0523683
-0.0977284
-0.096077
-0.08526
-0.180502
-0.179326
-0.205163
-0.225004
-0.222981
-0.198872
-0.191481
-0.151266
-0.0871861
-0.113527
-0.0842102
-0.118477
-0.122342
-0.0791404
-0.122906
-0.052609
-0.0828326
-0.0845724
0.0225568
-0.0258716
0.0310908
-0.0067175
-0.0455096
-0.00696488
-0.0646954
0.0168438
0.0134631
0.000488699
0.0802368
0.0466478
0.0679708
0.0365359
-0.00846952
0.0116563
-0.0252067
-0.0524428
0.0567885
0.0580889
0.140313
0.117066
0.0814879
0.134031
0.0944611
0.145572
0.146049
0.12704
0.149447
0.143585
0.118529
0.110805
0.0845638
0.0731851
0.0941825
0.124186
0.171365
0.19119
0.194568
0.206289
0.106373
0.148909
0.197285
0.145152
0.205803
0.228194
0.0271832
0.106318
-0.15224
-0.121652
-0.0980528
-0.214663
-0.140087
-0.119609
-0.0665492
-0.00976863
-0.0436547
-0.0182958
-0.0792786
-0.0737084
-0.045954
-0.0860213
-0.0558356
-0.0719532
-0.0640253
-0.0456887
-0.150373
-0.160122
-0.151291
-0.234791
-0.225284
-0.175491
-0.168023
-0.132252
-0.0877445
-0.113424
-0.0880457
-0.122246
-0.135694
-0.0871117
-0.12877
-0.0308744
-0.0470488
-0.0687619
0.00839128
-0.0437509
0.0150289
-0.0152789
-0.0538414
-0.0161281
-0.0481168
0.042053
0.0319827
0.00738003
0.0566607
0.0230536
-0.00907066
0.0259297
-0.00424498
0.0319882
0.00877284
-0.0111941
0.0731277
0.0300517
0.0865623
0.0660765
0.0362177
0.0950528
0.0575211
0.123088
0.133597
0.125831
0.184214
0.169176
0.118233
0.116917
0.0960655
0.0806895
0.0762566
0.0616991
0.138673
0.169736
0.191087
0.207074
0.189214
0.146577
0.179614
0.115998
0.177613
0.218743
0.0919118
0.173301
-0.0501394
-0.0351235
-0.0237961
-0.194997
-0.123873
-0.178497
-0.13238
-0.0752915
-0.0666122
-0.0387641
-0.0709662
-0.0652313
-0.0465284
-0.0641311
-0.0361312
-0.00242567
-0.060041
-0.0442463
-0.107614
-0.11188
-0.112683
-0.217699
-0.18993
-0.185838
-0.182501
-0.160344
-0.112984
-0.1273
-0.0749759
-0.11601
-0.135644
-0.0794557
-0.110009
-0.0171513
-0.0430743
-0.0642789
-0.0236984
-0.0403185
0.00179
-0.0362189
-0.0707908
-0.0266957
-0.0389268
-0.0521106
0.0199764
-0.0250932
0.0309105
0.00776499
-0.0220445
0.0289396
-0.0140678
0.0479665
0.0299603
0.0214168
0.0663517
0.0275785
0.0553689
0.0280339
0.00840198
0.039495
0.019256
0.0809934
0.0722161
0.0566894
0.124479
0.119781
0.100835
0.151831
0.132192
0.119139
0.124258
0.105211
0.11312
0.100385
0.115848
0.156093
0.163416
0.157126
0.159637
0.098439
0.135285
0.15127
0.114723
0.171798
0.0900267
0.13145
0.158988
-0.000618904
0.00392979
-0.154968
-0.127412
-0.0711399
-0.107059
-0.0750167
-0.0247624
-0.0897744
-0.0730793
-0.113562
-0.110803
-0.0754064
-0.0674907
-0.0186274
-0.0391907
-0.0460387
-0.0366748
-0.114367
-0.0845714
-0.159601
-0.169692
-0.157975
-0.137422
-0.137322
-0.125784
-0.156363
-0.161606
-0.130517
-0.150995
-0.145498
-0.0986717
-0.0937254
-0.0112312
-0.0364756
-0.0519619
-0.0427975
-0.0676033
-0.0242162
-0.0541024
-0.0604684
0.00903897
-0.0068336
0.0361261
0.00450618
-0.0315935
-0.0123867
-0.0338645
0.0271171
0.0220767
0.00466178
0.0425627
0.0337457
0.0403777
0.0139165
-0.0219775
0.00262281
-0.00434199
-0.0217839
0.061998
0.0455816
0.090778
0.07808
0.0423525
0.10387
0.0754546
0.156775
0.161717
0.134373
0.11888
0.108422
0.0970932
0.0923156
0.0888592
0.111146
0.132458
0.152742
0.173139
0.174654
0.1535
0.174894
0.106914
0.160128
0.182671
0.141753
0.195895
0.193726
-0.0115325
-0.0480102
-0.154396
-0.0959941
-0.0369935
-0.0944971
-0.0655582
-0.0991264
-0.0814571
-0.0570038
-0.103321
-0.091684
-0.0679009
-0.0353937
0.0146578
0.000376774
-0.0169024
-0.107409
-0.127383
-0.109113
-0.17163
-0.172099
-0.140541
-0.144838
-0.135103
-0.139087
-0.151722
-0.162146
-0.141334
-0.157907
-0.0747056
-0.0606932
-0.0654173
-0.00397709
-0.0444491
-0.0314059
-0.0676188
-0.0765718
-0.03237
-0.0681728
0.0127751
0.00649465
0.0112309
0.0117672
-0.0307275
-0.0187762
-0.0395491
-0.034232
0.00830282
-0.0100416
-0.0199546
0.0231334
0.0203472
0.01047
-0.0290154
-0.0561352
0.0024667
-0.00289576
0.0715674
0.0576411
0.0282856
0.0617701
0.0474046
0.0630626
0.046029
0.0133304
0.132301
0.145374
0.168116
0.155734
0.102005
0.0805374
0.0850888
0.0757048
0.12604
0.132394
0.189357
0.209579
0.211864
0.149253
0.147456
0.102132
0.109435
0.168461
0.162815
0.246845
0.101455
0.108484
0.037483
-0.150215
-0.0641005
-0.125151
-0.0634213
-0.0555816
-0.0478587
-0.0135254
-0.106241
-0.109499
-0.124096
-0.117953
-0.06444
-0.00120253
-0.00200268
-0.0152747
-0.0816412
-0.0813556
-0.0741802
-0.180618
-0.17885
-0.143055
-0.117947
-0.081106
-0.118925
-0.13321
-0.147406
-0.180671
-0.177408
-0.120192
-0.118395
0.00781337
-0.0121316
-0.0339352
-0.033014
-0.0444813
-0.0246873
-0.0482041
-0.0639424
-0.00991124
0.0117398
-0.00149332
0.000813384
-0.0404722
-0.0673884
-0.0674543
-0.0753571
0.00491727
-0.0281276
0.0259617
-0.0049954
0.00532799
0.0267906
-0.02112
0.00918036
-0.00727123
0.0129674
0.0513273
0.0262035
0.0430856
0.00792664
0.00477948
0.01317
-0.0121759
-0.0313666
0.0554524
0.0756681
0.123749
0.118194
0.098717
0.145405
0.128313
0.102674
0.11323
0.100883
0.14929
0.151791
0.136406
0.16552
0.159992
0.14456
0.148768
0.0876893
0.13107
0.15934
0.187988
0.189715
0.0539564
0.0749832
0.0904625
-0.0524134
-0.0890197
-0.0272086
-0.0898491
-0.0390745
-0.0728087
-0.082805
-0.0458188
-0.113353
-0.0693108
-0.109513
-0.0966868
-0.0496348
-0.0387047
-0.00235571
-0.0950796
-0.0896945
-0.121507
-0.141168
-0.122826
-0.129349
-0.115203
-0.113867
-0.109569
-0.119318
-0.111188
-0.178001
-0.165583
-0.0921528
-0.0989292
-0.0854127
-0.0669871
-0.0684196
-0.0349461
-0.0715196
-0.0890459
-0.064097
-0.0511407
0.0230784
0.00516605
-0.0168704
-0.0223355
-0.0290645
-0.0173574
-0.0400675
-0.0621998
-0.0240968
0.00647963
0.0485821
0.024606
-0.0124869
-0.0145236
-0.00853375
-0.0331874
0.0234255
0.00535267
0.0387292
0.045708
0.0118323
0.0183046
-0.0262993
0.00188173
0.0300628
0.0156765
0.0865735
0.043096
0.0909712
0.0569041
0.0904163
0.141181
0.123704
0.143884
0.12046
0.124914
0.120249
0.120513
0.135417
0.146942
0.154177
0.138489
0.162174
0.141167
0.142504
0.118262
0.0961097
0.163638
0.195483
0.181275
0.151912
-0.011302
0.0129628
0.0416538
-0.0562875
-0.0673652
-0.091015
-0.0463703
0.00733416
-0.0477949
-0.0984771
-0.141562
-0.133169
-0.0924741
-0.0767591
-0.0652481
-0.0258688
-0.065175
-0.0601689
-0.112672
-0.129048
-0.110803
-0.11688
-0.0865274
-0.102459
-0.0991636
-0.106959
-0.13411
-0.148232
-0.158285
-0.147183
-0.117211
-0.0510801
-0.0896396
-0.0746281
-0.101809
-0.0821516
-0.0406461
-0.0650599
-0.00921698
-0.0281007
-0.00555559
0.011598
-0.0231006
-0.0445428
-0.0363453
-0.0113076
0.0190184
0.00105556
-0.0153981
-0.0129076
-0.0147852
-0.00120573
-0.0217131
-0.0404047
-0.0199121
-0.00907023
0.0291212
0.0148932
-0.0137237
0.0128026
0.0193312
0.0428137
0.0332095
0.00672576
0.0410507
0.0678098
0.080805
0.0732692
0.0364982
0.0713749
0.107335
0.10401
0.158112
0.118378
0.120001
0.0972687
0.0907239
0.117746
0.119324
0.16053
0.151808
0.165182
0.127775
0.156025
0.132218
0.146326
0.142139
0.138665
0.203418
0.144637
0.177391
0.0708958
-0.0650092
-0.0125562
0.0276454
-0.0208205
-0.0572986
-0.081253
-0.0397389
-0.00599606
-0.0981821
-0.125804
-0.133212
-0.0988375
-0.0421336
-0.0416966
-0.0526268
-0.0904035
-0.106157
-0.0849297
-0.137202
-0.132668
-0.0886259
-0.0934228
-0.0752445
-0.114265
-0.135431
-0.120182
-0.155325
-0.155121
-0.133659
-0.0865745
-0.0976642
-0.0601383
-0.0907475
-0.0901891
-0.0555583
-0.0802745
-0.0101931
-0.0441193
0.00404095
0.032929
-0.00399454
-0.00504998
-0.0428
-0.0223394
-0.0382087
-0.0120088
0.00341214
-0.0237119
-0.0047933
-0.0308595
-0.0115969
0.00224605
-0.0275604
-0.0443271
0.00279515
0.0409267
0.0553915
0.0253452
-0.0109793
-0.00403556
0.00873442
0.0445728
0.0266166
0.00237034
0.0386918
0.0554527
0.0704502
0.0568964
0.0217528
0.0886287
0.123478
0.149996
0.165352
0.133321
0.115424
0.0939589
0.0680237
0.114541
0.126384
0.169658
0.158801
0.166841
0.121675
0.129541
0.112692
0.0841192
0.137532
0.12771
0.189193
0.16016
0.0547317
0.0896134
-0.0538523
0.0246368
-0.0454679
0.0316108
-0.018852
-0.0860592
-0.0264334
-0.12652
-0.0914031
-0.150668
-0.147856
-0.103162
-0.0821062
-0.0448884
-0.065878
-0.0862123
-0.0841504
-0.0600376
-0.0957686
-0.107425
-0.0861931
-0.0814296
-0.0533861
-0.0999426
-0.124246
-0.13382
-0.158341
-0.142573
-0.128448
-0.0963725
-0.0448651
-0.0818879
-0.0987275
-0.0958221
-0.0561449
-0.00383244
-0.0263624
-0.0436979
-0.00978724
0.0170841
-0.0198752
-0.0130073
-0.0383586
-0.0197193
0.0131383
-0.00729609
0.0089877
-0.0230246
-0.0144125
0.00132859
-0.0254007
-0.00806869
-0.0430914
-2.90079e-05
-0.0164392
0.0227622
0.0461699
0.00744575
0.0249827
-0.00426144
0.0234518
0.0372294
0.0159543
0.0515028
0.0208989
0.049421
0.0609479
0.0368334
0.00608712
0.0601382
0.115066
0.138669
0.141606
0.103763
0.102957
0.0892755
0.0721037
0.0979076
0.0947074
0.135451
0.136298
0.0943704
0.114017
0.106452
0.117315
0.111095
0.0874433
0.142986
0.174033
0.169745
0.0862881
0.127579
0.0174001
0.0663011
0.0108971
-0.0685236
-0.00946403
-0.0719284
0.00769305
-0.0741873
-0.134091
-0.106321
-0.128289
-0.0744852
-0.095775
-0.0542489
-0.0887332
-0.0899101
-0.0670872
-0.101346
-0.0764445
-0.104451
-0.100703
-0.0858384
-0.100214
-0.0897751
-0.10386
-0.10121
-0.109213
-0.0903061
-0.112611
-0.094402
-0.0702435
-0.0948766
-0.0964729
-0.104625
-0.0824924
-0.0370268
-0.0612122
-0.0677968
-0.0402869
-0.00930623
0.00897363
-0.0242314
-0.0499063
-0.0299217
0.00192587
0.0303168
0.0102513
-0.014887
-0.0221619
-0.00406662
0.00636184
-0.0104032
-0.0325217
0.00082946
0.046723
0.0202106
0.0289769
-0.0129953
0.00173231
0.0322785
0.0170157
0.0493802
0.0157951
0.0408472
0.00193972
0.0306743
0.0498509
0.0142225
0.0572512
0.0302809
0.101046
0.13331
0.122364
0.117549
0.0743384
0.0869576
0.102016
0.11326
0.0864166
0.125348
0.128225
0.11812
0.146398
0.126134
0.129606
0.114177
0.0911514
0.156307
0.167314
0.139737
0.0731135
0.018003
0.0856803
0.133143
0.0440225
-0.0570239
-0.0950423
-0.0402705
0.0313317
-0.0233393
-0.122041
-0.133033
-0.113001
-0.061296
-0.0945151
-0.130743
-0.107351
-0.0947964
-0.065024
-0.0949124
-0.121683
-0.127016
-0.109144
-0.0807015
-0.0946192
-0.0911577
-0.117682
-0.10676
-0.106397
-0.113086
-0.109511
-0.118188
-0.0711162
-0.095612
-0.0829006
-0.0995991
-0.0861661
-0.0557089
-0.0768402
-0.0683236
-0.0500135
-0.0110058
-8.59298e-05
-0.0321307
-0.0462032
-0.0386697
-0.0113954
0.0182384
-0.00338987
-0.0206835
-0.0128017
-0.000355055
0.00708405
-0.0122873
-0.0299026
0.000113961
0.0319487
0.0424319
0.0284389
-0.00165276
0.00806503
0.037657
0.0451901
0.0363987
0.0130363
0.0274422
0.0508348
0.0287773
0.0416616
0.0206309
0.0386988
0.0685513
0.0540441
0.0836306
0.0527335
0.103728
0.114359
0.115819
0.104736
0.0924453
0.104838
0.0797023
0.113102
0.113385
0.134482
0.140985
0.125104
0.110805
0.0962223
0.128023
0.112355
0.131509
0.0842222
0.0630248
0.118227
0.135806
0.120536
0.00711575
-0.0439985
0.00491097
0.0504574
0.0164725
-0.0545568
-0.0966088
-0.0712043
-0.0221877
-0.0699768
-0.119434
-0.122232
-0.11241
-0.0615046
-0.0659651
-0.0981532
-0.101674
-0.119912
-0.0943962
-0.0981942
-0.0934929
-0.0976706
-0.105955
-0.104861
-0.11188
-0.0888563
-0.106415
-0.0918565
-0.100431
-0.0930572
-0.0425788
-0.0763968
-0.0631522
-0.0927655
-0.0771505
-0.0770792
-0.0415524
-0.0176374
-0.0573608
-0.0380757
-0.0542513
-0.0158296
-0.00811461
-0.0410476
-0.0127946
-0.0317818
0.0167972
0.0240521
-0.00496898
-0.0277479
-0.0142734
0.0247496
0.0278091
0.00767401
-0.0122636
0.00915933
0.0373861
0.0320903
0.0109745
-0.0112301
0.0141911
0.0477624
0.0531476
0.0378427
0.00666138
0.0224071
0.0473006
0.0557285
0.0554012
0.0298276
0.0577941
0.103375
0.0968463
0.109919
0.0882171
0.0878009
0.0861106
0.100759
0.111967
0.101833
0.118463
0.07918
0.103934
0.079019
0.0951017
0.106736
0.103886
0.111092
0.0877229
0.127818
0.0962258
0.104545
0.0495832
0.0421188
0.0992384
0.0755452
0.107212
-0.00996161
-0.0607318
-0.00574338
0.0375738
0.00699685
-0.0763944
-0.0899877
-0.0545581
-0.0109889
-0.0633521
-0.130478
-0.126435
-0.104683
-0.0540257
-0.0724302
-0.107002
-0.111829
-0.129945
-0.10037
-0.115758
-0.104431
-0.0761373
-0.0999832
-0.0931112
-0.0957559
-0.0716086
-0.0500104
-0.0847455
-0.0928418
-0.0759454
-0.0224809
-0.053002
-0.0422945
-0.0662956
-0.0653894
-0.0148958
-0.0466896
-0.0222602
-0.0554606
-0.0338059
-0.0453676
-0.0106683
0.00056294
-0.0424341
-0.0182163
-0.0347479
0.0227429
0.0315519
0.00233576
0.0163092
-0.00910454
0.0363122
0.0404464
0.0174906
-0.0044043
0.018422
0.0519779
0.0469998
0.0272538
0.0016446
0.0097551
0.0381392
0.0449633
0.0371886
0.0144497
0.0277943
0.0521044
0.0513396
0.0511445
0.0314134
0.0585008
0.081303
0.0725036
0.0772964
0.056943
0.0590258
0.0664167
0.0607458
0.0863419
0.0831679
0.0905373
0.0646747
0.0846304
0.0667697
0.0803135
0.0847487
0.0429076
0.0738127
0.0506983
0.0787638
0.0710072
0.00813733
0.0448751
0.0219358
0.0708934
0.0522061
0.07131
0.00696731
-0.0314624
0.0230753
-0.00827859
0.0276308
-0.0449011
-0.0560673
-0.0174758
-0.0528235
-0.016251
-0.0871914
-0.0929694
-0.0694351
-0.0267248
-0.0567541
-0.10367
-0.104872
-0.10697
-0.0754983
-0.0955673
-0.102873
-0.0835462
-0.0984839
-0.084564
-0.0948381
-0.0742528
-0.0536127
-0.0832114
-0.0837648
-0.0843823
-0.0428931
-0.0229415
-0.0525204
-0.0674731
-0.0662452
-0.0237665
-0.053993
-0.0352554
-0.0597833
-0.0530404
0.00364811
-0.0244612
-0.00959885
-0.0452407
-0.0365927
0.0148723
-0.00998044
0.0105437
-0.0260717
-0.010845
-0.0281671
0.0163348
0.0289128
-0.0103124
0.00393171
-0.0180659
0.0382614
0.0457894
0.0175567
0.0271413
-0.00101676
0.0460554
0.0514188
0.0303728
0.00176534
0.0179262
0.0613975
0.0653966
0.0522597
0.0233836
0.040316
0.0694367
0.0700029
0.070745
0.0454886
0.0669876
0.0881195
0.0794612
0.0910088
0.0701626
0.0719328
0.0815848
0.0744494
0.109225
0.105108
0.109056
0.0692979
0.0995269
0.083423
0.104165
0.102793
0.0385754
0.0842867
0.0620288
0.107055
0.0855741
-0.0146408
0.0276232
-0.00106885
0.0640248
0.0430396
0.0741507
-0.0235075
-0.0559867
0.0128861
-0.0231376
0.0219774
-0.0864117
-0.101468
-0.0522207
-0.0880534
-0.0360634
-0.127213
-0.140029
-0.120242
-0.0666659
-0.0968248
-0.134594
-0.125127
-0.13447
-0.101675
-0.120123
-0.122439
-0.101635
-0.131099
-0.119311
-0.118238
-0.0730355
-0.0441951
-0.0900032
-0.103316
-0.101898
-0.0373577
-0.00861935
-0.0522379
-0.0831137
-0.075355
0.00433204
0.0215488
-0.0160322
-0.058653
-0.0546022
0.0284214
-0.00727235
0.0148547
-0.0425085
-0.0204796
0.0533433
0.0283547
0.0525846
-0.00459691
0.0209174
-0.0193566
0.0724859
0.0879929
0.0411979
0.0652458
0.0188475
0.095407
0.101113
0.0755161
0.0931168
0.0561053
0.107752
0.106662
0.0989178
0.057353
0.0754298
0.0925226
0.0962166
0.107916
0.0828565
0.0952997
0.091388
0.0732661
0.104026
0.0960929
0.104474
0.0739002
0.0546611
0.0927402
0.100084
0.105433
0.0438671
0.0193511
0.0620776
0.0915496
0.0935481
0.0167975
-0.0126403
0.0301374
0.075929
0.0633551
-0.0426535
-0.00297827
-0.0351476
0.0154088
0.00968769
-0.0802728
-0.0633331
-0.095599
-0.0348388
-0.0679077
-0.110776
-0.11903
-0.130695
-0.0982218
-0.123189
-0.0768704
-0.142828
-0.145265
-0.147652
-0.14974
-0.125867
-0.10887
-0.102146
-0.146431
-0.142862
-0.169123
