0
-0.00312531
-0.240905
-0.399825
-0.401179
0.1573
-0.692754
-0.779402
-0.922568
-0.280487
-1.12681
-1.21214
-1.56896
-1.54025
-2.16813
-2.11165
-2.57026
-1.6895
-2.99008
-3.87035
-4.66914
-5.70755
-7.26808
-11.9038
-23.7394
-74.913
64.414
12.8959
5.95389
4.70839
3.16934
3.53274
2.86067
2.9152
2.65389
3.51141
3.25276
3.62106
3.49378
3.66078
3.2594
3.58166
2.9261
2.21454
0.367194
-0.759171
-3.82195
-6.02089
-10.2365
-13.1839
-2.92167
55.7987
-19.7909
-0.838535
8.23383
5.09265
4.45308
6.17388
4.91087
3.33253
3.16081
1.97562
0.393188
0.503989
-1.25011
-1.03693
-1.51359
-0.425803
0.719478
1.37504
0.906217
2.59615
0.396375
0.355737
-1.4852
-15.4768
-35.0849
51.1039
-30.4828
17.2588
-5.71652
2.16945
-0.0719178
0.740639
0.711751
0.487186
0.00650971
-0.634468
-1.44401
-0.0692573
1.33996
0.446539
0.669353
0.968852
2.22815
3.56788
3.14908
1.48163
0.0623335
4.09995
12.5772
8.43534
-25.8965
7.67791
-5.67554
1.52224
-2.58457
0.698903
-0.866806
0.38786
-0.214862
-0.344301
0.841432
0.116023
-0.680587
1.05459
0.343843
-0.113039
-0.697691
-1.11279
-1.80723
-1.13844
-1.74865
-1.01898
3.42008
10.9403
22.1648
0.92201
-11.0343
9.93471
-9.38791
7.43817
-3.8852
5.58029
-2.64298
-0.190415
-0.638827
1.37984
1.71669
-1.40484
1.13992
-1.27849
-1.87267
0.142819
-1.11674
-2.2151
-2.00213
-0.366268
-2.75156
-6.29174
-7.68795
-0.971573
29.6486
17.0819
-19.21
-8.98797
4.11134
6.66754
4.19788
1.43009
-0.185465
-1.24814
-1.09686
0.157681
0.977255
0.167167
-0.400271
-0.323284
-0.865234
-0.581517
0.224907
0.451002
0.384453
0.641213
1.07725
-0.11586
-2.69466
-0.409339
4.26931
-1.82528
0.858704
-0.311621
-0.0732474
0.264587
0.464394
1.05626
1.43254
1.05749
0.34824
0.697176
0.420003
0.259887
0.612703
0.96754
0.814377
0.600669
0.526403
0.587536
1.10508
1.5915
1.51515
1.12146
0.0378981
0.547231
-0.611619
0.571086
0.508911
0.358016
0.139347
0.295195
0.389226
0.506073
0.463733
0.251071
0.249177
0.321899
0.19737
0.213438
0.241322
0.207705
0.0955569
0.151206
0.0494116
0.44603
0.860799
1.42927
1.86812
1.23178
0.0800042
0.521618
0.537902
0.279797
0.530716
0.221653
0.352042
0.354383
0.373166
0.406215
0.466195
0.305657
0.377337
0.384681
0.292938
0.277698
0.281159
0.199232
0.172592
0.0239922
-0.00386577
0.366451
0.633774
1.07729
0.960921
0.194231
0.462337
0.329091
0.376567
0.364458
0.443811
0.328439
0.337982
0.260426
0.337882
0.395962
0.218406
0.459601
0.437539
0.257849
0.349659
0.261497
0.235326
0.0115143
0.208112
-0.170053
0.0140956
0.301409
0.839226
1.27423
0.692844
-0.270384
0.448754
0.368956
0.135718
0.447887
0.420955
0.360222
0.333921
0.27029
0.391302
0.274216
0.402844
0.262388
0.292666
0.648782
0.375378
0.304037
0.383864
0.449052
0.348922
0.218879
0.327359
0.279832
0.423917
0.392375
-0.00587862
0.385766
0.249175
0.275257
0.307014
0.346831
0.25828
0.294046
0.223823
0.314644
0.287903
0.257101
0.314356
0.251135
0.216893
0.344996
0.294785
0.311538
0.302311
0.313903
0.204419
0.2998
0.218981
0.404734
0.370931
0.116874
0.219322
0.175789
0.265711
0.230221
0.270286
0.251407
0.232411
0.215703
0.148805
0.314073
0.290782
0.287038
0.343659
0.24359
0.417649
0.368842
0.213153
0.24948
0.199078
0.397578
0.429206
0.191164
0.170829
0.0552398
0.273725
0.03949
0.394076
0.232601
0.233235
0.418524
0.125769
0.0492982
0.668756
0.0561574
0.332223
0.204036
0.654839
0.152795
-0.060379
0.109186
0.279877
0.406307
0.158606
0.530718
-0.175012
0.703412
-0.17378
0.0262315
0.217763
0.190017
-0.0215932
0.332884
0.476279
0.466284
0.302483
-0.538335
0.779335
-1.29388
1.88204
-0.123769
0.253129
1.41943
0.0334627
-0.141172
-0.0287436
-1.28486
-0.512236
0.165614
0.941351
1.25914
0.51453
1.58118
1.23646
-0.80712
-0.898246
1.42556
0.00527131
-0.882356
-0.652843
0.408007
0.652592
0.950923
0.461864
-0.253192
0.0355187
-0.00244822
-0.0697466
-0.00119184
0.437658
0.0562903
-0.155673
-0.0210188
0.321692
0.0120564
0.154142
-0.0857554
0.285495
0.606736
0.514277
0.0383129
0.61144
1.08366
-0.280498
0.153436
-0.0472279
0.0371628
-0.0479444
0.475026
0.21226
0.0371187
-0.0065104
0.276341
0.093278
0.282994
0.0206027
0.262591
0.266932
0.536553
0.126679
-0.00424253
-0.269537
-0.189048
0.217715
0.202899
-0.0112698
-0.111353
0.883234
-0.255886
0.408099
0.493207
-0.0954965
0.556943
0.364619
0.516743
0.195058
0.12498
-0.0670588
0.253661
0.204604
0.657861
0.158886
0.229286
0.170784
0.270995
0.255278
0.000265151
-0.368308
-0.444403
-0.0616344
0.120052
-0.0695834
0.0375608
0.0790941
0.0179523
0.0694065
0.0519702
0.0517104
0.0697633
0.057658
0.0603362
0.0704055
0.0595899
0.0706137
0.0744425
0.0776119
0.0724962
0.0804609
0.0802385
0.0717153
0.077241
0.0785634
0.0852436
0.0753042
0.0814373
0.084256
0.0937654
0.0762926
0.0852548
0.0952405
0.061203
0.0810162
0.0818447
0.0956191
0.0744588
0.0691275
0.103688
0.0841919
0.0749334
0.0804895
0.0851483
0.0815426
0.0610602
0.0894346
0.0909113
0.0566596
0.169886
0.0823606
0.0767527
0.0915348
0.146173
0.0814796
0.085266
0.10951
0.0482228
0.0215926
0.0793271
0.112303
0.0960905
0.0643039
0.0651477
0.0887375
0.126209
0.0651923
0.0484987
0.0834081
0.0717033
0.0460657
0.052188
0.0932817
0.0578673
0.139371
0.0842077
0.0935028
0.0118363
0.107131
0.0797184
0.0740405
-0.0254063
0.0767547
0.0220143
0.10022
0.0870529
0.0922427
0.0485155
0.188024
0.0746731
0.0636994
0.0573383
0.236277
0.117094
0.091268
0.0714035
0.0697507
0.0646395
0.0332759
-0.184104
0.0867308
0.101931
0.0404699
0.0590546
0.0932105
0.0534859
0.0375285
0.0683559
0.0782313
0.0945538
-0.0708237
0.0800325
0.0808189
0.0864194
0.0251613
0.0672601
0.0545639
0.106631
0.0948698
0.0736861
0.0768162
0.0644022
0.0763344
0.0815105
0.0499944
0.0692525
0.0745187
0.0736274
0.0611192
0.0626268
0.0790678
0.105324
0.128135
0.0654303
0.0565926
0.0821791
0.0549989
0.111238
-0.0105237
0.242194
-0.41183
0.203948
0.101619
0.0726618
0.0476846
0.0455765
0.112031
-0.0692575
0.277842
-0.0677467
0.124839
0.0721402
0.0617116
0.0604888
0.0798008
0.0665608
0.160044
-0.136602
0.0640115
0.0139582
0.0580745
0.0839506
0.0742446
0.00404223
0.158676
-0.819678
0.0860046
0.00326733
0.0516025
0.080736
0.0170751
-0.010846
-0.00349969
0.0877007
0.0497443
0.165308
0.0396597
0.00167181
-0.0106995
-0.0030252
0.021882
-0.0295363
-1.05288
0.269214
0.13838
0.244415
0.0934475
0.115834
0.0243223
0.239094
0.0554922
0.0638139
0.052171
0.0549681
0.0267328
0.0216269
0.035733
-0.0328864
-0.0439312
-0.768934
0.152982
0.11259
0.201793
0.104165
0.110987
0.0700464
-0.0062548
-0.196047
-0.33506
0.184004
0.128789
0.0906964
0.0209733
0.0302873
0.0564267
0.0456713
-0.519913
0.374296
0.0570053
0.0528178
0.0286194
0.0191156
0.0959288
0.110658
0.310246
0.175293
-0.0105313
0.0457405
0.0563842
0.0726071
0.0410115
0.0421535
0.155169
0.00377677
-0.110609
0.128138
0.0336952
0.0105741
0.0245953
-0.0295648
0.0210085
0.0730006
-0.221593
0.112289
0.0430613
0.046327
0.00816951
0.0462627
0.043717
0.265101
0.108825
0.0394956
0.0551404
0.0391848
0.0492604
0.0629048
0.00646467
0.0596586
0.0209493
0.0620116
0.0698697
0.0334937
0.0443133
0.0649861
0.0428551
0.100138
0.0734639
0.0567518
0.0384981
0.0435399
0.0415858
0.0323653
0.0393181
0.0416339
0.0635065
0.0243885
0.0370335
0.0442968
0.0449517
0.0386013
0.0218116
0.0560353
0.0229249
0.0601742
0.0481931
0.0501813
0.0348675
0.0527279
0.0458053
0.0574817
0.0348614
0.0292386
0.0438247
-0.0899803
-0.0728702
0.0347228
0.0509937
0.053305
-0.0530856
0.130582
0.015205
0.0410456
0.0302651
0.0681188
0.175907
0.0660426
0.0381987
0.044767
-0.0385385
-0.0881856
0.0320586
0.00657389
0.0570383
0.0764973
0.0284382
0.0198827
0.0700847
0.0671073
0.0286693
-1.07911
0.0252186
0.0317166
0.0333942
-0.0307714
0.0370458
0.0581748
-0.00113491
0.0449746
0.0804184
0.306464
0.00571447
-0.00323446
0.000837512
0.0460443
0.0465882
-0.0329411
-0.0147774
0.0348253
0.00465649
0.194131
0.053857
0.00400658
0.00419697
0.0267813
-0.0581056
0.01216
0.0763803
-0.00233417
0.0130508
-0.116944
0.112253
0.0150861
0.0259115
0.0463008
0.00733649
0.0925527
0.0388255
0.0356799
-0.000360206
0.0892981
0.0295014
0.027776
0.0244794
-0.079688
0.0208833
-0.00103197
0.0294303
-0.00173511
0.0234365
0.00184869
0.178039
-0.00938762
0.028818
-0.0144335
-0.0024897
0.0192336
-0.0061734
0.00308992
0.0279183
0.0253762
0.0404303
0.016964
0.019413
-0.00762684
-0.0066382
0.0695248
0.0391015
0.02842
-0.0421361
0.0477104
0.0221131
-0.0115635
-0.108918
0.0117227
0.0132484
0.0197772
0.0591699
0.0296594
0.0202815
0.057058
-0.0122809
0.00187592
-0.00261048
-0.0313025
-0.00799719
0.00537841
-0.00449115
0.00434747
0.0180827
0.0167045
0.14506
-0.00271921
-0.0311943
0.00667913
0.0081356
0.0229655
0.00256326
0.0197969
0.0335778
-0.00352409
0.00238757
-0.00652114
0.0191407
-0.00245693
-0.0369689
0.0172987
0.090485
0.0793001
-0.00802816
0.0194365
0.0812045
0.00823968
0.0106265
0.0133622
-0.0122698
-0.00647278
0.00109561
0.0119433
0.0197738
0.0156618
-0.0567956
-0.00172186
-0.0193767
-0.00420694
0.00550025
0.00939212
-0.000550983
0.0340248
-0.0184589
0.0030888
-0.00557292
-0.11012
0.00516208
-0.0887991
0.000304746
-0.0035128
-0.0385091
-0.0106852
0.00071084
0.0077611
-0.00386903
0.0137767
0.0150552
-0.0201517
-0.00697482
0.00152281
0.00753174
-0.000977726
0.00713058
0.0122176
-0.0222871
0.001029
-0.00882507
-0.00343306
0.00923089
-0.0228736
0.00561497
-0.0155521
-0.00952651
-0.021562
0.0109907
0.00455831
-0.00384047
-0.0617645
-0.0301158
-0.00331364
-0.0364601
-0.00297441
-0.0170499
-0.00565164
-0.00551559
0.0114703
-0.0213314
-0.0198733
-0.015354
-0.0114059
-0.00991775
-0.00464252
0.00318158
-0.0231241
-0.0125024
-0.00957928
-0.0171397
-0.0127875
-0.00481238
-4.08636e-05
-0.0276644
-0.0191198
-0.0170244
-0.0025847
-0.0141848
-0.00899453
-0.00390654
-0.0287197
-0.0201453
-0.0191981
-0.0126487
-0.015272
-0.0105483
-0.00641732
-0.0321917
-0.0260548
-0.0213508
-0.0146991
-0.020009
-0.0132472
-0.00893912
-0.00240197
-0.0281645
-0.0251945
-0.0181409
-0.0232605
-0.0153354
-0.0114309
-0.00632553
-0.0305427
-0.0258374
-0.0170162
-0.00967403
-0.0218465
-0.0192217
-0.0100085
-0.0326351
-0.0259573
-0.0254817
-0.013164
-0.0265948
-0.0131109
-0.00842093
-0.0460466
-0.0290716
-0.028126
-0.0273188
-0.0340784
-0.0162696
-0.00414899
-0.00586747
-0.0375235
-0.0159446
-0.0469678
-0.0372423
-0.0130209
-0.0105226
-0.0640815
-0.0401752
-0.0213141
-0.0250773
-0.035171
-0.038528
-0.0228096
-0.0195823
-0.0417477
-0.0348044
-0.034636
-0.0319481
-0.0198272
-0.0229338
-0.0170616
-0.121195
-0.0658581
-0.0507953
-0.0272362
-0.00512782
-0.0178157
-0.0354476
-0.0426277
-0.0464869
-0.0362453
-0.0274004
0.119261
-0.0269269
0.00384045
-0.0150893
-0.0249001
-0.0380052
0.031224
-0.0518813
0.0417896
-0.0202096
-0.163253
-0.0395793
-0.079759
-0.028369
-0.0393163
-0.0234196
-0.023721
-0.0105458
-0.0748031
0.0633115
-0.0273502
-0.0406047
-0.0453398
-0.0305672
-0.0182227
-0.0554424
-0.0464329
-0.0433847
-0.0362148
-0.0476836
-0.0421336
-0.0211327
0.0180638
-0.14469
-0.0324848
0.0152841
-0.0426237
-0.0349914
-0.0075706
-0.0301581
0.00553578
-0.0590758
-0.0314107
-0.0673493
-0.0448452
-0.0286579
-0.022893
-0.0594104
-0.0238467
-0.303038
-0.0536467
-0.0385082
-0.0168592
-0.0287768
-0.064884
-0.0335154
-0.209507
-0.0259385
-0.0549806
-0.0171755
-0.107835
-0.0335922
-0.052518
-0.0981341
-0.0221554
-0.0400941
-0.0249535
0.201429
-0.026675
-0.0491794
-0.0671329
0.0114336
-0.0590027
-0.0623886
-0.0922737
-0.00521034
-0.0605253
-0.0477466
-0.0460031
-0.0570677
-0.052146
-0.0746311
-0.0044727
-0.0687196
-0.0486975
-0.0400633
-0.0160279
-0.0558207
-0.0218136
-0.213113
-0.076768
-0.0566399
-0.0529828
-0.0540339
-0.0320924
-0.0300071
-0.0719233
-0.101429
-0.0819041
-0.0537863
-0.0558252
-0.057286
-0.0443713
-0.0541229
-0.121098
-0.189118
-0.0628797
-0.0780605
-0.051102
-0.142734
-0.120188
-0.0563589
-0.0748854
-0.0412772
-0.0522645
0.0927076
-0.0654863
-0.044306
-0.0334288
-0.164909
-0.132925
-0.0446262
-0.0617552
-0.0229893
0.000501789
-0.0476151
-0.0923402
-0.0461405
-0.0396002
-0.0358942
-1.25923
-0.0995625
-0.0683757
-0.0533068
-0.0856371
-0.0685974
-0.045923
-0.0637194
-0.0622565
-0.0250379
0.632174
-0.0676002
-0.0895367
-0.0747064
-0.0505084
-0.0346672
-0.112339
-0.0784587
-0.0504569
-0.0618939
0.0872193
-0.00360285
-0.0774741
-0.0725096
-0.039607
-0.0668226
-0.0537753
-0.08018
-0.0298858
-0.0961742
-0.167144
0.0311542
-0.104226
-0.0850455
-0.00305787
-0.0432316
-0.0477628
-0.0609504
-0.0578113
-0.0529743
-0.0719333
-0.0835324
-0.05964
-0.0812043
-0.0815708
-0.0792774
-0.0897028
-0.077719
-0.0644186
-0.0824652
-0.0866243
-0.0794968
-0.0695333
-0.0653204
-0.0863602
-0.0831746
-0.0705547
-0.0700139
-0.0735475
-0.0745141
-0.0574016
-0.0952443
-0.0805689
-0.0932045
-0.0239198
-0.071961
-0.108818
-0.0605394
-0.0935333
-0.0678797
-0.077847
-0.0957117
-0.093305
-0.033146
-0.0849718
-0.0770055
-0.112235
-0.0657985
-0.0652808
-0.144841
-0.072778
-0.0575273
-0.060187
-0.0645281
-0.0921095
-0.116355
-0.178342
0.138423
0.0503301
0.00254837
-0.0575072
-0.0594776
-0.064387
-0.068592
-0.183647
0.104888
-0.145959
0.0074393
-0.0366445
-0.0668468
-0.0853658
-0.0784632
-0.0639698
-0.0163494
-0.19353
-0.354969
-0.0790515
-0.0993815
-0.0884375
-0.0451593
-0.0790686
-0.0503066
-0.336945
0.670587
-0.120154
-0.0946936
-0.0909174
-0.0496993
-0.119815
-0.166183
-0.174224
0.24895
0.129551
-0.00438056
-0.0533263
-0.141498
-0.143576
-0.198351
-0.130947
-0.168221
1.74513
0.040553
0.0155692
-0.123876
-0.0775669
-0.131358
-0.0654776
-0.0980032
-0.0812078
-0.0886261
-0.156725
-0.170663
-0.102138
-0.139662
-0.373501
-0.180127
-0.279649
1.18124
-0.0658973
-0.0630628
-0.0469339
-0.0494809
-0.0455428
-0.0680509
-0.1714
-0.11532
-0.104048
-0.0182104
-0.0395834
-0.0835924
-0.121457
-0.0574436
-0.108378
-0.166833
0.834687
-0.196884
-0.0772793
-0.0879167
-0.0841654
-0.0807588
-0.0264217
-0.0956585
-0.069577
-0.188768
-0.0707218
-0.0995753
-0.0917924
-0.0856517
-0.150347
-0.0968833
0.11162
-0.245134
0.0317677
-0.140361
-0.0886214
-0.096023
-0.104969
-0.104146
-0.181365
0.453758
-0.231493
-0.0852168
-0.133176
-0.0860686
-0.116679
-0.0903424
-0.0890208
-0.141843
-0.152021
-0.103782
-0.0923628
-0.089365
-0.105816
-0.087945
-0.0847065
-0.0671163
-0.105634
-0.10544
-0.0857767
-0.103598
-0.0961301
-0.126139
-0.0630637
-0.10375
-0.108613
-0.0567337
-0.0746019
-0.0960909
-0.0990787
0.0708607
-0.116574
-0.0982252
-0.0848651
-0.129157
-0.103475
-0.114553
-0.065117
-0.0914115
-0.124564
-0.102762
0.601016
-0.0944571
-0.104065
-0.0928849
-0.127993
-0.130364
-0.143073
-0.108222
-0.109726
-0.0856316
-0.10719
-0.199569
-0.129933
-0.108733
-0.152021
-0.15112
-0.109015
-0.0888242
-0.0782633
-0.133984
-0.10893
-0.101966
-0.0621085
-0.122173
-0.110806
-0.133683
-0.124291
-0.0898519
-0.118699
-0.0783289
-0.114246
-0.110741
-0.058396
-0.141286
-0.162547
-0.117572
-0.107107
-0.11678
-0.114092
-0.123578
0.000260912
-0.150152
-0.124772
-0.124008
-0.156054
-0.0933763
-0.147695
-0.108827
-0.129789
-0.129986
-0.137438
-0.112177
-0.0825998
-0.117263
-0.0935643
-0.138566
-0.133722
-0.129252
-0.122279
-0.103491
-0.100872
-0.0835557
-0.123522
-0.137006
-0.111059
-0.127872
-0.115173
-0.131345
-0.10104
-0.142013
-0.139446
-0.126034
-0.123867
-0.11679
-0.116741
-0.100325
-0.0998129
-0.136902
-0.124231
-0.123846
-0.108865
-0.111622
-0.0971175
-0.101202
-0.13953
-0.113622
-0.1244
-0.103327
-0.102043
-0.0882057
-0.0912872
-0.109842
-0.0525059
-0.125566
-0.0961695
0.00272681
-0.216024
0.0277884
0.30653
0.205911
-0.262036
-0.426472
-0.398339
-0.156211
-0.296026
-0.1837
-0.74508
-0.249252
-0.265178
-0.00730523
-0.18425
-0.275211
-0.535796
-0.435873
-0.558749
0.0628914
-0.574008
-0.38123
0.202891
-0.886675
0.145097
-0.044697
-0.274571
-0.212736
0.199301
0.213919
-0.0139194
-0.307138
-0.486113
-0.300121
-0.310064
-0.0683492
-0.306807
-0.108736
-0.269641
-0.0318659
-0.104394
-0.287259
-0.483626
-0.0659153
-0.048926
-0.00279453
-0.23512
0.153078
-1.26176
-0.664116
-0.0170441
-0.538436
-0.5935
-0.190111
-0.0929084
-0.175075
-0.0623567
-0.334058
0.0250875
0.173771
-0.206987
-0.482852
-0.0278454
0.0498456
-0.0128947
-0.0831224
0.151639
-0.77512
-0.985689
-0.561267
-0.300707
0.7366
0.826873
-0.190413
-2.18106
0.906083
0.388272
-1.48726
-1.65174
-0.525177
-1.33461
-0.889767
0.134757
0.609421
0.706516
-0.0366473
0.0773299
-0.16453
-1.44484
-0.105514
-0.00625163
-1.73183
1.39948
-0.855594
0.60227
-0.366874
-0.325493
-0.60595
-0.192103
0.107942
-0.256046
-0.231138
-0.0402299
-0.0148099
-0.716305
0.111079
-0.583584
-0.184121
-0.433073
-0.353098
-0.132005
0.0597693
-0.179704
-0.553813
-0.22517
-0.345727
-0.0993438
-0.671474
-0.0899504
-0.184714
-0.419304
-0.28611
-0.233275
-0.436903
-0.0535551
-0.331104
-0.100207
-0.174049
-0.219821
-0.474522
-0.414098
-0.216441
-0.271141
-0.236954
-0.405728
-0.414605
-0.273497
-0.365856
-0.297137
-0.321795
-0.315268
-0.155907
-0.245307
-0.265306
-0.268147
-0.292722
-0.235901
-0.268605
-0.216794
-0.219328
-0.192116
-0.400414
-0.429568
-0.233145
-0.289591
-0.234187
-0.334331
-0.298044
-0.316049
-0.314856
-0.398481
-0.223094
-0.249453
-0.329285
-0.288346
-0.324718
-0.334309
-0.221835
-0.291698
-0.290382
-0.375974
-0.265104
-0.274626
-0.305885
-0.387083
-0.0254451
-0.454784
-0.432786
-0.304914
-0.321075
-0.22248
-0.350988
-0.455494
-0.37116
-0.328587
-0.375744
-0.524672
-0.301147
-0.281866
-0.409026
-0.539202
-0.431267
-0.296613
-0.36701
-0.365081
-0.441607
-0.451191
-0.554048
-0.39008
-0.468013
0.222491
-0.87218
-1.28207
-0.778424
-0.0160827
0.0556727
0.155917
-0.241007
-0.0461404
-0.279129
-0.291195
-0.338496
-0.31185
-0.474074
-0.338138
-0.282739
-0.425344
-0.328056
-0.265897
-0.398482
-0.381827
-0.447214
-0.41085
-0.40266
-0.366414
-0.470125
-0.33725
-1.02246
-1.02392
-0.522039
-0.278116
0.0616318
-0.0276234
-0.206074
-0.231757
-0.318167
-0.300019
-0.319165
-0.450026
-0.383484
-0.44223
-0.481544
-0.435892
-0.447602
-0.376418
-0.37937
-0.255849
-0.57602
-0.373242
-0.59108
-0.592948
-0.160319
-1.4015
-1.86464
-1.51938
-0.404753
-0.180537
0.165299
-0.108129
-0.0702086
-0.188335
-0.218476
-0.146625
-0.185154
-0.316668
-0.23331
-0.263424
-0.467382
-0.458079
-0.335702
-0.285372
-0.234724
-0.402793
-0.503346
-0.581269
0.563033
-0.569537
-0.303912
-1.3639
-1.53967
-1.46486
-1.01926
-0.494965
-0.503051
-0.538101
-0.729761
-0.865075
-0.425464
-0.266516
-0.369133
-0.69194
-0.362584
-1.02271
-1.31944
-0.76043
-0.382239
-0.0498287
0.119539
0.425719
-0.666134
1.76622
-4.19561
1.00787
2.81092
0.0651556
-1.30298
-0.565273
-0.271597
-0.265581
-0.0668985
0.688617
0.860711
0.259232
0.0404526
-0.394836
-1.08275
-0.0627754
1.01179
1.06459
-0.180686
-2.58337
-4.6473
-5.81838
-2.6505
9.91651
17.8945
-19.0483
-24.9067
5.88743
10.4356
6.6349
2.58366
0.384425
2.04645
1.77654
0.723573
-0.330101
1.82496
0.761352
-1.27616
1.16004
-1.72117
-1.20936
0.563021
0.233195
1.8613
-5.75299
3.74268
-7.49674
9.80718
-11.7872
11.7597
-5.9972
-22.4232
-9.24465
-3.03757
2.98706
3.20667
1.66475
2.46321
1.29968
0.869575
0.146192
0.00626922
-0.613432
0.986843
0.0975692
-0.681746
0.570921
0.224369
-0.39003
0.846012
-0.619731
2.36781
-1.49575
5.86168
-7.83251
25.4114
-15.1104
-14.1845
-4.03381
0.312074
-0.835075
-3.00847
-3.23653
-1.14322
-0.662947
-0.376977
-0.380034
-0.953709
0.278626
1.69317
1.03619
0.194683
-0.138008
-0.516647
-0.305209
0.242806
-1.85188
5.69484
-15.8385
29.8937
-49.6432
38.5464
14.8223
0.340877
-2.06096
-0.944839
-3.15716
-1.10088
-1.5981
-0.744818
0.334905
1.51074
0.88804
1.18309
-0.527245
-0.24896
-1.96772
-3.12044
-3.32715
-4.7444
-5.99675
-4.32297
-4.94936
-8.10251
0.736243
19.8324
-51.5074
3.20796
12.5401
9.59599
5.84343
3.61061
0.709384
-0.463654
-2.30438
-2.95114
-3.51847
-3.3108
-3.70846
-3.50891
-3.62904
-3.02652
-3.394
-2.44073
-2.7393
-2.516
-3.50701
-3.00741
-3.68592
-5.43702
-10.7245
-60.8067
88.6974
24.2342
12.0935
5.62519
5.2653
4.06457
3.6644
2.68466
1.74949
2.37286
1.8382
1.75298
1.18875
1.44819
1.02019
1.07728
0.309643
0.338451
0.619973
0.360252
-0.784656
0.314276
0.274451
0.00266238
-0.00706449
