-0.210042
0.91297
0.467844
0.196102
-0.690451
-0.689031
-0.880649
0.734142
0.198549
0.407974
-0.96138
0.937558
0.647948
-0.594211
-0.647502
-0.638483
-0.392358
0.0457898
-0.144186
-0.421998
0.214137
-0.730407
-0.414562
-0.263044
-0.0814038
0.562035
-0.609661
0.0275537
0.170563
-0.910707
0.215628
-0.660479
-0.837438
0.928441
0.923903
0.581133
-0.42729
-0.80815
0.365354
-0.141794
-0.759942
-0.007964
-0.908142
0.831842
-0.48145
0.328811
-0.372476
0.0548522
0.0992796
-0.593666
0.973945
0.554478
0.864103
0.742742
0.144133
0.759782
-0.904369
-0.648563
-0.917038
-0.336602
-0.214897
-0.431626
0.655627
-0.312726
-0.435561
0.0839218
-0.695001
0.612656
-0.821798
0.995894
0.488366
-0.646769
-0.94556
0.6767
0.409684
0.428681
0.463992
-0.903066
-0.290611
-0.729465
0.742596
0.196394
-0.389037
-0.868315
-0.332774
-0.281129
0.508908
0.294948
0.742551
-0.114611
-0.742091
0.463241
0.502038
0.0924964
0.484451
-0.0869595
-0.0304445
-0.238753
-0.999129
-0.772553
-0.857719
0.332201
-0.328177
0.0808136
0.794398
-0.528204
-0.151401
0.479536
-0.585515
-0.806102
-0.335429
-0.524139
0.97518
0.640692
0.286938
0.731563
0.5273
-0.629285
0.78246
0.0494789
0.570699
0.650693
-0.508092
-0.823506
-0.508657
-0.0805164
0.637327
0.591098
-1.04883
0.0118286
-0.208883
-0.569848
-0.692307
-0.194789
0.90493
-0.355395
0.0830959
0.405566
-0.23214
0.936949
0.761515
-0.62616
-0.0920627
-0.472749
-0.474232
-0.871039
0.258365
-0.0402573
-0.865014
-0.312962
0.81584
-0.550256
-0.611344
0.120296
0.959549
-0.509364
0.380721
0.458761
-0.5279
0.441315
-0.274232
0.255827
0.200802
-0.0320909
-0.802719
0.622666
-0.459037
-0.64825
-0.809064
0.273888
0.305154
-0.926372
0.0923725
-0.45
0.339997
-0.549235
0.460423
-0.146365
0.823543
-0.740109
-0.235767
-0.556947
0.987183
0.698636
-0.457011
0.390814
0.594707
0.0403435
-0.00786555
-0.508083
-0.612564
0.92831
0.748566
0.161375
-0.338327
-0.195612
0.541633
0.767246
0.638162
0.353223
0.0287866
-0.94063
-0.588115
0.745039
-0.000755696
-1.05347
-0.688272
0.318093
-0.933712
-0.464988
0.27794
0.445758
0.265437
-0.485372
0.438046
-0.4695
-0.167208
0.600531
0.34047
0.636242
0.186224
-0.0193183
-0.812538
-0.185218
-0.341081
-0.2537
1.0237
-0.130887
0.797321
0.224466
0.484576
-0.085835
0.0748513
-0.102659
-0.55313
0.417143
-0.465353
-0.744265
0.447504
-0.37894
1.05083
0.862637
0.623214
-0.391676
-0.770958
0.944295
-0.0440658
0.948543
0.759208
0.41825
-0.55001
-0.203579
0.572645
-0.464343
-0.534931
0.276866
0.825465
0.239067
-0.0169838
-0.719146
0.359661
0.827384
-0.708082
0.184483
0.744025
0.375526
0.267461
0.227346
-0.350816
-0.278675
0.675887
0.55434
0.578309
0.537628
-0.194197
-0.0829858
0.435293
0.108739
0.204605
0.314475
0.325866
-0.681339
-0.505353
-0.87562
0.00578686
-0.928552
-0.0523358
-0.0257818
-0.478982
0.0215844
-0.950793
-0.672934
0.641577
-0.357442
-0.610809
0.163797
0.414639
-0.582559
0.14983
-0.794887
-0.603663
0.294902
0.22568
0.357619
0.451603
0.706639
-0.204822
-0.392171
0.389444
-0.580341
-0.21276
-0.756848
-0.557171
1.02462
0.487225
0.112798
-0.39819
-0.677984
-0.537743
-0.246479
0.278275
0.43859
0.220325
-0.33138
0.811551
0.214927
-0.111744
-0.0273949
-0.374582
-0.565097
-0.277599
0.24778
-1.05121
-0.657046
-0.652729
-0.452314
0.848569
0.28289
-0.186731
-0.67544
0.0863767
-0.0518698
-0.489616
0.0346346
-0.0375974
0.281023
0.152195
-0.738827
0.021293
0.368273
0.111001
0.591387
0.0512207
-0.700129
-0.573135
0.370586
-0.612207
0.478213
0.815317
0.0407048
-0.162079
0.284967
-0.0380452
0.180295
0.68095
-0.26897
0.665746
0.243235
-0.928675
-0.874113
-0.664515
-0.659054
-0.361359
0.481339
-0.568664
0.0368253
0.691828
-0.635288
0.701646
-0.299953
-0.299637
0.685026
0.443146
0.731227
0.363608
0.362081
-0.436513
-0.29271
0.683891
0.591564
0.663856
-0.301153
-0.131402
0.494611
-0.172412
0.778605
0.409276
-0.226229
0.349775
0.19223
-0.660904
0.680818
-0.0896304
0.374921
-0.400843
0.482223
-0.448068
-0.717232
0.66316
-0.680862
-0.000203536
0.869544
0.53472
-0.125662
0.00062557
-0.277342
-0.384805
-0.163562
0.364567
0.337282
0.254758
0.0662349
-0.893658
-0.105581
-0.675407
0.186762
-0.0476833
0.460273
-0.505978
-0.640731
-0.350345
0.511091
0.00557949
-0.693612
-0.411842
0.460296
-0.480757
0.681535
0.180393
-0.658911
-0.267834
0.956364
-0.168338
0.0519038
0.698635
0.668502
0.491426
-0.0067621
-0.494867
-0.606003
0.464704
-0.0553888
-0.178705
0.374707
-0.822816
-0.114794
-0.736382
0.0165755
-0.583854
-0.28177
-0.110665
0.645417
0.546771
0.23999
0.624411
-0.310175
-0.169736
0.5917
-0.355258
0.668835
-0.662713
0.767294
-0.573131
0.756532
0.0682331
0.586667
-0.664521
0.322006
0.675289
-0.0819306
0.15531
0.181272
-0.131311
0.166459
0.0789222
0.345293
-0.774485
-0.044258
0.762582
0.323244
-0.296682
-0.0170081
-0.456138
-0.353193
0.0971352
-0.0547458
0.240366
-0.288088
0.977633
0.591742
0.0694681
-0.0885758
-0.200426
0.499055
0.127957
-0.361493
0.740673
0.381341
0.412708
0.010869
-0.0972388
-0.20801
0.432693
0.019899
-0.94613
-0.51118
0.138441
0.567181
0.440787
-0.607279
0.207976
-0.0312348
0.678911
0.250425
0.120187
-0.354241
-0.280637
-0.330574
-0.300998
0.779151
0.449699
0.538735
0.313605
-0.228725
0.156055
0.229035
-0.0920325
-0.740035
-0.264618
-0.481781
0.520027
-0.209231
-0.503714
0.134342
-0.101417
-0.404004
-0.453892
0.301671
-0.00895639
0.236409
-0.122824
0.233717
-0.233208
-0.138074
0.102762
-0.583174
-0.681319
-0.486112
0.381985
-0.0465881
-0.0844499
-0.66854
-0.533789
-0.45656
0.0624157
0.209704
-0.0894582
0.0542471
0.439517
-0.310685
0.0521352
0.251153
-0.226564
0.14948
0.292721
0.125969
-0.692964
0.308322
-0.401512
-0.473835
-0.0860103
0.291432
-0.472359
-0.499556
-0.178776
-0.686394
-0.678517
-0.472627
-0.399724
-0.299993
-0.21511
0.245417
-0.352036
0.000862994
0.410804
-0.269851
-0.100779
-0.655484
-0.457371
-0.502503
-0.250661
-0.155006
-0.27636
-0.276956
-0.120874
0.200216
-0.123988
0.123912
0.214883
0.240621
-0.363358
0.525498
0.059667
-0.338629
0.560075
0.198929
-0.639746
-0.056404
0.386793
0.0269138
-0.513546
-0.233201
0.00444355
0.0856632
0.114323
-0.165671
0.00496063
0.144027
-0.538522
-0.00922583
0.386885
0.27268
-0.237296
-0.181151
-0.481416
-0.00327235
-0.0504659
-0.34192
-0.202462
-0.112134
-0.378715
0.0357951
-0.0850994
0.0701643
-0.0189432
0.658221
0.113259
0.180822
0.148036
-0.210691
-0.386291
0.186671
0.107482
0.114172
-0.266171
-0.374908
-0.0566908
0.0487445
0.235432
0.0343393
-0.0963843
0.374666
-0.245468
-0.483738
-0.404791
-0.220745
-0.103494
-0.149704
-0.0489001
0.0659252
0.0378532
0.538298
-0.289855
0.288523
0.139568
0.478472
-0.337947
0.216096
0.564818
0.19616
0.0227061
-0.391577
-0.164225
0.31805
0.284579
-0.160464
-0.0994292
-0.259353
0.134403
-0.409052
-0.108155
-0.0270911
-0.0295178
-0.243206
-0.173605
0.225575
-0.130152
0.107767
-0.235834
0.118623
0.0222614
-0.301671
0.0661328
-0.0739149
0.0686297
0.678357
-0.0559666
0.357604
-0.110946
0.328533
0.226741
0.0293419
-0.0212038
0.0130833
0.0847279
0.47198
0.174424
0.125735
-0.420068
0.23341
0.124424
-0.449867
-0.191821
0.333345
0.0359244
0.128027
-0.355275
0.196521
-0.323653
-0.133001
0.0237589
0.428687
0.0991997
-0.00969309
-0.028403
0.292049
-0.132523
0.182883
-0.165849
-0.0925275
0.00923698
-0.045059
0.240167
-0.0452546
-0.0892085
0.341992
-0.122725
0.10858
0.232703
-0.0965192
-0.24845
0.339058
-0.092063
-0.203813
-0.127272
0.311706
0.0284307
0.0056791
0.171013
-0.0791806
-0.398722
-0.092124
-0.0638983
0.187019
-0.251891
0.24059
0.209161
0.112987
-0.209873
0.112924
-0.305683
0.198366
-0.296108
0.0499633
0.16025
-0.252414
0.0134712
0.274081
0.11256
0.0182804
0.0121709
-0.109093
-0.189456
-0.0270615
-0.0273319
0.333608
-0.0350005
-0.0666744
0.0458121
0.198329
-0.265724
0.12108
0.0150316
0.047776
-0.154618
0.384821
0.169749
-0.0604244
0.0700536
0.0973173
-0.112871
-0.267358
0.0875118
0.0314288
-0.0315237
0.149867
0.124976
-0.0165028
-0.248625
-0.195274
0.253397
-0.0521461
-0.289428
0.18556
-0.0458745
-0.226156
-0.146112
-0.233739
-0.268594
-0.019848
0.07151
-0.313223
0.00530942
0.0145471
0.0600113
0.105219
-0.214693
-0.0852214
0.0490806
-0.157856
-0.175457
-0.0388695
-0.15675
-0.0327689
0.10046
0.0267976
0.15005
-0.153436
0.002503
-0.0463381
-0.225214
0.109713
-0.120458
0.162607
-0.239127
-0.00987058
-0.0806804
0.236355
-0.113147
-0.0526414
-0.185602
0.108724
-0.144509
0.09838
-0.234626
-0.112856
-0.0838278
0.0974691
0.0323402
-0.104285
0.165693
-0.0502945
-0.00554322
-0.041541
-0.0351524
0.00164411
-0.114351
0.0103613
0.190249
0.0358625
-0.172888
-0.0957581
0.0186712
-0.112569
-0.151338
-0.00525042
0.115565
-0.032232
-0.183346
-0.0178228
-0.00253434
0.0738606
-0.13248
0.0157298
0.155787
-0.080973
0.0780388
-0.0736039
-0.024546
0.0730852
0.162601
0.089569
0.00699504
-0.0968302
-0.00382477
-0.115634
-0.0168116
0.0651295
-0.184943
-0.044671
0.0038961
-0.0130874
0.0690861
0.129509
0.0532441
0.123135
0.0125645
-0.0838048
-0.028561
0.0255997
0.0456775
-0.0218526
0.0638847
-0.00399425
0.0334412
0.0033061
0.0129321
0.115007
-0.00648771
-0.0736688
0.0899098
-0.0258956
0.0427485
-0.0329839
-0.0934164
-0.0901993
0.00967363
0.0367295
0.010416
-0.046178
-0.00524387
0.091459
0.0233181
-0.0716316
-0.0735404
-0.0180532
-0.0202553
0.0832165
-0.058961
0.0348954
-0.0146587
0.0321552
0.0191408
0.00637507
-0.0667371
-0.0282253
0.0263842
0.0836755
0.0183034
-0.0195688
-0.00946162
-0.0100486
-0.0400734
0.0309035
-0.041496
-0.0221636
-0.0131199
-0.0396594
-0.000312564
0.0264049
-0.0310298
0.0184524
-0.0155388
0.00343485
-0.00186791
0.0077766
0.0169427
-0.0115076
0.00955183
0.00112221
0.00755929
0.00518863
-0.0155069
-0.0268777
-0.0145664
5.07424e-05
0.00324779
-0.0110289
0.00460745
-0.000177533
-0.00595663
-0.000140758
-0.0102262
-0.00420577
-0.00141499
-0.00486737
-0.00516696
-0.00566151
-0.00606834
-0.0096274
-0.00694481
-0.00412224
-0.00111756
-0.0092172
-0.002894
-0.00538194
-0.0242176
0.00190597
-0.0270492
0.00167934
-0.00391384
-0.0263288
-0.0284444
-0.011676
-0.0122528
-0.00265625
-0.00664666
-0.00623039
0.0231291
-0.0119712
-0.00394764
-0.0499717
-0.00350646
0.0414941
-0.0399655
-0.0171067
0.0370646
-0.026155
-0.0236307
0.04574
-0.0464725
0.00199326
-0.0583074
-0.00937866
