0
-14.6248
6.81815
-14.0894
-2.24427
7.29743
-3.99499
28.7388
-18.7082
-1.95671
-5.80867
0.21508
8.46654
-11.1719
11.5883
13.7227
3.06164
11.1931
-7.55567
4.93468
-5.37962
-0.866274
23.024
-21.1782
7.32525
10.2206
-1.79862
-3.71101
-16.1918
16.3104
-9.33982
4.59795
7.39332
11.7663
-33.4746
14.3805
6.48177
-21.4087
6.22025
11.7611
9.74348
8.42356
-0.109375
8.70969
-16.6707
-7.21242
-19.3247
4.25343
-5.77232
21.0512
6.57462
-7.43203
0.596402
-12.6527
5.77357
17.9128
-12.1437
11.946
-11.8485
-18.9877
10.9521
-19.1949
-14.7829
-3.65757
2.45495
23.1806
-8.94031
-5.25505
5.34098
9.44909
-1.74591
-2.41835
-6.60793
-2.94027
14.2098
14.743
13.9474
20.1561
-1.98276
-0.727231
1.30176
-21.9156
8.22242
-14.7663
1.66592
0.534416
15.7407
4.44788
6.16905
-11.1915
-2.0996
-1.33563
16.0175
-18.5709
12.9734
4.07944
-5.34352
-20.4232
-24.3333
-1.78724
0.143244
4.48802
-25.0651
13.1722
24.4904
8.26562
2.36426
16.794
12.3635
11.5992
6.93469
-2.70376
2.76935
-8.70634
29.6491
-31.049
15.6541
-5.72543
-3.99027
-21.0226
-4.62712
1.53714
-16.6615
3.15573
5.3382
7.83059
-33.3108
-16.3135
12.5189
-29.0779
8.46589
4.71178
-0.365606
2.84575
-15.0491
-4.65523
10.1511
-22.4606
-15.5806
21.5529
13.0261
18.3515
2.66582
-16.5609
-10.0961
17.9693
11.67
8.7288
8.07203
-4.05334
20.1725
-13.3316
-28.6239
-6.33334
-4.88879
-3.58695
23.1054
10.4653
1.91296
8.18931
3.92583
4.2241
-6.60402
-28.5093
6.33989
-13.319
5.14961
-29.2389
0.810367
6.57941
-17.4772
22.0687
-7.9681
0.579063
-4.81984
-9.45045
-20.3245
8.94588
-12.7551
7.67005
-9.19882
10.111
-4.9044
-7.0961
-0.371576
6.22909
-15.6136
9.54597
-42.3423
-50.1311
2.00668
-1.04225
-11.5705
-11.393
13.5347
-1.90989
17.743
3.28736
22.3483
-9.20306
-15.3878
-5.41263
-1.42002
-16.3419
-12.6838
1.05331
14.9999
0.0321025
1.66106
-29.717
9.40481
9.77727
23.2467
15.8202
8.39388
-16.1938
-1.62528
-16.0768
14.1669
-9.64627
1.60825
-10.9867
32.1778
7.60566
4.43042
15.7628
8.86768
-28.3074
31.3104
22.6522
-7.14652
8.54971
-5.56912
-8.04607
8.47332
5.99839
2.02149
10.2185
-0.2676
4.086
6.07946
-18.2946
-18.8869
-22.2579
8.06512
18.6815
12.663
-4.37009
-12.9326
-7.76293
9.03372
4.10533
11.022
12.0978
2.018
6.68561
-9.84406
3.66022
3.17422
0.531285
-1.73466
-2.69586
-20.1224
-22.2211
-1.39282
-7.62393
6.92499
-10.5545
8.64933
13.0361
13.899
0.299314
-15.7726
-27.3467
-6.45668
1.37739
17.2529
-23.8398
-14.2524
-2.69561
17.645
-15.4905
-14.9036
5.60554
29.7319
-1.20354
6.73323
-6.66005
-15.147
-8.35051
15.656
-6.05667
9.9442
-11.1892
14.4542
-7.69766
4.93098
-9.49635
-13.9333
22.3825
-20.5822
9.29727
-18.0755
1.62717
3.55969
7.75755
7.66094
-9.6453
5.98196
-28.8925
-3.03983
11.4214
-7.54778
16.6209
0.612486
-2.31407
-24.2239
14.1588
13.8542
-11.1996
2.03293
3.34569
5.52795
19.1113
4.78226
8.89329
-3.24141
7.00249
16.8747
8.53849
5.58316
-12.4335
2.72971
6.86779
-10.4357
18.7768
-15.7369
-0.23473
25.0373
-10.3876
8.2334
-9.38709
-11.5141
18.6603
19.4502
2.44622
-11.5732
-9.54929
-8.05341
-7.41677
-7.64206
28.055
-13.6582
8.30825
4.51522
20.843
-2.34963
-9.46784
-20.5311
-17.5174
-9.77291
-5.77654
-0.569516
-5.44029
5.39702
-12.7108
3.08013
-11.4383
-6.34203
2.60078
10.0266
-2.96547
3.3035
-2.30504
-15.6264
-22.1871
-19.1297
-11.3613
-16.9877
9.0375
0.549617
15.6306
15.1274
0.0827744
-13.4278
-3.72623
16.0008
14.5419
-13.6213
11.4228
18.325
12.6681
4.86097
12.1678
10.3456
-5.41249
-6.77768
0.971523
-4.71898
6.7172
-24.3037
11.9905
-5.90607
-19.7291
-0.494098
-25.6948
-29.4324
3.13664
-11.469
-14.9868
-16.8282
14.8444
-6.54848
-4.11124
10.0582
19.3978
8.36974
13.159
-9.2555
-2.30583
-11.1087
-9.34005
-9.08824
-5.10793
6.53247
-9.65749
-23.8203
-25.0218
17.4507
-0.109748
-6.87054
14.3357
0.779136
9.38951
-1.4785
2.7116
-3.47251
-1.47606
-2.75314
-0.853685
-9.72697
10.114
-19.1006
-4.89813
-7.57813
-15.6881
13.6701
9.66421
9.06058
-18.136
-14.8485
-0.777018
-1.81621
4.6327
-20.6339
-14.366
-1.44335
-9.44294
-3.64385
9.58325
5.33018
-7.40436
-16.5157
-8.1389
3.63219
8.14289
11.6274
-25.1011
-18.7228
-5.55783
-9.87885
7.92416
-2.5795
7.20944
-17.5053
4.97585
-9.17935
3.03936
13.707
-3.05693
-4.33096
2.70966
-1.4108
-16.9347
-3.70988
5.50828
7.98536
-16.3255
-2.0746
-13.8743
1.59854
-0.461267
15.0827
-13.6504
9.27271
-13.7752
13.7379
-27.1967
10.0706
34.1981
-0.0239628
-34.0906
-10.3381
27.1851
-13.7129
13.7377
-9.31853
13.6569
-15.0853
0.236166
-1.25808
14.4705
1.99049
16.3425
-7.88655
-5.53923
3.62376
16.8712
1.15784
-2.90469
4.40045
3.14036
-13.7324
-3.19114
9.11722
-5.02294
17.5431
-7.32181
2.58026
-7.72936
9.85855
5.55416
18.7398
25.0968
-11.6195
-7.85207
-3.03248
8.38998
16.4796
7.45895
-5.34667
-9.61508
3.5573
9.42357
1.58254
14.317
20.5746
-4.7724
1.662
0.775217
14.7127
18.1476
-9.00863
-9.60614
-13.4542
15.8223
7.41186
4.89136
19.0841
-10.1266
9.66664
0.755092
2.79655
1.23898
3.31904
-2.74187
1.49168
-9.45508
-0.773604
-14.4046
6.77666
0.0767502
-17.2355
25.1173
23.7591
9.64778
-6.44248
5.11221
9.03001
9.20499
11.1583
2.43575
9.13515
-13.3219
-8.16446
-19.4682
-10.3393
4.15985
6.56748
-14.8973
17.0603
14.9463
11.6259
-3.00413
29.4422
25.7633
0.584799
19.8593
5.81527
-11.9383
24.3369
-7.08173
4.27044
-0.948872
6.77264
5.28666
-10.2242
-11.9741
-4.32472
-13.244
-18.1822
-11.2708
13.7354
-14.4912
-16.0727
3.52775
13.4285
-0.0387365
-15.1993
-15.6411
-0.435293
-9.22732
16.9507
11.4766
19.0985
22.3396
16.2427
2.28302
-3.36692
2.98705
-10.1073
-2.61495
6.35552
11.4798
-2.96163
12.688
-5.52838
5.63027
0.634137
5.71109
9.73318
17.5919
20.5227
9.64931
3.18639
-21.1143
-4.54681
-8.28624
13.3434
-28.3446
7.5472
7.22954
7.91729
9.58637
11.6923
-2.77098
-19.895
-18.5953
11.5363
9.30659
-8.21824
10.4751
-25.2159
0.489726
15.7842
-18.7344
10.2608
-7.10468
-2.75414
12.7651
-5.85074
-8.47469
-16.8267
-6.78878
3.21937
-8.71691
-4.68224
-19.0398
-5.32197
-3.45249
-2.2615
11.4644
-13.947
-14.2273
24.2701
2.34027
-0.74233
-16.6519
7.38522
-11.4005
2.94439
29.0371
-6.12754
9.75212
-7.56031
-7.81776
-3.50482
-1.64907
17.9492
-9.12469
20.4747
-22.3625
14.0992
9.07684
-4.87905
7.76895
-14.3022
11.27
-9.74552
6.05361
-15.3461
8.0971
15.1812
6.49644
-6.74342
1.18865
-29.8067
-5.45225
14.8661
15.6749
-17.6563
3.13363
14.0455
24.0724
-17.5814
-1.35927
6.05426
27.1169
15.3266
-0.028513
-13.7881
-13.0211
-8.50294
10.5036
-7.27477
7.96157
1.30873
22.3327
19.9445
2.74763
1.55006
-0.500401
-3.33574
-3.59799
9.95528
-6.09593
-2.11785
-12.1419
-11.1133
-4.0555
-8.83987
7.51943
13.0969
4.09838
-12.6225
-18.592
-7.71752
22.7339
18.7803
18.4855
-6.34807
-3.99541
0.30291
-10.219
-1.982
-5.91318
-8.4941
8.11
5.4529
-8.62952
7.26285
-23.1519
-31.1786
28.3624
-8.14749
-15.9322
-4.4975
-7.48437
-32.0363
11.0338
-1.58241
9.77523
-14.0781
16.2101
1.59169
15.9954
-8.81599
-15.7694
-23.2627
-9.43928
-9.4769
29.6736
-1.47375
0.254685
-15.1292
-1.46723
12.8721
16.2768
1.48902
5.40738
15.3001
9.08735
-21.8009
-3.2343
-17.8731
1.91309
-13.5629
11.9883
11.5434
0.93429
-2.78762
50.3697
42.3612
-9.55346
15.3405
-6.49909
0.39618
7.27801
4.92546
-9.97059
9.37184
-7.7995
12.9383
-9.10205
19.8435
9.41978
4.7352
-0.49894
7.92716
-21.9728
17.4614
-6.38826
-0.565873
29.222
-5.31264
13.2694
-6.56749
28.3724
6.75962
-4.58543
-3.79415
-8.37577
-2.0039
-10.5041
-23.099
3.46163
5.07005
6.43591
28.777
13.5164
-20.3508
4.15004
-8.03021
-8.74765
-11.642
-17.9737
10.0972
16.6295
-3.25737
-18.3744
-12.9969
-21.5142
15.3986
22.6976
-10.2225
4.87112
15.0633
-2.83732
0.300942
-4.72319
-8.37976
29.1463
-12.2877
16.3612
33.6731
-7.19446
-4.98849
-3.25311
16.6744
-1.75579
4.60843
21.1101
4.07465
5.66089
-15.7297
31.185
-29.6237
8.8503
-2.7747
3.32792
-7.12935
-11.3102
-12.4552
-16.6225
-2.34182
-8.29524
-24.721
-12.946
24.8686
-4.10919
-0.0377502
2.11966
24.4222
20.7506
5.31276
-4.12867
-12.9526
18.7172
-16.0043
1.37556
2.19826
11.6767
-6.15801
-4.30572
-15.646
-0.176864
-1.62816
14.7962
-8.24776
21.9114
-1.1211
0.407942
1.32898
-20.2267
-13.9934
-14.9587
-14.1546
2.75325
6.78028
2.34755
1.59276
-9.44852
-5.34119
5.27218
8.67084
-23.1343
-2.39073
3.93523
14.8863
19.2868
-11.188
19.018
11.8942
-11.9753
12.2704
-18.0622
-5.89747
12.8558
-0.469302
7.88203
-6.83626
-21.2649
5.28981
-4.31564
19.3045
7.28237
16.7968
-8.82567
0.242208
-8.60133
-9.75508
-11.7269
-6.03718
21.0453
-6.20959
-14.5435
33.4679
-11.8218
-7.42038
-4.24972
9.11694
-16.4428
15.9466
3.35955
1.89996
-10.5118
-7.61719
21.1105
-22.8907
0.804677
5.40576
-4.84966
7.66718
-10.8512
-3.07018
-14.0267
-11.4096
11.2396
-8.39758
-0.324002
5.66061
1.97039
18.9784
-28.8682
3.87569
-7.1928
2.18998
14.2108
-6.61585
15.0639
