0
-15.7955
7.11931
-17.2612
14.3982
7.53511
-4.04337
21.0458
-10.4326
-1.04303
8.83522
14.7655
10.7416
-2.85574
16.6732
28.0149
5.23933
-7.06242
-1.61533
14.947
2.38682
12.8631
-0.0759668
-0.119197
-4.5994
18.0529
-2.81712
-25.3948
6.47631
-17.9117
6.40884
14.55
-4.2356
2.57503
21.8048
-27.9586
13.4426
-3.0008
-25.3924
-4.52401
13.3523
7.29557
7.68295
-0.570237
7.52164
-18.4056
-7.80759
-22.4706
3.81858
-21.2477
20.0124
-5.60123
-12.1845
10.322
-10.7252
12.4022
12.9302
11.6488
7.66795
2.57237
-3.73402
11.7864
-4.35963
8.38382
-5.55453
8.26072
12.6813
-19.9606
-8.18227
-3.20593
6.49709
-3.71055
17.5864
-0.277791
10.8863
1.91336
-3.6507
6.97231
7.78381
16.272
7.87553
-5.48055
0.597537
-16.8174
5.12207
-15.8571
-0.110976
-1.12669
17.8175
1.83936
3.0201
-18.8264
-6.40357
0.4096
19.2522
-18.7016
19.0882
4.31842
-1.38343
-26.219
4.3544
5.64183
-4.96059
-0.934725
5.61304
4.1363
8.30649
-11.3877
-8.02055
-8.98778
11.3484
3.48943
-14.7453
9.61984
31.6851
8.47511
2.39575
21.4913
-29.8631
9.33784
-7.26234
-8.31627
-13.7565
-0.441157
6.07267
-12.8741
7.24384
5.09253
12.5252
-29.9837
-15.8984
15.0039
-28.6831
9.0192
4.54726
-3.88288
5.06127
-12.449
-8.69656
26.5354
-20.0988
-17.0876
15.0903
-4.49661
13.5864
-24.6893
-8.08116
-9.14977
18.9748
12.673
-7.43498
1.64569
1.82278
-10.0613
-9.76324
-9.03157
-8.31812
-14.4245
6.43309
-3.7835
18.9611
3.18867
-0.12846
0.464849
6.45361
22.0337
-3.79376
-13.9249
11.9335
-7.92016
6.60862
-24.3113
2.37386
8.29509
-16.241
23.5646
-4.3767
0.523837
-1.51006
-1.77163
-7.56891
15.4182
-8.087
-5.89274
-22.916
9.69473
-3.23921
-12.2739
-0.741927
-10.9708
-3.64052
0.950119
-6.3779
-15.911
30.0374
-0.795323
-2.02456
10.8937
-16.1864
2.11426
-8.88717
17.3479
-3.42618
28.6904
4.61707
-2.67121
7.90799
5.01872
-14.353
-17.6019
-2.52257
9.78203
-4.98857
3.04359
-33.6866
10.278
7.71249
23.3611
14.6149
5.01843
-16.4033
-8.32284
-14.4384
14.9784
-18.6108
-1.30408
-9.34716
26.0532
-7.78077
-5.38274
-0.986299
-5.03519
-13.6744
22.2991
3.00701
7.91754
11.1071
-4.84647
6.91484
13.3703
-2.37481
23.1088
-8.47947
5.25051
9.70332
12.7634
22.2299
5.24839
-8.24344
-27.6113
4.86634
24.4979
8.07176
2.85979
1.17567
-7.56806
10.3416
11.4673
14.0435
15.5333
6.16312
6.48302
-7.03946
8.92341
5.49991
2.32162
9.93462
1.37994
-18.8271
-25.6902
3.24069
25.0694
0.253904
-2.36724
5.39199
-0.109495
4.41403
-15.974
2.05367
7.70536
21.8558
-15.683
-17.2904
-12.0899
21.342
-6.01722
-19.8411
7.62555
-7.42285
-7.85603
-0.477844
27.3515
-5.32064
-0.579553
-1.11543
-4.13264
-21.8824
7.0287
-12.6298
16.0935
-15.7073
10.8289
-9.18596
1.58208
-10.2738
-15.3445
23.3104
-26.7207
12.9498
-22.3439
-5.82885
-3.37371
-7.94149
6.19249
-17.9767
1.882
-26.8375
1.04316
3.56405
-17.0493
16.7879
16.2079
-7.32364
-10.3936
1.25945
23.4094
0.0797386
-22.8843
1.48154
4.29577
-39.3183
15.5241
-5.1629
19.1735
7.84401
-9.38644
11.3778
1.0425
10.547
-2.12544
3.10548
6.5619
1.29313
23.2203
-13.2974
5.41425
28.5158
-8.00371
10.5094
-7.03172
-9.98886
18.2487
13.9009
-1.62681
-12.8685
-16.8354
-2.40703
9.95274
-1.70328
6.22829
-8.36252
7.5225
12.5461
5.49895
-6.37861
12.7166
8.42933
22.6648
10.4272
0.961642
7.28869
18.1315
-0.382862
1.96458
-11.3458
-1.6947
-11.9451
5.58967
7.64172
14.4135
5.92622
2.41954
-4.55727
3.2758
-13.1246
-9.56936
-11.4492
-13.268
10.1346
3.66169
18.9725
15.2592
3.03916
-10.8718
-1.89112
16.6002
15.4653
-14.1124
19.2709
-7.64191
-9.59095
-8.71145
-0.764233
1.42249
-0.769754
9.65278
-6.35718
-22.5353
14.8184
1.88417
-0.373385
7.23936
-6.88017
2.39445
-9.32979
5.83181
8.12823
-13.7461
9.47326
-0.457699
-16.9784
13.1631
-3.14929
-1.7802
6.66136
15.6059
-0.164343
15.0143
4.07756
2.10971
-12.1643
-9.18169
-8.95184
-4.914
6.34831
-8.48192
-21.1431
-22.2221
20.8452
9.06292
-7.93917
20.1776
-5.1522
29.3126
-0.678252
13.138
-8.19231
21.0106
-4.50187
5.72109
-7.31609
-5.33653
5.79831
-6.79145
11.5385
-13.24
12.0003
-17.6809
2.61622
-2.74412
3.36441
-30.7316
-1.49279
4.10794
10.942
-16.5632
-14.6567
-7.84319
-9.11578
-4.19424
-4.86963
8.01711
-13.507
-18.4453
-13.825
-3.50936
5.19825
9.46246
-30.4877
-21.3033
-9.12302
-12.2404
13.6944
-3.24505
9.48927
-18.1122
2.97289
-2.27378
8.22172
10.7931
-26.3576
-15.6057
-13.8427
7.73445
2.34599
15.3914
-9.4051
3.53057
3.76936
14.8865
3.36507
0.317724
-19.6366
-13.3262
-4.47335
-7.92065
-13.2353
-10.1398
10.7381
-15.9172
-6.70196
14.3352
25.6134
-32.5961
-17.1031
26.4459
-10.2511
14.4292
-12.3028
13.2956
-16.304
3.83197
8.33867
13.572
2.52833
10.5025
-14.9994
-8.06128
10.9177
2.44341
-6.06653
-18.4629
2.13207
3.22048
12.954
7.3861
3.50861
-5.63895
9.15323
7.1981
-6.80029
0.974797
-20.196
-0.683908
13.5148
2.80556
37.789
9.77885
-17.56
-20.5944
-5.44259
4.56103
-8.82292
2.98722
-20.1054
-0.34233
9.26709
-1.16335
6.46931
15.9819
-2.00573
4.33816
4.73784
15.6619
18.8161
-8.55585
-10.0566
-6.46426
18.7035
13.3773
3.85631
20.5037
-13.8772
13.4376
7.69803
3.43577
12.6623
-13.3741
8.64235
-8.57915
5.9775
-30.9236
3.38053
-8.8033
16.1485
-21.9475
-14.2935
20.1555
4.08123
-8.63184
16.2678
-2.05064
2.08065
-0.0200502
-9.09397
1.26301
22.4938
1.68542
-16.4798
-20.19
-11.8757
-1.75694
3.19088
-14.6884
10.7833
14.6842
12.6407
-1.2213
30.0497
22.9947
-1.5034
15.5366
1.05517
-17.2035
17.6659
-12.5188
-13.4451
2.95617
6.89239
-11.4293
-22.9848
-15.1294
-15.5384
-15.4583
5.45704
30.2695
0.944899
6.30688
-1.73724
-0.870529
10.0423
-1.07721
2.27965
9.30137
-5.32198
4.92491
-8.36862
16.4619
2.20593
19.7794
27.8927
38.4349
2.85949
0.975763
10.0971
-2.04171
2.84484
15.2147
13.6927
-0.372411
15.8492
-0.849729
10.6293
3.45952
9.12035
14.2417
14.3989
20.2312
3.21657
-13.5318
-22.8772
-1.33321
-15.8443
-1.82422
-27.0191
19.7327
15.5123
-17.3725
-9.4922
13.0358
2.64729
-13.3841
-2.03624
9.89602
13.529
1.32857
2.25412
22.8746
-45.5652
3.52279
0.26349
-15.9407
27.4978
-4.11216
-4.30615
13.2953
8.46931
-8.11519
-15.4037
-19.0008
-0.445142
-11.4918
-11.0525
-16.2232
-11.0013
-5.06501
-4.15823
13.3112
-12.6424
-17.5412
20.8279
-2.34479
0.496293
-23.3869
-9.33995
-5.6922
3.81315
12.379
-4.45021
-5.31558
-3.17676
-18.6093
8.93851
9.56874
17.7092
21.787
-14.8212
12.5521
-17.9009
-8.04789
25.0363
5.86491
15.3709
-6.81368
-8.05492
16.6988
3.28574
-11.2421
-15.4352
16.1967
13.0953
-5.30624
-1.77382
-24.7447
-0.0888779
15.2651
17.8058
-14.7823
10.4789
19.1337
16.8933
-16.755
3.0816
20.3759
25.241
0.541433
-14.197
-4.97359
-2.83441
0.539107
17.0106
0.73888
32.3693
-21.4126
4.53777
27.1867
14.7043
11.9299
-18.5178
-1.95704
1.19845
-8.23564
4.26495
22.0054
12.9952
-5.00946
-12.5787
8.60732
-12.5563
-6.95358
22.7596
15.8425
-16.1927
-11.6609
-7.49809
14.7769
15.0161
20.553
0.945252
-3.62868
-0.764766
-13.1292
-2.41697
-13.5958
-9.2095
6.93738
-2.1128
-10.5442
-2.89781
-35.4909
-19.5534
5.63758
-20.3378
-18.6031
-4.24263
-4.80919
-3.48978
4.23826
1.90242
0.648564
12.9975
2.2483
-5.2802
23.8192
-2.84611
22.7827
-0.0911131
24.3347
-11.2236
1.96159
7.98588
7.40588
-6.75995
-15.6855
-4.7631
1.94342
9.74531
1.47353
10.5421
17.2582
14.8704
-13.7336
-1.26564
-13.433
4.54878
-7.45697
24.0488
15.0626
6.08263
10.8467
41.6394
26.0204
-26.4234
3.19625
-13.1007
2.73765
1.93421
7.33256
-7.30491
-4.53978
17.0969
31.3042
13.7593
16.7955
1.42983
-9.62663
-7.84266
6.15906
-17.6187
-7.50842
-7.517
6.65025
-7.44028
27.1491
-6.7847
5.57976
-0.401338
37.7041
2.12785
14.9637
-3.73884
-11.0557
2.04584
-13.5057
-21.9728
2.29928
5.34083
4.29281
24.4271
17.4077
-23.6489
5.04751
-9.57692
-9.81779
-4.13853
-13.6401
6.31271
9.80171
-16.2116
3.3342
-12.0551
4.12938
14.6089
28.3
13.574
-18.9829
12.3994
1.08311
-9.41485
6.58474
-1.34751
13.0145
13.5108
-20.3807
3.27282
30.4902
12.4879
-4.68036
6.95701
18.6093
6.2695
13.4443
24.5203
3.52605
2.9194
-9.5834
24.1484
-30.1714
9.92817
-8.9377
-1.56418
-17.4186
-14.6044
-11.7339
-17.7503
-0.30437
-2.28232
-8.56522
4.08271
33.0818
-6.70975
2.05429
14.1775
17.6177
-10.6306
11.1961
-5.96411
-5.89421
-8.23679
-5.17711
-17.4288
-14.3896
2.57042
12.9255
2.97766
14.3451
-33.6588
-16.9161
-3.65059
12.353
-14.4169
22.4319
6.41106
-10.222
11.5782
-16.8299
-13.7372
-12.1501
-26.6125
1.48875
11.302
-0.792547
4.19395
-11.538
-4.3949
6.89312
10.2629
-20.7899
6.03444
6.49824
15.2997
17.7428
-7.01394
12.9112
6.05937
-17.9444
7.35673
-33.7661
-9.91927
-1.9084
-4.70903
-26.1543
-12.9228
-5.18842
-17.7119
25.9245
8.54466
19.7508
6.77965
2.81861
-5.17062
8.2475
5.13349
-8.14275
9.68916
-12.5747
12.084
-20.0758
-6.59057
14.794
2.75888
-5.91513
-10.8495
17.143
-14.3939
17.2769
13.61
0.00250763
-8.14165
-4.84174
22.0126
-20.9529
10.568
9.42805
-0.726514
2.14196
-11.306
9.38403
-0.238494
-19.0932
9.30787
-1.30102
3.64224
-1.68517
-19.0781
3.08897
-23.1554
-2.71273
5.97662
16.7537
-50.5277
0.357284
-15.3579
8.80247
