0
0.125142
0.442701
0.237424
0.0290339
0.119296
0.758131
0.765407
1.40485
1.17745
0.84572
0.751813
1.03703
1.10993
1.33534
1.70793
2.3191
2.349
2.61307
3.9733
4.98205
6.37078
8.17148
11.8936
20.2253
29.3024
-122.366
-3.8808
-13.8729
-11.4339
-7.73817
-6.57127
-5.62491
-5.16478
-4.94768
-3.68078
-2.53862
-2.11123
-1.65324
-1.2841
-0.750912
-1.02737
-0.561428
-1.00875
-1.63854
-3.24931
-4.21993
-7.23786
-9.08757
-13.2567
-17.0981
-7.33292
66.577
-17.821
-8.77056
5.18974
4.23824
2.39837
3.68385
4.19044
1.55404
1.72235
0.828351
-0.0173686
-1.72062
-2.18471
-2.54595
-1.27628
-2.8931
-0.573684
-0.628086
0.688647
0.952789
2.84298
0.800731
2.7573
5.63106
-4.20649
-43.5863
36.2684
-27.328
12.2723
-7.33428
-0.487276
-2.49609
-1.5704
-1.50157
-1.77883
-2.26958
-2.90354
-3.1295
-1.60593
-1.21185
-2.72568
-1.98212
-1.23492
0.770875
0.930302
-0.613905
-1.78445
-6.92805
-8.70473
-13.5657
-14.5786
19.3417
-9.50789
4.91565
-2.45585
-1.30045
0.995173
-0.00119622
-0.185799
0.866953
0.761847
-0.938295
-0.0517619
-0.120021
-1.75423
-0.127329
-0.769238
-0.433721
-0.735763
-1.15521
-2.78552
-1.62769
-2.66844
-2.01333
2.77598
11.5927
22.5482
-4.27343
-6.38147
5.14212
-4.9931
5.76884
-2.29942
4.08634
-3.59174
1.98086
0.49306
2.66893
-1.0308
-0.341955
0.706232
-0.961624
2.08597
1.01328
0.384598
1.13134
2.92661
1.20951
1.59752
3.6048
2.90646
-2.04239
-22.3707
-20.2575
27.4921
7.67354
-11.3837
-7.17324
-0.201564
2.45257
2.04345
0.596446
-1.34643
-2.18027
-1.43708
-0.220225
-0.844672
-1.47058
-1.42545
-1.79364
-1.28612
-0.358311
-0.0517169
-0.124944
-0.0599691
-0.425784
-1.57388
-1.00024
3.20431
0.587308
-1.11305
0.776343
-0.0244774
0.785524
0.508864
0.324737
-0.0677201
-0.918236
-1.12183
-0.460264
-0.204269
-0.386124
-0.02266
-0.623755
-0.938793
-0.917664
-0.484325
-0.58105
-0.5924
-0.822406
-0.756667
-0.186272
0.355091
0.925964
0.211519
0.169554
-0.958803
-0.053369
0.0429597
-0.0801162
-0.290794
-0.124893
0.0221847
0.149041
0.0369264
-0.108738
-0.0258479
0.0530763
-0.013381
0.0623589
0.113839
0.102342
0.298828
0.400576
0.59109
0.898268
0.402942
-0.249535
-1.03341
-1.65709
-0.208751
-0.464923
-0.234606
-0.394976
-0.429029
-0.21971
-0.18707
-0.384564
-0.35089
-0.365046
-0.385617
-0.40008
-0.402212
-0.301079
-0.20494
-0.270183
-0.271965
-0.277679
-0.322948
-0.375288
-0.562375
-0.614424
-0.204661
0.141851
0.65844
0.44785
-0.371852
0.0505987
-0.129856
-0.0675746
-0.0216198
-0.0267524
-0.091805
-0.0213785
-0.0718496
0.0284911
-0.0222758
-0.170879
-0.141875
-0.101476
-0.150425
-0.107444
-0.18024
-0.189118
-0.0460186
-0.112439
0.00210306
0.220467
-0.239319
-0.771475
-1.3303
-0.552264
0.809837
-0.446685
-0.26172
-0.365572
-0.43057
-0.219322
-0.149776
-0.218428
-0.187374
-0.279221
-0.158874
-0.0758357
-0.164011
-0.266852
-0.221506
0.225887
-0.121641
-0.177235
-0.0723978
-0.266738
-0.18558
-0.220834
-0.216678
-0.0868616
0.0498946
-0.209789
-0.165705
0.0753821
-0.199697
-0.0853658
0.0618443
-0.165458
-0.192047
-0.0912622
-0.113168
-0.0840578
-0.22612
-0.0395127
-0.13959
-0.206624
-0.14231
-0.215869
-0.0150377
-0.100395
-0.0848541
-0.158537
-0.101426
-0.156539
-0.0866373
-0.22077
-0.0389939
0.019547
-0.11859
-0.236161
-0.156115
-0.124714
-0.134803
-0.0882278
-0.112748
-0.125679
-0.160743
-0.165601
-0.0369117
-0.0776928
-0.0765409
-0.0448416
-0.116545
0.0520597
-0.0786236
-0.104269
-0.256449
-0.271512
-0.184434
-0.126219
-0.0150833
-0.216132
-0.21543
-0.030328
0.406464
-0.755819
0.508596
-0.564171
0.0917549
-0.020828
-0.0415228
0.135836
0.00280083
0.0387956
-0.158205
-0.124056
0.196535
-0.0846908
-0.214313
-0.113269
0.155749
0.151952
-0.100618
0.271727
-0.442409
0.427091
-0.536769
-0.287525
-0.0567886
-0.252819
-0.638762
0.622762
-0.718421
0.806072
-1.35215
-0.0875013
-0.523586
-0.195086
1.20891
-1.74443
0.568435
-1.0719
-1.3672
-0.199395
-0.142692
0.0116149
0.678692
-0.0366358
-0.815953
-1.8013
-0.620486
-0.836002
-0.987456
1.14253
1.26279
-0.598503
-0.462231
1.12168
-0.432858
-1.14949
-0.611095
-0.970463
0.469222
0.559331
-0.30557
-0.178499
-0.328753
-0.327247
-0.213254
0.224034
-0.165916
-0.149472
-0.0548096
0.0806116
-0.175369
0.0761528
0.0388489
0.268367
0.403289
-0.115613
-0.135719
0.371051
-0.994637
-0.570983
0.136765
-0.0718525
0.134712
-0.0053464
-0.123939
-0.255608
0.16759
0.160404
0.0836614
-0.161386
-0.00321846
-0.0935433
-0.0833843
-0.0761084
0.0188459
0.762196
0.271093
0.0297273
-0.107502
-0.476017
-0.253061
0.0362227
-0.138546
-0.494898
0.545732
-0.482225
0.0921213
0.168112
-0.386252
0.21823
0.0017958
0.030275
-0.333309
-0.431448
-0.34977
-0.0903456
-0.325223
-0.276418
-0.43046
-0.175488
-0.304813
-0.929156
-1.11219
-0.421841
-0.216286
0.0471731
0.105275
-0.0145839
-0.0907528
-0.0406163
-0.122836
-0.062531
-0.0859197
-0.11867
-0.0923235
-0.0891332
-0.0860324
-0.0903247
-0.0835444
-0.0831972
-0.0860396
-0.0974787
-0.0869238
-0.0856614
-0.0831441
-0.0865651
-0.0798702
-0.0807082
-0.0778848
-0.0887324
-0.0857155
-0.0833996
-0.0792113
-0.0789369
-0.0793389
-0.0800887
-0.078148
-0.0902246
-0.0632473
-0.0765485
-0.0737072
-0.0676265
-0.0797547
-0.0738406
-0.0796503
-0.0685048
-0.0657923
-0.0578562
-0.0865669
-0.116386
-0.0778406
-0.077736
-0.0681503
-0.096373
-0.0779099
-0.0776483
-0.0677137
-0.0652149
-0.0838455
-0.0824769
-0.0560195
-0.0671779
-0.115192
-0.0566731
-0.0539344
-0.0834699
-0.0202611
-0.0259791
-0.0587033
-0.0908348
-0.0848613
-0.0224697
-0.0618802
-0.0308327
-0.0689968
-0.0651901
-0.0543478
-0.0716441
-0.07692
-0.0820272
0.00440668
-0.0740462
-0.0628674
-0.117997
-0.0348993
-0.0205635
-0.0706272
-0.0828671
-0.0662655
-0.0554249
-0.0900031
0.176553
-0.057185
-0.0601978
-0.091462
0.0356569
-0.0399816
-0.0526832
0.0123983
-0.117802
-0.0644273
-0.057547
-0.063715
-0.0600707
-0.0569855
-0.0348065
-0.0428938
-0.0697681
-0.0525089
-0.10616
-0.0370346
-0.0539392
-0.0705355
-0.0446598
-0.073536
-0.0545901
-0.0418603
0.0451502
-0.0471851
-0.0592002
-0.0521073
-0.0296714
-0.0412809
-0.0533494
-0.137314
-0.113695
-0.0665437
-0.038849
-0.0431452
-0.0576699
-0.0403054
-0.0692395
-0.0374959
-0.0485689
-0.0459352
-0.026369
-0.0430972
-0.0583661
-0.0369114
-0.06267
-0.0306179
-0.105784
-0.0365533
-0.0476966
-0.0278397
-0.104511
-0.0245243
-0.238722
0.28986
-0.151481
-0.105354
-0.0507991
-0.069065
-0.0951643
0.011154
-0.141109
0.0838149
-0.307185
-0.0151013
-0.0237509
-0.0243712
-0.0947553
-0.0600954
-0.045204
0.00162408
-0.373393
0.090811
-0.0194204
-0.00972552
-0.0400129
0.0043023
-0.0142895
-0.0188364
0.427783
-0.00194826
-0.0615086
-0.057082
-0.00724938
-0.00202769
-0.0504527
-0.114534
-0.122762
0.229139
0.269593
0.0792921
0.0183005
-0.0386975
-0.0121791
0.00530146
0.0653238
0.149892
1.84127
-0.280591
-0.126213
-0.14288
-0.0640382
-0.0646182
0.00365194
-0.102661
-0.0443175
-0.040426
-0.0311661
-0.024414
-0.0400705
-0.0335244
-0.0154363
0.0101558
0.106721
0.314535
-0.253925
-0.158591
-0.068673
-0.0661072
-0.0581348
-0.140942
-0.119047
-0.269078
1.18342
0.0610375
0.0310265
-0.00565159
-0.0746933
-0.0638566
-0.0525833
0.0141123
0.0161967
0.635664
-0.170847
-0.0550826
-0.0819603
-0.0688387
-0.0661462
-0.0379848
-0.16167
-0.238291
0.0637773
-0.00809495
-0.0323211
-0.0373428
-0.0379102
-0.0418558
-0.0592801
0.0659148
-0.192291
-0.0979816
0.0381288
-0.0067019
-0.0402629
-0.00473867
-0.0181649
-0.0658188
-0.131323
0.52591
-0.163657
-0.00654609
-0.0791241
-0.0623438
-0.22944
-0.027211
-0.0256255
0.0389183
-0.0162133
-0.0262085
-0.0548658
-0.0463733
-0.0292018
-0.0448755
-0.0216833
-0.0130846
-0.0932366
-0.0282182
-0.0666865
-0.0365802
-0.0283219
-0.0304814
-0.0231306
0.0540128
-0.0564927
-0.0438168
-0.0371433
-0.0205784
-0.0243673
-0.0271991
-0.0244963
-0.0287181
-0.0285314
-0.0384094
-0.0312188
-0.0335619
-0.0356692
-0.028025
-0.00985655
-0.0202549
-0.0109069
-0.0513889
-0.0430018
0.00596261
-0.0314306
-0.0290057
-0.0158332
-0.000669967
-0.0301502
-0.0386163
-0.0350818
-0.0396169
-0.290113
0.0118607
-0.0144177
-0.0170134
-0.00133095
-0.101408
-0.0591015
-0.0372416
-0.0260291
-0.0261037
0.0077572
-0.0627739
-0.00101862
-0.0432055
-0.041669
0.0866184
0.0350658
-0.00526693
-0.0339537
-0.000643682
0.0149459
-0.111499
-0.06173
-0.0452443
-0.0408134
-0.096146
-0.858626
0.0759931
-0.0259748
-0.000921093
-0.020096
-0.00245911
0.00356915
0.0447019
-0.0340374
0.0111122
-0.182385
0.0804852
0.00791173
-0.012886
0.00250145
0.103374
0.0793767
-0.0552252
-0.0115433
-0.00838999
-0.01146
-0.436828
0.00302329
0.00603436
-0.00343076
0.0236389
-0.222109
-0.0441162
0.00434174
-0.0264277
-0.0253571
-0.213538
-0.0419277
-0.0137789
0.0111138
-0.0373636
0.0320725
0.113761
-0.0044664
0.0151831
-0.0183361
0.0140923
-0.0593936
-0.0270532
-0.00871607
0.0460578
0.00749897
-0.044176
0.000897754
0.0786313
-0.035999
-0.00481081
0.0179253
-0.0317371
0.00496992
-0.0112003
0.0378001
0.0362809
-0.0229317
0.0134091
0.504935
-0.0393075
-0.0138526
-0.0134546
-0.00766531
-0.0743961
-0.00845899
0.0155278
-0.0506726
-0.0136646
-0.0161478
-0.000916529
0.00765298
-0.00393587
-0.00841957
0.207935
-0.00698375
-0.0353298
-0.0315658
-0.0577777
-0.00450237
-0.0345689
0.111587
-0.0305359
-0.0331317
-0.0176703
-0.068025
0.00840311
-0.000330187
-0.00533903
0.00782322
-0.0456554
-0.0178326
-0.0455232
0.0128585
0.00105132
0.00254752
0.00487021
-0.0222152
-0.03426
-0.00204419
-0.00544536
-0.227814
-0.0341182
-0.00294398
-0.16684
0.00157317
-0.0122011
-0.0338526
-0.00835612
-0.03836
0.00928183
0.0217318
-0.00470153
0.0301771
-0.0152374
-0.0182913
-0.00160518
-0.00363864
-0.014735
-0.00101627
-0.0117573
-0.00294436
-0.010629
-0.0889595
0.00213771
-0.0176478
0.0144493
0.0214129
0.00427279
-0.0111882
-0.0434857
-0.0125152
0.0315534
-0.0064364
0.0135114
0.00292662
0.0186272
-0.00949503
0.014138
0.0614345
-0.025775
0.00871891
0.00769951
0.0152485
-0.000938758
-0.0112405
0.0606251
-0.0261311
0.0148248
0.0081358
0.0107392
-0.00627635
0.0027134
-0.00269106
-0.0206822
-0.00310536
-0.00926323
0.00936235
-0.0194818
-0.00668699
-0.00434957
0.0100221
-0.00563899
-0.00325595
-0.0259925
0.0035969
0.00990507
0.0189127
0.0286606
0.0245832
0.0103732
-0.00372705
-0.00922385
0.0276886
0.0195999
0.0291317
0.021343
-0.0135441
0.00596682
0.0079054
0.00680908
0.0142787
0.0159926
0.00899635
0.0154326
0.000833092
-0.00333515
0.00706689
0.00243112
0.0138839
0.0131745
0.0148313
0.0127334
-0.00557288
0.0107392
-0.000164511
0.0124647
0.00158781
0.0191826
0.0111115
0.0209286
0.00744086
0.00212478
0.0109189
0.00719883
0.0153065
0.00944037
0.0196946
0.014504
0
0.010705
0.00488568
0.0156347
0.00780488
0.0189067
0.0124931
0.0237322
0.00884743
0.00409376
0.01593
0.00882651
0.0177327
0.0116599
0.0251459
0.0161485
0.00557288
0.0112412
0.00763304
0.0175407
0.0116358
0.0184275
0.0147043
0.0280726
0.0151173
0.00896325
0.0162618
0.0102018
0.014014
0.0101597
-0.000992136
0.0224581
0.0135441
0.0220844
0.00980395
0.00879524
-0.0068428
0.0497088
0.0159936
0.00559502
0.0175867
0.00672287
0.0467934
0.0117077
0.0223397
0.0197529
0.0295765
0.0400272
-0.0100221
0.0256856
0.10616
0.0103321
0.0230972
0.0313135
0.0197078
0.00984422
0.0246101
0.0135658
-0.0227517
0.0196053
0.0253213
0.0225132
0.0260505
0.0205531
0.0112405
0.0149406
0.0194142
0.0360962
0.0255571
0.00573036
-0.127169
0.0411642
0.0237598
0.0221556
0.0255171
-0.0170446
0.0322488
0.0523743
0.0194136
0.0148349
0.0111882
0.0312592
0.0187075
0.0206557
0.0247605
-0.00777432
0.0819579
0.0572355
0.0115766
0.0354599
0.0323753
0.00800999
0.0243618
0.0239666
0.0321516
0.0187804
-0.0301771
0.0388672
-0.00768675
-0.00321447
0.0122043
0.0337428
0.023038
0.0484825
0.0133208
0.123488
0.0226213
0.0221317
0.235901
0.0343338
0.044211
0.254545
0.0222152
0.0428544
0.0150053
0.039846
0.017556
0.0262903
0.0264158
0.0489708
0.00830019
0.0163091
0.0342171
0.00258177
0.247924
0.0541824
0.0412466
0.0370713
-0.111587
0.059214
0.0297188
0.0944771
0.0456023
0.0332278
0.045033
-0.0669689
0.0241916
0.059918
0.00908365
0.0925462
0.0473205
0.0421347
0.0674073
-0.0360409
0.00845899
0.0387872
0.0180646
0.0318976
0.0200874
0.0280885
-0.764789
0.0534391
0.043974
-0.0171032
-0.0307424
0.0448593
0.0452848
0.0406368
0.00588391
0.0388094
0.035999
0.0166997
0.0255406
0.0337873
0.0252385
0.0463801
0.0446331
0.0618695
0.0436356
-0.0539435
-0.0040954
0.0199438
0.0746319
-0.0451358
0.18904
0.0732394
-0.0111138
0.0423111
0.0969363
0.267597
0.0216703
0.0274568
0.0381324
0.0517212
0.168585
0.00880761
0.0325568
0.0166145
0.0193088
0.323962
0.0844374
0.0266404
0.0115433
0.0817751
-0.0405063
-0.085209
-0.00741699
0.0401769
-0.0140587
-0.0217497
0.306574
0.0631923
0.0793363
0.0794317
0.0541156
0.0556693
0.057863
0.0502473
0.0259748
0.005441
1.31707
0.0766653
0.0576486
0.0502332
0.0712291
0.0123645
0.000431281
0.00407454
0.077274
0.0259849
0.0693242
-0.101089
0.0478676
0.0594066
0.00101862
0.143873
-0.0303493
0.0420648
0.0358404
0.0455708
0.0188762
0.0320175
0.0148551
0.0432854
0.0471988
0.0362578
0.0550725
0.031853
0.0744971
0.0572433
0.0301502
0.012561
0.0384844
0.0592449
0.0672299
0.0458029
0.0322935
0.0711691
0.0408637
0.0454102
0.0651846
0.0569103
0.049608
0.0487847
0.0552489
0.0541694
0.0285314
0.0604266
0.0456526
0.0556078
0.0494483
0.0621032
0.0569312
0.0562275
0.0708229
-0.0235934
0.0468729
0.04901
0.0543107
0.0452817
0.022134
0.0611019
0.0932366
0.0520669
0.0455081
0.0398133
0.0567748
-0.0716578
0.0624859
0.0480063
0.0358145
-0.00455863
0.0713106
0.0615438
0.232376
0.0735322
0.0890833
0.016381
0.163657
-0.357802
0.0499067
0.00537813
-0.0056387
0.0513661
0.0685551
0.071467
-0.0286177
0.147487
0.0128916
0.0528851
0.109532
0.0820664
0.0780072
0.0585404
0.0334815
0.0573556
-0.0308127
0.389614
0.155244
0.0228254
0.0892167
0.0960284
0.0875266
0.0724213
0.176949
-0.529977
-0.0754699
-0.0091958
0.0863984
0.0842452
0.0746933
0.0244441
-0.0166391
-0.0224882
-1.23484
0.295658
0.14056
0.0721617
0.0614735
0.0872617
0.150351
0.172493
0.328807
-0.688072
-0.12892
-0.0160701
0.0126191
0.0343179
0.0257824
0.0363354
0.0378153
0.066512
0.0605809
0.0826097
0.064294
0.0971816
0.0590093
0.092298
0.0901432
0.220716
-2.37164
-0.0742489
-0.0653238
0.067415
0.0345613
0.065825
0.0343642
-0.0179609
-0.197787
-0.228436
0.142104
0.131717
0.092255
0.0234544
0.0191946
0.0799925
0.0699442
-0.124276
-0.426029
0.0805195
0.033314
0.0256028
0.0379346
0.0588325
0.0477651
-0.0922178
0.492373
0.015018
0.0858021
0.093362
0.117852
0.0767297
0.0991411
0.0647109
0.307185
-0.0139121
0.138386
-0.000247747
0.123766
0.0835954
0.0599325
0.10778
0.132707
-0.337687
0.0998664
0.0963561
0.0584989
0.048331
0.0839209
0.0665802
0.111208
0.0625578
0.0501071
0.081691
0.0804196
0.0593855
0.0970417
0.0703748
0.0685426
0.0581497
0.0975173
0.0541875
0.0810918
0.0640045
0.112651
0.0867541
0.113695
0.0549978
0.0550301
0.0880394
2.41026e-05
0.103677
0.0778742
0.0904374
0.0043896
0.0546548
0.0951952
0.0891202
0.0417527
0.0856818
0.0861977
0.0463239
0.11139
0.0726961
0.0942347
0.0775695
0.0405664
0.0896702
0.072185
0.0889263
0.072369
0.081228
0.0800524
0.050273
0.112156
0.0911546
0.0369023
0.105164
0.0601978
0.0882309
-0.165686
0.0784459
0.064665
0.0899649
0.167763
0.10773
0.078779
0.108366
0.109466
0.0692977
0.111795
-0.00760739
0.115752
0.0932581
0.0769501
0.101081
0.0703427
0.0830504
0.105423
0.118116
0.0630149
0.0640963
0.0967163
0.06569
0.055924
0.0284465
0.116281
0.0950122
0.103123
0.112172
0.0671779
0.0666342
0.0980388
0.0773025
0.0809687
0.0989693
0.107446
0.120834
0.104881
0.0914285
0.104888
0.0967105
0.115064
0.110497
0.112931
0.0949334
0.074822
0.111258
0.078518
0.109193
0.0944062
0.109433
0.101583
0.108147
0.114053
0.0867418
0.106657
0.105199
0.116288
0.104001
0.122794
0.119054
0.0887324
0.110875
0.107078
0.126249
0.103832
0.116207
0.12421
0.143569
0.125897
0.114457
0.125621
0.109884
0.111245
0.124381
0.130455
0.117227
0.130755
0.167071
0.100942
0.175958
0.072464
0.246411
0.0282267
-0.0305026
0.0324491
0.307027
0.561414
1.13534
0.881204
0.293587
0.187431
0.430544
0.276418
0.281609
0.077162
0.348694
0.421012
0.259474
-0.0881249
-0.0912457
-0.217132
0.390408
-0.235935
-0.0780844
0.43952
-0.50319
0.585176
0.132108
-0.035931
0.261235
0.458045
0.0148354
-0.0629004
-0.302614
-0.42534
-0.0127959
0.134304
0.0898274
0.115828
0.0258957
0.0355659
-0.0977043
-0.141282
-0.107203
0.255608
0.125697
0.0289512
-0.0959061
0.124917
-0.0311478
0.621309
0.581782
-0.367766
0.137941
0.075765
-0.406333
-0.16673
-0.0870954
0.0494447
0.198051
-0.0641422
0.16015
0.181398
0.216955
-0.164284
0.354613
0.383453
0.552466
0.162047
0.263228
-0.570058
-0.366886
1.11531
0.717168
1.09263
0.305177
-1.12168
0.515183
0.606919
-1.27487
-0.989288
1.44239
0.979441
0.791118
1.76158
0.737114
-0.125842
-0.641649
-0.0584824
0.184175
0.326406
1.35715
1.04897
-0.589883
1.71247
-1.4051
0.266431
0.429614
0.167851
1.07712
-0.835576
0.673103
-0.542384
0.567072
0.164957
0.0672447
0.273914
0.414497
-0.427091
0.39581
-0.277807
0.072213
-0.149751
-0.0271225
0.261762
0.167758
0.0721349
-0.193382
0.161633
0.156035
-0.0443746
0.0231275
-0.00452334
0.00825483
0.0356998
-0.0678862
0.575553
-0.472027
0.770004
-0.360884
0.0597295
0.263842
0.235493
0.0263697
0.0628107
0.193957
0.281376
0.304577
0.156857
0.0641116
-0.0520597
0.128692
0.0497795
0.0879889
0.0824614
0.0429563
0.192894
0.16728
0.133222
0.121482
0.105757
0.145171
0.152877
0.157124
0.270437
0.0993937
-0.0145882
0.0853713
0.209824
0.0967462
0.179579
0.142355
0.167738
0.0815033
0.108624
0.0398615
0.204246
0.136167
0.230298
0.134765
0.157513
0.26826
0.0840578
0.113723
0.12129
0.148851
0.163161
0.163108
0.105553
0.117828
-0.0781345
0.16845
0.211152
-0.0727395
0.129362
0.218431
0.248721
0.144645
0.283115
0.120735
0.188219
0.136643
-0.172993
0.254838
0.285977
0.141636
0.0752168
0.154881
0.303568
0.193189
0.21476
0.153458
0.233603
0.190867
0.365572
0.274491
0.450081
-0.777351
0.622194
1.34698
0.61325
-0.00243217
-0.247801
-0.0317393
0.141322
0.0473112
0.161743
0.183587
-0.0749176
0.14437
0.0855202
0.0788792
0.125323
-0.00801294
-0.0200287
0.0882936
0.0784415
0.117774
0.026322
0.019398
0.0669122
0.134006
-0.0435808
0.337998
-0.482521
-0.537582
-0.141851
0.350497
0.702456
0.615958
0.388395
0.3403
0.308307
0.281511
0.282564
0.221152
0.345246
0.370945
0.387089
0.398735
0.440576
0.346884
0.384101
0.181516
0.219531
0.434101
0.417518
0.219928
0.462172
0.344429
1.58628
0.963545
-0.0333228
-0.610448
-1.05571
-0.582871
-0.350135
-0.178343
-0.102342
-0.0879047
-0.0399512
0.0655562
-0.025604
0.145656
0.151103
0.00383912
-0.154112
0.0268639
0.206441
0.290651
0.103242
0.0683576
0.379057
0.924118
-0.183905
-0.262953
-0.909048
-0.0736047
0.433385
1.07275
0.882912
0.636405
0.635286
0.482559
0.89559
0.901921
0.444422
-0.0143102
0.358889
0.199256
0.460264
1.06966
0.778192
-0.303851
-0.385637
-0.609141
-0.748875
0.205049
-0.789474
1.19481
-0.906227
-3.02168
1.62698
1.81783
0.368941
0.103311
0.218999
0.363322
0.404619
1.57619
1.98502
1.3485
1.39792
0.582473
0.196052
1.44704
2.02745
1.0255
-1.14743
-2.0829
-1.73999
1.49776
7.17324
10.032
-8.72635
-23.647
22.3186
19.8471
-1.27691
-6.43235
-4.07174
-1.94538
-1.85052
-3.04329
-1.11538
-0.403374
-1.22415
-1.92132
0.979929
-0.788301
0.367234
0.607056
-2.80727
-0.439335
-1.8266
3.42842
-4.48607
2.32017
-6.19248
5.46051
-6.8425
7.39269
-1.11611
-23.166
-11.5927
-0.685641
3.3684
4.21173
1.88783
3.46056
1.6595
1.31451
0.698488
1.12974
0.683624
1.85916
0.287517
0.329724
1.16818
-0.678362
-0.728136
0.57322
0.0841612
-0.737148
1.85184
2.55227
-4.10241
7.9868
-16.0152
14.8611
12.8632
7.70748
5.39051
1.50361
-0.0388744
-1.40873
-0.770875
1.20148
1.85521
2.28381
1.12194
1.67566
3.2007
2.64502
2.18548
1.70054
1.44345
1.59398
2.46694
0.532915
6.43224
-11.4323
27.5385
-33.6232
43.3461
0.402103
-7.38799
-3.39598
-0.904791
-2.92731
-1.00257
-0.681932
0.62777
0.513618
2.83224
1.27847
2.61993
2.27611
1.72062
0.0328638
-0.799196
-1.68897
-1.5241
-4.15494
-3.67406
-2.34137
-4.25915
-5.16961
8.61425
18.1159
-65.6491
8.84915
17.9791
13.4816
9.17447
7.29428
4.24553
3.33551
1.68623
1.1328
0.652801
1.02475
0.793969
1.30777
1.82359
2.26905
2.76038
3.77782
5.13084
5.31971
5.62491
6.90363
8.08572
12.3947
14.4267
8.00029
110.004
-48.082
-22.2817
-13.1653
-9.90258
-6.64465
-5.55256
-4.54069
-3.38359
-2.61994
-2.63685
-2.24788
-1.44426
-1.4523
-1.41764
-1.39633
-0.974458
-1.49995
-1.93401
-0.81396
-0.865423
0.0146348
-0.648478
-0.406363
-0.532097
-0.582437
