0
-2.51615
0.532226
-0.402699
0.12794
-0.00931643
0.0507213
0.0229245
0.00877191
0.0241698
0.013757
0.00638469
0.0147739
0.00533171
0.0139712
-0.00537944
0.0078928
0.00587426
0.00563251
0.00491028
0.00441468
0.00141666
0.00282684
0.0030671
0.00258333
0.00231865
0.00226832
0.00163309
0.00114005
0.00039971
0.000497917
0.000436244
0
-0.000436244
-0.000497917
-0.00039971
-0.00114005
-0.00163309
-0.00226832
-0.00231865
-0.00258333
-0.0030671
-0.00282684
-0.00141666
-0.00441468
-0.00491028
-0.00563251
-0.00587426
-0.0078928
0.00537944
-0.0139712
-0.00533171
-0.0147739
-0.00638469
-0.013757
-0.0241698
-0.00877191
-0.0229245
-0.0507213
0.00931643
-0.12794
0.402699
-0.532226
2.51615
