1.85285
-1.81174
11.3683
-10.5461
16.9908
1.71494
1.17198
-13.0755
12.8263
1.87614
6.6254
2.23239
-6.02956
24.6457
1.09702
-2.02121
8.72156
12.9915
-7.77442
-0.793574
-8.62251
5.74387
11.2434
5.82873
-6.02627
-14.7253
-10.8646
-2.32455
-4.33614
0.644079
3.40534
11.647
-3.109
2.75352
-3.82776
-2.67416
-6.70585
-12.4596
3.35208
4.86336
6.6524
12.7324
5.43193
-8.02508
18.6185
8.74226
-6.94761
10.3364
-3.61943
15.7367
-0.738362
-6.92607
4.34607
-5.39859
-1.29118
-4.78427
4.10879
-6.60983
-9.6485
5.14604
15.8241
-2.23068
4.68005
-8.8963
5.17707
-21.2293
0.452313
2.24022
5.68968
-16.7056
17.7716
-14.7854
5.13844
0.553631
-18.2212
3.21911
11.0151
16.8546
-8.4609
-13.4043
-3.22583
0.31829
-2.58232
17.7376
-3.6958
4.48024
-16.4027
-9.66744
14.183
4.45997
2.94339
7.78628
-9.89779
10.603
-1.53919
3.49898
22.0153
-29.6422
-13.7059
-16.6506
-17.073
-6.74307
8.26045
-9.14884
-0.813014
-14.5201
2.48733
-4.56618
0.918429
4.81446
7.66646
-7.23291
-6.46912
-12.7009
3.0453
-7.9544
-0.657088
2.91755
5.2717
-3.1082
-0.997325
9.60405
3.02026
12.3732
8.3511
-15.7562
17.149
-8.38657
-0.703499
1.74713
4.30329
1.3712
5.34537
18.799
13.8259
-17.8905
-2.4268
-6.29717
6.20521
5.59153
1.68753
-6.79157
-11.7066
-13.154
-5.44535
-19.009
9.05519
0.0684931
-1.47337
0.343558
6.89828
5.80197
-0.153608
14.3778
8.25104
-18.1998
-18.4909
-1.57617
5.48472
-4.3769
-16.4379
6.53843
-24.9701
17.2841
-12.3907
-3.90791
0.454659
5.65472
4.03411
3.10059
-3.75117
-21.7585
5.88783
26.47
-0.779336
-11.4466
-0.18657
7.67157
-9.1567
-4.28388
5.18741
2.46539
7.80351
7.74745
4.53269
-4.58606
4.50326
1.52179
-1.2913
-3.61481
4.48302
12.9144
-2.13565
-1.17297
-7.17104
-6.83631
5.30252
-12.3195
8.5616
-1.73975
-8.98543
-6.23808
8.54839
10.2193
-3.34928
-11.6355
6.86673
8.31826
-10.2283
-12.2515
-18.5546
-3.93906
-7.40503
11.2646
-1.88784
10.4874
4.07207
-5.74014
5.71022
-18.268
-17.8415
-11.5357
6.28051
1.12024
10.3827
12.4749
18.3782
8.18977
-6.17734
2.92795
5.38562
-11.7378
4.90888
-10.0212
-10.3079
2.89059
11.4221
-3.6265
12.5269
-1.12725
-12.3441
0.552846
4.1231
-13.6191
-11.462
-2.41087
-16.6186
-2.96306
-7.02959
2.44528
3.65822
6.44595
8.9773
7.9062
3.94059
-11.2019
-8.23232
-26.1374
-12.9923
0.16011
2.62765
7.95183
3.90067
5.02198
1.3627
5.28152
-7.73056
9.37953
-3.14044
-10.9172
-3.45578
-8.74941
-9.11956
8.48058
9.66537
-6.18126
8.86622
2.81675
1.49888
-4.80903
0.0911195
-6.42823
8.5019
-0.320695
-12.0063
-7.07207
5.28887
15.4155
18.1296
11.6455
17.2227
-0.779051
1.1466
-31.5784
13.2558
-7.53295
2.05067
7.47596
2.65375
11.2674
-9.44308
1.93831
-8.02688
-7.13838
-17.4508
4.7286
16.6477
0.232532
-14.1617
7.14086
4.55714
-7.71475
-12.7809
-7.64799
-1.74476
-8.41305
-3.22225
-14.6104
-19.7348
-6.39257
-4.19878
16.6567
5.6705
-7.79306
7.13237
7.34043
4.26913
-5.51791
2.27993
7.34427
2.18815
-6.64147
0.371208
9.4595
-8.89995
14.0337
-6.6464
0.298517
-9.63915
4.97143
19.3813
-5.33045
-5.91214
7.511
0.216832
-1.41723
0.49748
9.74899
-9.56082
16.1664
-9.90158
11.372
-20.1537
-16.3348
9.77476
9.72705
-12.6635
-13.9013
-6.48077
-2.73697
-1.79984
5.24044
1.00849
10.005
2.37354
9.856
15.9989
-15.15
7.79034
-2.93891
-5.86859
-5.9789
-2.50972
1.57225
-1.66639
-3.41357
5.40719
-25.9105
11.1271
6.93986
2.06636
-3.37281
8.68497
-6.10371
-0.233181
-8.19245
7.59202
-16.4159
4.97475
4.54287
0.41518
8.22415
-0.0918718
1.00715
2.52656
-15.4136
5.09762
-9.96268
-4.04267
-8.6217
-1.91201
-10.7838
5.69002
-2.3734
-0.131382
12.1525
13.2952
-7.68358
6.93286
-8.80432
11.6672
0.88665
-6.35487
-7.40786
-6.05497
-33.5284
6.07641
-0.245765
-5.35101
2.98085
-7.25579
9.85452
12.6395
0.0667195
11.55
1.04178
-13.5306
1.35155
-13.4635
17.6802
11.1426
10.4151
-9.60779
-9.82005
-2.89137
10.2796
11.7405
12.2501
-17.9342
2.29674
-4.02996
-20.5656
26.3859
-4.68964
-2.71076
-3.43135
20.1729
-9.64655
6.47215
-11.018
-0.486748
9.26038
18.9243
30.917
1.2272
-12.5178
7.58231
-10.8447
2.2876
-17.0068
1.36981
-3.43303
0.873146
16.5397
-4.56328
-1.62319
-9.39781
2.02971
9.16393
-7.96251
-6.24887
16.9382
9.67071
1.72898
1.93937
-4.83825
-6.50807
-9.32831
5.32151
-10.2917
-3.19327
6.13955
17.2249
9.18655
-10.6043
4.73842
-6.05548
-30.496
-10.6881
7.47787
1.89583
7.28318
-6.9031
10.7933
-21.0886
-3.50493
-3.47411
-6.8386
-0.906289
13.9288
7.15466
-4.42216
0.563271
-0.377084
11.8444
-11.4303
-6.48511
-12.2837
5.11612
-7.25962
-4.00259
-8.30135
