-0.366838
0.865531
0.465354
0.118567
-0.840117
-0.8139
-1.06264
0.775881
0.164919
0.334501
-1.07442
0.972161
0.663254
-0.699307
-0.801496
-0.694165
-0.46396
0.0425715
-0.186664
-0.441847
0.193359
-0.820932
-0.413161
-0.318061
-0.170963
0.5997
-0.612827
-0.02082
0.154096
-1.01332
0.232719
-0.727417
-0.959617
0.989368
0.944416
0.594464
-0.40301
-0.886441
0.388109
-0.193806
-0.765411
-0.0195886
-0.970831
0.856198
-0.52359
0.2996
-0.392824
0.0711814
0.0398747
-0.667544
0.995548
0.536004
0.87789
0.779993
0.211112
0.800825
-0.918372
-0.667629
-0.916653
-0.43764
-0.243125
-0.505291
0.677095
-0.287574
-0.45715
0.069502
-0.779192
0.581595
-0.932167
1.06053
0.50937
-0.79163
-1.02957
0.749459
0.413101
0.394078
0.53437
-1.04473
-0.242816
-0.71264
0.779984
0.150562
-0.390268
-0.886276
-0.320766
-0.331809
0.540004
0.322308
0.876684
-0.0873402
-0.72574
0.487548
0.511549
0.0644882
0.518366
-0.030725
0.0486078
-0.217983
-1.04522
-0.812651
-0.951558
0.280606
-0.392167
0.18055
0.803147
-0.484972
-0.125705
0.456871
-0.602306
-0.866617
-0.279954
-0.607988
1.1169
0.652645
0.310619
0.798202
0.499687
-0.720806
0.86735
-0.0263614
0.638012
0.687901
-0.600244
-0.902635
-0.56473
-0.0801335
0.746285
0.578131
-1.23744
-0.0391588
-0.299019
-0.644198
-0.723354
-0.134546
0.948644
-0.348429
0.0499343
0.41915
-0.20272
0.990437
0.835228
-0.618507
-0.038436
-0.435343
-0.447091
-0.969599
0.259044
-0.027428
-1.00162
-0.317724
0.87507
-0.624953
-0.616448
0.163818
0.970072
-0.592369
0.459245
0.476023
-0.496776
0.547759
-0.323441
0.16535
0.22733
-0.0622836
-0.832994
0.722559
-0.527087
-0.684611
-0.825436
0.262693
0.384749
-1.0079
0.126444
-0.423071
0.407481
-0.580525
0.490789
-0.114158
0.913663
-0.764287
-0.161135
-0.594298
1.08272
0.851214
-0.450097
0.430336
0.640716
0.0713361
-0.0795377
-0.49718
-0.684313
0.99288
0.823554
0.21495
-0.302825
-0.171111
0.60134
0.833226
0.64943
0.335927
0.0789405
-0.937006
-0.594558
0.855933
-0.000396659
-1.09905
-0.742089
0.318212
-1.05649
-0.496475
0.250378
0.450979
0.368919
-0.440838
0.473179
-0.506402
-0.164094
0.634667
0.352402
0.714463
0.210197
0.0366641
-0.773237
-0.175454
-0.276899
-0.272503
1.12535
-0.0858671
0.859851
0.367277
0.582709
-0.0249918
0.0722824
-0.100531
-0.563366
0.421025
-0.503508
-0.765284
0.509166
-0.428182
1.08844
0.887766
0.599051
-0.416285
-0.761892
0.994484
-0.0635922
0.939435
0.779537
0.471721
-0.519262
-0.265627
0.562619
-0.420894
-0.543689
0.265263
0.821549
0.232186
0.0357718
-0.689027
0.322248
0.923256
-0.715674
0.140596
0.758959
0.353363
0.324899
0.195685
-0.30204
-0.244022
0.704633
0.530948
0.513982
0.609708
-0.24184
-0.0658017
0.518405
0.109101
0.258883
0.374881
0.384006
-0.741756
-0.528245
-0.934004
-0.0225548
-0.930121
-0.147829
-0.0112022
-0.500473
0.0823401
-0.919426
-0.704536
0.628398
-0.430713
-0.634608
0.164611
0.453555
-0.587892
0.135181
-0.767217
-0.682116
0.330124
0.284874
0.462937
0.625729
0.73628
-0.10668
-0.296552
0.370815
-0.683517
-0.163338
-0.661513
-0.543974
1.04919
0.464069
0.0717321
-0.442937
-0.666658
-0.500084
-0.258611
0.259413
0.413694
0.262937
-0.283955
0.926943
0.214839
-0.121794
-0.017444
-0.356366
-0.697199
-0.352024
0.292839
-1.08943
-0.640197
-0.779071
-0.481311
0.850718
0.348391
-0.267633
-0.645423
0.0654156
0.0540796
-0.566644
0.0590369
0.0126051
0.347235
0.273445
-0.820441
0.070998
0.411272
0.127656
0.662521
0.144672
-0.722975
-0.589306
0.393887
-0.656219
0.571696
0.792395
0.0672549
-0.134902
0.397341
-0.0922556
0.232133
0.87206
-0.229924
0.718763
0.404506
-0.914728
-0.908281
-0.697973
-0.645526
-0.411266
0.443756
-0.600217
0.0510855
0.766413
-0.614104
0.70183
-0.266763
-0.224525
0.823237
0.540613
0.839969
0.571125
0.380872
-0.547278
-0.2971
0.773801
0.723471
0.766488
-0.348331
-0.19215
0.58563
-0.219977
0.90174
0.44174
-0.27026
0.37999
0.149424
-0.775509
0.762452
-0.0927726
0.454855
-0.380389
0.504054
-0.449833
-0.675607
0.643115
-0.762347
0.0658296
0.929671
0.627994
-0.0315868
0.103606
-0.251954
-0.430324
-0.188864
0.341753
0.357964
0.258049
0.0609499
-0.867091
-0.0822723
-0.751658
0.182605
-0.0690562
0.52929
-0.462101
-0.574177
-0.314957
0.557299
-0.00240066
-0.681483
-0.434308
0.619583
-0.487709
0.73049
0.169854
-0.703348
-0.204827
1.07262
-0.224444
-0.00622976
0.816743
0.665508
0.610517
0.0130597
-0.453418
-0.632408
0.459002
0.0385849
-0.124247
0.466949
-0.788621
-0.0828655
-0.705375
-0.00888031
-0.602136
-0.358491
-0.142981
0.668446
0.560142
0.314467
0.646779
-0.337418
-0.126019
0.594331
-0.335461
0.677063
-0.617086
0.815921
-0.526841
0.791949
0.0688835
0.693616
-0.636504
0.289481
0.670661
-0.122577
0.271477
0.245921
-0.18538
0.287456
0.0759965
0.374966
-0.763088
-0.0683375
0.793533
0.373266
-0.269412
0.0772746
-0.451007
-0.354136
0.134691
-0.0744365
0.303419
-0.261786
1.07466
0.655831
0.000586399
-0.159725
-0.118045
0.489098
0.0998446
-0.490612
0.83822
0.408771
0.490297
-0.00666013
-0.22222
-0.400689
