0
4.78047
12.0538
-1.6103
4.57753
13.3328
8.6498
9.39194
1.47769
2.83798
4.9681
10.933
-11.4327
1.06907
-7.7805
-0.696957
8.63504
9.8983
24.2903
-12.2082
3.04673
-3.10174
6.66029
-14.1879
-8.99961
25.2199
9.5368
-3.44774
20.3381
1.42076
-15.8189
-3.26486
-5.74629
17.2545
-12.5072
7.39351
4.07605
1.03793
7.95925
9.6752
1.19702
-14.392
5.94311
4.4469
8.06822
0.0643443
4.13547
14.7951
10.337
-4.28856
-7.62338
-5.98879
-4.22768
17.9805
-0.844598
17.0071
-1.41165
19.1756
10.836
-22.4091
-12.2231
-23.6763
-6.2555
3.76293
-4.45062
-2.8632
-28.2605
0.292283
6.5628
-4.34972
-26.4359
2.82779
10.4262
-5.88212
12.7499
-2.05427
-2.50365
-2.47038
-14.2262
-4.1783
16.7475
-3.97381
-13.7975
-17.0805
5.16519
-3.3361
2.20503
-3.57511
0.389188
5.48098
-14.855
-16.3053
-9.02034
-1.50269
-2.72722
-2.42194
-5.39047
7.13838
-3.74923
-4.44177
-1.72091
0.106787
-8.1497
3.53831
-8.21006
1.30388
-9.0852
-26.0851
-6.72473
3.87562
-8.05902
-0.99921
-8.22189
-5.02507
6.49436
7.92561
-9.24127
26.1056
7.34916
-1.8867
3.34977
-0.0799268
2.58037
4.48335
-6.79512
5.13595
5.76372
1.23011
0.416684
14.3161
-5.18856
5.15582
5.07198
9.25675
-14.8677
12.5551
-7.3875
-2.8166
8.15835
1.87484
1.74869
0.517027
-1.5339
-3.74683
-15.1924
10.2441
-1.41714
-12.0375
-4.17518
-15.6507
0.129277
-8.91171
-6.52653
8.83831
6.95942
-3.36801
5.49856
-8.91579
-16.7295
7.62143
17.686
-3.18541
-3.73652
-2.2132
3.11841
-13.5329
-1.37886
8.75653
6.98148
-7.87135
3.61189
-4.94871
-16.9817
11.2236
8.82972
-12.5218
13.9335
-11.7166
3.22767
-17.9632
-0.290807
11.541
8.69965
-2.69227
-2.75595
2.60881
1.5095
-9.00423
-17.8771
3.50772
-1.63682
-19.3346
-12.7814
-10.0649
8.21454
11.5538
8.66756
-1.90892
9.41961
5.23956
9.48168
13.6655
11.0833
-1.66607
18.0756
-1.43604
-13.6725
-9.06714
7.40123
-2.30913
-2.68895
-2.15952
15.0858
3.70389
-1.40792
1.15911
-2.16375
5.11466
-20.4848
24.5945
-5.69945
6.00682
-3.55608
-6.66461
-12.1878
-14.7005
-1.62062
5.8161
7.80562
6.85358
-9.27782
-6.49131
2.8944
-3.21094
-8.9597
1.48013
-3.65044
3.75471
-0.0167178
-22.4691
-10.9283
7.98615
5.38653
0.912905
-1.23564
-14.4883
-4.9587
-7.08393
-8.07386
-3.29185
-2.45211
-10.5128
-4.91324
-7.77343
5.02017
20.4508
6.65279
-1.94121
-6.67211
-2.68844
-7.40421
-2.13023
-5.59303
-7.98915
2.60213
-0.715629
10.5326
10.2123
9.39848
13.7768
-3.30871
-10.1858
10.8902
20.522
-3.20601
2.36453
-5.80765
-8.09839
9.43174
12.3872
-5.0646
14.41
8.44712
-1.95248
4.88354
-5.07768
-14.4206
-3.05642
-4.05817
1.02619
-5.95638
-1.7931
16.1713
-1.86707
10.1668
5.35583
3.07034
-6.75106
4.06735
-11.0322
-10.2072
-3.60439
10.8928
12.1098
6.43625
1.96195
5.55145
16.266
-1.38094
-1.62904
-11.9595
-6.26306
0.445234
-0.453409
-16.0563
8.016
-9.68841
-7.32877
-5.62606
1.07521
8.04632
3.99817
-2.76451
-3.7915
11.6954
9.3488
-1.36947
3.61738
2.19113
0.12618
-9.5724
-12.4216
-12.4706
9.02061
4.94947
4.26359
-11.8607
17.7571
3.34682
-30.6209
-5.10163
15.6172
2.54217
5.62235
-4.77044
-13.2724
-7.27993
7.32909
7.67511
-15.955
17.1488
-0.560204
-0.66631
-5.10911
2.80299
3.86189
8.80904
22.9548
-0.802107
-16.7984
0.818769
0.696164
-8.89664
5.04223
1.85136
7.80567
-8.97918
1.42594
10.6504
13.5256
14.0496
12.3652
5.16667
0.805226
-9.26067
5.0097
9.1938
11.0641
11.2391
-13.1179
-6.62287
-4.08677
2.24049
-11.351
-2.24793
8.37712
-16.494
6.69972
2.68485
-10.5078
-4.78962
-9.27884
-4.93206
3.4141
-6.06823
-25.206
-3.11177
-4.69943
-16.5191
3.05699
5.18773
4.24513
-1.34444
-12.1918
-7.90315
14.5335
1.19595
6.68657
4.27717
3.9203
-3.62385
-1.75117
6.9165
13.2838
13.1745
25.2106
-4.84691
0.434252
5.41691
-9.19014
11.6204
6.67448
13.2619
-1.31254
-13.4929
4.65341
12.1178
1.26709
0.37681
-3.40376
10.3181
5.76521
-10.5134
8.78904
22.0342
-3.49784
-5.68229
-2.79234
4.98524
4.872
-12.5644
4.75261
1.10237
17.6618
-6.56311
-8.28458
12.8387
20.7064
3.86082
6.44968
0.807808
21.7503
1.70114
17.5874
10.0172
0.350038
4.31984
-2.99149
5.85699
-5.36224
-1.07099
11.2637
14.0793
0.863704
5.64208
-12.6557
5.64575
0.0463048
-17.7379
2.41267
-6.2885
1.68154
-2.62644
-9.73689
-12.7
3.995
2.37303
-4.40199
14.3362
-11.9025
6.0275
-6.52064
8.71747
3.72948
-10.63
3.5194
3.22723
-6.24557
10.3619
11.7799
-7.52807
-2.64663
5.17592
16.0694
0.866798
-10.7612
-13.4273
0.0456997
7.85156
-18.8521
12.279
-3.65043
-5.72296
-1.67938
-11.6037
4.6233
-3.55437
-7.78958
-19.2391
7.46895
-17.3203
-8.19482
