0
-0.0924147
-0.0722413
-0.779476
-0.800829
-0.815238
-0.150954
3.08282
0.0558413
0.759409
1.40313
-0.198602
-8.66943
22.5469
6.69089
4.12298
-0.330865
-1.59412
0.474058
-3.46247
1.05125
0.49451
-0.309472
-0.879017
1.06496
-4.19787
2.50639
1.35115
1.82613
1.29931
0.623492
-0.0455441
0.257526
0.819401
0.913833
0.612882
0.447613
0.210925
0.124482
0.541683
0.567363
0.284079
0.263119
0.376508
0.189917
0.516694
0.449292
0.351475
0.378832
0.379275
0.316061
0.395697
0.360122
0.323892
0.331176
0.308188
0.287788
0.333421
0.299143
0.266322
0.260928
0.251958
0.255989
0.250637
0.265411
0.242447
0.233851
0.22815
0.24356
0.202493
0.253911
0.19489
0.211558
0.217913
0.206194
0.167364
0.23339
0.192348
0.177406
0.16963
0.165039
0.149271
0.215797
0.147752
0.165782
0.147063
0.136253
0.160756
0.227694
0.0384919
0.0739479
0.142156
0.175515
0.186207
0.129416
0.232936
0.143961
0.161145
0.141146
0.136389
0.0897191
0.163903
0.0978924
0.109517
0.107187
0.103769
0.107855
0.150436
0.0981199
0.127954
0.115276
0.0889234
0.120415
0.13733
0.0997665
0.0717052
0.0732665
0.086054
0.170162
0.10187
0.155485
-0.19873
0.0506913
0.102683
0.0950347
0.0940304
0.0928624
0.0917766
0.0907188
0.0896735
0.0886327
0.0876054
0.0865659
0.0855312
0.084524
0.083525
0.0825151
0.0815232
0.0805304
0.0795472
0.0785822
0.0776199
0.0766635
0.0757159
0.0747767
0.0738424
0.0729254
0.0720035
0.0710892
0.0702047
0.0693295
0.0684423
0.06757
0.0667067
0.0658498
0.0650058
0.0641528
0.0633215
0.0624822
0.0616967
0.0608499
0.0600651
0.0593551
0.058384
0.057694
0.0567712
0.0564206
0.0553772
0.0545516
0.0536841
0.0530313
0.0524259
0.0516075
0.05049
0.0499964
0.0484079
0.0486333
0.0478416
0.0472024
0.0469387
0.0456675
0.0448081
0.044332
0.0439882
0.0429683
0.0419013
0.0416156
0.0413153
0.0402873
0.0392211
0.0389495
0.0386968
0.0376324
0.0365252
0.0363255
0.036148
0.0350167
0.0339007
0.0337423
0.0336365
0.0324884
0.0313506
0.0312098
0.0311743
0.0300238
0.0287961
0.0287681
0.0287634
0.0275445
0.0263091
0.02635
0.0263939
0.0251231
0.0238483
0.0239283
0.0240359
0.0227391
0.0214344
0.0215574
0.021692
0.020394
0.0190579
0.0192128
0.019393
0.0180566
0.0166964
0.0169185
0.0171265
0.0157438
0.0142783
0.0145994
0.0148688
0.0134624
0.0120356
0.0123437
0.0126184
0.011195
0.00972217
0.0100533
0.0104039
0.00893487
0.00745711
0.00781225
0.00819438
0.00669281
0.0051674
0.00557272
0.00599267
0.00445668
0.00291344
0.0033426
0.00379703
0.0022298
0.000657906
0.00111348
0.00159097
0
-0.00161407
-0.00111348
-0.000609272
-0.0022298
-0.00386364
-0.0033426
-0.00282395
-0.00445668
-0.0061331
-0.00557272
-0.00500924
-0.00669281
-0.00837199
-0.00781225
-0.00722617
-0.00893487
-0.0106447
-0.0100533
-0.00945403
-0.011195
-0.0129115
-0.0123437
-0.0116982
-0.0134624
-0.0152285
-0.0145994
-0.0138975
-0.0157438
-0.0175589
-0.0169185
-0.0162431
-0.0180566
-0.019888
-0.0192128
-0.0185465
-0.020394
-0.0222571
-0.0215574
-0.0208751
-0.0227391
-0.0246154
-0.0239283
-0.0232134
-0.0251231
-0.0270456
-0.02635
-0.0256077
-0.0275445
-0.0294834
-0.0287681
-0.0280235
-0.0300238
-0.0319549
-0.0312098
-0.0305089
-0.0324884
-0.034496
-0.0337423
-0.032995
-0.0350167
-0.0370675
-0.0363255
-0.0355691
-0.0376324
-0.0397137
-0.0389495
-0.0381858
-0.0402873
-0.0423935
-0.0416156
-0.0407897
-0.0429683
-0.0451196
-0.0443679
-0.0435974
-0.0456675
-0.0481617
-0.0470693
-0.0465863
-0.0486333
-0.0497037
-0.0501684
-0.0491391
-0.0516075
-0.0538107
-0.0527655
-0.0522269
-0.0545516
-0.0568283
-0.0567395
-0.0552344
-0.057694
-0.0599191
-0.0589514
-0.058517
-0.0608499
-0.0632544
-0.0629278
-0.0617465
-0.0641528
-0.0665632
-0.0653638
-0.065111
-0.06757
-0.0700185
-0.0698638
-0.0686118
-0.0710892
-0.0735943
-0.0723023
-0.0722292
-0.0747767
-0.0773006
-0.0773349
-0.0759868
-0.0785822
-0.0811494
-0.0797911
-0.0799049
-0.0825151
-0.0851069
-0.0852323
-0.0839174
-0.0865659
-0.0891684
-0.087846
-0.0881175
-0.0907188
-0.0932694
-0.0936029
-0.0926298
-0.0950347
-0.103664
-0.0497513
0.200818
-0.155485
-0.104201
-0.171381
-0.0843588
-0.0732665
-0.0733819
-0.0985778
-0.135143
-0.120415
-0.0908393
-0.116537
-0.125995
-0.0981199
-0.152439
-0.106546
-0.10196
-0.107187
-0.111804
-0.0994053
-0.16157
-0.0897191
-0.138575
-0.139573
-0.158797
-0.143961
-0.234954
-0.130679
-0.184582
-0.175515
-0.143544
-0.0724674
-0.0354564
-0.227694
-0.163175
-0.138034
-0.144768
-0.165782
-0.150099
-0.213983
-0.147062
-0.165039
-0.17204
-0.179373
-0.189576
-0.23339
-0.169648
-0.204292
-0.215467
-0.211558
-0.197748
-0.256112
-0.199999
-0.24356
-0.23055
-0.231594
-0.239533
-0.265411
-0.252857
-0.257955
-0.249499
-0.260928
-0.269002
-0.296875
-0.331332
-0.287788
-0.31065
-0.333445
-0.321261
-0.360122
-0.396698
-0.314293
-0.376929
-0.378832
-0.353831
-0.450485
-0.516723
-0.189917
-0.379193
-0.2604
-0.281004
-0.567363
-0.541813
-0.125977
-0.205996
-0.447613
-0.616955
-0.912179
-0.819571
-0.257526
0.039074
-0.628795
-1.2917
-1.82613
-1.3528
-2.52445
4.17932
-1.06496
0.870107
0.301674
-0.488454
-1.05125
3.46321
-0.451347
1.62971
0.330865
-4.18496
-6.73675
-22.6115
8.66943
0.242377
-1.42778
-0.762919
-0.0558413
-3.0759
0.254906
0.724051
0.800829
0.828926
0.0227405
0.0486913
