0
-0.176531
-0.964292
-4.41954
0.142689
2.4386
-6.00136
2.56415
-1.00407
0.770255
-0.124518
-0.898269
0.923902
0.384406
0.961075
0.0861844
0.174292
0.47998
0.105624
0.0750263
0.254056
0.0632214
0.118867
0.140881
0.172424
0.154484
0.080048
0.118563
0.110395
0.075501
0.0829267
0.0849659
0.0638326
0.0820415
0.0845196
0.0705096
0.0823697
0.0737794
0.0807039
0.0672345
0.0584807
0.0867314
0.0542179
0.0180875
0.0902131
0.063984
0.0965086
0.0353039
0.0619066
0.0724853
0.0277162
0.0386997
0.0736938
0.0483743
0.0451765
0.0547855
0.0605277
0.0604131
0.00413257
0.0841329
0.0785053
0.0201502
0.0251037
0.0269512
0.0282127
0.0280943
0.0284803
0.0277851
0.0278389
0.0272381
0.0270639
0.0258786
0.0253826
0.0252408
0.0273875
0.0234677
0.0238339
0.0228463
0.0227621
0.0210519
0.0217692
0.02118
0.0204111
0.0218624
0.0193594
0.0198072
0.0176636
0.0150079
0.0185648
0.0173035
0.0158734
0.0146604
0.015415
0.01445
0.0137878
0.0129075
0.0134601
0.0126543
0.0130609
0.0112121
0.011125
0.00919163
0.010465
0.00650027
0.0091792
0.00895354
0.00880931
0.00764002
0.00866704
0.00837326
0.00695793
0.0053647
0.0064474
0.00498269
0.00509293
0.00398879
0.00490436
0.00326759
0.0035254
0.00242603
0.00353814
0.00249082
0.00172815
0.000640824
0.0016639
0.00056717
7.64532e-05
-0.000927513
0
-0.00107958
-0.00149771
-0.00261607
-0.0016639
-0.00259627
-0.00313632
-0.00434712
-0.00353814
-0.00447763
-0.00491138
-0.00559157
-0.00490436
-0.00569573
-0.00643085
-0.0066978
-0.0064474
-0.00755021
-0.00838794
-0.0102195
-0.00866704
-0.00952744
-0.0101098
-0.0109813
-0.0091792
-0.00806966
-0.0117359
-0.0111134
-0.011125
-0.0127706
-0.0143298
-0.0147876
-0.0134601
-0.0144825
-0.0150388
-0.0164689
-0.0154341
-0.0161418
-0.0170985
-0.019683
-0.0185648
-0.0162339
-0.018903
-0.0212564
-0.0195759
-0.0235481
-0.0216981
-0.0236809
-0.0217692
-0.0222183
-0.0238335
-0.0250781
-0.0241926
-0.0251473
-0.0287817
-0.0275272
-0.0253826
-0.027077
-0.0282309
-0.0296624
-0.0284014
-0.0296215
-0.030254
-0.0311318
-0.0282127
-0.0283622
-0.0269238
-0.0250579
-0.0792761
-0.085735
-0.00506029
-0.0638818
-0.0605277
-0.0555297
-0.0463567
-0.0507652
-0.0744596
-0.0404345
-0.0297133
-0.0750819
-0.0619066
-0.0362474
-0.0980307
-0.0655075
-0.0908506
-0.0193628
-0.0561024
-0.0892561
-0.0584807
-0.067991
-0.0816361
-0.0750208
-0.0831403
-0.0724887
-0.0862781
-0.0838782
-0.0638326
-0.0856913
-0.0838568
-0.0772372
-0.111317
-0.119963
-0.0818099
-0.157974
-0.172424
-0.140332
-0.120055
-0.0681554
-0.254698
-0.0755687
-0.108334
-0.481425
-0.174292
-0.0863756
-0.973503
-0.395219
-0.908573
0.941388
0.158358
-0.645786
1.00407
-2.51636
5.94389
-2.55375
-0.137771
4.52509
0.941702
0.113672
