-0.453583
1.88681
0.88792
0.285502
-1.33638
-1.35269
-1.79628
1.57217
0.30946
0.878671
-1.60292
1.68673
1.25592
-1.10134
-1.14147
-1.24636
-0.807335
0.216219
-0.146833
-0.876568
0.369302
-1.48133
-0.724038
-0.611847
-0.0227858
0.919861
-1.06039
-0.0214149
0.495766
-1.6856
0.218256
-1.26791
-1.60387
1.96482
1.94747
1.21739
-0.604875
-1.56645
0.900183
-0.265163
-1.52025
0.163831
-1.69874
1.50473
-1.03086
0.543406
-0.640975
0.27077
0.101716
-1.17344
1.94892
1.14617
1.76294
1.43109
0.345911
1.55841
-1.4899
-1.11836
-1.65347
-0.798037
-0.470274
-0.751655
1.40011
-0.466547
-0.893863
0.213665
-1.30971
1.33684
-1.68547
2.06081
0.806898
-1.05156
-1.9422
1.31308
0.831734
1.05379
0.764188
-1.70941
-0.602308
-1.38333
1.25409
0.340698
-0.800926
-1.57098
-0.82284
-0.536695
0.854566
0.502642
1.63868
-0.0868311
-1.30722
0.913879
1.02764
0.326294
0.934247
-0.0920925
-0.0576689
-0.286813
-1.96399
-1.51579
-1.73941
0.386808
-0.646191
0.0722718
1.63816
-1.17433
-0.290794
0.988708
-1.19876
-1.56868
-0.814537
-0.994887
1.71322
1.30132
0.361465
1.19901
0.951517
-1.11813
1.46564
0.034089
1.23009
1.52411
-0.866129
-1.72922
-0.763257
-0.0395742
1.33713
1.06919
-1.88989
0.195668
-0.321104
-0.981942
-1.33811
-0.568978
1.84121
-0.616547
0.174565
0.793754
-0.442211
1.88722
1.64341
-1.32631
0.0425118
-0.832077
-0.723145
-1.59385
0.468216
-0.133702
-1.72434
-0.64008
1.55976
-0.944567
-1.26942
0.290125
1.74903
-1.11377
0.733752
1.02903
-0.988724
0.958722
-0.552743
0.547296
0.382744
0.0901715
-1.68863
1.39577
-0.872233
-1.22467
-1.7777
0.554008
0.710284
-1.76064
-0.0231662
-0.936069
0.747588
-0.990366
1.06962
-0.338817
1.5728
-1.38924
-0.39131
-1.05596
1.79155
1.28458
-0.786446
0.7744
1.20683
0.225183
-0.030288
-1.02267
-1.17747
1.81329
1.68295
0.548361
-0.592128
-0.392
1.09072
1.29794
1.34557
0.628335
0.536753
-1.78404
-1.22222
1.60916
-0.0448978
-2.04894
-1.2887
0.568691
-1.9036
-1.19872
0.471776
0.752334
0.726941
-0.954557
0.800525
-0.886661
-0.58649
1.12039
0.784894
1.38313
0.43149
0.0409182
-1.64394
-0.475013
-0.867267
-0.657408
1.99968
-0.275675
1.65973
0.362994
1.2082
-0.0748482
0.208882
0.00970916
-1.11451
0.819265
-0.909664
-1.7945
0.699842
-0.787217
2.12165
1.58181
1.57417
-0.656013
-1.69144
1.91042
-0.0456104
1.87359
1.69449
0.903121
-1.15816
-0.525949
1.38488
-0.919093
-1.15555
0.727858
1.89859
0.6773
0.000874778
-1.653
0.719526
1.8088
-1.55497
0.242456
1.44925
1.00487
0.692338
0.626853
-0.609976
-0.613455
1.24948
1.17666
1.44597
1.20569
0.20264
-0.272791
1.00654
0.471867
0.255449
0.991619
1.26081
-1.00981
-0.90454
-1.61413
0.297149
-1.83571
-0.220057
0.00191459
-0.867941
0.150953
-1.76518
-1.68448
1.55376
-0.503912
-1.38559
0.138783
0.898958
-1.22924
0.522727
-1.71826
-1.47815
0.702945
0.0371789
0.698413
0.851198
1.81723
-0.464348
-0.610706
0.963102
-1.07431
-0.335485
-1.29551
-1.47137
2.08815
0.931315
0.274445
-0.433511
-1.30914
-1.15039
-0.487425
0.651566
0.949391
0.380578
-0.717499
1.89894
0.291194
-0.00789528
0.302796
-0.695164
-0.96959
-0.423471
0.835206
-2.06153
-1.25514
-1.32044
-1.47624
1.72755
0.852564
-0.36858
-1.53246
0.0111058
-0.253321
-1.09401
0.10371
-0.23248
0.707885
0.549527
-1.56282
0.0662611
0.604601
0.0509626
1.20677
0.140583
-1.3272
-1.43899
0.852204
-1.57244
1.12533
1.75847
0.0170145
-0.391067
0.768538
-0.136735
0.280039
1.41335
-0.54874
1.61395
1.42163
-1.57733
-1.66589
-1.56422
-1.31454
-1.59485
0.938832
-1.23501
0.154313
1.46191
-1.84054
1.55611
-0.638516
-0.708893
1.02942
0.624331
1.47858
0.878084
0.794099
-0.751977
-1.04902
1.43668
1.29748
1.10856
-0.630483
-0.478368
1.15117
-0.532786
1.84115
1.29264
-0.383013
0.859402
0.338657
-1.41952
1.44032
-0.145989
0.780576
-0.672103
1.32955
-0.794258
-1.65097
1.58024
-1.39467
-0.450407
2.0145
1.39059
-0.54526
0.309148
-0.358298
-0.953092
-0.485649
0.661251
0.83992
0.783929
0.299808
-2.01407
-0.0270894
-1.63883
0.38748
-0.203085
0.947772
-0.862616
-1.43087
-0.975612
1.22505
0.369391
-1.65323
-1.05555
1.01442
-0.964629
1.39065
0.733753
-1.66989
-0.656878
2.16327
-0.0918493
-0.0771976
1.61527
1.50729
1.96459
0.36079
-0.970932
-1.32405
1.03442
0.232239
-0.427979
1.16821
-1.72152
-0.00260553
-1.99506
0.136374
-1.43728
-0.490811
-0.851304
1.05314
1.17777
0.604275
1.30222
-0.427407
-0.535418
1.47826
-0.931578
1.65829
-1.72236
1.85464
-1.58962
1.79317
0.0221121
1.77538
-1.55877
0.738774
1.57303
0.0556311
0.395532
0.680643
-0.337267
0.465482
0.463341
0.839508
-1.9742
-0.0102754
1.71622
1.38295
-0.705381
0.247971
-1.0332
-1.08676
-0.102302
-0.167481
0.410455
-1.38791
2.13445
1.68645
0.198524
-0.261726
-0.587412
1.09218
0.495702
-0.949331
1.76284
1.22156
0.948019
0.495328
-0.139465
-0.383159
1.77212
0.343192
-2.27744
-0.830507
0.0134634
1.20579
1.36328
-1.51667
0.643785
-0.28924
1.85223
0.468853
0.34688
-0.30733
-0.651965
-0.972352
-0.796509
1.8813
1.48641
1.42524
1.27419
-0.76068
0.838385
1.47915
0.12791
-1.59644
-0.347353
-1.27937
1.78477
-0.385913
-1.23004
0.574652
0.0566396
-0.666214
-1.30418
0.879927
0.0561958
0.784674
-0.0356504
0.698969
-0.516807
0.122469
0.59288
-1.05225
-1.48386
-1.22473
1.10223
-0.0197915
0.280228
-1.61124
-1.52784
-1.80741
0.258332
0.573068
-0.310918
-0.0392506
1.35816
-0.950162
0.183147
0.520481
-0.712743
0.466909
0.885585
0.674922
-1.58263
1.34961
-0.650702
-1.10501
-0.0854022
1.95282
-0.976533
-1.05557
-0.00957291
-1.59819
-1.91669
-1.02976
-1.19037
-0.352123
-0.998994
0.725962
-0.995522
-0.364781
1.05548
-0.719006
0.198999
-1.5659
-1.43033
-1.74299
-0.812246
-0.823
-0.605767
-1.08186
-1.50548
0.426818
-0.983321
0.490661
0.462607
0.63167
-1.19376
1.45402
0.154344
-1.39895
1.68685
0.680625
-1.85286
0.192545
1.35252
0.68514
-1.42065
-0.860332
0.269668
0.183678
0.378186
-0.596627
-0.0292164
0.903181
-1.62141
-0.51539
1.08025
0.972636
0.0393086
-0.252064
-1.51237
0.152474
-0.182933
-0.991291
-0.651568
-0.352495
-0.952103
-0.289961
-1.01476
0.220125
-0.582876
1.71565
0.478637
0.76091
0.470379
-0.390732
-0.792767
0.55602
0.412516
0.41443
-0.741968
-1.49065
-0.377061
-0.151341
0.648142
0.0575301
-0.594537
1.45546
-0.286009
-1.17949
-1.3137
-1.39424
-0.294867
-0.859679
0.0484015
-0.291499
-0.794296
1.82717
-1.13112
0.769971
0.103278
1.94314
-1.46005
0.448849
1.75372
1.07057
0.748791
-1.26392
-0.690947
0.849933
1.09827
-0.14965
-0.0656118
-0.689306
0.935006
-1.39764
-0.660619
0.165305
0.0535794
-0.98859
-0.542666
0.710552
-0.455168
0.503429
-1.21772
0.365957
0.114962
-0.818019
0.0363577
-0.961836
-0.0385899
2.36862
-0.623618
1.45031
-0.62432
0.937433
0.962535
0.483105
-0.256382
-0.147683
0.113939
1.71982
1.23693
0.649184
-1.67288
1.0726
0.968572
-1.56212
-0.653625
1.22233
-0.131288
0.888417
-1.55676
1.07881
-1.32542
-0.086796
-0.274649
1.49552
0.202169
-0.0153
-0.504657
1.26514
-0.451077
0.805719
-0.579266
-0.550051
0.0372205
-0.525363
0.98253
-0.0773194
-1.00933
1.474
-0.538602
0.414285
1.32619
0.274616
-1.10881
1.52152
-0.500757
-0.757402
-1.13244
1.37549
0.0746078
0.0449055
1.06134
0.539721
-1.4356
-0.483879
-0.982312
0.863124
-1.50085
0.93541
0.937955
1.4323
-0.906403
0.897622
-1.13099
1.25207
-1.41496
0.277487
1.01688
-1.1486
-0.137794
1.27681
0.50615
0.338042
-0.0240289
-0.520755
-1.12497
0.0312411
-0.420026
1.77367
-0.140176
-0.453026
0.23706
1.13267
-1.33103
0.531457
0.113096
0.0523669
-1.00195
1.5965
0.633036
-0.234874
0.380212
1.08171
0.488888
-1.30908
0.414511
-0.0240526
-0.302276
1.06992
0.618614
0.432655
-0.648108
-1.30719
1.88674
-0.190915
-1.63156
1.37929
0.247606
-0.512644
0.0583003
-0.734601
-1.8376
-0.0830825
0.874547
-1.3073
-0.207827
-0.29422
0.409612
1.38022
-0.927376
-0.523094
0.672863
-0.785668
-1.15905
0.324014
-0.946349
-0.614272
0.468023
0.107292
1.74441
-1.04426
0.200273
-0.100073
-1.72517
0.731665
-0.865508
1.6724
-1.44412
-0.189576
-1.48532
1.71484
-0.485644
-0.018105
-1.6374
0.927827
-0.897362
1.12841
-1.08141
-0.931926
-1.51967
0.841513
0.446514
-0.600143
1.41721
-0.130674
0.0219746
-0.309405
-0.497487
0.100283
-1.29203
-0.0404809
1.38481
1.43258
-1.17633
-0.989235
0.688583
-0.316847
-1.76512
-0.167584
0.92082
-0.0608449
-1.44442
-0.659112
-0.0817668
0.664779
-0.980699
-0.100978
1.53606
-0.87765
0.692778
-0.939787
-0.496789
0.0997918
1.13986
1.19976
1.27241
-0.744743
0.134462
-0.816936
-0.300647
1.43644
-1.65858
-0.839407
0.192494
-1.10511
-0.697651
0.644033
0.0287204
0.815741
0.733097
-0.831729
-0.168721
0.0770012
0.245101
-0.386727
0.678214
-0.285955
0.221889
-0.127792
-0.0995372
1.83215
-0.441577
-1.2234
1.41064
-0.296242
1.52597
-0.0758878
-0.854201
-1.89055
0.134123
0.540362
-0.0371261
-0.873726
-0.861323
1.61821
1.37252
-0.56444
-0.848197
-0.500305
-0.453049
1.566
-1.45778
0.799415
-0.312086
0.496054
0.740146
1.36639
-1.24209
-1.20771
0.468977
2.02162
1.50125
-0.583888
0.0824707
-0.0600605
-1.16555
1.55751
-0.740495
-0.556548
-0.0538869
-1.50175
-0.916104
0.823973
-0.95735
0.515859
-0.585898
-0.438863
-0.191874
0.226352
1.2265
-0.450888
0.452462
-0.248294
0.430223
1.21541
-0.326301
-1.57731
-0.104367
0.361022
0.998114
-0.945408
0.497381
-0.281185
-0.370161
0.976649
-0.965501
-0.703186
0.17033
-0.208428
0.670253
-0.154446
-0.165848
0.10062
0.0838838
0.27001
-0.711584
0.484437
-0.566556
-0.587056
1.96595
-0.838767
1.68169
-0.298859
-0.618882
0.800574
0.733333
0.825456
1.28895
-0.360892
0.237632
0.00585232
-1.20296
-0.126567
-0.29374
1.31209
-0.136011
-1.7425
1.09333
0.155301
-1.26005
0.246071
0.894174
-1.58542
0.858365
-0.537747
1.75461
1.03721
1.09227
-0.15335
0.557287
0.315168
-1.12024
0.707411
-0.472335
0.656527
-1.14639
-0.661275
-0.994174
0.0765232
-0.565743
0.790365
-1.0244
0.0701488
-0.300576
0.315929
-0.670164
0.517342
1.04664
0.316036
-0.655421
-0.753146
1.15545
-1.05184
1.53575
-0.738946
1.16152
-0.0379682
0.758587
-0.65596
0.71703
-0.639215
0.108556
0.597595
1.54804
0.23613
-0.573175
-0.493592
-0.604382
0.614649
-0.433497
-0.402226
-0.0844317
-0.675098
-0.722049
-0.18183
-0.29213
-0.76647
2.12592
-0.35057
-0.249204
0.519293
-0.864768
1.55917
0.719142
-0.610707
0.601979
1.36323
0.543594
-0.442575
0.500942
-0.898829
1.76986
-0.86955
1.59774
-0.0159378
-0.101392
-0.375917
-0.822782
-0.75162
-1.10589
-0.129933
1.34384
-0.625092
-0.375029
2.11215
-0.438371
0.246774
-0.0784279
-1.5881
-0.341781
0.497419
-0.096709
-0.668634
1.10282
-1.34114
0.0538811
0.75293
0.0764535
-0.0516121
-1.1319
0.870927
-0.903327
-0.0929409
1.96935
1.81115
-0.0883547
-0.00687359
-0.397596
-0.690233
-1.78332
0.536263
-0.0941133
-0.577004
0.808928
-0.164779
-0.377262
0.200264
1.21478
-0.664571
1.69427
-0.776414
-0.111785
0.595211
0.659714
-0.253147
0.313586
-0.322158
-0.513835
1.18458
1.00628
0.56359
0.274723
0.30001
-0.146668
0.567556
0.682897
0.190957
-0.353485
0.0597576
-1.1726
1.33235
0.100949
-1.69233
0.662547
-1.5549
-0.6406
0.428764
-1.08677
0.699122
0.603811
-0.235224
-0.325446
0.402688
0.423672
1.39065
0.223081
0.0264361
0.558064
-0.057115
0.519067
-1.3541
0.764011
-0.319871
0.91536
-0.889691
0.627487
0.525574
-1.01381
1.29346
-0.555254
-1.81018
0.221563
0.716205
-1.41026
0.49402
-0.415792
0.0984711
-1.02025
1.57851
0.618525
0.665404
0.826123
-0.559041
0.856774
-1.17389
-1.05863
-0.623402
-0.000526331
0.57532
-0.0679383
-0.376196
-0.766613
0.881339
-1.00609
-0.138034
-0.897234
1.23433
-0.234426
-0.782447
-0.131327
1.05641
0.481945
-0.429391
1.16549
-0.6117
0.337589
1.72663
-0.416992
0.253026
-0.533765
-0.310713
1.65335
-0.400671
0.793946
-1.63618
-0.586706
-1.28011
-0.0462525
-0.630402
1.37888
-0.173785
1.49364
-0.261288
1.11507
0.207917
-0.0861764
0.456416
0.872815
-0.0147583
-1.42259
-0.330013
1.53463
0.117131
0.409718
-0.697801
-0.920395
-0.885605
0.6715
-0.334493
-0.457151
0.222759
-1.04532
0.449733
-0.559494
0.962463
-0.653157
-0.397408
-2.10773
-0.0463774
0.572507
0.193399
0.589127
-0.635359
0.310738
0.205888
-0.20592
-1.77088
-0.00511058
-0.450302
0.162391
1.72488
-1.42425
0.0497752
-0.10751
0.153931
-0.536208
-1.53077
-0.46398
-0.247883
-0.439541
0.159889
-0.733274
-1.01245
-0.908655
-0.528693
1.16635
0.574512
0.799426
-0.0312326
0.102692
-0.109068
1.05738
0.666412
-0.468177
0.97492
-1.36591
0.848608
1.17462
1.5136
-0.403985
0.283796
-0.413554
0.729001
-1.56532
0.893851
-0.608889
0.224494
-0.428366
0.6414
0.0688119
0.337686
-0.698725
-1.11578
-0.758108
-0.743026
1.03682
-0.422598
1.57411
-0.703486
-0.0331934
0.805387
-0.146881
-0.0730873
0.215585
0.167736
-0.666884
1.75776
0.421395
-0.0801634
0.372037
0.737538
-1.46222
-0.522575
-0.154905
-0.842072
0.403085
-0.0489233
0.0791133
-0.540354
0.0623448
-0.00404378
1.25982
-1.15542
1.54715
0.0219226
-0.107976
0.500641
-0.176541
1.12501
1.68293
-0.219296
-0.335665
0.537882
0.815004
-1.19949
0.669134
-0.043381
-0.0686772
-1.1262
0.89673
0.149391
-1.02585
-0.00455038
1.47416
-1.20556
0.759493
-0.562278
-0.135165
0.879077
-0.403205
0.395156
-0.175885
0.0778801
-0.99879
-0.0337692
0.0647741
-0.760317
0.623081
-0.352397
0.829194
-0.183276
1.02321
-1.09959
-0.993106
-1.3595
-0.702682
0.089594
-0.112181
0.735454
-0.370293
0.0755395
0.385047
0.259526
-0.998193
-0.826845
-0.987164
0.391945
0.0835937
-0.0552858
1.24473
1.18227
0.13202
0.336628
-1.00041
-1.22769
-0.781216
-0.540684
0.898065
0.338269
-1.45139
-1.17717
-0.388464
0.584695
-0.553106
0.000476362
-1.49382
-0.459939
0.987727
-0.206876
-1.40276
1.93114
-0.289969
0.30874
-0.220582
-0.205611
-0.226731
0.198347
-0.560227
-0.662007
0.487675
1.20294
-0.621953
0.296337
0.629109
-1.04527
1.04381
-0.22936
0.316355
-1.34919
0.941729
1.07052
0.84587
-0.260593
-0.409734
0.20435
0.671629
0.854902
-0.269911
1.53988
-0.124731
-0.0905241
0.19105
0.608396
-0.385618
0.166488
-1.08975
0.748438
-0.0440119
-1.44385
0.920172
-0.446857
1.42859
0.0353251
-0.123256
0.166834
0.418193
-0.734747
0.375411
0.710142
0.0965934
0.206236
0.83981
0.603365
0.96629
-0.315221
0.101843
-1.9885
0.0683252
-0.0887405
0.039232
0.629019
-0.601742
0.242295
-0.232392
-0.103652
-0.415535
-1.09691
-0.699553
-0.429469
0.113253
-0.400336
-0.338381
0.0946651
-0.383937
-0.157734
-0.772255
-0.161923
-0.808411
-0.388229
0.317216
-0.097797
0.506854
0.305508
0.287554
-0.0608423
0.130737
-2.2692
-1.32564
-0.543575
0.960125
0.322519
-1.02932
1.5025
-0.471725
1.22715
-0.367065
-1.05717
0.226213
-0.6907
0.045412
-0.065469
1.08586
0.0109152
-0.0369196
0.291859
0.0412232
-0.829883
-0.25825
-0.551768
-0.0188309
1.03014
-0.642624
0.525513
-0.376272
-0.590947
0.591357
-0.0527907
1.91608
0.307019
0.301895
-0.641098
-0.754743
0.730179
0.22492
-0.436572
0.440321
0.0517164
-1.56873
-0.192267
0.265377
-0.143581
0.670299
0.614362
0.800405
0.254503
0.855207
-0.446493
0.920776
-0.236691
0.447633
-0.561186
0.363688
-0.100205
0.227181
-0.277974
0.897958
-0.0158399
-0.971825
-1.68901
-0.541002
0.380057
0.0255741
0.138316
-0.850158
-0.233429
-0.00789903
-0.0121847
0.865332
-1.56686
0.369252
-0.281179
0.0143946
0.620793
0.424934
0.789749
-0.247818
-0.296971
1.27614
-0.114458
0.243165
-0.354095
0.0834106
1.26139
-1.26192
-0.281935
-0.602334
0.359387
-0.432398
0.469888
-0.777769
0.00478458
-0.889676
0.134264
1.31061
0.636027
0.184188
-0.316409
-0.0911118
1.03561
1.95631
0.39825
-0.160022
0.344243
-0.522483
-1.76463
-0.0244435
0.273148
-0.635876
0.580766
-1.14112
-0.0350819
-0.659566
-0.112834
0.997504
-0.454678
0.31261
0.016111
0.185508
-1.21108
-0.418439
-0.403826
0.640884
-0.00531408
-0.244158
0.449521
0.813044
0.383294
-0.834995
0.749731
-1.32667
-0.158188
-0.055637
-0.0568552
-1.37026
-0.11335
-1.04518
-0.17454
-0.812275
1.26054
-0.133911
0.300544
-0.0725421
-0.158006
0.36221
-0.0186947
0.799212
-0.357328
0.961015
-0.0735068
-1.32169
1.6299
-0.380706
1.11684
-0.293221
0.78733
1.38348
0.725585
0.809439
-0.627146
-0.506362
-0.269919
-0.423711
0.145399
-0.128694
1.17927
0.523644
0.67142
-0.102808
0.430493
0.426148
-0.34964
0.750876
0.846583
-0.144329
0.733088
-0.624848
0.0368944
-0.174994
-0.93779
-0.210545
-0.574998
-0.732697
-0.443092
0.788501
-0.667547
-0.729944
-0.007349
-0.222584
-0.530558
0.591195
-0.926254
-0.259353
-0.116233
-0.840834
-0.0544726
1.10241
0.308611
-0.429932
1.37175
-0.993459
0.94544
0.737527
0.113313
0.00361235
0.0543879
-0.319439
-0.730166
-0.705031
-0.818629
-0.144856
1.67255
0.797019
1.10831
-0.236518
0.544694
-0.179589
-0.367951
-0.379915
0.684324
-0.301362
-0.854653
-0.155963
-0.482121
0.176513
0.0967852
-0.13212
-2.07461
-0.832011
-0.0151449
-1.01258
0.073065
1.38863
0.0218436
0.22484
-0.848152
-0.4288
0.186663
0.148712
-0.305805
0.320793
-0.787404
-1.14291
-1.02763
-0.299329
0.546148
-0.9468
0.542039
-0.441744
-0.177859
-0.0923512
-0.197845
-0.428351
-0.230689
-0.452204
0.0551987
0.291975
0.0306283
1.07235
0.344998
1.11839
-0.280278
-0.229765
1.32213
-0.167668
1.01057
-0.291767
0.149643
0.469469
0.548993
0.565412
-0.11783
-0.569864
-0.0963921
-0.196663
0.0109913
-0.0312014
0.346422
-1.81607
-0.489169
-0.463529
-1.13503
-0.463423
-1.10602
-0.942975
-0.238621
-0.686655
-0.118094
-0.192331
-0.21282
0.232621
-0.922232
-0.00214224
-0.904722
-0.936215
-0.312182
-0.752486
-0.548394
-0.530695
-1.00603
-0.524695
0.794888
-0.14941
-0.523597
-0.425264
-0.794094
0.536738
-0.420575
0.51177
-0.0637729
-0.0741525
0.932371
-0.248308
-0.379241
1.2832
0.644139
-0.00325971
0.576102
0.250681
-0.165679
-0.196026
0.307468
0.170904
-1.19804
-0.298724
-0.454709
-0.135837
-0.0940544
0.873945
-1.25185
-0.59348
-0.209582
-0.481106
0.299281
-1.07527
0.318727
-0.195206
0.198902
0.144656
-1.37972
-0.556744
-0.046236
0.786703
0.0360818
-0.0526212
0.139076
-0.00358086
0.748972
0.688391
0.127904
-0.0167246
0.349041
-0.67339
0.932404
0.349134
0.816186
0.151493
0.412941
-0.0915645
-0.293453
0.216789
0.203051
-0.162421
0.340777
0.24569
1.23512
0.646345
0.998717
-0.58494
0.861199
-2.04438
-0.581503
-0.322957
0.0506447
-1.54265
-0.494925
-0.0142913
-0.697728
0.111976
0.490596
0.0676041
0.171471
-0.185804
0.109108
-0.353309
-1.72534
-0.589244
-1.06306
1.13716
-0.812792
1.66013
0.675555
0.174763
-0.433526
-0.276322
1.76693
0.750441
1.11362
0.241325
0.427728
0.988419
1.09076
0.270439
0.221466
0.434283
-1.80173
-1.16835
-0.581106
0.389377
-0.637511
0.405678
0.159717
0.121208
-0.53578
0.125886
0.336244
0.217763
0.572309
0.139686
0.539816
-0.800308
0.887095
-0.0572076
-0.0839975
-0.521323
0.32936
1.14677
1.1679
0.0954936
0.6122
-0.643203
-0.711368
-1.14973
-0.146772
-0.813769
0.276876
0.722616
1.13389
0.0308091
0.471789
-0.476563
-0.395622
-0.548117
0.30623
-0.596983
0.12874
1.16811
0.727339
0.457641
0.394287
-0.862691
0.286971
-0.769272
-0.377482
-0.876503
0.958328
-1.08164
-0.161802
-0.301082
0.432473
-0.61803
0.096843
0.295178
0.231387
0.188329
0.385283
-0.180907
-0.216234
-0.0800902
-0.938023
0.537802
-0.467592
-0.365875
0.114782
0.400085
-0.420456
0.879953
-1.48961
-0.326488
0.0508744
0.0310631
-0.80724
-1.79596
-0.749758
-1.3715
0.0260354
0.542642
-0.966604
-0.336491
-0.262991
-0.431815
0.576588
-1.85424
-0.769927
-1.26696
0.244905
0.311856
-1.17775
-0.836753
-0.25915
0.0355811
0.299654
-1.45363
-1.00767
0.49832
-0.505438
1.07506
-1.69416
-1.15209
-0.926582
0.600574
0.239343
-0.983098
-0.495167
-0.487252
0.36111
-0.216589
1.22257
-0.501241
-0.0326914
-0.00836001
-0.742411
-0.317678
0.0699342
0.439888
-0.413506
0.414073
-0.647651
1.35103
0.887608
-0.344902
0.0164072
-0.190119
-1.15549
-0.731021
-0.328054
-0.447347
1.74699
-0.0279511
1.03877
0.161306
-0.0494768
0.30357
0.0898604
-0.365449
0.0115275
-0.0412298
-0.586123
-0.916889
-0.926642
-0.190092
-0.120431
-0.13291
-0.191539
0.841448
-0.470394
-0.241846
1.05317
-0.29196
0.980505
0.201466
0.481161
0.5918
-0.0399403
-0.593911
-0.269744
-1.03954
0.548145
-0.833903
-0.131762
-0.270841
-0.10192
0.174553
-0.78904
1.1276
0.373805
0.370114
0.0794521
-0.537901
1.34251
0.183779
0.765225
-0.0269241
-0.281211
1.54741
0.719589
-0.124574
0.168632
0.11825
-0.698015
0.0136506
0.634757
-0.0145367
1.60279
-1.61982
-0.633364
-1.44072
1.20483
-0.201786
-1.23233
-0.700134
-0.385811
-0.562343
0.37059
0.927003
0.73705
0.673936
-0.666568
1.18321
-0.0444954
0.536942
-0.606216
0.900647
-0.127605
-1.42856
-1.34299
-0.956371
-0.216231
0.292554
0.604852
-1.93195
-0.769194
-0.399167
0.402495
0.425725
-0.692201
-0.0889311
-0.215109
-0.0445102
0.621431
-0.701558
-0.560599
0.215035
0.0891594
-0.88745
-0.442517
-0.582442
0.0800865
0.310887
-0.513024
-0.162697
-0.483823
-0.330686
0.0912605
0.279517
0.0233331
-0.196663
0.0313819
-0.242667
0.653081
-0.146987
-0.893718
0.132971
-0.881439
0.102381
-0.697117
-1.0763
-0.452136
-0.864991
0.589561
-0.873937
-0.703579
0.0965595
0.32776
-0.411956
-0.0265347
-0.629452
-0.827546
-0.500736
0.578614
-0.102624
-0.0132219
0.614957
0.795819
-0.325193
1.10006
0.678796
0.498188
-0.453776
0.159104
-0.416514
1.44304
0.545467
0.344532
0.182102
-0.900743
-0.205421
-0.323588
-0.22162
0.0736004
-0.599978
1.29939
0.605264
0.488175
0.0203354
0.983261
-1.72588
-0.428403
0.401556
-0.640769
1.20067
-1.08727
-0.136782
-0.395223
0.817937
-0.0652288
-1.71062
-1.10771
-1.4899
0.471898
-1.0771
0.42387
-0.0116376
-0.297827
0.381058
-0.864886
1.8346
1.52099
1.25058
0.0747439
0.889524
-1.65455
-1.418
-1.46519
0.247742
-0.674607
0.962135
0.99565
1.75909
-0.123684
-0.261627
1.09458
-0.248884
-0.119659
0.0498315
-0.563663
0.392247
0.116403
0.640505
0.163639
0.505435
-0.325369
-0.191324
-0.551519
0.101384
0.485082
0.519372
-0.578353
-0.738571
0.313824
0.375607
-0.190293
-0.42386
-1.19096
0.0725703
-0.444095
0.205851
-0.0243826
0.759943
0.588744
1.13841
-0.549712
0.92466
-0.484198
0.22721
-1.04408
-0.169397
-0.449736
-0.984522
-0.393462
0.162686
-0.666116
0.686041
-0.199891
-0.0420929
-0.621981
-0.150362
0.319597
-1.99844
-0.751579
-1.60388
-0.0208079
-0.969581
-0.375549
-0.716216
0.816724
-0.0848448
-0.378518
1.80771
0.644346
-0.223856
0.150548
-1.11745
-0.439025
-0.511908
0.935359
-0.0801536
0.548093
1.33422
0.864234
-1.15089
-0.0310114
-0.516012
-0.112018
-0.17557
1.34026
-0.172342
0.117417
1.30917
1.35967
1.1167
-0.905431
0.444929
-1.96512
-1.58184
-1.1603
0.650433
-0.260587
-1.37136
-1.28076
-0.310974
-0.219786
-0.705746
0.22744
-0.112982
0.416923
-0.0424487
-1.32828
1.70687
-0.751297
0.428779
-0.129435
0.213016
-1.03942
1.02232
1.4377
-0.145492
0.93586
-0.0870648
-1.06513
-1.22622
-0.11203
-0.422818
-1.245
-0.26146
-0.532716
-0.345635
-0.412488
0.137136
-0.907222
-1.26806
-0.566528
0.100909
1.10579
-0.613913
0.346028
0.119345
0.628681
0.217838
-0.557458
-0.857652
-0.366164
0.0415321
0.714718
-0.0101818
0.20621
0.753128
0.575456
-0.428637
0.592647
0.73685
0.0996065
0.28542
-0.215669
0.294691
-0.838713
-0.231737
-1.00973
0.60031
-0.668126
-1.30336
-0.493808
-0.578331
-0.0280735
-0.0528164
-1.76609
-0.886553
-0.409623
0.239822
-0.186089
-0.64931
-0.302185
0.366182
-0.215408
1.05128
-1.5024
-0.759583
-0.949131
0.131475
0.0123875
-0.948284
-0.504754
-1.89179
-0.0516904
-1.25854
-1.21045
-1.45822
1.34541
-0.00340405
0.243689
-0.97308
-0.884812
0.86833
0.649664
0.214435
1.25511
1.22301
0.429625
0.616347
0.147353
-0.571823
-0.392455
-0.15005
-0.301622
-0.316451
0.253257
0.264476
0.720414
-0.191705
-0.0545753
-0.807825
-0.985841
-0.844013
-0.0470946
-0.999499
1.68421
-0.913197
-0.286064
-0.021768
-0.418822
0.429622
0.00257144
0.834183
-0.243785
0.545286
0.759443
-0.153194
-0.850229
0.198956
-0.181572
-0.153631
-0.762286
-0.325035
-0.443383
0.339734
1.64604
-0.583725
0.0156789
0.270643
0.93852
-0.985993
1.28032
0.886891
-0.347034
-0.472211
0.871489
0.242888
-0.198596
-0.272838
0.164245
-0.333642
1.08398
0.463848
0.328975
-0.865491
-0.10713
0.124599
1.10131
-0.256813
-0.0691507
0.418993
0.171576
0.585736
0.798665
0.342232
-0.116648
0.613361
1.81762
0.903425
-1.41477
0.452812
-0.409153
1.36268
0.893386
0.0991705
0.237105
-0.245748
-0.00823046
0.199326
0.698288
-0.211375
0.555442
0.704614
0.571362
0.331042
0.0138916
-0.177086
-0.455034
-0.428319
0.515331
-0.0390363
0.137107
-1.76343
-1.18964
1.37997
0.00165806
0.286048
-1.43037
-1.12275
1.62672
-0.320574
0.240935
1.13962
1.14941
0.522692
0.164503
0.890491
-0.610557
-0.0980697
-1.69656
-0.116264
-0.805378
-0.483896
-0.677886
-0.85775
-0.206246
-0.420293
0.89053
-1.5079
-1.20953
-0.0847144
0.278037
-1.00342
0.691641
1.32283
-0.0159341
-0.10644
-0.758317
0.310214
0.903017
-0.320554
-0.562888
1.38254
-0.206952
0.0485194
0.174504
0.338555
-0.154112
-0.431563
0.187674
0.0722251
1.48337
-0.499539
0.724205
0.213698
-0.198742
-0.0277589
-0.169921
0.271474
0.413663
0.154776
-0.344053
-0.385731
0.573261
1.2219
0.749086
0.336288
-0.447213
-0.125257
-0.172899
0.411136
-0.415167
-0.303796
-0.319228
0.0215378
0.128109
-0.466804
-0.369427
-0.294136
-0.0323966
-0.326521
-0.781768
0.312839
-0.874779
1.48389
0.343269
-0.950233
0.261385
-0.33444
-1.473
-1.12456
0.14275
0.147337
-0.568595
1.39665
0.639764
0.820472
-0.000652442
0.0480128
1.45122
1.0619
-0.955212
0.0223878
0.283269
0.258656
0.209419
-0.3146
0.25745
-0.885692
0.986146
0.698025
0.933887
0.134544
1.14526
-1.35869
-0.874579
-0.30171
-0.292841
0.037597
-0.0826819
-0.0507284
1.28338
0.0246291
-0.40647
-1.05698
-1.19834
0.250712
-0.213366
-0.511656
0.0715311
0.00697749
0.844811
-0.173945
-0.386976
-0.10334
0.810255
0.333362
0.340798
0.117528
-0.939425
-0.118225
-0.0408182
-0.0484509
0.552011
0.318752
-0.403653
-0.198925
0.161169
-0.37865
-1.15413
0.658417
-0.248865
-0.249933
-0.826806
-0.234731
0.644697
0.676936
-0.180318
-1.13919
-0.663409
-0.677611
0.562227
-0.628963
0.184242
0.317089
-0.272139
-0.722897
-0.90943
0.686453
-0.231765
0.579462
0.18115
-0.201059
0.850726
-0.187853
1.0293
0.436222
-0.359267
-0.771681
-0.0516987
0.0634241
-1.4096
-0.568275
-0.789692
0.387089
-0.0238625
-0.480388
-0.337815
-0.745614
0.153146
-0.777875
2.07552
1.03291
-0.350988
0.209864
0.187193
0.955929
0.852838
-0.96669
-0.100799
-0.730764
-0.636008
-0.853745
0.229092
-0.141749
0.236578
-1.23006
-1.04417
2.41434
-0.11996
1.58816
-0.166717
0.414817
-0.323318
0.348228
-1.26734
-0.804
-0.969781
0.268139
0.0524143
0.963769
-0.952221
-0.881947
1.31191
-0.0848685
-0.13685
-0.929187
-0.964
0.706088
-0.414154
-0.231503
0.915613
1.25375
-1.21651
0.0263824
-1.77184
0.726478
-0.735641
-0.335996
-0.0559231
1.30358
-0.475863
0.236183
0.695978
-0.319844
-1.195
0.961042
-0.733161
-0.775429
-0.193848
-0.545057
-0.22368
-0.460843
0.417095
-0.795811
-0.0114786
1.25081
-0.0666769
-0.669788
0.458762
-0.476554
-0.551499
1.03441
1.94402
0.923948
0.683548
-0.636423
0.457203
-0.240889
0.0620147
-0.621087
0.802326
-0.0365774
-0.257915
-0.0765071
0.88702
0.159694
1.27856
0.0546462
0.790617
0.398407
-0.811267
0.393039
1.61859
0.508839
-0.687577
-0.107433
0.124937
-0.0419181
0.129267
0.53833
-0.432289
-1.09285
-0.384367
-0.536935
1.1176
0.0970992
-0.492423
-0.576739
-0.578265
1.44707
-0.170177
-0.365041
-1.71787
-1.44685
1.1217
-0.0730847
-0.520418
0.00506646
-0.113059
1.771
0.0998393
0.00570325
-0.57476
-0.341139
0.0682327
0.13999
1.5174
-0.377213
0.0576603
-0.391527
-0.424124
-0.252497
-0.6768
-0.70862
0.408282
0.0975193
-0.511701
-1.33872
-1.59413
0.434882
-0.161083
-1.73769
0.193077
-0.28211
0.96887
0.0566507
1.12579
-0.363392
0.220229
0.20319
-0.0236095
0.515973
-0.217148
0.599915
1.572
0.124714
0.612186
0.320096
0.0786352
-0.424814
0.162688
-1.00348
-0.670041
-0.126027
0.947808
0.0712844
-1.27294
-0.049413
-0.0537473
1.1432
-0.172356
0.104247
0.193104
0.253857
-0.78811
0.406103
0.603041
-0.550645
0.730226
1.77561
0.381239
-1.27616
-0.457946
-0.956022
0.480771
0.178877
-0.8871
0.0690071
-0.644465
-0.869652
0.445974
-0.749913
-0.37386
-0.566039
-0.645426
-1.257
2.03688
-0.836537
0.791952
1.42925
0.357819
0.299401
-0.237704
-0.393852
0.720229
0.140663
0.335985
-0.00227328
0.0488789
1.07795
0.795767
0.693695
0.150733
0.037202
0.519775
0.416258
-1.16815
0.175812
-0.0652873
1.22784
0.870467
0.187718
0.0998722
-0.828158
0.500949
0.157381
-0.0755271
-0.324197
0.413228
0.175983
-0.107484
0.116037
0.391168
1.24245
0.783562
0.858362
-0.315021
0.762252
0.604657
0.390705
0.782423
-0.222518
0.640731
-0.42178
-0.236925
-0.288273
0.797466
0.172652
0.940008
0.321389
0.832284
-0.0373402
0.621486
-0.864207
-1.00884
0.968509
1.59944
-0.019286
-1.15009
0.890739
-1.53004
-1.48862
-0.0503558
1.36413
-0.424685
0.336393
1.19045
0.497445
0.0848444
-1.57882
0.930706
1.81892
0.277427
0.291993
0.555528
-0.053178
-0.743064
-0.128844
-0.287315
-1.02588
0.214114
0.811475
-0.601088
1.45381
-0.0091208
0.107644
-0.673961
0.390596
0.489177
-0.166756
0.432533
-0.622831
-0.0800334
-0.636636
-0.229921
-0.304823
0.322608
-0.56387
0.644263
0.205316
0.0507198
-0.919431
-0.908013
0.927592
0.0594766
-0.240668
-0.291928
-0.316931
-0.830322
0.323277
0.930653
0.318457
0.482623
-0.685781
0.0588368
-0.137895
-1.29057
-1.34545
0.175814
0.028745
0.330178
-1.52181
-1.14398
0.323637
-0.0451792
0.0542165
0.0340998
0.0465899
0.762027
0.122033
-0.435055
-0.0851404
-0.450915
-0.511757
0.215498
-0.400286
-0.219484
-0.11141
1.00375
-0.395979
-0.227144
-0.951092
-1.0168
1.58497
-0.174274
-0.881006
0.449555
0.623718
-0.519782
-0.0522333
-0.476871
-1.0337
-1.05445
1.12815
-0.0823956
0.0384956
-0.514488
0.299548
1.14522
0.0171048
0.375947
-0.63542
0.453007
1.92969
0.0667785
0.272194
0.283841
-0.037927
0.456278
0.289177
-1.36412
0.844121
-1.25521
-1.18371
-0.166649
1.28509
0.427018
-0.43474
-0.880905
0.278986
0.481949
-0.330909
-0.974351
0.157776
-0.640105
1.52382
-0.886304
0.345028
0.54088
-0.0397566
-0.211816
0.505784
-0.50375
-0.724989
0.268959
-0.439283
-0.640398
-0.491734
0.789899
0.594079
-0.70533
-0.138162
-1.07538
-1.04916
-0.782548
-0.296673
-0.471054
0.557441
0.600298
0.0294795
-0.140713
0.534607
0.684769
1.26701
0.837353
0.283849
0.623406
-0.7966
0.506263
0.467252
0.463623
0.147105
-0.594109
-0.445265
-0.264607
1.33239
0.0426069
-0.310107
-0.322951
-0.195155
1.20761
0.442485
0.0584269
0.332548
0.490047
-0.754879
-0.059994
-0.0966201
0.489601
0.668323
-0.132244
0.931194
0.0671368
-0.337486
-0.220325
-1.04072
-0.656669
0.402456
0.501912
0.424826
0.261768
0.338908
0.328776
0.217143
0.388693
-1.23465
-0.858745
-0.260015
-0.220532
-0.562879
1.24933
0.505292
0.127476
-1.4714
0.493481
0.876859
-0.786328
0.151453
0.246889
-0.382993
-0.568218
0.139925
1.13338
-0.34887
0.790986
1.55731
0.731492
-1.54392
0.229258
0.434578
0.71835
0.568933
-1.695
0.0438342
-0.0519636
-0.343456
-0.457517
1.29331
0.352421
0.953991
0.283063
0.362347
-0.390822
-0.816914
0.263456
1.03906
-1.16558
0.81475
-0.463201
-1.13761
-0.0814303
-0.845115
1.55035
-0.500391
-0.151238
-0.285383
-1.3812
-0.193699
0.662187
-0.0440067
-1.66171
-0.0914209
-1.06808
0.274705
-0.0873981
-0.317741
-0.341929
-0.990044
0.0206721
-0.835075
1.88441
1.89061
-1.29856
-0.0775075
-0.14449
0.0353245
0.0582203
0.548973
-0.0604627
-0.518008
-0.266687
-0.092743
1.00731
0.016094
-0.402565
0.774222
0.110331
-1.05391
-0.0641871
-0.351752
-0.994543
-0.499248
0.531128
-0.527747
-0.449876
-0.220371
-0.26076
-0.435583
-0.500773
-0.814883
-0.0231439
0.472211
0.0429504
-0.316163
-0.956678
0.959789
1.42104
-0.578425
-0.0989814
1.08922
-0.607977
-1.23311
1.16291
-0.0210142
-0.663211
1.24628
-0.0414041
-0.625921
0.0345317
-1.44666
0.99286
0.29035
-0.657101
-0.0416739
-0.475421
-0.451943
0.659148
0.745399
0.359012
-1.6203
-0.672587
-0.0450397
0.802958
0.170484
0.0297547
-0.201436
0.109641
0.274789
-0.239343
-0.0288625
-0.974462
-0.0770947
0.23085
-0.349619
1.12553
-0.0195813
-0.348343
-0.59523
-0.779945
0.931366
-1.1158
0.293677
1.75853
0.365708
-0.907236
0.542654
0.0321157
-0.411611
0.540732
0.206644
0.503464
-0.839216
-0.207265
0.23069
0.338938
-0.267439
-0.782931
1.49426
0.908004
0.355874
1.01048
-0.302898
0.424049
0.637442
0.414478
0.481475
-0.5245
-0.0268875
0.190191
0.033675
-0.462089
-0.678382
-0.933655
-0.876737
0.25754
-0.173525
0.904414
-1.26304
-1.17812
0.389438
-0.199591
0.567479
0.617748
0.61033
-0.0893787
0.702391
0.124399
1.53697
1.56235
-1.25534
-0.132898
-0.621342
0.613174
0.4948
-0.844448
-0.252245
-0.345402
1.06014
1.25661
-0.253824
0.192968
-1.40636
0.738025
0.87035
-1.04048
-0.691161
-1.13762
-0.53208
-1.01681
0.94564
0.183121
-0.541715
1.12729
-1.16212
-0.897948
1.15894
-0.602288
1.34181
0.246503
-0.32855
0.938891
0.084698
-0.08913
-0.632808
-1.04724
-0.746045
1.65377
0.758309
0.239251
-0.125674
0.618752
0.649019
-1.07538
-0.58883
0.574116
-0.904994
-0.425694
0.899486
0.189976
-1.01703
-0.309744
0.174477
-0.257373
-0.794275
0.580571
0.881023
-0.897155
0.932428
0.115121
-1.3022
0.342792
0.510971
-0.179215
0.523557
0.886123
0.817676
-0.113262
0.0791837
0.204199
-0.351239
-0.485497
1.25189
-0.0388355
1.01592
-0.0510815
-0.539046
0.572431
0.0391369
1.64116
-0.0199825
-0.48497
0.941937
-0.119522
-1.38364
1.05781
0.980721
-0.686101
0.0278413
0.538737
0.366519
0.147424
0.208734
0.103764
-0.303022
-0.3883
-0.639053
0.54267
-0.343169
-0.665412
-0.336611
-0.0900725
0.738263
-0.527315
-1.66569
1.46026
1.89881
-0.948697
0.0570654
1.1134
1.0189
0.283708
-0.259573
0.167485
-0.988801
0.88435
1.37833
-1.16385
0.122279
-0.230299
0.152431
-0.523358
-1.23855
-0.229616
0.226304
-0.40391
1.12006
0.739615
0.141236
-0.61885
1.30826
-0.277989
-0.923341
-0.0609797
0.511629
0.750427
0.279333
-0.552448
-0.222698
1.67571
0.899009
0.286074
-0.444498
0.875967
-2.34547
-0.713923
0.666706
1.08324
0.749571
0.330171
0.103078
-1.3243
-0.577776
-0.449431
-0.45379
-0.887547
0.476065
-0.368453
-0.907602
-0.0170279
-0.150077
1.52774
0.789212
1.16943
-1.67517
0.475511
0.244344
-1.35808
-0.29557
-0.635685
-1.25681
0.320753
0.38776
0.208055
-1.37514
-0.135181
0.564334
-0.595784
-0.40252
0.550543
-0.436735
-0.672067
-0.652231
-0.686087
0.927139
0.24516
-1.02647
-0.12592
-0.139936
-0.456263
-0.366829
-0.381829
-1.48619
-1.37514
0.967068
0.135372
-0.0235622
0.0275961
-0.283783
0.215282
0.90462
-0.483644
1.01935
0.972985
-0.364512
0.566947
0.754643
1.42383
1.64982
-0.615962
-0.347976
0.303494
0.84035
0.922633
-0.701137
0.216348
0.724081
0.970038
1.34665
-1.2721
-0.457656
0.692067
-1.53865
-1.83337
1.28778
0.00364438
-1.41627
0.225711
0.204342
-0.0310708
-0.205814
-0.515185
-0.432577
0.17679
0.284279
-0.49896
0.28423
-0.33802
-0.957746
-0.590002
-0.0337961
0.507454
1.45807
0.606656
-0.705788
-0.574607
-0.095827
0.669015
0.0448226
-1.11692
-0.673377
1.11667
0.0555766
0.432537
-0.18249
-0.358608
-0.574955
0.709056
0.0313231
-1.34511
-0.528637
-0.0530752
0.373079
1.13646
0.405079
-0.45089
-0.23508
-0.285343
-0.915655
-0.293669
0.612854
-0.558834
-0.0712027
-1.21324
-1.07784
0.471683
0.25121
0.00268997
0.180254
-0.0263396
-1.07634
1.12172
0.125835
0.924185
0.0322685
-0.170958
0.463066
-0.236456
-1.48142
0.325857
0.307391
-0.863814
0.0566424
0.943402
-0.60574
-1.05994
0.358618
0.013964
-1.14491
-0.608884
0.298068
0.434499
0.0273611
-1.27873
-0.552605
0.0173601
-0.439987
-0.368381
-0.759715
-0.851887
-0.93654
0.172192
0.102535
1.14013
0.444088
0.0617113
-0.487826
-0.241682
-0.534571
-0.314231
-0.323881
0.808547
-0.0727092
-1.31965
0.539816
1.67763
-0.697033
-0.123945
-1.18703
-1.16123
-0.67716
1.41568
-0.172347
0.756205
1.06467
-0.620494
-0.761801
-0.212345
1.759
1.0138
0.0339466
-0.0289313
0.114928
0.0163704
-1.49179
0.64272
2.00916
0.353742
0.189408
0.132334
-0.79557
-0.522444
-0.439229
0.535796
-0.803195
0.743312
1.41247
0.856156
-1.69069
0.563741
0.302992
-1.54924
-0.872288
0.262366
-1.26346
0.349677
2.03649
-0.134994
-0.15079
-0.131533
0.404709
0.284593
0.36469
0.150466
1.02933
0.775007
-0.265872
0.83617
-2.33964
-1.83053
1.24994
1.29995
-0.313899
0.532256
0.923025
0.451091
-1.00013
-0.357519
0.567793
-1.02337
-0.165551
-0.560123
-0.506001
0.480579
0.245178
-1.26117
0.0104156
-0.00836582
-0.234973
-0.350217
-0.1545
-0.403953
-0.470657
-0.517612
-0.511667
0.678632
-0.510773
-0.614119
1.03269
0.717813
0.949142
0.0318259
0.280572
0.59048
-0.277722
-0.476535
-1.54171
-1.46935
1.68806
0.280657
-1.56432
-0.206455
-0.219313
0.055969
-0.098132
-1.76064
0.755269
0.921618
-0.780243
0.0408109
1.09146
-1.27738
-1.77373
0.643765
0.415765
-0.990445
0.658347
0.877331
0.189815
-0.705182
2.28782
-0.936452
-0.472643
-0.319701
-0.223056
-0.0622445
-0.478097
-0.278668
0.263366
-0.10233
0.402281
0.900299
0.494563
-0.396092
-0.685462
0.302261
0.454869
0.130092
-0.873159
-0.988075
-0.493176
0.42447
0.202719
-0.141259
-0.912234
1.24799
0.323578
0.814149
0.0102491
-0.539815
0.286921
-0.668868
-0.0559109
1.42616
-0.0469309
-0.260669
0.279492
-0.420868
-0.969072
-0.0816905
1.23541
-0.300073
0.461421
0.626917
-1.30727
0.214652
0.385204
0.986942
0.145186
-0.829063
-0.00739241
0.0825502
0.0963248
0.619083
0.708345
0.137706
-0.128449
-0.899889
-0.334734
0.0425074
-0.535331
0.0180891
0.709766
-1.23863
-1.65932
0.52643
-0.0981205
-0.172415
-2.06408
-1.96703
1.30744
-0.361443
1.8167
-0.829551
-1.46036
0.894449
-0.000773513
1.089
1.49625
1.39128
-0.224377
-0.128433
-0.247634
0.288793
0.451713
0.115931
0.0542259
0.227061
0.738647
0.958335
-0.34207
0.139253
1.40013
0.781729
0.722764
-0.44395
0.157917
0.774552
1.1437
1.37215
-1.16189
0.286114
-0.79442
-0.749892
-0.0811249
-0.277614
-0.275749
0.026258
0.298124
0.202535
0.586357
0.262524
-0.717355
0.390869
0.717628
0.53174
0.196376
0.398346
0.805413
0.203908
-1.15171
0.294209
0.0719067
-0.427209
-0.224012
0.475763
-0.276475
0.478125
-0.77242
0.423345
0.347776
0.0345853
-0.974658
-0.999251
0.965298
1.37898
1.18981
-2.09555
-1.52934
-0.0851587
0.373325
0.195778
-0.704095
-0.237553
-0.638837
-0.848861
0.664347
-0.626183
-0.110064
0.647658
0.15283
1.36272
-1.844
-1.95342
0.812213
-0.421406
-0.369973
-0.360594
-0.551298
-1.01084
-0.997308
-0.931162
0.163479
0.219618
-0.422854
0.205413
0.108894
-0.216044
-0.213751
-0.172273
-0.625134
-0.486374
0.283008
-0.847879
0.894029
0.883887
0.874126
-1.07929
-0.682627
1.35927
-1.7273
-1.59023
1.26545
0.280304
-0.136103
-0.898956
-0.971362
0.336452
0.145416
0.484552
-0.384439
-0.463757
0.0903367
-0.220188
