-19.8907
-16.1694
-8.97887
-1.20503
-5.86389
-44.874
-17.1157
15.9425
21.8918
-34.0846
-32.1275
23.0563
-69.6621
-16.3125
-15.8386
44.4396
23.3187
21.7739
-43.9305
-6.02148
-14.0671
-10.9695
-15.5355
1.38376
7.53167
-64.412
-49.6724
16.8258
-27.6485
28.1528
58.4209
24.5164
12.6985
-23.6282
-3.13644
-5.64628
11.9416
-32.3526
14.7171
60.086
-15.321
20.874
-8.76524
15.8832
14.6927
-7.57265
-5.24403
3.16374
5.77971
9.39478
22.5326
-17.8536
-15.8036
-17.6039
-24.981
8.69344
20.7679
-8.63241
-48.1695
11.6907
10.4631
-10.8621
-14.0825
-33.1807
37.0067
37.8259
3.12468
0.466309
-47.8574
22.4693
2.8024
17.3682
-26.2249
-6.47658
27.3993
-30.5716
24.516
-0.936941
-19.2448
62.8259
-14.1191
-31.5407
-25.6846
17.6283
17.6966
-9.94576
-34.3685
-30.4687
-0.450324
-0.489106
50.9079
4.40376
-4.65417
1.5131
-14.9318
0.577607
-4.38834
-35.5276
-29.7453
22.5822
19.4129
32.4205
-4.32798
16.3479
51.7208
29.2085
28.7575
33.3042
-33.2746
-23.5267
5.54911
42.2129
-6.09231
2.45081
1.41753
-41.6307
-31.1972
-17.4079
-22.3831
11.4807
-24.5958
-17.0643
-5.72478
12.8385
-37.3533
31.2044
25.0682
-33.2211
-13.2494
16.5447
-29.7915
-19.0085
-15.8338
9.77296
12.0151
15.5072
11.8191
-22.8862
21.0241
-13.5363
-22.5279
29.4078
-10.6433
12.1246
53.0512
43.1886
-0.418582
20.4397
33.3632
-31.0669
-30.9263
12.8135
24.4067
25.2196
-39.8742
-33.4828
-11.8698
-8.30729
-16.1116
24.6444
40.8803
11.8638
4.89119
5.82209
-1.0128
-4.06759
54.7366
-42.5119
27.689
-20.9972
5.32048
16.5606
-26.1838
4.76602
70.5513
3.50904
18.3387
29.3183
-13.6955
0.232551
6.39015
26.004
-33.6886
-0.174273
-0.215269
-26.5021
-29.5633
-20.4375
29.4089
-24.5521
-3.943
-46.4834
-42.7545
-33.6109
16.7079
-45.3724
39.402
16.6971
4.60003
16.7258
-21.1226
-11.1672
28.4256
4.7663
-11.1398
-3.45565
-16.8022
13.6914
-11.7891
-33.8073
-11.5624
45.9623
-8.68988
-15.2553
-16.137
-6.29956
-1.57215
-1.16832
-29.8663
-34.1159
-31.6113
26.2437
12.0832
-1.32192
50.4581
-20.7076
-11.152
-7.66602
18.887
1.15196
38.2773
26.3307
-16.1001
-14.077
-10.8488
39.7742
10.655
16.8898
22.1181
-13.3172
-12.0898
41.5297
4.07474
54.9836
23.6683
-25.1153
-8.97456
58.3189
-18.6849
7.7888
-19.2273
-19.2691
-22.9753
1.83328
-32.4377
14.4691
-6.94809
19.0471
-24.0575
-0.421342
37.9396
39.5762
54.6956
-26.1211
18.3791
-13.8606
-11.203
5.17567
2.05442
-6.18392
-23.2889
17.1039
-7.91838
-28.7192
-10.5216
5.6119
-7.07091
8.8728
37.4093
-39.7995
6.60329
-17.8103
26.4035
3.31855
0.0917101
31.4291
-29.0805
47.5675
5.10165
-23.3342
-18.9216
-18.0163
-25.4655
-46.0542
-7.25524
-38.669
39.9362
2.03163
-27.9972
-33.1044
-27.2204
60.8761
-9.25522
24.3193
17.2949
3.00045
7.73153
7.95627
0.214026
28.9077
-27.3816
-12.9562
-39.6375
48.1677
-35.9337
29.214
34.3174
19.546
-9.27406
0.881005
23.2829
32.9013
38.1598
-14.3611
-4.67229
-20.4657
-36.3586
0.924866
3.99574
0.35085
6.75542
53.7845
-6.30539
-43.2156
5.6013
16.8101
-4.32982
20.8266
-5.12607
19.3541
-17.6421
0.00359207
-31.9289
27.3756
57.4671
17.4287
27.9431
-19.3025
20.4056
-6.2477
16.0038
4.06845
-21.8891
21.0174
-1.40535
21.7252
-18.2804
-17.8564
-6.46536
-39.9127
-33.6119
0.923989
14.5564
-5.43765
48.2036
-19.1884
16.2464
-11.8406
10.6244
36.5412
29.3174
-1.40544
16.0359
-40.7552
-20.2476
20.2709
-8.00994
5.21264
26.3032
4.39104
-2.7658
8.34323
8.64247
10.2624
67.4667
5.1918
-28.0367
74.1953
-0.846586
-14.8599
-1.61595
1.12697
-34.8887
12.1113
-38.5248
40.1922
-17.2642
17.0645
12.4156
-30.5325
-16.1021
6.40735
-12.629
40.2987
-30.3686
3.99244
-14.4933
-10.891
60.322
-36.0365
2.81399
-1.7381
-24.2582
-8.25681
0.560126
-5.30564
-18.4
85.7567
30.3806
24.1743
-24.7459
8.43343
3.20325
-26.9884
12.939
-23.1667
16.4474
-34.6196
20.5687
4.33014
-7.79496
13.246
27.6126
0.406898
-10.5837
4.55388
4.66165
16.8886
-26.9036
-26.5912
7.40481
26.5519
48.8788
7.09964
-10.1122
-11.8451
11.9171
67.4771
-20.3357
22.5262
3.36412
-14.0353
4.63709
-22.7483
-33.2077
-4.28478
26.9522
85.3787
36.8318
43.3158
29.9532
14.3086
-17.0978
1.12403
14.9972
-9.51568
2.74445
36.5028
-15.8824
50.3703
-21.1757
28.6228
-22.3503
15.0507
-7.4148
8.47626
-0.479726
-32.8432
32.2766
-12.668
-21.404
15.3927
-26.882
-8.83458
-44.0082
43.8445
8.83819
14.3795
-9.94671
-3.31323
-8.33281
3.96692
-19.9186
-23.3521
-36.9833
21.5733
-18.0592
-7.81989
43.209
-27.6201
-12.4261
16.9768
58.3245
46.2826
-42.0928
-9.64586
0.214398
-21.1544
-9.34481
-32.6184
8.96565
27.5924
29.3459
19.9254
15.7517
49.8091
-11.1982
35.4786
-41.9087
-14.5247
-50.9854
-24.591
2.00597
-26.8521
25.0519
46.9483
-14.4464
-13.0857
-8.98847
-30.4076
-44.2076
14.4387
4.10042
26.9372
20.3767
9.31253
6.35966
-10.6139
9.55526
20.1643
-13.1429
-19.8672
36.5042
-20.7354
41.0635
45.483
-17.6958
36.9654
20.5867
22.2999
-35.3004
-12.9503
-36.7787
-19.2752
-63.6313
-31.3964
-18.2737
25.9465
-18.0487
-12.1566
7.81433
-7.17328
-15.8953
9.86822
1.39984
-18.3213
52.3165
24.3382
4.66593
-29.7925
53.7604
-20.5823
-7.55889
13.9117
-31.8118
-18.4075
-31.2119
-61.8335
-16.4118
-0.812363
-12.512
-23.3705
21.2419
30.5957
15.8497
-19.5454
-6.3795
-25.008
29.9813
8.02478
20.0062
19.0224
32.9929
40.4983
-11.9006
38.3542
10.3501
17.5329
45.1897
-17.4269
6.48463
19.5043
34.9115
-16.7063
6.47093
-1.84697
39.1951
-7.89152
-7.08385
-2.65888
-32.824
8.03852
-6.8688
-38.4927
25.7485
-50.2718
-22.4649
-5.17351
16.0721
-1.74051
-24.607
23.8934
-29.1534
-24.3675
17.3532
-9.34581
3.56173
-20.2301
47.4303
-5.07437
-0.885011
-18.7695
8.97072
-12.5548
57.8386
-24.206
-15.0622
-6.50962
21.7842
-12.2693
-12.6454
21.9458
-11.4293
11.923
-29.615
42.5882
19.8669
36.9622
20.1761
21.6492
18.3461
-27.2651
-29.9276
-25.9945
-9.82961
0.979381
4.56231
56.1991
-55.09
13.616
1.30514
-5.0619
-25.7791
2.1151
-3.14716
8.50443
34.3223
13.2794
-33.0075
-32.4788
-4.02461
-21.2755
6.53244
-12.1087
13.3707
-22.458
-6.0822
-12.9558
3.30216
-5.45255
29.1527
-18.9652
-21.8255
-9.88471
-6.4571
8.98454
9.92593
-29.9514
-19.9029
38.0735
-3.55173
21.8494
-10.6721
-30.7987
9.04168
16.6891
23.129
24.8493
5.541
25.4316
7.14306
11.6424
15.2334
-18.0489
26.7045
-32.9548
-81.4944
10.1122
41.0776
4.14435
28.7276
-5.61941
46.7547
-18.1675
-9.21081
-4.20326
-6.16689
-10.7317
33.0192
-39.1624
-8.43094
-25.7611
4.56524
17.977
-31.0492
-15.7477
20.5192
33.9857
-19.0111
16.7381
-0.223767
-30.33
19.9639
0.378128
-45.8197
56.6003
22.8044
-24.5703
28.9419
10.218
-8.27554
-10.8504
22.5241
2.4631
1.02543
-20.8202
-38.7828
24.7574
-23.6462
2.46281
38.4286
22.3772
34.5242
-7.46552
-19.0879
17.6828
-12.0247
-74.3719
-47.2818
13.5791
15.8224
-40.5415
3.50649
-39.112
43.9327
-48.5507
12.8363
-31.9967
15.2018
-16.9798
-35.982
-14.0964
41.5876
-3.96025
-39.6618
11.017
-23.3394
-12.8719
24.7436
-1.55332
-7.25153
1.4958
14.2419
-29.3201
-14.8425
-46.0856
65.2466
54.709
-59.3755
-18.0642
-19.0558
-15.5384
-39.5661
32.8793
19.7929
30.3506
-7.0148
10.2637
-10.0023
10.0736
29.7174
-12.2312
-24.3638
13.339
19.7567
-12.5149
-22.7704
-4.95825
0.399623
-2.82839
7.59724
17.6936
10.3895
2.95709
-5.53188
0.58631
14.1491
-26.587
-1.11084
-51.474
4.28247
-19.6161
-37.3342
-34.8964
50.6825
-2.9577
-5.1342
12.1614
-25.239
9.03384
11.5859
-7.65676
-46.298
-7.58083
36.5693
16.003
-13.0665
-12.3647
-44.642
-71.7265
6.81536
-4.02929
-19.0014
-29.1779
16.6432
14.1108
-20.0568
-24.5609
-51.7589
12.2019
-7.22569
-31.2719
-0.509325
29.4488
14.684
-40.3105
-52.4384
43.283
0.870619
27.8665
43.3193
-36.7165
31.8903
-11.9455
4.46053
-11.6728
-24.2658
51.7328
12.2955
-14.4511
-26.1537
24.602
-30.7728
-8.93583
-22.6174
49.4881
-9.18769
-47.2731
1.1037
-14.8402
7.1553
-2.99849
-8.82057
-35.8522
-31.7659
-12.2661
-39.3921
-36.4539
5.69101
33.5474
10.4287
10.3355
-12.9806
0.599671
0.138859
-6.53145
7.17751
-2.90981
-20.9092
14.6201
-16.1685
0.891069
-12.6787
24.6485
16.0451
-30.1992
26.8673
9.44207
-16.5333
-41.8071
-70.7451
-45.9183
-27.9556
55.2008
-29.5747
-24.0767
31.068
-31.4062
39.1948
40.2115
38.5219
-20.98
31.6853
-28.1138
23.6096
-5.85317
35.222
-2.17708
-5.34979
7.21596
1.74583
18.8661
-67.2269
34.0027
0.32785
10.0091
28.7164
2.08148
-2.52877
-0.106586
-1.47214
-34.2767
38.0829
23.2554
13.211
30.1889
-31.2403
-19.5413
-34.962
19.4088
22.9879
20.7607
-29.7998
3.4049
15.5662
18.5713
-15.1159
-2.02553
-15.0093
37.0988
6.67879
22.652
-12.2427
32.7171
7.95319
-52.7881
47.1252
4.69154
37.4611
-10.96
-19.4611
-7.7621
53.4108
-13.9118
-9.19802
-34.9149
14.7639
-19.2934
16.7647
-49.3033
-35.9656
43.4559
-3.13974
0.715104
37.7694
20.5822
41.9193
11.2243
-14.1148
13.2908
-13.229
18.4182
-49.0184
-42.3717
7.27931
2.58533
-17.0031
-1.8695
15.7726
-23.311
15.1999
0.288173
-8.1198
15.4261
0.53764
-35.9505
-47.284
23.8775
2.94046
47.1998
-42.7165
22.2081
-24.7272
19.4107
-2.425
10.2049
-1.57709
6.30322
-23.5604
9.7246
-39.3344
-27.9164
2.86726
-2.28703
-15.175
-16.39
23.3893
11.5447
4.18757
-0.207987
14.7696
6.88063
0.505141
13.5155
22.9637
-24.862
37.6869
-20.2045
24.1897
22.7135
28.7318
26.9057
40.8842
9.5806
3.41247
65.4536
-25.8394
11.5387
-12.0332
24.7434
24.6149
-41.1142
-63.6132
21.0415
-5.01123
35.2265
-35.3895
-41.5478
2.69816
5.30865
28.5152
40.0012
-19.5235
-4.44182
-8.57601
9.11044
1.11665
-3.77532
0.689876
-2.15258
8.0318
-36.5869
-3.5896
8.25708
-5.2798
27.8214
-34.8367
18.5136
8.17233
-23.2261
20.348
14.9432
19.5251
-0.569082
1.52581
-43.8864
60.955
18.8455
-16.8383
10.5664
-3.3164
4.4344
8.20732
-41.4668
-34.1977
-11.0026
33.2422
15.7678
-6.22458
-56.3166
1.25032
-28.4041
15.1792
-17.4429
50.5193
-15.8953
35.0305
27.5631
-0.347295
-42.4857
-10.7673
27.4346
14.6755
0.675819
-29.5612
15.5091
-0.140623
12.6846
-30.9877
-16.6549
-45.9993
9.08143
19.9137
-16.991
-34.6119
4.65329
-43.6729
30.4632
-6.91369
-27.8543
2.00501
1.03061
-10.0507
-0.329563
17.8261
-48.1006
13.2427
-23.3378
-4.13033
24.084
3.0317
10.0291
13.5639
46.4034
18.2364
6.91176
13.3647
4.37135
-7.82139
-4.84717
-5.53183
24.0445
-24.815
5.93587
19.7393
19.8112
11.0818
-17.776
-9.85229
-25.6064
-15.0874
28.4936
1.94204
15.6176
21.9182
36.6071
-14.899
2.65128
-29.3453
-0.44172
7.81658
55.954
-8.06485
3.13136
-14.8791
3.7202
-18.9333
-2.59805
44.4642
-16.2744
-11.613
1.71069
-12.4809
3.63015
38.3146
32.0981
-13.0826
-11.9504
-23.7432
-47.4037
-3.84311
38.3294
-24.2742
11.6211
-49.278
-3.81388
-7.62872
43.6616
48.4598
-12.9129
-21.3285
6.61551
-13.7396
47.4074
12.5648
-4.75367
73.8954
24.4419
-3.01604
-17.3161
-38.007
-6.26943
-39.6519
-21.7362
20.2598
19.5147
-16.128
-17.3892
24.1728
-40.1293
-57.7701
7.21213
-19.3771
-27.4782
39.3846
55.0284
10.9574
25.7501
-15.7887
-16.5417
-4.96825
-9.47243
-13.7538
-3.74904
1.38864
-12.1462
11.3436
-23.2789
6.22682
9.45755
-12.6349
24.8755
5.45804
-16.7037
-17.1005
20.842
0.528689
5.10529
-17.5618
-72.8822
-1.67837
-33.909
-12.6896
2.24962
24.1332
2.20868
23.5337
6.99362
-31.3959
-5.39972
12.3945
-1.11607
3.50547
-3.9489
-2.53226
-11.4512
-63.7576
6.54162
-12.606
8.4444
-36.2367
-1.71656
21.6765
22.1224
3.17828
44.4878
20.1251
-8.19912
-0.170128
-16.4393
-22.7593
-31.874
-23.7127
26.7325
-1.60236
-31.0977
10.4095
6.11757
31.1158
47.1083
-18.6667
-61.9712
-44.1824
22.3944
-0.208702
-1.30663
-3.28123
-7.60759
-26.2863
-14.0176
-31.4657
15.7273
-7.6029
52.7522
-10.0188
-2.42693
-30.5357
-7.04395
-5.20296
63.2115
-23.5426
4.85461
10.2322
15.3623
42.6317
5.55824
-5.03698
10.3519
11.0715
-18.5859
7.08575
-10.2684
22.3602
25.8585
-14.3475
39.4123
-32.3405
-3.76039
-11.3429
5.04038
-7.92627
-23.0949
-20.9899
-2.17708
12.1424
-1.7164
-96.0341
12.2197
-1.78236
-24.8752
-6.66798
24.245
-6.24178
7.18382
11.6298
-0.322206
-20.9245
-57.5589
-3.25931
-11.2823
-23.3869
28.9692
34.5318
57.1393
13.1399
-15.53
-10.6314
-1.68528
12.8952
-14.4518
12.9564
-22.5964
38.4741
30.0856
-2.34548
6.09395
-24.8166
10.7888
-38.6709
-12.148
-10.602
-12.0789
4.05332
14.5897
9.87391
-37.707
28.3567
-14.5066
20.6903
34.1
-1.86382
15.155
-9.06502
18.6382
8.27166
-29.5954
17.1964
-17.2594
-44.596
6.5655
26.6425
11.8785
-16.7368
-35.062
-30.2056
-19.5638
-8.18246
29.2745
-29.9465
17.1945
-3.66856
9.87526
-47.8241
-49.141
-4.02261
-12.6039
-4.45374
21.0602
4.72151
-14.302
15.8644
28.2286
-25.2894
-7.55969
-13.6039
-27.5651
10.5788
-18.4484
-2.89661
34.3903
-29.3267
-8.18168
7.11049
18.4872
-40.287
-27.8836
31.8339
31.7884
26.7325
-46.6151
3.57556
-20.6496
-20.8937
-22.478
15.9173
42.1674
33.9721
-0.439029
-6.19358
-12.3569
20.675
-35.6587
3.14171
15.139
-11.2138
-18.2212
20.2892
-15.8572
4.46575
2.80502
14.4376
10.2074
-4.87969
-4.32121
7.32153
6.75236
29.3605
47.0532
17.1992
13.5859
7.57872
-2.15613
-7.42473
-23.9268
9.17332
-10.1052
31.7623
10.0935
-12.5777
4.94733
-0.332055
-24.9486
0.150827
26.2825
-20.5241
-25.0411
23.392
-19.5489
19.6029
28.7496
-28.0895
-30.4839
18.3053
33.2234
-40.6353
-18.2053
-2.11986
-22.1373
5.62098
20.7297
35.0521
34.0745
-24.1824
58.0131
-0.637482
-3.48073
-51.0587
-37.5401
-22.9535
5.6814
-31.5681
-56.6929
-20.0358
-21.8247
3.88285
-27.4853
-3.02999
12.507
20.7399
-26.8807
-39.308
-12.1939
-53.7644
-38.3685
-56.5529
-2.4315
-16.6323
23.0385
-22.7425
2.7653
18.0959
-12.2073
20.4791
-5.37848
-50.7298
19.9447
-56.4717
-26.0817
21.8281
-39.4895
43.2441
53.1502
-18.6509
27.447
28.3797
21.0795
11.9184
-12.2188
-27.1961
10.0831
-65.4832
31.5679
-5.11414
-20.1823
-0.642325
-6.01509
0.281299
21.0369
26.6829
15.4023
17.1935
3.26606
0.844641
-41.4237
-9.68219
-26.9096
51.5543
10.2326
-40.8648
12.7551
-54.1526
50.2527
7.55832
-11.072
-48.5864
44.3197
-17.6522
34.8293
-10.3194
22.71
-16.4692
10.5285
-56.6769
-0.909128
-0.572544
-15.2524
2.56317
18.4337
-6.7268
24.2675
21.0403
-6.3741
7.55664
34.2831
-18.3432
-1.14664
5.3679
-41.5346
-2.03026
44.7398
11.7386
-3.46277
-83.2641
3.71762
-28.7789
-23.7785
20.5428
-3.28883
-19.4979
9.75764
-0.902242
-8.1385
-55.4126
-6.40856
7.46406
-27.2901
46.3699
48.553
-31.8058
41.9969
23.3201
19.4137
-5.65404
14.8882
23.4659
-5.07816
-27.2196
29.4471
15.3473
-3.67946
19.3099
-43.6402
40.4158
0.64865
-8.21541
-44.2149
-35.2147
39.9677
9.72302
23.3811
-18.9249
-20.4859
-35.1485
-19.0692
-1.38155
16.9141
-25.1139
-7.29377
-24.6717
26.6676
24.7167
-24.8501
-17.2599
-24.9038
26.6004
-13.5863
11.9417
13.7962
3.5997
1.11243
-16.4377
22.5859
-41.0928
-43.6262
-15.1303
-21.0373
18.3289
-7.72371
-12.1627
-21.5624
9.02613
-6.69571
13.0292
-8.08544
3.29555
32.1524
23.5377
-29.5648
29.2084
-0.856507
52.2129
13.302
-24.8008
7.01499
-26.4921
28.7438
19.5864
13.6962
-14.7128
52.3821
59.7939
-5.49334
-20.6584
36.0335
-15.5807
16.8928
29.5691
17.9492
2.15752
-17.2511
29.2428
27.7907
-10.3732
-32.9355
-15.001
-48.0413
-10.3303
44.7286
5.65384
-6.27877
17.5852
16.4596
22.0624
-21.3708
23.6567
-7.54483
-41.7764
-12.2151
-22.368
-21.0887
-15.0052
-43.7457
-36.871
-28.7561
-13.0883
27.526
-14.85
10.5442
2.08059
-12.0557
6.82771
-9.6946
47.0234
-6.70192
12.2889
-19.9207
23.1926
-38.2362
-42.0952
-42.3798
-39.764
41.8002
18.5334
56.952
-2.48536
31.9855
13.7408
-8.75105
12.987
-1.86785
20.8777
18.2185
0.0117967
30.7586
-35.2793
-41.7713
5.30004
18.4261
15.6362
12.4389
-13.7264
19.7574
-14.2311
2.67862
-18.3436
5.50139
-21.0949
30.993
-32.522
6.64963
-4.42047
35.6079
-0.939995
-31.5348
12.2282
10.1307
-1.62178
8.32466
52.3364
-50.7184
17.8569
-29.0331
-14.9038
31.1354
-24.6949
9.46497
18.8269
31.8811
1.20137
-40.099
9.60237
-71.6366
-47.2358
0.0852206
12.6329
-1.20176
6.94472
-35.8702
-23.8545
36.7904
35.1512
17.2576
10.9821
56.1098
10.1517
33.3576
5.3231
-8.69424
4.9669
-30.9744
10.2871
4.83886
-3.54875
-34.4794
-13.3365
-4.70651
-10.3944
-14.2652
-34.9534
-4.785
-25.8221
-66.1887
29.3512
-18.7227
17.2333
49.5144
17.4014
-11.8346
5.50559
4.41339
42.8222
-23.0972
-13.4758
-40.2579
55.9296
10.4961
-16.778
14.3994
7.92718
-12.2493
-11.6772
25.565
-59.3975
-3.08336
13.0001
-38.0612
30.7001
19.9203
-0.230735
-4.55706
12.2036
-19.3742
22.3626
26.0361
40.5335
-35.2008
6.85035
-18.1616
16.8793
-17.9546
-41.3645
-29.4445
17.0177
-36.1786
3.66069
6.51969
54.3261
-16.6722
-1.16267
41.4796
2.23791
47.937
-26.4802
-4.44997
40.7741
31.3698
27.8677
26.7501
-54.3239
-57.8058
26.6333
5.26786
-30.6863
-6.97339
12.9246
-13.0335
-2.34583
-46.6752
38.2795
-20.22
-13.7737
-57.8218
-16.8251
-38.575
15.4323
20.3033
21.8124
-10.3279
-7.22569
-32.5814
19.347
32.3963
37.1635
25.2289
15.3594
-31.6758
-22.4144
18.8433
-8.182
-35.0445
-0.649961
-11.4482
5.56165
-10.9534
15.3723
-10.1438
-3.2148
-5.06467
-4.73245
30.0204
-7.95721
-17.157
31.146
38.3888
26.1938
-47.1636
-17.4397
-36.5336
-47.6535
-18.3084
-12.0093
-48.928
-16.0101
-40.3406
-52.4642
7.11239
-20.1353
30.8002
-14.8337
18.3129
5.90062
4.55364
-0.784905
-29.4445
-12.2509
-0.309061
22.0477
4.51857
-9.99615
-3.54086
-15.4016
-10.2519
19.4587
-31.7859
14.8751
-13.6141
41.597
-14.813
26.6473
-31.7116
-16.0926
-0.211846
-26.2417
-9.58967
40.3594
35.3658
19.2633
-16.5198
-48.8028
47.67
14.0397
30.7867
36.2711
4.91734
-0.0679029
35.1056
-35.6293
-0.44024
17.6673
9.90686
27.7604
37.0138
-2.82605
3.83066
1.85316
10.8044
-18.8673
23.9847
25.2362
40.0419
-1.23142
4.90604
13.1419
-52.1884
-16.422
-14.945
17.4384
-7.51146
0.292271
-35.0701
3.04119
-91.3491
42.4525
23.2518
-19.4185
-16.122
-6.36783
46.0256
14.8247
-22.4396
-41.3879
-41.3026
18.5396
34.3522
29.8165
-36.447
-27.3889
9.50059
-36.7586
7.43572
-104.083
-25.1063
-2.81641
-0.845618
27.7076
1.23765
3.14231
-8.31563
-29.1053
-14.1556
-40.2472
43.7949
-42.1237
78.8319
43.2435
13.5385
24.2875
-21.6886
-12.3817
27.2962
18.7131
21.0327
-11.8036
8.44408
-36.6236
0.0284589
27.1026
-44.0153
25.2796
-6.05525
38.0575
-7.00987
-1.5174
-53.8504
14.9559
8.0504
14.0997
-18.8056
43.181
-17.3761
25.537
-34.9576
27.7739
-9.03905
3.70259
3.97019
3.09472
5.15804
-28.4358
5.18894
-37.6307
-19.8657
-14.166
-6.7396
-1.16714
15.3081
-24.1035
-22.3857
-18.9665
16.4624
-14.5561
16.3773
16.3212
-25.2223
-3.59602
-25.8025
-0.00104696
-12.8105
-10.5658
-1.54656
-48.907
-7.7045
5.0778
-21.8803
35.9371
-31.2042
-66.9585
51.0018
30.1395
-28.1075
-10.4465
17.8753
26.2878
-23.2035
-24.4039
7.94609
-14.1678
25.2549
-16.775
-16.3697
13.3237
-23.4701
-6.4523
-10.6604
-7.92338
7.123
33.9887
39.6154
16.8052
27.5547
-20.6243
27.056
-34.0915
-24.5586
19.3531
-17.837
34.7956
-23.2793
-43.3061
-1.45369
-10.5948
-11.2126
-0.479942
-9.58575
-42.1204
-18.9625
-2.25045
-11.4791
-6.35007
-18.7692
9.64159
-10.743
-69.7755
33.1645
27.7621
36.4553
32.276
23.0064
-12.5652
-0.883767
25.7754
29.0744
12.3693
3.06737
-11.602
28.7928
-32.0672
-13.3943
-8.04193
29.844
-36.2117
28.7241
18.0084
-13.9612
19.6634
-13.361
51.0988
29.8892
27.5772
-3.80694
-23.7996
-2.33928
-35.009
24.0008
43.1226
-0.401356
-26.9973
29.6198
-62.3433
16.2447
-33.0488
-31.1834
-41.5666
25.592
1.94857
-51.209
16.7264
-4.45644
-42.4819
23.9065
-22.0131
42.9942
-4.89273
25.7585
-5.9892
-7.6394
37.3732
2.72072
31.2309
3.64838
-9.07979
35.4706
-66.8437
-56.1157
5.31568
-18.9404
7.49608
-13.4062
-31.9585
21.6238
37.4447
-10.7515
57.699
-29.1905
34.4495
1.84344
0.78514
26.0902
57.6096
-25.891
5.86498
-0.813422
-24.1185
7.25896
-9.45856
-22.6241
41.6533
16.3254
-13.302
-48.4895
14.5888
19.7679
-3.47143
-0.345632
31.5789
16.7523
-23.7683
-7.24913
26.2682
-38.7976
-2.56392
16.8502
-17.7488
30.536
-16.1347
5.14788
-5.70015
12.5411
-21.3343
27.8753
34.1108
-30.1698
6.04915
24.3589
35.0358
-26.1392
43.9539
-28.8538
9.1949
-10.0883
-20.4965
30.3031
-19.5449
22.9318
-28.753
11.9175
-31.2041
-30.6062
18.9526
-23.0534
13.9548
13.8966
7.57149
13.632
-21.0946
44.2494
-13.8562
30.9375
-2.50151
-2.0349
7.65857
-41.6562
-50.9518
30.7355
-22.1247
41.5524
9.26151
-41.9557
21.2217
-9.72089
8.14004
-52.0272
3.52404
-2.98203
19.4819
-4.05929
33.9686
-9.98154
-13.3457
-7.90207
-70.8517
-1.16677
-23.8258
-38.8639
37.5752
-12.15
31.9973
31.9793
4.10065
-9.292
22.181
-0.759517
-22.4576
33.2576
-52.5647
-6.27715
-26.4845
-3.08189
23.8555
8.56697
-14.6861
-3.13664
-15.1056
0.81743
1.7137
11.9733
-6.97558
2.29365
37.607
-7.81845
-10.4419
56.0547
30.0009
-49.1894
-18.8143
-0.470747
-10.2909
-3.81999
-11.0245
-11.9873
10.0236
20.5243
38.4579
-38.6986
18.3168
37.1743
39.7907
-36.2114
29.444
1.76716
-10.506
5.3817
-21.0822
1.61568
5.34703
-12.0203
-25.8924
9.43559
-40.4631
-9.94699
21.1612
-23.9771
20.0352
-25.8493
36.9476
-33.3069
2.77082
-31.4863
-33.3177
-6.68524
-16.1675
23.1851
-16.7849
-27.3883
6.3481
8.94635
18.8642
-37.9165
4.78529
-52.0055
2.54419
-20.3775
12.8907
9.66778
11.5004
-62.1806
-20.5355
19.8759
14.6466
-7.44361
-9.73036
32.2222
35.9416
14.7331
25.9718
10.9391
44.3035
-5.75499
-11.6188
3.28771
-13.2693
-8.97803
13.3959
-3.48549
37.294
-14.5949
33.1662
33.3615
-22.8646
-37.0325
42.567
-13.7501
6.23818
-3.12529
-2.62643
41.5338
5.33831
-22.0338
16.4956
-84.2202
44.8478
12.4786
30.6314
-33.7776
-22.5984
33.6057
-11.6694
-4.06437
45.6779
-20.595
11.7201
17.1427
30.4327
-12.6536
6.30701
-6.5687
16.8343
5.40803
1.07458
-53.0895
44.1157
13.3943
1.61431
-21.1851
17.7093
-11.8835
-46.2297
-58.3943
5.73813
26.5923
-17.6002
-27.5154
42.1491
-24.6575
-2.91797
35.9969
-11.3373
-6.81177
-15.0472
18.6603
12.4307
6.77445
6.94035
-6.32573
22.6728
-30.7132
-4.5469
-10.5012
-20.3189
-7.61319
0.176497
-46.369
-2.70074
-57.6292
-8.79038
26.2338
18.1821
-8.55928
-23.7921
17.7537
13.8381
47.0941
-17.0524
43.943
-40.7404
6.4899
-38.0302
17.2658
10.7183
12.6544
-52.0561
39.8223
-42.1195
-14.5958
26.9173
-28.9819
-33.6266
-11.5222
-3.3848
-38.7342
29.8882
-44.2235
22.7992
-8.18422
-7.25159
-48.6888
10.4843
-18.0666
-25.5882
-31.0625
10.7716
-50.2573
57.8675
-3.48283
-52.3665
20.0402
-11.0083
48.802
13.2244
-26.5118
32.5294
45.6423
-14.9321
-22.1482
-7.59638
21.967
-42.7936
-11.8474
35.3284
29.949
-31.4477
-21.6966
46.3817
-18.0403
11.6924
-9.3821
-29.0791
-7.40132
-29.0378
21.971
-40.8386
-12.2082
18.2643
10.0256
15.1021
10.5515
-3.97062
5.37705
7.96632
-7.33307
24.6165
-11.9101
25.9463
29.6019
21.34
-12.2377
7.24223
-3.92168
-0.0436356
-7.11512
28.1487
1.21514
-12.3968
3.54306
1.50459
21.1996
-37.5322
11.7502
18.845
-25.796
-10.1739
33.3779
-9.69144
-18.0712
4.2023
20.6736
25.2457
-31.3523
-5.04754
18.118
39.5465
-42.7251
15.6342
35.8187
13.8591
-13.6159
-23.4027
20.3951
-3.83704
38.7509
10.5242
-8.35761
18.1034
-0.289637
23.0082
27.9599
-8.58267
18.1339
-43.2584
15.042
17.6059
10.674
-43.4321
36.07
14.6287
1.09019
-7.89604
-18.2483
-52.8012
10.1844
25.2798
-15.5245
-10.5251
5.09968
21.6966
2.06021
-29.8114
28.3168
-54.21
20.9058
46.2438
19.506
-46.3699
-13.544
-0.856127
3.82055
-24.3213
50.0335
6.55936
27.0197
-3.93302
-4.94649
26.5226
28.0401
-22.9328
-42.8875
-35.5263
22.7301
-1.15617
-23.4609
-37.5361
6.65219
-22.9576
-45.3831
39.9996
13.7421
13.8622
3.6877
56.7535
-24.8573
4.76507
13.4337
-12.6097
-4.07759
-12.8925
32.568
-0.208295
52.7646
69.6587
-7.84921
6.06021
-19.7518
-3.3928
-20.2368
-22.4178
-19.4416
-6.9915
19.8584
-3.97978
26.0083
-1.73339
-9.93025
-12.922
-18.0593
-7.46092
-82.4905
47.5314
1.2733
-28.501
16.7082
-37.9209
49.1423
13.4361
-9.42966
-3.44932
-8.28905
-32.863
-49.7874
45.9963
-4.79075
-1.76733
-1.65247
-1.17707
9.16588
6.72464
-8.1199
26.4052
23.707
1.89105
-16.1557
-5.96721
7.48948
31.9091
-6.49598
5.69103
-45.4363
14.5284
0.494134
38.6548
-39.4713
1.52627
-16.9699
21.1464
-31.6631
28.6492
-5.55313
-7.38634
-7.47051
1.68115
-53.1434
-57.6855
51.493
47.8043
7.58131
-13.7166
23.4664
-30.5391
-29.4385
6.49986
-21.6864
-33.3484
-10.0701
-0.712226
6.70621
8.14426
21.2182
31.4835
-6.51921
35.9299
-9.1675
13.3077
-42.045
-26.3712
-29.5113
-21.7511
-41.1713
21.4057
-23.5691
-0.168649
16.5365
-8.5116
14.7518
-2.41564
-20.0038
52.2472
12.1178
2.21751
9.60441
9.88433
-30.8263
0.293413
-9.20483
-80.6414
-18.404
-3.18136
38.6889
-24.9133
-21.6783
-20.5058
2.71751
-10.9994
-31.53
31.223
-81.9588
-45.8244
15.2124
17.3549
-34.651
60.5719
16.2437
2.96625
-7.16943
-24.0383
28.6334
33.8025
28.0097
6.24993
32.1106
-34.0793
4.97835
-19.6244
-47.5496
-13.9441
26.5168
-33.7319
5.31244
-11.2593
19.8793
-45.0771
-13.5126
0.371806
-14.1218
-23.9361
18.6983
25.239
57.4182
-32.9282
37.392
-27.7339
-56.4363
9.15079
-0.538882
3.14475
24.4367
-5.39321
-34.5248
3.52571
-40.776
18.5448
4.505
32.1423
-33.7463
-58.761
22.6056
7.61265
-28.5483
41.074
19.2925
-33.2231
-6.27678
5.13748
-12.4787
-3.8465
43.2564
12.8346
-21.8646
10.911
-12.118
6.99734
26.3284
45.1692
-32.456
-19.6565
-16.8001
-2.99825
-9.49497
21.3953
5.05239
8.7604
0.44973
28.5638
-30.7063
-22.3174
2.55494
30.5662
-11.0461
25.8665
-15.3302
-20.6027
29.0153
49.0889
-32.1295
-5.60785
4.76721
27.7212
23.8294
5.07215
-26.225
24.4458
45.0521
31.5805
10.1099
7.32195
18.9247
-38.2762
-3.20885
-30.1376
-9.34411
-27.924
9.81631
-22.3106
-5.86837
14.1004
-13.0741
5.54071
-17.7614
15.3217
26.4621
7.67331
5.40325
-0.402581
-31.4963
-20.9219
3.03941
7.74435
6.67735
1.37557
-31.4837
16.1796
33.7822
-24.768
-39.7288
-54.4062
23.1106
82.0011
-45.7393
-48.2002
50.8667
-62.0933
3.65214
15.9118
19.8539
-64.4016
55.0458
23.4834
19.2981
-11.3497
-45.3183
23.9384
21.1803
6.86758
-5.09243
2.22188
1.0818
29.9189
5.22143
-14.2484
19.3762
-0.10733
8.14271
24.463
-32.2028
-25.2563
28.8013
11.9406
-27.0183
-34.7911
13.6709
-18.1143
4.48047
-26.7726
-20.7284
7.24724
1.79477
2.62594
3.24208
10.1421
5.18638
-28.687
7.959
33.3883
33.6005
-9.53682
-7.63662
-26.2103
13.9112
-59.1271
-8.57784
-32.5603
10.8696
-16.3045
-8.50569
13.8287
5.71545
41.7476
-2.16424
23.8859
6.47
8.76978
51.7358
-10.7396
33.384
17.8205
-0.989936
-8.93079
23.4262
17.8324
44.1493
-28.5251
-1.8194
3.63224
-0.683355
7.50462
21.3255
-48.5818
34.1141
-19.7351
15.9604
16.2605
2.12865
-20.2471
-33.0847
20.0313
-4.55283
0.91497
6.2713
6.88213
14.8917
23.7731
-9.51561
10.7989
-0.398391
27.0013
-26.209
33.9613
-37.1351
-62.5974
29.476
-0.0664999
5.14849
8.62251
-32.9437
12.9635
20.4612
-9.7059
19.3118
-8.89212
-21.0123
-37.9512
-7.1689
-0.502343
25.6551
-5.37468
-23.7554
29.6132
14.1659
19.0792
19.3321
8.9622
7.28059
-3.58436
-12.3833
-33.2262
-20.8907
-16.6984
-15.6826
-64.0533
29.4361
14.2667
14.251
-0.911042
-30.0469
34.4674
-21.7519
-24.3033
39.4729
-19.0635
22.9793
8.15817
-40.7292
49.9377
-3.33137
7.45321
11.7559
-1.63158
-7.05001
43.3932
-28.575
1.8461
-38.1205
35.5484
5.10337
-0.953871
6.25761
39.1481
-16.7748
-20.0048
26.9455
-3.14845
-11.8164
-21.3917
13.3055
-12.1018
13.7288
-11.952
25.5236
-7.76817
-10.5373
7.31121
-13.4766
24.9219
-3.24199
-18.0593
24.7827
5.31151
8.26178
-17.1678
25.5094
3.30415
-16.1022
-39.5267
18.3264
21.6988
-2.31232
-5.48905
28.845
-20.4383
8.60526
17.0827
-41.3886
-37.0933
-68.5032
15.7538
-42.4774
71.9185
59.4134
-28.2664
-3.89717
28.7255
-23.8791
0.15745
-11.7015
-12.5844
-3.86417
3.08157
-16.3121
-4.91179
4.14571
2.582
-34.0505
-24.1718
12.9968
-0.209923
-3.81117
-56.2736
-40.9352
-14.6313
-9.78223
-7.13889
6.18401
-22.1341
9.82004
-33.8714
26.3363
-62.7539
5.98822
47.7735
-22.8685
-2.29474
2.45276
-19.9662
-33.7979
-0.127442
-6.59151
20.2343
-31.5103
-17.6686
-13.1399
-12.6737
2.87771
15.2824
37.65
-4.29718
-9.54697
10.2569
-21.434
-22.6485
47.0081
24.313
-23.9779
8.30151
2.94943
-0.974079
-72.7404
9.12337
25.9135
8.7343
2.93641
-44.1411
17.6209
-0.416148
-7.2501
-56.3451
-4.32315
-2.46014
49.3936
58.195
-19.9545
18.1708
-36.82
-10.4423
12.4316
0.00113761
10.7375
28.5356
-11.5644
2.49691
3.28084
-8.60894
-21.7927
40.1544
-43.057
-52.0096
33.8341
-49.6419
55.4214
-54.9105
-28.5493
3.22064
16.497
7.99485
-1.54543
-2.9721
13.3408
6.68263
-28.8938
0.853902
-5.23994
15.4066
-22.9023
-5.56847
10.8509
1.62209
-37.254
41.7774
8.64681
27.3407
9.5822
0.0706234
-35.4981
-15.2048
10.5822
12.8367
-15.8215
24.2917
-14.0726
-18.1905
34.8164
-73.4528
34.3598
3.2089
-13.2365
-4.80873
2.23005
-18.1203
-24.0413
-15.2437
-31.4394
0.900702
24.587
65.1512
-93.784
16.3286
19.1478
-27.3116
28.91
-33.2621
-43.4294
-27.1501
19.5688
-27.9032
34.1259
-66.5241
-68.5042
-34.5501
29.8928
-9.7179
-14.6317
11.6412
23.0648
41.9654
18.7488
2.60723
2.74277
-10.9567
-15.0399
4.59829
2.14037
14.8746
11.8461
-19.201
-3.63187
-13.2913
-17.9337
18.9344
-7.17467
-4.99452
30.1728
-11.2141
-1.28312
28.0422
7.67325
-24.2278
-19.1708
34.9847
33.9452
-36.4822
-10.2868
18.2891
-44.0031
24.6594
-54.4442
26.7166
-3.50256
-52.972
3.64999
-29.5912
-1.18884
11.4866
14.2447
6.37508
11.1517
47.106
-24.6036
-61.5761
-25.7054
62.6391
-43.3631
62.7571
48.9999
16.4974
16.0639
-1.67826
5.1221
15.3858
30.7677
3.20673
26.9773
-23.6404
-20.923
31.2132
-23.5018
26.3027
5.08895
23.647
-4.4718
1.7205
-17.9456
-16.2762
2.05002
10.3921
3.48907
30.1681
-17.6391
-40.6847
8.85341
-25.0508
14.9072
-23.9736
0.0564754
-34.5002
-10.9624
-15.1624
-0.478154
18.361
50.8192
-19.2214
7.34874
-4.01327
17.1992
5.51367
-4.20282
23.2646
-26.2378
10.1455
-15.8316
-28.7225
13.8931
-36.3158
-7.15212
5.22387
37.5918
22.072
2.74219
7.61015
13.6334
-12.7082
-21.1783
9.76311
24.4598
-0.106981
-11.8418
11.4725
30.3908
19.6391
0.308305
-2.61663
30.2227
-55.3124
32.4417
-31.8212
27.9426
-7.79856
36.6485
11.6807
8.50457
-2.40122
-37.1361
-32.6665
-3.11117
13.6344
-26.3499
-25.4168
9.79092
-20.0389
-28.7947
-0.484091
11.579
-42.6354
31.3921
-47.9831
-42.3328
-2.07687
-4.82262
-2.70687
43.6262
4.8554
16.8731
9.82893
40.9308
-6.42054
-20.8558
7.37488
26.6207
-0.0924832
22.1821
31.4574
-9.96241
34.4401
-38.469
46.5361
43.7158
-31.5659
34.2147
7.70966
5.49269
10.5075
30.9545
-30.9428
12.2518
-15.829
4.65401
-10.7966
-38.8855
34.4438
-60.4137
-56.4995
9.59383
-16.271
2.65916
18.1916
19.7337
-54.2346
19.1849
25.8609
0.553111
23.5315
6.62121
-16.2406
-23.5715
12.5682
-33.41
-22.7885
18.4581
25.8515
-54.4314
-36.218
-27.1998
-13.0369
-0.660475
-6.49899
-3.84636
18.1655
7.31218
38.6563
-4.17998
36.7402
26.3941
-15.6969
-3.04372
-45.4561
9.67342
1.92193
-17.3726
10.4786
8.08531
11.3665
29.6981
-9.79645
49.0237
-29.5093
22.5697
18.3471
-32.0108
-7.18823
10.215
-6.88177
-32.25
14.2888
24.9683
-23.1692
-12.5614
-3.68303
-34.9158
-3.49019
-17.4836
33.1945
9.88431
28.0363
-23.5098
-6.13765
-5.02256
-31.6623
-6.57702
-14.5019
7.66265
-29.3362
9.36272
51.7907
65.3748
-48.0263
-8.45552
18.281
9.57021
-29.5238
24.7565
-14.9252
1.23989
3.30998
-27.5432
-8.59717
5.79549
-26.4366
-6.58838
6.67445
-0.946178
-4.34696
-15.8232
7.07661
-29.6661
21.3567
-11.4639
-5.26595
5.32594
-27.0192
28.1891
8.27969
24.4935
26.3367
-15.3815
43.5986
-12.2957
43.5774
30.1768
22.1251
-0.784511
5.23189
11.2631
-19.3053
10.2348
22.4902
33.6251
49.8935
77.9722
59.2003
-45.56
-26.8912
21.4418
16.1617
7.83367
7.96277
3.91985
10.383
74.8717
51.0766
-65.6166
11.4461
-31.4526
30.6079
33.6883
-26.028
-85.4145
68.5334
44.5587
-3.71683
1.20934
13.1323
-7.08885
41.6783
13.9701
-26.1621
26.3378
-3.76449
-58.9006
-38.2113
38.839
-32.5663
26.9608
20.8482
20.7799
-3.89615
4.51511
7.14168
26.0007
51.0442
-36.1985
-45.755
28.6226
-9.06456
-21.6537
-12.9697
11.2224
-40.3636
-20.6736
43.4646
56.3836
-0.932127
-44.3447
-43.0642
29.1825
27.758
12.5538
-7.12486
-7.28689
9.08076
10.922
-47.6701
-34.0081
30.5544
-18.6862
26.2905
28.5916
-69.6036
7.82485
32.6211
2.97438
18.2409
35.5269
-15.9472
43.0808
45.1639
-12.4018
15.0984
0.619969
11.7024
12.5141
23.0479
-48.4784
-3.40919
26.1947
17.6386
8.63077
21.6536
18.8486
-19.575
-17.6007
-25.1855
30.5315
5.66051
-14.3247
-9.1264
-15.8807
-1.56418
-42.3811
23.8602
10.479
6.78403
26.0652
47.5292
-35.8992
0.0248994
41.4459
-5.71471
15.0085
-19.5089
5.53104
31.8079
40.7312
18.56
-36.6541
-17.1561
9.2641
13.5264
-34.8161
12.025
12.8784
-15.2741
-14.4647
-27.6999
30.5625
-6.97773
-19.806
22.2849
42.1402
-33.3102
-26.9974
-8.15672
2.01604
-15.9487
56.484
-3.21824
-10.4821
22.4996
-1.2661
35.5042
22.9739
4.01586
-2.91723
12.7782
-47.343
23.7439
34.0324
4.17448
-0.699675
10.5908
16.0159
-6.66076
9.43835
-18.3506
-13.5702
15.5139
-21.7811
-11.6102
19.6103
35.2903
-27.0717
-6.40263
25.5017
-13.213
30.7972
-37.1317
11.0013
11.2965
-51.693
12.2471
47.4297
-21.1326
-49.6407
-9.55746
-5.67331
-8.70946
-11.0859
-19.5742
48.4377
-32.8322
29.5412
-24.2583
-32.6364
-39.6455
19.0462
9.19033
-48.6924
-19.2217
-7.38085
-9.87779
12.2985
-7.13211
-7.83842
-24.2676
61.8011
52.0558
-9.18832
-44.2177
-9.71698
13.0318
-21.5647
9.79919
0.563236
-14.3668
-25.7891
4.52212
-16.2368
-9.22469
-15.9192
24.0687
4.89346
-11.8234
39.4425
67.5611
-18.1508
-40.0305
30.8373
25.7731
9.09653
-45.7589
36.2708
19.6238
-24.6144
-1.86673
41.7905
22.0802
-5.30218
8.92097
14.9161
-11.9381
16.8877
-9.68889
-18.1161
10.6541
49.8313
-33.9747
-22.5829
12.6363
-25.4425
-15.6859
16.8546
-13.2297
-0.564209
-9.66773
-19.479
25.2931
-5.40908
2.21416
5.70217
20.1681
-37.6085
-17.7028
9.61915
15.2566
-2.62748
-6.7956
0.255194
17.8903
-20.2694
-10.7648
-3.34394
-33.64
-81.7571
9.54503
7.0809
-19.1132
5.79317
39.8876
-28.9336
-60.494
-9.50181
-1.40609
-25.8183
23.9937
26.7065
18.4757
-24.8037
-12.8119
21.6748
23.9116
38.8588
26.5677
27.1929
-31.6746
-1.62791
17.9002
-27.8699
19.133
-7.05056
-19.824
18.1855
-30.9301
30.0701
-22.5511
-25.1066
-1.08729
21.8113
-49.3301
20.708
39.7807
-16.5749
-40.3654
37.3276
8.36974
-27.2594
-40.249
-0.698399
26.2019
18.3312
-5.03262
-33.2672
51.9145
17.454
-13.2984
36.793
19.7273
-48.1578
-43.8088
-3.91752
30.9058
16.9388
9.01278
19.2615
-7.09849
2.27359
2.45487
-4.66399
32.3183
-30.206
-3.08838
7.40181
22.741
-18.7873
31.7789
-26.0593
-41.3987
-9.16093
45.8782
-33.8877
-13.6756
-5.16978
-18.6776
-29.91
13.9086
24.132
23.9113
-12.818
5.20333
-15.1764
-22.4102
-11.4931
53.5004
42.2787
-31.7575
18.6803
60.8028
-2.96837
48.767
-49.9488
-46.1766
-5.04928
17.09
-31.2387
2.16711
24.1344
29.0277
18.631
37.1819
-4.55521
-45.9255
32.8152
33.0305
22.8403
3.00045
-6.90691
-1.72454
5.31857
2.20099
-46.1308
42.2684
-3.83436
-36.4543
-27.0159
-35.9332
21.9871
15.0193
-10.6811
17.9655
-30.8414
-47.8489
37.7092
60.3663
58.101
-39.5203
-28.2111
57.0405
55.4067
28.7792
-22.8833
-21.7616
-3.24582
6.45561
-39.2028
1.55514
27.4661
-20.186
-18.0637
0.311311
-1.7926
-28.1529
16.0266
22.2946
10.5164
-9.86885
13.7886
-5.62654
58.6564
59.2958
-60.9243
-15.8418
23.6965
-7.99002
13.9505
1.55162
-11.1672
42.6552
18.4162
20.9048
-33.4899
-42.8383
-18.7792
14.9281
-0.798746
-23.5458
26.2365
-4.29254
-1.62967
-13.286
-5.01392
36.9889
21.9761
-1.67356
-47.4201
-37.0674
13.8528
40.3216
-5.22168
-38.2186
4.19266
12.9948
-32.1357
-9.98827
6.42985
3.93494
-10.936
