-0.00318718
0.094848
0.191963
0.287237
0.379737
0.468587
0.552918
0.631929
0.704846
0.770978
0.829675
0.880375
0.922575
0.955867
0.979909
0.994451
0.999319
0.994911
0.980838
0.957251
0.924404
0.882629
0.832329
0.774012
0.708226
0.635624
0.556891
0.472803
0.384151
0.29181
0.196648
0.0996032
0.00158787
-0.0964304
-0.193532
-0.288759
-0.381214
-0.469991
-0.554248
-0.63316
-0.705978
-0.77199
-0.830565
-0.881127
-0.923186
-0.95633
-0.98022
-0.994606
-0.999318
-0.994761
-0.980531
-0.956793
-0.923799
-0.881876
-0.831449
-0.772998
-0.707103
-0.634389
-0.555571
-0.471393
-0.382684
-0.29028
-0.19509
-0.0980117
0
0.0980117
0.19509
0.29028
0.382684
0.471393
0.555571
0.634389
0.707103
0.772998
0.831449
0.881876
0.923799
0.956793
0.980531
0.994761
0.999318
0.994606
0.98022
0.95633
0.923186
0.881127
0.830565
0.77199
0.705978
0.63316
0.554248
0.469991
0.381214
0.288759
0.193532
0.0964304
-0.00158787
-0.0996032
-0.196648
-0.29181
-0.384151
-0.472803
-0.556891
-0.635624
-0.708226
-0.774012
-0.832329
-0.882629
-0.924404
-0.957251
-0.980838
-0.994911
-0.999319
-0.994451
-0.979909
-0.955867
-0.922575
-0.880375
-0.829675
-0.770978
-0.704846
-0.631929
-0.552918
-0.468587
-0.379737
-0.287237
-0.191963
-0.094848
