0
-1.70921
0.0318163
2.56018
0.233262
0.253477
0.499581
0.45226
0.334898
0.353548
0.323678
0.294307
0.239412
0.229686
0.227736
0.194677
0.18278
0.15611
0.16519
0.150103
0.135731
0.133814
0.134039
0.117076
0.0878929
0.0898936
0.0890199
0.0925473
0.0802284
0.0573675
0.0735494
0.0815422
0.0637136
-0.0168816
0.0483299
0.0359905
0.0296481
0.0213196
0.0222411
0.0271839
0.025259
0.0229186
0.0276605
0.0331858
0.0141202
0.0140715
0.00992638
0.0111407
0.00529204
0.00121643
1.97957e-05
-0.00122569
-0.00530111
-0.0111444
-0.00992512
-0.0140701
-0.0141475
-0.0332282
-0.0276612
-0.0229278
-0.0252511
-0.0271434
-0.0222759
-0.0213705
-0.0296526
-0.0359956
-0.0483107
0.0169854
-0.0637732
-0.0815793
-0.0735644
-0.0573715
-0.0802152
-0.092498
-0.0891026
-0.0899004
-0.0879117
-0.117077
-0.134012
-0.133745
-0.135747
-0.150128
-0.1652
-0.156108
-0.182743
-0.194641
-0.227827
-0.229746
-0.239414
-0.294305
-0.323667
-0.353527
-0.334896
-0.452225
-0.499555
-0.253385
-0.233306
-2.56076
-0.031397
1.7095
