-0.242427
0.905286
0.466214
0.195683
-0.689543
-0.687311
-0.87894
0.736238
0.201035
0.411647
-0.957846
0.941401
0.651968
-0.590222
-0.643311
-0.634702
-0.388246
0.0501969
-0.140014
-0.417369
0.218242
-0.725526
-0.410709
-0.258063
-0.07732
0.56641
-0.604802
0.0319868
0.17497
-0.905304
0.220841
-0.655223
-0.832494
0.933037
0.929115
0.58554
-0.422051
-0.803169
0.370367
-0.1366
-0.754181
-0.00262883
-0.902874
0.837068
-0.475643
0.334401
-0.366487
0.0608619
0.10496
-0.587658
0.979999
0.560424
0.870894
0.749755
0.150199
0.766987
-0.897267
-0.641028
-0.909431
-0.328151
-0.205925
-0.420602
0.669914
-0.291344
