-0.00348802
0.0083532
0.0401525
0.0843925
0.142714
0.217571
0.295444
0.377582
0.463842
0.551018
0.63933
0.720507
0.795696
0.864287
0.926818
0.986941
1.04468
1.10639
1.17361
1.2485
1.3357
1.43724
1.55515
1.68905
1.84996
2.04092
2.24946
2.46644
2.68656
2.90109
3.10715
3.29232
3.44988
3.57269
3.65812
3.70848
3.71644
3.68713
3.61927
3.52066
3.39502
3.24403
3.07435
2.89661
2.70734
2.51139
2.31431
2.12532
1.94423
1.769
1.61101
1.46019
1.32395
1.1979
1.08448
0.983365
0.892357
0.81713
0.753838
0.699545
0.666604
0.646806
0.6389
0.645977
0.661949
0.686282
0.71244
0.742457
0.769344
0.786367
0.786034
0.764691
0.719307
0.657326
0.571362
0.471936
0.361954
0.242826
0.122567
0.00805591
-0.0937645
-0.184162
-0.250982
-0.295694
-0.313492
-0.29688
-0.253334
-0.182475
-0.0833914
0.0425806
0.187615
0.349136
0.527459
0.730146
0.946559
1.1782
1.42475
1.70091
2.00069
2.30639
2.61052
2.90368
3.18698
3.45237
3.67844
3.86255
4.00846
4.11444
4.17569
4.1934
4.16973
4.10133
4.00002
3.85963
3.69906
3.52102
3.32058
3.10529
2.88168
2.65535
2.4328
2.2114
1.99404
1.78696
1.5896
1.4003
1.21944
1.05317
0.900416
0.759666
0.639341
0.53928
0.464365
0.412681
0.380919
0.368132
0.379965
0.410352
0.456198
0.512962
0.583234
0.656584
0.727622
0.789949
0.844688
0.889658
0.918901
0.928451
0.920718
0.897763
0.854588
0.793009
0.720364
0.639084
0.551702
0.45975
0.369642
0.288817
0.217411
0.152264
0.0984201
0.0651965
0.0477552
0.0396519
0.0495435
0.0706906
0.111023
0.159167
0.212351
0.275484
0.337121
0.404944
0.479378
0.555769
0.637958
0.72807
0.824656
0.934337
1.05176
1.17571
1.30271
1.44624
1.59947
1.76483
1.95093
2.16527
2.40847
2.66528
2.91908
3.16904
3.41039
3.64093
3.83807
3.99587
4.10592
4.16591
4.18303
4.15245
4.07482
3.95491
3.80215
3.60899
3.39176
3.15767
2.90692
2.63984
2.37267
2.11046
1.85966
1.62006
1.38099
1.16297
0.961469
0.775198
0.602698
0.447665
0.31361
0.198499
0.0999556
0.0305685
-0.00851386
-0.00754204
0.0224261
0.0735713
0.152414
0.254473
0.371325
0.496059
0.627671
0.757773
0.879384
0.984629
1.07137
1.13099
1.16263
1.15546
1.12182
1.05924
0.972095
0.859374
0.724825
0.58698
0.450097
0.312013
0.182963
0.0675782
-0.0250017
-0.0943945
-0.135551
-0.142989
-0.121267
-0.0775954
-0.0132728
0.0734526
0.174164
0.288658
0.406067
0.528553
0.661118
0.799403
0.94074
1.0871
1.25386
1.43811
1.63412
1.8505
2.10432
2.39455
2.70836
3.02352
3.33556
3.64121
3.93066
4.17808
4.38
4.52726
4.62103
4.64388
4.5991
4.50054
4.34399
4.14399
3.89311
3.6205
3.32859
3.02354
2.70624
2.39083
2.08955
1.80168
1.53129
1.28099
1.04517
0.83074
0.636733
0.458178
0.304455
0.173355
0.0605444
-0.0357806
-0.0970769
-0.132167
-0.135883
-0.118465
-0.0698297
0.0112269
0.110402
0.225863
0.34456
0.472091
0.600683
0.714958
0.813102
0.889731
0.936581
0.948495
0.921971
0.859891
0.770201
0.650183
0.500546
0.333743
0.157509
-0.0208459
-0.199023
-0.358816
-0.504477
-0.621462
-0.713039
-0.77126
-0.792795
-0.770695
-0.717954
-0.637622
-0.523336
-0.382807
-0.225228
-0.0574093
0.125604
0.325115
0.536949
0.751023
0.981945
1.23085
1.49077
1.76325
2.05308
2.37102
2.71907
3.07808
3.43469
3.77717
4.09879
4.39359
4.62914
4.80657
4.91288
4.95848
4.91417
4.80255
4.62073
4.3723
4.0828
3.75333
3.40934
3.05279
2.68847
2.32622
1.97817
1.65441
1.36221
1.09272
0.846159
0.628125
0.444901
0.291163
0.164965
0.062143
-0.0133621
-0.0622455
-0.0925719
-0.092479
-0.0691129
-0.0194666
0.0446712
0.130696
0.232763
0.349589
0.466547
0.587276
0.700819
0.799475
0.873901
0.92365
0.935835
0.915045
0.851524
0.746043
0.615376
0.452043
0.264485
0.0492826
-0.174443
-0.392591
-0.602371
-0.791644
-0.952697
-1.08048
-1.16581
-1.21353
-1.21192
-1.17316
-1.08337
-0.966418
-0.811025
-0.60823
-0.38445
-0.143732
0.110948
0.391198
0.684801
0.980359
1.27826
1.5877
1.90735
2.2403
2.56844
2.91718
3.29004
3.68031
4.05509
4.41801
4.7605
5.07453
5.3166
5.48333
5.58132
5.58178
5.50321
5.34021
5.12088
4.82537
4.48417
4.10236
3.69013
3.28146
2.87422
2.4693
2.08357
1.73144
1.4234
1.13464
0.883122
0.666638
0.486775
0.35025
0.232953
0.147159
0.0880013
0.0614576
0.050639
0.0703813
0.122324
0.189298
0.265368
0.350982
0.443616
0.54233
0.637769
0.71851
0.783425
0.822942
0.834827
0.815807
0.764472
0.684708
0.560008
0.400613
0.218295
0.020777
-0.188617
-0.414872
-0.639506
-0.853443
-1.03292
-1.18785
-1.31243
-1.39843
-1.42257
-1.40154
-1.3417
-1.22539
-1.07374
-0.887587
-0.676841
-0.421107
-0.147556
0.142074
0.453904
0.780267
1.12631
1.47601
1.8274
2.17708
2.5314
2.88505
3.23858
3.59609
3.96668
4.3359
4.69694
5.03121
5.34481
5.60047
5.79861
5.91408
5.95481
5.88532
5.72968
5.49638
5.16753
4.79006
4.36867
3.9197
3.44885
2.98593
2.53385
2.10801
1.71359
1.35941
1.05644
0.806565
0.590686
0.42154
0.295464
0.212954
0.158427
0.123887
0.116655
0.127047
0.158189
0.199092
0.261137
0.329759
0.402902
0.478187
0.554875
0.623831
0.674831
0.701085
0.703001
0.681953
0.626474
0.530957
0.394835
0.225462
0.0278559
-0.192551
-0.429843
-0.682842
-0.928331
-1.16542
-1.37767
-1.54054
-1.67258
-1.7673
-1.81709
-1.79148
-1.71743
-1.59755
-1.44942
-1.2433
-1.00403
-0.742761
-0.452006
-0.15462
0.165065
0.501585
0.861859
1.23603
1.60684
1.98433
2.36757
2.74915
3.12832
3.48699
3.85122
4.22509
4.61512
4.98148
5.31044
5.61286
5.84936
6.03805
6.14304
6.15692
6.05214
5.86771
5.5929
5.24914
4.813
4.33365
3.82995
3.31441
2.81395
2.33696
1.89866
1.50511
1.16307
0.884363
0.676304
0.516031
0.399701
0.319458
0.291932
0.286847
0.29387
0.317662
0.36204
0.414726
0.467014
0.529071
0.58992
0.645246
0.686467
0.710129
0.722644
0.707047
0.652951
0.562898
0.443616
0.294297
0.113929
-0.100526
-0.338741
-0.593082
-0.844855
-1.09092
-1.3257
-1.52509
-1.70566
-1.84779
-1.95164
-1.98541
-1.9777
-1.92617
-1.79986
-1.63179
-1.42288
-1.1883
-0.920325
-0.637729
-0.339982
-0.033339
0.288063
0.611487
0.943076
1.28901
1.6394
1.98961
2.33756
2.68104
3.02447
3.36636
3.69957
4.04606
4.41185
4.80033
5.17646
5.53731
5.85905
6.1433
6.33044
6.42693
6.43195
6.28398
6.04567
5.71959
5.31526
4.82315
4.29552
3.75398
3.22204
2.72353
2.26974
1.86433
1.5269
1.24686
1.03378
0.876999
0.777601
0.708589
0.666042
0.65405
0.656926
0.660768
0.66401
0.670229
0.680856
0.694162
0.706373
0.724893
0.736339
0.739398
0.721782
0.683086
0.614533
0.507632
0.347984
0.149248
-0.0820578
-0.341665
-0.629132
-0.933695
-1.23881
-1.50947
-1.75637
-1.96524
-2.13636
-2.22775
-2.2535
-2.22466
-2.10937
-1.9523
-1.75497
-1.5259
-1.2571
-0.973986
-0.689028
-0.398311
-0.116673
0.161514
0.436616
0.710519
0.980573
1.26365
1.55796
1.86101
2.16893
2.48256
2.80053
3.12431
3.44845
3.77775
4.12068
4.49822
4.89309
5.26456
5.61742
5.93973
6.22248
6.38685
6.4612
6.42732
6.29275
6.02734
5.67009
5.24506
4.72667
4.17889
3.63509
3.11736
2.65178
2.23312
1.86564
1.55753
1.34093
1.1924
1.08584
1.01419
0.96242
0.932183
0.909151
0.889947
0.858688
0.818891
0.77859
0.7408
0.705503
0.663862
0.616979
0.561085
0.492231
0.414521
0.306981
0.157376
-0.0336469
-0.251997
-0.48861
-0.748141
-1.02664
-1.31335
-1.59484
-1.84844
-2.0345
-2.17832
-2.28273
-2.34129
-2.31853
-2.24104
-2.1161
-1.95877
-1.74126
-1.4992
-1.2346
-0.949089
-0.674992
-0.416803
-0.172857
0.0734049
0.313363
0.545632
0.779063
1.02297
1.28228
1.55186
1.83894
2.14176
2.46342
2.80063
3.14456
3.48763
3.84987
4.23445
4.66219
5.1076
5.54322
5.92095
6.26042
6.54634
6.67462
6.67975
6.54542
6.30171
5.93452
5.49121
4.9604
4.37675
3.76166
3.18889
2.6814
2.24405
1.86311
1.56607
1.35302
1.25757
1.22452
1.21662
1.21507
1.22841
1.25346
1.26867
1.24836
1.18668
1.10043
1.01412
0.926383
0.826257
0.705679
0.570169
0.440096
0.306851
0.157118
-0.0308666
-0.260639
-0.515228
-0.789519
-1.04941
-1.32166
-1.60511
-1.86327
-2.08279
-2.24643
-2.35916
-2.38651
-2.37764
-2.31027
-2.17152
-1.9924
-1.7925
-1.58688
-1.35193
-1.10788
-0.854362
-0.612712
-0.387399
-0.189585
0.00117761
0.207814
0.421139
0.634863
0.849797
1.09083
1.36032
1.65133
1.95419
2.25676
2.57664
2.91583
3.2652
3.63137
4.02868
4.48335
4.96413
5.4582
5.93355
6.34
6.68586
6.94067
7.07623
6.97445
6.72513
6.33984
5.82687
5.24179
4.60124
3.94818
3.33036
2.79437
2.36201
2.02541
1.79292
1.6529
1.60315
1.63709
1.69615
1.74684
1.77706
1.7829
1.76033
1.70457
1.60849
1.46841
1.31206
1.15555
0.995953
0.827921
0.647446
0.458491
0.26555
0.0600271
-0.173484
-0.447019
-0.749005
-1.06315
-1.37462
-1.64881
-1.90432
-2.12628
-2.29626
-2.38773
-2.40638
-2.37574
-2.2604
-2.11553
-1.94665
-1.75941
-1.56608
-1.38505
-1.22155
-1.0526
-0.889767
-0.737241
-0.598827
-0.461117
-0.31697
-0.155541
0.0260878
0.250171
0.513547
0.811844
1.13817
1.47628
1.81435
2.15301
2.48849
2.83943
3.19487
3.55213
3.93832
4.3743
4.88088
5.4078
5.93879
6.42416
6.83623
7.11874
7.26407
7.24117
6.92087
6.43676
5.83767
5.16979
4.43694
3.69084
2.9934
2.45271
2.06602
1.81766
1.68408
1.67081
1.75454
1.90763
2.08228
2.20822
2.26517
2.26282
2.18553
2.04881
1.84771
1.59068
1.3138
1.06457
0.842931
0.640713
0.439079
0.231982
0.0317822
-0.162311
-0.389006
-0.673797
-1.00078
-1.34494
-1.68054
-1.99007
-2.23425
-2.41939
-2.5293
-2.5571
-2.4841
-2.35753
-2.19489
-2.01714
-1.79167
-1.57071
-1.38295
-1.235
-1.13059
-1.04429
-0.971352
-0.894126
-0.822632
-0.745346
-0.641126
-0.507055
-0.341267
-0.146215
0.108229
0.393314
0.70811
1.04228
1.39738
1.73876
2.06402
2.40356
2.78006
3.18077
3.58668
4.01957
4.533
5.1368
5.71582
6.23364
6.66172
7.01512
7.22232
7.2509
7.03588
6.61929
5.98595
5.28798
4.55298
3.80339
3.11104
2.55798
2.18123
2.02587
2.0042
2.07249
2.21495
2.40974
2.61397
2.75987
2.75988
2.64431
2.45486
2.23102
1.94784
1.60597
1.24664
0.943942
0.719167
0.537454
0.350754
0.158715
-0.0331355
-0.224812
-0.443354
-0.73415
-1.08852
-1.47084
-1.81288
-2.11499
-2.36787
-2.56987
-2.62461
-2.57871
-2.43528
-2.23081
-2.0286
-1.84353
-1.6713
-1.50765
-1.39516
-1.35624
-1.36677
-1.371
-1.35192
-1.31653
-1.25089
-1.15716
-1.0091
-0.805809
-0.568494
-0.333156
-0.0884398
0.20944
0.5311
0.858683
1.17444
1.48186
1.80603
2.15954
2.54432
2.95722
3.39542
3.87515
4.4212
5.04476
5.69997
6.31033
6.73516
7.05156
7.23135
7.19433
6.93529
6.46309
5.854
5.14272
4.43662
3.75187
3.14487
2.70493
2.46223
2.39472
2.47723
2.62529
2.81555
3.01912
3.18007
3.25219
3.1962
2.98354
2.70405
2.38366
2.03857
1.667
1.30928
1.00616
0.779865
0.613224
0.439861
0.231373
0.000257506
-0.242503
-0.535495
-0.900886
-1.2983
-1.69094
-2.02696
-2.27433
-2.44938
-2.54613
-2.54619
-2.39327
-2.18801
-1.97788
-1.80811
-1.68411
-1.60838
-1.57034
-1.56833
-1.61087
-1.66871
-1.69505
-1.63849
-1.53293
-1.40328
-1.2599
-1.04031
-0.787963
-0.538692
-0.326915
-0.144867
0.0635635
0.314348
0.60839
0.902102
1.22198
1.61235
2.06902
2.56069
3.05942
3.5509
4.0568
4.58494
5.12644
5.64428
6.12837
6.5564
6.81041
6.95732
6.95007
6.7618
6.37595
5.88031
5.32791
4.70485
4.07697
3.50347
3.06438
2.80883
2.69908
2.69225
2.76927
2.94194
3.14843
3.32434
3.3942
3.35654
3.22946
3.02466
2.70186
2.31181
1.88727
1.47993
1.12243
0.819967
0.553026
0.307165
0.0630426
-0.173656
-0.424664
-0.712268
-1.05578
-1.43547
-1.76756
-2.05852
-2.29867
-2.48537
-2.57048
-2.54746
-2.42644
-2.21766
-2.01989
-1.84935
-1.71794
-1.63959
-1.63675
-1.70034
-1.80557
-1.87967
-1.91243
-1.88921
-1.80491
-1.67538
-1.50041
-1.28647
-1.01576
-0.760994
-0.544066
-0.355478
-0.135272
0.128982
0.420614
0.740645
1.08859
1.50728
1.98172
2.4693
2.94196
3.41663
3.87737
4.32647
4.7383
5.1447
5.56155
6.00625
6.42364
6.75466
6.86532
6.84948
6.69559
6.35674
5.87682
5.30733
4.71255
4.13051
3.63288
3.25451
3.02891
2.9479
3.00751
3.17468
3.37629
3.54814
3.65129
3.67088
3.57138
3.34401
3.00287
2.55518
2.10078
1.66674
1.26316
0.906638
0.621734
0.39955
0.224814
0.0307156
-0.209422
-0.494011
-0.821361
-1.1898
-1.5785
-1.96554
-2.25525
-2.4581
-2.56114
-2.5433
-2.43824
-2.2735
-2.09031
-1.88775
-1.74184
-1.68854
-1.72202
-1.82165
-1.94499
-2.0678
-2.11693
-2.10422
-2.00018
-1.81098
-1.56394
-1.30699
-1.05855
-0.803548
-0.581289
-0.407215
-0.261213
-0.088173
0.14363
0.433794
0.778758
1.20574
1.69803
2.23193
2.75634
3.2521
3.7301
4.19487
4.56915
4.90185
5.22011
5.56206
5.92727
6.25601
6.50587
6.58106
6.57888
6.45181
6.16685
5.70899
5.18597
4.66191
4.15299
3.69493
3.32827
3.11229
3.07451
3.17756
3.34674
3.5065
3.63968
3.71984
3.72028
3.56735
3.2589
2.84172
2.38989
1.92673
1.47714
1.05153
0.693006
0.428041
0.247712
0.0697008
-0.143114
-0.39837
-0.688521
-0.998988
-1.36794
-1.77075
-2.16355
-2.41097
-2.55483
-2.60746
-2.57564
-2.46489
-2.28885
-2.09145
-1.91203
-1.8171
-1.81796
-1.88212
-1.98019
-2.09234
-2.21736
-2.25826
-2.20854
-2.06159
-1.84746
-1.61418
-1.37728
-1.14205
-0.902352
-0.690524
-0.537205
-0.392969
-0.193143
0.1054
0.469921
0.873816
1.32984
1.83173
2.35964
2.85553
3.27218
3.63402
3.96464
4.24768
4.53447
4.83256
5.19309
5.61061
6.0685
6.47284
6.66042
6.72224
6.60316
6.31829
5.83496
5.24595
4.61503
4.03055
3.56988
3.26388
3.13091
3.17718
3.35756
3.60268
3.83981
3.94931
3.92777
3.76807
3.46239
3.04981
2.55376
2.04616
1.58975
1.22121
0.932688
0.7072
0.533148
0.386062
0.230432
-0.00575881
-0.345501
-0.770848
-1.22483
-1.6664
-2.07974
-2.45872
-2.65925
-2.71468
-2.64968
-2.49587
-2.31462
-2.12958
-1.97234
-1.86776
-1.86553
-1.97849
-2.1513
-2.32001
-2.44136
-2.51604
-2.51285
-2.35107
-2.09869
-1.77375
-1.4484
-1.16809
-0.953434
-0.782208
-0.644621
-0.547417
-0.438281
-0.260905
0.0519769
0.465776
0.951477
1.47172
2.00827
2.52978
2.99546
3.3541
3.64883
3.90808
4.17696
4.43362
4.72902
5.13056
5.61694
6.16517
6.64167
7.01325
7.08416
6.9491
6.63331
6.08472
5.42299
4.72266
4.09873
3.64238
3.36679
3.26954
3.36353
3.61607
3.9329
4.21467
4.30611
4.23001
4.02256
3.6727
3.19911
2.64877
2.10859
1.65711
1.3088
1.03127
0.811848
0.6424
0.486222
0.285593
-0.00703438
-0.405472
-0.87868
-1.36437
-1.82618
-2.21297
-2.52389
-2.71093
-2.68909
-2.57967
-2.39985
-2.2245
-2.07846
-1.99687
-1.98874
-2.07006
-2.24418
-2.43672
-2.60509
-2.67512
-2.67044
-2.56359
-2.31079
-2.00433
-1.67777
-1.40356
-1.19529
-1.06412
-0.989097
-0.924808
-0.85823
-0.722348
-0.49218
-0.111978
0.384609
0.964098
1.55098
2.09042
2.55599
2.95551
3.22856
3.41794
3.55993
3.73538
3.9649
4.2655
4.68527
5.23229
5.88717
6.50868
7.03659
7.23572
7.18906
6.94065
6.43237
5.7651
5.05288
4.423
3.93827
3.63386
3.52389
3.62416
3.86739
4.14425
4.37876
4.50351
4.41218
4.18017
3.79856
3.33224
2.82884
2.35646
1.94464
1.63884
1.40287
1.20485
1.02396
0.838706
0.598075
0.261474
-0.17689
-0.67259
-1.1499
-1.60227
-1.96531
-2.25851
-2.41284
-2.37932
-2.30892
-2.21535
-2.1525
-2.10214
-2.11591
-2.19215
-2.30005
-2.44045
-2.53739
-2.58055
-2.5053
-2.37591
-2.17601
-1.9499
-1.6785
-1.44665
-1.30292
-1.24102
-1.23192
-1.21666
-1.20134
-1.07867
-0.843574
-0.467506
0.0724337
0.6765
1.30451
1.90394
2.39984
2.76211
3.01187
3.16998
3.31237
3.4727
3.67944
3.96194
4.35633
4.89227
5.51598
6.18264
6.77482
7.27492
7.5309
7.3851
7.03425
6.45897
5.79537
5.1276
4.57604
4.18375
4.01564
4.01965
4.18804
4.44799
4.68986
4.85221
4.87003
4.68189
4.38901
3.97372
3.51735
3.06497
2.6827
2.3581
2.08056
1.82271
1.57417
1.30193
0.991209
0.624306
0.199765
-0.230201
-0.673022
-1.05506
-1.38972
-1.61729
-1.79661
-1.88844
-1.94934
-1.95111
-1.96025
-2.02101
-2.08394
-2.1744
-2.26063
-2.37783
-2.43628
-2.43368
-2.40059
-2.29444
-2.18351
-2.04585
-1.92142
-1.76617
-1.62198
-1.52595
-1.45018
-1.38675
-1.26927
-1.11939
-0.868768
-0.538152
-0.130635
0.37362
0.922477
1.45821
1.93162
2.2878
2.54531
2.74569
2.91357
3.09494
3.31986
3.61606
4.01542
4.50248
5.05231
5.58561
6.12087
6.61348
7.07645
7.33823
7.24256
7.02158
6.66644
6.27418
5.78461
5.28806
4.86516
4.60807
4.47466
4.40854
4.37838
4.3981
4.47367
4.51853
4.41975
4.24011
3.98676
3.73063
3.43765
3.10601
2.71818
2.33295
1.96596
1.62313
1.25745
0.85451
0.45157
0.105378
-0.228543
-0.56751
-0.910841
-1.2331
-1.4504
-1.63799
-1.80667
-1.99637
-2.10671
-2.15736
-2.22111
-2.29731
-2.41353
-2.49697
-2.5613
-2.53558
-2.47945
-2.42989
-2.33297
-2.20109
-2.03004
-1.89772
-1.7912
-1.69647
-1.60753
-1.50459
-1.4317
-1.34285
-1.22281
-0.998256
-0.658003
-0.292871
0.126217
0.602281
1.11724
1.60496
2.00274
2.27599
2.50766
2.70129
2.89873
3.11006
3.37237
3.69985
4.08049
4.52904
4.96989
5.41955
5.83118
6.27604
6.65071
6.78606
6.80526
6.63878
6.41945
6.06353
5.64876
5.17416
4.77932
4.49755
4.31763
4.19869
4.1406
4.15741
4.20772
4.24615
4.16453
3.99859
3.79884
3.52854
3.21891
2.85277
2.47941
2.09923
1.73178
1.37052
1.01746
0.666163
0.329365
-0.00648623
-0.328861
-0.657617
-1.00154
-1.31383
-1.6071
-1.83803
-2.05863
-2.18004
-2.24306
-2.31038
-2.34856
-2.40662
-2.45269
-2.52745
-2.58559
-2.5875
-2.59448
-2.56653
-2.54037
-2.47024
-2.39035
-2.27416
-2.12286
-1.99098
-1.84519
-1.70911
-1.55844
-1.42769
-1.26296
-1.02691
-0.760891
-0.433501
-0.0617992
0.381345
0.849209
1.3084
1.69943
2.04381
2.31056
2.53489
2.72234
2.93148
3.17058
3.45092
3.80974
4.21848
4.68205
5.13174
5.60844
6.05039
6.48821
6.69378
6.68704
6.6016
6.34519
6.03321
5.60813
5.19762
4.84257
4.59022
4.41922
4.30933
4.26965
4.27233
4.2923
4.2217
4.08124
3.91751
3.70474
3.46084
3.17065
2.87634
2.54145
2.18951
1.81777
1.43993
1.05671
0.669672
0.287346
-0.0522069
-0.328995
-0.616124
-0.881916
-1.14021
-1.35418
-1.58164
-1.80067
-1.96508
-2.12827
-2.24794
-2.37648
-2.46329
-2.54176
-2.56398
-2.51905
-2.49589
-2.43781
-2.39014
-2.3261
-2.29094
-2.23049
-2.11348
-2.00679
-1.87496
-1.74204
-1.56164
-1.3941
-1.21949
-1.01765
-0.809545
-0.577752
-0.352108
-0.0668111
0.28315
0.722397
1.17545
1.5932
1.94779
2.26963
2.51912
2.73444
2.9325
3.16916
3.45067
3.77284
4.15477
4.55134
4.98283
5.39022
5.82815
6.17315
6.39236
6.53461
6.49125
6.39399
6.18226
5.92739
5.53475
5.15079
4.86009
4.64259
4.47324
4.33822
4.28051
4.28074
4.25253
4.18207
4.03671
3.8687
3.64796
3.40388
3.10411
2.75691
2.39963
2.02312
1.65028
1.29908
0.945559
0.593031
0.29317
0.00725559
-0.243153
-0.528206
-0.816525
-1.11084
-1.36119
-1.54894
-1.77356
-1.95557
-2.12394
-2.2118
-2.31194
-2.38281
-2.37975
-2.37744
-2.34084
-2.33545
-2.29992
-2.28113
-2.20864
-2.13814
-2.0069
-1.86081
-1.73978
-1.60169
-1.47726
-1.34928
-1.25889
-1.13187
-0.96211
-0.771646
-0.528172
-0.271402
0.0640183
0.460569
0.912089
1.33374
1.71405
2.03317
2.31025
2.51489
2.6816
2.83807
3.04899
3.35292
3.73337
4.17831
4.6269
5.08688
5.47307
5.80088
6.14738
6.37243
6.53062
6.53785
6.51887
6.36278
6.017
5.63812
5.24796
4.94241
4.70158
4.51984
4.38492
4.33147
4.34651
4.35263
4.32512
4.20986
4.06278
3.83421
3.50278
3.14292
2.76447
2.40595
2.07585
1.76738
1.46696
1.17016
0.859668
0.558206
0.245887
-0.0651579
-0.409428
-0.741659
-1.06734
-1.31708
-1.52267
-1.74564
-1.91954
-2.09385
-2.21934
-2.37151
-2.46086
-2.49586
-2.52517
-2.48727
-2.45064
-2.37431
-2.31332
-2.19928
-2.06432
-1.95105
-1.83231
-1.74778
-1.66481
-1.59876
-1.48992
-1.3613
-1.24111
-1.08102
-0.907772
-0.694216
-0.486537
-0.2029
0.159349
0.578238
1.02242
1.45169
1.83819
2.19547
2.47698
2.6413
2.77304
2.91698
3.13515
3.42683
3.79007
4.19344
4.57537
4.97803
5.33008
5.69597
5.98797
6.25612
6.35599
6.24013
6.09973
5.86404
5.60616
5.27006
4.97983
4.74945
4.57116
4.41482
4.24981
4.11715
4.01523
3.94155
3.82801
3.6501
3.4675
3.26198
3.04307
2.75708
2.43641
2.06933
1.68339
1.29041
0.924348
0.567256
0.250328
-0.0392567
-0.275355
-0.508943
-0.751842
-1.02807
-1.34156
-1.6227
-1.91301
-2.16705
-2.42723
-2.56797
-2.60575
-2.63126
-2.61416
-2.61621
-2.58361
-2.57464
-2.53939
-2.49896
-2.47948
-2.40287
-2.30709
-2.17241
-2.06043
-1.94303
-1.80604
-1.69561
-1.58732
-1.51152
-1.42114
-1.31639
-1.13766
-0.878867
-0.610565
-0.296447
0.064338
0.477167
0.893035
1.26446
1.54368
1.78616
1.97662
2.14699
2.30311
2.49655
2.76385
3.10166
3.50569
3.90469
4.30008
4.61303
4.93603
5.22012
5.42802
5.6598
5.78222
5.88646
5.84639
5.76463
5.5224
5.2331
4.84374
4.48367
4.20135
3.98899
3.85069
3.78973
3.80964
3.84033
3.81785
3.73682
3.54848
3.32586
3.03635
2.73964
2.38755
2.02755
1.68193
1.35885
1.03306
0.698533
0.336778
-0.00683415
-0.297873
-0.582345
-0.832531
-1.09828
-1.32903
-1.54529
-1.70466
-1.81802
-1.98449
-2.13838
-2.3024
-2.4112
-2.52822
-2.5982
-2.57696
-2.55028
-2.46065
-2.38932
-2.29153
-2.20858
-2.10156
-1.98017
-1.90026
-1.8286
-1.78553
-1.71918
-1.65459
-1.55056
-1.39248
-1.24045
-1.05276
-0.862177
-0.626922
-0.380632
-0.0803292
0.285409
0.701729
1.11936
1.51159
1.82081
2.08264
2.28298
2.46456
2.63134
2.82666
3.09002
3.42521
3.8308
4.23153
4.63547
4.96755
5.26073
5.59946
5.86791
6.12969
6.2348
6.30385
6.16268
5.86503
5.50701
5.0774
4.7187
4.46012
4.31164
4.21409
4.14218
4.10917
4.06369
3.99511
3.82731
3.63007
3.40094
3.17467
2.95744
2.70651
2.43285
2.11863
1.78021
1.38063
0.951431
0.501941
0.111296
-0.229836
-0.483774
-0.721388
-0.922055
-1.0724
-1.25916
-1.43531
-1.66204
-1.87332
-2.09461
-2.23498
-2.25835
-2.28081
-2.24402
-2.21734
-2.13961
-2.08925
-2.04648
-2.00718
-1.99071
-1.92734
-1.85491
-1.7397
-1.64832
-1.53782
-1.45234
-1.34571
-1.25354
-1.20396
-1.12289
-1.02594
-0.850139
-0.668574
-0.427377
-0.137553
0.188139
0.557941
0.935389
1.29414
1.62773
1.88086
2.04593
2.17992
2.30555
2.47208
2.69469
2.98007
3.32378
3.69908
4.10216
4.41877
4.69609
4.92508
5.22597
5.51708
5.75823
5.99369
6.07405
6.08753
5.89409
5.60461
5.15836
4.67728
4.2955
4.0547
3.93029
3.88845
3.89428
3.90665
3.85739
3.75491
3.54924
3.31892
3.08674
2.90667
2.71699
2.47946
2.20465
1.87975
1.51842
1.1077
0.662816
0.242785
-0.0575865
-0.317832
-0.49326
-0.677378
-0.84152
-1.04759
-1.25195
-1.49144
-1.69204
-1.83701
-1.97243
-1.99378
-1.99455
-1.93813
-1.9128
-1.86365
-1.8212
-1.83182
-1.86222
-1.92543
-1.91976
-1.87905
-1.75745
-1.62228
-1.51678
-1.42109
-1.36099
-1.32326
-1.32705
-1.26855
-1.12472
-0.940602
-0.708606
-0.48002
-0.244672
-0.0293331
0.204123
0.452616
0.722396
1.0193
1.33693
1.64726
1.93152
2.15386
2.28842
2.41379
2.55485
2.75713
3.02606
3.36092
3.73335
4.08064
4.44514
4.73849
5.05624
5.34194
5.66823
5.88388
5.87092
5.79587
5.5828
5.35949
5.04397
4.72696
4.39613
4.141
3.9805
3.87334
3.77632
3.66076
3.56609
3.46749
3.34526
3.20246
3.02214
2.86288
2.69756
2.52399
2.26466
1.95348
1.57207
1.17927
0.771233
0.383477
0.00286107
-0.29091
-0.540176
-0.701395
-0.838242
-1.01489
-1.1773
-1.35343
-1.50472
-1.68127
-1.80862
-1.87281
-1.91951
-1.88763
-1.86436
-1.83191
-1.84414
-1.86031
-1.88035
-1.92965
-1.9314
-1.90749
-1.79914
-1.67498
-1.5355
-1.42089
-1.35533
-1.31698
-1.31075
-1.29658
-1.28555
-1.1913
-0.984615
-0.748271
-0.482912
-0.239492
0.00202843
0.240138
0.504402
0.772621
1.05042
1.32468
1.60048
1.8361
2.03677
2.18948
2.32491
2.51469
2.75704
3.06747
3.40558
3.77837
4.10916
4.35799
4.63082
4.87381
5.18467
5.42434
5.6676
5.73517
5.73706
5.51478
5.16516
4.8047
4.41596
4.10001
3.88137
3.76129
3.6998
3.62418
3.53388
3.40125
3.26784
3.11378
2.97208
2.82501
2.69844
2.58354
2.40122
2.14414
1.78597
1.38048
0.951322
0.578657
0.233938
-0.0146119
-0.225219
-0.391424
-0.579167
-0.76524
-0.931766
-1.13133
-1.29882
-1.46653
-1.56239
-1.6476
-1.68653
-1.67975
-1.69573
-1.69889
-1.72703
-1.74864
-1.80225
-1.82103
-1.77192
-1.71526
-1.61821
-1.53598
-1.44566
-1.39419
-1.35067
-1.29533
-1.2567
-1.18198
-1.10399
-0.975365
-0.851691
-0.710089
-0.550374
-0.398455
-0.228233
-0.0548547
0.160712
0.40256
0.711443
1.03826
1.34724
1.59204
1.80494
1.9656
2.11453
2.25966
2.43665
2.68751
2.99826
3.35679
3.6889
4.0168
4.28968
4.57948
4.82712
5.04918
5.32515
5.51227
5.66353
5.63809
5.56625
5.30856
4.96248
4.62624
4.29855
4.04995
3.8767
3.76408
3.65279
3.52722
3.40328
3.27745
3.17003
3.06316
2.97302
2.86486
2.71328
2.53422
2.26831
1.93293
1.54042
1.15156
0.791359
0.511931
0.243115
0.0376813
-0.16025
-0.329573
-0.539916
-0.7427
-0.886149
-1.01869
-1.08545
-1.16505
-1.20262
-1.25553
-1.28393
-1.30494
-1.37209
-1.42475
-1.4868
-1.49545
-1.51081
-1.48004
-1.46073
-1.41194
-1.35779
-1.33114
-1.28443
-1.24014
-1.16231
-1.09468
-0.990904
-0.873318
-0.772583
-0.67527
-0.60999
-0.54271
-0.489712
-0.393295
-0.259044
-0.121447
0.0607887
0.272084
0.545665
0.835133
1.11335
1.34748
1.57345
1.79493
2.02416
2.22587
2.42188
2.64328
2.90459
3.21145
3.4863
3.74467
3.96212
4.20718
4.43251
4.6249
4.8753
5.1008
5.33964
5.42813
5.45527
5.32778
5.07855
4.84979
4.60541
4.40698
4.23516
4.10323
3.94516
3.74358
3.5332
3.32256
3.15173
3.02817
2.95802
2.89377
2.77836
2.63258
2.42807
2.19762
1.91347
1.59928
1.2852
1.00063
0.753756
0.517796
0.242111
-0.0159199
-0.274527
-0.496923
-0.739944
-0.903096
-0.978705
-1.0266
-1.02737
-1.07195
-1.13155
-1.22515
-1.29083
-1.31772
-1.34335
-1.31339
-1.27637
-1.22603
-1.21782
-1.21998
-1.22875
-1.25009
-1.22413
-1.1843
-1.09409
-1.01361
-0.928396
-0.859579
-0.834798
-0.817237
-0.810022
-0.77554
-0.736213
-0.630108
-0.461981
-0.296495
-0.128905
0.019979
0.204618
0.429408
0.711998
0.99742
1.25818
1.47792
1.6862
1.86536
2.03837
2.21518
2.41927
2.67475
2.94622
3.24837
3.53666
3.83731
4.09957
4.29492
4.54608
4.78835
5.09269
5.28588
5.43818
5.38203
5.14413
4.89776
4.6282
4.42474
4.22709
4.06554
3.89578
3.74809
3.5599
3.36085
3.18368
3.05153
2.98748
2.96682
2.962
2.87769
2.69985
2.47055
2.1784
1.86611
1.54819
1.24888
0.985436
0.753279
0.509074
0.254309
-0.0380268
-0.30118
-0.548003
-0.683155
-0.730891
-0.778794
-0.791644
-0.827281
-0.871022
-0.969846
-1.07445
-1.13964
-1.19338
-1.1715
-1.13752
-1.07874
-1.06735
-1.09024
-1.1189
-1.16793
-1.17964
-1.18358
-1.14029
-1.1023
-1.0371
-0.98125
-0.970796
-0.977039
-1.00563
-0.979634
-0.929393
-0.821234
-0.664153
-0.526516
-0.392424
-0.282219
-0.17539
-0.0921701
0.0451086
0.285721
0.59084
0.914134
1.19695
1.38696
1.5394
1.6946
1.87582
2.10355
2.37193
2.70277
3.05914
3.43093
3.70975
3.93767
4.09569
4.26344
4.54954
4.85509
5.1887
5.37239
5.50255
5.37947
5.11899
4.86108
4.60167
4.43194
4.30044
4.23002
4.11835
3.93027
3.70162
3.44273
3.22858
3.09608
3.05118
3.02871
2.9501
2.82242
2.60073
2.32059
1.98204
1.6407
1.36136
1.18078
1.00188
0.805194
0.549299
0.260278
-0.0670664
-0.354139
-0.536782
-0.683016
-0.707576
-0.730913
-0.729197
-0.765225
-0.832441
-0.897548
-0.986503
-1.02031
-1.02914
-0.978362
-0.950953
-0.950341
-0.995958
-1.09915
-1.1925
-1.27284
-1.26935
-1.24519
-1.17937
-1.15433
-1.10723
-1.06114
-1.04698
-1.02077
-1.00114
-0.927565
-0.848796
-0.748109
-0.656155
-0.6103
-0.579691
-0.571178
-0.519329
-0.458715
-0.319714
-0.130446
0.0815751
0.355772
0.646668
0.925749
1.15984
1.35609
1.55921
1.80642
2.06635
2.34412
2.61305
2.9129
3.18576
3.40805
3.64451
3.84017
4.07795
4.30867
4.60567
4.90339
5.07007
5.20987
5.13545
4.99332
4.77956
4.63923
4.48174
4.30165
4.13965
3.97118
3.8235
3.62149
3.40919
3.19244
3.03474
2.9395
2.87104
2.79057
2.61765
2.41026
2.14647
1.88581
1.63559
1.40759
1.18381
0.985473
0.782024
0.557105
0.27395
-0.0297447
-0.274152
-0.470884
-0.568252
-0.680933
-0.767001
-0.87282
-0.953448
-1.02207
-1.13394
-1.2093
-1.2613
-1.2404
-1.23098
-1.20861
-1.21753
-1.26276
-1.31224
-1.38478
-1.42191
-1.44368
-1.3994
-1.32161
-1.27707
-1.24815
-1.24922
-1.24938
-1.27265
-1.23142
-1.14405
-1.05179
-0.961443
-0.917768
-0.886259
-0.877794
-0.85115
-0.774496
-0.683035
-0.530263
-0.364845
-0.180126
-0.0180993
0.189153
0.444634
0.721892
0.980975
1.22371
1.4444
1.66607
1.89691
2.11555
2.37849
2.63516
2.90434
3.14636
3.40969
3.62992
3.79824
3.99763
4.20138
4.49989
4.7392
4.94228
4.98142
5.00492
4.88047
4.69729
4.54411
4.39579
4.31213
4.18877
4.05552
3.84772
3.58846
3.34801
3.12452
2.95691
2.84577
2.77556
2.65873
2.47229
2.25395
2.0196
1.79528
1.58297
1.38371
1.20172
1.02975
0.818714
0.573714
0.289803
0.0269638
-0.230547
-0.390732
-0.489212
-0.600344
-0.698066
-0.845507
-0.953696
-1.04846
-1.09179
-1.07698
-1.08293
-1.06229
-1.05266
-1.04738
-1.08687
-1.1162
-1.1066
-1.08519
-1.03617
-1.01734
-1.01097
-1.03168
-1.04752
-1.03661
-1.04888
-1.04115
-1.03908
-1.00172
-0.974701
-0.923084
-0.860239
-0.812278
-0.744572
-0.685313
-0.576423
-0.463814
-0.329192
-0.183698
-0.0517807
0.0944984
0.251004
0.460054
0.700966
0.986687
1.25911
1.47991
1.64126
1.81595
2.0286
2.28745
2.56216
2.85844
3.1356
3.37371
3.61431
3.80476
4.04166
4.26883
4.54271
4.79976
4.98318
5.1854
5.20256
5.12951
4.94119
4.82395
4.68978
4.55711
4.42893
4.25212
4.0737
3.83193
3.58345
3.3411
3.15327
3.01715
2.91033
2.80292
2.64613
2.45367
2.20383
1.94771
1.71823
1.53911
1.37
1.19029
0.974451
0.727312
0.481047
0.198914
-0.0363722
-0.248468
-0.379905
-0.524306
-0.63794
-0.729521
-0.84649
-0.929298
-1.03164
-1.05543
-1.05384
-1.0088
-0.946988
-0.940278
-0.951841
-0.982899
-0.994308
-1.02322
-1.02228
-1.02796
-1.0176
-0.99767
-1.00901
-1.01066
-1.01953
-1.0035
-1.00227
-0.94214
-0.84737
-0.757132
-0.669754
-0.629773
-0.592166
-0.56343
-0.494411
-0.388314
-0.289962
-0.169526
-0.0590989
0.0626826
0.165895
0.315352
0.515451
0.752364
1.03276
1.33211
1.60624
1.82867
1.98072
2.11855
2.32582
2.58269
2.8785
3.14962
3.43592
3.66148
3.81654
3.97462
4.11815
4.35153
4.58972
4.85701
5.05704
5.11853
5.18601
5.10047
4.97833
4.81611
4.75609
4.68468
4.53597
4.34299
4.07101
3.80726
3.51839
3.25126
3.03404
2.88764
2.76584
2.63768
2.48653
2.29687
2.09363
1.88964
1.69636
1.53246
1.38782
1.22489
1.03213
0.798621
0.540796
0.253992
0.00582653
-0.17538
-0.332142
-0.438793
-0.587408
-0.713414
-0.845958
-0.930578
-0.964944
-1.01457
-1.00012
-0.972745
-0.941095
-0.965528
-0.989822
-0.996712
-0.996096
-0.96725
-0.962285
-0.948365
-0.949069
-0.94272
-0.937766
-0.969992
-0.987594
-0.999091
-0.957706
-0.92768
-0.866193
-0.784053
-0.711787
-0.635841
-0.58973
-0.531171
-0.4742
-0.381017
-0.264021
-0.167532
-0.0680495
0.0357935
0.163266
0.291372
0.464944
0.684272
0.93827
1.19478
1.4413
1.63043
1.78416
1.92343
2.08353
2.3025
2.53183
2.77219
2.97043
3.17696
3.35557
3.55038
3.74539
3.9351
4.19491
4.41784
4.64074
4.7765
4.95195
4.98548
4.91657
4.83012
4.6996
4.63625
4.5119
4.37731
4.17072
3.9268
3.70711
3.47593
3.26578
3.06658
2.89785
2.73267
2.56974
2.40089
2.21479
2.02438
1.83624
1.65114
1.48833
1.3261
1.13905
0.958435
0.768203
0.588041
0.379313
0.183672
0.0336146
-0.109991
-0.224234
-0.386473
-0.529597
-0.670536
-0.762593
-0.784151
-0.831951
-0.841775
-0.851944
-0.850492
-0.894328
-0.922765
-0.918947
-0.906552
-0.863602
-0.845696
-0.82006
-0.822455
-0.829461
-0.82959
-0.849156
-0.820962
-0.767855
-0.681402
-0.629146
-0.579431
-0.5284
-0.484501
-0.422648
-0.371077
-0.28387
-0.184418
-0.0750735
-0.0094945
0.0547939
0.143121
0.247737
0.387158
0.532898
0.734675
0.970346
1.22208
1.4246
1.59874
1.7571
1.94339
2.16119
2.4058
2.6433
2.86038
3.09126
3.29877
3.54095
3.73906
3.94162
4.12924
4.3001
4.53219
4.67783
4.7959
4.86037
5.01529
5.09193
5.02626
4.91027
4.75434
4.68196
4.56987
4.42065
4.19571
3.94931
3.74577
3.52828
3.30222
3.06771
2.86659
2.69521
2.52917
2.33388
2.11161
1.87896
1.67852
1.50261
1.33546
1.16719
0.954348
0.756851
0.569259
0.401818
0.189715
-0.0110024
-0.14628
-0.261746
-0.348243
-0.497927
-0.637874
-0.761308
-0.809803
-0.879466
-0.905549
-0.914091
-0.926947
-0.916915
-0.943981
-0.95302
-0.970605
-0.951034
-0.898556
-0.872671
-0.845848
-0.848261
-0.846622
-0.868768
-0.842692
-0.782117
-0.72322
-0.653471
-0.602077
-0.538402
-0.475052
-0.407883
-0.330241
-0.264704
-0.171952
-0.0786658
0.0116421
0.0734585
0.145505
0.248677
0.366071
0.490475
0.60308
0.752918
0.933443
1.14982
1.35581
1.56383
1.75642
1.94655
2.12256
2.32043
2.52565
2.73454
2.96284
3.16476
3.38779
3.57427
3.76573
3.92942
4.0396
4.21753
4.35185
4.49075
4.57922
4.74054
4.83287
4.81976
4.76761
4.63783
4.57342
4.47105
4.37047
4.21405
4.08473
3.89193
3.67732
3.4624
3.23771
3.03421
2.84123
2.6622
2.48263
2.28654
2.06955
1.8582
1.65912
1.48847
1.3073
1.115
0.925005
0.735369
0.571506
0.384572
0.215206
0.0498267
-0.0717156
-0.15441
-0.286786
-0.405055
-0.522996
-0.60146
-0.706238
-0.767053
-0.803306
-0.837461
-0.845643
-0.889646
-0.910981
-0.938311
-0.941348
-0.907916
-0.895361
-0.858492
-0.825625
-0.776417
-0.761706
-0.729402
-0.679286
-0.635403
-0.567373
-0.518258
-0.446068
-0.381397
-0.326774
-0.269078
-0.217615
-0.135586
-0.0497006
0.0430719
0.111017
0.18702
0.274666
0.360445
0.462004
0.561733
0.701847
0.866967
1.05637
1.2401
1.43883
1.62335
1.79616
1.95742
2.14525
2.34773
2.56013
2.74674
2.89626
3.07572
3.22248
3.37268
3.51901
3.7242
3.91737
4.08301
4.22813
4.30628
4.42892
4.50903
4.60491
4.6679
4.68774
4.75056
4.71286
4.62684
4.48467
4.40902
4.29149
4.1473
3.99495
3.80542
3.62907
3.40877
3.17452
2.94195
2.74694
2.56396
2.38331
2.18676
1.9768
1.74139
1.508
1.30908
1.11684
0.956976
0.775691
0.617248
0.46091
0.325377
0.216376
0.0617981
-0.0449739
-0.133425
-0.182273
-0.272193
-0.351969
-0.409809
-0.473699
-0.507334
-0.583451
-0.62731
-0.662136
-0.661237
-0.699017
-0.712794
-0.715667
-0.720425
-0.688962
-0.679618
-0.633879
-0.586638
-0.519838
-0.446666
-0.399258
-0.331023
-0.264084
-0.183856
-0.120645
-0.0306697
0.0613838
0.145741
0.219443
0.274393
0.33828
0.406216
0.485585
0.574703
0.658532
0.748153
0.842029
0.937
1.0297
1.14666
1.28241
1.43159
1.57285
1.71285
1.83943
1.96451
2.09046
2.21264
2.36924
2.51717
2.66747
2.79076
2.94019
3.06364
3.1655
3.27628
3.36294
3.49084
3.58628
3.67555
3.73508
3.76109
3.83395
3.87927
3.92223
3.92781
3.97753
3.98444
3.93217
3.8687
3.77376
3.71808
3.6355
3.54677
3.42511
3.27943
3.13962
2.98218
2.81662
2.64081
2.47919
2.29665
2.11092
1.91637
1.72333
1.51394
1.31761
1.12869
0.962108
0.783717
0.616996
0.46821
0.327854
0.211793
0.0609558
-0.0677389
-0.194996
-0.281936
-0.34015
-0.435827
-0.509319
-0.583584
-0.637003
-0.732153
-0.79694
-0.834606
-0.872533
-0.874575
-0.914639
-0.934721
-0.959221
-0.965224
-0.945733
-0.958882
-0.941562
-0.920108
-0.8761
-0.862093
-0.832749
-0.782978
-0.736027
-0.676218
-0.631273
-0.559568
-0.482585
-0.398502
-0.314885
-0.247783
-0.163293
-0.0761325
0.0224347
0.104509
0.204531
0.316574
0.434438
0.551284
0.666342
0.791313
0.915521
1.04373
1.17236
1.31914
1.47318
1.63667
1.79131
1.95619
2.1187
2.27601
2.43285
2.5842
2.78229
2.96061
3.13598
3.27518
3.45426
3.60635
3.73019
3.85157
3.93876
4.08889
4.20544
4.31854
4.36123
4.35118
4.39824
4.40212
4.40213
4.36252
4.38456
4.33815
4.24172
4.13307
3.98678
3.87489
3.71794
3.54609
3.34707
3.13645
2.93228
2.70061
2.44967
2.19063
1.9357
1.67792
1.43314
1.19269
0.980159
0.73282
0.501828
0.270326
0.0651146
-0.084681
-0.288038
-0.444275
-0.591837
-0.694324
-0.857345
-0.993311
-1.08396
-1.16752
-1.20639
-1.30176
-1.35901
-1.41079
-1.42149
-1.39778
-1.42807
-1.42906
-1.4295
-1.39253
-1.40332
-1.38004
-1.3553
-1.28827
-1.20203
-1.14893
-1.05641
-0.954217
-0.825784
-0.736191
-0.604833
-0.446784
-0.283502
-0.109369
0.0407096
0.212861
0.39318
0.578542
0.761605
0.954371
1.15047
1.34754
1.53183
1.71898
1.89869
2.07046
2.25418
2.42174
2.6205
2.80274
2.97691
3.12348
3.24968
3.42992
3.58451
3.73211
3.84954
4.01749
4.16623
4.27625
4.37285
4.42828
4.54085
4.62745
4.71722
4.76798
4.76328
4.81907
4.82844
4.82141
4.7612
4.75544
4.69572
4.591
4.48578
4.34674
4.23099
4.06083
3.87323
3.66234
3.45174
3.23618
3.00052
2.75607
2.51782
2.26244
2.00261
1.73343
1.4903
1.29438
1.04859
0.844503
0.640092
0.480895
0.248535
0.085885
