1.22628
3.0622
-0.783494
1.92652
-0.16826
-0.884285
-0.000396593
0.00255557
-0.0932019
-0.0909577
-0.0715014
-0.098938
-0.0973976
-0.100818
-0.11376
-0.0988862
-0.0971316
-0.118634
-0.105754
-0.0787589
-0.117084
-0.0932625
-0.0958875
-0.101771
-0.115541
-0.0914049
-0.0965365
-0.0776437
-0.0953243
-0.0764313
-0.0902929
-0.0958593
-0.0941039
-0.0782788
-0.0987783
-0.0989482
-0.0921655
-0.0850813
-0.0866342
-0.0677979
-0.100603
-0.0930231
-0.090976
-0.0568939
-0.0903665
-0.0856729
-0.0831134
-0.0945436
-0.0913975
-0.096449
-0.0880976
-0.078527
-0.0913968
-0.112465
-0.0831125
-0.0880827
-0.0903661
-0.0748141
-0.0909746
-0.0750977
-0.100601
-0.0857177
-0.0866317
-0.0671588
-0.0921631
-0.0965352
-0.0987746
-0.0603532
-0.0940955
-0.113773
-0.0902911
-0.0585045
-0.0953188
-0.095554
-0.0965306
-0.100301
-0.11553
-0.119691
-0.0958798
-0.0753313
-0.117065
-0.0966731
-0.10574
-0.100695
-0.0971276
-0.0964616
-0.113744
-0.0828622
-0.0973816
-0.116835
-0.0714627
-0.0730226
-0.0931796
-0.0153236
-0.000347603
-0.886672
-0.168162
1.90873
-0.783485
3.08012
