-0.00387691
-0.00696113
-0.00122289
0.0193034
0.0477062
0.0777787
0.115319
0.156788
0.195419
0.241024
0.287003
0.33188
0.375266
0.4157
0.453105
0.489366
0.527399
0.563037
0.606279
0.655133
0.708558
0.773638
0.852255
0.940779
1.04664
1.1717
1.30054
1.43485
1.57192
1.70058
1.82186
1.93483
2.02743
2.0983
2.15326
2.18174
2.18572
2.17072
2.13246
2.07472
2.00044
1.90926
1.80999
1.70676
1.5999
1.48775
1.38034
1.27331
1.17235
1.07927
0.987122
0.904399
0.831257
0.762373
0.699483
0.64786
0.60398
0.564209
0.538329
0.516183
0.499394
0.491265
0.489323
0.491683
0.499084
0.50584
0.512552
0.52886
0.536723
0.536611
0.527082
0.503674
0.467955
0.421081
0.357691
0.2775
0.202047
0.122619
0.0403694
-0.0336624
-0.0998923
-0.159554
-0.204501
-0.236293
-0.25137
-0.247949
-0.226904
-0.193031
-0.139745
-0.0688416
0.0159099
0.111105
0.21654
0.330241
0.44992
0.583162
0.725765
0.884419
1.05924
1.23492
