0
-16.4366
7.89013
-18.3098
15.1004
7.32988
-4.35426
21.8269
-10.7977
-0.207682
9.51451
15.8881
10.9563
-2.46737
17.722
30.7123
5.7722
-7.69952
-1.01674
15.2135
3.05944
13.4743
-0.703323
0.198099
-5.90833
18.8412
-3.52008
-26.939
6.60609
-19.8259
7.35038
15.2929
-4.86657
4.27522
23.6369
-30.3427
14.5441
-2.92229
-28.6917
-5.49083
14.2888
7.92077
8.05052
0.540324
8.54732
-19.6692
-8.01515
-23.3647
3.43046
-22.9662
21.9644
-6.21183
-12.13
11.1753
-11.0691
12.7645
14.1246
13.8978
9.25371
3.06908
-3.21577
12.6586
-4.67271
9.37692
-5.54339
8.52946
12.9902
-21.635
-8.50711
-3.6299
7.38638
-4.07508
18.2591
-0.176974
10.9036
1.62717
-3.66262
7.85465
8.23174
18.0321
8.06523
-5.99675
-0.335543
-16.6797
4.85342
-16.624
-0.700758
-1.61655
21.4102
1.79931
2.39162
-20.6422
-7.08346
0.806283
21.8235
-18.1825
20.6819
3.38733
-0.920286
-27.9664
7.17152
5.967
-7.03536
0.153623
7.26219
2.83141
8.54419
-12.8868
-8.65181
-7.72786
13.6444
3.1114
-14.7665
13.887
33.7325
8.74254
1.62629
22.3881
-32.6258
10.322
-7.11031
-8.21428
-14.8172
-0.282771
6.05822
-13.8456
7.23342
5.43722
14.1917
-33.4651
-16.8563
16.8869
-31.2919
10.5244
4.1064
-4.60657
5.07153
-13.133
-9.13333
29.9543
-20.5578
-18.6279
15.9317
-4.80903
14.0289
-26.0437
-8.02151
-8.78192
19.8444
12.7848
-7.43556
3.8325
1.19147
-11.2052
-7.08521
-5.7767
-8.6794
-14.9756
7.54928
-4.53046
21.7461
5.58707
2.20331
0.560059
8.3531
22.0504
-3.57974
-16.1667
12.0901
-9.69611
7.63657
-25.7431
3.73803
6.74479
-17.6926
25.5392
-3.73611
0.792451
-1.89681
1.41889
-5.21703
16.4793
-11.5198
-9.82678
-24.6889
10.6387
-3.91558
-12.6717
-1.22879
-10.9425
0.668561
0.474604
-5.3317
-14.0441
26.5358
0.0441418
-3.53486
7.60726
-17.2035
3.21677
-8.33398
20.3746
-4.07049
31.1525
1.21566
-1.97889
7.78285
3.69652
-18.541
-19.2199
-2.5022
13.497
-4.71835
2.10886
-35.1755
13.7883
9.21834
23.0536
11.8815
4.24777
-16.1411
-10.8294
-13.4397
15.0509
-21.0169
-1.88377
-7.53552
28.1383
-9.78561
-5.04195
-0.795847
-2.42499
-8.20151
23.5268
3.14223
12.2385
11.5404
-2.26902
8.24687
13.2085
-1.87084
24.6948
-9.25137
7.59723
12.658
14.1432
22.5229
-1.19484
-10.2222
-29.4898
7.38692
29.1912
9.17189
1.90283
-4.89036
-7.69316
12.2929
11.013
15.6274
16.106
3.44258
-1.62872
-7.57787
11.4131
5.02177
1.68213
11.4342
-0.33337
-22.9608
-28.8842
2.35115
29.6139
-2.08929
-6.06107
0.88801
-4.1713
4.34716
-17.8181
5.25653
10.2932
17.6238
-25.2877
-20.1104
-12.0515
22.482
-9.57886
-21.9626
9.38863
-10.3264
-12.9963
0.203242
29.9398
-6.70789
-0.0780907
-4.24896
-9.09859
-19.2883
6.93639
-13.3179
15.6649
-15.7074
12.0006
-13.869
-1.13126
-10.5858
-16.3619
25.384
-30.0629
15.7109
-26.1147
-8.71396
-3.56755
-7.46582
6.83346
-18.0534
4.2345
-24.2051
3.79926
4.16692
-17.265
18.1083
18.6759
-6.90896
-8.33859
-0.399845
24.2396
0.351269
-25.07
2.39809
4.11506
-34.8102
27.1794
-5.70616
21.3323
6.80865
-7.14282
19.075
6.55341
13.2542
-6.19117
5.41582
8.44904
-1.29407
23.4586
-13.6329
6.4645
35.9283
-9.46098
11.7451
-6.32146
-9.84708
16.9874
9.56616
-1.70914
-13.3979
-18.1458
-1.04491
16.1931
-3.83442
0.796272
-2.47982
8.81738
16.545
4.80396
-0.400461
21.7367
12.1566
18.7432
10.3228
0.189255
6.80431
15.0747
-4.19492
0.257772
-15.1444
-1.21735
-12.2454
5.29033
7.21706
14.4503
-0.508665
0.608972
-4.03312
1.05149
-16.0182
-16.3904
-13.4776
-16.4523
13.8865
3.33171
19.5973
13.6586
-3.67581
-10.9193
-4.89664
14.2029
17.7718
-18.082
21.305
-15.5859
-15.9753
-8.11177
2.83613
1.34671
1.1957
10.7159
-8.17964
-22.7556
21.7307
5.33437
-0.767496
9.50693
-5.98649
0.390093
-7.34045
1.36278
-2.98357
-15.7692
5.94966
-2.85788
-22.3118
13.8669
-7.13132
-4.11253
7.3476
17.0457
-0.189606
14.0687
-1.77584
-4.09682
-12.2451
-9.89211
-9.81995
-5.01548
4.1867
-9.87523
-20.4267
-22.1278
21.136
11.8833
-9.68689
20.8318
-6.83279
35.8665
-3.83868
14.0886
-9.69635
23.4849
-9.89021
5.20168
-11.8699
-8.75896
7.19972
-9.20433
12.9409
-19.0653
6.81349
-20.6328
5.07816
1.18853
1.1457
-34.2917
-1.86405
4.05733
6.57442
-24.2169
-15.3565
-11.8365
-10.6872
-4.90492
-1.43677
8.05508
-13.2189
-13.7971
-11.6293
-3.32725
12.0202
9.19891
-41.2487
-18.5577
-6.99879
-11.2175
14.8503
-2.18351
9.64549
-18.2914
1.211
0.0472798
6.98153
11.3521
-31.4168
-15.4105
-7.53519
13.7153
6.23792
17.3191
-10.4481
5.57085
8.57315
9.92717
1.16559
-9.25105
-26.0287
-14.1344
-0.273391
-11.1927
-6.30581
-11.0409
15.2679
-17.6342
-6.538
22.4996
22.0944
-44.4084
-11.6688
32.5582
-11.5891
15.3659
-8.87947
14.3699
-11.8199
8.7637
19.365
18.8683
2.54944
5.18189
-15.3343
-6.30471
14.256
-8.02773
-11.6909
-19.3559
7.93063
4.05437
23.1756
5.56953
-3.97488
-8.0573
9.14839
8.98492
-9.00613
0.864601
-23.3915
8.90533
16.58
1.67791
42.2809
8.96526
-23.4362
-19.4275
10.6068
11.4221
-7.75122
5.20383
-20.2593
8.3923
10.8507
4.46846
15.5921
17.7713
-4.08949
3.80566
6.72478
21.8946
11.8405
-7.01035
-11.6253
2.52497
19.9577
14.3152
1.57673
15.712
-14.5202
14.5654
9.39983
3.3509
8.99658
-18.8144
9.27795
-12.6576
6.2905
-35.5377
4.38829
-14.0298
17.8009
-24.5298
-17.7764
20.8741
7.67493
-7.69858
16.1742
-2.41595
7.01657
1.28848
-8.93356
6.70404
24.1283
-10.2336
-17.1016
-18.2131
-10.1925
-1.6762
7.00186
-16.8503
20.8937
15.32
1.65456
3.61183
32.9833
12.629
-1.19253
9.59558
0.662959
-17.0016
15.1187
-14.2393
-14.576
4.07181
7.26289
-15.3264
-14.1418
-11.9807
-16.4299
-1.97233
8.22083
27.2969
-3.19477
8.3201
-4.0453
0.0854597
9.82349
-0.901869
3.43829
9.41545
-17.102
4.04491
-7.77684
20.6513
3.49454
24.3677
30.858
18.8556
0.377121
0.250985
6.16834
-4.11515
-2.98611
14.4431
10.5334
-2.07734
16.7769
-0.759174
11.3545
-5.91212
8.68799
2.87766
9.57246
21.6379
-14.6965
-15.9776
-20.543
-1.97377
-18.5837
-5.0419
-28.3578
23.0366
16.8279
-24.5275
-9.40688
22.0002
4.06509
-13.5135
-1.58363
8.85146
11.3261
2.75045
-4.18846
21.6179
-47.6025
5.5277
2.81557
-19.8559
27.8862
-15.7884
-3.98524
7.13719
-4.6454
-10.648
-19.4638
-17.6016
-0.823549
-17.7018
-4.06033
-22.1809
-8.19688
2.34542
-4.72693
22.3156
-11.1936
-19.9543
19.5457
-2.40997
1.97718
-25.24
-8.60968
0.865723
3.37854
9.3392
-4.47693
0.832041
1.52409
-12.0711
13.4642
7.88828
23.6028
24.384
-16.5838
17.696
-25.3923
-3.0027
25.2446
7.54908
16.0057
-9.50061
-1.87141
7.77043
5.42121
-11.2715
-4.86044
19.5203
8.45502
-7.07063
-0.803852
-28.5805
6.76999
22.4354
19.2952
-16.6542
13.9876
16.564
9.62843
-10.3885
15.085
23.3613
9.87924
-0.434128
-15.4143
-0.362275
-0.854738
7.40491
17.3777
-1.63587
33.2256
-36.858
3.08999
30.3572
16.2473
13.3252
-22.6041
-2.33673
-2.54525
-10.1231
7.71104
25.3101
13.202
-18.3044
-17.5416
0.520185
-14.6758
3.65362
22.4939
14.2557
-22.4501
-12.7086
-6.59348
17.8083
11.0609
18.5301
0.341897
-16.4249
-6.79098
-14.844
0.201462
-17.9753
-11.7361
3.40279
-9.51903
-10.9663
-4.10352
-36.7092
-6.3989
-1.53583
-21.9232
-3.10743
-0.353764
2.94119
0.815407
-12.2195
5.2056
3.03555
18.0095
0.974282
1.96551
25.2805
3.68508
21.7464
-0.461642
3.75236
-17.5989
-2.56432
15.1449
5.46416
-3.09587
-16.1986
-0.75835
2.23949
16.1218
2.47139
1.80664
17.657
15.9841
-29.9492
-4.38453
-17.618
5.9754
-5.43513
26.297
18.0829
5.41147
13.1568
7.176
15.2758
-19.2217
-0.188724
-13.8087
11.4636
2.74952
9.52216
-7.22838
-5.62514
22.7096
34.069
8.73409
15.5713
-3.19905
-13.0247
-0.57355
4.49294
-19.2502
-10.5489
-7.09286
2.79363
-7.68992
30.2632
-9.81982
7.80971
-2.07534
40.3426
-9.39682
1.11337
-11.4428
-12.4091
1.90467
-14.4247
-26.4385
5.70094
2.60396
13.7218
22.7664
13.82
-22.6657
5.39052
-6.10246
-7.20129
3.27063
-13.7507
7.64111
7.54471
-16.274
17.5137
-13.5221
2.38825
7.64957
29.5196
12.3408
-21.6413
18.1894
2.44852
-8.28162
7.73187
-0.645603
6.7819
14.5284
-23.8691
4.61319
32.2678
3.4721
-4.82147
5.5697
19.7332
-4.60899
5.86684
20.7896
2.76753
11.5948
-13.0958
25.4695
-37.5131
10.1628
-15.3828
-15.4103
-11.4202
-12.8404
-12.3569
-8.99176
5.48447
2.04985
-4.43836
-9.37828
22.4525
-11.6259
4.62103
15.1675
3.87563
-16.8058
25.3999
-7.54933
-6.42632
-10.9055
-3.02546
-22.6415
-14.5968
12.124
22.5425
1.114
6.73248
-38.2616
5.42707
5.15727
16.9686
-11.3687
23.6203
-2.66666
-11.1152
4.62287
-19.202
-4.41629
-8.47269
-21.2704
7.35854
10.7591
-9.11446
-5.18087
-4.43738
-5.21008
6.46294
12.171
-14.0326
1.52398
7.1361
6.74539
-0.224381
-14.8931
5.90231
6.71686
-10.3453
4.32626
-28.326
-10.7822
-2.3628
6.22447
-22.971
1.65073
-1.50226
-23.5066
37.5546
10.054
23.6385
6.62625
10.6682
-5.39001
4.73848
-0.5374
-10.2737
2.87243
-13.752
21.9169
-18.137
-9.90695
27.7826
1.9797
-7.01727
-11.0907
3.49942
-19.781
23.0409
5.39822
-0.185703
-2.83389
-5.46921
16.6022
-20.7322
6.43076
-2.43006
-7.16742
-5.57716
-11.5104
12.6051
-6.80183
-28.2938
3.01603
-1.50259
-5.52254
-13.9456
-19.0854
1.19826
1.03663
-5.14509
-1.67823
3.05304
-54.0164
33.5818
-4.66061
18.2368
