0
-0.00307526
-0.240865
-0.399599
-0.401179
0.159337
-0.69245
-0.778932
-0.922641
-0.280303
-1.12607
-1.21172
-1.56838
-1.5391
-2.16595
-2.11029
-2.56995
-1.69059
-2.98797
-3.86866
-4.6691
-5.70647
-7.26501
-11.9037
-23.7582
-75.0149
64.3501
12.8981
5.94754
4.70814
3.17024
3.53289
2.86034
2.91417
2.6528
3.51188
3.25385
3.62235
3.49502
3.66149
3.26151
3.58246
2.92778
2.21751
0.373306
-0.752535
-3.8218
-6.01437
-10.2349
-13.1635
-2.91563
55.7068
-19.7932
-0.842539
8.23431
5.09173
4.44942
6.17253
4.90822
3.33225
3.16183
1.97614
0.393348
0.506012
-1.24914
-1.02907
-1.51108
-0.420736
0.721268
1.3753
0.918954
2.61001
0.411932
0.368478
-1.38245
-15.4386
-35.1661
51.0583
-30.4757
17.215
-5.71568
2.16072
-0.0791076
0.716319
0.697248
0.480454
0.00151447
-0.637606
-1.46723
-0.0912608
1.33008
0.445869
0.669189
0.95017
2.20829
3.54732
3.13989
1.44323
0.0413553
4.10293
12.6188
8.47138
-25.9279
7.68628
-5.68712
1.51846
-2.58371
0.689828
-0.86766
0.387519
-0.216055
-0.368762
0.823815
0.102743
-0.696654
1.04337
0.328095
-0.121047
-0.703569
-1.11674
-1.87281
-1.19641
-1.81815
-1.11914
3.32644
10.7593
22.208
1.15584
-11.0787
9.93514
-9.39863
7.46198
-3.87589
5.60122
-2.58591
-0.209947
-0.636772
1.37547
1.71757
-1.36953
1.17266
-1.24609
-1.86948
0.153915
-1.0975
-2.2117
-2.00777
-0.366783
-2.74164
-6.35548
-7.87112
-1.24629
29.5838
17.4432
-19.0759
-9.04583
4.0864
6.61466
4.2531
1.51731
-0.134388
-1.21797
-1.09524
0.1514
0.980333
0.172927
-0.373845
-0.311981
-0.867849
-0.591354
0.214995
0.44218
0.379097
0.63923
1.08041
-0.115754
-2.71448
-0.487055
4.2765
-1.82401
0.848704
-0.314448
-0.0818702
0.254827
0.463511
1.03349
1.4224
1.05885
0.3493
0.697172
0.41562
0.261472
0.606416
0.96639
0.809558
0.59569
0.512706
0.577968
1.09638
1.5863
1.51873
1.13839
0.0412988
0.56735
-0.602694
0.572058
0.524709
0.363754
0.144901
0.293434
0.391434
0.503468
0.465571
0.259283
0.247158
0.327487
0.198728
0.207538
0.239949
0.205782
0.0943841
0.145613
0.0222646
0.419632
0.831368
1.45312
1.86383
1.24898
0.0965479
0.52439
0.540911
0.294868
0.544584
0.228165
0.351904
0.366433
0.378268
0.405709
0.466424
0.326297
0.381839
0.416396
0.301536
0.281167
0.28277
0.202829
0.179466
0.0234996
-0.00876264
0.340489
0.61695
1.07154
0.966778
0.207219
0.463444
0.328771
0.377917
0.366191
0.443806
0.338335
0.35312
0.26336
0.33351
0.405032
0.210694
0.444235
0.444068
0.257815
0.340195
0.274078
0.241188
0.0129409
0.20946
-0.177137
0.00757732
0.295911
0.838557
1.27553
0.72876
-0.262965
0.453349
0.371164
0.10093
0.449855
0.428539
0.358952
0.349634
0.266631
0.395118
0.277943
0.406675
0.272975
0.294131
0.627244
0.375802
0.309576
0.417989
0.449636
0.356822
0.220341
0.360787
0.284913
0.42276
0.393458
-0.000636416
0.390956
0.251612
0.27092
0.303659
0.357271
0.25867
0.295026
0.224203
0.315127
0.29714
0.269058
0.322112
0.249697
0.226521
0.364283
0.298787
0.319382
0.310317
0.325509
0.203055
0.312164
0.230624
0.413253
0.375403
0.128394
0.219556
0.180757
0.270934
0.235012
0.278807
0.255248
0.241702
0.221432
0.145924
0.312965
0.295675
0.287628
0.350473
0.252937
0.425075
0.375646
0.212369
0.241702
0.201265
0.412388
0.429191
0.203286
0.178726
0.0597636
0.287274
0.0420467
0.404955
0.229863
0.240521
0.418539
0.138536
0.051337
0.671171
0.0725363
0.33259
0.208777
0.653309
0.16054
-0.0603164
0.125783
0.319895
0.411055
0.170214
0.53808
-0.166431
0.722379
-0.151644
0.0290296
0.220435
0.215983
-0.0300887
0.306021
0.493968
0.461002
0.320735
-0.558539
0.782969
-1.31536
1.85424
-0.0907784
0.223539
1.43139
0.0851154
-0.134447
-0.00703496
-1.24124
-0.528085
0.0801685
0.903567
1.29877
0.517975
1.64136
1.28351
-0.737045
-0.899671
1.55451
0.0891851
-0.867559
-0.691485
0.386123
0.637374
0.957273
0.508897
-0.236845
0.0473198
0.0183069
-0.0658598
-0.0194236
0.433852
0.0818444
-0.161555
-0.0203543
0.322147
0.0287188
0.157264
-0.0558248
0.274181
0.603524
0.521407
0.0307321
0.639525
1.10514
-0.263177
0.153434
-0.0201138
0.0463197
-0.0267128
0.48849
0.231115
0.0442855
-0.00552898
0.28718
0.0960445
0.285338
0.0401127
0.28179
0.278031
0.545166
0.156121
0.00489042
-0.248538
-0.189305
0.22146
0.218146
0.00665786
-0.104488
0.883303
-0.235648
0.406653
0.512926
-0.0905698
0.565902
0.377042
0.53511
0.222029
0.136055
-0.0503208
0.256948
0.212265
0.65949
0.182825
0.254723
0.181035
0.322055
0.302007
0.0813421
-0.360232
-0.430941
-0.0575459
0.151045
-0.0541627
0.075528
0.0900508
0.0206159
0.076807
0.0621383
0.0632712
0.0710332
0.0632455
0.0701189
0.0795377
0.0769338
0.083579
0.0777124
0.0794777
0.0831182
0.0865405
0.0835791
0.0855896
0.0870615
0.0888438
0.0889925
0.0898765
0.088561
0.0886949
0.09303
0.0851116
0.0880566
0.0981833
0.0780534
0.0875623
0.0853429
0.0964751
0.0856519
0.0729401
0.0854374
0.084196
0.0978444
0.0884688
0.0894805
0.0939959
0.0817021
0.0962646
0.0915902
0.0701438
0.141601
0.0898776
0.0850366
0.103781
0.147959
0.0881825
0.098419
0.120591
0.0681246
0.0218252
0.0121862
0.110642
0.105405
0.0806965
0.0760934
0.105397
0.128631
0.071174
0.0456004
0.0979393
0.0939258
0.0611387
0.0605487
0.0976691
0.0683589
0.129443
0.0906621
0.0935551
0.031216
0.102791
0.0905623
0.0993267
0.0289929
0.0808352
0.0346032
0.118393
0.117252
0.096984
0.0751955
0.193624
0.085387
0.0715149
0.0647794
0.226983
0.135269
0.0928499
0.0851268
0.0791997
0.0688059
0.0497327
-0.313924
0.0986559
0.105768
0.0548156
0.0654712
0.0971066
0.0772939
0.0694741
0.0789852
0.0760694
0.110535
-0.0746864
0.0739809
0.0807956
0.0791362
0.0187638
0.0723102
0.068021
0.0742419
0.105629
0.076243
0.0877677
0.0732853
0.0833207
0.0815346
0.065295
0.074797
0.0787156
0.073498
0.0685647
0.0665233
0.0815308
0.113297
0.137793
0.0723651
0.0835624
0.101903
0.0480225
0.11433
-0.00243949
0.234664
-0.439993
0.203897
0.0938767
0.0784371
0.0537301
0.0573962
0.127366
-0.0627693
0.274299
-0.14544
0.117947
0.0961506
0.0661247
0.08376
0.078554
0.0676065
0.178086
-0.064563
0.0671285
0.0143577
0.0786941
0.0783213
0.0728871
0.0230348
0.172167
-0.79571
0.089477
0.0306101
0.0504579
0.0886899
0.0942221
0.0104358
-0.0168631
0.0932756
0.0856313
0.172703
0.0490392
0.00261575
0.00478761
0.00696266
0.0319073
-0.0183378
-1.16054
0.283629
0.142904
0.300959
0.0982276
0.129391
-0.00992176
0.176316
0.0536211
0.0632231
0.0548289
0.0732251
0.0295487
0.0220354
0.0507193
-0.0250774
-0.0423479
-1.18094
0.169066
0.108401
0.210653
0.130176
0.127453
0.0665749
-0.00482414
-0.168348
-0.300031
0.173502
0.141239
0.110695
0.0356553
0.0367204
0.0800646
0.0627346
-0.55684
0.36662
0.0493367
0.0712716
0.0305149
0.066433
0.0931074
0.114593
0.311299
0.19177
0.0216017
0.0490326
0.0775135
0.0760645
0.0465651
0.0413877
0.118366
0.0711528
-0.114524
0.154446
0.0538579
0.0198081
0.0339332
0.0278255
0.0118432
0.0260372
-0.218539
0.143081
0.0680978
0.0797711
0.0372956
0.0598935
0.0447845
0.240325
0.137235
0.0472213
0.0730645
0.0651465
0.0767769
0.0809782
0.0135666
0.0802894
0.0444351
0.0658167
0.0694264
0.0584663
0.0512058
0.0856734
0.0556088
0.0753031
0.0870245
0.0558502
0.0622417
0.0491421
0.0554732
0.055718
0.0583502
0.0537565
0.0691696
0.0567777
0.0571909
0.0565283
0.0484095
0.0516853
0.0421178
0.057747
0.0470406
0.0871692
0.0664796
0.0552815
0.0561735
0.0714231
0.0531137
0.0574825
0.049697
0.0565198
0.0491182
-0.0384184
-0.0301877
0.0444044
0.0512108
0.0736955
-0.0480341
0.144758
0.0187761
0.0372457
0.042826
0.0586904
0.171043
0.0504513
0.0591858
0.0518719
-0.018233
-0.109836
0.0344149
0.032897
0.0785149
0.0921623
0.026995
0.0392214
0.0653673
0.0736741
0.0697657
-0.697529
0.0226152
0.0340493
0.018426
0.00396927
0.0428217
0.0594996
0.0510699
0.0716541
0.0908651
0.7352
0.019974
0.000759954
0.0019723
0.0465662
0.0668567
-0.0180493
0.0195031
0.0482452
0.0332301
0.192866
0.0804157
0.0241368
0.0194397
0.0419728
-0.0915006
0.022367
0.10279
0.0316846
0.0444928
-0.000126009
0.12237
0.0232826
0.0566057
0.050384
0.103099
0.120407
0.0543416
0.0309371
0.0485863
0.084001
0.038721
0.0290516
0.0717777
0.0142939
0.0245563
0.0321715
0.0337828
-0.00329294
0.0251989
0.0268976
0.195571
0.0053022
0.0343968
0.00187592
0.0266617
0.0217249
0.00776875
0.00696477
0.0648451
0.0400773
0.00984015
0.0263867
0.0235209
0.0124643
0.00041239
0.0979922
0.0583092
0.0467749
-0.0246314
0.0521355
0.0221272
0.0224777
-0.172964
0.0158331
0.027187
0.028528
0.0973082
0.0293817
-0.0143197
0.136775
0.00716092
0.0143584
0.00975587
0.0805695
-0.00222358
0.0492421
0.0213406
0.0243128
0.0176305
0.0294281
0.252013
-0.00658761
0.0319389
0.0210599
0.0302316
0.0366944
0.00272688
0.0180107
0.0372809
0.0209121
0.0282343
0.00338723
0.0251972
0.00892589
-0.0700063
0.0182842
0.0909581
0.0181516
0.00222506
0.0322574
0.0739968
0.0454164
0.0230865
0.0168879
0.0136715
0.00690346
0.0212294
0.0362794
0.0312311
0.00480886
-0.0642383
0.0460445
0.00988981
0.013096
0.0120153
0.0418647
0.00341825
0.0645083
0.0178268
0.124899
0.0128205
-0.0870478
0.0245182
-0.0770528
0.0140725
-0.00351285
0.0107926
0.000702062
0.0137339
-0.0620611
0.0152802
0.0228139
0.0145183
0.0155844
0.0232017
0.0118894
0.0224888
0.00201684
0.0193886
0.0121639
-0.0455894
0.00486121
0.00826502
0.00814685
0.0176328
0.00986654
0.0118589
0.00901799
0.013769
0.00454294
0.0358721
-0.00205868
0.0113937
-0.0351244
0.00661598
0.0464329
-0.0156149
0.0130577
0.00123595
0.000254157
0.00727053
0.0115517
0.00256034
0.00045354
0.00941713
0.00356446
0.011355
0.00596084
0.00486694
-0.0182511
0.00339092
0.00615287
-0.000600324
0.00321993
0.00134705
0.00485913
0.00292543
0.00272411
0.000623976
0.00600862
0.000422311
-0.002065
0.00118728
0.0010962
0.000909324
-0.000378686
2.38318e-05
0.000314617
0.000225261
-0.000380129
-0.00101752
-0.000667689
-0.00105561
-0.000570309
-0.000145961
-0.00168442
-0.00152016
-0.00220581
-0.00119301
-0.00143593
-0.00221824
-0.00153945
-0.00243884
-0.00169594
-0.00371242
-0.00165577
-0.00552326
0.00234343
-0.000608057
-0.0124039
-0.00370736
-0.00367765
-0.00924869
-0.00621758
-0.00341464
-0.00467688
-0.00120625
-0.00631728
-0.00630292
0.0175751
-0.00712018
-0.0090545
-0.0162371
-0.00811349
-0.0108799
-0.00122593
-0.005817
-0.0127478
-0.0128469
-0.00764956
-0.00179486
-0.0132992
0.0167491
-0.0534088
-0.00808001
0.0204105
-0.014532
-0.000224718
-0.0399081
-0.00767289
-0.0142813
-0.0107678
-0.0131472
-0.017643
-0.0204796
-0.0102663
-0.0115373
-0.00662499
0.049346
-0.0109971
-0.0226141
-0.0054844
-0.0228461
-0.0119625
-0.023869
-0.0186601
-0.0166305
-0.0231107
-0.0183193
0.0792611
-0.016432
0.000882581
-0.0143515
0.00327007
-0.018015
0.07176
-0.0265096
0.0781512
-0.0139127
-0.146056
-0.0195716
-0.075877
-0.00518129
-0.0473347
-0.0131155
-0.014588
-0.0106506
-0.046579
0.0671872
0.00130582
-0.0340981
-0.0394032
-0.024618
-0.00979279
-0.0147186
-0.0189204
-0.0237238
-0.0429307
-0.0700317
-0.0309482
-0.00279043
-0.00928176
-0.0940187
-0.0186153
0.0684858
-0.0108065
-0.026306
-0.00489563
-0.030075
-0.0226027
-0.0373905
-0.0197631
-0.00315989
-0.0382221
-0.0330111
-0.0231956
-0.0308472
0.00627797
-0.266903
-0.0333568
-0.0184807
-0.0259514
-0.0254561
-0.063097
0.00175475
-0.107556
-0.0110218
-0.0177116
-0.00900376
-0.130143
0.012008
-0.0298765
-0.102873
-0.0287339
-0.0291931
-0.0153793
0.180608
-0.0265584
-0.025486
-0.0553288
0.0221374
-0.0468731
-0.0607817
-0.100563
-0.00398959
-0.0150053
-0.0254198
-0.0264601
-0.0164688
-0.0449876
-0.0664878
-0.0055772
-0.0107413
-0.0221521
-0.0287039
-0.00329515
-0.0346275
-0.00898879
-0.201475
-0.0353077
-0.0264309
-0.00113767
-0.0364539
-0.0337498
-0.0251547
-0.02632
-0.0765854
-0.0323242
-0.0405083
-0.0805659
-0.0492605
-0.029751
-0.0542836
-0.121094
-0.110431
-0.0514146
-0.063941
-0.0233024
-0.125354
-0.00333436
-0.0491443
-0.0319774
-0.110054
-0.0261756
0.0956043
-0.048327
-0.0216934
-0.026922
-0.0838661
-0.19013
-0.0324932
-0.0505886
-0.0187982
0.0177455
-0.0680617
-0.0492712
-0.00141141
-0.00248977
-0.0240364
-0.797208
-0.0918018
-0.0722801
-0.0533064
-0.0785311
-0.0450956
-0.015993
-0.0205609
-0.0356781
-0.0229549
0.671289
-0.0731102
-0.0753915
-0.0683874
-0.04295
-0.0261908
-0.0943769
-0.0784394
-0.0383106
-0.0365885
0.11199
0.0155704
-0.0555642
-0.0624477
-0.049271
-0.167896
-0.053537
-0.0475913
-0.0332864
-0.0224447
-0.148976
0.0475157
-0.0718928
-0.0523785
-0.0462702
0.0228092
0.0285231
-0.0497512
-0.0578189
-0.0525945
-0.0575306
-0.0576486
-0.0726314
-0.0592924
-0.057443
-0.0700773
-0.0891605
-0.0492585
-0.0589425
-0.0483615
-0.0622196
-0.0521364
-0.0597279
-0.059861
-0.0571486
-0.0709068
-0.0553594
-0.0604451
-0.0544773
-0.0588286
-0.0517616
-0.0636229
-0.0543377
-0.0872287
-0.0675828
-0.0589453
-0.0901941
-0.0523633
-0.065183
-0.0705077
-0.0661943
-0.0480002
-0.08272
-0.0179927
-0.0838552
-0.0772466
-0.0672013
-0.0736282
-0.0498245
-0.141228
-0.221907
-0.0447831
-0.0604016
-0.0421679
-0.087515
-0.0713568
-0.145317
0.205319
-0.0106804
-0.00698533
-0.033705
-0.0401947
-0.0230158
-0.0563326
-0.157448
0.11385
-0.0946015
-0.111701
-0.040562
-0.0480173
-0.0764635
-0.0784254
-0.0511626
-0.0261078
-0.193241
-0.314174
-0.114154
-0.09203
-0.0682599
-0.0315068
-0.0704782
-0.0509144
-0.361527
0.565676
-0.0697681
-0.0816508
-0.0404777
-0.0378743
-0.115225
-0.141819
-0.166192
0.294431
0.163359
0.0047345
-0.0685414
-0.132094
-0.131818
-0.213777
-0.109242
-0.171346
1.20966
0.042751
0.0235811
-0.054033
-0.0246957
-0.0326463
-0.0746424
-0.0555529
-0.0624717
-0.0536547
-0.160413
0.00348197
-0.133723
-0.101168
-0.312721
-0.146214
-0.284172
1.18401
0.013328
-0.0353856
-0.00590369
-0.00801681
-0.00833459
-0.0505969
-0.172258
-0.0903864
-0.0931205
0.0135115
-0.0136383
-0.0948523
-0.0892256
-0.0517878
-0.0341444
-0.0963703
0.787889
-0.17639
-0.0388116
-0.0733375
-0.0779936
-0.0788799
-0.0201
-0.0701256
0.0506595
-0.179597
-0.0675339
-0.0807039
-0.0865979
-0.0658225
-0.101128
-0.114168
0.146107
-0.27213
0.0599246
-0.128092
-0.0585356
-0.0568366
-0.078237
-0.0940016
-0.204585
0.447981
-0.23484
-0.000206869
-0.114559
-0.0478927
-0.105249
-0.0844029
-0.0741689
-0.140154
-0.118426
-0.0836664
-0.067671
-0.070329
-0.0720276
-0.085036
-0.0745722
-0.0668923
-0.0822706
-0.083188
-0.0783373
-0.0887796
-0.0788904
-0.110144
-0.0662846
-0.0690721
-0.0747042
-0.019781
-0.0773955
-0.0813983
-0.0703114
0.0730586
-0.111589
-0.0763733
-0.0792856
-0.0748016
-0.0802619
-0.100241
-0.0634217
-0.0566788
-0.108319
-0.0992574
0.362893
-0.054834
-0.0705692
-0.0814835
-0.0894259
-0.09569
-0.139779
-0.222725
-0.0668789
-0.0776032
-0.0938735
-0.196607
-0.0765793
-0.0969123
-0.13507
-0.120876
-0.0465571
-0.0811374
-0.0533848
-0.100572
-0.0920285
-0.103139
-0.0325125
-0.0967511
-0.0974098
-0.128919
-0.0703237
-0.102045
-0.0651328
-0.0630925
-0.0917089
-0.100137
-0.0504235
-0.0741953
-0.130122
-0.108952
-0.0766737
-0.0844778
-0.106787
-0.11397
-0.000509165
-0.025491
-0.0728699
-0.121627
-0.0994432
-0.0890991
-0.147643
-0.106918
-0.0861669
-0.0916532
-0.125779
-0.0741891
-0.0917797
-0.0972736
-0.0857969
-0.0962918
-0.0926971
-0.0906993
-0.0990863
-0.0843691
-0.07688
-0.0772644
-0.0869363
-0.0981472
-0.0906365
-0.0894478
-0.0786369
-0.0993583
-0.0877567
-0.0885908
-0.0930679
-0.0901434
-0.0893562
-0.0938866
-0.0922448
-0.0906376
-0.0891581
-0.0869703
-0.0880797
-0.0897724
-0.0882928
-0.0811955
-0.0783127
-0.0879217
-0.0804741
-0.082052
-0.0718013
-0.0704005
-0.07544
-0.0665281
-0.0666142
-0.0787553
-0.0201193
-0.0954088
-0.0849812
0.0524559
-0.15286
0.0578398
0.428222
0.351311
-0.0973425
-0.321262
-0.329815
-0.183724
-0.259717
-0.183689
-0.67465
-0.214792
-0.257208
0.0478716
-0.146745
-0.229458
-0.536813
-0.378659
-0.566948
0.0872378
-0.518388
-0.406639
0.232044
-0.883022
0.104116
-0.00937667
-0.216961
-0.222689
0.189838
0.241161
-0.00899522
-0.160614
-0.548544
-0.281427
-0.290681
-0.0421804
-0.28666
-0.103775
-0.290863
0.00421452
-0.0463282
-0.237367
-0.488598
0.0157047
-0.0453946
0.0160449
-0.153932
0.254118
-1.12443
-0.645337
-0.0273836
-0.525811
-0.59773
-0.271292
0.0506428
-0.157517
-0.0326617
-0.323926
0.0209179
0.163333
-0.0958769
-0.433616
0.0214058
0.0656673
-0.0178774
-0.0564096
0.219043
-0.522241
-0.959541
-0.635655
-0.378478
0.698766
0.860946
-0.0983168
-1.63055
0.896338
0.720119
-1.30007
-1.65339
-0.520529
-1.31209
-0.89229
-0.0731432
0.541486
1.18096
0.00262929
0.127601
-0.0930604
-1.44018
-0.215732
0.0770626
-1.85039
1.31729
-0.790365
0.566254
-0.334214
-0.461142
-0.5069
-0.296695
0.0334396
-0.21872
-0.221183
-0.0358779
0.143366
-0.724967
0.163859
-0.539179
-0.173537
-0.412732
-0.326618
-0.128305
0.0589737
-0.163392
-0.648581
-0.209649
-0.333783
-0.0804742
-0.668987
-0.0532511
-0.140767
-0.407925
-0.244447
-0.231081
-0.407106
-0.0450415
-0.289755
-0.0631672
-0.178684
-0.205661
-0.42928
-0.416218
-0.20406
-0.236252
-0.214904
-0.380863
-0.430102
-0.253435
-0.352122
-0.287657
-0.299801
-0.312877
-0.148779
-0.225393
-0.245517
-0.25721
-0.27997
-0.235831
-0.271492
-0.184903
-0.219541
-0.133315
-0.376759
-0.414559
-0.235177
-0.317283
-0.202466
-0.326287
-0.315392
-0.33855
-0.300264
-0.373595
-0.226783
-0.251945
-0.32279
-0.272873
-0.299748
-0.313117
-0.225334
-0.295615
-0.261585
-0.359168
-0.299496
-0.270901
-0.254303
-0.392042
0.00103996
-0.394895
-0.423107
-0.289258
-0.362012
-0.22094
-0.358521
-0.449042
-0.421853
-0.309625
-0.378844
-0.612698
-0.295921
-0.275033
-0.408156
-0.281629
-0.396479
-0.269422
-0.350427
-0.351857
-0.432063
-0.452908
-0.0913698
-0.371368
-0.454347
0.259632
-0.737424
-1.27696
-0.82257
-0.289176
0.000246042
0.179464
-0.210433
-0.0157063
-0.245449
-0.277069
-0.338621
-0.25787
-0.447852
-0.429874
-0.207957
-0.40832
-0.327061
-0.265645
-0.35755
-0.340317
-0.444088
-0.371739
-0.381177
-0.327188
-0.465797
-0.217778
-0.970068
-1.06989
-0.614285
-0.338116
0.0141125
-0.024738
-0.182294
-0.205506
-0.283351
-0.282009
-0.304351
-0.429166
-0.382193
-0.363384
-0.468855
-0.40663
-0.381807
-0.369163
-0.355998
-0.23235
-0.548185
-0.296659
-0.548235
-0.533846
-0.105986
-1.25856
-1.86434
-1.4791
-0.819219
-0.406157
-0.0178659
-0.144941
-0.0888148
-0.20269
-0.238186
-0.204609
-0.19779
-0.330944
-0.245083
-0.259383
-0.466147
-0.49337
-0.391069
-0.293726
-0.146805
-0.37137
-0.531656
-0.572495
0.600069
-0.569538
-0.0673993
-1.15914
-1.5244
-1.58339
-1.09274
-0.571417
-0.505616
-0.594128
-0.808954
-0.953049
-0.593968
-0.260985
-0.413898
-0.695922
-0.349502
-1.05714
-1.41965
-1.02839
-0.46173
-0.234723
0.0972291
0.319774
-0.845155
1.82145
-4.28115
0.531054
2.71795
0.113816
-1.09845
-0.637777
-0.372979
-0.434923
-0.196812
0.600676
0.869168
0.309033
0.370324
-0.203073
-0.985812
-0.146761
1.08937
1.20112
0.0905481
-1.56025
-4.27359
-6.6064
-3.90938
9.15306
18.8544
-17.6658
-29.5463
1.57989
7.97635
6.37708
2.73765
0.377252
2.0211
2.20511
1.08424
-0.160315
1.87339
1.21898
-1.18534
1.36116
-1.72118
-1.36803
0.634213
0.222237
2.55721
-5.62578
3.86727
-7.47308
9.41704
-9.95638
11.1085
-1.46004
-22.2622
-10.6794
-3.1122
1.2182
1.86095
1.21948
1.88352
1.15107
0.720528
0.137948
-0.311315
-1.02842
0.720134
-0.0969349
-0.814852
0.374598
0.226134
-0.385801
0.869001
-0.681807
2.57849
-1.51285
5.69248
-7.70636
25.9666
-8.95945
-12.807
-4.12114
-0.0182516
-1.42078
-3.10879
-3.52014
-2.18426
-0.943661
-0.668077
-0.436044
-1.30696
0.122971
1.48841
0.65217
0.0079195
-0.474152
-0.687513
-0.711806
0.115816
-2.13482
5.72071
-17.1915
30.4935
-50.9236
35.3602
15.3921
1.35801
-0.473232
-0.45818
-2.64426
-0.938474
-1.38486
-0.727954
0.414292
1.51053
1.02488
1.23717
-0.512467
-0.392455
-1.97563
-3.16236
-3.32853
-4.90509
-6.17112
-4.44924
-5.09143
-8.22224
0.858004
19.8088
-55.6056
2.91742
13.1229
10.221
6.00526
3.82014
0.718374
-0.388137
-2.22943
-2.93378
-3.5875
-3.26785
-3.66888
-3.49728
-3.62262
-3.25868
-3.50877
-2.65012
-2.9062
-2.85269
-3.53024
-3.17671
-4.71062
-5.9446
-12.7981
-63.8013
75.8934
23.982
11.9312
7.24391
5.69645
4.6645
3.86347
2.95835
1.69528
2.55597
2.10358
2.15634
1.52456
1.55832
1.20954
1.12427
0.280202
0.936513
0.770955
0.68239
-0.198695
0.400579
0.383972
0.230087
-0.00547981
