1.22628
3.05344
-0.788466
1.93487
-0.165754
-0.889835
-0.00345839
-0.000173635
-0.0902634
-0.0991024
-0.0713433
-0.088538
-0.0945724
-0.099852
-0.106748
-0.093716
-0.0938112
-0.108132
-0.100248
-0.0861296
-0.105259
-0.10535
-0.101885
-0.0947633
-0.113316
-0.0958494
-0.0934942
-0.0923457
-0.0915782
-0.0911144
-0.0905803
-0.0902212
-0.0898785
-0.0905601
-0.0891988
-0.0889731
-0.0890432
-0.088892
-0.0887432
-0.0886994
-0.0883882
-0.0885416
-0.0883707
-0.0884301
-0.0882513
-0.0882061
-0.0881642
-0.0881248
-0.0881155
-0.0881168
-0.0880976
-0.088087
-0.0881149
-0.0881537
-0.0881632
-0.0882086
-0.0882508
-0.0884582
-0.0883696
-0.088509
-0.0883859
-0.0887263
-0.0887397
-0.0888615
-0.0890401
-0.0889666
-0.0891929
-0.0905266
-0.0898734
-0.0902448
-0.0905788
-0.0910801
-0.0915737
-0.0923655
-0.0934891
-0.0958568
-0.113307
-0.0947905
-0.101878
-0.105312
-0.105241
-0.0861517
-0.100235
-0.108085
-0.0938074
-0.0936995
-0.106733
-0.0997906
-0.0945575
-0.0885443
-0.0713067
-0.0990602
-0.0902424
-0.000162789
-0.003412
-0.889816
-0.165662
1.93496
-0.788458
3.05347
