0
-0.0871238
0.0707734
-0.174461
-0.542385
-1.70439
-0.614439
-0.551458
0.365336
-1.06567
-1.51244
-2.05402
-1.81917
-1.95361
-2.20496
-2.70987
-2.37216
-5.00453
-4.08079
-4.60954
-4.99675
-6.26542
-7.62946
-13.131
-26.2137
-81.3456
72.3983
14.0604
6.535
5.15199
3.20088
3.56747
2.94948
2.95973
4.47299
3.77437
3.64191
4.03557
3.89152
4.05673
3.73316
4.03003
1.92281
1.83718
0.639159
-0.809476
-4.30298
-6.53464
-11.202
-14.4621
-2.7237
60.2815
-22.0028
-1.0369
9.13161
5.60052
4.93728
6.7591
5.34808
3.70384
3.43106
2.16121
0.333922
0.527129
-1.4069
-1.16294
-1.71079
-0.578374
0.838223
1.50549
1.00053
2.85708
0.443024
0.400696
-1.5043
-16.9653
-38.6958
56.1611
-33.5561
18.9886
-6.29763
2.29817
-0.084025
0.75213
0.714227
0.516469
-0.0254552
-0.718068
-1.65257
-0.112831
1.4391
0.496035
0.684839
1.07734
2.29543
3.89249
3.42786
1.5952
0.0440925
4.51996
13.9467
9.28311
-28.5516
8.43237
-6.33528
1.65022
-2.82879
0.74491
-0.927794
0.402029
-0.228538
-0.416536
0.906221
0.0608366
-0.784858
1.1708
0.335323
-0.141988
-0.778856
-1.27217
-2.0521
-1.29977
-1.98538
-1.2671
3.65013
11.9116
24.4097
1.24202
-12.231
11.0106
-10.3638
8.23392
-4.25421
6.07543
-2.90102
-0.0500859
-0.662432
1.42507
1.88368
-1.52587
1.25011
-1.37432
-1.95851
0.183128
-1.14861
-2.45561
-2.10527
-0.412122
-2.86683
-7.01036
-8.6238
-1.42011
32.6145
19.1636
-21.0164
-9.975
4.50831
7.29887
4.70328
1.78831
-0.165238
-1.41588
-1.22219
0.140928
1.07487
0.187541
-0.403328
-0.349644
-0.785015
-0.659162
0.174998
0.470087
0.409401
0.693568
1.17868
-0.106981
-2.97901
-0.541689
4.69053
-1.98791
0.909459
-0.368645
-0.108578
0.284799
0.642745
1.10255
1.58296
1.13052
0.404429
0.647309
0.446358
0.240612
0.657926
1.05898
0.904302
0.672482
0.5609
0.64705
1.17413
1.73553
1.64917
1.2385
0.0496764
0.612252
-0.675558
0.70065
0.532322
0.3803
0.233747
0.338871
0.42302
0.473648
0.491706
0.280037
0.277522
0.37699
0.176756
0.284487
0.230062
0.185546
0.133393
0.178204
0.0175105
0.454127
0.895633
0.954638
2.1002
1.39521
-0.102093
0.60141
0.600061
0.477741
0.563885
0.265152
0.398982
0.403791
0.419314
0.524261
0.490926
0.442065
0.40774
0.380642
0.380595
0.314887
0.3121
0.242101
0.198529
0.0401255
0.00873923
0.385118
0.69814
1.18678
1.0673
0.25306
0.534083
0.384867
0.415937
0.413057
0.460181
0.378651
0.431891
0.295995
0.266625
0.491402
0.655294
0.205879
0.506206
0.391583
0.430153
0.288036
0.270168
0.132043
0.285965
-0.195917
0.0154744
0.162369
0.931144
1.45159
0.913015
-0.382528
0.538713
0.426668
1.06753
0.427885
0.439597
0.335698
0.372614
0.318973
0.453464
0.472444
0.401924
0.242914
0.311646
-0.0960635
0.324012
0.357703
0.326574
0.255649
0.298603
0.217076
0.121454
0.3063
0.492977
0.439078
0.204896
0.410585
0.327286
0.393432
0.267181
0.374226
0.300165
0.328154
0.252048
0.346678
0.316592
0.286837
0.329491
0.312999
0.188533
0.458474
0.315553
0.273058
0.326783
0.360232
0.230613
0.282535
0.211634
0.437521
0.405772
0.138881
0.229534
0.18907
0.288322
0.249725
0.300446
0.270381
0.255087
0.22708
0.158491
0.318271
0.328942
0.333118
0.375973
0.259943
0.409131
0.418433
0.243136
0.237973
0.203418
0.414639
0.410907
0.20491
0.116065
0.054076
0.279119
0.0737561
0.393857
0.273183
0.25556
0.7753
0.126447
0.0626176
0.651092
0.0528871
0.347012
0.241701
0.303148
0.149038
-0.00295179
0.367016
0.556044
0.502098
0.148304
0.539389
0.0743265
0.394746
-0.132863
-0.0159973
0.226864
0.189899
-0.368049
0.244377
0.496632
0.502166
0.501082
-0.212696
0.836943
-1.42235
1.95138
-0.258347
0.296568
1.59968
-0.0322986
-0.248514
-0.0748337
0.590357
-0.468405
0.16585
1.03709
1.53841
0.565158
1.705
1.3565
-0.894426
-1.10901
-0.18488
0.158923
-0.863509
-0.661607
0.403797
0.650352
1.18298
0.6533
-0.244874
0.0711747
-0.398841
-0.227589
0.0998195
0.540113
0.19229
0.142938
0.0119952
0.360388
0.0436163
0.11226
0.185811
0.0579924
0.604597
0.643266
-0.00758551
0.585831
0.994193
-0.303689
0.106705
-0.0365237
0.0460197
0.304201
0.492872
0.220815
0.184145
0.006957
0.309721
0.182006
0.341647
0.0536951
0.321174
0.304893
0.508274
0.219187
0.0465441
-0.231892
-0.17274
0.260572
0.694665
0.0149009
-0.0803906
0.943333
-0.266845
0.461464
0.629867
-0.0683557
0.579895
0.464962
0.548297
0.237186
0.156032
0.0539328
0.319536
0.249202
0.72188
0.23883
0.28747
0.154734
0.350487
0.37628
0.216238
-0.409517
-0.467164
0.00139487
0.260134
-0.0424976
0.00245692
0.131749
-0.00111175
0.106131
0.0895405
0.0940219
0.0895433
0.105816
0.100737
0.0937864
0.100985
0.0978548
0.110185
0.108305
0.108223
0.104368
0.111839
0.107412
0.109196
0.110554
0.110987
0.112222
0.112734
0.114019
0.107768
0.122158
0.121769
0.097301
0.13766
0.122
0.128135
0.109835
0.1314
0.14609
0.119312
0.131605
0.106839
0.125085
0.123159
0.112983
0.137062
0.107516
0.133053
0.154465
0.0490839
0.12218
0.12475
0.0958055
0.0337861
0.131017
0.0903868
0.0589942
0.171944
0.225007
0.198161
0.0878487
0.0904007
0.139771
0.141721
0.0898163
0.0589732
0.136622
0.180673
0.0987497
0.105349
0.162805
0.159868
0.106332
0.139797
0.0549595
0.110501
0.108696
0.197664
0.0885455
0.110192
0.0959045
0.195525
0.118986
0.187389
0.0677095
0.0740259
0.0978209
0.126224
-0.0448803
0.11362
0.134054
0.136935
-0.0989453
0.0429311
0.0998701
0.108715
0.117267
0.131588
0.163931
0.675003
0.0863164
0.0747799
0.149304
0.130888
0.0872022
0.113782
0.128325
0.122296
0.108032
0.0638713
0.327527
0.111465
0.104048
0.105304
0.192651
0.129669
0.128206
0.105357
0.0646813
0.106058
0.0913753
0.108822
0.0977928
0.102093
0.136684
0.107529
0.106731
0.104253
0.110155
0.122346
0.0868244
0.0141509
-0.0345078
0.106626
0.0842606
0.0505252
0.145367
0.0195574
0.267989
-0.278997
1.27453
-0.191175
0.0273178
0.084919
0.135231
0.13311
-0.0263836
0.398059
-0.368736
0.554738
-0.00531325
0.0372325
0.0972735
0.0731204
0.072512
0.103487
-0.156269
0.424909
0.0884659
0.219406
0.0855726
0.065903
0.0790271
0.160187
-0.150342
2.10271
0.0388307
0.176647
0.119076
0.0382085
0.0503338
0.215965
0.268717
0.0322034
0.0110121
-0.164028
0.112583
0.226768
0.2222
0.212726
0.17092
0.269023
2.81945
-0.41522
-0.104267
-0.29077
-0.00407983
-0.0359279
0.175249
-0.0984652
0.086444
0.0758138
0.0951371
0.0711487
0.140211
0.156212
0.129762
0.25682
0.329954
2.94991
-0.171963
-0.0474888
-0.186667
-0.0830929
-0.0745666
0.0306274
0.225526
0.603236
0.891712
-0.172114
-0.121942
-0.0317096
0.121938
0.109368
0.0252819
0.0583838
1.46201
-0.644831
0.0781828
0.0403682
0.122681
0.0471649
-0.0216931
-0.0374146
-0.487041
-0.249104
0.158028
0.0671258
0.0219134
0.0203313
0.0850033
0.0990328
-0.0833799
0.0291376
0.444991
-0.165708
0.0749507
0.132761
0.11943
0.136726
0.1577
0.106547
0.747752
-0.171334
0.0427641
0.02872
0.0855962
0.0598843
0.0594624
-0.215993
-0.130005
0.0692394
0.0214619
0.0194023
0.0138873
-0.00149728
0.0987373
-0.0136757
0.0664707
0.0242709
0.0250691
0.0365134
0.045805
0.00140435
0.0421749
0.00995977
-0.0283046
0.0313384
0.0248798
0.0452617
0.0357922
0.0306715
0.0320175
0.0413019
0.0107632
0.0358878
0.0297403
0.0308356
0.0416164
0.0365088
0.0522885
0.0307692
0.0473858
-0.0303635
0.0110554
0.0254673
0.0259717
0.00290242
0.0307219
0.0271029
0.0332873
0.0240414
0.0379419
0.172177
0.162305
0.0423132
0.0275915
-0.00223406
0.183814
-0.11777
0.0761657
0.0450088
0.0397311
0.00507992
-0.166618
0.0173657
0.0137965
0.0224393
0.13099
0.270331
0.0426599
0.0544575
-0.0203495
-0.042453
0.0575987
0.0347766
0.00314669
-0.019289
-0.0155528
1.23203
0.0391542
0.0271551
0.0674175
0.090918
0.0234143
0.0228671
0.0159613
-0.0220572
-0.0536998
-1.02777
0.0599937
0.0903117
0.0858761
0.0102815
-0.0212347
0.119438
0.0569079
0.0145925
0.0363491
-0.212889
-0.0418447
0.0520589
0.0587312
0.0360665
0.232137
0.0425965
-0.0530978
0.0251498
0.0124324
0.10154
-0.106652
0.0438003
0.00099757
0.00387313
-0.0761205
-0.108454
-0.00593458
0.0289601
0.00799984
-0.0542448
0.0189885
0.0332451
-0.0262781
0.0604012
0.0345835
0.0257429
0.0214972
0.0770006
0.0320062
0.0363332
-0.211512
0.0613181
0.021384
0.0620984
0.0265681
0.0351343
0.056406
0.052559
-0.02942
0.0067008
0.0498618
0.0281409
0.0282036
0.0434077
0.0610969
-0.0828636
-0.0205764
-0.00847379
0.0972449
-0.0144663
0.0289416
0.0246058
0.295154
0.0328542
0.0175291
0.0161842
-0.0775475
0.0133668
0.073518
-0.136407
0.0416814
0.0299255
0.0402289
-0.0566685
0.0578562
-0.00822157
0.0219463
0.0152666
0.0255714
0.00494729
-0.28609
0.053693
0.000940744
0.0186226
0.00320628
-0.00525237
0.0412413
0.0213661
-0.00427061
0.0117621
0.0029442
0.0380055
0.00859311
0.0269157
0.132508
0.0162803
-0.0836687
0.0176382
0.0307735
-0.00936504
-0.0690255
-0.0268358
0.00902262
0.014889
0.0181701
0.0282515
0.00912403
-0.0179268
-0.00871708
0.0223221
0.122306
-0.0279099
0.0186949
0.0157876
0.0163991
-0.0239078
0.0242076
-0.0511947
0.00670996
-0.132574
0.0136416
0.153049
-0.00474163
0.134791
0.0106214
0.0355102
0.0108551
0.021262
0.00780631
0.104233
0.00199314
-0.00695572
0.00361949
0.00433951
-0.0055273
0.00178775
-0.0110226
0.0179996
-0.00385969
0.000876076
0.0785882
0.015092
0.00968841
0.0106773
-0.0082412
0.00701085
0.000885222
0.00479984
0.00219803
0.0101829
-0.0297807
0.0192355
0.00187644
0.0719014
0.00277701
-0.0406844
0.0313187
-0.0032077
0.00890198
0.0152987
0.00250737
-0.0026367
0.00216137
0.00299705
-0.00272725
0.00532389
-0.00440391
-0.000817719
0.00167809
0.0311415
0.00396159
0.00156911
0.00447899
0.000969817
0.00311763
-0.000424007
0.00156024
0.000175608
0.00444638
-0.00272592
0.00494445
0.00093584
-0.000417209
-0.00210937
-8.00298e-05
-0.00170216
5.75211e-05
-0.000410249
-0.00010843
0.00163503
-0.00319966
-0.00247833
-0.00232072
-0.0018966
-0.00146023
-0.00259514
-0.00205791
-0.00121635
-0.00153936
-0.00596324
-0.00343623
-0.00405331
-0.00346875
-0.00395811
-0.00338059
-0.00524409
-0.000767455
-0.0107532
-0.0053682
0.00834844
-0.0056769
-0.00546895
0.00415555
-0.00604629
-0.00753397
-0.0067752
-0.00984234
-0.00205234
-0.00862077
-0.0429579
-0.00626401
-0.00245771
0.00466514
-0.00413663
-0.00162934
-0.0148206
-0.00707532
-0.00685301
-0.00264518
-0.0060423
-0.018529
-9.83924e-05
-0.0434881
0.0584107
-0.00948775
-0.0463954
-0.00592246
-0.0223668
0.0294192
-0.0124367
-0.000949774
-0.0120651
-0.00641887
0.000445212
0.00410806
-0.0162752
-0.0122325
-0.0164725
-0.0990169
-0.0129887
0.00135079
-0.0210962
0.000843059
-0.0120863
0.00575124
-0.00743575
-0.007392
-0.000414112
-0.00517278
-0.155657
-0.0110754
-0.03749
-0.0125276
-0.0358823
-0.0126318
-0.130202
-0.000997017
-0.141413
-0.0219917
0.174444
-0.00989402
0.068985
-0.0288364
0.0265187
-0.0247458
-0.0219153
-0.025952
0.0241642
-0.139557
-0.046608
0.00611335
0.0143673
-0.0108615
-0.0306415
-0.0237011
-0.0167712
-0.00912765
0.0114895
0.0502211
-0.00387794
-0.0406742
-0.0497892
0.0842181
-0.0241963
-0.139055
-0.0336466
-0.0168923
-0.0448459
-0.00863806
-0.0179492
0.00371352
-0.0284529
-0.0504998
-0.00127367
-0.00597115
-0.0253067
-0.0125003
-0.063617
0.31769
-0.00588105
-0.0321658
-0.0241753
-0.0214344
0.0358589
-0.0570284
0.114559
-0.0439892
-0.0328892
-0.0455735
0.101353
-0.0766654
-0.023881
0.0832626
-0.0211869
-0.0229085
-0.0428924
-0.325316
-0.0244696
-0.0298632
0.0114046
-0.0990231
-0.00201529
0.0170058
0.0744151
-0.0633998
-0.0471219
-0.0317682
-0.0287198
-0.0419436
-0.00759053
0.0216006
-0.0667777
-0.0596482
-0.0437794
-0.0300704
-0.0682795
-0.021783
-0.0605634
0.21682
-0.0239205
-0.0388095
-0.076416
-0.0241075
-0.0291366
-0.0423995
-0.0388815
0.0259251
-0.0357261
-0.0253494
0.030233
-0.00558798
-0.0416664
-0.00432815
0.103107
0.0871939
-0.0109076
0.00358022
-0.0534012
0.101342
-0.0751138
-0.00886059
-0.0318318
0.0639717
-0.0429557
-0.257183
-0.0292232
-0.0592995
-0.0545662
0.040736
0.196748
-0.0467668
-0.0179996
-0.0681346
-0.119697
0.00870991
-0.0155661
-0.0995266
-0.0966456
-0.0632012
1.16885
0.0491035
0.0145416
-0.0162044
0.0139442
-0.0291958
-0.0675924
-0.0719552
-0.0327136
-0.0489956
-1.12673
0.0149621
0.0149495
-0.00453134
-0.0389402
-0.0677761
0.040744
0.0144149
-0.0519549
-0.0480589
-0.285811
-0.132023
-0.0241069
-0.0167963
-0.0369922
0.140193
-0.0301417
-0.0393072
-0.0613715
-0.0747993
0.122018
-0.183635
-0.0127143
-0.034535
-0.0487334
-0.144024
-0.159761
-0.0445109
-0.0301203
-0.0347581
-0.0277872
-0.0303238
-0.0133859
-0.0276661
-0.0290431
-0.0133057
0.0252969
-0.0497359
-0.0358518
-0.0440378
-0.0213462
-0.0423903
-0.0340493
-0.0328583
-0.0384162
-0.0161745
-0.0462402
-0.0346632
-0.040108
-0.0393818
-0.0499226
-0.0327638
-0.0445975
0.0246651
-0.0349457
-0.0446321
0.000709949
-0.0505582
-0.0324027
-0.0360178
-0.034295
-0.0606124
0.0101642
-0.1009
-0.00268109
-0.0201785
-0.0228742
-0.0215185
-0.0743482
0.129668
0.148651
-0.0719089
-0.0687346
-0.0855734
-0.0104234
-0.0393591
0.173602
-0.701826
-0.193038
-0.185079
-0.12748
-0.118693
-0.132973
-0.0748029
0.165697
-0.452735
0.0545407
0.0349096
-0.120077
-0.093094
-0.0233215
-0.0288709
-0.0713755
-0.154285
0.244838
0.493818
0.0163587
0.00505739
-0.0486896
-0.133819
-0.0509909
-0.0866033
0.62181
-1.50894
-0.0472538
-0.031729
-0.0993913
-0.125461
0.036132
0.114674
0.147569
-0.888447
-0.595603
-0.226214
-0.0413399
0.0760139
0.0775576
0.182598
0.0382751
0.168592
-3.10459
-0.337703
-0.260045
-0.132183
-0.159397
-0.142081
-0.075715
-0.0934226
-0.0847661
-0.0923221
0.0574033
-0.166169
0.0367676
0.0018017
0.314607
0.107577
0.41004
-2.88173
-0.268907
-0.171105
-0.222533
-0.22389
-0.220935
-0.115623
0.15409
-0.0115473
-0.0384928
-0.27234
-0.215569
-0.0555598
-0.0381038
-0.125316
-0.178611
-0.0123397
-2.10035
0.1499
-0.138928
-0.085983
-0.0768658
-0.0861291
-0.227358
-0.0953398
-0.363306
0.149605
-0.114227
-0.0769024
-0.0727642
-0.107136
-0.0322322
-0.0235455
-0.579907
0.355819
-0.399953
0.0283285
-0.140669
-0.136792
-0.0915765
-0.033882
0.171569
-1.31873
0.257172
-0.266922
-0.0232539
-0.154502
-0.0517022
-0.0906928
-0.109599
0.0245184
-0.013697
-0.0891749
-0.133287
-0.114673
-0.116679
-0.104445
-0.116079
-0.139045
-0.102407
-0.107878
-0.111588
-0.100166
-0.109016
-0.0659065
-0.13033
-0.133958
-0.129555
-0.196856
-0.12665
-0.116813
-0.130628
-0.329878
-0.0625042
-0.117749
-0.128117
-0.123589
-0.113523
-0.0935261
-0.15038
-0.153688
-0.0794059
-0.0898302
-0.77972
-0.163476
-0.134177
-0.118831
-0.109251
-0.106902
-0.0374893
0.0636106
-0.142882
-0.132629
-0.106283
0.0421038
-0.13081
-0.0987201
-0.0354695
-0.0703067
-0.163054
-0.12725
-0.155755
-0.103642
-0.113475
-0.0958554
-0.196558
-0.113336
-0.109013
-0.073452
-0.143697
-0.107615
-0.158924
-0.164643
-0.119151
-0.0997812
-0.181251
-0.142526
-0.0654539
-0.0902253
-0.144808
-0.14123
-0.0946697
-0.0867533
-0.232601
-0.224604
-0.169979
-0.0654707
-0.0957594
-0.136039
-0.0449588
-0.0973951
-0.131054
-0.124245
-0.105251
-0.157401
-0.145124
-0.118497
-0.135754
-0.11966
-0.126115
-0.128765
-0.110329
-0.133418
-0.158158
-0.149362
-0.140375
-0.115155
-0.129223
-0.127184
-0.143285
-0.100523
-0.124724
-0.121881
-0.118163
-0.118142
-0.119056
-0.116513
-0.113958
-0.11404
-0.112599
-0.112873
-0.118612
-0.110014
-0.112077
-0.114732
-0.115737
-0.0991459
-0.104274
-0.09595
-0.105265
-0.102787
-0.0954511
-0.0952989
-0.0868057
-0.114624
-0.0114191
-0.132358
0.0086463
0.0358311
-0.258119
-0.0106687
0.4518
0.384096
-0.219589
-0.394314
-0.364124
-0.152284
-0.286322
-0.239661
-0.725683
-0.258957
-0.326957
-0.063719
-0.163705
-0.246357
-0.557172
-0.470253
-0.579422
0.0617072
-0.646204
-0.451422
0.255514
-0.945214
0.092924
-0.0167946
-0.692563
-0.251858
0.177656
0.227211
-0.0606456
-0.23486
-0.51518
-0.312832
-0.308829
-0.0579404
-0.343513
-0.182284
-0.308348
-0.014428
-0.199051
-0.224815
-0.505127
-0.283043
-0.052285
0.0350466
-0.110732
0.267853
-0.99538
-0.556217
-0.0131586
-0.650508
-0.60779
-0.0545704
-0.172054
-0.11077
-0.0485757
-0.363366
-0.0122577
-0.164274
-0.183695
-0.542608
-0.100867
0.223777
0.383568
-0.0930368
0.240055
-0.684891
-1.18705
-0.645533
-0.384721
0.671731
0.863107
-0.174727
0.426954
1.09934
0.828557
-1.40731
-1.68959
-0.569207
-1.51208
-1.02457
-0.148104
0.489133
-0.396457
0.0620528
0.225438
-0.0117814
-1.61126
-0.288935
0.25077
-1.94206
1.42248
-0.858774
0.208322
-0.535277
-0.483122
-0.517533
-0.222932
0.356656
-0.19175
-0.22664
0.0267974
0.114626
-0.413102
-0.0853513
-0.548411
-0.157021
-0.504839
-0.545824
-0.360512
-0.0116435
-0.163016
-0.337155
-0.247286
-0.346944
-0.0557479
-0.658457
-0.0656495
-0.128531
-0.813463
-0.262753
-0.268145
-0.407338
-0.0582988
-0.289127
-0.0586936
-0.125298
-0.20479
-0.415437
-0.4299
-0.213845
-0.265933
-0.243882
-0.419088
-0.403254
-0.264164
-0.376363
-0.337461
-0.3325
-0.326483
-0.159575
-0.227226
-0.258517
-0.273231
-0.303535
-0.25098
-0.288671
-0.195242
-0.23265
-0.150822
-0.413851
-0.442055
-0.209167
-0.280619
-0.236256
-0.363131
-0.33052
-0.240105
-0.325337
-0.434915
-0.194628
-0.318809
-0.336259
-0.284871
-0.315403
-0.35438
-0.266103
-0.337348
-0.304432
-0.3817
-0.281858
-0.404181
-0.328439
-0.410823
-0.206439
-0.455388
-0.502923
-0.302219
-0.130084
-0.225456
-0.308966
-0.261482
-0.321946
-0.361299
-0.331602
0.0391285
-0.316419
-0.246368
-0.409826
-0.478631
-0.453514
-0.316365
-0.374978
-0.372462
-0.449555
-0.4325
-1.12153
-0.428023
-0.537728
0.376481
-0.931269
-1.45177
-0.903462
-0.115485
-0.00779395
0.183363
-0.293037
-0.131495
-0.272297
-0.292898
-0.437855
-0.394895
-0.512605
-0.261355
-0.66869
-0.482651
-0.284817
-0.299391
-0.432251
-0.37959
-0.462611
-0.408687
-0.42259
-0.403097
-0.538542
-0.268176
-1.07855
-1.18259
-0.69295
-0.375116
0.0169085
-0.0314353
-0.194458
-0.241122
-0.318947
-0.322782
-0.384593
-0.365428
-0.413509
-0.360502
-0.495774
-0.528416
-0.417019
-0.401291
-0.396898
-0.269543
-0.567628
-0.48294
-0.612064
-0.603532
0.0837841
-1.42376
-2.10011
-0.862102
-0.860977
-0.440244
-0.0031802
-0.177669
-0.128883
-0.186256
-0.228499
-0.289602
-0.180835
-0.374293
-0.282077
-0.283706
-0.49182
-0.508255
-0.420992
-0.341394
-0.234304
-0.385391
-0.526739
-0.692688
0.665037
-0.61594
-0.0889286
-1.28372
-1.65855
-1.72351
-1.16368
-0.628745
-0.56408
-0.666854
-0.903599
-1.04757
-0.623181
-0.206586
-0.440959
-0.645509
-0.40939
-1.14132
-1.5674
-1.08947
-0.638813
-0.22952
0.136868
0.383568
-0.893273
1.98824
-4.70241
0.617662
2.98439
0.0889424
-1.2243
-0.691488
-0.386707
-0.455434
-0.148694
0.673252
0.778647
0.344481
0.387455
-0.235859
-1.09332
-0.13411
1.21343
1.39059
0.10607
-1.85366
-4.7353
-7.24657
-4.09864
10.2543
20.4682
-19.757
-32.3551
1.89538
8.9358
7.04206
2.88191
0.443656
2.14285
2.41605
1.12579
-0.19599
1.94435
1.31802
-1.26311
1.49267
-1.88827
-1.40953
0.657909
-0.00975642
2.81626
-6.12017
4.22362
-8.26068
10.3735
-11.0346
12.4374
-2.12588
-24.514
-11.5567
-3.36002
1.51213
2.04866
1.37898
2.06859
1.31856
0.825619
0.163183
-0.2906
-1.15988
0.836732
-0.0443651
-0.88034
0.42513
0.241966
-0.392767
0.932926
-0.734692
2.81364
-1.65524
6.35486
-8.46675
28.6053
-10.2185
-14.3489
-4.50678
0.0376051
-1.53996
-3.36463
-3.85229
-2.22006
-1.06814
-0.671541
-0.467105
-1.39887
0.20608
1.69395
0.75304
0.042222
-0.483941
-0.703286
-0.722365
0.168747
-2.18875
6.29999
-18.8261
33.5141
-55.9713
39.0846
16.8953
1.38942
-0.633023
-0.522637
-2.94323
-1.03256
-1.54165
-0.843187
0.559457
1.71318
1.15089
1.36876
-0.53604
-0.323708
-2.17
-3.43145
-3.72021
-5.32785
-6.76229
-4.93088
-5.59978
-9.10535
1.07089
21.9363
-59.8277
2.60836
14.4073
11.1871
6.50853
4.30154
0.793588
-0.66073
-1.82639
-1.92223
-4.05704
-3.76632
-4.0668
-3.90584
-4.03588
-3.6543
-3.7749
-4.48158
-2.93573
-2.94893
-3.55506
-3.19367
-5.1395
-6.53303
-14.0213
-71.0185
83.5138
26.8312
13.1666
7.61919
6.2557
4.96138
4.6056
4.02923
4.84985
2.35394
2.66901
2.19101
1.92338
1.81254
2.01782
1.50432
1.03663
-0.489711
0.536065
0.602741
1.81068
0.4949
0.174766
-0.0656014
0.0902684
