-0.0087483
-0.0184033
0.00576722
0.0229642
0.011628
0.0349816
0.044367
0.0369495
0.0512231
0.0423819
0.0298116
0.0440396
0.0447053
0.0292616
0.0368961
0.0310962
0.0230605
0.035985
0.0343858
0.0310668
0.0503511
0.0697777
0.0796163
0.104591
0.106763
0.109886
0.133594
0.14733
0.14526
0.139508
0.133563
0.117265
0.102918
0.084695
0.0619205
0.0443183
0.0203009
-0.00733322
-0.0169987
-0.0401172
-0.0590887
-0.06754
-0.0806336
-0.0978171
-0.0870177
-0.107671
-0.107133
-0.101129
-0.0984343
-0.0866044
-0.0883133
-0.0797441
-0.0769125
-0.0656714
-0.0631957
-0.0335744
-0.0396018
-0.0287198
-0.0150857
-0.0122399
-0.00432186
-0.0052419
-0.00412645
-0.00832953
-6.29971e-06
-0.0102234
-0.0117464
-0.00982018
-0.00897551
-0.0189936
-0.0180969
-0.0316311
-0.0427439
-0.0616225
-0.0684805
-0.0607008
-0.0720126
-0.0786709
-0.0871198
-0.0934928
-0.0817809
-0.0689555
-0.0697865
-0.0446193
-0.0300356
-0.00991677
0.0103535
0.0246603
0.0383102
0.0615596
0.0743675
0.0820798
0.0913549
0.100424
0.118258
0.117652
0.134096
0.16131
0.170197
0.167357
0.179692
0.174117
0.178541
0.177423
0.136794
0.118108
0.0990095
0.0736742
0.0380503
0.0221583
-0.0062711
-0.0256863
-0.0408976
-0.0737369
-0.085148
-0.0779168
-0.112164
-0.121558
-0.111926
-0.121505
-0.114097
-0.113926
-0.116767
-0.104887
-0.087134
-0.107623
-0.109987
-0.087751
-0.0781729
-0.0699746
-0.0595507
-0.0617798
-0.0443073
-0.0128279
-0.0151995
0.0124119
0.027389
0.0313561
0.0458283
0.0635652
0.0552137
0.0429622
0.0505218
0.0290268
0.0143539
0.0252827
-0.000237837
-0.0197622
-0.0269008
-0.0217536
-0.0290375
-0.0522803
-0.0654731
-0.0704222
-0.0547513
-0.0393805
-0.0556533
-0.0560942
-0.0512862
-0.0440572
-0.0298052
-0.0372111
-0.0352668
-0.0133362
-0.00877046
0.00442803
0.00636768
0.0168623
0.0195013
0.0209224
0.0392807
0.033179
0.0369135
0.0324102
0.0348063
0.0530155
0.0510936
0.0561238
0.0554564
0.0554451
0.0877589
0.0938747
0.0978233
0.106258
0.11514
0.135523
0.154046
0.153053
0.151858
0.155877
0.163026
0.139757
0.127664
0.102076
0.0767242
0.0676668
0.0173486
-0.00725472
-0.0199336
-0.0569431
-0.0791494
-0.0783304
-0.0999049
-0.123336
-0.125933
-0.137759
-0.14866
-0.136247
-0.13521
-0.130677
-0.113276
-0.122697
-0.109858
-0.0962596
-0.101763
-0.0810378
-0.0653947
-0.0573794
-0.0344253
-0.0130538
-0.00944425
0.00473461
0.0137482
0.017316
0.0457408
0.0495589
0.0438991
0.0601937
0.0642685
0.0486577
0.0474932
0.0361174
0.0217161
0.0369026
0.0172011
-0.0105498
-0.011865
-0.0255965
-0.0690015
-0.0696683
-0.0894535
-0.109941
-0.0958704
-0.0974131
-0.104795
-0.0818073
-0.0512319
-0.0547535
-0.0283644
-0.00739321
-0.0160252
0.019067
0.0291085
0.0424825
0.0690637
0.0675285
0.0583616
0.0650052
0.0705652
0.0755464
0.0975011
0.107143
0.107992
0.127863
0.134741
0.131528
0.15074
0.175441
0.182634
0.188565
0.191639
0.197415
0.192839
0.170399
0.134554
0.10091
0.0675517
0.0317063
-0.0040328
-0.035987
-0.0658009
-0.0955371
-0.128188
-0.156126
-0.166231
-0.165396
-0.155
-0.155687
-0.156678
-0.145017
-0.156829
-0.16131
-0.148822
-0.140831
-0.126782
-0.0950978
-0.0783146
-0.0637899
-0.0463952
-0.0367547
-0.0395288
-0.0117722
-0.0080102
0.000707371
0.00833163
0.00765709
0.0313896
0.0372196
0.0357855
0.0369204
0.0398831
0.0500192
0.0538419
0.0353808
0.0180621
-0.00946821
-0.0321066
-0.05518
-0.0791607
-0.110174
-0.132061
-0.126106
-0.133213
-0.125552
-0.118238
-0.132009
-0.102666
-0.08579
-0.0686179
-0.0497706
-0.0331161
0.00669636
0.0162967
0.0343398
0.0525787
0.0456929
0.0775757
0.100414
0.109055
0.1274
0.136953
0.140525
0.143681
0.162219
0.146586
0.142977
0.178373
0.188714
0.211598
0.228565
0.209692
0.219735
0.226176
0.188376
0.156878
0.120066
0.0788519
0.0378701
0.00522028
-0.0548856
-0.110907
-0.115721
-0.161481
-0.175614
-0.163972
-0.188685
-0.190906
-0.186583
-0.201155
-0.195272
-0.182492
-0.178883
-0.159675
-0.120032
-0.107393
-0.0907551
-0.0513448
-0.0380709
-0.0219183
-0.0030011
-0.0193148
-0.0089664
0.0161183
0.0179779
0.0166043
0.0164236
0.0285974
0.034113
0.0517598
0.0647843
0.0561718
0.0615805
0.0493868
0.0288145
0.0048222
-0.0268276
-0.057821
-0.0770345
-0.0990483
-0.119747
-0.13736
-0.146045
-0.144328
-0.138505
-0.137427
-0.128493
-0.105984
-0.0915738
-0.063
-0.0323619
-0.0215427
0.00738264
0.0349569
0.0486762
0.0771727
0.115044
0.131024
0.145164
0.156853
0.162718
0.172117
0.176049
0.169294
0.180295
0.188559
0.18277
0.195985
0.210611
0.233575
0.235547
0.238775
0.236194
0.221933
0.20108
0.160095
0.121348
0.0672488
0.020621
-0.02604
-0.077047
-0.116163
-0.143701
-0.168489
-0.193288
-0.194636
-0.220563
-0.227983
-0.230093
-0.240244
-0.215013
-0.192493
-0.185129
-0.156387
-0.119191
-0.100849
-0.0626487
-0.0403643
-0.0297967
-0.00252006
0.00491475
-0.00200982
0.0120235
0.0189515
0.00526841
0.0141817
0.0185016
0.0207919
0.0515997
0.046984
0.0281633
0.0465412
0.0233611
-0.0029058
-0.0102305
-0.0494522
-0.0733197
-0.0752218
-0.113172
-0.138195
-0.13085
-0.143965
-0.162336
-0.142592
-0.120632
-0.127141
-0.0969889
-0.0768634
-0.0662433
-0.0256423
-0.00209986
0.0145118
0.0518753
0.0862559
0.102833
0.135194
0.156382
0.162369
0.184095
0.185044
0.188122
0.211354
0.213599
0.205188
0.202795
0.214012
0.212376
0.219298
0.231687
0.237295
0.24059
0.237813
0.22404
0.201121
0.173918
0.135597
0.0942736
0.023698
-0.0218063
-0.064635
-0.113993
-0.1468
-0.183671
-0.209722
-0.228547
-0.256299
-0.261831
-0.263109
-0.259992
-0.242104
-0.216524
-0.184895
-0.159958
-0.123135
-0.0912743
-0.0631723
-0.0159144
-0.0105944
-0.000879372
0.0084493
0.0194857
0.0178952
0.00494744
0.00585764
0.00700204
0.00944459
0.0289391
0.0285905
0.0152902
0.0140921
0.00921003
-0.00476638
-0.02727
-0.0486066
-0.0851606
-0.100037
-0.111546
-0.146696
-0.158534
-0.170693
-0.172133
-0.157033
-0.154898
-0.141131
-0.121761
-0.103981
-0.0623681
-0.042701
-0.00338341
0.0267576
0.044686
0.0902913
0.117746
0.132416
0.153919
0.182499
0.188144
0.18548
0.203933
0.198253
0.20806
0.240932
0.226084
0.223711
0.246304
0.226857
0.227977
0.240123
0.236029
0.236989
0.24001
0.22543
0.190711
0.178714
0.130256
0.0778856
0.0467856
-0.0287574
-0.0853407
-0.129591
-0.185153
-0.222373
-0.241094
-0.278432
-0.303845
-0.282485
-0.278245
-0.269816
-0.23727
-0.212062
-0.169302
-0.114557
-0.0980401
-0.0652032
-0.0190821
-0.00965145
0.0135055
0.0299874
0.0374541
0.0291945
0.034285
0.0325963
0.0214833
0.0231246
0.0106875
0.00397652
0.00520635
0.00115303
-0.0236114
-0.0438754
-0.0637185
-0.0905736
-0.104528
-0.121072
-0.147009
-0.163606
-0.166018
-0.164549
-0.167452
-0.154415
-0.143842
-0.125572
-0.101185
-0.0701594
-0.0409196
-0.0216675
0.00768923
0.0410408
0.0789628
0.108689
0.133677
0.146295
0.161523
0.177317
0.175402
0.178704
0.179875
0.185088
0.189737
0.200686
0.190546
0.193522
0.209134
0.208749
0.216138
0.222893
0.222521
0.22751
0.25124
0.244798
0.227332
0.206143
0.1773
0.139801
0.089757
0.0205864
-0.0408456
-0.117223
-0.168193
-0.215799
-0.260414
-0.295118
-0.299532
-0.314572
-0.304019
-0.267588
-0.257767
-0.220313
-0.172616
-0.126738
-0.0739871
-0.0450205
-0.0282673
-0.00128635
0.0222482
0.025331
0.0395522
0.0323812
0.0062348
0.0136115
0.00426212
-0.0215277
-0.0105652
-0.013994
-0.0308172
-0.0240938
-0.0462166
-0.0676984
-0.0751402
-0.116221
-0.143067
-0.150528
-0.176666
-0.204819
-0.203246
-0.198091
-0.20119
-0.147469
-0.127436
-0.108898
-0.0617213
-0.0310595
0.00196431
0.0468515
0.0860689
0.0966777
0.124725
0.156864
0.15554
0.170787
0.172992
0.142492
0.157195
0.160747
0.149324
0.153047
0.153505
0.162922
0.173969
0.174054
0.181253
0.185819
0.210666
0.218748
0.221937
0.231121
0.235109
0.259991
0.253282
0.243578
0.215138
0.185651
0.152617
0.0812481
0.00615353
-0.0573014
-0.130264
-0.184534
-0.229685
-0.278493
-0.3066
-0.324098
-0.303371
-0.286213
-0.258852
-0.222722
-0.199107
-0.143825
-0.10308
-0.0516262
-0.0254997
-0.0142175
0.00211642
0.013834
0.0238941
0.014954
-0.00621547
-0.0143763
-0.0163289
-0.0275431
-0.0343843
-0.0594253
-0.072892
-0.0727736
-0.0846581
-0.103971
-0.116133
-0.132562
-0.1646
-0.175119
-0.182498
-0.196457
-0.196007
-0.191936
-0.180285
-0.146791
-0.106506
-0.0796081
-0.0508155
-0.0127124
0.0328529
0.0688956
0.086544
0.115037
0.126108
0.142602
0.155212
0.151623
0.154056
0.156552
0.131918
0.116538
0.133134
0.124496
0.127559
0.144062
0.14807
0.157819
0.188171
0.186134
0.18552
0.224227
0.23067
0.233423
0.266602
0.284899
0.290059
0.287635
0.260216
0.222706
0.194351
0.120452
0.0358405
-0.0440546
-0.120237
-0.176836
-0.235405
-0.304994
-0.350281
-0.342088
-0.339123
-0.31545
-0.266974
-0.232732
-0.186561
-0.123895
-0.0861751
-0.0404662
0.012516
0.0195978
0.0356064
0.055165
0.0398979
0.0253864
0.000954583
-0.0266783
-0.0329837
-0.0415901
-0.0677537
-0.0990222
-0.0998132
-0.100131
-0.125662
-0.131402
-0.140832
-0.16974
-0.178134
-0.17833
-0.179803
-0.179897
-0.17221
-0.162284
-0.163298
-0.120996
-0.0755096
-0.0511578
-0.000222947
0.0347603
0.0586137
0.094536
0.117249
0.117674
0.127534
0.136314
0.14358
0.12984
0.127865
0.114065
0.0951047
0.103376
0.102556
0.102389
0.113065
0.135933
0.143102
0.16678
0.181249
0.177492
0.182985
0.199811
0.219004
0.241872
0.268893
0.290805
0.312583
0.327691
0.306532
0.268994
0.23681
0.174728
0.08239
-0.00708743
-0.105456
-0.184512
-0.273528
-0.327219
-0.356165
-0.39479
-0.372803
-0.321329
-0.277071
-0.203452
-0.134968
-0.0911345
-0.035638
0.0209311
0.0408922
0.0530876
0.062587
0.0406435
0.0335446
0.0177829
-0.0333882
-0.0564291
-0.0713821
-0.103064
-0.0879432
-0.116019
-0.136474
-0.121397
-0.13586
-0.160279
-0.169345
-0.19019
-0.218453
-0.197763
-0.192521
-0.193189
-0.159661
-0.144946
-0.13399
-0.0589079
-0.0304214
-0.00154001
0.0505735
0.0833636
0.0998944
0.11179
0.12147
0.0943672
0.0950163
0.105978
0.0790636
0.0838055
0.0861294
0.0676332
0.0836557
0.0879312
0.0855788
0.112855
0.144086
0.176442
0.191352
0.206087
0.211021
0.213474
0.235559
0.216223
0.222038
0.234854
0.257986
0.304627
0.329501
0.355647
0.357067
0.321153
0.279802
0.210212
0.111143
0.00327239
-0.123011
-0.228232
-0.316927
-0.382905
-0.424167
-0.441498
-0.411581
-0.343088
-0.247737
-0.157249
-0.0793388
-0.00663293
0.0478638
0.0959949
0.10661
0.109344
0.0916095
0.0407508
0.00288189
-0.0418572
-0.092541
-0.120566
-0.15097
-0.159411
-0.137443
-0.137545
-0.147861
-0.148742
-0.151174
-0.159896
-0.173489
-0.200761
-0.235917
-0.231202
-0.22334
-0.204852
-0.159772
-0.14734
-0.111911
-0.0561913
0.00214389
0.0496738
0.076485
0.11327
0.121097
0.111848
0.105077
0.0820611
0.0471453
0.0388184
0.0473248
0.0270972
0.0253796
0.0331847
0.0367609
0.0534703
0.0842806
0.094948
0.123289
0.17411
0.181834
0.211409
0.223576
0.204443
0.187363
0.220141
0.225428
0.238048
0.271743
0.280625
0.318269
0.385929
0.389738
0.341922
0.305482
0.244482
0.158241
0.053412
-0.105907
-0.250848
-0.331026
-0.404664
-0.428821
-0.436096
-0.418555
-0.335003
-0.214143
-0.113948
-0.0333135
0.0460451
0.0807929
0.119885
0.150839
0.108637
0.0423011
-0.0122287
-0.0699692
-0.0995101
-0.13072
-0.178513
-0.200067
-0.180643
-0.14072
-0.126469
-0.122545
-0.137957
-0.143363
-0.144952
-0.160004
-0.200124
-0.235116
-0.244321
-0.236155
-0.19691
-0.164587
-0.127405
-0.0895006
-0.00984805
0.0623722
0.0938663
0.108261
0.10549
0.10302
0.0959923
0.0614023
0.0109877
-0.0262644
-0.00739585
0.0017395
0.00129504
0.0177816
0.0199633
0.0565025
0.0962313
0.124222
0.123478
0.139205
0.174558
0.1904
0.196983
0.196938
0.174953
0.185767
0.214656
0.237221
0.255393
0.262856
0.301522
0.331554
0.385517
0.3995
0.358596
0.316514
0.241326
0.157126
0.0180133
-0.140377
-0.271657
-0.364966
-0.401804
-0.413057
-0.417378
-0.3634
-0.26781
-0.152113
-0.0375026
0.0403924
0.0788839
0.11752
0.147062
0.118583
0.0635937
0.00486092
-0.0758971
-0.123427
-0.143958
-0.192199
-0.190286
-0.1979
-0.176361
-0.125281
-0.113908
-0.136606
-0.143798
-0.161876
-0.185364
-0.186895
-0.228409
-0.272697
-0.260038
-0.229794
-0.196103
-0.128319
-0.0823159
-0.0355889
0.0475056
0.0931223
0.0912124
0.0967287
0.0714403
0.034569
0.0220047
-0.00411392
-0.0483642
-0.0493157
-0.021416
0.00268939
0.049135
0.0665403
0.0708646
0.104479
0.138304
0.129173
0.116458
0.119131
0.122644
0.149269
0.17319
0.184111
0.199823
0.239415
0.274111
0.305037
0.313109
0.311233
0.322604
0.33155
0.344609
0.3295
0.30153
0.260067
0.211525
0.147346
0.045106
-0.0789294
-0.192739
-0.273956
-0.32395
-0.352734
-0.365006
-0.345891
-0.263091
-0.162307
-0.0699549
0.00224345
0.0572716
0.106554
0.137701
0.125449
0.0765159
0.0134325
-0.0497741
-0.0890091
-0.145534
-0.205508
-0.219417
-0.228773
-0.215313
-0.180123
-0.168542
-0.170309
-0.162255
-0.169196
-0.178025
-0.197954
-0.229312
-0.238625
-0.233643
-0.211221
-0.183183
-0.137831
-0.0784702
-0.0245479
0.0398868
0.0827498
0.0790442
0.076245
0.0648091
0.0331011
-0.0134044
-0.0473822
-0.0559015
-0.0716544
-0.0438022
-0.00253735
0.0194448
0.0628946
0.0978158
0.109889
0.132295
0.138858
0.109146
0.103772
0.134848
0.154831
0.171986
0.199969
0.214963
0.251206
0.30544
0.299022
0.28077
0.302564
0.298639
0.27371
0.271029
0.242905
0.255149
0.283613
0.247854
0.187889
0.129948
0.0365341
-0.0581174
-0.156437
-0.26562
-0.334934
-0.353031
-0.340523
-0.301399
-0.230907
-0.145179
-0.0546344
0.0428433
0.103499
0.142545
0.143706
0.0882249
0.0462111
-0.00811911
-0.100308
-0.171826
-0.22264
-0.241792
-0.239094
-0.220415
-0.198279
-0.182938
-0.142982
-0.122744
-0.138575
-0.153301
-0.192046
-0.221203
-0.236537
-0.2376
-0.23037
-0.213198
-0.158633
-0.0903137
-0.0196028
0.0354432
0.0664609
0.0849452
0.0809093
0.0681469
0.0233798
-0.0355297
-0.0721946
-0.0904734
-0.084435
-0.0535733
-0.0212328
0.0296382
0.0883542
0.131869
0.158585
0.15797
0.145032
0.127781
0.106092
0.104552
0.10573
0.137197
0.182545
0.209629
0.260663
0.299178
0.316513
0.308374
0.299698
0.294765
0.264994
0.24027
0.211934
0.18911
0.221826
0.222596
0.194511
0.139433
0.0869552
0.0489812
-0.03886
-0.141552
-0.25173
-0.30169
-0.302097
-0.286482
-0.268768
-0.216631
-0.127237
-0.0166017
0.0757591
0.121212
0.114989
0.109015
0.105327
0.0253218
-0.055609
-0.146888
-0.232675
-0.244343
-0.244145
-0.258286
-0.255464
-0.218654
-0.161505
-0.123591
-0.115566
-0.147262
-0.159616
-0.169463
-0.215999
-0.233722
-0.252271
-0.25258
-0.188717
-0.121021
-0.0760047
-0.0173588
0.0353806
0.0711239
0.0938745
0.0839428
0.0208189
-0.0227544
-0.0485542
-0.0782461
-0.0810441
-0.0803336
-0.0679547
0.00161948
0.0733502
0.106135
0.122611
0.134072
0.145836
0.154027
0.129678
0.0960371
0.0925248
0.135994
0.191998
0.229801
0.256767
0.279659
0.302411
0.31683
0.303076
0.260248
0.216217
0.195614
0.18168
0.180219
0.192112
0.219678
0.250198
0.283663
0.251497
0.174215
0.0771657
-0.0285671
-0.125148
-0.239905
-0.323492
-0.354076
-0.342489
-0.274056
-0.179282
-0.0808489
0.0287031
0.116432
0.161707
0.155617
0.1099
0.0353466
-0.0593184
-0.149938
-0.230902
-0.270585
-0.286184
-0.271879
-0.221385
-0.179465
-0.144428
-0.105865
-0.106831
-0.115272
-0.144463
-0.206668
-0.268682
-0.294427
-0.2935
-0.274298
-0.233845
-0.179196
-0.0848085
0.00136513
0.0551657
0.0729266
0.0772767
0.0635983
0.0376206
-0.0243937
-0.09665
-0.122339
-0.136399
-0.0960554
-0.0561451
-0.0112895
0.0607845
0.126494
0.167089
0.171369
0.161095
0.127703
0.0968026
0.0877103
0.0580131
0.0617466
0.12365
0.170485
0.246364
0.305163
0.313942
0.311328
0.307273
0.283394
0.213703
0.18225
0.146113
0.1284
0.16876
0.178105
0.229624
0.312302
0.322602
0.299157
0.224377
0.0988013
-0.0296755
-0.153183
-0.27645
-0.369002
-0.382674
-0.354882
-0.286386
-0.172314
-0.061748
0.0571558
0.16224
0.184464
0.182302
0.11236
0.0124
-0.0843973
-0.182051
-0.260578
-0.307326
-0.302376
-0.268484
-0.220082
-0.163268
-0.130307
-0.116754
-0.102756
-0.139697
-0.190987
-0.245088
-0.295146
-0.312429
-0.295744
-0.25607
-0.206969
-0.133132
-0.0471673
0.0159588
0.0712457
0.081923
0.0666536
0.0350402
-0.0203618
-0.0801646
-0.131617
-0.149367
-0.119828
-0.0714748
-0.000251515
0.0601119
0.112297
0.163035
0.166488
0.147649
0.123147
0.087348
0.0500769
0.0304892
0.0446515
0.0759071
0.136394
0.21335
0.280685
0.337789
0.340154
0.331631
0.295304
0.232649
0.175104
0.107167
0.0725261
0.0873237
0.129948
0.170186
0.244467
0.329668
0.390106
0.385899
0.29583
0.171932
0.0418003
-0.0932842
-0.238199
-0.358935
-0.389834
-0.359363
-0.292756
-0.197307
-0.0704708
0.049744
0.154055
0.18365
0.154501
0.102796
0.00472147
-0.112483
-0.192879
-0.248735
-0.286533
-0.263901
-0.219541
-0.179228
-0.131728
-0.104429
-0.120316
-0.124338
-0.138185
-0.208457
-0.271311
-0.303585
-0.315213
-0.292282
-0.248721
-0.205261
-0.116424
-0.0324618
-0.0034753
0.0300218
0.0220694
0.00234173
-0.0224109
-0.0528172
-0.104858
-0.128901
-0.0966146
-0.0581501
0.0148124
0.0780272
0.102792
0.127422
0.141638
0.117671
0.0848379
0.0448311
0.0186792
0.0195072
0.0300642
0.0533419
0.121883
0.213072
0.306146
0.359938
0.378001
0.363744
0.318541
0.249224
0.160059
0.103288
0.0887843
0.0959902
0.119987
0.168833
0.240571
0.328354
0.390334
0.402764
0.380002
0.291995
0.167634
0.00970797
-0.148825
-0.282505
-0.354346
-0.362388
-0.315331
-0.21973
-0.115379
-0.000880396
0.109204
0.177349
0.160066
0.106479
0.0290037
-0.0652733
-0.135955
-0.214957
-0.25578
-0.232367
-0.214174
-0.178554
-0.152464
-0.151791
-0.148326
-0.156892
-0.187029
-0.220447
-0.246732
-0.282212
-0.285581
-0.25833
-0.225538
-0.177271
-0.123367
-0.0870808
-0.0511393
-0.0305157
-0.0401497
-0.0476917
-0.0632444
-0.077238
-0.073742
-0.0795516
-0.0731225
-0.041512
-0.00900942
0.0307879
0.0533937
0.0612791
0.0596508
0.0738922
0.0570896
0.0441941
0.0469013
0.0344321
0.0580815
0.0977598
0.127951
0.174948
0.240686
0.282157
0.317686
0.32896
0.291929
0.217734
0.179323
0.118165
0.0972571
0.128929
0.121633
0.165185
0.239046
0.299051
0.336712
0.345414
0.315923
0.309384
0.281541
0.180069
0.034682
-0.0652465
-0.157056
-0.207047
-0.243694
-0.281588
-0.235491
-0.140915
-0.0757898
-0.0355008
-0.00025663
0.0181398
0.0448676
0.0349052
-0.00603063
-0.0783236
-0.109859
-0.1296
-0.141501
-0.156235
-0.214738
-0.22318
-0.206704
-0.203128
-0.217846
-0.221144
-0.233235
-0.209305
-0.184787
-0.20235
-0.227992
-0.205771
-0.15611
-0.120554
-0.109644
-0.124031
-0.0991249
-0.0748704
-0.0705244
-0.0755608
-0.0816074
-0.0657576
-0.0389641
-0.0203152
-0.00498131
0.00787237
0.0294675
0.0584392
0.0763305
0.0615414
0.0539392
0.0433189
0.042188
0.0458409
0.0360815
0.0344559
0.072764
0.125668
0.168044
0.201789
0.227524
0.273217
0.294544
0.277663
0.231195
0.181993
0.13944
0.127844
0.121343
0.115442
0.153953
0.198976
0.241058
0.274691
0.270499
0.262376
0.263373
0.269697
0.242971
0.156139
0.0725225
-0.0282456
-0.110249
-0.170947
-0.234436
-0.266358
-0.232719
-0.162458
-0.115257
-0.0778691
-0.03659
-0.00270687
0.0376847
0.0277407
-0.0290055
-0.0510741
-0.0902355
-0.137078
-0.160019
-0.200858
-0.22643
-0.216246
-0.198471
-0.201996
-0.199639
-0.189164
-0.192104
-0.181411
-0.181144
-0.207451
-0.203364
-0.184283
-0.178838
-0.149817
-0.125173
-0.113503
-0.0814491
-0.0595393
-0.0633388
-0.049642
-0.0454643
-0.0644801
-0.0598937
-0.039346
-0.0465011
-0.0232305
-0.00950006
-0.00168178
0.0373654
0.0467035
0.0545691
0.0583815
0.0651883
0.0717616
0.066895
0.0767425
0.0906902
0.113887
0.135914
0.164456
0.214589
0.253653
0.276675
0.275764
0.239887
0.223219
0.180763
0.147625
0.121371
0.115652
0.156665
0.18501
0.222451
0.254706
0.265711
0.282301
0.293848
0.288009
0.25941
0.173139
0.0678001
-0.0147834
-0.0937816
-0.171715
-0.229005
-0.231698
-0.207681
-0.141958
-0.0944699
-0.0774637
-0.0251435
0.00918922
0.0054308
-0.0186519
-0.0679313
-0.082004
-0.0997189
-0.125867
-0.148074
-0.167631
-0.187803
-0.204712
-0.205636
-0.216913
-0.233034
-0.227641
-0.22216
-0.212717
-0.188038
-0.187893
-0.17971
-0.161149
-0.146397
-0.137857
-0.156187
-0.147975
-0.130128
-0.112538
-0.103618
-0.0963106
-0.0570562
-0.0348688
-0.0190807
-0.0150728
-0.00518891
0.0123218
0.0114873
0.00759083
0.0256088
0.0305883
0.0392887
0.0590784
0.0613344
0.0805436
0.0945618
0.0871424
0.0846737
0.109927
0.107765
0.108075
0.156003
0.193209
0.239565
0.273344
