-0.237948
0.958281
0.343334
0.279466
-0.692285
-0.712604
-0.865393
0.850069
0.229158
0.253757
-1.01488
0.918709
0.600843
-0.642081
-0.682999
-0.691112
-0.423516
0.0135572
-0.162794
-0.501426
0.259731
-0.790332
-0.354748
-0.264992
-0.0712853
0.654017
-0.612526
0.0920116
0.207483
-0.941577
0.247666
-0.660368
-0.828957
1.05733
0.979796
0.663998
-0.420515
-0.834844
0.418932
-0.0899872
-0.756485
-0.0294803
-0.862689
0.930089
-0.47967
0.304632
-0.378244
0.0797959
0.138013
-0.633256
1.06486
0.60184
0.823557
0.756948
0.183982
0.668646
-0.951123
-0.6943
-0.891779
-0.333719
-0.186054
-0.37697
0.585954
-0.304394
