0
-0.181923
-0.968732
-4.41329
0.143329
2.4355
-5.99384
2.56118
-1.00255
0.769233
-0.124524
-0.896778
0.922783
0.383809
0.960055
0.0861866
0.174076
0.479337
0.10556
0.0751473
0.253848
0.0629754
0.118843
0.141796
0.171875
0.15433
0.0799536
0.118613
0.110264
0.0746198
0.0825191
0.0847379
0.0636989
0.0817763
0.0844472
0.0709468
0.082306
0.0715937
0.080634
0.0677563
0.0588425
0.0865574
0.0541773
0.0182234
0.0901169
0.0634442
0.0976771
0.0360261
0.0620226
0.0717452
0.0234365
0.0393584
0.073651
0.0479248
0.0444793
0.0551133
0.0598978
0.0604083
0.00405409
0.0842785
0.0781533
0.0204513
0.0251006
0.0272569
0.0280693
0.0283072
0.028254
0.0280407
0.0277077
0.0272674
0.0268391
0.0263822
0.025926
0.0253045
0.0245087
0.0243226
0.0237247
0.0231828
0.0226446
0.0221971
0.0215623
0.020985
0.0205182
0.0198584
0.0194925
0.0187855
0.0185925
0.0180718
0.0173609
0.0168823
0.016426
0.0160008
0.0154626
0.0149872
0.0145759
0.0140871
0.0135924
0.0130977
0.0125594
0.0122097
0.0118129
0.0114609
0.010876
0.0107269
0.0100609
0.00953883
0.00908769
0.00866804
0.00819601
0.00768781
0.00739219
0.0070068
0.00656649
0.00621282
0.00572532
0.00533467
0.00488825
0.00453562
0.00406063
0.00365047
0.00320951
0.00280678
0.00243918
0.0020456
0.00161467
0.00120759
0.000817322
0.000408387
0
-0.000408387
-0.000817322
-0.00120759
-0.00161467
-0.0020456
-0.00243918
-0.00280678
-0.00320951
-0.00365047
-0.00406063
-0.00453562
-0.00488825
-0.00533467
-0.00572532
-0.00621282
-0.00656649
-0.0070068
-0.00739219
-0.00768781
-0.00819601
-0.00866804
-0.00908769
-0.00953883
-0.0100609
-0.0107269
-0.010876
-0.0114609
-0.0118129
-0.0122097
-0.0125594
-0.0130977
-0.0135924
-0.0140871
-0.0145759
-0.0149872
-0.0154626
-0.0160008
-0.016426
-0.0168823
-0.0173609
-0.0180718
-0.0185925
-0.0187855
-0.0194925
-0.0198584
-0.0205182
-0.020985
-0.0215623
-0.0221971
-0.0226446
-0.0231828
-0.0237247
-0.0243226
-0.0245087
-0.0253045
-0.025926
-0.0263822
-0.0268391
-0.0272674
-0.0277077
-0.0280407
-0.028254
-0.0283072
-0.0280693
-0.0272569
-0.0251006
-0.0204513
-0.0781533
-0.0842785
-0.00405409
-0.0604083
-0.0598978
-0.0551133
-0.0444793
-0.0479248
-0.073651
-0.0393584
-0.0234365
-0.0717452
-0.0620226
-0.0360261
-0.0976771
-0.0634442
-0.0901169
-0.0182234
-0.0541773
-0.0865574
-0.0588425
-0.0677563
-0.080634
-0.0715937
-0.082306
-0.0709468
-0.0844472
-0.0817763
-0.0636989
-0.0847379
-0.0825191
-0.0746198
-0.110264
-0.118613
-0.0799536
-0.15433
-0.171875
-0.141796
-0.118843
-0.0629754
-0.253848
-0.0751473
-0.10556
-0.479337
-0.174076
-0.0861866
-0.960055
-0.383809
-0.922783
0.896778
0.124524
-0.769233
1.00255
-2.56118
5.99384
-2.4355
-0.143329
4.41329
0.968732
0.181923
