-0.237947
0.958288
0.343244
0.279403
-0.692469
-0.712631
-0.865292
0.850304
0.229099
0.253681
-1.01472
0.918884
0.600626
-0.643205
-0.683472
-0.691182
-0.423261
0.0135986
-0.162813
-0.501159
0.259389
-0.790535
-0.354244
-0.264566
-0.0710447
0.654016
-0.612504
0.0925972
0.207323
-0.941381
0.248014
-0.659945
-0.82664
1.05945
0.979603
0.66303
-0.421129
-0.834844
0.419068
-0.0911168
-0.756166
-0.029219
-0.86128
0.931072
-0.479095
0.304804
-0.377934
0.0805956
0.138247
-0.632854
1.06485
0.602581
0.822522
0.753205
0.180146
0.663793
-0.955149
-0.696685
-0.891943
-0.332916
-0.184741
-0.375309
0.586446
-0.305028
