0.999995
0.998947
0.995492
0.989638
0.981403
0.9708
0.95786
0.942611
0.925095
0.905346
0.883418
0.859359
0.833236
0.805099
0.775025
0.743081
0.709353
0.673911
0.636841
0.598235
0.558196
0.516802
0.474156
0.430373
0.385535
0.339764
0.29316
0.245845
0.197909
0.149478
0.100655
0.0515677
0.00230342
-0.0467784
-0.0958982
-0.144741
-0.193219
-0.241204
-0.288594
-0.335263
-0.381124
-0.426053
-0.469942
-0.512704
-0.554227
-0.594409
-0.63315
-0.670372
-0.705978
-0.739882
-0.771996
-0.802258
-0.830586
-0.856912
-0.881168
-0.903307
-0.923271
-0.941009
-0.956477
-0.969644
-0.980474
-0.988942
-0.995028
-0.998716
-0.999999
-0.998873
-0.99534
-0.989409
-0.981094
-0.970418
-0.957402
-0.942079
-0.924487
-0.90467
-0.882671
-0.858546
-0.832352
-0.804157
-0.774019
-0.742017
-0.708226
-0.672735
-0.635614
-0.596962
-0.55687
-0.51544
-0.472756
-0.428928
-0.384069
-0.338267
-0.291638
-0.244293
-0.196351
-0.147902
-0.09907
-0.049966
-0.000709236
0.0483721
0.0974843
0.146326
0.194779
0.242749
0.290116
0.33677
0.382591
0.427492
0.471354
0.514068
0.555548
0.595686
0.634387
0.67155
0.707103
0.74095
0.773013
0.803205
0.83147
0.857729
0.881924
0.903988
0.923881
0.941545
0.956943
0.970031
0.980786
0.989177
0.995186
0.998796
1
0.998796
0.995186
0.989177
0.980786
0.970031
0.956943
0.941545
0.923881
0.903988
0.881924
0.857729
0.83147
0.803205
0.773013
0.74095
0.707103
0.67155
0.634387
0.595686
0.555548
0.514068
0.471354
0.427492
0.382591
0.33677
0.290116
0.242749
0.194779
0.146326
0.0974843
0.0483721
-0.000709236
-0.049966
-0.09907
-0.147902
-0.196351
-0.244293
-0.291638
-0.338267
-0.384069
-0.428928
-0.472756
-0.51544
-0.55687
-0.596962
-0.635614
-0.672735
-0.708226
-0.742017
-0.774019
-0.804157
-0.832352
-0.858546
-0.882671
-0.90467
-0.924487
-0.942079
-0.957402
-0.970418
-0.981094
-0.989409
-0.99534
-0.998873
-0.999999
-0.998716
-0.995028
-0.988942
-0.980474
-0.969644
-0.956477
-0.941009
-0.923271
-0.903307
-0.881168
-0.856912
-0.830586
-0.802258
-0.771996
-0.739882
-0.705978
-0.670372
-0.63315
-0.594409
-0.554227
-0.512704
-0.469942
-0.426053
-0.381124
-0.335263
-0.288594
-0.241204
-0.193219
-0.144741
-0.0958982
-0.0467784
0.00230342
0.0515677
0.100655
0.149478
0.197909
0.245845
0.29316
0.339764
0.385535
0.430373
0.474156
0.516802
0.558196
0.598235
0.636841
0.673911
0.709353
0.743081
0.775025
0.805099
0.833236
0.859359
0.883418
0.905346
0.925095
0.942611
0.95786
0.9708
0.981403
0.989638
0.995492
0.998947
