-5.64461
2.6604
0.829496
-0.841201
7.10927
0.800939
-0.0164162
1.93746
2.69281
2.4897
-6.45964
5.52171
-16.2668
0.316733
-3.52654
0.884593
-8.80501
0.262478
-0.58708
1.12483
10.8013
-2.44543
8.99399
-7.13567
3.77019
-0.144729
-5.13324
0.608086
7.32183
13.5143
12.4934
-4.87622
3.57169
-0.27713
4.73427
8.00864
5.61712
-8.97795
6.42337
-2.84706
-0.386922
2.48713
-7.00244
-10.2835
3.60916
5.99189
-10.6822
-3.75908
6.19024
-5.37501
-10.8071
2.09013
0.711376
7.71977
-10.327
0.672936
-6.44993
-7.12535
-8.4308
8.99245
-0.738517
-0.789181
2.95952
8.26846
-4.69613
4.53621
2.53909
8.14596
6.09614
4.99859
3.85114
-2.52319
-3.2058
14.2342
2.89696
1.13691
-5.79798
7.35245
-7.68736
-1.75643
-4.92198
-11.2121
-2.94532
-5.93207
6.02806
-2.75739
-0.846561
7.34873
1.042
-5.32321
-8.05748
4.93475
0.606988
4.82824
-4.02374
7.09038
-6.93219
-13.8961
2.09583
-0.063494
-8.42742
8.19875
-0.722773
5.12922
-8.57941
-12.1835
-8.22837
-3.25605
-2.1772
-3.68349
-1.8652
10.1395
8.92124
3.51636
-3.69108
7.10916
2.31218
-6.2073
6.40719
13.2725
-14.5789
3.50733
-1.16994
-11.1695
-6.63993
0.685343
-0.893861
-9.46959
-0.697102
-7.07208
-0.537362
0.630621
-5.35343
-11.2244
-5.16311
2.47814
-14.088
8.43428
7.01556
-6.10988
-0.552442
10.3596
-3.21843
2.61445
7.66267
8.79816
0.000726528
4.28192
4.15774
1.34603
-9.96949
-11.9774
-9.14622
3.95396
-2.08582
4.41657
-8.7644
-3.87866
1.78112
-12.8284
-4.3888
3.33162
-0.790353
3.17326
2.93744
3.81785
-7.25632
-4.97515
-5.28062
8.12768
-2.47604
-1.08901
5.74551
-4.59386
0.293322
-10.7563
-12.2435
-1.31995
-12.9992
6.44162
-6.76147
-3.64009
-1.66948
7.72037
-0.71009
-2.69835
2.99196
-0.205961
3.87079
15.0577
1.12261
5.73185
-6.15014
4.75163
8.80132
0.656093
-2.84048
7.85683
-6.05245
-9.21152
-5.44619
2.9362
-11.4544
4.81739
1.97857
4.5623
-10.4188
-7.27075
11.5451
1.70593
-7.7013
7.50115
3.58454
-6.43498
-6.53316
1.6346
-6.62502
1.59516
4.47543
-13.6876
-4.42389
8.39309
3.84231
1.42487
5.25653
-3.25285
13.8375
10.4875
9.75591
4.20801
-1.19149
6.64253
4.55542
-6.54347
4.89196
-0.968078
9.5859
-0.895593
0.870895
6.03512
-3.8911
4.21236
-6.33665
-1.56819
-10.5637
4.3415
-6.44654
-1.34615
-1.54314
5.53136
-0.830519
-2.29359
3.11333
-1.47877
-2.06153
0.894896
