0
7.05534
-22.5635
26.2325
2.05428
21.6714
-22.4257
60.7636
5.26756
-42.1692
-3.4845
-22.1288
-8.28689
17.9227
17.0975
19.9529
-15.3302
-9.46606
-7.63309
57.9556
-3.8346
-5.10894
-9.88662
-11.276
3.75221
-15.1355
-20.7708
25.0776
5.50942
35.1999
17.6976
-4.6864
6.53209
-13.2522
5.80763
-6.89191
-20.9029
13.7828
29.466
9.51019
-20.8338
9.54269
-18.9589
-4.36685
6.19645
19.315
-26.7402
9.65624
0.736065
24.661
27.7377
0.291358
-22.1173
-26.8121
-0.435025
14.8748
-19.3759
-14.5308
29.102
2.3172
-19.4159
23.2478
24.3499
-21.8137
36.6529
-39.2503
15.4903
-0.541701
-37.7101
11.2483
19.3055
3.91139
6.14349
8.91703
-17.7952
1.40708
-10.4881
-34.5397
20.156
-3.63301
-16.412
-10.0009
-23.5985
-6.18271
14.2203
38.2296
-14.5777
-16.2082
-14.1592
-27.0938
-3.26399
-29.0188
-21.0651
-23.5952
-0.235132
-29.0929
7.27165
25.2317
33.0996
34.021
-0.922627
26.0019
-0.788249
58.9195
-16.3703
15.2468
-25.0962
15.3413
14.6615
24.0122
8.30079
29.2286
-14.4858
-9.96113
11.8726
23.3574
-1.42811
16.7743
-40.4552
12.4039
9.69156
-4.22931
-19.0953
18.6639
-15.5092
-6.88063
-0.28371
0.823352
9.26774
-8.1375
26.0787
-54.2064
-2.0007
-11.9003
-0.250538
18.5584
-5.83032
2.04935
-17.7821
-38.1611
0.678945
18.0841
15.4999
6.47941
-11.236
5.02948
-18.2415
19.3039
31.2802
-5.66354
28.491
-3.50259
5.30536
-5.43276
23.3011
0.131399
4.6829
15.549
-21.5841
-3.2129
-8.48415
-29.4997
-33.5839
17.6235
-14.8765
16.4315
-36.2626
10.7991
-10.5564
18.6641
-8.81339
13.4615
20.6069
-25.0148
-12.394
-14.9258
17.7174
-10.854
-28.5043
22.1188
7.0513
3.46409
-13.465
11.929
27.2414
7.32745
-27.6015
39.8305
13.2811
13.0104
28.3954
-21.7404
17.8611
19.4539
-45.8801
15.2894
-1.6397
4.0742
-37.8248
-25.3097
-13.9091
0.794978
-18.7411
3.01242
-44.5094
-0.167816
6.27134
9.258
34.8223
-27.0413
-3.03287
-30.6822
-6.60121
-30.1871
34.0113
10.5893
23.0781
5.40332
-11.1527
-26.8653
30.9505
4.20203
25.2347
49.7654
0.895159
1.80756
5.48904
3.3226
40.9353
3.83784
-29.51
-26.2203
12.7838
8.06343
-0.38282
1.6908
-18.366
-36.7822
-40.7605
-13.518
12.0096
2.2935
7.09251
-13.1827
-33.1984
-9.56469
0.538443
26.7696
-34.7166
-35.0073
12.9988
-12.3504
-29.4635
-13.0583
-15.403
17.0394
28.4289
-0.890274
-16.3212
-32.9927
-4.69742
-21.0972
19.9102
-3.1169
-5.60341
3.40322
-18.1267
-13.2308
-32.4616
-9.14244
-18.706
11.3774
21.6169
-12.4537
-21.1246
-25.855
-39.0625
-13.697
27.8303
-26.9395
11.3952
13.7542
1.21822
-12.2254
-12.6812
-13.64
-7.50283
-7.24295
-8.97346
13.3657
19.9788
2.23355
3.1233
-24.1948
0.513336
28.5673
11.9886
-4.26896
-26.7325
-5.3696
21.5087
-19.1459
-16.4422
-32.6382
-20.5848
-17.5876
-38.969
-29.0708
4.11139
10.0555
2.49253
-13.1725
34.8087
2.97051
15.4985
-11.5023
-47.2495
0.832087
13.6412
-17.0709
31.2358
-24.5394
13.0944
-1.32904
-14.9564
-36.5317
-10.2313
-3.05398
36.6609
11.6897
-30.3521
7.13671
-3.10006
-30.8402
-50.4137
-3.00988
-10.9886
-19.7421
-6.91816
4.22675
-24.0242
22.5107
21.641
20.0809
5.02728
-7.75912
7.76479
-3.12875
-12.3633
3.46752
-27.3322
-19.1869
-9.5366
-7.30151
-0.342483
-17.1264
-24.8226
-12.5663
-11.1096
-40.8342
2.38558
35.3753
22.2752
13.3613
-7.32606
-28.5795
9.04634
-8.5367
-25.0688
-15.827
5.74867
10.9385
-8.86135
9.15237
1.2364
-20.4851
-48.7474
-5.42389
-92.4287
13.9908
-20.3658
-21.4599
-5.60004
-13.5684
-5.88703
37.0641
10.3282
12.9925
1.68758
-5.91855
4.82395
-19.3398
-1.46564
19.1175
7.42679
-12.0093
28.2279
5.48027
-12.8399
0.328499
-4.06442
3.76243
-14.8667
27.4204
-2.38859
14.8805
-17.8658
-10.7946
-39.0581
-24.7489
-1.03287
24.1823
-0.740931
32.5579
2.05317
-9.55357
-16.2544
3.74657
-30.1256
-49.5433
13.5435
4.4165
0.655912
-39.7247
34.5182
-11.239
32.716
-21.6651
18.215
-13.3228
-40.9454
-26.1461
11.9467
26.2562
-11.4073
28.1442
11.5333
-11.929
-25.0828
-16.7326
0.0696073
-7.30292
-1.40764
-1.42278
31.5767
-5.46389
21.129
-19.9734
22.0499
10.9183
12.3423
8.43872
-0.842692
3.78739
-16.548
13.4163
58.5514
2.05172
-8.9295
35.7896
-6.11618
20.5754
-10.5825
9.33346
-4.7739
17.2772
-2.53987
2.34717
-10.869
-13.0042
-19.1456
24.8583
-6.61478
-4.00785
10.3625
1.67942
28.1539
-1.19765
25.3756
18.3296
24.6825
6.51753
-37.4362
6.75153
-5.4816
6.36474
-11.7186
-24.8235
18.6449
1.59908
47.1563
6.12578
2.21142
5.37208
21.1202
-31.0423
-16.1187
29.1102
-12.0845
-4.17696
30.9119
9.74108
10.1326
8.34389
47.6053
10.2109
11.2711
-7.84606
2.17238
-10.4363
2.28678
4.66051
-19.6141
0.344563
-14.5746
-1.86786
11.1331
-17.9997
-7.63193
35.0021
0.775724
-11.3988
23.7263
-14.545
-3.25126
-29.3255
-13.1941
-14.3376
-21.8644
19.4307
-1.39713
-18.0963
-2.07653
-11.2257
-17.2884
-4.75361
4.26986
-17.9094
4.29527
-19.7025
11.8619
-8.9168
-3.10141
10.4398
3.3009
-4.75435
-44.8578
20.9728
-3.93014
-34.3821
-10.6548
-18.6252
1.31991
11.2154
-15.3453
21.7563
-17.3416
16.857
1.27048
-2.3421
34.0503
-6.20747
-22.3433
2.78574
-27.9114
10.3684
-16.2929
-3.13839
36.4148
18.1219
1.31603
-6.90159
4.36209
0.388526
-0.888795
3.41563
-17.5548
17.4816
3.32575
-10.2772
37.1845
7.14705
8.60293
4.38946
1.06853
35.7335
-13.3924
-3.36373
10.7678
-27.6461
4.58034
-4.52231
14.8813
5.41608
-11.4652
27.6176
-0.136134
14.2782
28.9138
-0.0740045
-34.4219
24.1153
-24.734
-25.5953
-16.2662
-3.44985
-4.49367
-3.88693
-17.2767
-28.6464
25.7363
-1.18928
13.6023
-15.1821
-25.7842
-3.1758
12.9002
-6.50776
-35.1798
32.1708
3.92281
-12.2986
25.4802
-15.0912
-41.9657
-3.57735
35.288
16.7944
12.2405
-6.56791
-13.1859
-9.40182
-3.86479
12.438
19.1727
30.484
25.6359
28.6226
-17.3884
-18.3535
8.00709
10.3076
5.80033
-6.5448
33.4953
-47.6855
27.4864
-5.33083
6.74177
-0.216704
20.7232
33.416
-9.33235
23.7752
34.1682
-28.079
-3.41226
0.611989
14.4731
-38.3219
-0.742351
4.18049
-5.00122
-5.81591
7.84267
-25.086
-7.51796
-30.3633
24.0681
1.21312
42.3614
-8.0147
-18.0725
-30.2715
4.37333
46.4823
42.5191
-34.7799
-33.075
-1.0138
-9.34892
9.05655
9.59138
-6.93457
-3.09121
-16.4319
9.33095
-13.1419
26.2663
21.464
4.28288
3.00577
-41.8368
-13.639
-19.8676
11.122
0.0295039
5.71579
10.347
-18.8119
-10.2282
-28.416
21.2616
25.4329
-36.1332
20.8357
9.42584
-10.6093
15.2531
21.4841
9.39758
9.38182
-25.4875
22.05
-40.129
16.5232
-29.4689
28.7461
-34.5683
-1.52699
-28.3892
10.9307
-8.64698
-12.2813
2.31964
21.4469
-11.7752
-1.04227
3.0254
-22.9665
-17.5834
-2.94084
-2.69569
-9.4113
-15.601
-17.3256
-9.77216
-4.32782
-18.8282
29.5125
5.79448
-1.30508
7.79571
-1.1927
28.668
-9.39774
24.2537
-42.7244
-18.0972
-13.0326
-18.4726
-8.74272
-26.3572
27.0338
-5.88891
10.8175
-7.04085
8.60588
19.1717
15.3114
-19.763
6.15022
28.3944
-32.1563
20.0513
27.6374
-12.9881
-2.21103
-22.6953
8.67668
25.3383
-1.57672
27.0734
0.542443
10.3885
1.69196
-23.0143
-4.38221
21.882
-1.24361
43.3494
-15.5425
27.5585
4.85888
-6.26131
-2.56629
19.6961
-2.8865
15.3373
14.9531
-18.3537
35.1414
-13.0106
-19.9122
16.5408
-19.3169
24.2118
5.97409
4.21346
13.9544
-9.99985
-1.3516
-12.6407
32.2439
6.99168
-16.408
-12.8855
-4.13807
7.80096
-33.2614
-41.402
-0.821342
-39.2657
23.2126
14.365
-27.8394
0.254611
24.4429
-22.6288
4.79328
-35.5281
-17.6439
21.8636
24.7533
9.0843
22.695
-11.0591
-11.4425
13.386
7.34444
11.8806
4.64379
22.0607
-19.8734
13.5697
8.43113
18.0422
22.2283
0.987968
28.5809
-35.9022
17.3258
-8.69399
14.816
-12.765
2.20958
-30.0906
-11.9006
39.6944
-1.48296
-10.6827
-7.91453
-42.1794
-12.4122
-21.8007
16.8359
9.44632
25.3274
10.6942
-23.4793
-14.3501
8.47407
35.4542
-9.87915
-0.889074
54.57
19.5067
-4.6612
-27.0036
-17.0957
15.3554
-0.909946
-9.49328
25.162
4.20112
-14.3127
-15.326
12.7133
27.067
-18.5042
-2.38918
-13.3125
17.0404
-3.16853
-42.1038
-24.7968
15.2719
1.44133
-18.9636
-24.8477
-32.262
44.3315
-5.5076
-6.26227
10.3559
-8.92674
30.014
1.09186
-33.1025
9.48921
-0.485816
-30.7878
-8.35682
17.7248
14.9502
-18.7701
17.7354
12.9944
1.32987
-4.2463
-19.5953
-22.6356
-23.8911
13.6978
-27.1109
23.1684
-21.8749
-26.7487
10.6891
-3.85004
-14.6717
18.6804
0.316122
16.1424
-6.97975
15.4012
-31.6422
9.77097
-13.7953
20.0537
10.212
-26.8219
-1.24791
-9.85453
-74.5055
-3.34264
-20.5959
-29.6237
-33.9003
-9.71639
-12.4298
19.5283
7.93398
3.57267
-13.1651
-5.51689
-14.0151
-22.64
-0.535824
-30.4081
6.05183
-10.7514
-12.0075
-11.6238
23.9216
-17.8074
16.2783
-52.4603
-15.5332
-3.86086
-14.4203
-2.20732
26.7823
14.3188
13.6723
2.03438
-31.0022
17.0336
-11.5774
-6.43352
3.46707
-16.0772
0.475445
-0.645475
-15.4632
27.1123
-14.9331
7.45736
0.522845
53.3918
4.90393
-14.1632
30.7944
-5.2122
-3.60711
9.59799
-20.8661
13.4117
39.0418
-24.9729
-28.2186
-22.5844
20.6777
-5.06653
-34.1807
-24.1816
5.45785
-8.43003
49.921
-31.7549
0.0865162
32.0228
-50.8811
9.95232
-5.03902
23.5835
33.9313
5.11402
-20.6388
23.0487
27.0577
23.4151
-37.4184
-13.4963
20.9137
-9.48274
4.23224
4.86668
-31.6465
13.7038
-4.41299
-54.6668
7.26986
-12.0326
16.1262
-25.3193
12.5095
3.01138
-2.82837
16.8881
-3.4858
6.42185
10.4369
-17.7374
30.9471
-0.406935
-14.5901
-14.409
-26.2958
-1.42646
16.0715
5.78123
12.5251
53.4149
-16.542
17.5184
-25.2792
12.3898
13.1723
9.78337
-5.25646
30.3339
0.929697
20.2095
14.9961
4.76383
13.809
-3.71197
-7.80686
-18.9349
10.6264
9.80881
34.1079
30.1366
21.1285
6.93239
73.9488
12.7201
0.0625185
26.3533
-9.40328
-19.6291
15.1632
-9.87591
34.0525
-16.1648
5.89481
-16.425
1.71724
-18.4624
15.4044
2.49438
-10.7191
26.6948
23.8474
-24.8895
27.7439
-14.5856
24.279
22.242
16.466
7.62318
-3.48026
-12.1181
-16.6551
21.05
-16.0327
-18.1968
8.07974
29.8444
0.193756
-7.31659
33.6926
-0.851422
-30.7455
8.69059
-9.36912
5.88241
5.30985
-45.5295
34.024
23.8068
18.5116
-1.58999
-15.6045
25.9618
42.3286
2.18739
-14.7022
12.8299
1.17606
19.2254
-27.3393
-11.2937
15.5295
15.5733
-4.25941
-25.1368
9.28012
1.26503
-14.3362
17.0394
28.4382
4.47607
-21.3199
-54.1273
0.685734
8.45677
-35.4128
-9.42653
14.1708
22.5391
-10.16
-25.5213
-9.30475
-16.9179
21.8258
12.2174
41.8696
8.86256
9.62447
2.98818
-39.6973
11.4113
30.0437
-3.5386
13.7043
-15.7185
8.458
-15.6597
36.6708
-29.6395
-2.38217
-21.1724
-18.3531
-10.6468
-9.20363
18.4015
-21.0103
-6.95811
-11.8253
-7.13335
-14.0331
10.8819
14.6193
-23.5701
-8.3545
-24.7782
-19.8157
16.8533
34.7005
-3.85656
22.0939
-22.3081
-0.694386
28.1306
-14.3938
-22.3663
39.224
0.734431
41.3558
33.2603
-9.74781
4.99658
12.276
17.1402
-7.61698
-32.0727
12.3106
-0.389191
10.4651
-13.435
-3.2143
-5.87494
-23.4737
19.0251
-15.4485
19.1864
12.9915
-34.5407
18.3279
-14.6131
-15.4758
2.26472
-18.965
2.02851
8.6528
-5.07563
-26.3577
15.316
-44.9727
1.22347
-19.0146
3.40785
21.8926
-0.925113
-10.5189
-1.63934
-26.6697
-0.0736096
-24.6501
-5.13415
19.9732
2.61648
15.0184
-27.633
-18.4253
32.424
-31.9785
-5.60435
18.9788
-11.5663
-19.7535
-9.48103
7.47086
-10.0492
5.22854
-26.8466
22.7129
8.97619
19.1332
12.7056
18.2389
42.2836
-24.4237
9.27008
-28.5861
2.7048
-8.25535
1.21922
-7.45676
-28.7833
15.9558
4.70798
10.2728
16.8341
16.668
9.39055
2.87701
1.13404
17.238
23.4424
-2.9248
1.19843
11.394
-21.4112
-3.96586
12.1607
8.4754
-11.5463
30.07
1.2487
34.4589
-27.8898
29.3889
-15.4383
40.2266
-23.0164
26.3804
-11.4364
-7.44139
-21.3692
-13.6161
10.448
-10.9778
-22.0395
35.1006
-25.4485
-20.7138
28.6698
10.0856
16.7869
-10.6472
-4.84212
0.389431
-10.2191
19.3016
12.8815
41.3417
-1.5404
-5.95392
-20.8091
-26.025
11.8913
-9.17286
14.4819
3.53966
6.12503
-10.2566
-8.08829
7.15537
1.0885
32.845
35.4962
-44.3867
-46.8521
-3.41147
28.529
18.0548
5.73497
-42.0599
-2.61014
-24.4091
31.4131
5.70653
25.2186
-8.97067
6.02241
4.73141
-3.66231
1.01204
39.1116
-14.1042
-0.562401
3.59555
23.7145
-34.2344
-23.2439
10.9801
-32.9839
-20.3218
0.10314
-5.68276
5.48257
-28.2395
49.4398
-33.2986
7.43106
-5.36097
-11.1635
-7.61982
17.6585
19.0841
-29.3742
-26.9188
-30.4985
-18.9954
-11.6943
6.78277
6.01218
13.1166
6.70415
-12.6489
-15.4564
-36.5554
8.95668
41.9705
14.482
-23.685
12.362
-6.89414
-32.195
36.0141
5.59934
-12.5672
-0.22398
25.8377
14.8388
-13.7143
0.445489
-26.1488
30.2764
19.936
4.38421
2.38562
3.33825
16.979
25.4044
24.5056
-22.4135
35.0135
-2.13756
-28.696
-14.8379
0.104978
-26.9782
12.3616
-5.22476
-13.1296
4.28324
-2.76878
27.6294
-11.176
4.61182
13.8534
-37.5493
-0.465087
-6.52199
-9.43328
-6.86924
-38.6502
9.76951
-1.17691
-17.6979
17.8948
-4.26561
2.47575
-1.9306
-4.04479
7.99903
-1.56624
-16.8683
-37.1284
5.59994
16.2392
-10.8193
28.7694
-2.53127
22.6557
7.99267
-35.7301
2.08518
-0.919486
-19.5755
16.4582
-21.4523
16.3139
-11.6831
-5.24592
18.357
7.57389
35.2037
2.81151
-20.9769
44.9047
5.5934
-4.44979
-13.2655
2.95844
10.7167
-12.1301
20.0206
-4.32618
17.6376
-3.34963
4.67795
17.6432
11.2493
0.990242
17.6519
2.7494
-21.0813
21.843
10.5779
13.5058
28.2392
3.43749
14.1909
-24.4922
10.798
-0.904595
-35.739
11.1463
18.1832
-11.8553
0.981647
14.6533
-2.2739
19.6715
-6.40296
0.13575
8.45327
-1.76454
9.19235
-13.0761
-8.9692
-48.2059
-10.4042
-11.4593
-8.79823
-29.609
1.45328
12.2975
-28.9867
14.6961
29.5165
-19.8259
-3.80442
-4.78743
-5.60598
-48.1494
-1.86054
-17.3215
24.1936
11.9232
-7.46297
5.33765
-4.59494
37.592
-8.42001
-24.4204
-18.027
-27.3271
0.783684
-27.1597
-1.99352
-9.55417
3.0977
7.12308
-26.8559
18.0917
13.251
10.9028
-3.51474
2.87674
-16.2386
4.3484
-9.45642
10.5405
-19.8853
6.61882
-36.7764
9.38093
0.0531032
-58.1892
-12.7561
16.47
-1.62357
1.88123
-8.46116
-12.049
-11.0097
-19.5566
20.0599
-21.4533
3.16557
-30.1447
1.54064
0.621289
9.16928
-0.307756
17.7457
26.8961
11.0621
-9.31427
-28.7032
10.8253
-25.434
-9.30367
21.7877
44.0539
14.7071
-19.9478
21.7438
-33.1094
12.8185
-33.9146
40.4097
-0.958905
-4.76746
-16.802
50.0901
28.2923
-4.35527
16.1924
10.3949
-3.48048
-34.255
0.170747
-22.8466
0.487824
25.2716
39.2311
9.01071
18.9527
-15.4707
1.64081
-27.4443
14.8099
-2.93634
4.16063
-1.15474
12.65
-5.62776
-27.0901
11.6561
-7.67176
-17.2682
0.767579
19.1848
-5.50622
5.6635
-4.43994
-8.90436
-10.2983
-39.5722
5.76949
18.0552
7.47002
22.994
18.4055
-13.1849
93.6314
5.90839
50.8047
20.2298
-4.28968
-7.92207
8.65453
-11.6483
-5.47678
12.9156
25.0122
5.83751
-8.08404
29.187
7.97926
-13.6412
-20.333
-35.8932
2.75325
38.5161
8.45894
12.1914
26.1011
17.0909
0.588433
6.07153
7.73357
20.3451
27.5329
-4.20413
11.9707
3.57987
-9.05458
7.75231
-5.0203
-21.35
-21.553
-23.4847
25.4724
-3.14379
6.376
20.2755
11.7731
3.4433
50.4016
30.9574
-0.040109
-8.79029
31.3036
-8.86055
-36.335
2.68826
9.22618
38.7023
15.0425
0.337745
-13.3754
24.7181
-30.9253
17.5352
-11.2622
-0.650129
47.8833
14.4838
-15.7144
-2.72371
-34.1918
13.6289
-2.21395
-9.21973
-4.49189
30.728
38.822
16.5475
21.2407
31.7577
15.4869
18.9454
-22.685
4.07858
27.5773
6.62324
-11.0492
-27.8388
-2.70502
23.6801
-2.81998
-3.16099
-19.2063
-13.7468
8.42259
7.34559
8.59199
13.3517
10.5574
11.3113
-1.32241
-14.3611
-12.208
26.5494
-27.1457
14.1843
39.9815
25.1238
20.5451
13.0646
-20.6531
-11.7495
17.5269
8.93498
32.6108
13.0272
17.3018
-2.82164
6.81538
0.929363
-21.3261
21.5364
4.83651
34.7224
14.0374
0.0458015
-27.6642
-18.3587
15.6832
13.6633
30.7721
11.8194
-12.934
37.4413
36.8213
-24.9078
0.669114
9.87832
31.4244
12.9539
-6.68698
-0.704607
-12.1863
16.5193
40.536
36.7833
21.5846
-4.35721
-0.358295
-7.5809
-14.2231
27.3056
28.4068
-3.9859
-40.1307
-1.996
-5.9749
-2.81969
-2.29847
-50.6419
-24.8908
-4.49365
-29.9427
26.6089
9.78038
-5.29191
-21.8892
-9.33311
-34.9862
27.2157
7.06637
29.9865
2.06886
26.2116
-33.8006
-8.89574
-5.58556
-0.592118
43.1987
-3.02578
17.6266
-0.874035
14.9091
25.705
35.4216
-1.04124
5.42183
-12.3976
47.8834
-22.9108
-19.8166
21.1863
-26.1264
-12.5078
-13.7574
-38.8199
27.8592
-6.87685
-25.2615
-12.8914
12.8871
-5.20403
-6.38981
-19.9927
28.9224
9.09262
-19.5996
15.794
12.8099
25.733
-19.9807
-13.6933
8.6887
-18.6886
10.0134
-12.5008
36.4289
-15.8197
14.3046
-19.18
32.5521
29.3395
9.70575
1.64231
22.2766
-13.1059
-6.09114
-0.188981
-22.8636
6.09199
-5.29231
0.605239
-29.8515
6.24844
-31.2305
-18.7543
17.4744
-6.27992
10.693
-5.40002
-15.2693
-17.405
-2.36328
34.5477
17.8866
-5.67554
4.17758
-18.0402
0.250842
11.6826
0.284505
54.2552
-26.3282
9.68591
-12.1358
-2.37226
1.1336
8.44939
15.2347
-19.9716
18.4333
4.33278
-7.65691
-12.2889
40.3843
-14.2649
1.96694
-23.7859
-10.4212
10.3215
14.4175
-29.0679
-9.073
-27.1085
-15.9515
-14.0435
27.2468
-15.5243
16.1818
-57.6013
1.16455
-26.2229
0.607352
-32.5892
-31.753
-26.5847
-6.97359
28.4745
3.0495
23.0745
20.549
29.5476
3.41549
25.7881
13.3985
15.8001
11.2703
-38.0552
-14.9321
2.92234
24.6001
10.5752
14.4947
1.81269
-19.4567
34.157
10.0249
0.104879
19.8383
-8.93626
-2.61821
-3.60857
-19.7398
-11.2381
38.8318
1.67202
-14.8315
37.982
-35.4298
21.1039
-24.1001
-20.9605
21.493
-2.29538
-29.2035
13.7359
18.9605
-15.3709
0.580663
26.4059
22.6567
-2.23168
-27.4024
-23.6265
0.483307
-9.1147
26.7512
-18.1797
-2.07023
6.37661
18.8895
-8.42679
19.9168
-8.74521
-28.8905
-17.8278
20.6365
6.41357
-6.22588
13.1479
-6.36217
4.31014
-16.8797
-35.194
-6.01582
-25.1211
24.0016
16.3459
-3.80588
11.6971
9.86939
2.18365
2.45423
-57.4252
5.10394
9.13749
15.7743
-20.2838
-17.994
-17.6661
9.35832
23.5976
4.50078
45.4122
-5.25014
-61.301
21.9625
-21.8349
-1.74002
-26.025
22.0288
-6.68547
