0
7.05533
-22.5635
26.2338
2.05447
21.67
-22.4506
60.7486
5.2683
-42.1804
-3.47438
-22.131
-8.24577
17.9064
17.068
19.9899
-15.3294
-9.45234
-7.61609
57.9351
-3.89608
-5.2418
-9.87518
-11.276
3.74091
-15.1125
-20.6377
25.0714
5.54546
35.1796
17.664
-4.71547
6.53377
-13.3369
5.76667
-6.8789
-20.9008
14.0271
29.4795
9.36153
-20.8286
9.53674
-18.9201
-4.31054
6.27718
19.3627
-26.7402
9.6455
0.726302
24.6771
27.7092
0.0139224
-22.0975
-26.6923
-0.461729
14.8768
-19.5581
-14.459
29.0271
2.21849
-19.7295
23.4424
24.1194
-21.8351
36.6488
-39.6783
15.5386
-0.448166
-37.6118
11.2343
19.2647
3.77879
6.23801
8.9156
-18.0776
0.792162
-10.8414
-34.5944
19.9458
-3.90336
-16.307
-10.0145
-23.5918
-5.33861
14.7862
37.8378
-15.0392
-16.0609
-14.2115
-27.0198
-3.22863
-28.9506
-21.0653
-23.4286
0.60031
-28.6005
7.64925
25.2776
33.3738
33.986
-0.938472
26.0034
-0.680754
58.412
-16.7288
14.9908
-25.4274
15.245
14.6884
23.8163
8.29224
29.3688
-14.8162
-10.0535
12.3071
23.4374
-1.58494
16.6817
-40.811
12.4009
9.30635
-4.3042
-19.125
18.2644
-15.845
-7.29827
-0.372665
0.323354
9.2572
-8.55231
25.9004
-54.3066
-1.29169
-12.0235
-0.231703
18.4549
-6.5548
2.03706
-18.0205
-37.2034
0.779319
18.7996
15.5106
6.05417
-11.3636
4.74096
-18.2274
19.7036
31.5051
-5.94569
28.2835
-3.92304
5.16909
-5.50454
23.4102
0.136524
4.14957
14.2697
-21.4439
-3.41104
-8.66644
-29.7635
-33.6002
17.3675
-14.8582
16.5117
-36.4005
11.0612
-10.6559
18.7323
-8.78757
13.4279
21.0568
-25.0243
-12.0819
-14.8653
17.9337
-10.6855
-28.391
23.1933
6.96841
3.01393
-13.3989
12.7286
27.2444
7.35996
-27.0755
39.9184
13.0574
13.0758
27.6761
-21.7747
18.8025
19.1697
-46.4702
15.381
-2.11083
1.15157
-37.9011
-25.752
-14.1457
0.314117
-18.7439
3.16635
-44.0196
-0.298947
6.52806
9.23834
34.2965
-27.0407
-3.33236
-30.5207
-6.31978
-27.9679
34.7733
10.8936
23.1878
5.30204
-10.7246
-25.3976
30.9436
5.09353
25.0927
49.6015
-0.740306
1.32134
5.13856
3.19455
40.6076
3.39877
-29.7028
-27.6362
12.9807
8.27158
-0.401417
-0.426994
-19.4354
-37.0447
-40.7667
-12.5612
11.785
2.22759
5.14391
-14.3513
-33.6585
-9.6087
-0.0247379
25.5902
-35.96
-33.0051
13.34
-11.3254
-29.7533
-12.3251
-14.9486
17.2046
28.4471
-1.4266
-17.6575
-33.4484
-5.19592
-20.6851
20.4728
-3.18478
-6.74916
2.52849
-18.2034
-13.2297
-31.8429
-9.06415
-18.8309
12.79
22.5048
-12.7502
-21.13
-27.0686
-39.6871
-13.7706
27.4063
-26.9407
11.8765
13.642
1.4318
-12.0373
-13.4721
-13.6304
-6.58804
-7.21471
-9.0349
13.0289
19.4667
1.76884
3.15943
-23.3788
2.04354
28.6128
9.92182
-5.15972
-26.6673
-5.35486
21.123
-19.4683
-17.2903
-32.6219
-20.9738
-18.2533
-38.9131
-26.1896
5.55773
10.3901
2.47616
-13.0255
34.6714
2.57224
15.2904
-12.8188
-46.6878
1.13173
15.0572
-15.7962
30.7704
-24.5393
11.7049
-1.02112
-14.9426
-34.1069
-9.84324
-2.94176
36.6708
8.04737
-31.6461
6.86473
-5.02099
-31.6322
-50.577
-2.97104
-10.2094
-18.8149
-6.72347
4.24645
-20.9274
23.5517
21.5894
21.8642
5.10316
-7.88847
7.72524
-4.49953
-12.2977
3.30614
-27.2497
-17.421
-8.33817
-7.58001
1.05369
-16.6337
-23.9582
-12.3062
-11.7596
-38.479
2.49823
36.7546
21.5477
13.4366
-7.47358
-28.0568
8.41164
-9.28177
-25.0675
-14.2004
5.50866
11.2048
-9.37104
7.7803
0.38658
-20.4175
-48.1693
-7.24476
-92.547
15.0018
-19.3149
-21.0601
-5.41965
-9.55808
-1.62339
37.8513
10.6967
10.3499
1.13402
-5.80556
3.96573
-20.2438
-1.10102
19.4003
7.32046
-11.5293
27.8557
6.60825
-12.3376
0.76973
-3.90438
2.48446
-14.7457
27.4505
-2.39554
13.7532
-18.4948
-11.1679
-38.332
-23.0425
0.255765
24.139
1.43259
33.6994
1.66419
-10.829
-16.9701
4.41772
-30.2055
-49.0637
15.8723
4.43533
1.17869
-38.3398
34.7419
-11.0518
34.2029
-21.4354
17.466
-12.8623
-38.2121
-23.3192
12.4097
26.2585
-10.5129
27.1901
10.5775
-12.7818
-26.3
-16.2068
0.0771734
-4.60682
-1.14701
-0.968812
32.631
-3.95175
20.7147
-19.9156
24.3559
10.0073
12.1122
8.40028
-1.1926
4.88544
-16.5889
13.287
57.3922
0.734846
-9.06389
38.608
-6.13451
20.4605
-10.4328
11.2504
-4.96923
17.0134
-4.67436
1.34117
-10.7718
-13.0029
-17.1063
27.7601
-4.29728
-1.71563
10.4564
2.76318
28.1219
0.346965
26.5084
18.2516
22.3325
5.23964
-37.6624
6.85987
-3.24538
7.42627
-11.3724
-24.6901
19.8131
1.89625
47.0148
4.30136
4.20636
6.23448
20.2519
-32.1527
-15.01
29.0444
-11.5816
-2.24244
31.8007
9.1317
8.50005
9.49426
47.7071
10.1881
8.36501
-10.4225
0.861768
-11.3708
0.632941
4.92696
-19.6578
-0.911063
-14.1004
-0.809847
11.1714
-17.9188
-7.1695
35.0959
1.57766
-8.63935
24.3192
-15.4564
-3.99334
-30.3018
-13.3904
-18.6642
-21.9271
20.3749
-0.725286
-19.9919
-2.22498
-11.1092
-17.2869
-5.45172
3.95375
-18.3608
3.97849
-18.8357
12.2766
-8.88149
-1.76088
13.6117
2.95253
-6.34385
-43.0745
20.5786
-3.80737
-34.4978
-6.68888
-16.2108
4.55398
13.8813
-15.9981
21.7211
-13.7658
18.8861
2.11249
-2.28565
32.8915
-7.37063
-22.305
1.88611
-28.5047
9.22142
-16.0659
-1.49633
37.1086
18.4558
1.32532
-5.24226
7.15731
2.47844
-0.766203
3.99006
-17.8443
17.5005
7.58004
-7.79915
39.2239
6.38043
9.42492
3.69753
0.921291
34.2541
-16.1307
-5.10549
10.6675
-26.2999
4.62088
-4.5328
16.3906
3.87843
-13.3727
27.1658
-0.810602
12.8506
29.1442
-0.0770305
-38.2273
21.2074
-25.6553
-23.4284
-16.1997
-3.55913
-4.52898
-7.55981
-20.774
-26.6804
24.2432
-1.08728
13.8389
-15.1831
-24.6989
0.540232
15.4455
-5.51059
-34.5243
32.0965
3.79194
-13.3423
23.5353
-18.4921
-42.3474
-0.491169
36.048
16.8554
14.3359
-6.93088
-11.5684
-5.74649
-2.79236
11.7283
19.185
30.4834
27.4566
26.6457
-19.0232
-18.2841
7.55085
10.4672
5.77705
-4.36225
33.9376
-49.8022
26.8974
-5.40301
6.98778
-0.20109
19.4052
30.9833
-12.2088
23.6225
33.2086
-28.8594
-3.48822
2.57188
11.3362
-38.8227
2.09286
5.71808
-6.62037
-5.90396
4.45562
-25.9225
-5.95079
-26.3672
22.4531
0.967247
42.2016
-8.01782
-18.2292
-28.9523
7.71254
45.1484
42.9411
-35.2802
-33.0734
-0.438275
-6.97545
12.9122
10.0491
-7.36977
-3.35912
-16.5747
8.23621
-11.7161
28.428
20.7244
3.50048
1.95099
-41.8557
-10.5669
-20.2929
13.1334
-1.21038
6.06546
10.7536
-19.1865
-10.2823
-29.6976
23.9184
25.2709
-36.8066
21.8279
8.99822
-10.6936
20.399
19.0121
7.02005
9.65741
-26.4439
22.0813
-40.1833
21.0531
-29.6019
28.4215
-35.8668
-1.28942
-28.1147
11.2367
-10.7854
-9.91998
4.18174
21.095
-11.5384
-0.722673
3.24095
-20.7013
-13.0405
-0.92696
-1.837
-8.46261
-15.636
-16.5643
-9.77871
-4.80245
-14.447
32.7447
4.64938
0.710476
8.2327
-1.15733
28.9009
-9.09096
22.4827
-42.9657
-19.0961
-12.4013
-18.4594
-8.53054
-20.4329
29.3562
-4.83209
10.8441
-7.72046
8.50279
19.0088
9.40675
-22.8915
6.42495
27.165
-32.4797
20.1936
27.7343
-16.8616
-0.644594
-19.4147
9.9826
24.6544
-1.82074
26.6124
-2.97007
10.5871
0.760826
-23.6652
-3.54086
22.5567
-1.56428
35.9489
-17.3909
23.6359
1.21156
-9.25525
-2.33406
19.0099
-2.62964
16.2654
15.0078
-17.0718
35.9759
-13.97
-19.556
17.1135
-17.242
21.6248
2.98732
4.03125
14.2508
-10.5669
-1.36019
-11.4369
34.7649
2.88701
-16.747
-13.4664
-5.68552
7.78067
-35.6866
-41.6403
0.546896
-37.9836
22.9798
15.0887
-27.8316
2.35277
20.1449
-24.7764
3.27624
-35.0071
-16.8448
21.9523
26.3016
8.08991
18.3383
-16.7277
-11.785
14.1592
7.25892
14.1226
8.70593
23.3578
-17.9332
14.9539
11.3788
17.7928
21.2272
-3.99328
24.8425
-36.7051
17.6054
-8.38249
14.699
-13.8065
-1.55154
-29.6578
-8.17879
37.43
-3.25563
-10.6478
-8.74952
-40.1594
-10.4012
-22.4339
15.2829
9.18205
25.6492
10.2006
-25.9079
-14.536
11.5564
35.5616
-10.184
-0.974376
53.5813
19.5023
-10.3095
-30.5746
-13.3418
18.8163
-1.16975
-9.63207
25.164
3.93628
-16.9947
-13.7339
13.6704
26.575
-19.8433
-2.38788
-16.4808
13.1095
-6.79948
-41.4996
-23.9627
15.9099
1.33051
-15.6037
-24.9106
-26.1257
45.156
-4.88087
-5.78803
10.1159
-4.78789
31.2775
-1.894
-33.7972
9.99076
0.289807
-31.081
-8.47842
19.8681
9.16514
-22.4903
17.9023
11.6264
1.31821
-8.62535
-26.5635
-27.3469
-18.9898
12.7833
-27.9404
23.0167
-23.8934
-23.989
18.2018
-2.40392
-13.0994
21.9116
0.762736
16.6908
-11.7433
9.4702
-34.9435
8.91691
-11.3753
19.3616
9.32213
-26.8295
1.43813
-15.6859
-78.5725
-1.60357
-21.1341
-30.5096
-33.9097
-3.46056
-8.31757
20.6928
9.80039
3.72934
-14.6848
-5.52444
-12.5269
-13.8619
-2.03054
-30.7046
6.44163
-8.73064
-11.9761
-8.39066
26.9793
-19.6565
17.4517
-52.2173
-10.6027
-3.81297
-12.2509
7.90369
25.5647
14.1667
13.5316
-0.241876
-30.948
18.2721
-6.97568
-6.14796
2.41868
-15.5708
4.55578
-0.336783
-11.2838
30.616
-12.7402
17.2888
2.67579
54.7876
5.07806
-13.957
28.1453
-12.1463
-2.90281
10.4326
-20.8568
13.5064
36.5359
-34.4119
-30.2366
-22.6463
20.7925
-5.74755
-34.7985
-23.7333
14.3372
-6.84869
54.3981
-31.7523
-1.29332
32.7354
-48.2671
9.95013
-0.390967
22.1641
31.4076
3.32072
-20.8028
21.9332
27.0331
18.2136
-41.6147
-10.4916
20.7449
-8.76717
3.39782
4.7475
-29.6446
16.7938
-5.62949
-50.9905
9.3276
-4.39176
16.1699
-25.2613
21.6273
5.65435
3.23975
17.0761
-3.85676
6.36427
11.9411
-16.3944
31.8273
-5.95574
-14.5197
-13.7987
-26.5199
3.85766
23.4098
7.88746
21.6735
53.2827
-15.3906
17.273
-23.3235
18.4635
14.2326
12.3975
-4.13819
29.7939
0.71551
23.5992
14.6401
3.44029
9.37748
-3.65617
-5.69899
-18.9219
13.5581
16.4991
32.4598
25.3907
18.6288
8.97665
72.0936
7.69466
0.0714696
21.6647
-11.8064
-20.0577
18.1193
-10.6107
29.5788
-16.219
5.36068
-15.3066
4.78919
-12.8141
15.3258
4.24129
-10.5854
26.6168
11.6606
-25.6826
26.7833
-15.0799
25.3597
22.0991
13.9416
-6.41856
-4.42687
-13.3335
-16.3737
17.2156
-16.3446
-14.1901
11.9691
27.5196
1.70901
-6.85601
32.2061
-0.873105
-29.4793
15.7283
-11.7083
8.74357
5.73755
-43.8753
34.4024
25.9494
19.3453
-6.72476
-12.3224
28.8559
41.246
2.12055
-18.815
7.01783
1.77541
13.8509
-28.7782
-6.88586
15.5189
13.6609
-4.62241
-25.1466
8.49545
0.229403
-8.55233
17.4401
24.2676
4.46491
-22.8685
-54.0643
1.87593
6.46938
-34.9105
-7.58317
14.1525
21.1682
-12.4356
-23.9634
-9.81437
-17.5657
21.1222
12.2368
42.2359
2.84996
9.53986
-4.23547
-40.866
14.4603
30.0618
-5.31537
9.34716
-16.1074
9.9723
-15.4929
34.6744
-29.7861
-2.56476
-25.7686
-19.1278
-0.61373
-8.40281
20.4678
-20.7633
-3.28462
-9.57659
-8.38151
-12.0709
10.358
6.67257
-23.8249
-9.23461
-18.2758
-15.8644
20.5234
34.8977
-6.68956
22.0143
-25.6431
2.12765
27.6804
-14.1471
-21.7254
40.7596
1.22768
41.1887
25.7308
-12.2806
1.37903
10.7584
13.8068
-8.70603
-30.2038
12.3126
-5.16716
8.27979
-12.5882
-2.07818
-6.21754
-26.3465
19.0396
-15.2617
25.7409
10.1123
-33.3013
18.3164
-14.3573
-15.4748
2.99695
-22.6982
4.27218
0.527101
-5.13074
-30.4592
15.3096
-49.1855
7.01498
-15.4376
8.02665
21.1132
-2.1147
-10.5172
-4.71419
-28.16
-1.98029
-26.4826
-4.19603
25.2096
2.75032
11.8232
-28.9875
-16.1806
29.7076
-32.6885
-5.65426
18.8009
-17.4087
-18.2205
-11.348
3.95284
-9.50873
8.32502
-26.7702
28.6761
11.3105
19.4284
17.0637
17.0843
38.6996
-24.39
9.80096
-25.2621
6.84352
-6.32873
5.29821
-8.40973
-27.8212
22.237
5.36311
9.21649
20.7369
16.9638
12.0972
2.77697
3.85323
17.2504
23.092
-6.39224
2.04952
10.8093
-21.3032
-0.483405
12.1669
5.58912
-5.64176
31.2755
1.62411
34.2296
-28.9895
29.3611
-10.6795
38.4661
-22.6614
22.2869
-11.0416
-11.8207
-21.438
-8.8619
11.5355
-14.0697
-19.3766
34.4962
-25.2069
-20.6237
27.867
8.8695
12.8947
-9.74661
-4.69177
-1.81353
-10.0607
20.409
17.8578
39.286
-10.8777
-6.04826
-21.6318
-25.8976
13.9772
-13.5281
10.8173
-1.98306
5.31686
-8.61113
-7.71858
11.03
-0.316492
33.1461
24.8901
-43.4291
-44.2318
-2.79742
30.2423
15.3467
3.11511
-46.4975
-3.25761
-24.508
32.9129
7.79955
25.1326
-11.8797
2.00625
1.41882
-0.319078
1.11813
37.2978
-14.1125
1.55898
-2.15043
18.6991
-39.8147
-23.0098
5.88456
-33.15
-20.8847
1.7787
-4.68374
4.49705
-29.1595
45.2021
-33.2227
8.35409
-11.137
-10.4207
-9.31703
17.5057
15.5784
-29.36
-24.278
-27.9018
-18.0535
-12.2279
7.72719
15.192
13.1618
6.43988
-6.48845
-14.6826
-27.5114
10.055
38.0204
14.6806
-26.585
9.53292
-10.5753
-27.1794
37.1813
8.60332
-12.3779
5.41431
24.6473
14.667
-12.2418
0.684939
-26.3776
31.1939
14.1922
-2.54361
-0.766352
1.32991
16.4045
29.4401
24.6905
-28.0411
34.4193
-5.38926
-29.9834
-17.6457
-3.30111
-26.9589
8.85015
-5.22555
-11.3398
6.31995
-1.82872
30.7643
-11.4296
1.52883
13.7283
-36.0334
-6.88449
-8.58065
-5.67317
-6.35795
-32.1207
9.75838
2.81006
-10.4323
18.4642
0.958732
2.51174
3.84095
-2.7465
8.75895
1.83352
-15.6468
-31.8647
6.35251
15.178
-10.9775
26.6903
-5.34156
22.9663
1.1617
-36.229
3.15511
-0.266046
-14.0499
26.53
-21.6537
14.3685
-6.23988
5.37727
18.2848
13.1844
30.9005
6.05077
-18.5935
47.6059
-0.348515
-3.81313
-7.50657
5.45164
13.2224
-4.52424
20.9337
-4.92373
17.467
-6.52515
4.66681
18.4768
9.04545
0.483599
13.8012
3.11411
-18.7467
21.8377
6.54699
4.43942
25.9257
0.514117
14.0447
-21.6894
11.3574
0.689983
-25.9133
13.4187
17.929
-11.6464
4.83613
14.6541
-3.49523
10.4281
-7.74882
-12.2215
8.14975
-3.5537
7.01384
-14.9259
-20.6699
-46.9919
-4.91449
-12.2968
-9.21856
-29.3725
6.30485
12.4547
-28.4675
18.1517
29.3048
-26.5359
-3.82103
0.468974
-12.9492
-49.2139
2.90646
-16.0589
24.4118
12.0289
-4.95514
11.4295
-0.951447
36.0714
-8.44959
-28.9392
-17.6122
-22.4073
8.96054
-28.7851
13.6514
-7.28863
14.6469
7.64016
-18.8119
19.7064
14.0998
7.92033
-5.27392
-4.71661
-16.198
4.55023
-9.42848
9.48979
-22.8752
6.96941
-27.4986
9.34972
-9.80637
-58.2418
-13.3959
20.2132
1.80547
0.247655
-7.34512
-12.7614
-11.0643
-16.5689
23.5508
-20.9894
11.9733
-29.6084
0.869815
2.08151
12.7085
2.71007
19.8551
18.2339
10.47
-15.6904
-28.849
13.3375
-18.9132
-3.30887
39.3176
45.2152
9.52311
-19.1625
22.1721
-27.7223
15.2305
-33.1646
42.3324
0.739036
-4.81738
-10.1768
46.6823
26.1972
-1.24914
14.0649
6.93771
-3.21821
-29.6984
9.25803
-24.2999
16.114
26.7951
37.2748
8.35342
13.9934
-18.9568
-0.760702
-26.3738
15.0134
-5.89947
4.86951
2.62908
12.6549
-3.75809
-30.2604
13.5465
-6.90962
-16.4302
3.55838
19.4734
-7.16573
6.08354
-5.68739
-17.498
-7.3617
-27.4835
5.87549
20.5756
17.6248
27.6258
21.5525
-13.7137
87.3623
4.60677
48.3633
18.5492
-7.12004
-12.8884
8.12571
-6.47055
-5.56383
18.4051
23.0761
1.73957
-11.225
29.3791
1.05486
-14.2612
-23.07
-25.8159
4.91462
50.3591
11.0596
14.1026
26.291
17.0589
3.2377
4.18151
19.3698
20.8326
27.7293
-4.12519
12.0974
-3.7018
-10.0127
6.61111
-4.34418
-14.2054
-21.8534
-20.2586
36.7404
3.82676
9.77914
20.4849
11.0734
3.36655
47.981
30.9557
-2.02921
-12.4927
26.7967
-23.8869
-36.0687
4.81062
10.7446
44.473
14.3865
0.821803
-17.9479
23.9814
-30.9412
17.6095
-11.596
16.2331
50.2154
1.87319
-15.4414
-5.26381
-35.226
12.2827
-5.8308
-7.92934
-0.441967
33.2038
37.6717
16.4015
19.3049
34.9651
10.6467
19.2268
-23.212
8.4653
26.3066
0.824663
-19.2128
-26.3366
8.34507
25.4117
-4.26425
-3.22978
-21.6157
-14.8363
7.34907
8.08102
8.47964
20.503
11.0179
13.5487
-1.87361
-16.0287
-8.78183
25.3827
-30.8188
14.068
35.8827
16.2965
17.8023
12.5881
-18.1442
-7.79371
18.0793
8.76051
32.6182
12.8064
13.0216
-10.1688
-2.07176
0.456633
-17.8534
20.7898
-0.301847
15.7533
11.8617
1.13245
-27.2075
-14.1501
15.7007
14.2977
22.8267
15.565
-12.7929
38.2454
24.8331
-30.2337
-4.41854
4.8302
30.1098
6.43585
-12.9698
-6.36883
-12.2354
18.8581
40.0076
33.139
5.23769
-5.07264
-0.476171
-7.88043
-10.3667
18.1646
28.8739
-6.93216
-42.1444
-9.05075
-6.04402
-2.27103
-9.18894
-53.1312
-19.8694
-1.43372
-25.9277
33.2064
13.4552
-9.97089
-20.4647
-6.51116
-27.6858
40.0833
7.0577
32.1281
-3.51507
21.825
-39.4014
-8.31238
-5.56386
0.88204
45.9906
-3.021
15.5908
-5.12513
12.3108
16.49
35.1673
-17.5654
-1.79741
-15.3519
30.1081
-24.7838
-7.71869
20.8416
-31.8453
-12.4766
-14.3695
-34.4383
31.0524
-4.09497
-24.5173
-7.08824
13.8822
-7.90314
-11.7837
-17.3588
31.7091
13.0409
-9.5056
15.9345
11.8135
20.3891
-15.8556
-11.4545
8.49345
-18.0977
9.78717
-9.78618
31.3275
-15.1782
15.8805
-20.0336
33.0192
29.3446
5.14427
0.800923
18.6978
-27.1607
-6.66745
-0.506513
-22.5408
4.0226
-9.25958
-2.25622
-29.1128
3.95589
-28.0155
-18.7241
20.3621
-12.5298
1.84715
-10.6625
-14.8643
-12.248
2.53103
42.6489
17.8775
-7.15594
-4.24946
-23.1961
5.00283
11.399
6.0944
54.1469
-28.9443
-4.038
-13.4337
-3.98228
-3.68826
2.06987
15.2236
-20.422
17.7032
4.06148
-15.2002
-12.411
35.5422
-20.1959
2.27711
-17.0213
-9.25826
8.96796
12.9292
-29.4175
-9.12854
-28.0614
-14.1156
-14.4971
18.7069
-15.1582
11.361
-60.9104
3.82019
-17.5995
-0.653696
-32.1771
-25.2215
-17.0419
-7.09922
34.4962
11.5347
26.5206
22.6492
29.4933
7.37716
28.9524
14.7043
20.474
7.2052
-42.1651
-8.25143
20.6637
24.6741
9.14832
13.7271
-6.32534
-26.8683
33.9903
5.02096
-8.26252
13.0648
-8.95788
0.359219
-9.64205
-22.2146
-13.0477
39.361
-0.224546
-16.3676
29.5109
-47.6626
20.4699
-30.4527
-23.9071
12.5461
-2.28935
-29.258
17.2831
17.8066
-12.8736
0.226357
29.6901
21.2791
-8.24584
-27.4926
-22.3388
-1.00321
-10.0954
30.1733
-18.0724
-0.398333
2.76864
18.5855
-17.6865
19.7728
-16.2724
-28.4867
-6.4372
23.311
6.84136
-9.59442
10.101
-7.20741
4.3337
-18.9536
-33.9625
-4.6958
-19.6166
24.669
15.3799
-4.34388
8.59167
3.55253
0.073087
-8.58052
-57.9087
17.7717
9.03337
15.0652
-14.7699
-19.6465
-18.8449
11.2583
21.9846
1.60097
30.9549
-14.0065
-61.6788
15.7991
-22.2912
0.158608
-26.0683
23.31
-7.55357
