-0.0035275
0.00686668
0.0159211
0.0246072
0.0326123
0.0388132
0.0433951
0.0455652
0.0478849
0.0477198
0.0462404
0.0436064
0.0409252
0.0385195
0.0348011
0.0324431
0.0319065
0.0342434
0.0365533
0.0411648
0.047231
0.0560423
0.0664988
0.0767732
0.0880549
0.102636
0.114063
0.119901
0.120439
0.118284
0.11277
0.102566
0.0874133
0.0673869
0.047599
0.0268881
0.00501629
-0.0168862
-0.036586
-0.0540549
-0.0696237
-0.082677
-0.0932226
-0.0994431
-0.1057
-0.108594
-0.108087
-0.104232
-0.10016
-0.0956524
-0.0893441
-0.083569
-0.0761804
-0.0691752
-0.0634625
-0.0567594
-0.0505672
-0.0433095
-0.0367719
-0.0276996
-0.0189354
-0.0107984
-0.00370672
0.0027468
0.0088607
0.0126391
0.0142866
0.0143378
0.0126497
0.00627342
-0.00235686
-0.0125136
-0.0237328
-0.0346711
-0.0455829
-0.0552478
-0.061837
-0.064759
-0.0662291
-0.0645971
-0.0586626
-0.0498518
-0.0393496
-0.024808
-0.00923466
0.00747085
0.0226052
0.0380719
0.053444
0.0678791
0.0789419
0.088068
0.0993228
0.109809
0.119156
0.126236
0.136613
0.151465
0.16405
0.168006
