0
3.3352
6.35985
2.7741
7.90304
6.64842
3.4133
-9.9639
6.79058
6.23973
0.826915
0.160414
-11.7934
6.57208
11.8322
-4.24352
-6.58825
-9.90525
-1.48027
9.38833
3.27344
-2.65922
8.31214
2.18555
2.6499
-14.5675
-6.14649
-3.2832
-3.07346
5.99824
-10.6405
-8.44444
-8.0958
-7.37842
-1.71249
-10.0912
12.6847
10.5623
4.02257
-14.8969
12.121
-1.05342
-2.83308
-5.20964
2.95484
-7.37249
-7.17156
-10.0322
-18.3386
-1.58988
1.39314
-3.95965
-4.22702
0.340374
1.62118
-6.93782
-4.8592
6.93941
1.98477
5.36864
7.14288
1.30648
-12.2236
4.92937
4.83579
-0.87842
6.35337
-18.4601
-1.73766
7.03836
-3.18415
-3.32813
-7.32897
8.70182
2.68412
5.03875
0.26644
-5.23226
7.60665
-5.46548
14.9203
3.21461
-3.92251
1.41968
1.36455
-4.46169
5.69967
-5.02618
10.5639
-1.69102
2.22997
5.21756
-5.30572
1.31822
-9.8909
3.36496
-11.9236
-1.50268
1.20319
7.21635
4.22635
9.5895
3.26045
-1.75645
-2.30338
2.01079
12.4176
-1.93687
-8.78586
-15.1584
0.266343
4.93623
1.00206
-1.41136
-0.518442
-10.7838
0.824003
-0.103679
-2.8976
0.783078
-5.17392
-1.46726
3.61287
-0.472927
-0.228394
0.712774
-3.00306
-5.51898
-1.25611
7.13577
3.41577
-1.39381
1.98136
4.88362
-2.80427
-1.18276
10.8628
-5.11383
-0.71493
2.23379
-2.29727
7.16346
2.66981
1.4248
-3.1016
-10.0174
-3.17855
13.3411
10.1763
5.39825
-7.16594
2.24391
6.41305
1.48047
-0.160521
-11.3789
-1.62622
-7.78722
-4.6498
3.58008
13.7704
-5.67204
10.8487
-1.62552
5.91507
-5.71935
1.02695
5.00966
-9.39609
1.72234
-5.461
4.8644
-3.74805
0.0764782
5.09001
2.92629
-11.4419
4.84468
-4.03174
1.59078
2.81405
-3.81003
-3.06607
-15.1278
4.80293
3.79366
2.4571
-8.92387
-3.47859
13.7782
-5.34161
-0.928682
-2.58493
-9.42329
8.55602
-0.172519
-5.75015
-10.1745
-0.868425
-6.37803
4.01895
4.78384
2.1409
-4.7357
1.52836
0.879725
0.874842
0.615717
12.0361
10.1732
11.6939
6.55143
-2.93897
9.25197
7.25946
3.07243
-10.6399
15.453
-2.89877
-4.62381
-15.4269
3.5963
-1.82568
5.46871
5.19308
10.5089
7.88362
-9.44283
-1.18755
1.85645
7.10238
15.7121
-0.863508
3.65613
-9.64641
4.14894
-5.77618
-10.1637
-1.01819
7.29241
9.76946
6.23789
-7.49759
-7.92775
17.0892
0.278341
3.74407
-4.59417
-7.71352
9.05133
-0.617164
-4.28148
-9.59615
-2.5381
-6.80838
-6.2919
