-0.0351441
0.0226647
0.0308613
0.0460033
0.0707239
0.0429101
0.0863632
0.101149
0.112477
0.110383
0.0839333
0.0899998
0.0728896
0.0952035
0.083996
0.0399588
0.0775245
0.06918
0.0502048
0.0816617
0.0659388
0.105002
0.123853
0.178094
0.155512
0.158264
0.218118
0.257814
0.243321
0.233274
0.217741
0.216011
0.172553
0.124523
0.10225
0.0188938
0.00887355
-0.0526756
-0.0655397
-0.120173
-0.14414
-0.148592
-0.174063
-0.226734
-0.220086
-0.219646
-0.224741
-0.209084
-0.20343
-0.170211
-0.226163
-0.172741
-0.157859
-0.147861
-0.128553
-0.111409
-0.10213
-0.113592
-0.0898202
-0.0503673
-0.0536367
-0.0253277
0.00678412
0.00408687
0.01165
-0.00508101
0.0276283
0.00849915
0.0234617
-0.0112602
-0.016573
-0.0371256
-0.0121637
-0.0614415
-0.085325
-0.100499
-0.121776
-0.134519
-0.132885
-0.142872
-0.142701
-0.104334
-0.0856696
-0.0406654
0.00258987
0.032601
0.0377014
0.0649689
0.101585
0.12725
0.162691
0.172006
0.189059
0.214425
0.252942
0.230944
0.301217
0.295649
0.303296
0.320346
0.309861
0.306775
0.297673
0.270242
0.251443
0.254317
0.172701
0.0905778
0.0589027
-0.0179793
-0.0354287
-0.0547622
-0.12486
-0.152709
-0.193912
-0.184092
-0.232477
-0.249824
-0.243817
-0.237988
-0.251795
-0.250298
-0.250642
-0.260872
-0.232423
-0.225947
-0.218229
-0.202539
-0.172125
-0.119147
-0.149268
-0.13649
-0.0798139
-0.0864796
-0.0782634
-0.0205653
0.00867712
0.0246966
0.0586056
0.0943143
0.0601051
0.0827749
0.0468788
0.0753407
0.0523539
0.0429559
0.00892673
0.00708342
-0.0184809
-0.0486484
-0.0258299
-0.0723126
-0.072577
-0.0926356
-0.0861301
-0.0986723
-0.100148
-0.103808
-0.0945095
-0.0497424
-0.0442119
-0.0543851
-0.0435772
0.00114477
0.00441173
0.031247
0.0369023
0.0689208
0.0715116
0.0211643
0.0862955
0.103186
0.0891275
0.110312
0.119869
0.0756837
0.0972832
0.109157
0.108468
0.10522
0.168162
0.141703
0.208077
0.216355
0.211282
0.242216
0.238626
0.274007
0.269236
0.280238
0.300538
0.239593
0.218052
0.159048
0.116154
0.102558
0.0122302
-0.0670074
-0.0779985
-0.118266
-0.176642
-0.20793
-0.232931
-0.254616
-0.272517
-0.250713
-0.277554
-0.257623
-0.241317
-0.265039
-0.223204
-0.27244
-0.235447
-0.203333
-0.174261
-0.121353
-0.13769
-0.0793034
-0.0447438
-0.0483218
0.0136508
0.0141435
0.0255413
0.055144
0.107781
0.107594
0.141111
0.161486
0.147709
0.171097
0.18388
0.107286
0.0780767
0.0804152
0.0270197
0.0301388
-0.00839079
-0.0632512
-0.100888
-0.121388
-0.113674
-0.14045
-0.141438
-0.154646
-0.139547
-0.0983932
-0.091869
-0.0686567
-0.0200944
0.0226556
0.0398698
0.0814643
0.0928855
0.104
0.12536
0.113583
0.13203
0.134382
0.123821
0.140864
0.142303
0.182416
0.22066
0.250067
0.2501
0.26399
0.276755
0.32508
0.332621
0.358118
0.348507
0.346106
0.326396
0.28135
0.228683
0.169179
0.107179
0.032142
-0.0556555
-0.136629
-0.143615
-0.201893
-0.250566
-0.28031
-0.307992
-0.291588
-0.351814
-0.357259
-0.342097
-0.288762
-0.274666
-0.283586
-0.246739
-0.200253
-0.205271
-0.145875
-0.148551
-0.139058
-0.0912225
-0.0653785
-0.0774496
-0.0238935
0.0027888
0.0121015
0.0442562
0.0742586
0.119995
0.124046
0.165632
0.168091
0.153576
0.146136
0.10609
0.0884311
0.035163
0.000535345
-0.038108
-0.0702723
-0.109751
-0.130049
-0.179135
-0.174582
-0.175994
-0.197619
-0.178188
-0.1829
-0.162071
-0.12081
-0.0926121
-0.0396052
-0.0121775
0.0173637
0.0747985
0.107943
0.131349
0.109713
0.174751
0.183895
0.178261
0.199605
0.247963
0.251127
0.249949
0.264644
0.300595
0.303533
0.33324
0.359225
0.383406
0.386586
0.376754
0.372846
0.361445
0.318873
0.225347
0.169225
0.101181
0.02224
-0.0348788
-0.104428
-0.187512
-0.275781
-0.34542
-0.361298
-0.400183
-0.410213
-0.375124
-0.396957
-0.40054
-0.331784
-0.325627
-0.335608
-0.252031
-0.217201
-0.206564
-0.18521
-0.134872
-0.105118
-0.0650361
-0.0361565
-0.016191
0.0135243
0.0255773
0.0361674
0.0654795
0.0532229
0.0817405
0.11525
0.143893
0.112949
0.0859283
0.106585
0.0836222
0.0557011
0.0310367
-0.073419
-0.0726926
-0.120397
-0.179997
-0.181736
-0.256829
-0.226148
-0.221359
-0.223385
-0.240595
-0.208766
-0.16495
-0.141646
-0.0827544
-0.0601609
0.00323288
0.0757994
0.0901182
0.13499
0.197534
0.20426
0.217232
0.238945
0.261554
0.305708
0.328716
0.337666
0.31854
0.351949
0.352001
0.317848
0.374653
0.387623
0.413464
0.421866
0.385671
0.39277
0.370242
0.358833
0.208572
0.130493
0.0712771
-0.0238789
-0.0799338
-0.176514
-0.280566
-0.342536
-0.384347
-0.432643
-0.439643
-0.467238
-0.471578
-0.427137
-0.44381
-0.40316
-0.389576
-0.314504
-0.264585
-0.209178
-0.195407
-0.175902
-0.0880196
-0.0681228
-0.023279
-0.0275265
-0.0244929
-0.00469506
0.0465996
0.0754598
0.0963174
0.0400161
0.106867
0.116856
0.0969368
0.0980724
0.0521958
0.0380346
0.0109039
-0.0113741
-0.0543499
-0.139723
-0.113098
-0.158724
-0.181646
-0.200804
-0.238676
-0.252007
-0.238527
-0.21926
-0.167869
-0.151861
-0.129309
-0.0798369
-0.0374771
0.00430447
0.0726271
0.178984
0.181363
0.196564
0.24926
0.263931
0.282458
0.323757
0.35043
0.35388
0.374691
0.374484
0.357676
0.368806
0.37154
0.408981
0.382487
0.409158
0.436983
0.398523
0.373115
0.368745
0.35636
0.231385
0.152797
0.0824538
0.00341198
-0.100798
-0.177305
-0.251796
-0.368528
-0.423835
-0.455718
-0.505737
-0.519832
-0.500999
-0.475022
-0.453546
-0.441353
-0.375769
-0.332333
-0.287538
-0.238522
-0.201798
-0.164581
-0.0449072
-0.023357
-0.0191646
0.0218682
0.033349
0.0395613
0.0441521
0.0595987
0.0923356
0.0946087
0.0938589
0.0618904
0.0877033
0.0609765
0.00978884
0.00836372
-0.0483578
-0.0604388
-0.110065
-0.160121
-0.182876
-0.208177
-0.242931
-0.263041
-0.236045
-0.242109
-0.242234
-0.196399
-0.143781
-0.104967
-0.0419645
-0.0187992
0.0180993
0.0620282
0.103628
0.159947
0.230045
0.26949
0.331246
0.334536
0.345506
0.355317
0.367134
0.388039
0.405686
0.442903
0.392099
0.393925
0.416299
0.394115
0.399207
0.387503
0.409632
0.409742
0.393229
0.394882
0.338506
0.198864
0.131741
0.0751958
0.0283266
-0.147029
-0.229856
-0.299265
-0.390311
-0.482492
-0.551243
-0.575644
-0.591252
-0.552574
-0.500991
-0.499124
-0.419312
-0.35684
-0.270803
-0.195313
-0.196644
-0.143831
-0.0920406
-0.0422389
0.0105883
0.0457826
0.0283547
0.0543344
0.0610665
0.0660788
0.0483788
0.0533775
0.0352668
0.0421522
0.0518227
-0.0171639
-0.0384902
-0.075857
-0.0976735
-0.125155
-0.154373
-0.218139
-0.243002
-0.264295
-0.276091
-0.26699
-0.252174
-0.269561
-0.22675
-0.200337
-0.196333
-0.126024
0.0207045
0.045293
0.0877298
0.1275
0.172936
0.22212
0.238584
0.310687
0.32353
0.350584
0.312415
0.319526
0.356525
0.330268
0.378349
0.368816
0.370989
0.374998
0.388665
0.361795
0.375944
0.377189
0.3712
0.386273
0.399902
0.374879
0.351566
0.368888
0.299416
0.151517
0.0593671
-0.0522123
-0.155243
-0.277293
-0.389143
-0.440892
-0.573503
-0.579651
-0.604946
-0.571447
-0.559024
-0.497652
-0.414479
-0.342396
-0.29165
-0.196847
-0.155973
-0.10358
-0.0882155
-0.0762729
-0.000890182
0.00838625
0.0209759
0.0102504
0.017529
0.00334502
0.0269419
0.0469741
-0.0324635
0.0120033
-0.00858789
-0.0358825
-0.0525
-0.0638534
-0.121195
-0.202316
-0.235271
-0.274453
-0.307816
-0.326023
-0.343024
-0.351149
-0.298001
-0.23916
-0.187821
-0.16203
-0.064969
-0.0379019
0.054229
0.166882
0.191015
0.241884
0.263879
0.307179
0.291321
0.323872
0.320668
0.27522
0.308526
0.274376
0.282255
0.290656
0.284237
0.313432
0.334021
0.320928
0.333508
0.361276
0.358612
0.367168
0.353469
0.353924
0.363597
0.436504
0.390963
0.386867
0.361373
0.31127
0.140589
0.0215315
-0.086741
-0.234794
-0.324678
-0.426347
-0.496303
-0.566388
-0.603603
-0.629583
-0.538782
-0.507935
-0.463841
-0.399448
-0.346655
-0.225042
-0.170057
-0.10803
-0.088777
-0.0690198
-0.0782217
-0.0212151
0.00681642
-0.021756
-0.051456
-0.040529
-0.0198054
-0.0327823
-0.0209205
-0.0570931
-0.0683366
-0.0513057
-0.0872554
-0.101179
-0.157981
-0.202009
-0.237919
-0.295356
-0.29055
-0.350774
-0.325629
-0.320953
-0.2777
-0.145473
-0.169077
-0.0344512
-0.0302401
0.049799
0.0910194
0.168585
0.198869
0.256055
0.309919
0.286775
0.294593
0.277333
0.280693
0.26293
0.246494
0.260785
0.247954
0.262805
0.262207
0.28426
0.29872
0.335482
0.330689
0.362913
0.360516
0.360988
0.401775
0.417357
0.406352
0.449814
0.450602
0.433398
0.395282
0.315974
0.318888
0.0721173
-0.060947
-0.183229
-0.332319
-0.399062
-0.525599
-0.560303
-0.649241
-0.683942
-0.631929
-0.582863
-0.489532
-0.383929
-0.346655
-0.227158
-0.094127
-0.0509919
0.00993787
-0.00327806
0.0157749
-0.00658549
0.00154906
-0.0172194
-0.0707608
-0.087477
-0.0944724
-0.0801988
-0.0828499
-0.123176
-0.11963
-0.15152
-0.153211
-0.165624
-0.209373
-0.236174
-0.301376
-0.279662
-0.320273
-0.266235
-0.31428
-0.304135
-0.245492
-0.138713
-0.127206
-0.00146124
0.0723433
0.0841866
0.190007
0.206643
0.260418
0.223415
0.263187
0.280037
0.272859
0.264949
0.21457
0.241381
0.206377
0.231823
0.244573
0.230889
0.260538
0.29965
0.300091
0.334571
0.304337
0.310575
0.346118
0.35816
0.396916
0.377703
0.47044
0.456805
0.477596
0.509788
0.462058
0.432851
0.322956
0.266115
0.060741
-0.200491
-0.322293
-0.478327
-0.557196
-0.669657
-0.667738
-0.71245
-0.635733
-0.574005
-0.419972
-0.350792
-0.234151
-0.126921
-0.05087
0.0641159
0.0851388
0.0712863
0.0322745
0.0257928
0.00285396
-0.0706256
-0.102373
-0.152519
-0.166935
-0.155331
-0.163973
-0.172645
-0.189084
-0.184337
-0.197275
-0.21764
-0.256051
-0.290173
-0.326985
-0.328157
-0.380223
-0.252764
-0.222864
-0.208394
-0.121001
-0.060704
0.0121076
0.0569756
0.16561
0.204695
0.240721
0.233381
0.225348
0.201844
0.187174
0.200112
0.185434
0.172622
0.162798
0.174053
0.19356
0.178385
0.20613
0.284517
0.291989
0.346439
0.364612
0.368456
0.370836
0.400787
0.41042
0.376498
0.389583
0.389851
0.420232
0.529094
0.560348
0.521972
0.577953
0.43598
0.429552
0.253632
0.153082
-0.0744248
-0.440153
-0.551019
-0.678836
-0.707043
-0.813717
-0.807444
-0.721184
-0.54179
-0.399841
-0.186243
-0.112805
0.0555343
0.119761
0.195946
0.185704
0.163358
0.0975492
-0.0202256
-0.0981924
-0.155074
-0.221787
-0.213938
-0.304299
-0.296489
-0.219092
-0.209649
-0.219724
-0.177088
-0.209087
-0.209577
-0.21153
-0.259705
-0.345692
-0.345345
-0.326229
-0.346154
-0.141031
-0.137338
-0.098891
0.0502502
0.0684695
0.178908
0.168244
0.245259
0.273935
0.243319
0.241785
0.173968
0.146947
0.103572
0.107989
0.133688
0.0620941
0.0901867
0.126869
0.186183
0.174784
0.232616
0.290209
0.302323
0.358496
0.45815
0.384856
0.365922
0.387385
0.37512
0.448164
0.403586
0.430326
0.468027
0.6002
0.653227
0.567561
0.547724
0.356826
0.336427
0.168166
-0.000642687
-0.318879
-0.455057
-0.729255
-0.783272
-0.801078
-0.816345
-0.751243
-0.586103
-0.399689
-0.13491
-0.0143325
0.0744832
0.189744
0.23599
0.207829
0.139888
-0.0319803
-0.15096
-0.160098
-0.250947
-0.30733
-0.375443
-0.374001
-0.311293
-0.22497
-0.182507
-0.192474
-0.211307
-0.183261
-0.191005
-0.251558
-0.299903
-0.38748
-0.331243
-0.405218
-0.31143
-0.305245
-0.184644
-0.00657562
0.0554038
0.188628
0.223205
0.247839
0.206478
0.194198
0.207821
0.126972
0.0250806
-0.0216484
0.00923187
0.0313328
0.0349306
0.112041
0.0902425
0.209676
0.250233
0.283248
0.26498
0.312824
0.332189
0.351575
0.354742
0.337968
0.361861
0.35314
0.361615
0.41734
0.440316
0.427157
0.502738
0.56135
0.64744
0.630839
0.678715
0.428936
0.196698
0.173816
-0.149683
-0.308164
-0.622259
-0.646139
-0.77907
-0.781328
-0.747424
-0.639586
-0.468133
-0.192634
-0.0762548
0.101236
0.158229
0.203048
0.230607
0.194411
0.04098
-0.0599297
-0.230242
-0.36083
-0.361436
-0.429519
-0.400702
-0.406151
-0.340026
-0.243627
-0.169481
-0.207553
-0.222189
-0.245229
-0.263997
-0.2736
-0.363013
-0.388161
-0.421072
-0.321503
-0.259736
-0.149657
-0.123332
0.0548165
0.237959
0.238984
0.248748
0.215521
0.146572
0.104932
0.0434553
0.0419465
-0.0363338
-0.0466631
-0.0105202
0.0811679
0.114665
0.148899
0.162199
0.225968
0.303968
0.273875
0.224076
0.213702
0.242708
0.25724
0.304613
0.320135
0.347616
0.426114
0.484741
0.54254
0.571073
0.517295
0.525018
0.564598
0.545958
0.579445
0.445802
0.472211
0.242453
0.0400207
-0.0281365
-0.311749
-0.404919
-0.585181
-0.58288
-0.67663
-0.666312
-0.626546
-0.448309
-0.278488
-0.087094
-0.0355252
0.0998743
0.156466
0.233655
0.167516
0.0992113
-0.0813059
-0.155664
-0.250888
-0.383464
-0.407419
-0.448336
-0.454898
-0.371378
-0.313091
-0.288881
-0.21629
-0.255444
-0.22473
-0.244624
-0.27031
-0.370005
-0.385707
-0.301115
-0.277792
-0.197
-0.169092
-0.0376574
-0.00281588
0.16201
0.248452
0.222289
0.203688
0.128859
0.0999932
0.0162994
-0.0738544
-0.134806
-0.0677511
0.0228016
0.0202593
0.161669
0.143646
0.225442
0.228402
0.302429
0.281808
0.215364
0.256563
0.236779
0.333169
0.301733
0.353652
0.402709
0.467628
0.518587
0.535913
0.490397
0.529661
0.492502
0.419629
0.445287
0.339384
0.439581
0.413847
0.417548
0.277151
-0.0483607
-0.0230278
-0.281301
-0.382736
-0.589113
-0.625998
-0.685512
-0.603392
-0.541871
-0.360763
-0.266398
-0.0510241
0.0537546
0.15696
0.212436
0.202341
0.0867749
0.0217867
-0.143807
-0.233531
-0.396255
-0.498079
-0.496665
-0.470846
-0.469142
-0.373596
-0.358104
-0.223793
-0.160567
-0.214721
-0.252528
-0.338584
-0.357652
-0.412702
-0.396971
-0.434648
-0.310117
-0.128216
-0.082316
0.0685952
0.078995
0.186031
0.208358
0.216275
0.182495
0.0672778
-0.0208296
-0.108825
-0.106453
-0.112349
-0.022326
0.0880711
0.110524
0.250243
0.275721
0.287851
0.280533
0.262682
0.235571
0.179203
0.165453
0.175607
0.258791
0.318926
0.396351
0.471948
0.523337
0.538308
0.553419
0.509984
0.51465
0.457591
0.346341
0.331677
0.28968
0.372812
0.321209
0.352352
0.178657
-0.0437915
-0.00867122
-0.235724
-0.338192
-0.568473
-0.579175
-0.610379
-0.525036
-0.506519
-0.375591
-0.260746
0.0105359
0.0940876
0.156603
0.144811
0.121249
0.071661
-0.0428876
-0.269099
-0.329269
-0.508099
-0.512717
-0.501786
-0.479718
-0.514315
-0.36734
-0.252596
-0.198372
-0.196005
-0.217121
-0.263714
-0.264946
-0.332697
-0.414756
-0.402704
-0.426636
-0.23846
-0.0582606
-0.0301822
0.0692768
0.128735
0.252116
0.197382
0.174735
0.0887361
-0.00611564
-0.0420242
-0.0706482
-0.125525
-0.131486
-0.0309507
0.106007
0.160647
0.266232
0.252393
0.270598
0.233713
0.251646
0.253336
0.165016
0.185749
0.256208
0.36303
0.403796
0.454134
0.496101
0.562098
0.538112
0.541005
0.398981
0.398207
0.343614
0.254361
0.283764
0.257517
0.397708
0.414148
0.462082
0.326466
0.062755
0.024766
-0.227489
-0.345703
-0.614932
-0.638214
-0.709288
-0.625117
-0.495834
-0.263669
-0.136059
0.108405
0.20558
0.286623
0.300742
0.108983
-0.100817
-0.138713
-0.380135
-0.43037
-0.529436
-0.537231
-0.452123
-0.354338
-0.31733
-0.226706
-0.183402
-0.104742
-0.157889
-0.235654
-0.367024
-0.456695
-0.42063
-0.509597
-0.412018
-0.387107
-0.176493
0.0766282
0.10465
0.22386
0.21467
0.240251
0.164325
0.118045
0.0172028
-0.102772
-0.136246
-0.171198
-0.0754977
-0.0108685
0.0860154
0.260768
0.310197
0.392597
0.365927
0.293484
0.244496
0.173306
0.155589
0.142805
0.137508
0.215388
0.383655
0.488525
0.527597
0.553463
0.571811
0.513485
0.477676
0.322868
0.312964
0.242985
0.290133
0.246291
0.282377
0.435094
0.512571
0.587749
0.414437
0.429717
0.045674
-0.265734
-0.433065
-0.678666
-0.722058
-0.751703
-0.685004
-0.482634
-0.24391
-0.0844773
0.120924
0.26541
0.31651
0.320441
0.0887188
-0.1513
-0.271166
-0.470522
-0.500523
-0.625219
-0.592975
-0.490443
-0.346091
-0.313607
-0.19254
-0.190693
-0.154971
-0.197416
-0.317225
-0.421722
-0.477153
-0.444361
-0.491882
-0.358465
-0.302388
-0.104384
0.126965
0.14257
0.248923
0.225843
0.1709
0.0683901
0.000363133
-0.11764
-0.183769
-0.154803
-0.161089
0.000980616
0.0291784
0.194837
0.325238
0.32077
0.362346
0.31498
0.240312
0.142795
0.0854112
0.0901474
0.103697
0.20704
0.261097
0.453321
0.556386
0.631209
0.63801
0.568506
0.456114
0.374395
0.230898
0.203089
0.137095
0.170229
0.220456
0.303394
0.446894
0.547046
0.662978
0.554742
0.520726
0.163076
-0.18897
-0.393537
-0.685261
-0.70913
-0.803447
-0.724962
-0.501066
-0.268311
-0.112543
0.138667
0.256179
0.278425
0.298764
0.0779034
-0.166109
-0.299525
-0.5091
-0.502956
-0.56531
-0.535104
-0.412686
-0.258536
-0.279454
-0.201104
-0.194419
-0.227908
-0.265331
-0.39457
-0.485241
-0.538058
-0.438294
-0.496912
-0.371201
-0.297095
-0.0834109
0.170314
0.0728421
0.119759
0.094363
0.107986
0.00905715
-0.0554709
-0.0882869
-0.144494
-0.0324179
-0.0333661
0.109969
0.184941
0.278941
0.245117
0.276532
0.254671
0.134524
0.0760076
0.00590603
0.0426227
0.0423761
0.138313
0.356804
0.404199
0.585102
0.679183
0.648648
0.649803
0.516634
0.350505
0.23737
0.0945167
0.163554
0.167447
0.232278
0.289163
0.406402
0.577727
0.631721
0.674968
0.478896
0.52744
0.166417
-0.28892
-0.481346
-0.742261
-0.754
-0.724916
-0.617176
-0.387081
-0.123478
0.0260778
0.214617
0.292233
0.207494
0.177844
-0.0399002
-0.249828
-0.330191
-0.495265
-0.511246
-0.475637
-0.434731
-0.350574
-0.227127
-0.266232
-0.244932
-0.256101
-0.334589
-0.415771
-0.454406
-0.433075
-0.415374
-0.295512
-0.350229
-0.210052
-0.163372
-0.0203528
-0.0706792
0.0152006
0.0112026
-0.0348521
-0.0251614
-0.0848229
-0.0808317
-0.0815188
-0.0266526
0.0573286
0.0496621
0.152647
0.196582
0.172656
0.151627
0.184485
0.163572
0.129908
0.09649
0.102265
0.183638
0.215456
0.328283
0.372045
0.44862
0.565254
0.59748
0.526006
0.509586
0.36779
0.236895
0.196066
0.15442
0.197475
0.255482
0.352257
0.413471
0.447192
0.586433
0.533207
0.551854
0.397945
0.543976
0.218683
-0.175322
-0.336306
-0.491299
-0.422266
-0.572629
-0.55512
-0.460497
-0.224741
-0.135582
-0.0753169
-0.0238377
0.0185533
0.110176
0.0141372
-0.117255
-0.227463
-0.309201
-0.288112
-0.335089
-0.355997
-0.438605
-0.442379
-0.361167
-0.358238
-0.431844
-0.364237
-0.409759
-0.335847
-0.320959
-0.292167
-0.285637
-0.339142
-0.192262
-0.166894
-0.0947905
-0.221681
-0.0896953
-0.0204298
-0.0326181
-0.034392
-0.109654
-0.0603421
-0.0464796
0.0945685
0.117152
0.03054
0.130177
0.19405
0.224281
0.108442
0.128098
0.0988955
0.130137
0.136994
0.110767
0.118882
0.187539
0.317461
0.409052
0.41084
0.472249
0.527794
0.527203
0.51439
0.402894
0.241622
0.192342
0.160032
0.199009
0.23443
0.253062
0.31234
0.34571
0.450301
0.441141
0.426697
0.316169
0.460168
0.357861
0.0721498
-0.109577
-0.322874
-0.266072
-0.436722
-0.491895
-0.538176
-0.43649
-0.286086
-0.175186
-0.125947
-0.0746796
0.0340817
0.0258941
0.018411
-0.128686
-0.239638
-0.236564
-0.320813
-0.383218
-0.464469
-0.427653
-0.432269
-0.370849
-0.358133
-0.329562
-0.359279
-0.341421
-0.361405
-0.332712
-0.266732
-0.385041
-0.284607
-0.254515
-0.176858
-0.234492
-0.112777
-0.0287327
-0.0227583
0.0113208
-0.0839937
-0.0207221
-0.0256784
-0.00823012
0.0713172
-0.0120287
0.0506178
0.0820202
0.115225
0.0578218
0.117044
0.215904
0.198307
0.197532
0.168327
0.14907
0.193588
0.235159
0.315157
0.308453
0.364839
0.44314
0.470465
0.522771
0.517452
0.37313
0.318514
0.209376
0.245846
0.191658
0.172232
0.232101
0.254259
0.357451
0.40445
0.434731
0.388527
0.521211
0.429277
0.352916
0.0813655
-0.193469
-0.133795
-0.308291
-0.433384
-0.54421
-0.405199
-0.378134
-0.255773
-0.159483
-0.12456
-0.0432315
-0.00254645
-0.0410894
-0.123936
-0.242319
-0.20088
-0.276837
-0.306521
-0.362792
-0.332471
-0.36527
-0.421862
-0.388978
-0.390171
-0.438325
-0.393129
-0.394608
-0.337328
-0.186493
-0.341765
-0.264787
-0.203142
-0.128616
-0.241898
-0.210461
-0.151594
-0.122686
-0.0192268
-0.135572
-0.109555
-0.0265717
0.0851422
0.130856
0.0506826
0.10335
0.0731757
0.114726
0.0277241
0.0737571
0.148747
0.159151
0.209454
0.149454
0.232785
0.222192
0.207945
0.251495
0.226545
0.297022
0.296833
0.332871
0.41469
0.50459
0.496539
0.451316
0.323547
0.343371
0.294623
0.22424
0.198343
0.280575
0.324524
0.321864
0.359709
0.387656
0.480905
0.42202
0.388484
0.25608
0.0892702
0.117482
-0.117865
-0.204111
-0.360515
-0.300046
-0.390166
-0.391793
-0.319054
-0.217925
-0.17235
-0.157023
-0.0703662
-0.0240861
-0.0804052
-0.0751887
-0.183944
-0.229157
-0.289154
-0.277444
-0.347689
-0.37347
-0.420909
-0.35934
-0.413425
-0.394109
-0.380264
-0.332598
-0.254601
-0.305146
-0.264326
-0.279825
-0.238516
-0.332806
-0.24203
-0.182832
-0.191843
-0.126326
-0.155698
-0.080852
-0.0548089
-0.0100003
0.0971531
0.00184956
0.0686948
0.0709864
0.0750561
0.00403104
0.077337
0.109849
0.161352
0.209647
0.127085
0.175657
0.154711
0.169768
0.092565
0.143725
0.213101
0.25229
0.288378
0.30492
0.416825
0.445598
0.494596
0.40057
0.40139
0.323976
0.283601
0.15619
0.179904
0.165898
0.228119
0.31513
0.380469
0.506103
0.444868
0.432004
0.315013
0.226857
0.394886
0.169522
0.0616443
-0.150274
-0.0569495
-0.206527
-0.358322
-0.452145
-0.407399
-0.315237
-0.242144
-0.206967
-0.128727
-0.060492
0.0192046
0.0287757
-0.0852172
-0.159089
-0.161153
-0.306917
-0.335747
-0.395839
-0.41894
-0.403451
-0.350085
-0.329875
-0.312838
-0.21657
-0.321938
-0.312129
-0.305952
-0.277581
-0.384198
-0.31896
-0.288632
-0.180929
-0.117245
-0.252203
-0.155412
-0.153576
-0.0447443
-0.142334
-0.0729801
-0.0382898
0.0271588
0.131999
0.0167016
0.066493
0.0809326
0.14046
0.200872
0.127791
0.120967
0.0972082
0.142787
0.0490501
0.121432
0.146921
0.17133
0.19481
0.200979
0.269069
0.266943
0.342393
0.377528
0.446351
0.475409
0.426641
0.353081
0.396647
0.270306
0.139353
0.10066
0.109864
0.204631
0.286199
0.375159
0.386448
0.30523
0.412685
0.336125
0.29154
0.14975
0.28393
0.0356918
-0.160736
-0.239105
-0.344367
-0.276905
-0.376017
-0.350871
-0.277226
-0.186911
-0.168635
-0.175751
-0.130711
-0.0999452
-0.0553337
-0.145847
-0.191824
-0.230768
-0.220619
-0.245113
-0.289001
-0.356684
-0.427688
-0.393782
-0.40706
-0.376874
-0.317471
-0.255
-0.33084
-0.196005
-0.193968
-0.209625
-0.19789
-0.302999
-0.280619
-0.223085
-0.150689
-0.306305
-0.131011
-0.00687925
0.0472441
0.114795
0.00309366
0.0342636
0.0578816
0.0871394
0.089793
0.0537809
0.112208
0.142303
0.206354
0.137248
0.108303
0.170707
0.173648
0.1104
0.101718
0.166732
0.161069
0.260519
0.274034
0.283016
0.375148
0.398223
0.418004
0.458428
0.389668
0.245739
0.224371
0.127791
0.153343
0.178446
0.199253
0.235701
0.293863
0.448656
0.397169
0.375821
0.187413
0.298449
0.267885
0.176439
0.112655
-0.0471603
0.111492
-0.0971535
-0.178954
-0.354955
-0.317192
-0.419811
-0.402182
-0.353189
-0.212851
-0.150506
-0.0903139
-0.0135618
-0.0207971
-0.137056
-0.115797
-0.239887
-0.294396
-0.338323
-0.353651
-0.38165
-0.398364
-0.368548
-0.319798
-0.3297
-0.329052
-0.359204
-0.309666
-0.231596
-0.34237
-0.243442
-0.220775
-0.174273
-0.248018
-0.163459
-0.114994
-0.11336
-0.0999068
-0.18137
-0.115428
-0.0679575
0.00359669
0.100573
0.0413315
0.0673353
0.17138
0.175884
0.0888622
0.103113
0.1176
0.150244
0.123284
0.0784427
0.0940778
0.104153
0.16772
0.212857
0.192317
0.207942
0.217602
0.291651
0.281157
0.37056
0.382515
0.38354
0.393737
0.406109
0.318453
0.239835
0.145867
0.187144
0.178291
0.175202
0.27496
0.285624
0.393866
0.437931
0.406821
0.237694
0.145773
0.414232
0.249472
0.155793
-0.0446563
0.0566929
-0.187766
-0.370306
-0.450719
-0.509878
-0.454377
-0.310577
-0.185681
-0.109267
-0.130108
-0.0514621
-0.0597209
-0.133767
-0.229651
-0.191537
-0.316745
-0.269024
-0.223614
-0.292344
-0.271874
-0.339179
-0.39655
-0.431154
-0.360998
-0.499344
-0.405772
-0.299559
-0.205318
-0.281952
-0.219639
-0.205034
-0.138364
-0.0881733
-0.254294
-0.196443
-0.178208
-0.0516492
0.0680563
-0.0111996
0.0474445
0.115042
0.151351
0.0287558
0.035149
0.0830274
0.0732261
0.12436
0.112563
0.144809
0.153428
0.121931
0.108737
0.130647
0.12916
0.0784218
0.139925
0.139395
0.208177
0.244518
0.3253
0.298455
0.344481
0.424844
0.406515
0.35585
0.332005
0.262661
0.196763
0.114021
0.0943045
0.21659
0.300172
0.294859
0.348737
0.327254
0.425457
0.330456
0.246878
0.138131
0.344864
0.345859
0.210984
0.121412
-0.101136
0.00729184
-0.255482
-0.42321
-0.561439
-0.45993
-0.404192
-0.251001
-0.118382
-0.0426661
-0.00164085
-0.0105471
-0.0539332
-0.11217
-0.257198
-0.238752
-0.247202
-0.21327
-0.20906
-0.237233
-0.305004
-0.35087
-0.390988
-0.424214
-0.508356
-0.406363
-0.306228
-0.183571
-0.0787101
-0.214291
-0.159266
-0.163188
-0.109352
-0.277211
-0.208759
-0.154885
-0.0622646
0.06194
-0.0268465
0.0899134
0.104948
0.11294
0.0921156
0.0179559
-0.0206221
-0.0108232
0.0691919
0.0705944
0.144952
0.158278
0.148612
0.147573
0.0743344
0.050587
0.0554656
0.146303
0.186974
0.216049
0.290207
0.277996
0.247065
0.24849
0.274667
0.275579
0.315318
0.29535
0.363694
0.365811
0.30612
0.17585
0.107724
0.164629
0.175036
0.219071
0.283458
0.364752
0.413531
0.360342
0.29409
0.207309
0.33087
0.276772
0.271316
0.0862221
-0.167019
-0.0700807
-0.277117
-0.317531
-0.378471
-0.371264
-0.374071
-0.237831
-0.121902
-0.118813
-0.0930659
-0.129985
-0.119073
-0.115333
-0.156099
-0.154091
-0.178839
-0.197307
-0.200834
-0.195545
-0.277919
-0.364224
-0.3967
-0.336806
-0.429674
-0.391949
-0.3464
-0.216231
-0.279173
-0.20443
-0.163436
-0.154719
-0.0839337
-0.215372
-0.146224
-0.147471
-0.0778284
0.0167876
-0.000169107
0.0408358
0.059218
0.0929373
-0.0278884
0.00133951
-0.0159613
-0.0208326
0.0608631
0.0134632
0.154686
0.150877
0.167735
0.111249
0.0504895
0.0794352
0.000350383
0.047823
0.0085351
0.0994471
0.245201
0.293445
0.280975
0.272339
0.304434
0.289075
0.248003
0.230798
0.299467
0.27068
0.291695
0.196645
0.226941
0.157956
0.141643
0.158
0.223029
0.333668
0.362285
0.346603
0.282853
0.159647
0.279764
0.245377
0.201399
0.130374
0.260228
0.0182572
-0.124431
-0.333482
-0.434548
-0.370553
-0.405421
-0.365632
-0.215427
-0.0984864
-0.0797294
-0.0794883
-0.0927202
-0.163083
-0.110512
-0.170241
-0.180381
-0.141509
-0.143776
-0.13214
-0.230691
-0.288134
-0.386839
-0.422211
-0.410821
-0.409581
-0.276151
-0.138762
-0.22054
-0.127778
-0.153537
-0.1415
-0.0970021
-0.21029
-0.123983
-0.107471
-0.0212937
-0.0887069
0.0221069
0.0592869
0.0154499
0.0614374
-0.0316458
-0.0130771
0.025382
0.0675444
0.0789308
0.0571495
0.137789
0.157137
0.105485
0.0297371
0.0318019
0.0479175
0.0881742
0.0891971
0.08397
0.137427
0.168025
0.21034
0.152279
0.153628
0.19253
0.196682
0.216193
0.278858
0.346871
0.331773
0.300611
0.185421
0.204418
0.170273
0.147862
0.103296
0.164591
0.268069
0.314887
0.334248
0.280419
0.379628
0.276914
0.229855
0.18892
0.117789
0.274732
0.190165
0.0387087
-0.187074
-0.0849151
-0.315386
-0.39428
-0.398504
-0.331646
-0.241057
-0.180679
-0.136
-0.123705
-0.102695
-0.15549
-0.163051
-0.0910451
-0.113587
-0.0984349
-0.131947
-0.164804
-0.216107
-0.29525
-0.357251
-0.403883
-0.435215
-0.292366
-0.186815
-0.280073
-0.195361
-0.181333
-0.0980362
-0.215615
-0.183887
-0.107589
-0.0639189
0.0248789
-0.0543159
-0.0146096
0.00955304
0.00285499
0.0259028
-0.0424895
-0.00817081
-0.0126725
0.066435
0.0392891
0.0722785
0.0704256
0.122911
0.077347
0.0308433
0.0830937
0.0656297
0.0995448
0.0523752
0.119539
0.134829
0.118788
0.116495
0.0465706
0.0802306
0.0866018
0.14454
0.149622
0.134698
0.192946
0.235879
0.282239
0.299184
0.302021
0.234729
0.20448
0.174338
0.242594
0.179843
0.197736
0.186031
0.208248
0.333314
0.250601
0.18437
0.123727
0.255979
0.200573
0.173595
0.154591
0.0913216
0.266043
0.0492219
-0.10377
-0.269977
-0.337809
-0.272649
-0.291241
-0.278887
-0.202101
-0.139617
-0.178626
-0.220788
-0.246629
-0.203398
-0.209003
-0.144574
-0.0878572
-0.104273
-0.119475
-0.182795
-0.238186
-0.286428
-0.316831
-0.337157
-0.319005
-0.311703
-0.213861
-0.184508
-0.296806
-0.240857
-0.234561
-0.146609
-0.267975
-0.199024
-0.0669802
-0.00380231
0.0854224
-0.0338162
-0.0123238
-0.0448379
-0.0149002
0.0172653
-0.0423316
0.0525882
0.103835
0.102465
-0.0131654
-0.0162858
-0.0242735
0.0216919
0.0756783
0.024126
0.114889
0.130839
0.111674
0.0741078
0.0434642
0.0298008
0.0296831
0.0853322
0.0335287
0.109517
0.17083
0.20807
0.177016
0.184992
0.22771
0.245799
0.266128
0.224628
0.272817
0.228227
0.156336
0.161405
0.172145
0.177145
0.202449
0.194113
0.206485
0.308827
0.249926
0.272129
0.182103
0.0751466
0.253514
0.206824
0.172929
0.0272682
0.125411
-0.0919463
-0.328543
-0.334281
-0.308666
-0.284444
-0.214548
-0.22582
-0.206219
-0.185791
-0.254218
-0.219689
-0.182196
-0.126679
-0.075425
-0.0413714
-0.0634701
-0.0963671
-0.214294
-0.241014
-0.311139
-0.350236
-0.32036
-0.36232
-0.297428
-0.234919
-0.230307
-0.165953
-0.304925
-0.27697
-0.202138
-0.0932099
0.0635612
-0.0452251
0.00509638
0.023807
-0.00179885
-0.126708
-0.0854507
-0.0573358
-0.00132669
0.0590939
0.0400374
0.0644896
0.0466095
0.0322713
0.0325405
-0.0463254
0.0261247
0.063112
0.0945052
0.0864667
0.080312
0.10552
0.0523459
0.0295979
0.0187821
0.0564565
0.113152
0.215746
0.162218
0.16214
0.197966
0.179465
0.16085
0.124455
0.17296
0.274162
0.363711
0.327327
0.30394
0.198783
0.113862
0.12992
0.236735
0.247169
0.265447
0.362176
0.279356
0.407493
0.307772
0.173985
0.106972
0.0923938
0.298159
0.302669
0.187228
0.0309662
0.1391
-0.173506
-0.293943
-0.34144
-0.282713
-0.205415
-0.112677
-0.0922595
-0.146605
-0.231733
-0.222386
-0.299945
-0.228875
-0.0912808
-0.0686713
-0.0232242
-0.0740506
-0.194197
-0.27645
-0.300237
-0.39949
-0.349839
-0.275709
-0.12622
-0.184895
-0.204973
-0.241199
-0.258552
-0.401237
-0.301385
-0.163727
-0.0271159
0.00229509
-0.0600657
0.0318438
-0.0285084
-0.00580595
-0.0281736
-0.107684
-0.0059205
0.0383374
0.0959723
0.032489
-0.00387418
-0.0544114
-0.0746404
-0.0026328
-0.0673069
0.0267776
0.109385
0.0781237
0.0890297
0.10113
0.0274762
0.0852395
0.0864432
0.0673208
0.102245
0.109181
0.128273
0.0927989
0.0799171
0.0595993
0.0542476
0.0985087
0.0882751
0.237988
0.215019
0.246292
0.27169
0.326059
0.339756
0.238814
0.201683
0.14582
0.288923
0.338354
0.252769
0.250321
0.309309
0.288747
0.335837
0.131819
0.140849
0.259553
0.205037
0.260288
0.144789
0.0610155
0.124159
-0.112289
-0.189584
-0.308168
-0.18759
-0.193897
-0.240091
-0.189792
-0.215236
-0.208468
-0.198861
-0.255763
-0.187993
-0.128763
-0.12908
-0.0856092
-0.117982
-0.166268
-0.275129
-0.282928
-0.328757
-0.271151
-0.191099
-0.273891
-0.207047
-0.215101
-0.221484
-0.336738
-0.334695
-0.223946
-0.158569
0.00109729
-0.12136
-0.114597
-0.0672762
-0.075798
-0.0190969
-0.099084
-0.0768364
-0.00876104
0.0635232
-0.0109444
-0.0084508
-0.0251478
-0.0284946
-0.00655989
-0.0848906
-0.0349511
-0.0204484
0.0953169
0.0811495
0.0442296
0.0478086
-0.0111529
0.0300239
0.00548388
0.0225607
0.107476
0.11648
0.0869391
0.0759117
0.005914
0.0433562
0.0770888
0.101957
0.125562
0.191409
0.230432
0.172155
0.165051
0.218995
0.298032
0.257221
0.246596
0.29206
0.227606
0.220092
0.16445
0.203548
0.287963
0.262562
0.257907
0.113689
0.275161
0.238809
0.127459
0.170259
0.0815317
0.279136
0.2513
0.0663802
-0.102699
0.0435666
-0.194702
-0.221772
-0.2357
-0.193723
-0.0961873
-0.157182
-0.201691
-0.25816
-0.266565
-0.294668
-0.258883
-0.21045
-0.0996872
-0.101867
-0.167688
-0.159031
-0.24726
-0.195303
-0.244609
-0.224133
-0.196215
-0.185524
-0.133169
-0.210259
-0.294787
-0.244278
-0.180136
-0.262999
-0.140517
-0.0830227
-0.0430432
-0.0818955
-0.141796
-0.0973696
-0.0805033
0.0406031
0.0392464
-0.0370292
0.0758105
0.00342244
0.03925
-0.0214923
-0.043422
0.0210584
0.0376961
0.0630184
0.0480837
0.0210797
-0.000945924
0.0216555
0.0511356
0.00613834
0.00690224
0.0540469
0.0573548
-0.00901914
0.0645769
0.0727762
0.082014
0.111969
0.0694428
0.143465
0.181337
0.148689
0.154412
0.15278
0.182821
0.197803
0.203939
0.24822
0.308045
0.302847
0.21384
0.107357
0.213822
0.229984
0.223112
0.270133
0.303072
0.258771
0.255865
0.170009
0.136835
0.272239
0.165888
0.265754
0.124065
0.0703644
0.250345
-0.0848323
-0.170822
-0.269647
-0.176728
-0.177867
-0.194713
-0.146972
-0.197643
-0.221393
-0.258449
-0.288771
-0.231984
-0.136127
-0.145402
-0.121806
-0.145679
-0.151886
-0.170238
-0.291369
-0.277452
-0.215619
-0.156221
-0.20204
-0.190615
-0.229429
-0.223299
-0.178123
-0.308235
-0.189365
-0.166344
-0.069787
-0.136561
-0.112209
-0.0468859
-0.0807265
0.00980299
-0.0902692
-0.0223801
0.0766915
0.0610207
0.0782295
0.0402365
0.00619758
-0.0182133
0.0296632
-0.0691728
0.00911412
-0.00476224
0.0471824
0.0353626
-0.0293112
0.0483966
0.0104131
0.0593825
0.0154574
0.0546667
0.114706
0.0915185
0.0833832
0.06115
0.0245198
0.069911
0.128752
0.115739
0.123348
0.122825
0.127874
0.152909
0.105166
0.178379
0.20065
0.226785
0.261908
0.331664
0.295859
0.200313
0.123584
0.149618
0.176977
0.254353
0.291954
0.152
0.270628
0.250356
0.102186
0.105638
0.0588754
0.223233
0.277308
0.157327
0.130185
-0.0860519
0.00731678
-0.124283
-0.257662
-0.172124
-0.0215773
-0.118852
-0.140453
-0.279956
-0.303852
-0.268016
-0.315989
-0.258712
-0.134677
-0.113118
-0.105227
-0.101097
-0.170439
-0.132324
-0.19499
-0.241763
-0.160905
-0.173616
-0.103001
-0.164389
-0.197504
-0.23238
-0.218002
-0.287484
-0.2349
-0.168107
-0.0820778
-0.0709295
-0.173698
-0.0711877
-0.114431
-0.0323586
-0.00341168
-0.0548665
0.0541708
0.0529739
0.0706505
0.0103548
-0.0155236
-0.0024323
0.00632737
0.064764
0.0197153
0.00416682
0.0337
0.00727675
0.0368515
-0.00267403
-0.0342274
0.0338881
0.0382635
0.00838683
0.0913689
0.0627609
0.0587668
0.0885881
0.03009
0.07119
0.101561
0.0994149
0.117269
0.0931465
0.138596
0.0982038
0.116155
0.149704
0.147469
0.213875
0.272771
0.18598
0.27023
0.206701
0.133944
0.160548
0.113865
0.216272
0.262631
0.169094
0.177712
0.270536
0.169459
0.215687
0.122893
0.147702
0.326443
0.155152
0.155286
0.0142481
0.128418
0.0507334
-0.133059
-0.1423
-0.192862
-0.12096
-0.0951835
-0.212347
-0.223932
-0.196005
-0.236812
-0.191857
-0.22199
-0.203061
-0.152582
-0.168944
-0.119777
-0.136293
-0.147524
-0.213998
-0.179182
-0.1255
-0.141891
-0.108526
-0.184791
-0.153583
-0.0883764
-0.116592
-0.216225
-0.205543
-0.115492
-0.0961963
-0.0442349
-0.122553
-0.165882
-0.0289587
-0.0245628
0.0108611
-0.0206383
-0.0164198
0.0345268
0.0149018
-0.0622489
-0.0227519
0.0142466
0.0365343
0.0695783
0.0172914
0.00947158
0.00802107
0.0159833
0.0290095
-0.0428147
0.0588535
0.0551026
0.0868617
0.0915596
0.0236816
0.0321559
0.0371873
0.0486509
0.0543835
0.123187
0.13602
0.0869439
0.0619512
0.0961406
0.066343
0.120625
0.164115
0.12284
0.220564
0.264082
0.181682
0.144895
0.182554
0.108595
0.185392
0.202838
0.258904
0.247754
0.164165
0.198996
0.102374
0.220056
0.197533
0.0998705
0.148767
0.0421643
0.184701
0.141256
-0.0274507
-0.0231585
0.165844
0.00221687
-0.0964765
-0.188782
-0.190972
-0.0660624
-0.172669
-0.182835
-0.264953
-0.245749
-0.225222
-0.223898
-0.245593
-0.192563
-0.228228
-0.177917
-0.149475
-0.194125
-0.161408
-0.236658
-0.211905
-0.140152
-0.128897
-0.114845
-0.194307
-0.166198
-0.141078
-0.154308
-0.236084
-0.14777
-0.122314
-0.0251332
-0.0455333
-0.172383
-0.0856716
-0.113845
0.0575124
-0.0365702
-0.0500768
0.0213961
0.0187815
0.0545772
0.00861218
-0.0109234
0.00211533
0.0258592
0.0779197
0.0390354
0.0291431
0.019278
0.00987304
-0.0278039
0.068171
0.0594243
0.0737372
0.0857912
0.024381
0.109655
0.0697162
0.0530937
0.0750522
0.0832205
0.0796599
0.104964
0.0990052
0.0497637
0.0830753
0.116858
0.116045
0.120625
0.136278
0.130268
0.203856
0.226343
0.126355
0.201255
0.206667
0.12266
0.179144
0.184757
0.174576
0.217922
0.146634
0.128073
0.266209
0.160115
0.180301
0.0583372
0.0873932
0.191869
0.0640497
0.109248
-0.012479
0.0991358
0.0992944
-0.0784259
-0.116426
-0.15913
-0.13987
-0.109803
-0.154987
-0.221257
-0.136141
-0.229094
-0.231217
-0.202949
-0.211203
-0.228671
-0.21658
-0.17416
-0.161618
-0.138898
-0.237014
-0.191204
-0.182527
-0.0933281
-0.181905
-0.203337
-0.127342
-0.186826
-0.0413604
-0.151524
-0.158771
-0.0795391
-0.0603328
0.00646613
-0.0863552
-0.102645
-0.064707
-0.00294021
-0.0941008
-0.0066267
-0.00495476
0.0377093
0.0657932
-0.0291852
0.0367914
0.0214669
0.02014
0.0602738
0.0279732
0.0610707
0.0661029
0.0735729
0.0751148
0.0364269
0.0867077
0.0656584
0.0378739
0.0875358
0.0786095
0.0729071
0.0803316
0.0677197
0.073477
0.0841676
0.074193
0.060648
0.0624551
0.0528965
0.0857393
0.111732
0.100412
0.114504
0.153669
0.18362
0.162226
0.231004
0.198277
0.146745
0.184269
0.0809304
0.185406
0.190289
0.147313
0.161218
0.054084
0.133553
0.135301
0.100657
0.0984238
0.204642
0.150993
0.10679
0.0337631
0.0443581
0.127114
-0.00512262
0.0629359
-0.0480033
-0.0696887
0.0859071
-0.157889
-0.153789
-0.185395
-0.155382
-0.134298
-0.155012
-0.204114
-0.155562
-0.167709
-0.256651
-0.259385
-0.251396
-0.105807
-0.201815
-0.200569
-0.169619
-0.23233
-0.241385
-0.202475
-0.21764
-0.0704497
-0.127284
-0.198953
-0.0939724
-0.138897
-0.0871287
-0.0726903
-0.146325
-0.0603399
-0.039328
0.0133223
-0.0751351
-0.0651153
-0.0213057
-0.0267765
0.0211679
-0.0360733
-0.0144115
0.0442017
0.0251689
-0.0374558
0.00332504
0.0108657
0.0579186
0.0618039
0.00940559
0.0661244
0.0785762
0.0524768
0.0605685
0.0697277
0.0655259
0.0797467
0.074424
0.0924267
0.0820456
0.115302
0.0794778
0.0208972
0.0732552
0.0441715
0.0715919
0.123365
0.0564801
0.0804101
0.104254
0.0447752
0.065634
0.0584065
0.12193
0.157488
0.107851
0.113382
0.142498
0.0720199
0.10844
0.0877109
0.0895197
0.171059
0.104694
0.119167
0.0438362
0.110481
0.120868
0.0369379
0.0992884
-0.00549007
0.0939803
0.0930527
0.021422
0.0358284
-0.0494433
0.016765
0.027727
-0.0605103
-0.0363686
0.0519261
-0.0312312
-0.0363165
-0.101909
-0.108708
-0.0488103
-0.151185
-0.108248
-0.123851
-0.133985
-0.110219
-0.181282
-0.190447
-0.115458
-0.186002
-0.15116
-0.168523
-0.206245
-0.104385
-0.176582
-0.224299
-0.0934296
-0.130606
-0.230244
-0.115219
-0.125799
-0.0690998
-0.0755014
-0.141803
-0.0601872
-0.0387125
0.000780096
-0.0107266
-0.106936
-0.0211156
-0.039425
0.0103301
-0.0236053
-0.0203659
0.0216373
0.0380386
0.0494883
0.00576876
0.00559412
0.0486495
0.019688
0.0490842
0.0512798
0.0269379
0.0874102
0.0830123
0.00759862
0.0707804
0.0174584
0.0634948
0.0898323
0.0311224
0.102136
0.0896961
0.059822
0.0855992
0.0617342
0.0445157
0.100766
0.080246
0.117791
0.104317
0.116786
0.103814
0.0947689
0.124132
0.12621
0.10236
0.119127
0.059289
0.133066
0.189498
0.133809
0.166537
0.18404
0.0975614
0.158228
0.116777
0.14276
0.199556
0.141105
0.158994
0.027382
0.144498
0.155692
0.048821
0.100297
0.00209705
0.083679
0.114903
-0.0283707
-0.00590958
-0.0560439
-0.029443
0.00239947
-0.0905969
-0.056266
0.029482
-0.0834589
-0.0747228
-0.169233
-0.138977
-0.0661591
-0.215024
-0.183185
-0.183294
-0.203717
-0.230413
-0.224413
-0.239963
-0.176314
-0.253804
-0.285288
-0.159982
-0.205078
-0.122961
-0.210054
-0.226224
-0.127553
-0.161049
-0.0191372
-0.143223
-0.152071
-0.0245073
-0.0566678
-0.162737
-0.0638837
-0.0670758
0.00568197
-0.00930703
-0.0879233
0.0136753
-0.0054909
0.0166965
0.0736941
-0.0251801
0.0628771
0.0428144
0.0976428
0.0532699
0.0310811
0.118882
0.0716751
0.0969264
0.102661
0.0827884
0.122365
0.121803
0.0682056
0.153727
0.186225
0.149482
0.15346
0.166724
0.182934
0.171595
0.139474
0.155275
0.194008
0.160419
0.196523
0.0700088
0.191111
0.180508
0.115275
0.156923
0.0654324
0.171683
0.169451
0.0808
0.0875744
0.0249155
0.110522
0.141725
0.0582224
0.0921086
0.18049
0.0959447
0.0773783
0.00160706
0.00682776
0.0974236
-0.000594265
0.0595355
-0.0600121
-0.0631471
0.0532046
-0.0939472
-0.0658081
-0.132824
-0.120703
-0.0673126
-0.125447
-0.126723
-0.146373
-0.143493
-0.207064
-0.214776
-0.224959
-0.137797
-0.237243
-0.265787
-0.21568
-0.262954
-0.290938
-0.260097
-0.292873
-0.144674
-0.176816
-0.282517
-0.159337
-0.200092
-0.0785421
-0.222982
-0.201303
-0.0693502
-0.113638
-0.00965239
-0.0854499
-0.109867
-0.0113539
-0.00281412
0.0422209
0.00645013
-0.0350356
0.0470106
0.0437787
-0.0395044
0.0657646
0.0369237
0.0836285
0.0627293
0.0263675
0.0867078
0.0537749
0.136466
0.0980406
0.0775234
0.130299
0.0986893
0.0754494
0.106837
0.0939162
0.112596
0.148907
0.0813787
0.138438
0.153226
0.113834
0.125044
0.0723898
0.148627
0.150917
0.132158
0.147764
0.183519
0.133977
0.144348
0.0571471
0.108081
0.166596
0.112114
0.14516
0.076514
0.0700639
0.154532
0.0670285
0.093749
0.0273949
0.0970245
0.142106
0.0633597
0.0661419
-0.00818091
0.068539
0.0656281
0.00904086
0.0154287
0.0937303
0.00494957
0.0458199
-0.0675414
-0.073757
-0.00536624
-0.0963896
-0.0863321
-0.12557
-0.129904
-0.0704677
-0.111934
-0.146516
-0.165487
-0.175094
-0.182144
-0.196
-0.210516
-0.130499
-0.269132
-0.218147
-0.1891
-0.2359
-0.102997
-0.240709
-0.255092
-0.123602
-0.132902
-0.23345
-0.135299
-0.195621
-0.0589142
-0.0471589
-0.185723
-0.0445933
-0.114479
-0.00138957
-0.00434918
-0.0569483
0.0276325
-0.0246973
0.0375724
-0.0183767
0.0161583
0.0490992
0.0263778
0.0652071
0.0260484
0.0401042
0.06396
0.089045
0.0639866
0.0640692
0.0702473
0.110627
0.109244
0.0526148
0.0951164
0.114034
0.100139
0.121533
0.100655
0.113111
0.154079
0.107296
0.145406
0.13625
0.127366
0.141572
0.0757126
0.174334
0.163105
0.140681
0.149613
0.0480377
0.152536
0.161643
0.0838348
0.113759
0.217044
0.11501
0.167256
0.0644435
0.0781126
0.156101
0.0723023
0.118666
0.0275835
0.0678535
0.127531
0.0649182
0.0764843
-0.00472866
0.0753635
0.0770616
-0.0367488
0.0249354
-0.0357285
0.00365807
0.0409555
-0.0226219
-0.0551104
-0.0753673
-0.0846689
-0.049061
-0.0974161
-0.112369
0.00488496
-0.118413
-0.13851
-0.145143
-0.186098
-0.160421
-0.179925
-0.195463
-0.150932
-0.170343
-0.213843
-0.190549
-0.228962
-0.12456
-0.265681
-0.256332
-0.144115
-0.177523
-0.0327912
-0.131566
-0.162783
-0.0791409
-0.0978983
-0.192682
-0.0713002
-0.0721409
-0.0122196
-0.0435653
-0.100155
-0.00712339
-0.0515814
0.0472644
0.0206682
-0.0553021
0.049474
0.0440779
0.0537828
0.0238738
-0.02466
0.0532167
0.0699458
0.0539986
0.0430189
0.0423011
0.0564642
0.0780356
0.0490168
0.0655951
0.0785417
0.100557
0.104858
0.0438269
0.0979318
0.116389
0.0877625
0.114185
0.117683
0.132581
0.146502
0.0713274
0.0832134
0.18116
0.107996
0.150459
0.0532122
0.101106
0.153814
0.0873341
0.102673
0.054911
0.121149
0.113109
0.0644913
0.0962338
0.0054457
0.0842874
0.144729
0.036111
0.0484072
0.139956
0.029928
0.0976271
-0.019991
0.0271878
0.133619
-0.0080076
0.025904
-0.0426918
-0.005988
0.0453509
-0.0759606
-0.00141013
-0.065969
-0.0484241
-0.0284214
-0.139682
-0.108746
-0.108987
-0.158322
-0.120715
-0.16581
-0.185118
-0.11153
-0.175045
-0.211163
-0.174287
-0.191567
-0.211509
-0.183774
-0.216827
-0.134996
-0.175343
-25340.8
-0.170303
-0.173998
-0.102887
-0.168616
-0.188827
-0.0935981
-0.106982
-0.0194344
-0.107118
-0.0925386
-0.0158673
-0.0489864
0.0498767
0.0184731
-0.0548717
0.0424067
-0.0124249
-0.111271
0.0328277
-0.0104128
0.0307586
0.0287511
-0.0424201
0.0473421
0.0113484
0.0794755
0.0400316
-0.0324974
0.0767358
0.047648
0.0412802
0.0546338
0.0166144
0.0571474
0.11492
0.0398989
0.0935639
0.101214
0.0975767
0.100941
0.11875
0.10509
-21146.3
0.141745
0.127407
0.128091
0.160883
0.127752
0.0848098
0.1102
0.138311
0.112515
0.103851
0.0694584
0.14892
0.162203
0.0672445
0.106397
0.0603907
0.122584
0.167201
0.0686127
0.102546
0.0268994
0.0932678
0.0974103
-0.0125898
0.0341875
0.108332
0.0620769
0.0638325
0.00287903
0.0202411
0.103002
-0.00736133
0.0247837
-0.0642274
-0.043989
0.0492538
-25120.8
-0.0694181
-0.0712308
-0.0984296
-0.0713041
-0.132378
-0.165222
-0.134665
-0.183223
-0.153923
-0.160084
-0.179066
-0.0976837
-0.220419
-0.188976
-0.147203
-0.176521
-0.211468
-0.194669
-0.192283
-0.0759471
-0.109303
-0.190872
-0.0982094
-0.151236
-0.00130333
-0.0135248
-0.133821
0.00660716
-0.0703263
0.0252482
-0.0295081
-0.0664232
0.0163781
0.0123909
0.0442604
-0.0101775
-0.00852457
0.0429771
0.0446578
-0.0248755
0.0414618
0.0325428
0.0525913
0.0441775
-0.0253033
0.0911948
0.0839828
0.0706726
0.0857191
0.0536772
0.0820661
0.0681002
0.0833687
0.0934656
0.0971556
0.112867
0.0978668
0.0665201
0.116691
0.120664
0.104701
0.129698
0.0444111
0.12165
0.131969
0.0850339
0.112824
0.148059
0.0940798
0.132348
0.0590548
0.0915554
0.153684
0.101768
0.115935
0.0361503
0.060207
0.157115
0.0615694
0.111408
0.0180948
0.104644
0.11739
0.0223072
0.0361716
-0.0192639
0.024232
0.0711829
0.0110667
-0.00156886
-0.0287107
-0.0203035
0.0034507
-0.0391577
-0.0308468
0.0537186
-0.057364
-0.0153193
-0.138426
-0.122427
-0.063556
-0.149423
-0.0939164
-0.143304
-0.133772
-0.132919
-0.17576
-0.187399
-0.0803046
-0.177881
-0.189675
-0.153414
-0.196287
-0.03638
-0.176615
-0.209004
-0.0804908
-0.165847
-0.221281
-0.123624
-0.138102
-0.0805472
-0.0849542
-0.151962
-0.0627853
-0.101263
-0.0211509
-0.0222294
-0.0936944
-0.00705202
-0.0417513
0.0101825
-0.0563272
-0.0479713
0.0226077
0.00844872
0.0419765
0.0186917
0.0077113
0.0265488
0.0300071
0.0471848
0.0528772
-0.00211129
0.0510714
0.0452607
-0.0348229
0.0270122
0.0462949
0.0834408
0.0690079
0.0479993
0.0996018
0.0851535
0.0687396
0.107286
0.0932031
0.112027
0.125108
0.0790675
0.172877
0.14792
0.0987225
0.135755
0.0322354
0.104938
0.168844
0.102035
0.121818
0.17053
0.101477
0.12922
0.100106
0.0869062
0.120384
0.0915803
0.1227
0.0279213
0.032711
0.117058
0.0219421
0.0516051
0.00355187
0.0607584
0.0866929
0.0260327
0.0390705
-0.0286641
0.0344069
0.0800164
-0.0705491
-0.00102774
-0.013059
-0.0378981
0.0272848
-0.0529655
-0.0732995
-0.000315458
-0.0898529
-0.0951837
-0.0870851
-0.0664373
-0.030548
-0.112049
-0.155787
-0.0839151
-0.122067
-0.111398
-0.16044
-0.169919
-0.103896
-0.144678
-0.109255
-0.142569
-0.155895
-0.0708883
-0.179063
-0.115526
-0.105694
-0.138473
0.0293328
-0.111958
-0.0906747
-0.011647
-0.053111
-0.171487
-0.0335555
-0.0334825
0.0067332
0.0241936
-0.103767
-0.0170067
-0.0119301
-0.0167916
-0.0433696
-0.0426988
0.0139253
-0.00145392
0.0128999
-0.0260534
-0.0656756
0.0228164
0.0269905
0.0190325
0.0425142
0.0395447
0.0751446
0.08125
-0.0113969
0.0647724
0.0904562
0.0896635
0.088163
0.091476
0.123043
0.109231
0.0943945
0.103756
0.0762052
0.0980353
0.103434
0.0604105
0.141598
0.12807
0.08428
0.107995
0.048765
0.12475
-10223.3
0.069263
0.108479
0.0384384
0.0591647
0.13095
0.0502811
0.0729691
0.106867
0.0856583
0.091111
0.0431713
0.0512562
0.101938
0.0348024
0.0512843
-0.00861046
0.0152277
0.0622235
-0.0257005
0.0290513
-0.0384922
-0.00396589
0.0228801
-0.0521733
-0.020971
-0.0559229
-0.0230362
-0.0135163
-0.0986233
-0.0829311
0.000359077
-0.0745669
-0.0527283
-0.0921456
-0.103645
-0.0663261
-0.15579
-0.143132
-0.116143
-0.136893
-0.176686
-0.108421
-0.186502
-0.0705559
-0.145102
-0.199141
-0.104068
-0.15675
-0.0471889
-0.106327
-0.142802
-0.106363
-0.105672
-0.0402422
-0.107973
-0.0847757
-0.0418479
-0.0575576
-0.088366
-0.057011
-0.0873482
-0.000578586
-0.0391423
-0.115409
-0.00526317
-0.04709
0.0316279
0.0064289
-0.105
0.0344874
-0.0227842
0.00454022
-0.0116686
-0.0471313
0.0383418
0.0270198
0.0721738
0.0596635
0.0122715
0.0831242
0.0706049
0.054376
0.0809953
0.100813
0.136429
0.117934
0.110695
0.131643
0.129444
0.108385
0.145855
0.154568
0.128093
0.121824
0.0937707
0.124847
0.125604
0.0949498
0.122567
0.0328486
0.149677
0.126118
0.0999326
0.0862357
0.0223422
0.0946237
0.118699
0.0171089
0.0583408
0.170647
0.0200476
0.11974
0.00957639
0.0067523
0.0980518
0.0346836
0.039366
-0.0153289
0.00843878
0.0865113
-0.0196936
-0.00711174
-0.0498611
-0.0346156
0.0411316
-0.0237811
-0.0403762
-0.0709611
-0.0792496
-0.0447658
-0.119717
-0.104239
-0.0610404
-0.129563
-0.111299
-0.1228
-0.134989
-0.0900827
-0.192524
-0.156465
-0.0989729
-0.129853
-0.130169
-0.155879
-0.176324
-0.0708227
-0.12069
-0.181012
-0.124736
-0.21074
-0.0304437
-0.128758
-0.191185
-0.0829847
-0.10298
-0.0554142
-0.108135
-0.0951643
-0.0670238
-0.0661612
-0.161366
-0.0563267
-0.0528455
0.0101983
-0.0359933
-0.0952078
-0.0114255
-0.0335285
0.0780728
0.0364898
-0.0617254
0.0591771
-0.0204239
0.044203
0.0412185
0.0134809
0.0957293
0.0635951
0.0651936
0.120479
0.0861708
0.100241
0.111504
0.0603141
0.128903
0.14737
0.0944973
0.126409
0.110663
0.126383
0.1648
0.125825
0.141588
0.201727
0.134225
0.154609
0.0862408
0.092761
0.156001
0.0841515
0.148793
0.0288358
0.129453
0.118748
0.048839
0.0668493
0.00808143
0.0764797
0.0992137
0.0046301
0.0594662
-0.0226875
0.0694321
0.0803382
-0.0106991
0.0305509
0.13244
-0.00674092
0.0121933
-0.0228663
-0.0449506
0.0514552
-0.0523998
-0.0131223
-0.0439261
-0.0388877
-0.0205464
-0.061961
-0.107945
-0.0823538
-0.0969244
-0.0874268
-0.116286
-0.121542
-0.0668433
-0.142892
-0.140061
-0.103583
-0.151339
-0.165331
-0.15163
-0.155925
-0.11256
-0.147384
-0.185048
-0.136666
-0.203705
-0.0614545
-0.116784
-0.186191
-0.0762437
-0.152087
-2716.92
-0.153786
-0.145488
-0.0251302
-0.0962507
-0.0198665
-0.095359
-0.12863
-0.022466
-0.0171797
0.0196038
-0.038642
-0.0549389
-0.0132119
-0.0058081
-0.106747
0.0338485
0.0051732
0.0680415
0.0364221
0.00125377
0.0713413
0.0224422
0.0857087
0.090988
0.0279553
0.106147
0.0949345
0.0851161
0.100777
0.0684994
0.108438
0.123726
0.0578884
0.136046
0.124745
0.123127
0.156135
0.171581
0.147546
0.145722
0.0600214
0.121361
0.196676
0.120409
0.192273
0.0813421
0.0995494
0.148847
0.090711
0.0925683
0.0297969
0.117857
0.138266
0.0863625
0.106377
-0.0129551
0.0612062
0.101691
0.0210034
0.0579637
0.00207201
-0.00893855
0.0568738
0.0074268
-0.0163748
0.120094
-0.0603652
0.0106642
-0.0319677
-0.0112876
0.071866
-0.0503268
-0.0125465
-0.0957366
-0.0788078
0.00101866
-0.112861
-0.0864347
-0.0653147
-0.0955191
-0.0520573
-0.107249
-0.172449
-0.0741096
-0.161013
-0.154459
-0.0980156
-0.142877
-0.0366893
-0.15905
-0.105952
-0.145692
-0.17579
-0.171549
-0.162743
-0.139958
-0.0503864
-0.0693067
-0.130401
-0.0666291
-0.118153
-0.0378262
-0.114821
-0.127652
-0.0101891
-0.020291
-0.0290745
-0.0549954
-0.0695364
0.00242984
-0.0228296
-0.0153087
-0.0281255
-0.0448325
0.0462758
0.0632101
-0.0632745
0.0286263
-0.0195761
0.0784487
0.0786774
-0.0352594
0.0817145
0.0555123
0.0808271
0.119719
0.0519614
0.0675384
0.0909928
0.0614001
0.111838
0.117155
0.120991
0.118416
0.0639364
0.180615
0.111328
0.104149
0.136502
0.0486426
0.200888
0.168329
0.0663425
0.109117
0.157204
0.113076
0.169685
0.0817671
0.0827034
0.173722
0.103414
0.118821
0.0371683
0.0597146
0.155092
0.0470085
0.0746347
-0.00176069
0.0798391
0.0991864
0.00595619
0.0460335
-0.0493642
0.018322
0.0507976
-0.0161569
-0.0213204
-0.0343608
-0.0315709
0.00235989
-0.098541
-0.108411
-0.0135522
-0.133089
-0.0871396
-0.0648341
-0.0756299
-0.0622218
-0.0993882
-0.11788
-0.088772
-0.137437
-0.119004
-0.114383
-0.132678
-0.0691281
-0.130989
-0.151648
-0.114848
-0.154124
-0.0483536
-0.156914
-0.184039
-0.0914653
-0.115736
-0.161913
-0.0791494
-0.112384
-0.0601059
-0.0859505
-0.122155
-0.0736645
-0.114646
0.00407589
-0.0417677
-0.100435
-0.0307399
-0.0892291
0.0168997
-0.040608
-0.0702913
0.0221427
-0.0172237
0.0273842
0.000483065
-0.00789287
-8522.24
0.0315622
0.0115065
0.0421294
0.00206389
0.0688809
0.0617277
0.00439599
0.0788584
0.0761476
0.0877198
0.13229
751.219
0.135396
0.114975
0.109731
0.147252
0.14164
0.13133
0.150475
0.045953
0.148819
0.189483
0.128539
0.150532
0.0318489
0.124977
0.133428
0.0767596
0.130966
0.166829
0.105673
0.126899
0.0148468
0.0536687
0.164898
0.0341896
0.118868
-0.0118684
0.0263661
0.133672
-0.0189116
0.0143766
-0.04577
-0.000532021
-0.0300011
-0.0390166
-0.0187469
-0.0657936
-0.0446856
-0.0145799
-0.0898689
-0.0882352
-0.0548001
-0.110479
-0.0689253
-5120.18
-0.0880853
-0.0509063
-0.136473
-0.0837873
-0.0697852
-0.134147
-0.105098
-0.103205
-0.091919
-0.0677552
-0.106515
-0.137277
-0.13787
-0.170361
-0.0622294
-0.119734
-0.161818
-0.0920746
-0.131607
-0.0444057
-0.101036
-0.156787
-0.0518738
-0.1288
-0.0102055
-0.0799556
-0.125663
-0.0498277
-0.0687779
-0.115105
-0.0536625
-0.090268
0.00566447
-0.0138838
-0.0779335
0.0359594
0.000194459
0.0365892
0.000781289
-0.0758034
0.0102821
-0.0109829
0.0416167
0.0557885
-0.00144979
0.0669564
0.045103
0.0579405
0.059275
0.0488551
0.111772
0.0852139
0.00415257
0.102683
0.103693
0.0654439
0.0979568
0.0656883
0.10048
0.134609
0.0876951
0.134479
0.122866
0.136604
0.156173
0.0693648
0.130734
0.147733
0.0681075
0.114595
0.0290356
0.127664
0.123849
0.0584541
0.0787038
-0.0118236
0.0377041
0.0835411
-4.71204e-05
0.0385169
0.0811343
0.0285462
0.0356631
0.0116239
-0.00461683
0.0641623
0.0151286
0.0224899
0.00571476
0.00413497
0.0433154
-0.0380418
-0.0148217
-0.0503711
-0.0546588
-0.00563188
-0.0507319
-0.0606414
-0.0276526
-0.022274
-0.0432534
-0.0447602
-0.0776303
-0.0150485
-0.0779156
-0.0543712
-0.105479
-0.119679
-0.0839663
-0.110097
-0.0762075
-0.0657262
-0.106891
-0.107484
-0.0828931
-0.101291
-0.0315693
-0.102999
-0.128543
-0.0693997
-0.137585
-0.0311604
-0.116058
-0.120826
-0.0381036
-0.0863319
0.00460933
-0.0569184
-0.0769802
-0.00478306
-0.0288958
-0.114862
-0.0215672
-0.0268005
0.0148291
0.00648634
-0.0539121
-0.0223841
0.0169266
0.0431524
0.0147949
-0.0328277
0.0253729
-0.0284897
0.044505
0.0471952
0.0236047
0.0209211
0.0510602
0.0538271
0.074531
0.0487998
0.0663172
0.117308
0.0312756
0.0831768
0.096675
0.0566709
0.0738637
0.0577551
0.0880115
0.103857
0.0451095
0.106579
0.0986171
0.0903514
0.140581
0.0890242
0.11218
0.106367
0.0407173
0.116704
0.0334467
0.108117
0.132818
0.0630872
0.0668762
0.00361587
0.0525303
0.0785271
0.021046
0.0686891
0.10849
0.0394459
0.0798932
-0.000998787
0.0208781
0.11455
-0.000140642
0.0543101
-0.0141494
-0.0165773
0.0538793
-0.0308902
-0.0110643
-0.0470771
-0.0167603
0.0333623
-0.0380669
-0.0172264
-0.0376569
-0.00106403
0.0116944
-0.0761106
-0.0613542
-0.0211397
-0.0695242
-0.0224094
-0.0639037
-0.114971
-0.0733313
-0.0792328
-0.0635872
-0.0956107
-0.111695
-0.122779
-0.0877691
-0.0887826
-0.0784275
-0.0879069
-0.122463
-0.0945813
-0.0629742
-0.0426176
-0.12427
-0.144152
-0.0737327
-0.0867993
-0.00727578
1375.61
-0.0976913
-0.0221455
-0.0374997
-0.106701
-0.0289328
-0.0749899
-0.00946178
-0.000975267
-0.0882035
0.0221695
0.00312936
0.0214721
0.00220508
-0.0383259
-0.00980371
-0.0218855
0.00791523
0.014223
-0.0508795
0.0516922
0.0155995
0.036028
0.0456507
-0.0202901
0.0615355
0.0746926
0.039697
0.066332
0.0919404
0.06218
0.107021
0.0726605
0.123944
0.0872354
0.0661808
0.104578
0.106856
0.13766
0.146142
0.0486552
0.0777081
0.112787
0.0893053
0.117926
0.0531146
0.113956
0.129057
0.0569427
0.0884843
-0.000661218
0.0630212
0.085697
0.0408754
0.0531009
-0.00254345
0.0598856
0.0792656
0.0118392
0.00190749
0.10648
0.00984102
0.0389045
0.029201
-0.0025361
0.0498665
-0.0110796
0.0264193
-0.0496234
-0.0172186
-0.000268394
-0.0514661
-0.0195592
-0.0419035
-0.0335791
0.00346258
-0.039066
-0.0689742
-0.0251387
-0.089751
-0.0768155
-0.0808719
-0.109134
-0.080548
-0.121924
-0.12208
-0.0783064
-0.118125
-0.116411
-0.0972912
-0.157684
-0.0394644
-0.0787035
-0.104921
-0.0796911
-0.119753
-0.0413118
-22748.5
-0.109206
-0.0641709
-0.0710309
-0.0366513
-0.109485
-0.112881
-0.0375288
-0.085874
0.0154575
-0.0721905
-0.0999883
0.0186783
-0.0203275
-0.0692578
0.0175703
-0.034418
0.00933078
0.0192542
-0.0584089
0.028746
-0.0135775
0.0263336
0.0317417
-0.022007
0.05726
0.0453537
0.0209619
0.0183805
0.0381934
0.0801737
0.0841314
0.0451686
0.100294
0.0893342
0.10255
0.103421
0.0775099
0.114879
0.118477
0.0979689
0.14853
0.135409
0.106162
0.12356
0.0657558
0.0994724
0.148991
0.0694139
0.117934
0.00831747
0.095441
0.175787
0.0384788
0.119122
0.0123126
0.105122
0.12444
0.0432977
0.0828772
0.0147602
0.073389
0.112743
0.0234863
0.0154181
0.112566
0.0094793
0.0669272
-0.0206434
0.0136274
0.0837712
-0.0198625
0.000666192
-0.0334577
-0.0580877
0.0145286
-0.0541862
-0.0333775
-0.0428995
-0.0470875
-0.0205563
-0.0565389
-0.037557
-0.0363196
-0.105727
-0.0934699
-0.111472
-0.141206
-0.0499619
-0.142201
-0.158723
-0.0976031
-0.1514
-0.143273
-0.0846679
-0.156245
-0.0728502
-0.106112
-0.153389
-0.0936868
-0.0929511
-0.0280771
-0.130091
-0.156041
-0.0201733
-0.0982247
-0.0224412
-0.0895204
-0.126169
-0.0100315
-0.0528422
-0.0131892
-0.0111064
-0.0678369
0.0093945
0.0142302
-0.0776191
0.0016014
-0.0243754
0.026352
0.0106121
-0.0639223
0.0184298
-0.0129612
0.0253498
0.0494801
-0.0135307
0.0647773
-0.000853463
0.0167508
0.060742
0.0418601
0.0602014
0.0802247
0.0312755
0.0873932
0.070045
0.0941605
0.106269
0.0209953
0.0678403
0.0739433
0.0845494
0.0954111
0.118071
0.106647
0.128284
0.0630552
0.114388
0.12946
0.0570838
0.0899974
0.0456346
0.0695013
0.142716
-0.00349731
0.0571353
0.0353468
0.0547045
0.0861795
0.0120741
0.0324356
-0.029841
0.0423543
0.0752289
-0.0270694
-0.0119961
-0.0122965
0.0175592
0.0143655
-0.0528082
-0.052374
0.0335867
-0.0546193
-0.0307129
-0.011828
-0.0866655
-0.0605451
-0.066734
-0.0698839
-0.0635523
-0.0958681
-0.0412201
-0.0914862
-0.0943734
-0.0421161
-0.11394
1937.74
-0.0913862
-0.118331
-0.0213204
-0.157846
-0.112269
-0.0428217
-0.10259
-0.116267
-0.0971973
-0.112843
-0.0276018
-0.090127
-0.156676
-0.0629981
-0.113004
-0.0261572
-0.0604975
-0.14483
-0.0538937
-0.0699029
0.00186134
-0.0525767
-0.0710377
-0.0327012
0.00328935
0.00810233
-0.0214806
-0.0477957
0.0193378
0.0336229
0.00794733
0.0222134
829.277
0.0157927
0.0358494
-0.00156619
0.0339217
0.00845382
-0.000510138
0.0750108
0.0225457
0.0720127
0.0390822
0.044244
0.0388817
0.0562614
0.0483241
0.0657088
0.000378559
0.0948234
0.0741912
0.0436744
0.0807856
0.000155211
0.061055
0.0947446
0.0783966
0.114547
0.110345
0.062553
0.113482
0.0680886
0.0965897
0.155702
0.043038
0.076225
0.0305352
-1503.75
0.097961
0.0203605
0.0332945
-0.0152025
0.0453134
0.07917
-0.00640682
0.0392845
-0.0302704
0.00854563
-36.0212
-0.00521885
0.00230582
0.00140456
0.0207755
0.0204625
0.00244306
-0.0342483
0.0152176
-0.00791844
0.0197607
-0.0324932
-0.023774
-0.00921451
-0.0252179
0.0300134
-0.035936
-0.0502477
-0.00152371
-0.0617138
-0.0598411
-0.000830691
-0.0575814
-0.0835007
-3994.81
-0.0640346
-0.0282321
-0.0553964
-0.0967929
-0.0655844
11142.9
0.00791667
-0.0618704
-0.0733548
-0.0460689
-0.0947099
-0.0657733
-0.0311948
-0.0938019
0.00484442
-0.0479007
-0.103575
-0.00932053
-0.0665686
-0.00286311
3058.28
-0.0621132
-0.0157507
-0.0150879
-0.00351539
-0.0386424
-0.0118125
0.013192
-0.0241301
0.00181245
-0.0204666
-0.0363649
0.0161168
0.0373195
-0.00619767
0.0408163
-0.0156566
0.0151569
0.0283299
-0.0151063
0.0357209
0.0105876
0.0265047
0.0496308
0.037358
0.0551106
0.00694648
0.0150253
0.043444
0.0275135
0.0561401
0.0552302
0.0113116
0.0543227
0.0694891
0.0465069
0.0816572
0.00160571
0.092874
0.086104
0.0458501
0.0819008
0.100261
0.0166778
0.0721276
0.0381905
0.0756616
0.11947
0.0534247
0.082257
0.0128491
0.0367011
0.0926983
-0.00782834
0.0325625
-0.0146418
0.0483857
0.0573916
0.00949869
0.0340931
-0.00770704
0.0293799
0.0284015
-0.0178151
-0.00284685
0.0530133
-0.00508627
0.0408256
-0.00113107
-0.0161768
0.0184857
-0.0306567
-0.00799395
-0.0243467
-0.00499548
0.00273679
-0.0267585
-0.0443025
-0.0228648
-0.0361204
-0.0344315
-0.0434764
-0.0406868
-0.0154661
-0.083465
-0.0562444
-0.0659784
-0.0765433
-0.0163844
-0.0461505
-0.0808211
-0.0777201
-0.100469
-0.0791504
-0.0702936
-0.0689787
-0.06938
-0.0855537
-0.0991717
-0.047207
-0.0547631
-0.0197365
-0.0288124
-0.0880585
-0.010402
-0.0567414
-0.0312473
-0.101541
-0.104136
-0.0277466
-0.0321848
-0.0178941
-0.0652466
-0.0898453
-0.000516794
0.0106776
0.00941152
-0.0112925
-0.0317237
0.0152387
0.00774477
-0.0423951
0.018423
-0.031449
0.0121705
0.0352737
0.00200999
0.0502684
0.0401773
0.0103243
0.0719906
0.059331
0.0701991
0.0760308
0.0145126
0.0682945
0.0836243
0.106178
0.0931303
0.00717341
0.058054
0.0992105
0.0439197
0.0826901
0.0788707
0.0686861
0.107631
0.0498897
0.100069
0.122082
0.0504743
0.0734532
0.0549432
0.0427202
0.10494
0.0212622
0.0551645
0.00993122
0.0734449
0.0937632
-0.0112193
0.0253041
-0.00836144
0.0565211
0.0871812
-0.0201007
-0.000571979
-0.0121573
-0.0392008
0.0642692
-0.0292002
-0.0450769
0.00670301
-0.0310039
-0.0237708
-0.0186166
-0.069829
-0.0502016
-0.0535563
-0.0469405
-0.00615172
-0.0383955
-0.0333551
-0.0264572
-0.027486
-0.0406145
-0.106489
-0.0953798
-0.0948197
-0.122074
-0.00674823
-0.117493
-0.132809
-0.081179
-0.126627
-0.109369
-0.0996482
-0.12281
-0.0441536
-0.118362
-0.142606
-0.0399692
-0.110124
-0.0535593
-0.0863423
-0.185329
-0.0395686
-0.0757107
0.00135537
-0.0970016
-0.110899
0.00221754
-0.027641
0.0525188
-0.0258578
-0.0573909
0.0545825
0.0272367
-429.981
0.0506875
-0.00695896
0.0358949
0.0866615
0.000571429
0.0670041
0.0812444
0.0510883
0.0987326
0.123325
0.109768
0.0914478
0.0284468
0.097686
0.142905
0.0915014
0.117867
0.0363498
0.134249
0.154112
0.0810208
0.126522
0.0116692
0.0771408
0.145718
0.0565011
0.104372
0.011893
0.0221093
0.0598595
0.0224083
0.0247993
0.10285
0.0031445
-0.00511689
-0.0307228
-0.0268274
0.0559071
-0.0617664
-0.00659574
-0.0292113
-0.00842513
0.0447342
-0.0233381
-0.0305669
-0.0114359
-0.0219792
-0.0453488
-0.0457689
-0.0919721
-0.0524234
-0.0893778
-0.103853
-0.0398282
-0.0720843
-0.0923617
-0.0863804
-0.0826275
-0.0157961
-0.0516109
-0.0729415
-0.0733379
-0.0631211
-0.0239067
-0.0364837
-0.108588
-0.0610788
-0.0610116
0.0121693
-0.036869
-0.0600144
-0.0125734
-0.0643203
0.0108497
-0.00724717
-0.0394346
-0.0319861
-0.00762749
-0.0195023
0.0116111
-0.0181737
-0.0325336
-0.0258037
-0.0563844
0.00902976
-0.00246744
0.00188821
0.009271
-0.0461875
0.0287209
-0.00610496
0.0149125
-0.00650416
-0.0269615
0.0354625
0.00562509
0.0148427
0.00756267
0.0262218
0.00965053
0.0140753
0.0269274
0.00508776
0.0421836
0.0385028
0.047995
0.0381216
0.0462043
0.0467867
0.0102668
0.0230971
0.0347858
0.0552408
0.0552823
-0.00501135
0.0373037
0.0660275
0.0362311
0.0414775
0.0266656
0.0432421
0.0875346
-137.842
0.0920054
0.0014685
0.0657712
0.0905885
0.0210832
0.0289587
-0.00386605
0.00498553
0.0260335
-0.0172877
-0.00241937
0.0464477
-0.0156621
0.0164667
-0.00618599
0.0173079
0.0416903
0.00342314
0.0413992
-0.0188161
0.00308426
0.0189102
-0.0136632
-0.00461308
-0.0329341
0.00787758
0.00856399
-0.0119585
-0.0135334
-0.00873547
-0.00613678
476.701
-0.0278014
0.00243569
-0.0153001
-0.0344293
-0.0406505
-0.0198373
-0.0719796
-0.0471637
-0.026558
-0.0593432
-0.00543773
-0.0322184
-0.016119
-0.0575221
-0.0237591
-0.00895344
-0.0401763
-0.0300041
-0.0250645
-0.0363802
-0.00219209
-0.0291801
-0.0792694
0.00382763
-0.0290338
-0.0096033
0.0224682
-0.0330868
-0.00669795
-0.00822135
-0.0361211
-0.0355774
0.0197081
-0.00345839
-0.0489953
-0.0601523
0.00421297
-0.0371654
-0.0230756
-0.0264519
-0.0490375
0.00956139
-0.0322878
0.0300068
-0.0220174
-0.0176095
0.00858234
0.0185065
0.0368295
0.0122167
0.0148342
0.0086695
0.049122
0.0128637
-0.00229307
7247.02
0.00190374
0.0158447
-0.0035737
0.0269722
-0.015377
0.00570981
0.0112763
18042
0.0672622
0.0612839
0.00384079
0.025086
0.047306
0.0250014
0.0449719
-0.0169953
-0.00287665
0.0541339
0.0117308
0.0316305
0.00849528
0.0446638
0.0651027
0.0450926
0.0519683
178082
0.0288258
0.00983045
0.0133124
0.0312922
0.0147814
0.0354558
0.0370349
0.0155222
0.00525058
0.0320298
-0.0022333
0.00265533
0.0173914
0.019398
0.00260364
-0.00911836
-0.00253098
-0.0185153
0.00549175
-0.00246114
-0.00806855
0.00786973
-0.00645905
0.000184716
-0.000396352
-0.00663775
-0.037755
-0.00584159
-9.37772e-05
-0.00372926
16390.1
-0.00199529
-0.0291669
-0.0396409
-0.035509
0.000134971
-0.0176532
-0.0354924
-0.0583243
-0.0617437
-0.00630644
-0.0360479
-0.0251118
-0.0116887
-0.0204191
0.0151054
-0.0259631
-0.0233455
-0.0028808
-0.0196123
-0.0173104
-0.0507675
-0.0727948
-0.0552852
-0.116178
-0.10787
-0.0170936
-0.0528742
-0.0155331
-0.0123141
-0.0691125
0.000868214
-0.0419571
6247.61
-0.0462066
-0.0440123
-0.0204478
-0.0287265
0.00781912
-0.0475992
-0.0657595
0.00525767
0.013536
0.044558
0.0140116
0.00139382
0.0237153
0.0182831
-0.0115997
-0.0205655
0.00500524
0.00790634
0.0294558
0.0362185
0.03835
0.041908
1.01625e-05
0.0331076
0.0399014
0.0398822
0.0532122
0.00197744
0.0370071
0.0468228
0.0409565
0.0505946
0.0118991
0.0330678
0.0556507
0.034325
-145.415
-0.00303628
0.0338099
0.0605962
0.014702
0.0394173
0.0479571
0.0314637
0.0379557
0.00750082
0.0562311
0.0716928
0.00440157
0.0337115
-0.0198339
-0.00421855
0.0416673
-0.0369526
-0.034044
0.00874307
-0.0204231
-0.0022609
-20497.1
-0.00853598
314.674
0.0389236
0.0369567
0.00728984
0.00165475
-0.0248273
-0.0571335
-0.0336287
-0.0394928
-0.071026
-0.0398697
-0.0449699
-0.0402548
0.00718907
-0.00587772
-0.0298108
-0.0261955
-0.038564
-0.00582781
-0.0315638
-0.0800428
-0.00923616
-0.0734817
-0.00877658
-0.0155798
-0.046865
-0.0108694
-0.0272258
0.0032176
-0.0350045
-0.0328697
-0.0257847
-0.0399609
-0.044361
-0.024342
-0.0427
-0.00755153
-0.0252189
-0.0455359
0.00536944
0.00695915
-0.0136483
-0.0147228
-0.043358
-0.0175157
-0.018519
-0.00609028
-0.0515454
-0.0286207
0.0298868
0.0208172
0.0307602
0.0150209
-0.00971856
0.0240982
0.0360996
0.0209078
0.0407171
0.00520436
0.000578103
0.025966
-0.00471938
0.0133058
0.0485969
0.00257014
0.00729359
0.0558417
-25412.2
0.049818
0.0143717
-0.009613
0.0386102
0.0162777
0.0234555
-0.00662053
0.0218945
0.0222838
0.0405955
0.0670099
-0.00264883
0.0463637
0.0978935
0.0461412
0.0618628
0.109158
-0.0269553
-0.00127986
-0.0219438
-0.00603786
0.0371381
-0.00942172
0.00979349
-0.0104426
0.0143092
0.00520522
0.00234979
-0.0203206
-0.0314605
-0.00809492
-0.0393382
-0.0218499
7871.91
0.00527217
-0.027165
0.021037
0.00356707
-0.00683457
-0.00613893
-0.00617938
-0.0239183
0.00064034
0.000603041
-0.0347525
-0.00653961
-0.0196285
0.00305197
0.0200943
-0.00910227
0.020838
0.000727543
-0.0063175
-0.00323057
0.00464149
-0.0137856
-0.0315466
0.0160375
-0.0239165
-0.0290398
0.00651793
0.0062408
0.00774941
-0.00711133
0.0174678
-0.0015668
0.00741488
-0.000838539
-0.0136965
0.0035077
-0.00893694
-0.0107658
0.0187405
-0.0357158
-0.028774
0.0101165
0.015426
2716.68
0.0113681
-0.0032494
-0.0194071
-0.0203282
0.0196455
-0.0373491
-0.0275562
0.0070767
-0.0158899
-0.0356879
1660.52
0.00571243
0.00100221
0.0182779
0.0342955
0.0128656
-0.00869567
-0.00303667
-0.0143643
0.00898964
-0.0354195
-0.0223309
-0.0575381
-0.0383471
-0.0201403
0.0193839
-0.0184815
-0.0131988
0.00572195
-0.025271
-0.00740594
-0.00689889
-0.0260339
0.00319685
0.0193544
-0.00441039
0.0025161
0.0139825
0.0296996
0.0432374
-0.00948711
0.00387822
-218.457
-0.0134704
0.00564187
-0.00647154
0.0194012
0.014994
0.0262794
0.0296199
0.0335451
0.0216689
0.0161665
0.0356951
-0.00215965
0.0175006
-0.0100345
-0.00897051
0.007761
0.00583716
0.0289109
0.0122074
0.0420293
0.0262839
0.0368537
0.0354927
-0.00326628
0.00471356
-10838
0.0345843
0.00910676
0.0101732
-0.00663642
0.0033435
0.0477332
0.00644599
-0.00891488
-0.00637209
-798.874
-0.0141593
0.00232921
0.00582647
-0.0663416
-0.0271076
0.00306348
-0.0202688
-40.2356
-0.0416759
-0.0431773
-0.00304645
-0.02185
-0.00564016
0.0195799
0.0104552
-0.00296369
-0.0177013
0.0281249
-0.0249575
-0.0286258
-0.00635672
-0.0640403
-0.0637419
-0.0257071
-0.0583199
-0.0055827
-0.0397184
-0.0686929
-0.00822087
-0.0380485
0.00290204
-0.0355166
-0.0717791
-0.00580526
-0.0109897
0.00552093
-0.00509278
-0.00738092
-0.0151457
0.000950956
0.00552049
-0.0245511
-0.0117693
0.00275832
-0.00164433
-0.0367788
-0.00288501
-0.0162171
-0.00816054
0.0560838
0.0247487
0.0380644
0.0200945
-0.0041842
0.0133698
-0.00607191
0.0182548
-0.025738
-0.00285077
-0.0214114
-0.0098901
0.0382998
0.0511131
0.00571965
0.0214569
0.0359559
0.0233795
0.0545065
394.754
0.00233365
0.0306557
0.0105908
0.0185939
0.0553905
-0.0212572
0.0350424
0.0169249
0.0419199
0.0569027
0.0128822
0.0200873
0.0116367
0.0258469
0.0106912
0.00879353
0.0193185
-0.000643562
-0.0204153
0.0170348
-43211.5
0.0354087
0.00223322
0.0309124
0.0255477
0.00716194
-0.0138005
0.00582573
-0.0185521
-19407.3
0.00171723
-0.0377123
-0.0389803
-0.0775636
-0.0406985
0.00439075
-0.0413711
-0.0404873
-0.0391661
-0.0467709
0.00248909
0.00512628
-0.0258157
0.00253878
0.000875205
0.00619345
-0.009925
-0.0140452
0.00830474
-0.0225533
0.00931659
-0.0321084
-0.00106551
0.00254888
-0.00901963
-0.0154711
0.0144395
0.0126958
-0.0104318
0.0132511
-0.00263612
-0.00263155
-0.0115888
0.00220306
-0.0139746
-0.0252532
-0.0119483
-0.00210693
-2464.61
-0.0203543
-0.0267112
0.0266206
0.0369083
0.021937
0.0493525
0.0147648
-0.0128354
0.0134618
0.0162676
0.0136221
-0.00310388
-0.00362276
0.00643039
0.00717198
0.0261222
0.0230029
0.00147534
0.0117416
0.0464003
-0.00328629
0.00730576
-0.0138738
0.0238788
0.0276569
-0.00480315
0.011239
-0.0194113
0.0140508
0.0148101
0.0276218
0.0321994
-0.0195464
0.0123956
0.0482189
0.0288687
0.0230567
0.0662729
0.0170242
-0.0174249
0.00945894
-0.0226308
0.00482507
-0.0109196
-0.0416707
-0.00899156
-0.0275925
-0.039041
0.00412966
-0.0156156
0.00270343
-0.00636666
-0.0424165
0.0144028
-0.0151384
-0.0210978
-0.0330528
-0.018336
0.017386
0.00302344
0.00648569
-0.0163325
-0.00644779
0.00167053
-0.00180385
-0.0163991
0.0032884
-0.0155319
0.0188627
0.00984175
-0.00493868
0.017314
-0.0188669
0.0216549
0.00458146
0.00222849
-0.0239717
-0.0267105
-0.00508482
-0.00189068
930.043
0.0161621
-0.00287116
0.00407885
0.011521
0.0307262
0.0139305
0.0412484
-0.0223972
0.0014834
-0.018002
-0.00795929
-0.0049457
0.000220283
-0.0129351
-0.0149746
0.00415302
-0.0535525
0.0325011
0.0074513
0.010717
-0.00208502
-0.0180084
-0.0217749
0.00826671
0.000184514
0.000628779
0.0118847
0.00779924
0.0108273
0.0278905
0.0291817
0.0134545
0.0149036
0.010486
-0.0230976
-0.018428
-0.0132706
-0.028355
-0.00357865
-0.0090308
-0.0336458
-0.0372069
-0.0606948
-0.00333405
0.00677964
-0.0378311
-0.0162173
-0.0167733
-0.00325382
0.00206044
-0.00771464
0.0127474
-0.0334383
0.00146663
0.0171128
0.0179771
-18187.1
0.00983058
-0.0201271
0.0071604
0.0270015
-0.0076053
0.0103753
-0.033038
0.017764
0.00706852
0.00814454
0.0119305
-0.0239839
0.00816195
0.00255127
0.0132481
0.0160595
-0.0136115
-0.0072017
0.0226097
0.0100797
0.0304081
0.0530267
0.012596
0.0335358
0.0312459
0.0295707
0.0237036
-0.00705172
0.0406636
0.0266264
0.0323049
0.0527672
-0.00991046
0.00606505
0.0366288
0.0231499
0.0322759
0.0177701
0.00245635
0.0484758
-0.0249561
919.122
-0.00242124
-0.0157549
0.02538
-0.00788333
0.0247625
-0.00966399
0.0345095
0.0599154
0.0139606
0.047144
0.0893892
0.0136875
0.0207189
-0.0051276
-0.020411
21262.9
-0.0293802
-0.00331456
-0.0581526
-0.028087
-0.0216861
-0.00188323
0.00771401
0.00216733
-0.0254258
-0.0437386
-0.00512651
0.0308739
0.00233517
0.00990015
-0.045596
-331.69
0.0360271
-0.0362262
-0.00962435
0.00772208
-0.000823393
-0.00125268
0.00657503
0.00323699
-0.0182635
-0.000559974
0.0425123
0.0118258
0.00447959
0.00391568
0.0167487
-6140.32
-0.013296
0.0209502
0.0167557
-0.0299868
0.0213643
0.0241698
0.0304036
0.0396763
-0.00649883
0.0621707
0.0159083
0.0171713
0.0316459
-0.00610142
0.03154
0.00129061
-0.00174438
0.018366
0.0372126
0.00237522
0.00695803
0.00167868
-0.0119306
0.0659241
0.0381759
0.00185159
-0.00309954
0.0125977
0.0144337
-118.025
-0.00295597
-0.0103648
0.0193689
0.0287282
0.0026999
0.0081143
0.000719681
0.0185668
-1847.88
0.0227131
0.00696736
0.0427526
0.0289213
0.069153
-0.0124104
-0.0297824
-0.0259466
-0.0563391
-0.0333956
-0.00284468
-0.03171
-0.0281858
-0.0224129
-0.0137682
0.0127903
-0.0154016
-0.0164457
-0.000149754
-0.00386571
0.0227141
-0.000437456
-0.0333831
-0.0173017
0.00591118
0.00788792
0.00109139
0.0166789
0.00232571
-0.00181098
0.0117112
-0.0154501
-0.0103043
-0.0231088
-0.021351
-298.252
0.0173517
-0.0137173
0.00711705
-0.0103633
0.00463899
-0.0201178
0.0153747
0.00555244
-0.00531994
0.0380552
-0.0127912
0.0265634
0.0133334
0.00725453
-0.0267969
0.020096
-0.00334257
-0.000499074
-0.00118784
-0.0261968
0.0130626
-0.0069753
0.0050564
0.00265427
0.0195694
3.39228e-05
-0.00262483
-0.00807801
-0.0246083
-0.00362153
0.00852062
-0.0172254
-0.025876
-0.00612997
-0.0175967
0.000428407
0.0087767
-1638.14
0.0167105
0.0307046
0.00191257
476.712
0.0404342
0.0163448
0.0396277
-3582.55
-0.0092311
-0.00935174
-0.0161302
-0.0288886
-0.0436986
0.00231614
-0.0424875
-0.0301538
-0.0306404
-0.0628018
0.013543
-0.0232176
0.0183038
-0.0159294
-0.0012985
-0.0168983
-0.0174175
-0.010383
-0.0436171
-0.0123497
0.000739953
0.0254001
-0.0108373
-0.0218511
-0.0185388
0.0137118
0.01223
-0.0158775
-0.0311617
-0.013853
-0.0200481
-0.00656852
0.00915852
-0.00402268
-0.00206396
0.00604793
0.00238998
-0.00479919
0.0183627
0.00509968
-0.0160144
0.0181599
-0.00258405
-0.00999517
0.019344
-0.0213002
-2358.4
0.0301322
-0.00298343
0.0165495
0.036629
-0.000507162
-0.00927969
0.00399546
0.0206641
0.0249598
0.014076
-0.00636947
-0.00308621
0.0127121
-0.00350001
-0.0180371
-0.00811394
-0.0297169
0.00673236
-0.00855458
0.00421257
-5594.79
-0.0048908
0.0121592
0.0220796
0.0210369
-0.00778126
-0.00519632
0.018689
0.0500763
-0.00744029
0.020981
-0.00465833
-0.000180254
-0.010028
-0.00111366
-0.0037737
-0.0376356
-0.0165361
-0.0659665
-0.00203468
-0.0055779
-0.0592531
-0.0125166
-0.0128942
0.0144293
-0.0017408
-0.0131101
6393.92
-0.0109382
-0.00247379
0.00297514
-0.0319152
0.00395392
-0.0227299
-0.0340206
-0.00501498
-0.0206304
0.0111198
-0.0122282
-0.0181523
-0.0164475
0.00191532
0.0062917
0.02018
0.00819311
-0.000482609
0.00161398
-1532.36
0.0250734
0.00571858
0.0276684
-0.0250899
0.00560718
0.0108474
0.00410671
-0.00423903
-0.0264352
-0.00439438
-0.0175522
0.0475733
-0.00397625
-0.0009377
0.000479481
-0.0156456
0.0167776
-0.0233462
-0.00433257
0.0107304
-0.000606478
0.0242313
0.00278654
0.0154682
0.00531336
0.0136494
2244.92
-0.00958326
-0.00878084
0.0187323
-0.00429912
0.00187654
0.00873794
-0.0033699
0.00445833
-0.00841948
0.0290044
0.000971778
-0.00462105
0.00955037
0.00931426
-0.0367751
-0.00816851
-0.0210384
-0.0327902
-0.00643971
-0.037868
0.0120444
-0.00643185
-0.00478753
0.00542475
-0.0532706
-0.0299231
-0.0137059
-0.00530564
-0.000637119
0.0140186
-0.0344904
0.00657299
-0.00709164
-0.0192777
-0.0221647
-0.0324678
-0.00198815
-0.0104717
-0.0319363
-0.0345975
-0.0177086
-0.0230008
0.00935828
0.0125879
-0.0206001
-0.0201341
-0.00602918
0.0478793
0.00953387
0.0230456
0.0148037
-0.0166122
0.0416232
0.0397908
0.0354256
0.0106201
-0.0247769
-0.0155147
0.017463
-0.00989546
-0.00129154
0.00654227
-0.00934502
-0.0248607
0.00480434
0.00803805
-0.0131275
0.0156026
-0.00627319
0.00986385
-0.0306103
0.014471
0.0110799
0.00671663
0.0106795
0.018318
0.0274796
-85.6327
0.00917527
-0.00696688
0.0198762
0.0136661
-0.00927676
0.0232151
0.00947389
0.0456008
-1942.21
-0.00982222
-8.01444e-05
0.038242
0.0140267
0.0412393
-0.00602819
0.000927095
-0.0182507
-0.0047541
0.0241495
-0.00361743
-0.0203649
-0.043894
-0.0275606
-0.0206597
-0.00438718
-0.0167324
-0.0236966
0.0184606
0.00527355
0.0175134
-0.0110609
-0.0286661
-0.00363181
-0.0183992
-0.00526482
-0.0243319
-0.00942399
-0.0224475
-15301.6
-0.057698
0.00861481
-0.0045946
-0.0180379
-0.00302314
-0.034428
-0.967995
-0.0021768
0.0156799
0.0293779
0.028732
-0.0018726
0.0190678
0.00499439
0.012733
0.00179491
-0.0127084
0.00737561
-0.00413486
0.0347463
0.00544968
0.00236564
-0.00393368
0.00329952
0.0263153
0.0151638
-0.0127361
-0.0139006
0.00910517
0.0104812
-0.00185032
-15.413
-16224.6
-0.0208716
0.0151187
0.0111163
-0.00103026
0.038691
0.04548
0.0127928
-0.00102324
0.00390945
0.0126954
0.0210894
0.0208971
0.0386331
0.012157
-0.00395129
0.0118292
0.0111708
0.00449599
0.00597539
0.00140143
-0.019509
-0.00526765
-0.0115503
0.00116398
19.7025
-0.0211464
0.00402208
-0.0539428
-0.0577416
-0.000703207
-0.00638311
0.0262322
-0.0537886
-0.0335627
-0.00108379
-0.0158984
-0.0120905
-0.0327235
-0.0599046
-0.0111535
0.0036043
0.0278877
-0.00855951
-0.0287164
0.00985217
0.0177559
0.0236437
-0.0035801
0.012489
-0.0395151
-0.0033647
0.0227005
0.00937442
0.00727754
-0.007744
0.0326853
0.0461724
0.0401458
0.035276
0.0264393
0.0252739
24.7334
0.0478949
0.0208865
0.00722034
0.00378138
0.0067369
-0.00385973
0.0113343
0.025215
-0.0238673
0.0273613
-0.0390284
0.00689743
0.0150632
-0.0301513
-0.0195586
0.0200661
0.00113372
-0.0126218
0.0157172
-0.0191795
0.0469946
0.0146842
0.002397
-0.00161025
0.0192022
-0.0169811
0.00988514
0.0308886
-0.00907862
-0.013159
0.00455205
0.00113548
0.0143393
0.0112402
0.000659222
0.00194592
-0.00060464
0.0311433
0.00891375
-0.007058
-0.00869741
-0.0515346
-0.039074
-0.0103499
-0.0334709
-0.0490196
-0.0326141
-0.0335426
0.0151156
-0.013316
-0.0125389
0.0208636
-0.00915357
0.0121581
0.0148006
-0.0228858
0.00190005
-0.0280752
-0.0239582
0.00504056
3.39958
-0.0172475
-0.00969076
-0.0266303
10350.1
0.000537454
-0.0104606
0.00590993
0.0232312
0.015625
0.00653433
-0.0120379
0.00805489
0.0285675
-0.00154676
0.0350601
0.0127068
0.0170757
426.216
-0.0104025
0.00356001
0.011074
0.0213156
0.000517783
-0.0123147
0.00850482
0.00686213
0.00974103
-0.0154616
0.00135261
0.00783843
-0.0280459
-0.0135986
-0.00276994
-0.0425554
0.0340581
0.00294667
-0.0319644
-0.0234486
-0.018198
0.040073
0.0172625
0.0365296
0.0190025
-0.000163312
0.0244966
0.0271835
0.0298641
0.00649626
-0.0322868
0.0154297
0.0123718
0.0193182
0.0254265
0.01419
0.0213065
-0.0135859
-0.0102306
-0.00881274
-0.0245143
0.021302
0.00777284
-0.0256536
-0.0368157
-0.0359816
-0.0021261
0.0123062
-0.00775661
-0.016787
-0.0217491
0.00957937
-0.0050644
0.00352319
0.00899776
-0.0764456
0.0155031
0.0142289
-0.0106235
0.0131584
-0.0072888
-0.00618449
-0.0213559
-0.0169513
-0.0208661
-0.015493
0.00323179
0.00265629
-0.0182557
0.0266754
-0.0152262
-0.0111375
0.0201969
-0.0127669
0.0226314
-0.00533078
0.0115094
0.0172886
0.0186173
0.00311742
-0.0394194
0.0151807
-0.0207735
0.00112902
-0.00458782
-0.0161704
0.0207819
0.00439618
-0.00969163
-0.00705915
-0.0198325
-0.02154
0.011864
-0.00783619
-0.00669461
-0.00555725
-0.00995729
-0.00358658
-0.0110054
0.0385415
0.0146692
0.0278952
0.00560266
0.0324158
-0.0013383
0.0441722
0.0295402
0.000114261
0.0124385
-0.014558
0.0203435
0.04948
-0.000948401
-0.0142293
0.0383999
-0.0116801
-0.00435308
0.00813695
-0.0068391
0.0135771
-0.00830908
0.0150853
0.0224973
-0.039202
-0.0376414
-0.00770706
-0.0309992
0.0081474
-0.000684484
-7519.24
-0.0200035
-0.0365422
828.392
0.00917349
0.00652998
-0.00673456
0.00479598
-0.0435013
-0.00044407
0.0080774
0.00416653
-0.0163282
-0.0286432
0.00401987
0.000673398
-0.0113365
0.0218298
-0.000991755
-0.00633733
-0.0119162
0.0286567
0.0390598
0.0373466
-0.0141788
0.0257495
-0.00457323
0.042906
0.0200363
0.0127732
0.0103006
-0.000576818
0.0268404
16701.2
-0.00675288
-0.0233945
0.016145
-0.00938312
801.073
0.00470569
0.0227833
0.00350067
0.0345731
0.0191491
-0.0172056
0.0012751
-0.0148604
-0.0184787
0.0118375
-0.000953626
0.0184065
-0.0060896
0.0425948
0.0366727
0.000839185
0.00581138
0.044988
0.00362257
0.0421727
0.0156746
-0.0327447
0.0180532
-0.0145984
10.0217
0.0158263
0.00764373
0.0189016
-0.0162081
0.0247588
0.0410544
-0.0101019
-0.0243393
-0.0316792
-0.0232666
0.0165518
0.00640177
0.014248
-0.0109386
-0.0265162
-0.0172768
0.0187493
-0.00435371
0.00395015
-0.00996079
-0.0349654
0.00589061
0.00838872
0.0259395
0.00800266
0.0141793
0.00755075
-0.00619146
-0.01486
-0.0151806
-0.0162679
119.058
0.0048118
0.0077952
-0.00463415
0.0155746
-0.00218598
0.0330254
0.0263835
0.0300042
0.0022344
0.00825841
0.0249195
0.0118815
0.0139415
0.0160273
-0.00102852
-0.00375747
-0.0244797
-0.0259348
0.00538132
0.0316618
0.0191188
-0.0312241
0.00155458
-0.012199
0.00255166
0.0225125
0.000979482
-0.0247891
-0.00816815
-0.000167967
-0.0135015
0.0146812
0.00682559
0.000753466
0.00876192
2.94218e-06
-0.00381115
0.0170727
0.0311998
0.010379
0.0211513
-0.00667443
0.00950884
-0.00748627
-2358.38
0.00277461
-0.0112772
0.0345487
0.0265833
0.0224974
0.019239
-0.0192444
0.00485344
-0.0259355
0.0158675
-0.0140706
-0.00622605
-0.0306195
0.00172362
-0.0209282
0.023468
-0.016479
-0.0198434
0.000711117
-0.021579
0.051821
-0.0169133
-0.0085553
-0.0114238
-0.0203597
-0.00193551
0.0120849
0.000936469
0.0331909
-0.0216055
0.0168419
-0.0251487
-0.0132377
-0.0239714
-0.0076535
-0.000313893
-0.00544645
-0.000697932
0.0114493
0.00863514
0.0152101
-0.015475
-196.249
0.00596562
0.000148014
0.00545222
-0.00502558
-0.0204068
-0.0196443
0.00859193
0.0166656
-0.0047635
-0.0131659
-0.0037884
-0.00486628
-0.00417469
0.0270199
0.00572862
-0.00886176
-0.0169847
0.0229859
-0.0355261
-0.0180218
-0.0221035
-0.0211857
-0.0369511
0.0104614
0.0211301
-0.0182924
0.0243677
-0.0268207
0.0266816
0.00688998
0.00281322
0.00946065
-28.4631
-0.0497908
-0.00311375
0.00681023
-0.00108638
-0.00422572
0.0336904
-0.0119428
-0.0167457
0.00660227
0.00705301
-0.00548593
-0.0153085
-7.69585e-05
0.0101525
0.0197645
0.03283
-0.0029564
0.00500774
0.00271211
0.0150007
-2055.22
0.00588424
-0.0175059
0.00764901
-0.00801401
-0.0521321
-0.00910185
-0.0168766
1523.97
0.0140751
-0.0263939
8.00154e-05
-0.0173629
-0.0324854
0.000914878
-0.0214962
-0.0163122
0.0146846
0.0050736
-0.0334117
-0.000990969
-0.0191155
0.00989589
-0.00357711
0.0103185
-0.0113162
-0.0040395
-0.00307006
-0.00279705
0.0100704
0.0211063
0.00517483
-0.00257175
-0.0100554
-0.00513224
0.00244436
0.0154109
-0.00035228
0.00427276
0.0134237
0.00784256
-0.00183443
0.011089
-0.0212995
-0.0214283
-0.0124539
-0.0155233
-0.0137253
0.0134915
-0.0105388
0.00607665
0.00971898
-0.00730114
-0.000304722
-0.00347739
0.0378455
-0.0128449
-0.0106374
0.000731834
0.00872559
0.019905
0.00661303
-0.0152359
0.000517285
-1547.22
0.0417997
0.00975128
-0.011346
-0.000689448
0.0137964
-2735.46
0.00237578
0.00718296
-0.00108222
-0.0179637
-0.00837512
0.0183703
-0.0171037
0.00797323
-0.0294696
0.0208957
-0.0166674
0.000592171
0.000265868
-364.361
-8.00398e-05
0.00779419
0.00628316
1.09891
-0.0395662
0.0155538
0.0336634
5.85927
0.0162757
0.00220404
-0.00145647
0.0030861
-0.00139925
0.00436139
-0.0201721
0.019998
-29.049
-0.000186096
-0.0163544
0.00304098
0.0269099
0.0282993
0.0152989
-0.010388
-0.0157754
0.0362598
0.0257583
-338.284
-0.00759149
