-0.272556
0.913823
0.534333
0.228063
-0.835907
-0.701553
-0.925682
0.736039
0.10917
0.343207
-1.01809
0.890699
0.774786
-0.607824
-0.741723
-0.768687
-0.565999
0.0629684
-0.204759
-0.411303
0.233402
-0.826831
-0.414686
-0.278851
-0.0703557
0.571217
-0.68364
-0.00442277
0.143601
-0.946064
0.16442
-0.688657
-0.898525
1.02447
1.08605
0.636238
-0.508101
-0.912661
0.371216
-0.164622
-0.814252
0.0275432
-1.01326
0.943986
-0.52619
0.372497
-0.361593
0.134564
0.26069
-0.656934
1.10709
0.682542
0.850434
0.696657
0.217726
0.935853
-0.956894
-0.71314
-1.03673
-0.447802
-0.274838
-0.463291
0.765949
-0.324457
-0.596639
-0.000356331
-0.741246
0.731839
-0.877359
1.03722
0.472523
-0.694315
-1.00207
0.627705
0.398015
0.481572
0.518669
-0.92049
-0.362138
-0.76555
0.675171
0.229811
-0.510736
-0.894294
-0.393615
-0.223742
0.496142
0.337091
0.862491
-0.0931926
-0.729368
0.465826
0.58814
0.106292
0.539006
-0.0719535
0.0329379
-0.275035
-1.04078
-0.877627
-0.943388
0.393778
-0.492264
0.128624
0.894785
-0.486168
-0.22221
0.55051
-0.530085
-0.853485
-0.326612
-0.412234
1.14835
0.706266
0.31876
0.811765
0.447191
-0.744197
0.85498
0.00433253
0.582141
0.693798
-0.622334
-0.879442
-0.458778
-0.0241933
0.752333
0.649738
-1.05731
-0.0348464
-0.350747
-0.601167
-0.689386
-0.0693247
1.02235
-0.412581
0.0520164
0.458361
-0.322186
1.04749
0.801878
-0.752681
-0.0851672
-0.607703
-0.632613
-0.924358
0.297845
-0.0124983
-0.920998
-0.340227
0.903333
-0.553675
-0.688695
0.124122
1.10881
-0.570621
0.476343
0.59665
-0.456697
0.517297
-0.326193
0.233243
0.12818
-0.0571742
-0.887095
0.598094
-0.437438
-0.645196
-0.89951
0.241396
0.303224
-0.977407
0.201935
-0.386062
0.439031
-0.582907
0.531809
-0.0932938
0.871765
-0.710125
-0.255684
-0.585129
0.987713
0.744407
-0.407617
0.445668
0.580659
-0.0285605
0.0593961
-0.627599
-0.572454
1.02671
0.926268
0.12955
-0.414416
-0.134246
0.577302
0.865601
0.760575
0.365072
0.0896845
-1.09257
-0.627811
0.747051
-0.061449
-1.1736
-0.781418
0.392736
-1.05841
-0.505593
0.300334
0.419629
0.278642
-0.559453
0.547218
-0.531669
-0.0867816
0.617617
0.307271
0.736753
0.255321
-0.102105
-0.953732
-0.258062
-0.247912
-0.228545
1.04355
-0.0486073
0.798007
0.239853
0.564907
-0.131557
0.0504676
-0.0980206
-0.536963
0.513848
-0.478888
-0.770691
0.507074
-0.365921
1.18449
0.918065
0.635581
-0.417247
-0.916114
0.936935
-0.00153304
0.929875
0.773227
0.272883
-0.555851
-0.236147
0.630503
-0.570239
-0.673817
0.106953
