-0.00660588
0.00529554
0.0344547
0.0796004
0.138896
0.209155
0.286447
0.368913
0.455203
0.542705
0.627599
0.707314
0.781677
0.850731
0.91407
0.972825
1.03039
1.0912
1.15756
1.23143
1.31685
1.41812
1.53732
1.67535
1.83521
2.01954
2.22524
2.44267
2.66132
2.87508
3.07899
3.26522
3.42341
3.54618
3.63176
3.6788
3.68681
3.65549
3.58908
3.49095
3.36399
3.21378
3.04578
2.86522
2.67464
2.47841
2.28284
2.09358
1.91274
1.74031
1.57769
1.42748
1.29024
1.16466
1.05046
0.948173
0.858337
0.780107
0.714637
0.663923
0.62995
0.610677
0.604321
0.609975
0.625559
0.64829
0.674656
0.701989
0.725208
0.737609
0.733694
0.711114
0.669391
0.607326
0.524547
0.4251
0.3144
0.196829
0.0763808
-0.0397333
-0.145369
-0.235178
-0.305486
-0.349728
-0.364844
-0.350078
-0.307925
-0.239073
-0.140097
-0.015169
0.129582
0.290247
0.469031
0.669043
0.88447
1.11289
1.36082
1.63613
1.93309
2.23646
2.53543
2.82897
3.11253
3.3753
3.60293
3.79095
3.9398
4.04446
4.10351
4.11846
4.09518
4.03089
3.92878
3.79282
3.63355
3.45657
3.25938
3.0448
2.82141
2.59829
2.37613
2.15502
1.93765
1.72895
1.52936
1.33753
1.15594
0.989657
0.838855
0.700572
0.578368
0.47747
0.402035
0.348579
0.314561
0.301337
0.311816
0.343278
0.389801
0.449431
0.518327
0.591845
0.663199
0.728221
0.784329
0.827954
0.854555
0.862927
0.854085
0.829188
0.786214
0.725968
0.653351
0.572912
0.48669
0.396804
0.307761
0.225853
0.152256
0.0880025
0.0361299
-0.000148037
-0.0201538
-0.0255742
-0.0164372
0.00728974
0.0463844
0.0947985
0.149726
0.210291
0.275967
0.34676
0.42228
0.502206
0.586333
0.675287
0.773602
0.881043
0.99566
1.11678
1.2477
1.39241
1.54968
1.71853
1.90462
2.11806
2.35829
2.61268
2.86738
3.11903
3.36539
3.59701
3.7952
3.95298
4.06271
4.12766
4.14532
4.11177
4.03528
3.91739
3.76297
3.57197
3.3569
3.12238
2.87399
2.61397
2.34895
2.09042
1.84194
1.60141
1.36908
1.14982
0.946973
0.76037
0.587342
0.434506
0.302604
0.191843
0.0992318
0.0342783
0.000217831
-0.00196338
0.0249112
0.0754644
0.154772
0.256827
0.374845
0.500498
0.632585
0.765159
0.888337
0.993105
1.07755
1.13748
1.16805
1.16437
1.13089
1.07006
0.983374
0.871055
0.740791
0.603671
0.46509
0.32721
0.198242
0.0858527
-0.00366944
-0.072383
-0.113665
-0.119792
-0.0978697
-0.0509101
0.0136895
0.100278
0.203773
0.31779
0.433246
0.554767
0.68368
0.820448
0.961065
1.11048
1.27875
1.46393
1.66294
1.88076
2.13326
2.42337
2.73493
3.04859
3.36085
3.66694
3.95775
4.20764
4.41069
4.55633
4.65096
4.67434
4.6292
4.53051
4.37515
4.17525
3.9289
3.65763
3.36657
3.06402
2.74758
2.43095
2.12833
1.84404
1.57516
1.32258
1.08786
0.875235
0.680119
0.507078
0.357418
0.226956
0.117337
0.0251256
-0.0379037
-0.0730937
-0.07806
-0.0611103
-0.0155158
0.0620526
0.160874
0.275825
0.39856
0.528138
0.656377
0.773243
0.872106
0.947499
0.99176
1.00184
0.973058
0.912541
0.820953
0.700216
0.550815
0.383363
0.207533
0.0302154
-0.146005
-0.308767
-0.452941
-0.568878
-0.659761
-0.714298
-0.7338
-0.713612
-0.65839
-0.57906
-0.466284
-0.329341
-0.17246
-0.00727311
0.173584
0.369444
0.580423
0.797913
1.02915
1.27746
1.53893
1.81256
2.10346
2.42222
2.7681
3.124
3.47874
3.82004
4.14238
4.43698
4.67219
4.84987
4.95584
4.99826
4.95562
4.84753
4.66658
4.42142
4.13219
3.80356
3.45965
3.10267
2.74131
2.37837
2.0295
1.70799
1.41537
1.1443
0.900749
0.685239
0.503556
0.347492
0.221992
0.120046
0.0462613
-0.00161215
-0.0305028
-0.0315495
-0.00935584
0.0387721
0.102649
0.187017
0.287694
0.402371
0.522002
0.640723
0.752751
0.85047
0.924901
0.973871
0.988589
0.966926
0.90227
0.797437
0.66417
0.500517
0.30753
0.0929923
-0.128759
-0.345071
-0.554181
-0.742969
-0.902255
-1.03143
-1.11512
-1.16241
-1.16148
-1.12006
-1.03166
-0.914247
-0.758502
-0.557631
-0.335756
-0.0971276
0.155648
0.434795
0.727719
1.02558
1.32469
1.63488
1.95549
2.28067
2.60983
2.95882
3.33283
3.72139
4.09587
4.45851
4.80035
5.11486
5.35403
5.51639
5.61123
5.61039
5.53382
5.37262
5.15036
4.85583
4.51721
4.13469
3.72474
3.3157
2.9076
2.50376
2.11724
1.7641
1.44935
1.16309
0.912247
0.697928
0.51823
0.378869
0.264644
0.182015
0.124846
0.0969021
0.0852767
0.100989
0.150341
0.216038
0.289896
0.369001
0.461507
0.559789
0.652472
0.731244
0.791499
0.830281
0.843917
0.82354
0.77247
0.685577
0.56237
0.404355
0.224818
0.0278529
-0.185391
-0.412913
-0.637968
-0.848572
-1.02731
-1.18481
-1.30904
-1.39564
-1.42266
-1.40156
-1.34213
-1.22556
-1.07521
-0.891457
-0.681509
-0.430552
-0.158597
0.130108
0.440184
0.766837
1.11095
1.46096
1.81053
2.16098
2.51487
2.87041
3.22104
3.58096
3.95341
4.32033
4.67842
5.01325
5.32717
5.58018
5.77526
5.88773
5.92732
5.85747
5.70086
5.4668
5.13865
4.76304
4.34463
3.8985
3.42828
2.96474
2.51499
2.08739
1.69076
1.341
1.03847
0.788611
0.574204
0.403845
0.275341
0.195306
0.141079
0.106608
0.10424
0.118354
0.146125
0.183916
0.241391
0.308636
0.381138
0.456305
0.530237
0.597529
0.648114
0.672318
0.673992
0.650988
0.597519
0.500426
0.363916
0.196048
-0.000182365
-0.220012
-0.458485
-0.708537
-0.951958
-1.18612
-1.39711
-1.56043
-1.6913
-1.78047
-1.82789
-1.8029
-1.73184
-1.6154
-1.46589
-1.26365
-1.02614
-0.765411
-0.473782
-0.171144
0.147126
0.481875
0.840693
1.21047
1.58499
1.96101
2.34089
2.72291
3.10134
3.46269
3.82508
4.19873
4.58656
4.95086
5.28418
5.58836
5.82488
6.01048
6.11497
6.13433
6.02799
5.84151
5.56913
5.22633
4.79349
4.31429
3.81043
3.29235
2.79134
2.31854
1.87809
1.48653
1.14761
0.873234
0.669353
0.508225
0.390018
0.311306
0.282318
0.275467
0.285884
0.309433
0.353575
0.404587
0.457722
0.516511
0.57365
0.623211
0.660811
0.684729
0.694899
0.679462
0.623476
0.532517
0.411232
0.262938
0.0802598
-0.134471
-0.374505
-0.629393
-0.882175
-1.12773
-1.36267
-1.56406
-1.74392
-1.8882
-1.99208
-2.0241
-2.01452
-1.96092
-1.83789
-1.67214
-1.46502
-1.2336
-0.966936
-0.686126
-0.389387
-0.0847422
0.233177
0.556041
0.885396
1.22607
1.57161
1.91893
2.26659
2.6102
2.95329
3.29514
3.63021
3.97846
4.34545
4.7334
5.10628
5.46428
5.78692
6.07043
6.25733
6.3544
6.35602
6.21117
5.97398
5.64559
5.24278
4.7506
4.22414
3.68396
3.15483
2.65496
2.20072
1.7964
1.45978
1.18332
0.973541
0.820037
0.722089
0.650122
0.604818
0.594447
0.597346
0.603548
0.606786
0.615409
0.627153
0.641238
0.655098
0.669223
0.67903
0.679306
0.660563
0.620929
0.551865
0.444174
0.285418
0.0871453
-0.143635
-0.403586
-0.692168
-0.999334
-1.30796
-1.57949
-1.82357
-2.03148
-2.19981
-2.29027
-2.31633
-2.28655
-2.17096
-2.01232
-1.81344
-1.58632
-1.31821
-1.03734
-0.753074
-0.463833
-0.184451
0.0913155
0.36379
0.636041
0.907071
1.18683
1.47915
1.78065
2.08474
2.39536
2.71321
3.03766
3.36081
3.69052
4.03184
4.40733
4.80196
5.17306
5.52537
5.84645
6.12939
6.29608
6.37198
6.33704
6.20106
5.93363
5.57692
5.15076
4.63518
4.09019
3.54437
3.02875
2.56158
2.14191
1.7729
1.46444
1.24795
1.09893
0.992916
0.922642
0.870813
0.838792
0.817513
0.800364
0.770578
0.730813
0.690536
0.653712
0.619806
0.582058
0.534017
0.474964
0.407311
0.327909
0.219545
0.0708788
-0.118515
-0.337689
-0.577277
-0.836938
-1.11962
-1.40798
-1.69076
-1.94407
-2.12857
-2.27422
-2.3762
-2.43326
-2.41058
-2.33258
-2.2044
-2.0449
-1.82783
-1.58504
-1.32228
-1.04046
-0.768048
-0.509921
-0.264953
-0.0189821
0.21922
0.451122
0.685588
0.928528
1.18601
1.4573
1.74363
2.04377
2.36086
2.69389
3.03302
3.37752
3.74033
4.12542
4.55301
4.99945
5.43413
5.81087
6.14979
6.43339
6.56091
6.56585
6.43178
6.18907
5.82516
5.38177
4.85403
4.26936
3.65549
3.08306
2.57271
2.13419
1.75859
1.4598
1.24918
1.15262
1.11638
1.10907
1.10931
1.12287
1.14502
1.15932
1.13822
1.07566
0.989581
0.902779
0.816792
0.718954
0.600103
0.467283
0.334414
0.20039
0.048671
-0.140018
-0.369146
-0.626461
-0.896836
-1.16083
-1.43359
-1.71668
-1.9765
-2.19881
-2.36223
-2.47482
-2.50305
-2.49234
-2.42747
-2.28845
-2.10964
-1.90885
-1.70413
-1.46949
-1.2264
-0.975968
-0.735584
-0.514249
-0.315852
-0.124952
0.0823081
0.294273
0.505297
0.720563
0.962141
1.23323
1.52396
1.82131
2.12235
2.43842
2.77463
3.12324
3.48802
3.88626
4.33892
4.81852
5.31049
5.78517
6.19004
6.5352
6.78846
6.92237
6.81949
6.57032
6.18829
5.67587
5.09088
4.45258
3.80045
3.18218
2.64701
2.21372
1.87716
1.64651
1.50972
1.45795
1.49074
1.54693
1.5972
1.62791
1.63454
1.61489
1.55854
1.4611
1.32035
1.16437
1.00679
0.846888
0.679061
0.500476
0.314492
0.123336
-0.0825601
-0.317413
-0.588048
-0.889292
-1.20339
-1.51621
-1.78878
-2.04256
-2.26233
-2.43355
-2.51901
-2.53731
-2.50461
-2.38854
-2.24368
-2.07098
-1.88419
-1.68951
-1.5116
-1.34922
-1.18056
-1.02002
-0.869415
-0.731156
-0.591164
-0.444497
-0.281638
-0.10055
0.126075
0.387071
0.683137
1.01008
1.34689
1.68502
2.02484
2.36883
2.71934
3.07356
3.43198
3.81786
4.25596
4.76394
5.29071
5.8222
6.30601
6.71708
6.99821
7.14287
7.1197
6.80087
6.32052
5.72403
5.05759
4.32746
3.58373
2.88885
2.34548
1.95816
1.71447
1.58555
1.57688
1.66397
1.82005
1.99334
2.12386
2.18637
2.18185
2.10608
1.9696
1.76941
1.51853
1.2422
0.987967
0.768285
0.567059
0.365539
0.160459
-0.0393164
-0.234507
-0.460735
-0.740644
-1.06943
-1.41232
-1.74802
-2.05946
-2.29314
-2.47814
-2.58977
-2.61819
-2.54614
-2.41845
-2.25642
-2.07673
-1.85294
-1.63297
-1.44234
-1.29449
-1.1874
-1.10047
-1.02424
-0.943564
-0.872166
-0.794829
-0.688396
-0.55379
-0.387597
-0.1908
0.0628305
0.34667
0.662497
1.00478
1.35905
1.69921
2.02561
2.36593
2.74236
3.14075
3.54418
3.97404
4.48783
5.09402
5.67417
6.19266
6.62057
6.97364
7.1838
7.21287
7.00122
6.5847
5.95344
5.25893
4.52613
3.77826
3.08834
2.53553
2.16239
2.01084
1.98748
2.05561
2.20118
2.39792
2.60414
2.75167
2.74982
2.63528
2.45134
2.22822
1.94623
1.60577
1.24811
0.947126
0.722724
0.541371
0.357465
0.164596
-0.0246967
-0.214099
-0.433805
-0.723627
-1.07612
-1.45197
-1.79699
-2.10117
-2.35699
-2.5587
-2.616
-2.57116
-2.42954
-2.22591
-2.02391
-1.83894
-1.66758
-1.50258
-1.39199
-1.35391
-1.36566
-1.37237
-1.35318
-1.32087
-1.25472
-1.1642
-1.01717
-0.815414
-0.579211
-0.341913
-0.0931206
0.204187
0.52641
0.85265
1.16713
1.47787
1.80203
2.15516
2.54019
2.94965
3.38325
3.85984
4.40291
5.02185
5.66997
6.27941
6.70414
7.0185
7.1996
7.16264
6.90279
6.42739
5.82131
5.11101
4.40462
3.7224
3.11698
2.67653
2.43483
2.36524
2.44617
2.59179
2.78137
2.98647
3.14893
3.21969
3.16611
2.95574
2.67443
2.35313
2.00583
1.6367
1.278
0.975172
0.749594
0.58268
0.406514
0.196409
-0.033912
-0.27953
-0.567531
-0.929066
-1.32778
-1.72126
-2.05663
-2.30283
-2.48125
-2.57922
-2.58241
-2.43164
-2.22765
-2.01875
-1.84657
-1.72198
-1.64527
-1.61023
-1.60708
-1.64843
-1.70499
-1.72857
-1.67457
-1.56866
-1.44091
-1.29879
-1.08348
-0.830718
-0.583662
-0.37461
-0.191201
0.0161812
0.266097
0.55666
0.848944
1.16888
1.55771
2.01265
2.50304
3.00178
3.49078
3.99695
4.52344
5.06361
5.58042
6.06052
6.48669
6.73841
6.88639
6.88057
6.69355
6.30868
5.81663
5.26629
4.64428
4.01797
3.44576
3.0072
2.75271
2.64231
2.63288
2.70834
2.87791
3.08598
3.26142
3.33121
3.294
3.16597
2.96256
2.64114
2.25301
1.83009
1.42244
1.06647
0.765668
0.497709
0.253608
0.0119915
-0.225505
-0.473931
-0.760561
-1.1031
-1.48147
-1.8109
-2.09888
-2.33833
-2.52429
-2.60972
-2.58812
-2.4702
-2.26201
-2.06537
-1.89773
-1.76809
-1.69065
-1.68606
-1.75075
-1.85623
-1.92772
-1.96026
-1.93689
-1.84973
-1.71892
-1.54533
-1.33151
-1.0619
-0.8086
-0.595401
-0.405439
-0.185859
0.0792043
0.368913
0.687685
1.0391
1.4574
1.93246
2.41849
2.89072
3.36495
3.82452
4.27326
4.68634
5.08741
5.50337
5.94681
6.35939
6.68756
6.79629
6.78069
6.62757
6.29128
5.81503
5.24713
4.65266
4.07466
3.57987
3.20295
2.97521
2.89445
2.95277
3.11571
3.31736
3.48969
3.59341
3.61279
3.51408
3.28962
2.94998
2.50656
2.05431
1.62197
1.21951
0.866996
0.580284
0.358896
0.184348
-0.0103307
-0.248729
-0.53547
-0.863527
-1.23005
-1.6182
-2.0039
-2.29142
-2.49433
-2.59693
-2.57688
-2.47334
-2.31155
-2.12652
-1.92505
-1.77898
-1.72271
-1.75711
-1.85745
-1.98129
-2.10359
-2.15195
-2.13852
-2.03785
-1.85135
-1.60474
-1.34584
-1.09467
-0.839876
-0.618633
-0.443534
-0.295515
-0.122723
0.10679
0.397473
0.741662
1.1711
1.66442
2.19522
2.71854
3.21356
3.69115
4.152
4.52553
4.85659
5.17311
5.51569
5.87887
6.20778
6.4558
6.52847
6.52834
6.4024
6.11791
5.66138
5.13721
4.61229
4.10511
3.64911
3.28109
3.06392
3.02996
3.13478
3.30407
3.46446
3.59751
3.68154
3.68058
3.52508
3.21962
2.80384
2.35313
1.89195
1.44316
1.01602
0.657524
0.396923
0.214111
0.0384274
-0.172523
-0.427058
-0.712139
-1.02349
-1.39118
-1.79376
-2.18607
-2.43464
-2.57504
-2.62587
-2.59504
-2.48344
-2.30503
-2.10912
-1.93076
-1.8373
-1.83871
-1.89892
-1.99293
-2.10504
-2.2296
-2.27061
-2.22183
-2.07615
-1.86314
-1.63122
-1.39741
-1.16143
-0.925393
-0.713199
-0.56161
-0.419089
-0.214675
0.0820799
0.444451
0.846019
1.30091
1.80473
2.33053
2.82604
3.24197
3.60276
3.93603
4.21928
4.50525
4.80064
5.16187
5.57667
6.03242
6.43308
6.62047
6.67987
6.56105
6.27841
5.79709
5.21186
4.58312
4.00189
3.54041
3.2347
3.10161
3.14841
3.32856
3.57511
3.81531
3.92482
3.90273
3.7479
3.44239
3.03066
2.53752
2.03222
1.57893
1.21124
0.921572
0.695449
0.520736
0.379027
0.223471
-0.0105152
-0.34829
-0.772493
-1.22354
-1.66674
-2.08027
-2.45676
-2.65743
-2.70977
-2.64191
-2.48665
-2.30527
-2.11926
-1.95974
-1.85438
-1.85048
-1.96246
-2.1334
-2.30234
-2.42148
-2.49352
-2.48967
-2.32661
-2.07389
-1.74839
-1.42417
-1.14421
-0.928054
-0.757228
-0.619754
-0.521257
-0.410864
-0.232559
0.0806263
0.496095
0.981911
1.50399
2.04097
2.56042
3.0248
3.38331
3.67746
3.93806
4.20828
4.46602
4.76255
5.16285
5.64883
6.19559
6.67248
7.04297
7.11509
6.98088
6.6643
6.1189
5.46064
4.76274
4.14255
3.68754
3.41229
3.31803
3.41179
3.66189
3.97811
4.26149
4.35366
4.27861
4.07164
3.72157
3.25163
2.7033
2.16591
1.71588
1.36573
1.08722
0.870144
0.698805
0.542204
0.341556
0.0481274
-0.349742
-0.821971
-1.30689
-1.76774
-2.15505
-2.46789
-2.65498
-2.63239
-2.52207
-2.34068
-2.16394
-2.01947
-1.93927
-1.93276
-2.01584
-2.1913
-2.38521
-2.55216
-2.61867
-2.61424
-2.50988
-2.25641
-1.95277
-1.63002
-1.35746
-1.14868
-1.01835
-0.944148
-0.881237
-0.813734
-0.676335
-0.446265
-0.0659757
0.426983
1.00356
1.58929
2.12665
2.59165
2.98687
3.26031
3.44974
3.59159
3.76747
3.99588
4.29696
4.71373
5.25911
5.91276
6.53379
7.05734
7.25423
7.20776
6.95819
6.44826
5.78492
5.07529
4.44604
3.96333
3.65649
3.54569
3.64558
3.88814
4.16489
4.40169
4.52673
4.43671
4.20557
3.8239
3.35857
2.85708
2.38378
1.97336
1.66972
1.4313
1.23708
1.05756
0.870673
0.632261
0.293542
-0.145767
-0.64156
-1.11733
-1.56906
-1.93604
-2.22911
-2.38176
-2.34654
-2.27757
-2.18548
-2.1219
-2.07106
-2.08138
-2.15474
-2.26163
-2.4032
-2.49947
-2.54249
-2.47082
-2.34301
-2.14286
-1.91968
-1.6517
-1.42121
-1.28292
-1.22301
-1.21488
-1.20012
-1.18534
-1.06963
-0.833459
-0.457792
0.0803246
0.685423
1.3088
1.90548
2.39948
2.76152
3.00989
3.16542
3.3079
3.46781
3.67529
3.95629
4.348
4.88099
5.50302
6.17003
6.76157
7.25521
7.51133
7.36415
7.0118
6.43513
5.76892
5.10282
4.55091
4.15981
3.99114
3.99594
4.16467
4.42584
4.66674
4.82724
4.84282
4.65496
4.36441
3.95189
3.49755
3.04658
2.66035
2.33416
2.05925
1.80253
1.55329
1.28504
0.973444
0.604252
0.180432
-0.251405
-0.693415
-1.07424
-1.40667
-1.63363
-1.81255
-1.90497
-1.9671
-1.96657
-1.97492
-2.0312
-2.09155
-2.17952
-2.26736
-2.38338
-2.4393
-2.4391
-2.40508
-2.30047
-2.18903
-2.05116
-1.92628
-1.77014
-1.62758
-1.53335
-1.45967
-1.39279
-1.27314
-1.12355
-0.871031
-0.5411
-0.13399
0.37118
0.919797
1.45351
1.92739
2.28247
2.53786
2.7402
2.90867
3.09407
3.31849
3.61604
4.01521
4.49886
5.04737
5.57974
6.11566
6.60783
7.07044
7.33296
7.23805
7.01699
6.66121
6.27011
5.77731
5.28171
4.85882
4.60322
4.47182
4.40408
4.37746
4.39971
4.47622
4.52156
4.42615
4.24689
3.99403
3.73875
3.44428
3.11474
2.72642
2.33978
1.97681
1.63579
1.26524
0.864
0.464545
0.118706
-0.214063
-0.549634
-0.893065
-1.21565
-1.43148
-1.61749
-1.78292
-1.97283
-2.08086
-2.13098
-2.19446
-2.27194
-2.38779
-2.47081
-2.53501
-2.50802
-2.45142
-2.40567
-2.31079
-2.17955
-2.00954
-1.88095
-1.77455
-1.68228
-1.59392
-1.49131
-1.41854
-1.33273
-1.21326
-0.987137
-0.646423
-0.280176
0.139703
0.615968
1.12989
1.61586
2.01428
2.28706
2.51741
2.71104
2.90864
3.12175
3.38261
3.70693
4.08685
4.53389
4.97454
5.42274
5.8303
6.27297
6.64929
6.78599
6.80295
6.63502
6.41474
6.05925
5.64484
5.17423
4.78018
4.50067
4.32318
4.20585
4.14771
4.16618
4.21646
4.25591
4.17656
4.01177
3.81242
3.53996
3.2287
2.86132
2.48907
2.10869
1.74367
1.38414
1.03268
0.682915
0.347924
0.0118337
-0.310564
-0.634781
-0.980883
-1.29104
-1.57995
-1.81117
-2.02889
-2.1495
-2.21262
-2.27794
-2.31865
-2.3764
-2.42082
-2.49134
-2.5485
-2.55051
-2.55826
-2.53182
-2.50604
-2.43729
-2.36029
-2.24539
-2.09171
-1.96131
-1.81536
-1.67829
-1.52995
-1.39889
-1.23424
-0.99654
-0.732746
-0.407352
-0.0361482
0.406357
0.873073
1.33184
1.72015
2.06389
2.33005
2.55624
2.74491
2.95152
3.1896
3.46818
3.82489
4.23243
4.69475
5.14115
5.61878
6.05963
6.49301
6.69459
6.68881
6.59965
6.34487
6.03125
5.60822
5.20197
4.84796
4.59884
4.42983
4.31952
4.27883
4.28229
4.29948
4.2275
4.08395
3.91985
3.70568
3.4622
3.1711
2.87554
2.54235
2.18858
1.81886
1.44243
1.05766
0.672884
0.292378
-0.0485075
-0.324054
-0.611219
-0.876828
-1.13377
-1.34603
-1.57212
-1.79139
-1.95301
-2.11444
-2.23106
-2.35929
-2.44654
-2.52268
-2.54085
-2.49453
-2.46949
-2.41224
-2.36851
-2.30605
-2.27264
-2.21331
-2.09614
-1.98997
-1.8582
-1.72434
-1.54317
-1.37619
-1.20415
-1.00227
-0.794193
-0.562083
-0.336044
-0.0522939
0.298535
0.737575
1.1902
1.60694
1.96179
2.28306
2.53353
2.74909
2.94683
3.18313
3.46412
3.78444
4.16326
4.55915
4.99133
5.39756
5.83479
6.17677
6.39736
6.53528
6.49298
6.39502
6.18237
5.92603
5.53811
5.15739
4.8697
4.6534
4.48202
4.34664
4.28993
4.29075
4.26127
4.19023
4.04581
3.87933
3.6597
3.41501
3.11434
2.76903
2.40991
2.03521
1.66419
1.31085
0.958515
0.608295
0.30528
0.0202597
-0.231239
-0.51614
-0.803622
-1.0988
-1.34903
-1.54008
-1.765
-1.94729
-2.11286
-2.19991
-2.29983
-2.369
-2.36487
-2.36254
-2.32572
-2.32034
-2.29004
-2.27175
-2.20362
-2.13605
-2.00888
-1.86515
-1.74384
-1.60335
-1.4813
-1.35555
-1.26658
-1.14027
-0.968911
-0.77803
-0.537104
-0.280163
0.0570327
0.452121
0.902667
1.32222
1.70133
2.02013
2.29708
2.50118
2.66608
2.82217
3.03494
3.33846
3.71807
4.16144
4.60983
5.06915
5.45233
5.78235
6.12653
6.35066
6.50685
6.5135
6.49103
6.33341
5.99164
5.61233
5.22562
4.92139
4.68216
4.4984
4.36674
4.31206
4.32758
4.33517
4.30818
4.19534
4.04876
3.81816
3.489
3.12766
2.74873
2.39227
2.06436
1.75833
1.45802
1.16409
0.852022
0.550247
0.23726
-0.0747797
-0.419101
-0.749674
-1.07249
-1.3193
-1.52175
-1.745
-1.91757
-2.09127
-2.21615
-2.36523
-2.45288
-2.4885
-2.51718
-2.476
-2.44163
-2.3665
-2.30749
-2.19353
-2.05791
-1.94276
-1.82703
-1.74624
-1.66352
-1.59884
-1.49057
-1.36257
-1.24361
-1.08418
-0.909593
-0.695655
-0.487198
-0.203127
0.158271
0.576301
1.01957
1.44763
1.83539
2.19381
2.47625
2.6408
2.77485
2.91722
3.13301
3.42415
3.78597
4.18867
4.5685
4.97131
5.32076
5.68472
5.97666
6.24329
6.34248
6.2248
6.08526
5.84991
5.59301
5.25905
4.96824
4.7377
4.56011
4.40596
4.24166
4.11271
4.01253
3.94069
3.82719
3.65001
3.47088
3.26617
3.04862
2.76448
2.44547
2.0747
1.69096
1.29912
0.932741
0.574761
0.261552
-0.028451
-0.262578
-0.495336
-0.73734
-1.00941
-1.32183
-1.60289
-1.8894
-2.14039
-2.4022
-2.54252
-2.57975
-2.60676
-2.58869
-2.58986
-2.558
-2.55054
-2.51403
-2.47295
-2.44987
-2.3723
-2.27767
-2.1421
-2.03051
-1.91337
-1.77882
-1.66733
-1.55863
-1.48263
-1.38845
-1.28351
-1.1043
-0.847658
-0.580257
-0.264386
0.094914
0.507264
0.922183
1.29363
1.57244
1.81677
2.00678
2.17892
2.33593
2.52854
2.793
3.12794
3.53335
3.9299
4.32421
4.63874
4.95849
5.24284
5.4492
5.67752
5.79934
5.90247
5.86248
5.78184
5.54296
5.25446
4.86847
4.50867
4.22591
4.01413
3.8766
3.81638
3.83708
3.86711
3.84041
3.75963
3.5693
3.34672
3.06188
2.76554
2.41486
2.05645
1.71007
1.38484
1.06269
0.729312
0.370044
0.0281002
-0.265691
-0.55107
-0.801402
-1.06845
-1.29691
-1.51232
-1.67201
-1.7872
-1.95412
-2.10965
-2.27392
-2.38219
-2.50147
-2.57327
-2.554
-2.52731
-2.44214
-2.36948
-2.27028
-2.18784
-2.0818
-1.96089
-1.88019
-1.80804
-1.76555
-1.69838
-1.63739
-1.53407
-1.37667
-1.22425
-1.03873
-0.851587
-0.616013
-0.372292
-0.0718339
0.293391
0.703275
1.11941
1.50992
1.81755
2.07647
2.27498
2.45508
2.62012
2.81281
3.07875
3.41477
3.81721
4.21758
4.62039
4.95004
5.23983
5.58227
5.85305
6.11532
6.22059
6.28703
6.14406
5.84728
5.49005
5.06072
4.698
4.43987
4.29073
4.19176
4.11813
4.08352
4.03995
3.97073
3.8054
3.61135
3.37898
3.15425
2.93902
2.68745
2.41481
2.10078
1.76137
1.36343
0.936864
0.490845
0.103953
-0.237696
-0.490868
-0.729282
-0.931592
-1.08757
-1.27366
-1.45039
-1.67687
-1.88599
-2.10767
-2.24959
-2.27364
-2.29791
-2.26403
-2.23652
-2.1586
-2.10945
-2.06868
-2.02821
-2.01377
-1.95154
-1.87973
-1.76511
-1.67309
-1.56677
-1.48087
-1.37534
-1.28388
-1.23493
-1.15707
-1.05814
-0.88158
-0.698749
-0.457636
-0.171794
0.151079
0.521545
0.898783
1.25625
1.58558
1.83716
2.00349
2.13677
2.26121
2.42964
2.65396
2.93514
3.27631
3.64898
4.048
4.3642
4.64186
4.87147
5.17381
5.46616
5.70627
5.94085
6.02101
6.03501
5.84162
5.55359
5.10767
4.62922
4.24929
4.00921
3.88507
3.84118
3.84779
3.8598
3.80952
3.70831
3.50406
3.27439
3.04426
2.86171
2.67397
2.43783
2.16505
1.84183
1.47927
1.06652
0.621095
0.203785
-0.0961032
-0.352561
-0.52585
-0.706193
-0.868791
-1.07296
-1.27694
-1.51758
-1.71756
-1.86246
-1.99534
-2.01747
-2.01689
-1.96027
-1.93255
-1.88231
-1.83834
-1.84805
-1.8777
-1.93917
-1.93451
-1.89545
-1.77238
-1.63469
-1.53079
-1.43212
-1.37242
-1.33391
-1.3365
-1.27664
-1.13239
-0.949561
-0.714524
-0.487027
-0.25174
-0.0353486
0.199262
0.448515
0.719063
1.01779
1.33509
1.64292
1.92823
2.14734
2.28237
2.40754
2.54874
2.75054
3.01939
3.35322
3.72735
4.07488
4.43622
4.73053
5.04471
5.32772
5.65514
5.87058
5.85757
5.78415
5.57001
5.3499
5.03482
4.71472
4.38475
4.13171
3.97495
3.86906
3.7746
3.65863
3.56434
3.47181
3.34779
3.20408
3.02546
2.86719
2.70105
2.52704
2.26835
1.95859
1.57806
1.18669
0.780434
0.393596
0.0150642
-0.27827
-0.526347
-0.68888
-0.8258
-1.00349
-1.1657
-1.34278
-1.49097
-1.66889
-1.79616
-1.85966
-1.90419
-1.87408
-1.85072
-1.81817
-1.83181
-1.84581
-1.86523
-1.91505
-1.91807
-1.89319
-1.78119
-1.65823
-1.52133
-1.40603
-1.34395
-1.30501
-1.30166
-1.28661
-1.27496
-1.18083
-0.974024
-0.737754
-0.473067
-0.230091
0.0129161
0.252113
0.51289
0.779333
1.05557
1.32943
1.60627
1.84282
2.04415
2.19741
2.33503
2.52192
2.76432
3.07361
3.41212
3.78149
4.11577
4.3624
4.63451
4.87719
5.18465
5.42738
5.66812
5.73355
5.73581
5.51387
5.16568
4.80668
4.42132
4.10402
3.88306
3.76929
3.7061
3.63082
3.53923
3.40799
3.27782
3.12243
2.97972
2.83607
2.71014
2.59512
2.41104
2.15624
1.79798
1.39611
0.973885
0.598561
0.254759
0.00851834
-0.202072
-0.365176
-0.552057
-0.739822
-0.906788
-1.10663
-1.27376
-1.441
-1.53697
-1.62425
-1.66053
-1.64956
-1.66603
-1.66596
-1.69587
-1.71765
-1.76888
-1.78697
-1.73832
-1.68334
-1.58314
-1.49839
-1.40924
-1.36004
-1.31695
-1.26023
-1.2182
-1.14375
-1.0659
-0.937884
-0.814093
-0.670233
-0.510776
-0.360091
-0.189236
-0.0191083
0.193531
0.437728
0.746493
1.07346
1.38227
1.62699
1.83911
2.00039
2.14813
2.29019
2.46697
2.71786
3.02834
3.38681
3.71689
4.0475
4.32119
4.6114
4.85859
5.0826
5.35959
5.54578
5.69722
5.6711
5.59968
5.34481
5.00008
4.66169
4.33532
4.08815
3.91554
3.80364
3.69405
3.56717
3.44244
3.31631
3.21173
3.10624
3.01776
2.90974
2.75967
2.58105
2.31368
1.97998
1.5894
1.19697
0.839877
0.561402
0.292995
0.0871966
-0.112143
-0.280986
-0.488218
-0.689884
-0.83095
-0.963703
-1.03148
-1.10987
-1.14791
-1.19974
-1.23295
-1.25402
-1.32021
-1.37085
-1.43061
-1.43751
-1.44928
-1.41666
-1.39565
-1.34596
-1.29153
-1.26645
-1.21745
-1.1746
-1.09865
-1.03371
-0.930648
-0.81417
-0.714879
-0.618627
-0.55418
-0.486672
-0.431832
-0.333401
-0.199034
-0.0613303
0.11931
0.329344
0.603385
0.891375
1.17005
1.40396
1.6294
1.85144
2.07974
2.28145
2.4788
2.70021
2.96036
3.26786
3.53918
3.79786
4.01394
4.25899
4.48442
4.67418
4.92345
5.14648
5.38539
5.47513
5.50273
5.37583
5.12587
4.89702
4.65309
4.45766
4.28593
4.15661
3.99916
3.79927
3.59028
3.38104
3.20956
3.08806
3.01764
2.95309
2.83968
2.69255
2.4896
2.25952
1.97367
1.6609
1.34675
1.06135
0.812689
0.575523
0.300579
0.0432646
-0.217806
-0.441556
-0.683429
-0.849537
-0.925639
-0.974198
-0.972829
-1.01676
-1.07284
-1.16638
-1.23337
-1.26143
-1.28982
-1.25929
-1.22225
-1.17091
-1.16626
-1.17256
-1.18357
-1.20576
-1.18116
-1.14265
-1.05481
-0.974171
-0.888902
-0.822092
-0.794814
-0.774293
-0.770676
-0.736658
-0.69921
-0.595206
-0.428564
-0.263456
-0.0953274
0.0530486
0.239403
0.46219
0.743269
1.02435
1.28656
1.50639
1.71111
1.88918
2.06134
2.23613
2.43653
2.68877
2.95863
3.26043
3.5449
3.84453
4.10737
4.29941
4.54991
4.79398
5.09311
5.28414
5.43668
5.38165
5.14335
4.89925
4.63193
4.42586
4.228
4.06529
3.89485
3.74331
3.55376
3.35599
3.17781
3.04725
2.98479
2.96371
2.95808
2.8745
2.69683
2.47094
2.17868
1.86643
1.54829
1.24773
0.98278
0.752243
0.506652
0.255484
-0.0372828
-0.302054
-0.548191
-0.683786
-0.72925
-0.777154
-0.789577
-0.824172
-0.869673
-0.969603
-1.07526
-1.14188
-1.19496
-1.17367
-1.14005
-1.08346
-1.06763
-1.08847
-1.11665
-1.16517
-1.17653
-1.17921
-1.13688
-1.09711
-1.03314
-0.976847
-0.96655
-0.971016
-0.998963
-0.972147
-0.921459
-0.808469
-0.652215
-0.515486
-0.380644
-0.269745
-0.161949
-0.0785768
0.058095
0.295167
0.600985
0.92738
1.20903
1.40017
1.55275
1.70749
1.88971
2.11563
2.3842
2.7164
3.07221
3.44436
3.72251
3.95243
4.11179
4.28117
4.57091
4.87571
5.20766
5.39041
5.51834
5.39678
5.13855
4.88105
4.62342
4.45344
4.32999
4.2602
4.14899
3.9619
3.73532
3.47782
3.26372
3.13418
3.09012
3.06885
2.9927
2.86686
2.64416
2.36666
2.02704
1.68825
1.40771
1.22503
1.04991
0.85349
0.598491
0.308565
-0.0187064
-0.307088
-0.487689
-0.623945
-0.651535
-0.677663
-0.67608
-0.714154
-0.780305
-0.845419
-0.935669
-0.970205
-0.977375
-0.928302
-0.900746
-0.899354
-0.947325
-1.04822
-1.13465
-1.21495
-1.21029
-1.18373
-1.12024
-1.08774
-1.03938
-0.996585
-0.981432
-0.951857
-0.928047
-0.854402
-0.775249
-0.675335
-0.584384
-0.535802
-0.503938
-0.493932
-0.441801
-0.379139
-0.235961
-0.0477796
0.16344
0.434826
0.725928
1.00629
1.24022
1.43766
1.64163
1.89128
2.15683
2.4334
2.70243
2.99957
3.27256
3.50512
3.74202
3.93583
4.172
4.40299
4.69821
4.99325
5.16129
5.29984
5.22829
5.08937
4.87794
4.73841
4.58005
4.39903
4.23894
4.06939
3.91977
3.72113
3.51035
3.29836
3.14079
3.04759
2.97882
2.89564
2.72843
2.51985
2.25894
1.99946
1.74796
1.51886
1.29405
1.0945
0.893634
0.668005
0.382862
0.0824065
-0.159766
-0.355944
-0.454907
-0.566432
-0.653356
-0.757431
-0.838445
-0.906909
-1.01816
-1.09096
-1.14248
-1.12311
-1.11388
-1.09631
-1.1058
-1.15223
-1.19915
-1.27276
-1.31127
-1.3352
-1.2923
-1.21633
-1.17236
-1.14189
-1.14363
-1.1447
-1.16556
-1.12609
-1.03861
-0.947207
-0.857817
-0.813555
-0.782504
-0.773377
-0.747641
-0.670496
-0.580621
-0.425841
-0.257366
-0.075467
0.0836762
0.287578
0.541344
0.814688
1.07246
1.31485
1.53537
1.75651
1.98136
2.19917
2.46058
2.71798
2.98893
3.22614
3.48753
3.70774
3.8744
4.07405
4.27584
4.5747
4.81317
5.01584
5.05276
5.07948
4.95425
4.77105
4.61862
4.46772
4.38138
4.25959
4.1259
3.91312
3.65868
3.41457
3.19139
3.02345
2.91237
2.83958
2.7207
2.53794
2.31952
2.08543
1.86089
1.64894
1.44952
1.26777
1.09473
0.884399
0.638431
0.356444
0.094571
-0.160307
-0.322946
-0.422489
-0.531978
-0.631969
-0.777063
-0.886064
-0.983432
-1.02686
-1.01165
-1.01886
-0.99858
-0.9899
-0.983919
-1.02334
-1.05399
-1.04503
-1.02308
-0.973984
-0.95442
-0.9467
-0.965387
-0.979559
-0.969042
-0.980646
-0.973983
-0.971144
-0.933853
-0.910939
-0.861942
-0.798376
-0.750293
-0.6815
-0.622161
-0.515583
-0.402929
-0.269412
-0.124441
0.00619133
0.153477
0.311062
0.51771
0.757253
1.04256
1.31807
1.53695
1.69978
1.87743
2.08896
2.34543
2.61929
2.91696
3.19171
3.42962
3.66826
3.85643
4.09042
4.31297
4.58578
4.83835
5.02171
5.22526
5.24117
5.1665
4.9787
4.86219
4.72375
4.587
4.46133
4.28417
4.10713
3.8649
3.61693
3.37706
3.19064
3.05395
2.94519
2.83711
2.68039
2.49086
2.23928
1.98306
1.75193
1.57263
1.40224
1.22185
1.00776
0.758772
0.514986
0.233888
-0.00262554
-0.214879
-0.348218
-0.494466
-0.607267
-0.69696
-0.810857
-0.89034
-0.991255
-1.01581
-1.0145
-0.969325
-0.911344
-0.9055
-0.915764
-0.947481
-0.95873
-0.987182
-0.987896
-0.995451
-0.986446
-0.968757
-0.983178
-0.98422
-0.994527
-0.97834
-0.979554
-0.920776
-0.825463
-0.734026
-0.648542
-0.608409
-0.571885
-0.542132
-0.471427
-0.365303
-0.26779
-0.150414
-0.0394625
0.0834966
0.186163
0.336757
0.532679
0.766576
1.04434
1.34252
1.61523
1.83708
1.98829
2.12628
2.33036
2.58726
2.88001
3.1494
3.43251
3.65828
3.80951
3.96504
4.10968
4.34213
4.58106
4.84796
5.05218
5.11312
5.18191
5.09382
4.96874
4.80794
4.75184
4.68117
4.5326
4.33857
4.06821
3.80386
3.51378
3.2485
3.03303
2.88732
2.76576
2.6379
2.48529
2.29769
2.09928
1.89456
1.70389
1.53947
1.39596
1.23404
1.04093
0.806751
0.54895
0.264472
0.0202418
-0.158423
-0.314902
-0.422454
-0.5712
-0.697088
-0.830886
-0.918162
-0.953903
-1.00509
-0.992133
-0.968217
-0.936954
-0.961305
-0.984408
-0.991954
-0.993097
-0.9657
-0.961433
-0.948399
-0.949408
-0.943543
-0.937519
-0.969642
-0.988795
-0.99944
-0.960555
-0.931917
-0.870116
-0.790215
-0.720443
-0.646838
-0.602369
-0.547249
-0.489936
-0.39923
-0.282821
-0.187481
-0.0876553
0.0123017
0.140457
0.264446
0.433787
0.651089
0.902628
1.15878
1.40559
1.59376
1.74743
1.88941
2.04673
2.26414
2.49485
2.7327
2.92816
3.13844
3.31958
3.51573
3.70967
3.89801
4.15978
4.38102
4.59996
4.73443
4.90974
4.94519
4.87558
4.78983
4.65827
4.59407
4.47686
4.34365
4.13533
3.89475
3.6769
3.45032
3.23868
3.04099
2.8743
2.71068
2.54974
2.37981
2.19586
2.00339
1.81462
1.63672
1.47088
1.30984
1.12253
0.940587
0.755352
0.576624
0.367662
0.170891
0.0198046
-0.123023
-0.239306
-0.401476
-0.543823
-0.681788
-0.769943
-0.792282
-0.842797
-0.852879
-0.863133
-0.860896
-0.904314
-0.934871
-0.93195
-0.920493
-0.877767
-0.860512
-0.837031
-0.83793
-0.848562
-0.847128
-0.867883
-0.841631
-0.791876
-0.70713
-0.654583
-0.604748
-0.556137
-0.515809
-0.455573
-0.407149
-0.317909
-0.217532
-0.107902
-0.0420382
0.0261136
0.111214
0.213666
0.355688
0.499311
0.700505
0.936541
1.18563
1.38648
1.56132
1.71831
1.90233
2.12023
2.3659
2.60301
2.81993
3.05026
3.25832
3.49789
3.69402
3.89511
4.08224
4.25295
4.48605
4.63127
4.74689
4.81181
4.96811
5.0463
4.97943
4.86567
4.70973
4.63848
4.52577
4.37822
4.15286
3.90677
3.70288
3.48804
3.25962
3.02291
2.82177
2.64999
2.48354
2.28818
2.06574
1.83224
1.63
1.45379
1.28711
1.11836
0.906267
0.710943
0.522691
0.353715
0.139152
-0.0591306
-0.19309
-0.306965
-0.393606
-0.548196
-0.686393
-0.808698
-0.857055
-0.927635
-0.955991
-0.965895
-0.980638
-0.968931
-0.996766
-1.01162
-1.03265
-1.01322
-0.961073
-0.936152
-0.912108
-0.915106
-0.912283
-0.933346
-0.905068
-0.846484
-0.789227
-0.718116
-0.669269
-0.603054
-0.544776
-0.477401
-0.400387
-0.332824
-0.240622
-0.14833
-0.0573309
0.00265829
0.0770495
0.180381
0.294609
0.420179
0.53345
0.680651
0.858878
1.07328
1.27945
1.488
1.67966
1.86953
2.04849
2.24499
2.45141
2.66079
2.88834
3.08314
3.30887
3.49659
3.68802
3.85303
3.96565
4.14138
4.27622
4.41486
4.50284
4.66271
4.75726
4.74438
4.69117
4.56344
4.4976
4.39635
4.29613
4.13762
4.00978
3.81641
3.60124
3.38644
3.16276
2.95932
2.76248
2.5844
2.40304
2.20999
1.99407
1.78159
1.58499
1.41505
1.23488
1.042
0.850649
0.660051
0.499879
0.312514
0.141754
-0.0250767
-0.144785
-0.227657
-0.35819
-0.476855
-0.596521
-0.673583
-0.778522
-0.840638
-0.877727
-0.915352
-0.921757
-0.963223
-0.983982
-1.01262
-1.01762
-0.982425
-0.971694
-0.933401
-0.898094
-0.850602
-0.835554
-0.802436
-0.75245
-0.70616
-0.640505
-0.588543
-0.514717
-0.452367
-0.39844
-0.33948
-0.287801
-0.206086
-0.119145
-0.0274945
0.0381562
0.112797
0.198787
0.285538
0.387336
0.487208
0.627564
0.791122
0.980259
1.16768
1.36623
1.54893
1.72217
1.88216
2.06825
2.26775
2.47885
2.66686
2.81671
2.99497
3.14242
3.29461
3.43953
3.64391
3.83776
3.99755
4.14264
4.22104
4.34331
4.42167
4.51537
4.57725
4.59552
4.65908
4.61863
4.53118
4.38681
4.30972
4.19291
4.04975
3.89758
3.71028
3.53728
3.31599
3.08193
2.84805
2.65174
2.46917
2.28929
2.0933
1.87918
1.64687
1.41525
1.21616
1.02771
0.872916
0.691997
0.534693
0.379077
0.240174
0.132182
-0.0191275
-0.12756
-0.216673
-0.265067
-0.354129
-0.432738
-0.489944
-0.550802
-0.586135
-0.661883
-0.704348
-0.737705
-0.736574
-0.773787
-0.788767
-0.790889
-0.793957
-0.761264
-0.751289
-0.704653
-0.656836
-0.591813
-0.519744
-0.470583
-0.402542
-0.334011
-0.252005
-0.187541
-0.0979208
-0.00345872
0.0799395
0.150946
0.203965
0.266183
0.333833
0.417032
0.505958
0.590561
0.6822
0.773805
0.869739
0.960469
1.07808
1.21588
1.36553
1.5056
1.64545
1.77083
1.89609
2.02485
2.14828
2.3044
2.45427
2.60403
2.72884
2.87614
3.0011
3.10108
3.21024
3.29908
3.42787
3.52431
3.61511
3.67713
3.7019
3.77615
3.81903
3.86027
3.86478
3.91739
3.92564
3.87767
3.81723
3.72369
3.67104
3.58636
3.49788
3.37801
3.23161
3.09779
2.93967
2.77637
2.60322
2.44364
2.26626
2.08256
1.88697
1.69593
1.48859
1.29243
1.10409
0.938339
0.757039
0.591216
0.447403
0.30709
0.191122
0.0421612
-0.085568
-0.207921
-0.293326
-0.350055
-0.446579
-0.522492
-0.597886
-0.651352
-0.743375
-0.8062
-0.842449
-0.874073
-0.87848
-0.918841
-0.939057
-0.963088
-0.96947
-0.948532
-0.95933
-0.941879
-0.917781
-0.871966
-0.859826
-0.829585
-0.781448
-0.735641
-0.672069
-0.627268
-0.555377
-0.480431
-0.397275
-0.312399
-0.244639
-0.16273
-0.0759147
0.0242329
0.108747
0.208408
0.320144
0.43641
0.556242
0.672696
0.795862
0.919656
1.04811
1.17472
1.31944
1.4735
1.63668
1.79206
1.95875
2.11651
2.27525
2.4312
2.58248
2.77809
2.95704
3.13005
3.26918
3.44752
3.59759
3.71966
3.84227
3.92963
4.07913
4.19466
4.30305
4.34563
4.33482
4.3811
4.38562
4.38715
4.34921
4.3714
4.32582
4.23094
4.1234
3.97759
3.8692
3.71206
3.54283
3.34514
3.1337
2.92867
2.69435
2.44517
2.1891
1.93467
1.67498
1.43246
1.19313
0.979886
0.733564
0.501844
0.270888
0.0668499
-0.084102
-0.287581
-0.445307
-0.590667
-0.694234
-0.856229
-0.993705
-1.08541
-1.16953
-1.20863
-1.30434
-1.35908
-1.40916
-1.42339
-1.3998
-1.43338
-1.43649
-1.43663
-1.39838
-1.41085
-1.3862
-1.35997
-1.29562
-1.20537
-1.155
-1.06454
-0.965564
-0.838315
-0.751981
-0.621556
-0.465097
-0.302349
-0.130098
0.023011
0.194943
0.371415
0.557681
0.73877
0.929312
1.12455
1.32108
1.50476
1.69173
1.8717
2.04313
2.22245
2.39096
2.58993
2.77101
2.9447
3.09024
3.21456
3.39218
3.54757
3.69561
3.81155
3.97924
4.12836
4.23539
4.33193
4.38544
4.49734
4.58287
4.67089
4.72119
4.71663
4.77188
4.77976
4.77379
4.71116
4.70021
4.64057
4.53948
4.435
4.29519
4.18234
4.01125
3.82327
3.61349
3.40288
3.18787
2.95387
2.71017
2.47044
2.21473
1.95122
1.68179
1.44025
1.2448
0.99899
0.791774
0.588535
0.430366
0.196222
0.0333709
