-4.56283
1.1059
4.31871
6.36554
-1.72265
-0.580459
-7.47246
4.37827
-0.567243
-4.01765
10.7635
6.80389
9.29728
-4.26275
2.15204
12.4842
3.6346
3.16875
-2.40503
11.0658
-2.89497
-2.05181
2.74392
-5.28205
-0.849225
-6.87643
-2.63483
-5.47555
-9.35026
-5.32444
0.496347
1.4597
0.998178
6.67147
-5.34469
2.54118
-5.97962
2.80967
1.2633
-3.49914
-5.36447
-0.896971
5.11643
-0.510567
-1.98195
-7.58709
0.350337
-2.9261
-2.75261
-1.78474
-4.16611
4.93915
-2.58703
-0.27002
4.20763
-6.21642
6.67018
1.1336
-2.57352
1.73131
-7.38333
-1.48884
-4.14137
0.323348
-4.86482
1.30562
-4.23311
-0.479544
-6.02733
0.611241
-2.18814
0.534909
6.8748
-7.14219
4.47233
-1.83393
-1.21106
5.26379
-4.62255
-2.67807
-0.0282621
-1.5739
1.26778
-8.14738
-2.98943
-2.46848
4.20769
-0.213753
-5.67016
-3.63781
0.859328
3.53272
-6.01807
3.09202
-5.1049
5.3124
0.662389
2.35263
0.746758
-5.86269
-8.4107
-5.76021
-3.27385
-8.62212
-0.0979644
-5.04994
0.314696
-1.98105
-5.94591
9.06443
-3.23537
1.743
2.92895
14.137
2.19359
-4.39276
7.49608
5.96758
11.3792
-2.67865
0.509433
3.81329
-5.24927
-0.989093
-3.04389
5.29404
3.46362
1.05899
