-0.313024
0.868116
0.439823
0.175519
-0.706431
-0.702282
-0.891449
0.725762
0.191725
0.401991
-0.9653
0.933031
0.644658
-0.596505
-0.649829
-0.639504
-0.393133
0.0448653
-0.14491
-0.422301
0.213908
-0.729705
-0.414265
-0.262614
-0.0800282
0.563128
-0.608606
0.0294484
0.171736
-0.909234
0.216904
-0.65867
-0.834674
0.93109
0.927058
0.584025
-0.423991
-0.804918
0.368339
-0.138825
-0.755874
-0.00389407
-0.90415
0.835301
-0.477748
0.33173
-0.368985
0.0585869
0.103409
-0.589696
0.978246
0.558314
0.868938
0.747548
0.148724
0.764616
-0.900792
-0.644368
-0.9116
-0.330806
-0.210623
-0.42616
0.66036
-0.307549
-0.430189
0.0888261
-0.688825
0.617272
-0.816196
1.00152
0.493646
-0.64164
-0.940275
0.683119
0.415529
0.435225
0.470739
-0.89671
-0.284052
-0.723735
0.749288
0.202681
-0.382802
-0.861482
-0.325942
-0.273835
0.515133
0.302321
0.749226
-0.107489
-0.734171
0.470103
0.509174
0.100716
0.492438
-0.078823
-0.023318
-0.231754
-0.99064
-0.764976
-0.849006
0.341229
-0.319782
0.0901919
0.803703
-0.518817
-0.141886
0.488752
-0.575069
-0.794941
-0.324509
-0.512501
0.986816
0.652934
0.299484
0.744458
0.541664
-0.613599
0.797825
0.0665785
0.588892
0.671247
-0.486286
-0.798509
-0.479413
-0.0444142
0.686452
0.671495
