0
3.71149
6.60002
2.64751
9.14823
7.15228
3.57229
-10.7036
7.37476
6.71643
1.42576
0.480588
-13.1993
7.64019
12.7149
-4.23037
-5.9993
-10.4985
-1.57687
9.76184
3.39712
-3.12371
8.65892
1.9147
3.05599
-15.851
-6.87378
-3.88458
-3.43834
6.57356
-11.7252
-9.38643
-8.00123
-8.48228
-1.9819
-10.9338
14.1526
11.1377
4.14805
-15.9247
13.2639
-1.04973
-2.70659
-5.86186
2.90732
-7.69183
-7.69591
-10.9505
-19.6223
-2.18734
1.88477
-4.45664
-4.45606
0.42044
1.52254
-7.14191
-4.90399
7.30846
1.92635
5.43238
7.57327
1.98868
-13.2401
4.67473
5.46193
-0.90479
6.82265
-20.2857
-1.80425
7.63947
-4.01527
-3.95363
-7.27147
9.42691
2.98642
4.89222
0.397332
-6.11744
8.60537
-5.35844
15.7351
4.00509
-4.28913
1.31457
2.04634
-4.66326
5.92496
-5.68431
11.3002
-1.67317
1.92145
5.82018
-5.80297
1.21942
-10.2745
3.50116
-12.5526
-1.06572
1.04031
7.81503
4.70848
10.675
3.12629
-1.6506
-2.19583
2.16201
13.8443
-1.76718
-9.36626
-16.2726
0.286039
5.86883
0.177281
-1.97347
-0.495629
-11.8083
0.869387
-0.237403
-3.12399
0.681743
-5.53529
-1.68206
3.74197
-0.393309
-0.213587
0.917652
-3.40946
-5.95653
-1.26041
7.96679
3.50156
-1.23788
2.15613
5.2108
-2.7515
-1.55509
11.2169
-5.01467
-0.309113
2.45811
-2.71223
7.09964
3.02139
1.37618
-3.18244
-10.7021
-3.46306
14.2664
11.0135
6.0712
-7.99019
2.81612
6.69409
1.84722
-0.259163
-12.6361
-1.46661
-8.45708
-5.00286
4.02075
14.6625
-5.47579
11.4173
-2.11583
6.60399
-6.15238
1.31736
5.37996
-10.0073
1.5002
-5.66606
5.17402
-4.03824
0.513932
5.27487
3.26355
-12.6088
5.00825
-4.52226
2.03884
3.12575
-3.99825
-3.01346
-16.7968
5.12974
3.88774
2.62635
-9.29983
-3.64142
15.1089
-5.95865
-1.17311
-3.03936
-9.70045
9.82343
0.20202
-6.36299
-10.4637
-0.933281
-6.82662
4.07285
4.90291
2.37263
-5.13802
1.29735
1.28437
0.191812
0.661098
13.1277
11.4728
13.0079
7.36077
-3.62121
9.76309
7.8272
2.82217
-12.1664
16.5533
-3.21609
-4.41056
-16.5577
3.80258
-2.23245
5.92845
5.01324
11.1728
8.53521
-9.96015
-0.996168
1.58782
7.22364
16.6897
-0.654302
4.09383
-10.2338
4.80951
-6.19886
-10.6856
-1.4247
8.13418
10.6751
6.78267
-8.45442
-9.16523
18.5916
0.0532078
4.08577
-4.81399
-8.09305
9.40638
-0.447358
-4.83338
-11.2619
-2.97918
-7.35368
-6.68598
