-0.00318718
0.191961
0.379663
0.552348
0.702446
0.822387
0.904601
0.941519
0.925569
0.941789
0.906067
0.824864
0.705751
0.556297
0.384072
0.196645
0.00158787
-0.19353
-0.381139
-0.55367
-0.703553
-0.823218
-0.905091
-0.941611
-0.925204
-0.941702
-0.905582
-0.824043
-0.704654
-0.554985
-0.382606
-0.195088
0
0.195088
0.382606
0.554985
0.704654
0.824043
0.905582
0.941702
0.925204
0.941611
0.905091
0.823218
0.703553
0.55367
0.381139
0.19353
-0.00158787
-0.196645
-0.384072
-0.556297
-0.705751
-0.824864
-0.906067
-0.941789
-0.925569
-0.941519
-0.904601
-0.822387
-0.702446
-0.552348
-0.379663
-0.191961
