-0.305002
0.844794
0.469487
0.212954
-0.67601
-0.686169
-0.890529
0.609746
0.206732
0.314478
-0.911352
0.883965
0.582307
-0.619423
-0.777308
-0.687499
-0.420594
0.0869439
-0.116624
-0.511814
0.26591
-0.669573
-0.355617
-0.245488
-0.0654157
0.517975
-0.515564
0.0674027
0.154213
-0.794926
0.165693
-0.654564
-0.780382
0.918914
0.937003
0.518866
-0.36401
-0.757646
0.291306
-0.143818
-0.734147
-0.0971388
-0.885459
0.89131
-0.522029
0.347282
-0.331401
0.102272
0.0900987
-0.557198
0.992539
0.544056
0.787941
0.682101
0.188123
0.780524
-0.847412
-0.676344
-0.828158
-0.321284
-0.271273
-0.394721
0.69371
-0.409646
-0.351164
0.114363
-0.761124
0.541873
-0.789987
0.940736
0.440287
-0.633702
-0.975433
0.695634
0.343639
0.420459
0.526053
-0.851159
-0.312748
-0.71338
0.740355
0.194333
-0.430814
-0.8129
-0.217704
-0.327546
0.47031
0.270681
0.747834
-0.0534428
-0.648699
0.395096
0.45844
0.0577281
0.436577
-0.106912
-0.0391152
-0.123504
-0.917747
-0.645639
-0.830233
0.292399
-0.328779
0.112622
0.771506
-0.443675
-0.105944
0.517139
-0.623823
-0.863709
-0.252485
-0.493935
0.921519
0.437263
0.370435
0.632043
0.506209
-0.605192
0.70094
0.0809167
0.51653
0.599589
-0.455254
-0.694204
-0.461832
-0.0519884
0.503329
0.624379
-1.07812
0.0855408
-0.249981
-0.50824
-0.617846
-0.119022
0.885906
-0.384401
0.0430293
0.406634
-0.258914
0.886283
0.691796
-0.672237
-0.00881494
-0.615754
-0.453172
-0.771579
0.327934
-0.115152
-0.855968
-0.238173
0.801694
-0.444545
-0.575148
0.179995
0.847277
-0.51732
0.343781
0.499702
-0.489043
0.529316
-0.220944
0.261845
0.199683
-0.0572304
-0.795669
0.567831
-0.377923
-0.583251
-0.740522
0.287688
0.256402
-0.939706
0.13553
-0.4211
0.222811
-0.537854
0.433025
-0.154597
0.770499
-0.707576
-0.141291
-0.537749
0.928096
0.673328
-0.519197
0.375271
0.549064
0.00894245
-0.0235809
-0.494491
-0.707781
0.899632
0.733523
0.07595
-0.2368
-0.190066
0.460863
0.709376
0.646635
0.296968
0.0552718
-0.800585
-0.497263
0.659823
-0.0901819
-0.985086
-0.602667
0.312892
-0.868868
-0.369997
0.340223
0.49906
0.206871
-0.367593
0.393923
-0.526194
-0.16518
0.590905
0.287105
0.62247
0.186165
-0.034694
-0.705558
-0.139485
-0.347947
-0.268459
0.95586
-0.0473119
0.775069
0.236688
0.519792
-0.122398
0.0964086
-0.0911674
-0.502565
0.410699
-0.424122
-0.816733
0.427939
-0.330119
0.952345
0.741129
0.461753
-0.42462
-0.747168
0.863346
-0.0338988
0.828533
0.706313
0.300524
-0.597409
-0.215546
0.479154
-0.462487
-0.535893
0.123942
