0.169217
0.0201079
0.0233425
0.0400694
0.0302263
0.0401311
0.0624476
0.0577017
0.046242
0.0510887
0.0472254
0.0245264
0.0543462
0.0604025
0.0460961
0.0438954
0.0531156
0.0463913
0.0464938
0.0508033
0.0468633
0.0497755
0.06685
0.0820539
0.0759993
0.119636
0.10929
0.13815
0.140982
0.153076
0.142068
0.135956
0.139605
0.0856809
0.070907
0.0328239
-0.00829262
-0.0230054
-0.0386128
-0.0834739
-0.0874827
-0.0912488
-0.117634
-0.111756
-0.123045
-0.127812
-0.118055
-0.107601
-0.107233
-0.119838
-0.0933993
-0.0981856
-0.0894379
-0.0755667
-0.0750385
-0.0757742
-0.0648222
-0.0560304
-0.0471971
-0.0340905
-0.0213422
-0.0280013
0.00272707
-0.000705985
0.0141658
0.0257198
0.00201998
0.0258769
0.0142291
0.0123637
-0.0109668
-0.0220619
-0.0258962
-0.0166409
-0.0431386
-0.0544389
-0.0568027
-0.0581155
-0.071487
-0.0548448
-0.0400908
-0.0510402
-0.0342804
-0.0148385
-0.00613533
0.0289743
0.0172041
0.0211218
0.0529716
0.0755577
0.0691534
0.0954338
0.116248
0.11512
0.12667
0.13608
0.135077
0.165062
0.179622
0.170562
0.167006
0.163096
0.152589
0.143572
0.143124
0.113281
0.0992085
0.0845562
0.0554763
0.0355027
0.00715448
-0.0154314
-0.054005
-0.0666999
-0.0927829
-0.117501
-0.123855
-0.12968
-0.144894
-0.141731
-0.137691
-0.142351
-0.149987
-0.120231
-0.129046
-0.120187
-0.096802
-0.109624
-0.0668784
-0.0916395
-0.0801852
-0.082654
-0.061255
-0.0480696
-0.0435765
-0.00989146
-0.00810343
-0.00112572
0.0227444
0.0204618
0.0281041
0.0424797
0.00905235
0.0344453
0.0313245
0.0319668
0.00279374
0.0141736
-0.00399145
-0.0121761
-0.0132758
-0.026736
-0.0323691
-0.0435019
-0.0427076
-0.0434647
-0.0357153
-0.0471424
-0.027244
-0.030881
-0.0138096
-0.0127527
-0.0156263
-0.0100454
0.00114799
0.0243857
0.0151057
0.0216541
0.034681
0.0291473
0.05071
0.0476295
0.0398952
0.0494743
0.062479
0.0533827
0.0565858
0.0633272
0.0542009
0.0570213
0.0742298
0.085258
0.0944712
0.119038
0.126379
0.138128
0.156623
0.169538
0.161119
0.153721
0.155327
0.137937
0.126503
0.0750975
0.044815
0.0242002
-0.0027808
-0.0307815
-0.0396868
-0.065525
-0.112809
-0.118667
-0.12561
-0.158812
-0.145495
-0.153271
-0.167842
-0.163681
-0.148874
-0.156559
-0.159784
-0.123929
-0.132781
-0.118887
-0.114534
-0.108285
-0.0986328
-0.0847331
-0.0717053
-0.0499883
-0.0268662
-0.012323
0.00142706
0.0230745
0.0461398
0.0474235
0.0705789
0.065145
0.0714849
0.0878245
0.0681318
0.0608315
0.0520455
0.0271398
0.0240417
0.00290583
-0.0171239
-0.0340567
-0.0502154
-0.0592073
-0.0783039
-0.0789022
-0.077961
-0.0932786
-0.0865674
-0.0886778
-0.0644355
-0.0477795
-0.0387455
-0.00203285
0.0170632
0.0310554
0.0426944
0.0544047
0.0574562
0.066752
0.156832
0.07235
0.0701166
0.087445
0.0818617
0.0976261
0.116294
0.118271
0.132578
0.144245
0.165673
0.185658
0.182175
0.199424
0.182455
0.167675
0.170719
0.141367
0.121154
0.0589894
0.0293727
0.000974458
-0.0386371
-0.0645818
-0.0968837
-0.111911
-0.158783
-0.157566
-0.171362
-0.184312
-0.186989
-0.177189
-0.184032
-0.174999
-0.161288
-0.144593
-0.153919
-0.14634
-0.122123
-0.114607
-0.0782936
-0.0826611
-0.0761465
-0.0592089
-0.0475065
-0.0157226
-0.00324267
0.00584742
0.0198749
0.0442705
0.0726219
0.06596
0.0736521
0.0807506
0.087627
0.0855368
0.0645212
0.0570929
0.0385302
0.00332789
-0.0176973
-0.019377
-0.0531663
-0.0727489
-0.065259
-0.0987918
-0.104454
-0.109637
-0.110452
-0.101659
-0.0893647
-0.0834223
-0.0497898
-0.0256293
-0.0372585
0.0117759
0.0336975
0.0489302
0.0731968
0.0914759
0.0828781
0.101482
0.119821
0.104469
0.143497
0.139717
0.138876
0.173405
0.16442
0.180392
0.177318
0.197396
0.200815
0.205747
0.20227
0.177665
0.177681
0.161141
0.136586
0.107447
0.0480296
0.0312547
-0.0247095
-0.0735663
-0.102913
-0.15494
-0.166639
-0.189908
-0.206371
-0.214914
-0.213973
-0.22468
-0.215105
-0.196887
-0.179046
-0.17839
-0.143683
-0.131908
-0.12402
-0.089303
-0.0810752
-0.0686478
-0.0577849
-0.0403038
-0.0099808
0.00609562
0.0124315
0.0310914
0.0888831
0.064119
0.0613619
0.0791849
0.0904156
0.0709905
0.0783959
0.0514971
0.0491115
0.0360053
0.0113422
0.00208933
-0.037545
-0.0569474
-0.082605
-0.0921825
-0.105693
-0.132673
-0.129755
-0.134571
-0.123862
-0.117684
-0.0900675
-0.0670311
-0.0404499
-0.0246882
0.0097839
0.0360217
0.0571756
0.0716941
0.0874964
0.120912
0.152291
0.148828
0.14743
0.176776
0.190145
0.172133
0.187445
0.194824
0.188064
0.206365
0.214514
0.19248
0.208351
0.223862
0.213173
0.211917
0.20561
0.172166
0.133084
0.0910537
0.0398255
-0.00144285
-0.0454618
-0.108644
-0.128463
-0.169311
-0.18799
-0.236683
-0.249268
-0.242154
-0.239734
-0.238862
-0.215143
-0.22534
-0.207922
-0.175716
-0.160234
-0.136693
-0.119581
-0.101065
-0.080804
-0.0474452
-0.0199296
-0.00499783
0.00292473
0.00772908
0.027874
0.0547285
0.0483633
0.03971
0.0481645
0.0591231
0.0480693
0.0571578
0.0266241
0.0102405
0.00991371
-0.016275
-0.0306937
-0.0500329
-0.0874178
-0.104711
-0.105059
-0.111801
-0.143021
-0.140545
-0.153654
-0.135356
-0.0971898
-0.109241
-0.0727701
-0.0370553
-0.017291
0.0130428
0.0392807
0.0722862
0.0809522
0.11815
0.118723
0.131017
0.153111
0.167887
0.186443
0.194428
0.205389
0.231126
0.207006
0.205586
0.209075
0.217858
0.205692
0.196451
0.207678
0.211718
0.196616
0.180227
0.169217
0.136309
0.105813
0.0644184
0.0127212
-0.0431745
-0.0840699
-0.134659
-0.187308
-0.228556
-0.262868
-0.254639
-0.281381
-0.278752
-0.262401
-0.258096
-0.24942
-0.230835
-0.185865
-0.154136
-0.146608
-0.0963703
-0.0829823
-0.0510706
-0.0295005
-0.0167457
-0.000526632
0.00629662
0.037805
0.0306731
0.0400859
0.0442372
0.040136
0.0649631
0.0399772
0.0306566
0.0248729
0.00629748
0.00354995
-0.00870403
-0.0407307
-0.065451
-0.078404
-0.0984545
-0.121549
-0.131006
-0.165698
-0.166727
-0.147139
-0.149099
-0.138709
-0.10656
-0.0918658
-0.0424889
-0.00672352
0.00488294
0.0376908
0.0694261
0.0836036
0.10947
0.138604
0.148749
0.15292
0.172395
0.203977
0.205824
0.227093
0.227912
0.222224
0.227082
0.244059
0.231501
0.230139
0.201588
0.207476
0.205039
0.212948
0.204125
0.183211
0.175952
0.155629
0.116577
0.0704282
0.00430733
-0.0625051
-0.118185
-0.144448
-0.204543
-0.253702
-0.282763
-0.304353
-0.306865
-0.289
-0.277621
-0.260135
-0.236125
-0.193164
-0.162169
-0.146639
-0.112477
-0.0687861
-0.0439351
-0.022427
0.00158273
0.0129811
0.0216482
0.0423051
0.0316563
0.0427897
0.0521235
0.041539
0.02827
0.0405898
0.0160405
0.0047661
0.00279678
-0.0307761
-0.0386307
-0.0651227
-0.085089
-0.10436
-0.131331
-0.146061
-0.15775
-0.132369
-0.151961
-0.145138
-0.120184
-0.0836253
-0.0932114
-0.0679224
-0.0338755
0.00499224
0.027688
0.047953
0.0990559
0.129677
0.144344
0.151694
0.177412
0.183759
0.181865
0.195633
0.187331
0.201763
0.208849
0.205659
0.215922
0.215364
0.20807
0.216877
0.197267
0.200164
0.204288
0.221711
0.227967
0.211199
0.213764
0.174958
0.154972
0.120419
0.0465639
0.000404792
-0.0745422
-0.140984
-0.181658
-0.237922
-0.273564
-0.308413
-0.29751
-0.316795
-0.301513
-0.267578
-0.26263
-0.2074
-0.179823
-0.144377
-0.090294
-0.0641063
-0.036344
-0.0383776
-0.0250681
-0.0251405
0.00825097
0.0120753
0.0123923
0.0054639
0.0169137
0.0218312
0.00629748
0.00554784
0.0121742
0.0074413
-0.0234123
-0.0258879
-0.0560093
-0.101013
-0.116899
-0.144737
-0.144399
-0.169637
-0.194575
-0.184465
-0.167831
-0.168688
-0.140101
-0.0976799
-0.084395
-0.0383343
0.0216697
0.0516914
0.100663
0.116205
0.131992
0.153216
0.177078
0.178956
0.16834
0.169385
0.149152
0.154709
0.17269
0.15664
0.16508
0.174128
0.191438
0.188797
0.195175
0.193617
0.204973
0.18437
0.195315
0.199431
0.21982
0.220894
0.2223
0.208403
0.186715
0.17696
0.122555
0.0665052
-0.0227156
-0.0761307
-0.128701
-0.208486
-0.241672
-0.286752
-0.313676
-0.313155
-0.303127
-0.273777
-0.244633
-0.21987
-0.18245
-0.14905
-0.0933295
0.00927231
-0.0513379
-0.04052
-0.0291536
-0.015163
-0.002578
-0.0145071
-0.0108469
-0.024346
-0.0239176
-0.0161817
-0.0200182
-0.0346108
-0.0379935
-0.0209159
-0.0486604
-0.0599925
-0.0731633
-0.128813
-0.133168
-0.135794
-0.160752
-0.164112
-0.179437
-0.184521
-0.156387
-0.128832
-0.104825
-0.0921571
-0.0528138
-0.0235432
0.0245709
0.0792718
0.0849404
0.111266
0.141287
0.148736
0.166976
0.159505
0.145453
0.136478
0.141835
0.128154
0.132819
0.129782
0.14559
0.135203
0.159549
0.17301
0.180751
0.188195
0.210075
0.208938
0.188383
0.22216
0.229172
0.240146
0.283336
0.270969
0.231324
0.209723
0.167231
0.100154
0.0252145
-0.039467
-0.132814
-0.181933
-0.254487
-0.314373
-0.337104
-0.362652
-0.343093
-0.289644
-0.253854
-0.232764
-0.177605
-0.13496
-0.0910482
-0.0428178
-0.0145722
-0.0159638
0.00362927
0.0111257
0.00391286
-0.0107536
-0.0333551
-0.0399819
-0.0447283
-0.0431739
-0.0486548
-0.0624214
-0.0717085
-0.0814232
-0.0805791
-0.0990432
-0.106128
-0.120818
-0.152306
-0.145274
-0.149263
-0.158477
-0.161521
-0.14964
-0.141229
-0.0918745
-0.0637307
-0.0406154
-0.00781931
0.0219033
0.0626075
0.0818608
0.125304
0.113162
0.138436
0.122215
0.150437
0.141616
0.130794
0.10414
0.10962
0.111663
0.113769
0.103935
0.123735
0.118359
0.147792
0.181462
0.171657
0.219973
0.192091
0.206418
0.207707
0.21235
0.234579
0.252066
0.293723
0.298472
0.294531
0.261582
0.220097
0.169741
0.0823166
-0.00897401
-0.104322
-0.197727
-0.265418
-0.322117
-0.360185
-0.379929
-0.361817
-0.324729
-0.26051
-0.202771
-0.161437
-0.10157
-0.0526944
-0.0173948
0.0194879
0.0169733
0.00679291
-0.00452443
-0.0242522
-0.0466638
-0.0581671
-0.086828
-0.0979266
-0.0938033
-0.0870856
-0.0987386
-0.109368
-0.12498
-0.100678
-0.109035
-0.137106
-0.162919
-0.170271
-0.179282
-0.171058
-0.168254
-0.159471
-0.1352
-0.0979825
-0.0669943
0.00152118
0.0121179
0.0271934
0.0568361
0.0935387
0.0882272
0.116928
0.0867807
0.10203
0.100752
0.094892
0.091978
0.0778357
0.0833691
0.0812321
0.0950878
0.105558
0.115687
0.149077
0.172144
0.192623
0.196886
0.203124
0.206771
0.200969
0.218224
0.216675
0.2146
0.230137
0.255147
0.305519
0.322493
0.334908
0.299219
0.239046
0.194367
0.103139
-0.00234662
-0.124552
-0.231922
-0.325582
-0.345772
-0.405885
-0.426235
-0.394504
-0.342449
-0.240252
-0.169077
-0.0760444
-0.038037
0.0526651
0.0790877
0.0975869
0.0830991
0.0415324
0.00612915
-0.0281895
-0.0681795
-0.114285
-0.144582
-0.157775
-0.141109
-0.134342
-0.121079
-0.109607
-0.119196
-0.122544
-0.103571
-0.134288
-0.182734
-0.180806
-0.195053
-0.19403
