0
3.71168
6.60024
2.64772
9.14892
7.15205
3.57138
-10.7033
7.3758
6.71583
1.42352
0.47901
-13.2026
7.64064
12.7119
-4.23422
-6.00408
-10.4986
-1.57419
9.76357
3.39854
-3.12463
8.66035
1.90915
3.05029
-15.8551
-6.87576
-3.88354
-3.43287
6.57747
-11.7221
-9.38809
-7.99766
-8.47958
-1.97353
-10.925
14.1651
11.1328
4.1432
-15.9256
13.2653
-1.05204
-2.71683
-5.86708
2.90485
-7.69301
-7.70697
-10.9544
-19.6141
-2.18501
1.882
-4.45337
-4.44695
0.425398
1.51702
-7.13957
-4.89992
7.3089
1.92327
5.43915
7.57231
1.98592
-13.2351
4.68418
5.46151
-0.903277
6.81981
-20.2787
-1.77897
7.64213
-4.0123
-3.95127
-7.25741
9.43393
2.99105
4.89298
0.389377
-6.1144
8.60188
-5.35815
15.7311
4.00117
-4.29347
1.3108
2.04926
-4.66372
5.92505
-5.67672
11.3028
-1.67462
1.91572
5.81761
-5.80795
1.21932
-10.2776
3.50387
-12.5608
-1.06661
1.0476
7.82031
4.70345
10.6755
3.11996
-1.65685
-2.21572
2.16154
13.8335
-1.78585
-9.38914
-16.2741
0.293843
5.89246
0.193775
-1.96571
-0.501787
-11.795
0.883271
-0.247835
-3.1124
0.705688
-5.54986
-1.6573
3.74375
-0.409203
-0.225918
0.914495
-3.4138
-5.96638
-1.24697
7.96156
3.50143
-1.23612
2.15255
5.18092
-2.76238
-1.54821
11.1888
-5.00282
-0.303341
2.45095
-2.70766
7.12951
3.01817
1.37298
-3.16532
-10.6541
-3.45598
14.2831
11.0157
6.05165
-8.01679
2.78606
6.65638
1.82779
-0.264037
-12.6365
-1.47957
-8.46171
-4.98809
4.0172
14.6455
-5.4706
11.4168
-2.11524
6.60144
-6.15514
1.30715
5.34874
-10.0307
1.52905
-5.66713
5.1724
-4.03307
0.50815
5.26686
3.21234
-12.6514
4.99765
-4.5273
2.04815
3.11073
-4.01719
-3.02136
-16.7667
5.16233
3.88818
2.63043
-9.29516
-3.61296
15.1528
-5.95466
-1.15565
-3.05216
-9.64933
9.82614
0.198337
-6.37084
-10.4362
-0.929911
-6.82936
4.08522
4.92585
2.37472
-5.12452
1.31615
1.31257
0.199345
0.692217
13.1986
11.5026
13.0071
7.36193
-3.61879
9.75134
7.80278
2.79296
-12.1831
16.5535
-3.22818
-4.43855
-16.5643
3.85079
-2.18217
5.97177
5.05585
11.1781
8.56967
-9.95427
-0.97332
1.60907
7.23915
16.6944
-0.673214
4.03579
-10.2359
4.80618
-6.18603
-10.6701
-1.37505
8.17745
10.6536
6.74023
-8.53728
-9.16294
18.5797
0.0463692
4.04307
-4.84469
-8.09565
9.42316
-0.495682
-4.85648
-11.2664
-2.9773
-7.35
-6.66075
