-19.8907
-18.8423
-9.89804
0.680786
-4.64481
-46.5358
-16.7009
16.188
22.1033
-34.9649
-32.6921
24.1339
-71.2101
-17.4288
-14.7937
43.558
23.8556
21.7944
-42.6389
-5.5044
-13.8154
-11.1136
-16.9137
-0.149339
7.5531
-64.7152
-51.151
17.4843
-28.7677
27.354
56.8533
24.423
13.8957
-25.8158
-4.21353
-5.68331
12.6856
-35.3494
12.9514
59.7557
-15.3141
20.975
-8.68079
15.1558
16.2602
-7.6927
-5.13917
4.71983
5.67645
8.64781
23.8829
-12.3761
-16.3692
-19.3226
-25.845
7.7397
21.0949
-5.86446
-46.0217
10.0974
12.4138
-9.36378
-15.1287
-35.2511
36.1693
37.6733
4.16464
4.74447
-48.1647
21.8186
2.61796
19.0417
-25.9419
-10.4984
31.353
-30.326
25.0111
-1.31622
-20.5893
63.8388
-7.18442
-30.694
-25.6582
16.9346
16.8598
-10.2894
-35.5415
-31.3432
-5.31343
-4.86148
52.0825
2.69262
-6.42713
1.58291
-13.5458
-2.63504
-3.39657
-33.1661
-33.9796
19.3718
19.0091
30.712
-6.35666
12.3998
48.1963
31.0062
26.7986
34.3537
-30.3943
-22.5155
4.28019
41.7259
-2.86244
4.35128
5.89682
-39.747
-25.474
-16.4742
-27.4665
7.82322
-27.8115
-16.0622
-4.4831
11.0879
-36.7216
25.1129
24.9793
-31.8884
-13.2884
16.188
-39.2769
-20.1885
-21.3091
6.76367
8.17959
13.4051
5.39941
-24.5391
19.3111
-9.59222
-22.9741
28.2137
-10.5502
9.25095
52.1958
41.0877
6.74302
16.2348
38.4748
-31.6321
-34.7103
13.6004
22.0935
34.4139
-38.9882
-36.9431
-11.2482
-12.4572
-18.1917
24.1408
38.7135
13.3916
6.91411
8.07122
-3.20189
-4.45771
61.2712
-42.986
29.8357
-20.5092
8.3315
17.726
-26.9894
2.81181
62.2703
6.50875
14.4333
34.3185
-12.6681
1.42586
6.83495
35.553
-31.5718
-7.14692
1.86838
-24.2987
-30.6566
-23.7157
36.2006
-23.4683
-9.22817
-50.4379
-46.544
-39.6233
16.9874
-44.8211
33.9763
13.8651
8.19146
20.95
-20.0729
-12.104
27.3076
8.29356
-10.3773
-5.0067
0.165411
17.8729
-8.97489
-32.7209
-19.6164
35.2035
-10.2444
-9.32286
-14.7791
-7.26171
-0.178967
2.11157
-15.5586
-32.3231
-45.3218
22.4405
13.3731
-1.88028
45.5177
-13.378
-17.979
-17.2627
16.6934
-2.5494
36.9966
32.3642
-14.271
-19.1134
-22.113
28.0234
-12.217
16.744
24.9985
-4.10801
-19.1591
40.5571
0.0163965
45.6366
26.3668
-18.035
-13.478
58.7228
-10.9424
10.9968
-11.1215
-20.6292
-25.1714
7.90808
-35.4385
2.40841
-8.24772
20.3305
-25.3916
-4.88317
39.8266
39.5392
49.3087
-19.6688
26.7522
-13.0747
-13.3838
5.90702
5.54594
-8.26287
-21.8415
16.4999
-3.49588
-20.1334
-11.2899
8.51545
-15.2738
10.6795
31.2837
-40.0117
1.44638
-19.0541
23.5034
12.8848
0.285104
34.7554
-27.4173
49.1419
7.19448
-11.858
-5.88977
0.727844
-19.1704
-45.6525
-4.6334
-42.4494
37.7469
17.142
-27.5749
-30.429
-40.5784
37.1027
-10.7178
23.6283
23.7287
10.1436
7.70068
13.1432
4.54539
38.376
-12.5757
-27.4669
-50.5781
39.9102
-32.586
11.413
33.0091
20.8564
-3.08303
-10.9974
4.60424
32.159
38.287
-7.75902
-14.2441
-14.3389
-35.8567
4.18672
-4.71125
-13.6508
4.40787
51.6995
0.46285
-39.503
-11.5575
14.4258
-13.0332
24.218
12.5977
18.0164
-17.8307
8.6864
-32.7124
14.8949
59.5557
14.7628
27.1014
-13.0807
19.7787
0.250061
9.39064
13.6658
-14.3596
20.0121
-0.235933
23.2606
-13.1023
-6.4611
2.87078
-45.1697
-41.0789
-21.5026
-3.29706
-12.3746
38.3403
-14.2249
20.5733
-10.6067
9.76826
22.3141
38.8984
3.77984
14.5458
-37.7534
-19.3011
14.9018
-8.32929
2.81357
29.5115
-1.40873
4.91293
7.37639
-1.56366
-2.95538
73.642
2.27591
-32.6526
62.3972
-0.437439
4.74146
28.9827
13.8031
-29.7553
-7.26322
-53.7776
40.7567
-28.5152
11.2214
15.9902
-12.7252
-20.2919
4.91143
-23.5989
52.9869
-28.1488
8.15352
-0.939381
-29.4656
33.3003
-41.6262
-4.63679
6.2119
-22.1334
-18.424
-5.75742
-8.67518
-35.8172
66.75
30.2149
34.7286
-13.2996
22.4699
14.1626
-27.4503
15.082
-17.4057
1.39365
-50.813
21.2451
13.109
-9.41158
11.9143
31.7562
5.77754
-5.12122
14.6589
-1.74741
25.5601
-23.9494
-65.8579
-4.77855
-10.8686
38.9066
-5.87874
-1.61668
-25.1963
11.1861
75.1372
-10.6917
32.3758
38.6821
-13.8573
15.161
-10.089
-50.9149
-42.7993
12.3179
79.6199
41.1089
52.1905
31.4514
12.7746
-23.1156
6.03571
50.0561
3.97253
-0.817749
42.4771
-15.8434
50.8523
-5.85301
35.0647
-12.9826
20.1249
-7.42875
1.14505
0.437784
-44.0518
22.8999
-12.3315
-18.538
16.414
-14.9219
-8.41602
-48.1907
22.3301
3.48965
19.8661
-14.1966
-4.72715
-8.70126
6.70912
11.7559
-9.31967
-26.4331
21.2061
-35.4618
-7.83092
28.2392
-29.5529
-29.7019
-10.8784
52.1009
48.221
-35.0846
-13.5836
3.60237
-18.3064
-17.592
-43.3999
-21.687
19.1736
33.2598
20.2793
5.7007
39.6846
-13.526
34.4229
-27.517
14.3833
-25.3075
-20.0991
-2.88227
-42.1788
4.27921
44.0834
4.44772
-2.71072
1.00068
-3.92048
-44.6663
4.41615
-11.6951
9.99425
17.1673
13.5173
-6.14042
-21.4408
-15.4804
7.83409
-19.2153
-22.9499
30.1611
13.0075
48.5823
51.9489
-9.63848
22.4256
20.1471
39.2323
-21.548
14.8641
-27.3794
-14.6606
-60.0174
-36.1633
-23.6422
11.2804
-20.7147
-23.6388
8.48066
1.95895
-10.4514
14.1083
14.744
-28.6454
7.45101
4.8802
6.19068
-13.8667
51.1618
-2.71659
-3.88767
16.9028
-1.34468
-7.13113
-28.0551
-75.3614
-31.5436
-10.2092
-13.3959
-25.3967
-14.0851
20.9437
43.3912
-5.01575
-9.42955
-48.0467
10.1516
-27.7607
0.138896
1.69074
16.56
51.8449
-0.158517
36.9828
5.91554
2.02646
73.8138
-16.6486
19.6642
31.7625
55.0351
-19.477
4.19542
2.97135
30.572
8.40796
-1.73595
-0.704847
-32.3249
20.6979
1.38911
-34.9572
24.4381
-50.8763
-28.5267
-35.3842
5.66524
1.55443
-38.6573
15.6915
-21.6078
-32.1937
24.2137
7.19798
7.81602
-19.8143
53.6669
9.95498
-10.7645
-2.20141
0.264473
-12.9734
55.2177
4.27973
7.43698
2.94203
2.06502
-24.1359
-15.2086
17.179
-19.9866
-10.3662
-54.437
34.4796
15.0956
32.4187
27.8095
34.9627
54.5047
-10.9089
-17.2915
-41.8719
-47.2748
-2.30326
9.80437
52.9205
-12.1071
19.4144
-2.21538
17.4723
-10.9745
5.98067
-6.2968
10.1094
19.8298
42.3745
-37.4376
-40.7252
-2.59088
-12.2563
3.92593
-18.8327
6.4779
-12.7873
-12.9833
5.91108
4.13758
-18.1439
15.0345
-21.8419
-0.972324
-10.9647
-0.724036
14.8153
57.5345
-9.3782
-21.7072
10.4403
-16.9259
31.4539
17.2226
-19.2964
-28.7859
12.5498
-8.74979
16.0832
5.71104
38.5842
7.44637
11.5703
33.5969
-15.6361
50.3032
-14.303
-79.4703
-35.8317
39.5762
-14.6792
9.42638
-9.58776
40.5815
-13.6321
-18.8884
-27.3318
-12.9336
0.310947
25.1192
-51.1428
-27.261
-44.3147
8.27002
9.43224
2.88547
-26.6678
4.90226
40.2577
-26.3183
32.6004
7.62778
-44.9437
3.95609
-4.94257
-52.0561
44.2299
23.6524
-15.845
5.71253
2.74981
26.3886
-3.37684
56.4766
23.8133
5.82519
4.89976
-31.247
26.31
-6.4653
14.4478
21.8037
7.6997
25.3151
-0.474253
-7.94893
22.3338
-21.4032
-72.447
-69.3524
3.99545
36.8612
-17.9134
4.37727
-51.2484
42.3611
-25.9443
-5.17412
-30.8952
-3.0435
-25.534
-13.6431
-47.3078
30.8593
-22.0859
-62.9862
16.3369
-20.7232
-18.3531
-2.14502
-12.329
-3.99472
-19.3694
-16.3032
8.39038
-22.9634
-47.6624
36.5712
73.2854
11.8552
11.586
-18.9884
-11.7924
-41.2586
23.1388
18.429
27.5779
-0.824643
15.6435
-4.89736
-20.8283
26.2863
2.13555
-21.8112
5.29951
23.9866
-8.41159
16.0689
8.66565
1.98046
2.454
10.4306
23.9182
23.7646
9.19726
8.25205
26.5293
0.311414
6.04192
9.05245
0.68198
25.8774
-27.7123
-22.6619
-32.6056
21.2091
1.44319
29.9757
38.0181
-10.1565
10.2803
4.88304
33.755
-35.2713
-5.82921
55.2086
50.2463
-12.7153
22.1758
-19.5784
-73.632
1.0561
-1.28581
-12.011
-8.43651
-22.1875
17.7372
-22.2763
-25.5043
-29.5491
4.82138
0.256052
-27.936
-7.53767
9.48255
12.9077
-34.1333
-53.8261
21.3748
-18.2126
-12.1465
20.2152
-37.8314
-6.61948
-52.9774
-6.09234
-30.6082
-31.4236
5.12575
11.7779
-27.6318
-21.4003
19.8361
4.19863
-6.6623
-40.6908
7.07722
-16.2349
-13.1966
-7.23514
-24.8112
3.7418
8.92817
21.1769
-20.7531
-30.7527
-22.6774
-51.0617
-35.7253
-21.1883
19.506
10.9526
-6.55615
-8.41422
-3.19895
-16.1743
-42.2476
1.5808
-8.06354
-33.5646
-1.94586
-8.5853
-0.756914
-14.1782
-6.98992
11.042
10.0059
31.3793
-4.66042
16.2641
-0.190042
-32.73
-37.238
-15.6482
22.6581
-24.207
-26.9727
2.00913
-35.517
36.1959
7.02544
31.7935
-16.5003
39.3562
8.97169
-7.49082
-3.66173
40.1485
17.3418
-39.2838
-1.34849
4.06584
45.1462
-43.7651
-20.8224
-36.1998
-6.87198
-13.3197
-9.66924
-2.1644
6.04042
-12.2537
-33.7683
16.2414
21.3111
8.14372
50.8135
36.925
6.79895
-25.536
-8.22073
23.8725
-44.6974
-40.7941
-4.72767
-10.2627
-26.9475
18.1449
-6.36498
-10.185
-24.6794
-22.3086
40.1204
-13.2788
4.82448
33.8306
-56.9298
30.8528
-23.9964
11.206
13.9122
7.42145
-30.4959
39.1237
-20.8782
-24.4483
-2.10279
27.7643
-1.32628
21.8108
-19.5224
-47.344
30.6997
1.50898
17.9187
17.1364
5.6403
39.98
5.52225
-16.0574
47.7343
-12.2987
39.225
21.879
-28.5549
8.9799
31.9279
-4.94316
-33.6413
-3.15092
-25.6413
38.5774
11.1026
-13.454
5.07818
-5.02553
43.4555
-32.5311
-7.86277
11.5009
40.8162
-24.1743
45.2689
17.992
29.8767
1.08069
10.8463
24.5294
23.526
-16.0647
-0.687255
-3.79834
-2.85107
14.2141
5.55941
-19.5864
-20.3176
-4.19443
19.9352
-25.6469
-7.35009
10.3383
-2.16994
-1.87411
28.9498
33.8457
-22.0283
15.8681
-22.2215
26.0438
27.601
8.35423
10.9404
22.3356
26.1697
24.4356
66.6629
6.28787
6.65334
4.71307
2.42755
21.5054
18.6833
-62.9088
-12.5065
-33.8537
39.7181
-3.41459
-20.0155
2.39704
21.8866
31.4494
5.01203
-34.6313
13.568
13.0421
23.5498
3.60907
-1.7853
-0.0817326
-16.308
9.65335
-9.11935
-3.91554
19.3919
-29.9072
43.3036
-18.9256
-3.16458
7.04599
-32.8624
21.7838
6.82434
12.4018
-21.2847
34.1274
-17.8366
22.7523
10.155
-11.9059
8.30733
-18.3917
37.754
26.6038
-23.7748
8.02967
-0.673382
33.6742
9.54458
3.35318
-7.6441
15.2122
-28.2844
-25.0294
-59.212
39.9772
25.704
49.9463
-33.2783
-30.0808
-30.5844
-32.8313
29.1129
3.41656
-7.04744
-21.7639
10.4374
4.36402
8.00736
-3.43237
-15.332
-34.6332
2.67596
23.8032
18.3647
-37.2167
-13.9518
-44.2569
10.236
-35.1176
-62.4047
-45.369
-13.9872
-39.9112
-10.3524
22.666
-43.6388
-8.16203
34.7727
17.9131
36.2407
15.5415
35.1294
-45.187
8.12534
38.0468
2.98319
27.511
4.76799
2.11747
5.86252
-2.51436
30.4219
-20.8859
-50.7484
-1.27891
-12.0683
7.11641
-27.4097
-4.41132
-13.5437
10.1305
10.9278
7.95605
-11.2967
12.7773
-3.12177
-5.84345
7.20707
-46.9649
-12.0097
-8.20033
35.9569
-9.33252
0.938271
-6.40292
11.5539
5.03666
0.494246
23.9227
3.63548
8.89597
-10.7778
3.98357
-48.48
-13.7669
8.57937
5.93696
-35.072
-10.5163
-16.0282
-22.9161
34.4965
-23.6808
-1.03182
-25.0719
24.3529
15.8039
9.58762
48.8791
30.0174
-55.4876
-25.6
-20.9142
48.4056
17.6389
-24.6159
10.6055
3.59136
-6.50083
13.9415
-6.5831
8.09558
-20.8047
-14.642
-28.8579
6.75106
-29.4994
-1.52734
14.4715
-13.4957
-45.7743
25.7653
9.34781
-10.9111
-22.009
-2.43641
-20.395
4.93777
-30.1415
-16.6409
15.0127
-3.12287
8.45501
-28.7477
42.2781
2.20236
3.49656
-46.7465
30.4216
-11.0705
-61.0824
-1.96513
-17.2611
-21.3097
-15.1524
11.026
-26.1283
19.663
-54.7231
-19.9587
18.8099
-29.3134
28.2819
15.3184
24.3
4.89506
25.5161
35.6259
-20.4116
-6.87113
1.28173
7.98998
31.1503
-21.0696
-2.80754
-3.0446
-45.2497
-29.9345
-24.4555
0.0311183
16.6678
-19.2769
28.488
2.79346
14.4808
13.8668
24.6967
3.67785
-0.811299
-23.2137
10.2377
-8.11079
-40.8473
-26.2087
-22.5842
14.9891
-10.3876
-20.7578
47.4948
41.5313
-11.0443
-22.2452
-50.701
31.3805
2.67445
5.69537
10.9831
13.4311
-23.804
-30.7369
-40.2372
-4.14611
-22.5449
22.8743
-35.1936
-4.06046
29.8284
6.81599
4.92595
76.9434
-19.3855
-14.0255
-27.9219
-11.0722
32.6806
3.42949
12.6602
61.0678
-19.482
-40.7352
1.35865
-5.19298
19.2485
2.37179
-38.5985
35.8732
7.19462
-6.53793
-13.1443
20.7825
-24.992
13.9143
7.77548
21.7572
4.64347
-27.8985
-25.1185
-23.2347
-5.88366
-29.2738
-10.4244
35.8709
10.1079
19.6101
6.89234
-13.6025
3.04131
-12.4867
6.6119
-25.052
-0.915253
11.1007
44.317
40.5152
11.0247
11.4972
-11.3879
-38.6936
0.797634
1.96857
9.37812
-19.5755
12.7288
-14.0436
27.3609
13.9806
-25.1151
9.49795
15.6054
-16.5232
-24.5724
-4.27969
-29.4756
-3.45572
12.7955
-45.4453
25.7931
8.10641
-22.9603
29.9556
-6.20688
4.21498
-8.41486
41.4834
9.97556
1.30023
2.55533
36.0452
-54.1298
-37.9519
48.7065
12.6842
-3.90939
29.5966
10.6691
0.715364
-6.72517
22.3929
-42.0474
4.26853
-4.13562
-12.8343
-37.3525
-25.9498
23.8157
-1.32867
12.0318
17.8226
-27.7987
-56.3436
4.38945
22.9402
-28.3064
30.8628
22.2582
-5.32278
51.3986
-17.7718
-44.1763
22.0332
23.6522
6.20472
4.29166
52.3136
15.276
-22.1407
38.9029
44.5874
22.4541
-4.11083
61.1671
-2.97986
-22.0947
-36.4017
-5.84256
11.4767
-3.31533
-5.97497
19.1926
9.09949
21.2951
-16.8167
11.5182
6.88046
-10.1056
-7.07576
-1.83244
-10.5183
-8.92883
-19.824
-0.513003
29.5799
-17.0127
-12.6119
-4.86208
-12.6355
-32.2717
38.5759
-10.3353
3.00883
42.9876
-14.1474
0.5665
-25.2913
6.54507
0.588518
13.3658
15.4997
-14.4809
-20.3507
23.1647
-6.50421
-1.34635
26.863
6.88401
-11.8034
3.30577
-5.41725
30.2947
0.812434
-3.5978
22.9757
41.3866
22.9558
43.0499
13.6001
22.6408
-25.3578
9.57822
33.4962
-21.7568
28.2581
8.57361
54.7546
10.0108
20.5358
-3.02936
-5.849
-25.5775
-5.78032
43.9283
-3.051
-14.4943
-19.6999
18.9534
-54.7271
-7.31545
-16.2071
-1.70182
1.60086
11.4498
21.5949
-15.9412
-23.8483
-49.6884
-2.21748
-2.53844
1.00295
5.24344
12.9619
-46.3022
-28.887
-10.2956
6.70489
-48.6815
74.0253
23.9607
-65.6656
25.8019
-22.2403
-57.0039
50.0064
-45.1655
20.025
30.8817
9.14637
1.78237
8.18349
4.35844
6.4554
3.06955
-21.3304
-31.7332
-30.7591
-11.0935
18.6238
-32.697
-25.6024
20.3398
13.6096
29.8884
2.02174
-7.19133
-10.1578
-17.3533
-43.1885
13.0127
52.5161
-21.5985
4.96206
-36.993
26.7959
-14.2653
-6.91003
-58.1228
43.6656
-29.9416
4.63718
-57.6297
19.3213
-17.1192
-3.87987
4.05306
12.7038
12.5469
-13.7506
-15.3356
12.0903
18.3757
24.3652
22.951
-20.6448
24.8201
41.4752
-18.4359
-9.28972
47.6609
2.66297
-23.6878
20.9579
8.71422
3.01143
-15.8585
10.1356
2.25557
-20.2679
5.7301
39.7758
57.5235
-16.707
-10.6892
-6.3001
-17.449
2.80961
32.6307
-2.26599
46.2049
36.686
-24.6034
24.9047
32.2163
32.3865
-22.627
-22.8275
-8.60476
-2.91859
-40.4273
16.4258
1.82913
12.6186
38.146
-36.0582
4.47518
18.566
7.74933
-10.8728
-8.99189
-10.5384
20.347
38.8808
-2.82592
-10.8276
36.8735
-27.7406
-21.6079
29.4639
-9.86974
-12.5192
2.29047
-22.4794
3.17115
-18.9706
-11.0383
-57.9928
8.92157
-29.2319
19.7641
-8.75194
8.33098
-40.9767
-39.3115
-19.2397
-18.7433
0.582159
-26.2508
-32.4574
-0.0251739
-16.5853
-10.7589
-3.05211
12.1343
-3.74499
19.1016
15.4535
44.5011
-7.4132
23.36
-31.0951
42.3073
-44.4632
31.9013
-15.678
-25.6168
2.7273
-28.0818
-0.709535
-15.4446
11.7207
-16.4483
2.86468
6.70814
-15.9601
-15.9294
-7.83981
27.995
-50.2965
11.0171
16.0364
8.60337
-16.052
-32.8314
4.4542
-24.5542
-33.3652
50.0002
-71.6205
-42.9916
37.2469
6.14316
25.7407
-7.32783
-5.16695
-2.35109
32.9109
5.30831
8.56206
37.2531
-7.046
-7.89443
-57.5334
-20.071
6.92528
-47.7285
-13.9311
1.34714
13.7789
31.9672
13.9849
5.95692
-28.743
-44.533
-66.4912
17.9277
-26.4212
41.7053
19.2364
8.81909
5.65207
-40.7301
6.11092
-5.13199
18.0176
2.81922
54.3531
-25.9185
18.3565
-18.7161
14.5156
13.7549
-19.6036
57.1861
-3.50264
-34.1358
-4.52051
11.4102
-22.679
9.12501
31.2324
19.1449
67.8066
-7.6802
27.7707
-18.2996
-18.7039
29.1291
6.73918
15.5522
58.404
2.81018
20.2405
8.49936
-17.3266
10.637
-9.23312
-24.6305
45.6787
-0.144909
5.77305
-7.09385
-4.2576
-10.5172
-15.6112
-17.1444
9.41467
-25.812
22.8958
15.8435
-10.5057
-6.85476
-41.882
44.3256
-49.2097
-15.5219
16.8696
9.54948
-9.81847
46.5041
-2.03515
-15.5398
44.352
18.9302
-26.1466
-1.07741
40.046
15.1332
45.474
-5.62642
-18.099
44.2927
-31.3727
26.4608
-1.37575
-5.50747
-16.3094
-5.94171
-44.5477
24.2192
2.67976
-71.3078
-26.5128
-16.1893
-37.0565
2.61238
29.0881
38.2638
-1.53084
32.838
-3.41976
-38.9819
28.5963
-29.0446
9.92318
-62.638
7.67798
22.2404
6.90875
1.94405
15.6999
7.64296
-20.9583
6.04127
63.9257
-18.247
-5.3363
-0.231329
-27.4193
48.1545
-28.104
-3.9337
-1.06209
12.4467
-12.0156
18.4387
1.26755
62.53
-23.281
20.654
51.6022
-8.32273
-5.5845
-70.0524
23.8284
-2.35672
-19.802
-21.7514
25.8588
29.9895
0.655383
-28.924
35.7583
14.8483
44.5811
12.2986
-21.2253
17.1885
23.7707
-21.734
61.9554
-40.444
-39.6922
11.373
5.19466
-14.3651
-15.3635
-25.2993
-3.13703
-3.27338
-32.8939
17.6227
-13.0443
-12.597
-59.0997
-0.183051
19.9233
-19.1439
8.75565
17.5164
43.1746
12.335
-9.25021
-4.25561
41.7902
-20.9754
-1.54286
71.931
12.3938
-13.1284
18.1369
-0.385638
-21.4887
9.38212
-9.51304
33.8239
-12.9446
8.31654
6.79333
5.25232
-22.6908
1.84182
1.44885
-7.59449
-3.536
34.3713
14.3495
15.1624
-34.1254
-32.9058
-43.9385
13.7211
-0.156508
7.98918
-54.1094
9.9205
-10.4129
-38.1355
26.3087
9.44674
1.9624
8.75955
-18.0481
-1.68226
19.2484
7.28304
-26.3459
-5.31639
7.81917
10.6297
8.14404
-11.03
-12.3893
-22.7178
-18.5663
1.83639
-14.7569
-2.65253
-6.75841
34.1571
12.8504
32.9467
-18.4009
15.5047
62.9739
48.6915
-16.746
1.21253
-12.6635
28.8022
-22.0647
1.56733
42.6492
-7.81399
-14.3389
22.676
-30.7044
-5.78929
10.458
-45.4374
-6.66123
14.298
-31.7955
4.15242
3.77492
7.27642
-11.735
1.91456
-20.6171
13.6605
77.68
-16.0367
-16.3839
-56.5869
-34.0665
-31.395
-53.0951
-33.2266
1.21394
18.3796
11.1436
-2.75367
-27.8466
4.85918
-34.7926
-23.3174
20.8631
-21.9694
-26.135
16.5247
38.4276
8.6098
-7.79639
-25.4441
-8.23848
8.34648
38.2262
16.8085
-26.0521
-22.2497
20.5594
-23.9743
-34.6568
4.43838
-27.7476
-3.10205
10.6996
17.8609
0.391081
-33.7872
-53.2275
-31.4861
-33.7721
-56.3899
-15.4021
-14.7285
78.0997
13.6586
-20.9526
2.32193
-11.3383
7.24201
2.97411
3.87906
-31.4801
14.5384
-6.57136
-45.0914
10.4532
-5.27344
-30.6822
22.9331
-14.331
-6.60535
43.2554
2.48839
-22.2532
28.957
-12.4522
1.26215
-15.3701
49.7428
63.294
15.2185
-18.6858
32.6876
12.6611
33.5971
-6.82553
-3.14311
-14.8281
1.25953
-18.6621
-22.4732
-12.3548
-10.8905
8.2576
10.4904
8.01933
-5.08123
-26.0033
7.14098
19.2342
-2.11574
-17.9864
9.28627
2.01108
9.55471
25.9003
-38.4501
-10.944
9.46812
-54.1438
8.18232
-0.232155
12.8828
-44.0144
-32.7769
-33.1582
15.1967
15.0482
35.0111
-3.31389
-7.59251
1.35956
1.95611
-22.1843
5.6942
7.02643
8.17318
-12.7212
33.7466
-9.45178
9.49981
-21.2659
-0.443589
18.232
-12.9794
12.4996
71.7377
-2.0102
-20.8248
42.0363
-4.96734
-8.53415
12.7919
42.7585
16.8975
8.27436
-19.6347
19.8886
-1.01792
-59.2837
-12.6317
-12.8636
17.3964
-32.6127
-3.58544
-3.85376
-26.0604
-15.3954
-14.3066
5.08481
11.1008
-39.4111
-40.6604
61.6106
-21.968
23.9964
17.0554
-20.9039
12.4035
44.2858
15.0998
35.4653
-29.206
0.775398
29.8118
25.8327
-22.2395
-19.746
-2.81185
23.4618
-69.8921
-4.69328
-7.81583
52.0252
20.3431
-23.2847
62.6297
1.19582
18.2726
-11.904
12.0611
-1.21382
-4.35233
-28.0991
48.6165
-26.9234
-0.322536
-4.43957
-17.6496
63.8315
5.69698
-21.3329
7.16825
15.4093
1.86091
6.84659
21.1902
7.25944
-63.4359
9.86838
-29.331
28.7698
-39.4817
-3.05766
32.899
-1.7774
38.44
28.3218
1.42642
-37.6646
-17.0144
-26.7916
-70.508
3.19472
24.3189
-44.6316
-5.6228
-15.8358
-5.62172
-1.31605
26.4113
-31.0546
45.1529
-18.0941
-5.15478
45.6392
15.0817
39.4545
-1.01154
-26.0819
19.5153
44.4238
-15.6129
-2.02449
45.9895
-10.5231
9.44911
16.754
-15.5043
-49.3802
43.8219
-41.9685
-7.0813
-10.8072
16.1432
22.9268
-25.7904
9.06961
-17.1726
-15.7005
-10.7826
-4.23287
-7.54379
6.44923
0.950612
45.8065
-24.5761
-8.66649
10.5187
-17.2621
8.62405
20.6006
3.2001
58.2881
15.4464
6.20179
28.7424
-19.0374
-17.9067
27.7761
-7.64467
67.6392
18.3732
30.9606
8.46334
-22.8926
10.9534
-5.37666
-34.1007
-2.86425
57.2185
-19.6971
13.6565
14.4831
-19.321
18.3106
-25.6545
54.3638
2.50719
18.1024
-4.6923
6.04605
-40.8697
6.24936
8.61999
19.4072
41.2968
-27.149
16.641
-67.4213
-44.5809
-28.4789
6.26845
14.0779
32.0244
13.3858
1.27754
-14.0296
-47.3417
7.77678
-20.1711
-57.265
-7.60315
-7.01496
37.2946
8.42783
4.20055
32.3301
-3.33112
-5.70005
-7.36029
25.7579
5.758
36.6933
-43.1254
-71.9113
49.8524
-34.3308
-24.9717
4.43333
-33.0572
-15.5481
8.6571
15.9689
10.5629
-50.4804
27.9859
-8.46762
-16.032
-15.5539
6.41763
2.85206
-15.7124
11.7717
-15.7231
-0.720384
-27.6975
2.91408
-25.4904
-15.6842
32.0247
-44.0703
42.4224
-30.6481
23.5975
-7.20687
45.3736
15.477
18.9437
-3.8137
11.9535
-3.0693
-11.3048
-16.7998
-0.0948125
-32.3018
-26.0908
0.760725
-19.1241
-19.598
-39.2873
-40.4913
9.32878
-8.42656
20.262
-29.0446
9.27746
-57.6137
-10.5168
-18.5638
2.99607
-21.7443
3.38547
-12.2892
-9.55151
29.7484
-21.2111
-27.0894
37.5937
-10.94
-2.42739
39.1875
20.1968
-10.4334
-8.42842
-10.3983
7.64704
18.3477
4.48935
-35.5478
38.1579
11.7721
0.994831
15.8459
-40.2892
-2.69477
-8.45508
-22.7651
-21.4993
33.1498
32.1946
24.9464
-24.3889
36.91
46.5041
-1.9206
32.4392
2.41275
-17.8642
-6.95103
-10.8763
-16.465
58.6166
39.4649
5.26092
-20.0909
2.75571
10.1318
-15.3942
2.26286
8.60431
20.6104
-23.4336
2.83618
47.09
-9.35003
-18.181
41.6124
25.0839
-20.8404
22.8028
24.0834
18.3848
11.7604
-15.4053
-13.6353
12.9809
12.9271
4.1182
-4.24714
-17.2453
19.1367
-57.7919
4.62092
-29.1382
43.6351
-58.0592
-6.72308
-14.217
27.1036
-36.5467
4.51149
-21.3205
52.2416
11.9134
-43.2454
-17.2411
-9.79427
-7.39464
2.18951
30.0218
13.4594
20.2614
-26.2797
-32.5615
18.9151
-11.1237
-30.5977
-31.5188
-20.6646
4.25387
6.33326
4.79598
8.08388
1.51944
9.25649
30.9166
19.4197
-45.3638
49.5208
-57.1383
-21.1228
26.197
-64.8084
25.131
73.9651
-48.7279
6.7077
-10.6361
-28.7897
-46.125
13.8028
5.5864
0.721251
-2.5026
-2.25766
-49.6301
-23.4311
-15.5418
21.6951
11.4613
0.997868
-2.16755
-16.3388
-7.27305
-54.7432
19.1945
-19.4517
-14.3549
-2.0936
43.4395
-7.02957
-25.3184
-4.95673
-2.38277
20.5942
9.82269
54.7474
8.94864
27.73
-22.1136
33.9854
9.66304
-25.1821
23.3024
14.3542
43.1051
22.3114
41.061
22.8766
-4.02678
0.506522
30.7069
-5.71401
2.78996
-11.7231
6.93691
26.7561
-2.1369
-7.2269
22.7148
-21.1686
-14.7347
15.4202
12.7768
0.553266
5.92948
-25.5844
0.760143
-14.1046
43.0393
2.20166
-10.7183
38.3245
-32.3743
-12.6863
-4.80257
-12.5937
-16.8577
29.9
-0.676118
-19.6092
-8.8924
-10.5545
-1.85769
-6.40415
-9.86879
6.94691
11.5368
-16.469
21.1626
9.30865
19.2072
-6.34876
-4.22821
11.5388
-5.58283
-36.243
-21.8911
-2.19266
62.1017
-3.64771
22.3142
44.8144
38.7175
-21.941
15.3879
51.9416
4.00093
6.54215
23.4742
21.886
-44.5776
-17.4562
51.7775
-5.33878
22.3026
30.6622
-28.542
22.408
4.19444
-57.1412
-27.9976
17.78
12.6017
-1.25585
23.6792
-26.186
-37.9074
-12.8523
-3.87396
3.87819
-42.0056
22.2773
-6.59477
1.37319
11.0125
30.0191
-4.02097
12.5903
47.9977
-38.9571
-53.8506
36.0342
2.10488
1.40178
9.43821
41.0662
-9.08502
3.78522
-6.04328
29.6195
-23.09
8.60978
25.4341
-45.729
12.8307
-3.45848
-29.248
-3.91389
-25.0157
-16.2454
15.9836
8.71511
-25.2195
14.0332
27.352
-15.0613
12.6852
-19.2962
9.43759
2.02585
0.512683
-38.7692
-11.2565
11.6092
10.8227
40.3009
44.7823
11.3728
-0.773322
-25.3604
6.74495
-12.446
2.53632
-14.0465
6.81942
19.6762
10.0245
35.6144
-10.7016
-29.4113
-5.99953
-23.4229
-24.957
-28.6873
4.92374
22.2632
7.79965
13.5263
-25.5529
21.0568
-13.1882
-6.55917
7.60717
35.4351
-39.5268
1.78525
18.9359
-5.36846
1.12466
-40.8298
-19.3833
61.8533
12.4
3.10219
32.2695
-11.2918
-28.0914
-13.664
-18.8434
76.8358
4.60582
6.66732
29.5584
-5.0697
-35.4733
22.2183
-22.3972
-4.3493
-40.1377
-30.7016
-23.0664
14.0045
11.19
5.81152
2.85243
31.4721
-50.8128
-22.0032
-11.2091
41.2729
47.1088
-21.6476
-10.7151
15.0093
-23.2132
-26.5246
-40.4693
-7.89559
10.47
-23.4575
-0.758652
3.86757
24.5297
13.5328
14.6389
2.41778
28.5665
-19.0041
17.3875
-0.476697
-24.7368
-29.9723
-44.8685
-3.21991
-2.873
-21.2459
31.6575
7.81626
0.748573
-6.94613
-20.1869
35.9185
25.4061
5.0449
24.5758
15.383
27.8746
-29.9047
18.5433
-20.2176
-55.5
19.6948
-26.6763
10.9109
-15.1896
-21.4483
-17.7283
-2.1192
-61.1409
-10.5568
30.8744
-46.9608
3.32723
2.18139
41.5167
-29.8049
9.00506
-3.45877
14.8774
-17.2676
-30.4151
4.66509
-20.5186
-2.42971
-21.4298
-9.95603
10.1299
25.8431
-45.3991
-13.407
14.1415
-1.19622
-29.7521
6.35756
-29.0281
-14.1475
-20.5261
8.07331
-6.47958
13.5739
-6.7009
3.44865
9.55829
-24.2106
18.1511
48.6016
-21.2662
-26.0067
-55.4099
30.7388
48.9339
8.95427
16.2544
24.5872
-25.4689
-1.8206
-23.6726
34.1296
-23.0646
-15.9626
-11.5078
-35.7644
6.27068
8.08056
-13.9305
-48.0938
4.48658
-10.6002
9.13286
3.47007
23.2091
0.766991
5.58294
11.4611
-6.50557
0.687706
-9.45895
35.6489
-8.27465
-11.7075
-46.8276
7.15845
-5.71131
-3.80406
12.8435
-11.4394
7.9774
10.8749
10.5349
-13.8336
-5.14375
-28.1595
7.40109
-12.1581
-1.26639
-50.5672
-20.7235
30.6573
-2.17018
6.25583
2.29961
4.82937
27.6071
2.98738
38.1653
7.97479
-44.7512
35.8429
15.7794
36.1023
17.7581
34.6875
-8.58965
-43.6192
22.4435
-11.8158
-41.139
-14.6456
-45.9778
-62.4593
-34.7782
10.1874
-44.0662
-13.584
-37.1646
19.8856
23.9199
2.65461
-34.2066
-14.8465
-2.90579
8.01429
4.41953
10.439
-21.4081
-6.96211
3.37039
29.2341
-33.1235
-30.1594
-30.1901
-33.0364
50.0707
26.0791
38.6411
-59.7729
-24.8345
-27.9299
15.6489
-7.07381
3.23235
9.61796
33.8886
-0.177833
8.73814
-23.6408
26.5444
37.6247
-18.6569
8.45712
-11.8756
10.1956
22.9939
-17.0417
34.0752
-21.7451
12.5376
7.05836
21.8188
-32.7379
7.17277
-2.44306
-17.8379
43.6026
-30.3454
20.0913
-3.97457
-8.83364
9.70401
-16.2599
0.0589288
-1.40527
4.16599
24.1028
13.0003
13.0485
-34.8639
4.85761
31.6832
22.5816
2.46685
-19.7129
-2.93605
39.6871
-34.5497
-12.798
-62.6943
19.0781
20.9084
1.98027
5.11385
6.77435
6.80717
66.6745
24.5429
25.7402
21.7637
10.977
8.25025
27.6326
25.9908
-22.116
15.4698
-21.4091
33.8497
28.8325
-1.97093
-2.8963
10.023
-7.44535
-25.6783
20.6451
-4.51771
-20.1101
-19.5322
5.61189
14.6386
-1.98042
-3.61822
-1.14201
-15.9462
24.0808
24.6807
10.8116
1.20875
30.1627
18.6911
45.0023
-24.4324
40.7134
11.7362
-8.18699
-32.1527
43.8854
-5.78533
4.29128
-13.733
11.006
38.9346
-26.0665
-3.48952
-33.6039
-4.61195
32.0645
9.24116
-28.1705
22.3467
38.4984
-13.0204
47.5186
-16.3176
5.23591
39.8111
4.77769
17.0446
18.0872
1.38469
30.0639
-47.1824
-19.2303
21.6701
-1.3413
27.3159
-3.23028
-26.0549
-21.166
38.4541
-31.1897
7.34911
13.4873
10.4261
-24.4873
30.28
-57.0853
33.5233
4.06042
-13.0294
40.0453
-22.6701
-25.1397
-10.1056
-6.28394
18.081
-27.7737
-10.357
-5.03363
-40.4664
-44.8708
24.4148
-8.15193
-24.2418
7.78101
37.5197
50.4158
7.45177
21.0111
15.8958
-33.8151
-12.497
5.89675
-3.31152
-9.80927
-13.6762
-6.81583
-36.1554
-20.6032
-43.0407
45.0872
3.83753
-1.24932
-39.2075
17.964
40.146
-3.48266
-7.6523
9.50849
39.1849
-16.6195
31.2021
6.23649
35.9697
-35.6429
1.5587
-26.7183
-23.9598
22.5669
-15.4986
-36.3791
-31.8825
0.32909
15.9527
-5.41908
31.3504
9.93928
10.6355
-7.27117
-14.4213
-0.774416
-8.65548
-2.45675
-33.9604
-8.36417
1.41467
-42.4255
-16.1632
-2.70484
-7.86541
-7.03266
10.79
19.3887
-21.4393
-35.757
-50.9559
-22.6282
-30.276
-19.8185
21.5896
8.94234
3.46595
-25.0894
-7.43411
-12.9498
-16.6281
6.68517
-41.2963
-5.89629
4.5383
19.6761
-21.3781
-28.2408
11.646
4.41025
-31.4784
-30.652
-6.26583
-53.3307
-6.76096
-37.5971
19.8132
-12.0214
-18.0761
21.4911
-53.6427
-33.296
13.3483
9.84709
-7.2372
-27.669
0.447565
5.39157
-29.4136
-25.5583
-21.9344
17.9749
-21.8768
-7.94902
-11.544
-0.917369
1.31704
-73.1605
-18.2237
23.5801
-12.2139
50.8363
55.103
-6.01453
-35.0507
34.0032
4.88049
10.3354
-9.69574
38.2522
30.1623
1.44946
20.5511
-32.5047
-22.1644
-27.4654
26.3
1.84627
9.20796
6.33947
0.130511
27.3916
8.20429
9.36705
23.6157
23.8468
10.1857
2.56216
1.88058
8.79771
16.3276
-8.44423
23.7778
4.89676
-21.9369
1.98793
25.6499
-21.8431
-4.32125
15.8048
-0.85866
27.5133
18.2608
23.0626
-41.2615
-11.728
-18.793
12.4014
12.2805
72.9425
34.9623
-48.0519
-23.2348
8.3987
-17.7893
-20.0233
-4.44279
-12.9073
-2.62358
-18.3843
-20.8201
15.9096
-63.0027
-22.3557
30.3897
-47.9084
-12.9063
-25.5109
-3.17721
-30.8375
-5.12041
-25.8364
42.114
-51.1406
4.56858
-17.2358
36.8187
3.45793
-69.3876
-71.8179
-21.5173
22.5118
-7.51683
-0.356329
24.822
7.47895
21.5926
15.2453
-6.28536
26.2693
-31.1146
5.7662
6.00889
24.3047
56.5854
-3.44062
26.5897
2.03114
5.41088
-15.9101
23.1385
43.2429
-53.4148
-4.79624
3.57069
-45.2723
7.65302
32.5643
-26.3178
39.864
3.78436
-26.7172
3.35031
9.08414
7.93251
-45.0404
-27.3481
-51.2606
25.0221
0.681503
-13.3316
-27.6286
-18.9352
-13.502
40.3638
-9.72026
9.23931
-14.7261
39.3194
-36.6262
-78.9844
-13.5908
50.8603
-15.3984
33.9032
11.6542
7.29456
38.6792
5.39173
15.7053
-9.15035
12.599
-29.0986
-18.9349
17.7454
31.3727
-17.6643
10.0931
-21.7247
-8.4284
58.3335
15.0561
-0.775305
-11.1097
-0.981634
-22.4004
14.365
-18.2329
4.58138
6.18941
-13.193
-12.637
6.32248
-18.7467
3.81479
-11.855
-2.48911
-40.9576
-37.1787
43.082
19.6022
10.124
-6.18199
6.00948
-9.85516
17.6241
-2.33433
19.4062
-11.4385
52.672
9.71904
-2.66046
-47.4363
-41.4201
-16.7035
-10.3506
54.7005
35.2118
27.5088
32.085
14.8896
34.1999
-55.5912
-10.7533
-20.6065
17.4077
-15.2031
-24.4271
2.11908
3.35111
7.66201
4.87884
54.6701
-13.2766
-0.478243
-1.91956
-10.7582
10.3
53.6433
-19.8796
8.09814
7.78529
24.0817
-32.7933
-21.5399
15.5862
-39.1176
1.54675
5.26628
-35.4131
-28.6498
-50.5125
24.6165
-34.7266
1.64998
21.1758
-32.473
-0.472285
-1.73079
8.48117
30.1153
3.34093
4.02157
-19.3508
55.4485
31.9482
20.0316
-16.6391
74.0502
0.658592
5.54806
36.7041
-0.271506
51.546
16.1383
0.64486
0.0089992
-28.6945
9.05299
-48.0395
-9.25307
-4.66652
43.7091
20.5089
-14.6517
-25.4327
-12.8021
-10.4741
-31.989
-74.8715
-27.2893
-6.55776
-0.687407
16.8979
-3.85652
-2.76482
50.9401
-13.4627
6.00411
3.98835
6.69664
-28.6565
15.1171
14.1397
-10.3785
2.15891
8.40184
-24.1078
-20.8682
11.2528
-23.4744
-36.0518
-59.9154
-14.2982
-26.7262
15.5158
-20.8129
39.498
19.9572
22.1119
-9.50621
52.015
48.6236
13.3728
29.5009
-23.4115
-19.7494
7.10391
-16.0424
-21.7011
-6.18383
13.6554
17.1967
9.44682
-12.3114
4.38159
-44.5521
-2.97819
1.34351
-2.66926
4.84261
44.0585
3.35397
-42.5969
-3.01958
-19.4418
-24.4982
15.0641
-27.518
34.4365
-13.5196
38.9656
5.16873
20.3473
33.1825
18.7901
-22.5145
-43.5197
-17.7023
-18.309
3.74313
-13.6202
-34.7612
48.0221
51.5574
-11.349
-29.257
-29.6372
27.9788
-7.37926
-35.6268
21.6402
-25.5381
-8.74995
12.24
6.653
-8.91913
-4.78892
-14.3567
19.6331
3.39129
21.5523
-48.374
-8.30114
-14.4716
16.4169
-18.484
-12.3297
22.4042
-43.809
0.601111
0.916051
-7.33479
20.4634
-12.493
35.0997
-5.51689
50.4631
-15.8457
42.7596
-0.947034
4.61742
50.2024
5.88181
-23.2125
12.6829
31.3535
52.3319
40.8539
79.2145
11.1529
-43.0639
-50.7534
-9.71578
15.6425
-13.866
39.6903
32.4181
-10.489
75.1691
10.7017
-25.7243
-1.42253
-6.3386
38.7871
-12.1018
-5.46605
-66.8915
-23.2678
26.4309
-1.61717
14.918
-4.97151
5.87816
32.5635
11.5975
-9.29887
13.2653
21.0116
-51.3912
1.14685
-17.113
15.0427
-27.3829
14.9829
22.6885
-12.504
34.9704
29.7693
66.2859
-36.4017
-8.70322
-6.20261
-18.4624
-21.8501
6.77176
-5.16612
-41.9288
32.7121
-29.7798
-0.582352
8.29508
-27.394
53.1116
-24.2434
4.71512
-20.7841
-12.3362
15.895
11.0473
-28.75
40.9769
-54.3146
-8.07366
-29.38
14.7829
29.5066
5.20315
-0.611444
62.0159
-33.377
2.36372
73.6985
-3.61359
-2.15282
7.61986
4.99512
-1.65431
29.6044
2.50424
-8.20857
14.5252
-19.0111
-37.4665
14.5163
3.813
39.0285
22.0161
9.76701
-10.0855
20.7783
-14.0107
37.7657
-13.1206
-3.8905
-21.9062
-41.1007
-45.2329
4.82215
-5.89612
-12.7166
23.399
-0.438336
19.6732
-14.1279
13.909
9.37079
1.28364
19.5991
-13.0355
27.1355
14.7424
59.9138
14.5642
-32.6004
8.80368
-17.5759
18.6452
12.9463
24.2232
-13.3203
13.9434
-11.6505
-39.4262
0.488804
51.1538
3.36196
-13.9181
-5.10389
4.35034
-35.6924
-14.1865
-14.3609
-7.56596
38.1976
31.6598
3.86768
-11.3527
-2.77046
20.9258
32.5885
11.164
-32.5338
39.7259
-51.515
-27.2641
-11.2741
39.0016
5.26671
13.3689
7.74689
10.2128
23.7493
23.25
-11.4566
35.9155
-41.2898
-30.1332
-27.4965
17.5727
37.6291
-42.4435
-4.23215
-45.2746
-18.3528
1.65062
-4.98758
-11.067
7.84105
49.0107
-27.3339
34.8751
0.109007
12.9237
23.0129
-19.1268
1.10703
-40.2454
31.0238
10.8054
-15.3179
8.69646
-11.5002
-19.6627
-3.30733
16.2628
-21.6068
-8.21911
5.66057
5.90398
-13.9624
-12.7007
26.9256
-19.4285
49.1399
39.4173
39.9968
-5.08073
-25.4443
20.1125
-8.57323
1.75252
-35.6641
8.13259
-25.6101
-20.7299
-10.5323
11.0405
-10.2396
58.4771
-13.903
-17.7299
26.5268
44.9057
-0.20076
40.4732
-19.3173
-4.14348
25.1032
15.8734
-13.8221
27.5143
-22.8386
-19.3533
-14.124
32.3955
37.0192
-3.13521
16.3326
-17.617
-18.2807
-12.9282
45.4338
-2.36516
13.5842
22.2754
-46.752
-31.8312
-14.3911
2.37788
0.104964
-7.34634
-14.3955
-9.14895
-10.3578
33.8451
-20.5054
-32.313
-8.70443
18.6063
1.25385
-5.00392
-10.4298
8.30392
27.6494
-12.2097
-19.9437
20.9559
8.45497
13.6726
33.4062
-44.7517
16.8184
-39.6224
-46.74
-51.2
-9.26429
-23.1702
36.4306
-24.0337
-30.8282
-24.1477
1.95344
-7.72072
-30.9937
35.945
7.03745
1.48044
-12.651
34.7223
14.232
6.48432
61.5475
2.66945
-27.5224
18.0974
8.46626
-20.509
29.8919
-42.8757
61.4522
-4.94153
-3.54085
8.44003
6.93528
13.6412
38.2979
23.8773
-18.9107
-12.5029
-11.4226
-37.3472
-38.4941
35.0857
21.9376
13.3021
-34.8989
-31.4606
38.6258
16.1633
7.30258
40.743
51.6748
8.85769
-10.862
28.0685
-23.3546
-9.51831
18.946
-27.0583
4.42654
12.3885
7.76952
6.22247
-21.4244
-20.4681
-39.6081
16.2951
-12.4745
-31.6062
25.1493
24.8507
-36.5905
10.9278
-4.48813
-15.7321
-28.1002
6.21826
-27.681
-15.9506
-24.8707
-38.8305
6.27238
4.58147
-2.7302
41.5343
4.36133
-22.7187
-29.0594
34.6266
26.4267
30.989
47.2538
12.1228
-6.64899
30.7083
19.07
17.8629
-34.3984
-32.4681
-3.43356
-2.86617
-13.4113
1.28131
-6.55111
2.50293
51.9099
-5.45013
-5.82734
-31.3891
-35.3068
-10.1071
17.083
16.9798
-25.9333
-30.0386
-6.36324
64.1211
-21.0809
-1.62165
25.1168
-30.2961
31.4359
-11.3549
-26.2477
19.0729
2.56244
21.6006
-48.1731
5.11233
4.25721
37.6369
35.6674
-36.5167
-15.1131
-8.87629
12.6614
9.99361
-45.6298
-5.02831
21.2337
7.81104
-25.5422
-19.5226
-16.5637
-11.6804
24.2057
8.69695
5.91291
4.82322
-5.15498
-7.30462
16.3721
15.505
-8.78539
21.1406
-15.1473
59.4423
13.1077
-35.6453
12.0592
-5.94801
-4.88192
-25.8691
13.9685
24.29
56.9568
27.1907
-29.3166
17.4292
-52.6598
-64.9823
7.932
-0.29063
-17.47
-11.2898
-13.6044
-5.50532
-42.7359
22.1619
24.2455
43.4408
-14.6086
-17.9568
-71.7817
24.0076
-32.7659
-34.8673
22.6851
15.9761
-16.9024
-46.8219
-4.67568
0.465202
-9.94045
-18.9405
