-19.4869
-19.1991
-5.77501
-25.2307
42.4849
-3.89621
-9.84716
-13.2138
6.86922
-10.0873
4.02185
8.68327
2.18023
-6.5748
-2.6211
20.5746
11.3289
-8.75572
-7.82475
9.84929
-0.634266
13.5793
7.5097
1.25183
-7.06157
23.8473
21.0332
-17.2532
3.65105
-5.8444
-24.1359
12.8144
2.17832
-7.70371
4.15408
-7.48581
27.4507
7.89342
13.585
-13.5483
6.78642
0.0591531
-7.51399
6.39527
9.8985
8.59318
-10.145
-0.122224
-44.6114
-3.15264
-16.5289
-13.646
8.26333
-10.4856
-2.21224
-5.34278
19.0538
2.54473
9.29324
3.24408
7.75798
-0.0496025
10.413
-7.59547
3.17733
28.3277
-2.97631
-8.18446
-8.17983
4.17958
-19.3997
2.95399
-16.1934
-1.18917
17.4015
2.96329
6.88543
9.91458
-7.02135
17.7458
4.76613
-12.2481
9.16237
-3.91035
-5.81075
4.29386
38.7296
0.0866791
7.11571
-13.0272
-9.75276
0.594492
17.6952
-0.38199
13.3529
14.7271
20.2718
-8.30726
16.0198
8.70791
-0.159857
-3.81204
12.2829
5.51857
13.2985
3.78493
3.18667
-12.5046
7.65889
15.3029
-15.8468
-22.718
11.3475
5.455
16.4764
26.7708
6.14213
13.57
13.8839
-4.75963
-7.72835
-2.62399
-4.06325
-10.9494
8.86488
-3.71036
-13.0459
-10.1761
20.2974
3.66097
-11.05
1.11278
-7.75677
10.0296
5.73802
-16.2726
30.8627
9.14324
-13.524
-2.12633
-11.7952
17.198
-17.2672
-3.47492
-18.0933
2.05513
13.3738
-0.539468
5.84461
13.5999
8.61654
1.42191
-6.36708
0.522892
-19.7361
-3.51544
-6.99804
11.5848
6.92804
8.63562
-3.92629
-20.5907
11.1671
-17.7124
-7.49463
-5.93933
7.0938
-16.0453
0.626469
-14.6245
2.88284
-3.83783
19.3665
-2.78319
8.43846
15.4102
14.3693
9.69711
12.1555
-9.81
-23.5757
-1.64074
6.08642
-9.00654
-2.16669
-15.8464
-1.44705
-3.75217
-0.460053
-27.0044
11.2135
-1.7826
-9.12993
14.0679
-8.98931
-1.98597
-16.8929
1.20988
-16.2258
-0.506153
-1.90671
-10.7471
1.44732
6.6332
7.96658
0.905824
8.76118
15.6654
-3.78536
12.2389
-5.7036
18.1067
-19.1738
1.70838
-18.8571
8.64098
-22.0825
-2.43511
2.39033
-16.4188
-9.46762
-14.0109
-2.62865
-12.0114
-10.7954
-13.3363
-11.9927
-13.5176
-5.55773
-12.4289
1.41258
6.35041
-8.90368
-2.60648
8.10644
-14.6407
18.5038
-1.06238
-9.35894
-3.59838
-5.58
0.788674
14.441
13.0258
-8.49225
-8.88878
18.5985
-1.61293
-21.2108
12.5668
10.8944
-10.8764
7.08513
10.1884
3.95935
-19.1818
-3.78691
3.1663
-2.04229
-1.37985
26.4548
16.4183
7.6411
-21.3128
-13.8896
35.2393
-6.13307
2.70799
-1.74716
-3.71481
3.32464
-14.0578
-5.05449
1.76289
28.0119
6.40805
-5.63033
-26.3995
12.1399
8.8233
-8.32371
-0.0343823
-8.46587
-5.40148
-8.95043
14.0907
11.6894
-3.07714
-5.90018
20.713
3.85457
8.33101
-23.2897
7.46254
10.3062
-2.25747
-1.16752
-21.2963
-0.452013
19.6859
-7.73322
23.0939
-2.23818
-11.0879
-7.36036
-20.8909
6.68982
-7.21688
3.5329
-10.2305
-8.56236
-2.12734
-23.0645
-6.24916
17.9212
3.21467
-6.18945
-15.7439
17.2165
18.612
-8.76344
0.746436
28.7594
-24.3365
-1.81463
-15.0892
-2.77835
20.4218
-1.96026
11.4094
-3.96497
-12.026
-0.590508
0.423053
-28.2671
-3.54632
5.78866
-13.5774
35.8528
-6.16431
-2.25624
6.43563
-7.01636
-15.4338
-9.72458
4.83299
0.740212
-19.27
-11.6237
15.7687
-0.399828
-18.351
-7.10633
-9.17718
4.55861
-4.18762
-11.5146
0.248102
-3.45169
10.5684
10.2046
-0.161137
0.0521981
14.9879
12.4645
11.5879
6.84109
5.18867
-14.8839
-5.35386
-4.49939
-0.333068
13.6273
15.18
-22.4775
-15.0326
-9.51723
1.41679
-15.4522
-2.33071
-11.0232
-2.93546
-12.3016
-2.21985
1.88097
-11.1201
-1.50255
2.23244
-6.8517
14.564
-15.653
-22.9107
-15.5331
-16.7494
-7.93799
-1.79463
14.8292
6.23746
-26.299
4.3236
5.31556
-5.34366
8.99195
-5.84005
3.15121
-17.0073
-10.9735
16.1667
-17.7579
-4.73069
3.89771
-11.2393
0.63875
-5.99379
1.64339
3.5041
19.7004
-2.53727
-12.903
-5.03158
13.9034
8.03902
5.95107
6.26051
-16.1636
12.1606
8.07022
-22.7295
-4.54277
18.5067
-15.8184
4.95136
-23.4893
26.8585
1.95933
15.2274
-6.4241
23.6584
4.42525
11.6555
5.46997
-8.14761
12.8381
-6.31346
15.2237
-5.69056
21.3208
-3.15533
8.23311
-1.61224
19.8954
-13.7446
-13.0242
-6.84029
4.25539
-2.92057
5.8823
-5.77476
-6.11566
16.1204
-6.11142
16.3527
-0.166345
8.052
17.2237
31.8081
11.7027
-18.8283
0.586878
-16.1628
-14.4008
11.0526
-1.71416
10.8841
-1.35696
-7.07372
3.00555
6.25255
17.8852
-11.3301
-10.5566
-25.4256
-4.74267
-6.6551
12.7804
-10.5233
-5.84684
-5.32416
9.49364
7.24421
23.8791
7.00656
4.65436
-3.47384
10.1085
-8.59698
-9.8288
-8.35288
-0.294919
8.42624
-45.5783
9.0948
-0.113518
-8.96152
-9.93169
-8.17014
9.77421
-3.28124
4.29933
7.76196
24.039
7.51853
9.39676
-5.78468
-6.1324
-10.8287
12.5061
-7.02044
-5.05951
-25.3112
-10.376
-10.8017
17.8088
6.33275
2.91389
-4.74569
-1.27648
11.0619
-1.12881
11.2938
-14.5975
-16.4816
0.469155
-18.7002
12.8995
31.8043
16.6523
7.01797
-1.21803
15.9766
-6.11225
16.0507
-6.11651
-4.85026
5.43076
-2.88372
3.78537
-6.67552
-13.6497
-13.7394
20.8976
-1.62659
8.72278
-3.27973
21.1465
-6.36475
15.2754
-6.54176
12.963
-7.30341
5.43619
11.6548
3.77329
24.1066
-6.97169
15.543
1.92396
26.828
-23.5354
5.04973
-16.0638
18.2958
-4.63591
-23.2268
7.75847
9.52294
-16.5683
5.60273
5.69705
7.44348
13.5972
-5.83065
-13.0386
-1.81673
19.6953
3.98442
1.57006
-5.81707
0.439458
-11.3663
3.5831
-5.08663
-18.1488
15.3657
-11.747
-17.7797
3.14862
-6.15036
8.92294
-4.56887
4.83597
4.47554
-26.5265
6.04297
14.4834
-1.70396
-7.72254
-16.5362
-15.4953
-22.3502
-14.9209
15.1201
-7.67016
2.08584
-0.686247
-11.5736
1.73141
-2.73178
-12.49
-1.87886
-11.0104
-2.13888
-15.6091
1.81483
-9.45174
-7.84474
-22.3521
15.9275
13.2267
-0.755323
-4.31379
-5.46726
-14.59
4.87568
6.75889
11.1128
12.4624
14.5078
-0.00249208
-0.470379
9.91357
9.59896
-4.23288
0.160831
-11.8562
-3.61641
4.74304
-9.71121
-6.93888
-18.7807
-1.40857
15.6431
-11.9103
-19.5732
1.0022
4.44484
-9.72886
-15.8874
-7.45532
6.91056
-2.07532
-6.71301
36.3948
-13.5516
5.46946
-3.18086
-28.4725
0.864571
0.138352
-12.5839
-3.5709
11.5126
-1.87541
20.5137
-2.6187
-17.1725
-2.35354
-23.4326
29.9773
1.13054
-8.60929
18.0765
16.9208
-16.2611
-6.11309
3.63624
18.0011
-6.63134
-23.8159
-1.93253
-8.72939
-10.3007
3.63145
-8.01507
7.15102
-21.2534
-7.02263
-11.1184
-2.46567
23.5293
-7.85872
20.0691
-0.86008
-21.8571
-1.05967
-1.72217
10.6715
7.28789
-23.2595
8.26262
4.51181
20.5462
-5.51598
-3.37006
11.4868
13.5439
-9.09091
-5.43099
-8.29635
0.118902
-7.84949
8.93525
11.6826
-26.5088
-5.30474
8.89002
28.2288
1.44288
-5.68927
-14.3805
3.57011
-3.55335
-1.34042
2.32164
-5.38254
34.7096
-14.0746
-21.5043
6.9507
16.4259
26.2388
-1.95472
-2.06207
3.43634
-4.36571
-18.6576
3.4829
11.1346
6.78682
-10.7853
6.5913
12.4952
-20.9001
-1.08533
18.3904
-9.21414
-8.46251
12.7494
13.7225
0.0787703
-5.71158
-4.0857
-9.85058
-1.15553
18.5031
-14.22
7.64066
-3.20257
-9.77618
6.61297
1.00681
-12.2794
-5.42538
-13.9893
-11.6404
-15.1845
-10.9188
-11.5952
-2.08537
-14.2367
-9.34126
-16.5205
2.89091
-2.30292
-22.2785
8.71043
-18.7514
2.32044
-18.8142
18.0781
-5.32864
12.3099
-3.73918
15.6952
8.79097
0.460328
7.51367
5.75386
1.91148
-10.8341
-2.15032
-0.79419
-15.7396
1.54623
-16.6377
-1.18957
-8.551
14.1186
-9.75628
-1.83484
10.9595
-27.1566
-0.456408
-3.92445
-2.11621
-16.1939
-1.8305
-9.04523
5.71135
-1.82692
-23.5077
-9.1371
13.0541
10.2754
14.1542
17.4793
7.70372
-2.63997
19.2381
-4.29986
2.34053
-14.2335
0.458299
-16.7358
7.20723
-6.62035
-7.45487
-18.0266
11.4734
-20.923
-3.41434
9.17802
6.35733
11.7565
-6.02739
-3.18441
-19.3965
0.683579
-6.38155
2.01102
8.24049
13.3576
6.18005
-0.843137
13.6529
1.69153
-18.3604
-3.7007
-16.5565
16.9591
-11.4512
-2.29198
-12.707
9.12924
31.2436
-15.9307
5.39973
9.50062
-8.22303
0.983313
-10.8449
4.03513
20.0501
-10.8945
-14.0632
-11.1275
8.68381
-11.3731
-3.78232
-2.27904
-7.57576
-5.47017
13.7906
14.5287
6.29651
26.7652
17.4206
5.18896
11.302
-22.949
-15.6191
15.818
7.96429
-12.5622
3.66111
4.56162
13.2436
4.78404
11.7142
-3.94735
-0.0396723
8.50987
16.0954
-8.40998
20.3157
15.5884
12.9904
-0.702753
17.4891
-0.0962592
-9.81874
-12.9433
6.95391
0.180006
38.8014
4.07749
-5.57282
-4.44195
9.08636
-12.3646
4.8333
17.5477
-7.31544
10.0923
7.3727
5.42252
18.179
-0.758965
-17.1579
2.3637
-19.5715
4.35323
-7.56239
-9.10263
-3.05655
28.0715
2.64159
-8.56531
10.0059
-0.0836535
7.76951
3.17485
8.42984
3.1145
18.8154
-4.87947
-2.45591
-10.4843
8.37489
-13.8787
-15.4788
-2.73227
-45.1898
0.901037
-10.4981
8.44337
10.1159
6.30849
-7.19741
1.45149
7.13127
-13.634
14.2293
7.84486
27.9981
-7.07209
3.36009
-7.50577
2.74997
12.3843
-24.477
-5.23277
3.2639
-17.6574
21.3141
21.6791
-7.04083
0.773514
6.98921
14.3209
-0.84398
9.28432
-7.81231
-7.99574
12.1294
21.0235
-2.6044
-6.80307
1.94045
8.70597
3.89736
-10.4854
6.90138
-12.7035
-10.1518
-4.23074
41.7827
-25.6527
-5.31034
-19.7933
