0
-16.2325
7.58344
-18.029
14.7212
7.38868
-4.24507
21.7471
-10.9265
-0.681333
9.10666
15.3579
10.9634
-2.88549
17.3516
29.8476
5.64415
-7.39101
-1.49732
15.3115
2.67004
13.405
-0.120508
-0.109909
-5.15675
18.8647
-3.02853
-26.6153
6.506
-18.8875
6.23596
15.4378
-4.75067
3.29718
23.0859
-29.1418
14.2444
-3.26267
-27.4324
-5.71794
13.9913
7.48446
7.93131
0.306886
8.5931
-19.3407
-8.05772
-23.1528
3.64454
-22.028
21.195
-5.56347
-13.1259
10.803
-11.5139
12.2135
13.2018
12.2498
8.299
2.0215
-4.48458
12.4126
-4.95585
9.05638
-4.88727
9.17695
14.1883
-21.6936
-8.66165
-3.52272
6.82085
-4.71617
18.2854
-0.14879
12.8104
3.31725
-3.77375
7.11099
7.74844
16.6842
8.91937
-5.73322
0.361046
-16.9152
5.08436
-16.2768
-0.553728
-2.15728
16.9486
2.13654
3.49373
-19.6969
-6.93255
-0.432305
20.0366
-20.4577
19.3422
3.24072
-1.79345
-27.7188
3.85455
5.93798
-5.62949
-0.524365
5.2169
6.30585
8.75105
-12.0996
-8.73469
-9.53791
12.0422
2.08857
-17.7303
6.34402
32.821
8.78476
2.92588
21.6776
-30.7789
8.22503
-8.3793
-9.23469
-14.4147
-0.740506
6.16446
-12.8002
7.64969
5.07347
15.3833
-30.9664
-17.0239
15.4113
-31.1465
9.29866
5.09102
-3.60349
5.00214
-13.3997
-8.8756
27.1491
-20.5523
-17.6141
17.2873
-2.49591
15.2492
-25.494
-10.5604
-10.5357
20.1407
13.2647
-7.53446
1.55199
1.31866
-10.6305
-11.7197
-11.367
-8.20533
-16.688
6.49987
-4.16744
18.9609
2.96342
-1.68857
-1.32066
4.70526
23.3462
-3.86297
-13.9347
12.8088
-7.27243
7.08644
-23.2882
1.86073
10.2198
-17.2954
24.3331
-5.81979
1.02185
-2.84649
-3.05983
-11.1206
15.9656
-9.27311
-3.69011
-23.5186
9.93261
-3.95131
-13.5018
-1.7101
-11.6525
-6.45113
0.538103
-11.7027
-18.6548
34.0492
1.32297
-1.89363
13.3964
-16.0098
2.02344
-8.75249
17.2856
-4.4544
27.434
5.53502
-2.08221
10.0632
7.31649
-12.0671
-18.1631
-3.98206
9.14436
-5.16198
3.42611
-36.7505
7.79944
5.76352
26.378
17.094
4.959
-16.216
-7.60477
-16.2253
15.6864
-17.5212
-0.961883
-9.60341
29.1103
-6.84147
-4.82474
-0.608314
-5.88176
-17.8939
24.2773
2.8455
6.90389
9.72897
-5.49948
4.26367
13.3463
-4.96229
23.5858
-9.84507
1.81818
9.62611
11.2434
22.682
10.4329
-7.56251
-28.482
2.10289
25.8564
6.23597
3.1989
5.38537
-8.37049
7.66722
11.545
14.5345
14.9457
7.41205
12.8348
-6.40134
9.87992
7.33623
2.68974
8.90112
1.63056
-17.8642
-27.2084
1.75661
23.952
0.499484
-2.8132
7.45234
4.08598
5.45252
-18.301
-1.96283
7.93131
24.9268
-13.1897
-15.6094
-14.3789
24.298
-1.25207
-17.7374
7.02292
-6.06986
-4.52103
0.400392
28.5715
-4.5795
-1.12449
-0.692227
-1.42886
-23.4033
6.3746
-14.3738
19.5119
-16.3935
10.3451
-9.36027
4.33908
-9.34694
-16.9937
23.5663
-26.2843
12.1317
-22.6639
-3.65131
-3.18585
-5.52946
6.58735
-19.44
2.30421
-30.6703
-0.631758
4.09718
-18.5362
15.5106
14.484
-7.86825
-13.8452
1.98911
24.1105
0.409132
-23.4099
-0.0641059
5.73428
-44.1604
8.64935
-5.73355
18.5042
8.36753
-15.2656
10.4757
-3.52177
7.58022
-1.62252
2.81202
5.26278
4.61541
24.3611
-13.6164
4.93146
21.0541
-7.9609
11.5938
-7.1074
-10.7905
19.6777
17.6402
0.220934
-13.5961
-17.6486
-7.10282
9.20652
-2.69416
9.72773
-14.7808
7.46745
12.528
5.55211
-8.31113
8.22154
2.50908
20.7964
11.0504
2.02367
7.97999
19.3485
1.79016
3.22972
-8.6604
-2.20669
-12.5202
5.88248
7.87181
15.2109
7.6129
4.09063
-5.55453
8.42856
-6.14152
-8.72629
-10.7988
-11.7079
10.2612
3.75974
20.0577
21.3265
4.08407
-9.44647
-0.433311
20.5543
17.6221
-13.2441
22.3017
7.13199
-4.28031
-5.34604
1.96706
1.50074
-3.0207
7.62158
-3.40577
-24.1371
12.1435
-2.6524
0.105929
5.07382
-9.44288
2.59478
-11.941
5.58435
17.9084
-14.9944
10.8724
3.93917
-12.0619
14.8128
-0.219108
1.40691
7.26379
15.7025
-3.14006
14.4207
8.36325
8.27276
-8.85988
-9.62397
-9.66129
-7.2447
11.9032
-8.17269
-22.9977
-24.9318
21.1663
7.92727
-8.02926
20.8452
-4.63637
26.4649
0.839226
13.7697
-8.16762
20.7009
-1.86369
7.65945
-5.08621
-2.1771
3.98052
-5.95603
14.2802
-9.11458
17.3731
-14.4341
3.54038
-5.30566
5.20039
-30.8158
-2.64555
5.32115
14.7824
-9.36551
-7.18113
-7.6496
-7.48713
-0.398173
-4.59544
11.3065
-11.8712
-17.2614
-13.9507
-7.24452
-2.78099
9.0514
-26.6942
-22.2849
-9.07059
-12.7663
10.6273
-4.59572
9.30258
-19.5378
2.48913
-5.81597
8.14445
15.015
-22.7399
-14.952
-15.1144
2.47471
-5.60142
16.1298
-7.24409
2.57867
2.85233
16.4258
8.37067
14.1841
-19.0754
-11.6863
-7.88975
-8.4415
-16.5328
-12.9109
8.06258
-15.6247
-8.89515
3.09155
39.6176
-27.6288
-20.3897
22.2527
-9.70371
15.9585
-13.9916
12.24
-18.5915
-2.18964
-5.68191
13.1558
1.51208
14.2749
-12.3737
-8.78313
9.73514
10.5307
-6.41582
-17.2395
0.160513
-1.26266
7.45872
6.56178
8.57154
-6.45088
10.8646
6.36302
-3.55692
2.73198
-17.4808
-4.78938
14.4073
1.13653
35.4837
19.1632
-12.9872
-21.0675
-13.171
4.57741
-11.5517
3.69029
-24.972
-4.55516
4.38149
-9.54484
6.88493
14.2049
-1.86787
4.40026
4.57483
8.60515
19.6019
-9.04968
-10.9507
-13.2887
17.4939
11.4464
4.61172
22.6397
-13.4954
13.2269
7.13406
3.29792
12.9464
-10.4597
8.16522
-4.85167
5.33071
-30.0304
-0.41213
-8.79947
17.731
-19.7139
-9.45482
20.4234
3.68324
-13.5257
16.3829
-0.59596
0.989245
-6.46459
-11.5216
-2.77977
22.4994
4.63701
-16.124
-21.7401
-18.3128
-2.78089
1.1296
-16.2298
6.64715
11.2878
15.5287
-10.6417
31.7051
28.1754
0.492296
17.4945
4.71775
-16.9235
22.6367
-12.892
-10.1304
-0.958257
6.45777
-8.60067
-25.9975
-25.6074
-16.775
-21.3755
-5.13079
24.5614
2.04917
0.815806
-3.95233
-0.145152
10.1845
-4.97741
-5.188
8.96055
-3.08246
7.6031
-7.66998
15.8362
-0.943051
12.0104
23.3886
44.3768
9.9392
0.296291
10.6191
-0.632306
4.0668
19.0763
17.4182
1.59605
16.3165
-0.751498
8.15405
6.65353
10.7297
16.6492
25.7515
21.5898
7.84592
-6.08829
-23.341
-0.370895
-11.2223
5.50937
-28.1601
20.2168
18.6318
-9.74192
-8.39756
11.4975
-1.22514
-13.6548
-2.87461
12.776
16.5404
1.76249
5.53655
31.1402
-36.103
5.06162
-1.75789
-15.0548
30.2925
3.87852
0.0316321
22.9469
12.4265
-4.83773
-6.58761
-19.9404
1.16352
-0.460983
-2.65624
-12.1237
-14.6237
-5.70559
-4.63626
8.35563
-15.8542
-18.6229
22.7873
-1.35014
0.128217
-22.1274
-5.81207
-11.3586
2.71408
14.6342
-7.22926
-4.70417
-5.12262
-24.0925
-0.236171
2.93845
18.5596
20.313
-11.5895
10.8746
-13.8903
-18.9839
14.2799
5.51718
14.1344
-3.16528
-11.6443
19.0172
5.62698
-6.70137
-17.951
13.9837
13.3758
-5.97526
-6.33359
-24.5996
-9.48464
14.2475
17.6865
-14.4763
0.365768
12.8932
28.5732
-16.9923
2.00016
14.8442
30.1615
11.3143
-9.62387
-12.8014
-10.9323
-0.502858
16.7757
-2.20737
34.2555
-13.5698
6.22077
25.7509
15.3579
13.7538
-18.3059
-5.2589
-0.0674514
-9.59245
-6.83645
22.5913
13.6307
-1.03118
-11.7391
14.0564
-6.20152
-13.4159
24.2835
17.9964
-13.7575
-5.15623
-3.72181
6.76407
9.89046
21.3822
3.53867
1.73648
6.97922
-5.8388
-4.3204
-3.36154
-7.69133
8.64381
4.37602
-8.79199
4.31581
-32.4106
-29.223
20.2746
-20.4107
-21.5264
-7.1104
-11.066
-15.4439
8.13076
-1.24745
0.900716
8.92845
7.82186
-10.2391
21.509
-14.7282
17.0692
-1.57635
31.3053
-5.05695
10.6955
3.85998
12.8419
-3.98844
-15.2849
-6.17961
-4.00447
1.35015
-4.19037
9.07372
17.0947
14.9885
-7.25819
-1.49188
-10.5175
2.62283
-11.9625
11.5012
15.5312
5.5141
4.09784
54.2799
44.7681
-13.1768
14.0219
-12.5287
3.04703
4.829
7.77259
-7.70856
-3.98756
4.12578
32.4417
14.8059
25.3761
11.0481
-5.07639
-7.70205
11.2199
-19.1638
-3.71221
-12.5145
8.1888
-7.16902
20.8091
-5.00296
5.58239
-0.637862
37.4075
4.15757
24.0743
14.9088
-0.676871
2.34513
-9.92757
-19.1061
1.763
11.081
6.28067
33.8788
19.1431
-20.9063
4.86689
-8.90808
-9.43908
-10.0633
-17.1945
7.65284
13.2081
-14.6842
-9.88499
-15.7928
-8.0445
18.9659
29.7354
13.6626
-15.3166
14.9399
1.29154
-10.3715
3.97352
-0.974018
17.7556
12.194
-16.1985
-2.4027
14.7846
17.5402
-4.98715
8.33145
16.9962
11.3107
16.0702
34.6809
13.0148
10.489
-4.88539
22.12
-27.076
7.61648
-4.54297
17.4097
4.6539
-9.32768
-10.5595
-14.2048
0.192059
-6.50745
-21.1791
-7.9192
34.2636
-4.82395
3.95398
13.8011
32.8383
5.19323
10.8285
-3.43044
-5.40994
3.01714
-5.83689
-10.9565
-13.2947
-6.0979
9.56949
2.62903
22.8453
-26.2664
-20.5267
-6.44946
0.829062
-17.0174
19.578
7.41763
-14.1171
13.5283
-8.96993
-10.4539
-10.665
-30.4289
-8.80874
10.1474
-0.190292
13.9827
-8.35763
-2.48389
7.86624
14.0577
-26.7237
-1.92722
4.15117
18.9101
21.0506
-7.975
21.4673
12.7453
-11.6913
15.9673
-25.8361
-6.95357
2.13935
0.735446
-18.8899
-21.5412
-12.7813
-23.6753
24.2452
11.2449
20.0328
10.582
-2.21841
-7.04369
6.734
5.78804
-9.30993
20.2499
-5.45564
9.6704
-23.0443
-12.8911
11.3802
3.97203
-3.49979
-18.0113
21.71
-8.76354
12.771
15.2258
-1.20064
-14.0632
-5.08716
26.0983
-22.7977
3.3152
9.36471
-1.15621
9.21809
-10.5993
5.79048
-3.12873
-7.40779
13.3237
-1.55282
10.8277
7.17394
-6.81502
13.3651
-30.7092
4.11808
6.12368
31.3496
-40.9829
-4.65731
-14.8472
-5.63231
