-0.214901
0.971216
0.466997
0.248746
-0.700209
-0.750115
-0.948845
0.782596
0.204848
0.424396
-0.952431
1.01761
0.674491
-0.623039
-0.72185
-0.664434
-0.353539
0.0111756
-0.115399
-0.479826
0.20695
-0.771557
-0.391716
-0.270919
-0.126073
0.586444
-0.579155
0.0440591
0.196867
-0.981713
0.186115
-0.725088
-0.891604
0.956041
1.03044
0.616665
-0.394529
-0.911988
0.435011
-0.21498
-0.782738
-0.00605767
-0.971653
0.86833
-0.517368
0.386159
-0.407658
0.076668
0.0917107
-0.641639
0.995326
0.565385
0.868979
0.735412
0.185145
0.733466
-0.970072
-0.70698
-0.952422
-0.357428
-0.228986
-0.466861
0.606936
-0.357592
-0.430749
0.122115
-0.700351
0.619848
-0.873805
1.06085
0.473472
-0.698079
-1.01449
0.71086
0.462651
0.464494
0.510515
-0.903382
-0.342655
-0.802363
0.788335
0.194698
-0.453271
-0.866475
-0.349084
-0.314609
0.549126
0.353833
0.803957
-0.0606562
-0.757297
0.509353
0.493886
0.149052
0.496072
-0.151672
-0.0405945
-0.235223
-1.04677
-0.83727
-0.875278
0.33986
-0.354788
0.132252
0.80573
-0.522513
-0.159387
0.455209
-0.665487
-0.808814
-0.40717
-0.512182
1.027
0.60912
0.300676
0.740693
0.526837
-0.535144
0.837591
0.0264045
0.574235
0.613852
-0.523705
-0.804758
-0.459093
-0.113345
0.683666
0.527245
-1.15321
0.0628765
-0.213086
-0.561726
-0.75722
-0.211422
0.950921
-0.396744
0.0554473
0.430383
-0.250011
0.930297
0.761775
-0.718558
-0.139958
-0.518116
-0.463157
-0.888856
0.307568
-0.0220976
-0.807558
-0.332202
0.900274
-0.525678
-0.673162
0.15974
1.00676
-0.572979
0.369789
0.476562
-0.484375
0.483526
-0.317631
0.23075
0.198441
-0.0766449
-0.849946
0.645583
-0.474716
-0.690442
-0.777121
0.299573
0.270078
-0.978138
0.164992
-0.515082
0.406951
-0.52354
0.438362
-0.175571
0.776513
-0.807565
-0.196462
-0.597544
1.047
0.741107
-0.448261
0.402022
0.678183
0.0489756
0.00875501
-0.51246
-0.652678
0.943069
0.833552
0.204105
-0.346268
-0.24702
0.539231
0.808427
0.648179
0.3303
-6.37206e-05
-0.916788
-0.564994
0.703928
-0.021901
-1.06676
-0.668662
0.351891
-0.983668
-0.481771
0.291462
0.52363
0.269042
-0.481324
0.532386
-0.541944
-0.106949
0.590793
0.34894
0.680822
0.250214
0.0275387
-0.851494
-0.0953134
-0.326071
-0.281066
1.03591
-0.0674508
0.838475
0.232775
0.507546
-0.0719532
0.0649181
-0.0717299
-0.515277
0.387243
-0.520476
-0.741139
0.41937
-0.459237
0.998204
0.894472
0.672949
-0.432715
-0.724378
0.957262
-0.0495627
0.904639
0.827806
0.405586
-0.652616
-0.163389
0.531098
-0.46446
-0.518541
0.259661
0.948882
0.13436
-0.0066618
-0.729035
0.319774
0.819648
-0.683114
0.17992
0.791235
0.321881
0.293089
0.231868
-0.380408
-0.328728
0.70223
0.525456
0.547176
0.510307
-0.213565
-0.146787
0.492224
0.038061
0.200039
0.310206
0.383752
-0.766644
-0.461178
-0.856179
0.0434455
-0.976572
-0.0863658
-0.0832772
-0.504242
0.0765573
-0.906628
-0.746268
0.559618
-0.456719
-0.616105
0.21905
0.449804
-0.674117
0.0998653
-0.796616
-0.644402
0.32822
0.241128
0.504177
0.531432
0.672778
-0.169231
-0.374388
0.308076
-0.658877
-0.238397
-0.707679
-0.472638
1.03783
0.489987
0.0391737
-0.379544
-0.729999
-0.470947
-0.330832
0.337952
0.504807
0.197398
-0.259221
0.882191
0.210819
-0.15339
-0.017311
-0.371248
-0.606935
-0.294454
0.225058
-1.09837
-0.734543
-0.728314
-0.511752
0.926661
0.30164
-0.246601
-0.641375
-0.00347696
-0.0408365
-0.458602
0.081166
-0.0406472
0.306492
0.144003
-0.780734
0.030987
0.361953
0.13431
0.579359
0.0992175
-0.723028
-0.66788
0.364669
-0.621363
0.538634
0.776564
0.0737434
-0.10134
0.283799
-0.0567749
0.199113
0.686687
-0.20989
0.697041
0.270109
-0.975957
-0.908889
-0.667242
-0.702932
-0.388067
0.554377
-0.554135
0.0705329
0.722492
-0.61753
0.78636
-0.342691
-0.231927
0.78345
0.418282
0.768121
0.46787
0.413978
-0.541821
-0.297207
0.72753
0.612148
0.718691
-0.321995
-0.142072
0.491017
-0.193878
0.782598
0.486632
-0.27662
0.402618
0.254304
-0.669135
0.726676
-0.0278529
0.35602
-0.360731
0.462866
-0.442941
-0.707402
0.690464
-0.827628
-0.0964236
0.893844
0.461392
-0.158357
0.0506479
-0.271137
-0.387629
-0.158101
0.418721
0.262351
0.285204
0.111232
-0.932288
-0.0741719
-0.632238
0.186989
-0.0559517
0.565085
-0.500397
-0.626411
-0.339998
0.510623
0.0422103
-0.674085
-0.36471
0.470031
-0.401987
0.708221
0.205396
-0.557004
-0.278763
0.989342
-0.209055
0.0736143
0.750396
0.711414
0.526054
-0.0739147
-0.429477
-0.707156
0.526368
0.00262416
-0.175969
0.311035
-0.810875
-0.0950542
-0.807813
0.055443
-0.59119
-0.388164
-0.115927
0.665583
0.583565
0.235494
0.642303
-0.374521
-0.235192
0.596431
-0.327406
0.783109
-0.736212
0.839043
-0.591882
0.742884
0.0372951
0.688403
-0.649489
0.282709
0.817258
0.0140809
0.218318
0.177745
-0.109344
0.175149
0.0835266
0.311719
-0.785478
-0.0282146
0.752096
0.276552
-0.307847
0.00437425
-0.462832
-0.365854
0.0906559
-0.104986
0.259446
-0.28287
1.05532
0.659596
0.0786464
-0.117861
-0.276771
0.522813
0.129048
-0.398144
0.756984
0.405277
0.459635
0.0312367
0.0326549
-0.317072
0.409034
-0.0641029
-0.901057
-0.516128
0.172782
0.588653
0.425518
-0.622911
0.244007
-0.0738613
0.687866
0.284569
0.10585
-0.365148
-0.348368
-0.316684
-0.314365
0.847146
0.480599
0.608269
0.349134
-0.284847
0.225252
0.198561
-0.195556
-0.752202
-0.224693
-0.581972
0.542495
-0.239134
-0.497291
0.136704
-0.117432
-0.367503
-0.470776
0.258478
0.0945074
0.286773
-0.140733
0.165738
-0.20958
-0.141569
0.0868489
-0.581587
-0.722278
-0.61535
0.353358
-0.0988988
-0.200525
-0.773518
-0.581902
-0.495694
0.0592229
0.110451
-0.0356661
0.0867264
0.451332
-0.320994
0.139652
0.161352
-0.270175
0.158849
0.373856
0.104568
-0.691305
0.236494
-0.450702
-0.54396
-0.101912
0.302656
-0.542719
-0.617862
-0.182891
-0.629256
-0.777532
-0.537708
-0.320183
-0.404309
-0.124884
0.346297
-0.305365
-0.0989835
0.471522
-0.211842
-0.0229386
-0.666352
-0.496186
-0.562489
-0.159531
-0.117126
-0.244205
-0.245837
-0.111422
0.0754091
-0.0868224
0.19823
0.291239
0.277061
-0.359773
0.561608
-0.0349816
-0.429103
0.51899
0.194786
-0.725845
0.0262721
0.446807
-0.0306695
-0.493393
-0.30844
0.140023
0.0552997
0.174782
-0.178822
0.0135172
0.108971
-0.569077
-0.0591104
0.401204
0.193476
-0.25379
-0.222304
-0.522615
-0.0619164
-0.0957608
-0.354691
-0.22497
-0.103786
-0.474615
-0.0107698
-0.1993
0.126556
0.0706522
0.749858
0.150281
0.288572
0.152034
-0.211842
-0.362863
0.223945
0.0991406
0.173372
-0.209696
-0.370248
0.03096
-0.00519679
0.194962
0.114414
-0.180932
0.421591
-0.259417
-0.553126
-0.363209
-0.205571
-0.21023
-0.15191
-0.0420264
0.0215128
0.0204458
0.673788
-0.321315
0.178928
0.156486
0.495991
-0.3316
0.261659
0.567736
0.230879
0.0344514
-0.443572
-0.11221
0.357001
0.217908
-0.105056
-0.08527
-0.273374
0.156277
-0.478298
-0.148037
-0.0356163
0.0374016
-0.289764
-0.184512
0.315096
-0.0829092
0.0959536
-0.285071
0.101308
-0.0409089
-0.260141
0.0391752
-0.0233828
0.15393
0.686878
0.0412157
0.409165
-0.0633881
0.282945
0.234503
-0.0441021
0.11446
0.107197
0.0704413
0.522552
0.0670989
0.190872
-0.407734
0.168577
0.140845
-0.403865
-0.262942
0.373286
0.0818394
0.181782
-0.431776
0.155286
-0.343699
-0.144573
0.039063
0.439592
-0.012114
-0.0388425
0.0950875
0.339859
-0.0826551
0.128107
-0.194635
-0.0779767
0.0564362
0.0694871
0.366147
-0.0504774
-0.0510303
0.324935
-0.158377
0.0404967
0.2644
-0.167614
-0.242343
0.343924
-0.196654
-0.300631
-0.203219
0.283625
0.0372761
-0.0242907
0.189554
-0.186941
-0.449354
-0.134747
0.0152132
0.10653
-0.324581
0.277239
0.271224
0.00758533
-0.372485
0.0749698
-0.251812
0.268144
-0.40026
0.0957241
0.15037
-0.347661
0.0164213
0.1978
0.105632
-0.0647142
0.104128
-0.129141
-0.208169
-0.068698
-0.152412
0.33983
-0.0903449
-0.0244741
0.0493711
0.163071
-0.188839
0.159885
-0.00190571
0.0320373
-0.197009
0.41354
0.14176
-0.0017206
0.0150036
0.127085
-0.108591
-0.182861
0.131381
0.0828768
-0.00627722
0.154878
0.118452
-0.0590518
-0.205782
-0.234543
0.276935
-0.00539978
-0.368391
0.228199
-0.0174636
-0.1905
-0.0986982
-0.260706
-0.142558
0.0935855
0.0481912
-0.467302
0.0677212
0.160309
0.047887
0.034265
-0.277062
-0.064141
-0.0148821
-0.217084
-0.149628
-0.030274
-0.194519
-0.12462
0.118499
0.0775028
0.200328
-0.191413
0.0809518
-0.0996248
-0.156257
0.0583452
-0.203513
0.206544
-0.196174
-0.0213472
-0.194595
0.267625
-0.190131
-0.0132627
-0.178965
0.106559
-0.0865594
0.137651
-0.297224
-0.0985871
-0.00243616
0.104987
0.0803804
-0.159253
0.181906
-0.0846613
-0.025375
-0.0910757
-0.00149011
0.0111937
-0.0201807
-0.000355602
0.189862
0.0207493
-0.219857
-0.0681972
0.000512843
-0.0533301
-0.128879
0.0276019
0.274851
0.00502336
-0.129177
0.113098
0.0510578
0.0489295
-0.167505
-0.0104236
0.0987329
-0.216615
0.0901284
-0.0660591
-0.0268272
0.0831122
0.115197
0.145715
0.0272874
-0.0543295
0.0575115
-0.0476721
0.102814
-0.0171085
-0.233233
-0.0439916
0.107033
0.0563288
0.139022
0.0515527
-0.0247011
0.077592
-0.0421243
0.0828638
-0.095626
-0.0634513
0.0382889
-0.113152
0.0282804
0.0228368
-0.00797747
0.0809565
0.0142088
0.0358959
-0.00922548
0.0156976
0.0208774
-0.0309283
0.0653895
-0.0168516
-0.049995
-0.0912609
0.100175
0.0721688
-0.0525337
-0.140451
-0.0613665
0.131601
-0.0242155
-0.0747101
0.0136311
0.0762041
-0.0190024
0.0718073
-0.0850065
0.0240875
0.0123758
0.157482
0.0247169
-0.00488163
-0.0778704
-0.0390301
-0.0256809
0.167247
0.0495578
-0.0555631
0.00354222
-0.0256219
-0.00419106
0.0326965
-0.122923
-0.0227361
0.0248623
-0.0930036
0.0906496
0.050041
0.0502769
-0.0401063
-0.117947
0.0287436
0.0358763
-0.00803906
0.0881031
-0.0161047
0.00208818
-0.0967719
0.0206559
-0.0683682
-0.0832427
-0.0710955
-0.0553421
0.024142
-0.0259755
-0.0317933
-0.0209762
-0.0156438
0.0115326
-0.0523908
0.0388195
-0.00810497
0.058313
-0.104477
0.0291805
-0.0117484
0.0627068
-0.0917772
-0.0429554
-0.0355298
0.0489261
-0.0144997
-0.103215
0.0573272
-0.0244274
0.0174905
0.0591487
0.00775449
-0.0520006
-0.0141662
-0.00837969
0.0371766
-0.0757297
-0.0273897
0.0291561
0.000367074
0.108537
0.00756465
-0.0638052
-0.04892
-0.0770674
0.0455596
0.043959
-0.0462398
0.0291357
-0.0983889
-0.0259069
0.0752283
0.0113838
0.0560133
-0.137914
-0.00696133
