-4.2089
1.4768
-0.610973
-4.40298
2.35698
5.56541
7.24312
4.70953
-1.73486
-2.47189
0.6093
1.02391
-4.45784
-1.08829
-6.94319
3.00894
-0.669494
0.328842
-2.78928
-0.338801
-4.26284
-0.84681
-0.669485
2.99188
-4.55522
-1.82883
-4.21932
3.48135
6.51511
-0.0544783
0.0996402
-1.47141
-5.37227
-1.84815
0.380252
-0.131454
6.18949
4.14458
-3.28974
-2.12605
-4.08025
2.94696
-0.331519
-0.665513
-4.22643
-0.0480742
-2.73281
0.550289
-0.816932
2.5838
-6.67512
-1.17383
-3.96589
0.835193
0.768391
-2.64876
-1.6676
3.55082
7.10937
5.47035
3.24956
-3.79216
-0.587602
1.16989
