-0.326349
0.904393
0.335837
0.218539
-0.69414
-0.5979
-0.870636
0.642184
0.130432
0.401276
-1.12269
1.09352
0.639436
-0.701209
-0.710625
-0.929012
-0.467645
0.064375
-0.105288
-0.555205
0.236717
-0.738394
-0.368791
-0.169317
-0.108149
0.589038
-0.582849
-0.0242887
0.217086
-0.775574
0.373905
-0.592555
-0.756417
0.945759
0.929853
0.549402
-0.460012
-0.808701
0.467664
-0.116051
-0.810482
-0.141064
-0.968435
0.839875
-0.455766
0.486678
-0.263158
0.0962603
0.124123
-0.476631
1.06167
0.667692
0.867664
0.688655
0.115476
0.785455
-0.86638
-0.604791
-1.01308
-0.501921
-0.151661
-0.439554
0.68237
-0.364793
-0.397925
0.0199463
-0.825195
0.7112
-0.782642
0.964931
0.554525
-0.563763
-0.876186
0.632275
0.453871
0.319418
0.408821
-0.917176
-0.32624
-0.634383
0.684631
0.222039
-0.382831
-0.860341
-0.32739
-0.377983
0.559957
0.210536
0.862117
-0.151637
-0.781111
0.583289
0.517444
0.0126472
0.452217
-0.122598
0.085457
-0.125968
-1.03904
-0.637562
-0.887726
0.328736
-0.302094
0.0897652
0.764912
-0.43806
-0.0799256
0.604918
-0.546129
-0.955565
-0.324817
-0.487429
1.06139
0.521306
0.263631
0.775513
0.476684
-0.596174
0.845971
0.0204604
0.564505
0.578738
-0.410677
-0.732851
-0.449953
-0.00319682
0.657748
0.727344
