0.0449385
0.0225031
0.0281831
0.0270982
0.0487776
0.0494512
0.0535686
0.0589861
0.071462
0.0624898
0.053105
0.0534035
0.0596581
0.0514353
0.0608389
0.0333162
0.05652
0.0285462
0.0391123
0.0292908
0.0486592
0.0519145
0.0839129
0.0915008
0.11057
0.102217
0.131811
0.112023
0.144523
0.116721
0.115271
0.113104
0.0915927
0.0751293
0.0670547
0.0357964
0.0185198
-0.0210352
-0.0243803
-0.0532942
-0.0555113
-0.0661136
-0.0899003
-0.0772193
-0.0737533
-0.097584
-0.0929605
-0.0964543
-0.0657862
-0.0772933
-0.0842634
-0.0731743
-0.0772599
-0.0696978
-0.0435558
-0.0397589
-0.0164183
-0.0399606
-0.0258254
-0.0163595
-0.0063292
0.00411797
0.000290472
0.0174119
0.0659623
-0.000900568
0.0259717
0.0144826
0.0156636
0.00748606
0.00860233
-0.020854
-0.00438357
-0.0193384
-0.0396354
-0.0450891
-0.0263424
-0.070289
-0.05541
-0.0584056
-0.0367031
-0.0394165
-0.0269968
-0.0212857
0.00492902
0.00134841
0.0380873
0.0325998
0.085123
0.0840505
0.0991417
0.105735
0.097132
0.112096
0.115045
0.120301
0.131516
0.139259
0.172741
0.157975
0.16136
0.164508
0.147427
0.133199
0.129906
0.0981914
0.0656559
0.0629291
0.0494637
0.0136984
0.00267556
-0.0152762
-0.0283716
-0.058944
-0.0722256
-0.0931064
-0.0856228
-0.100078
-0.101493
-0.124906
-0.11092
-0.119025
-0.112037
-0.117173
-0.100073
-0.100312
-0.0927877
-0.0890142
-0.0350819
-0.0707078
-0.0615802
-0.0399243
-0.0147981
-0.0314827
-0.010122
-0.0136877
0.0175147
0.0178754
0.0355311
0.0482304
0.062173
0.0449424
0.0451897
0.0461402
0.0581886
0.0393786
0.0318169
0.00784868
0.00823812
-0.00679969
-0.0327004
-0.0453197
-0.016766
-0.0458015
-0.0443061
-0.0365697
-0.0434889
-0.0363236
-0.0279075
-0.03598
-0.0230061
-0.00529527
-0.00217534
0.0118944
0.0210155
0.0144794
0.0417698
0.0526012
0.053813
0.0302069
0.0468383
0.0405051
0.0556594
0.0437222
0.0614732
0.0523543
0.07919
0.0715689
0.0787752
0.0674854
0.0823373
0.0751413
0.0944539
0.0989191
0.110635
0.107262
0.138616
0.135067
0.145677
0.13105
0.143581
0.12077
0.165323
0.0981617
0.0696152
0.0438088
0.0266112
-0.00647686
-0.0361097
-0.0596829
-0.0564557
-0.0997635
-0.083466
-0.118078
-0.124947
-0.126575
-0.130781
-0.126552
-0.108846
-0.127277
-0.129836
-0.117652
-0.0891291
-0.0932017
-0.0930914
-0.0606514
-0.0489265
-0.0538885
-0.0302031
-0.0428633
0.00161324
0.0117006
0.0269249
0.0264062
0.040603
0.0502625
0.0594622
0.0742744
0.0899266
0.0665561
0.0827306
0.0761787
0.0750613
0.0599156
0.0493066
0.00183258
-0.00485325
-0.0250262
-0.0443384
-0.0674514
-0.0473063
-0.0737323
-0.0522252
-0.0651864
-0.0557473
-0.0404406
-0.0392816
-0.0254354
0.015056
-0.00103924
0.0186228
0.0360127
0.0457385
0.0485865
0.0704954
0.0780925
0.0449385
0.0856239
0.08414
0.0754576
0.093141
0.0942029
0.099344
0.108234
0.140791
0.122914
0.136077
0.163393
0.177071
0.182672
0.187927
0.166396
0.180309
0.128278
0.112757
0.0917893
0.0591397
0.0170925
0.0198865
-0.0219816
-0.0458969
-0.0843327
-0.111568
-0.141937
-0.128057
-0.146065
-0.159445
-0.164955
-0.153094
-0.141746
-0.127704
-0.127081
-0.104265
-0.120071
-0.0817366
-0.0866369
-0.0647261
-0.0466794
-0.054781
-0.0392388
-0.0135894
-0.0145773
-0.0109448
0.0125587
0.047772
0.0380758
0.0563187
0.0666515
0.0651567
0.0740884
0.0966194
0.0634079
0.0802708
0.0454462
0.0281885
0.0183379
0.0025641
-0.0312369
-0.0365072
-0.0479499
-0.0279622
-0.093432
-0.0841141
-0.0991412
-0.0770981
-0.0821922
-0.0684524
-0.0651248
-0.0399257
-0.0228245
-0.00221759
-0.0105159
0.034978
0.0342035
0.0716045
0.0695887
0.106801
0.0787038
0.113855
0.0982498
0.124086
0.109614
0.130574
0.113156
0.158023
0.152024
0.16626
0.164076
0.199716
0.190769
0.198145
0.187594
0.177669
0.146732
0.142696
0.0918199
0.0641832
0.0186847
-0.018592
-0.0668157
-0.0717945
-0.149125
-0.15556
-0.169398
-0.162367
-0.186583
-0.175191
-0.187229
-0.157458
-0.176958
-0.152172
-0.144686
-0.104536
-0.105686
-0.0819315
-0.0908782
-0.0538232
-0.0654275
-0.0351073
-0.0438744
0.0128172
0.000729734
0.0150678
0.0118882
0.0653629
0.032362
0.0604976
0.0522512
0.0725434
0.0500494
0.0646162
0.0445693
0.0488618
0.00352025
0.0223569
-0.00801446
-0.0143062
-0.0619544
-0.0595194
-0.0859518
-0.0757202
-0.107048
-0.0997272
-0.113189
-0.0889738
-0.0963291
-0.0979715
-0.0866564
-0.0449022
-0.0464389
-0.00711842
0.0172273
0.0471054
0.0443683
0.0965198
0.0873361
0.118531
0.117023
0.13775
0.135757
0.15922
0.171518
0.171842
0.165293
0.197752
0.156258
0.196749
0.172109
0.207951
0.199803
0.217989
0.191939
0.209577
0.157102
0.138384
0.0825121
0.0851113
-0.00118986
-0.0309788
-0.0765463
-0.0995742
-0.161927
-0.171471
-0.198392
-0.199651
-0.225156
-0.206616
-0.236642
-0.152859
-0.184908
-0.165817
-0.152244
-0.124545
-0.116326
-0.096947
-0.0869214
-0.0310381
-0.0459036
-0.012666
-0.0295644
-0.0143622
0.00524856
0.0116843
0.0234805
0.0643847
0.0315337
0.0491507
0.0463227
0.0753041
0.0452428
0.0302412
0.0245353
0.0174561
-0.0190987
-0.0200263
-0.0600673
-0.0502772
-0.0840831
-0.0796474
-0.102385
-0.116128
-0.117352
-0.109483
-0.116313
-0.0647514
-0.0922106
-0.0567906
-0.0568018
0.00670065
0.00992372
0.0447573
0.0375771
0.0703736
0.0752272
0.10919
0.107258
0.167279
0.147859
0.184897
0.179222
0.20118
0.180423
0.178405
0.187686
0.211774
0.196159
0.199349
0.191064
0.220005
0.199378
0.203271
0.191697
