0
3.48885
-0.240964
-3.54974
-4.53469
2.48571
-0.35501
5.55122
-4.81904
-0.0747482
-3.18093
-1.25525
-6.92515
-0.00805193
-1.13745
4.59025
3.31464
-2.67678
-1.24438
-3.92742
0.366637
0.091268
-1.54183
-0.0484704
-5.3888
4.78055
-5.35052
-3.31159
1.96845
-1.31631
-4.66495
0.913446
0.152545
-1.03648
4.43387
1.30374
-2.79756
2.68476
5.77065
-4.63602
5.68885
-0.210193
1.61534
-0.0417758
-0.05479
3.86564
1.60362
2.84363
-3.06805
-5.05232
1.53411
-0.205923
7.1809
1.23077
3.17921
0.3984
5.25717
-5.72383
-0.368593
-3.2097
4.11667
4.17656
0.578128
-3.46205
