0.337177
-0.615378
1.12121
-0.337159
0.0475513
0.180793
-0.137789
0.187256
0.0716922
0.131036
-0.158724
0.15069
0.0300962
0.1883
-0.173573
0.193436
0.164801
0.14735
-0.103759
0.170284
0.0250793
0.142343
-0.0804126
0.158576
0.084507
0.185915
-0.201421
0.140061
0.0247006
0.148258
-0.140001
0.167659
0.337177
0.167659
-0.140001
0.148258
0.0247006
0.140061
-0.201421
0.185915
0.084507
0.158576
-0.0804126
0.142343
0.0250793
0.170284
-0.103759
0.14735
0.164801
0.193436
-0.173573
0.1883
0.0300962
0.15069
-0.158724
0.131036
0.0716922
0.187256
-0.137789
0.180793
0.0475513
-0.337159
1.12121
-0.615378
