0
2.11311
5.10121
2.41395
4.05545
1.39721
-8.8385
5.42694
-4.16281
-1.58053
-0.4694
2.66778
4.30071
-1.27647
2.3403
-11.9609
-3.46868
0.371355
0.848627
3.04291
8.22815
-4.36571
6.8337
-5.6441
-9.17908
5.41669
1.29211
-0.717825
-3.75934
7.27991
3.07314
-2.8654
2.74727
4.55434
-2.57676
-4.76665
0.21528
-3.78666
-1.18676
-2.00973
2.09476
-1.55169
3.01125
6.64925
2.54845
4.22978
-2.713
-6.30363
-13.8383
4.45932
5.38455
-0.664992
-7.73686
9.15086
-2.82649
5.99124
-0.83074
-0.202489
-4.0054
2.67011
-7.88925
-5.70271
0.88583
-5.52107
-0.077281
4.65408
-0.668973
5.10088
9.62217
-2.51176
4.64622
0.511123
-0.177268
-4.48582
1.82998
-9.40755
7.47821
-0.186229
-4.61613
-5.24557
13.2908
7.31588
3.78086
-1.54211
-1.47264
-6.20492
-4.44106
1.12321
-1.37684
2.40005
0.648447
3.10373
1.01737
4.18885
4.42102
-5.30589
-3.01633
2.61538
-2.80583
-6.56225
4.95945
1.85243
-0.687386
-4.46587
8.78583
7.64626
-6.66776
5.32723
-6.83226
-5.69762
-0.813776
-1.6079
2.10323
9.15392
-2.00833
2.73786
-5.74489
-4.20804
-2.41667
1.88474
4.42716
-6.58667
10.1633
-0.08288
-2.89875
-3.52995
-6.24742
-2.94706
