2.71568
2.75125
3.45826
3.38222
3.69414
5.51057
17.573
-5.03186
-3.13245
-2.23756
-0.183315
4.3363
5.38127
-0.0960171
-7.91146
-0.196242
1.27574
-1.66595
-1.36317
1.30382
-0.127889
-0.00612833
0.0161282
-1.42551
-0.930404
1.04847
1.46413
-1.15982
-1.36218
-0.168787
-0.0890854
-0.596023
0.639967
-0.20162
-0.353873
-0.00386927
-0.534343
-0.200301
-0.038434
-0.191597
0.531947
-0.0789908
-0.430133
-0.129279
-0.429832
0.0994556
0.341947
0.0665881
-0.114037
-0.114576
-0.364441
0.132377
-0.474006
-0.0954798
-0.356012
0.0364261
0.438003
-0.0402818
-0.319495
-0.10374
-0.527779
-0.036988
-0.152159
0.0665974
0.557353
-0.0911084
-0.332108
0.0877857
-0.469562
0.110695
-0.295263
-0.109333
0.249445
0.099985
0.539481
-0.0828692
-0.408196
-0.0872927
-0.111532
-0.0969024
-0.0426372
0.0573098
-0.224167
-0.00956058
-0.451596
0.00796304
-0.238596
-0.110093
0.367564
-0.00677747
-0.46307
-0.122888
-0.274661
0.130821
-0.195254
0.078454
0.0475504
-0.0448972
-0.169062
0.148472
-0.788912
0.252066
-0.133307
-0.240382
0.563167
0.0941419
-0.15417
0.0593715
-0.425863
0.0667938
-0.218587
-0.0825899
-0.0916793
0.185323
-0.230055
-0.0821771
-0.339033
0.0365398
-0.205789
-0.0384861
0.369849
0.067635
-0.18222
0.0722785
-0.495205
0.050091
-0.232006
0.0271364
1.30943
0.0384928
-0.151333
0.0682225
-0.384449
-0.0519372
-0.371784
0.109765
0.335459
-0.0830048
-0.219368
-0.124859
-0.396002
0.0491483
-0.153024
0.0244391
0.0285883
-0.0912695
-0.294069
0.246305
-0.240497
0.171576
-0.277085
0.0893042
0.411092
0.0422023
-0.205525
-0.0250382
-0.409341
0.125522
-0.661857
-0.0542064
0.12153
0.0744841
0.231208
-0.00146569
-0.486672
-0.0263312
-0.586169
0.243173
0.265863
0.362903
-0.505065
0.186249
-0.411182
-0.221429
-0.316136
0.0663533
0.057103
0.0792603
-0.210686
0.0953026
-0.621162
-0.10562
-0.253771
0.00783564
0.398305
0.0498735
-0.251903
0.015976
-0.366376
-0.0951699
-0.02343
0.0895282
0.658321
-0.0361974
-0.401769
-0.0333776
-0.57516
-0.0364779
0.143292
0.0659593
0.446863
0.00941367
0.235213
0.186475
-0.549605
-0.121102
-1.09876
-0.170437
-0.0711537
0.0623268
-0.142163
-0.0288877
-0.514345
0.0262329
-0.14207
0.082374
0.321651
0.00763145
-0.0801304
0.179817
-0.366471
0.200095
-0.286477
-0.0253298
0.107832
0.166414
0.0131519
-0.181945
-0.523387
0.0544141
-0.22355
0.0535491
0.321781
0.154739
-0.404339
0.122902
-0.499415
0.00933988
-0.225301
0.075437
-0.00233388
-0.0168117
-0.143698
-0.00635743
-0.507584
0.0665869
-0.477803
-0.0672055
0.410502
0.0188304
-0.119891
0.0264508
-0.450895
0.0135919
-0.195702
0.0221593
2.71568
0.0379879
-0.195702
-0.00218102
-0.450895
0.0423125
-0.119891
0.00310117
0.410502
-0.0515155
-0.477803
0.0509423
-0.507584
0.00958058
-0.143698
-0.0324695
-0.00233388
0.0914955
-0.225301
-0.0060652
-0.499415
0.139035
-0.404339
0.139323
0.321781
0.0698154
-0.22355
0.0410888
-0.523387
-0.165871
0.0131519
0.150527
0.107832
-0.00896825
-0.286477
0.184611
-0.366471
0.195945
-0.0801304
0.000359178
0.321651
0.0911717
-0.14207
0.0194574
-0.514345
-0.0198924
-0.142163
0.0558434
-0.0711537
-0.1619
-1.09876
-0.128633
-0.549605
0.193868
0.235213
0.00221513
0.446863
0.0737131
0.143292
-0.0444303
-0.57516
-0.0253724
-0.401769
-0.0442338
0.658321
0.0972575
-0.02343
-0.0781966
-0.366376
0.0236301
-0.251903
-0.0466736
0.398305
-0.110653
-0.253774
-0.185243
-0.621162
-0.0208468
-0.210765
-0.0532356
0.057103
-0.0720122
-0.316301
-0.368383
-0.411182
0.0691196
-0.504752
0.250629
0.265863
0.124776
-0.585142
-0.157906
-0.486672
-0.117927
0.231793
-0.0557097
0.12153
-0.170531
-0.661181
0.00227659
-0.409341
-0.0967776
-0.204849
-0.100288
0.411092
-0.0271411
-0.276473
-0.0336937
-0.240497
0.0879193
-0.293223
-0.222083
0.0285883
-0.0920677
-0.152106
-0.0829546
-0.396002
-0.240011
-0.168431
-0.176075
0.335459
-0.00647048
-0.420465
-0.182536
-0.384449
-0.0480124
-0.100277
-0.181371
1.30943
-0.0890157
-0.280507
0.00957318
-0.495205
-0.0470246
-0.131332
-0.0811463
0.369849
-0.154177
-0.25413
-0.163383
-0.339033
-0.142279
-0.178778
0.114797
-0.0916793
-0.270933
-0.266619
-0.0625306
-0.425863
-0.0558818
-0.10247
-0.10333
0.563167
-0.357386
-0.180913
0.115118
-0.788912
0.032685
-0.11716
-0.125041
0.0475504
-0.095418
-0.242702
0.00205628
-0.274661
-0.138214
-0.411382
-0.102416
0.367564
-0.225021
-0.285557
-0.119714
-0.451596
-0.0488333
-0.1713
-0.0541515
-0.0426372
-0.231828
-0.158077
-0.121407
-0.408196
-0.202251
0.524299
-0.0510862
0.249445
-0.222756
-0.408311
0.07003
-0.469562
-0.0250116
-0.345065
-0.20505
0.557353
-0.136301
-0.263788
-0.157869
-0.527779
-0.190069
-0.331015
-0.11995
0.438003
0.0167219
-0.46671
-0.21395
-0.474006
-0.00817399
-0.375269
-0.0929734
-0.114037
-0.122465
0.233902
0.00495794
-0.429832
-0.337261
-0.439272
-0.192234
0.531947
-0.29677
-0.147297
-0.343288
-0.534343
-0.261319
-0.356538
-0.248717
0.639967
-0.649306
-0.193435
-0.26573
-1.36218
-1.2398
1.46284
0.875321
-0.930404
-1.53995
-0.0840456
-0.0996268
-0.127889
1.16116
-1.3826
-1.81878
1.27574
-0.2185
-7.88056
0.0544437
5.38127
4.17365
-0.197363
-2.32108
-3.13245
-4.99521
17.5414
5.40733
3.69414
3.22874
3.42161
2.59583
