-0.00194
0.0471369
0.0961287
0.144947
0.193494
0.241702
0.289476
0.33673
0.383373
0.429342
0.474547
0.518914
0.562358
0.604826
0.646242
0.686541
0.725654
0.763541
0.80014
0.835405
0.869284
0.901755
0.932776
0.962316
0.990364
1.0169
1.04191
1.0654
1.08737
1.10784
1.12682
1.14433
1.16043
1.14533
1.12789
1.109
1.08863
1.06674
1.04334
1.01842
0.991976
0.964017
0.934566
0.903631
0.871246
0.837442
0.802265
0.765743
0.727931
0.688881
0.648659
0.607307
0.564899
0.521502
0.477197
0.432039
0.386113
0.339499
0.292287
0.244542
0.196357
0.147818
0.0990232
0.0500393
0.000964999
-0.0481011
-0.0970903
-0.145904
-0.194455
-0.242646
-0.29041
-0.337653
-0.384293
-0.430238
-0.475428
-0.519777
-0.563211
-0.605651
-0.647045
-0.687322
-0.726419
-0.764273
-0.800847
-0.836084
-0.869943
-0.902379
-0.933371
-0.962887
-0.9909
-1.01741
-1.04239
-1.06585
-1.08779
-1.10823
-1.12718
-1.14467
-1.16073
-1.145
-1.12753
-1.10861
-1.08821
-1.0663
-1.04287
-1.01791
-0.991441
-0.963453
-0.933966
-0.903008
-0.870595
-0.836763
-0.801552
-0.765012
-0.727175
-0.688102
-0.647848
-0.606484
-0.564055
-0.52064
-0.476308
-0.431143
-0.385203
-0.338576
-0.291344
-0.243599
-0.195406
-0.146861
-0.0980518
-0.0490752
0
0.0490752
0.0980518
0.146861
0.195406
0.243599
0.291344
0.338576
0.385203
0.431143
0.476308
0.52064
0.564055
0.606484
0.647848
0.688102
0.727175
0.765012
0.801552
0.836763
0.870595
0.903008
0.933966
0.963453
0.991441
1.01791
1.04287
1.0663
1.08821
1.10861
1.12753
1.145
1.16073
1.14467
1.12718
1.10823
1.08779
1.06585
1.04239
1.01741
0.9909
0.962887
0.933371
0.902379
0.869943
0.836084
0.800847
0.764273
0.726419
0.687322
0.647045
0.605651
0.563211
0.519777
0.475428
0.430238
0.384293
0.337653
0.29041
0.242646
0.194455
0.145904
0.0970903
0.0481011
-0.000964999
-0.0500393
-0.0990232
-0.147818
-0.196357
-0.244542
-0.292287
-0.339499
-0.386113
-0.432039
-0.477197
-0.521502
-0.564899
-0.607307
-0.648659
-0.688881
-0.727931
-0.765743
-0.802265
-0.837442
-0.871246
-0.903631
-0.934566
-0.964017
-0.991976
-1.01842
-1.04334
-1.06674
-1.08863
-1.109
-1.12789
-1.14533
-1.16043
-1.14433
-1.12682
-1.10784
-1.08737
-1.0654
-1.04191
-1.0169
-0.990364
-0.962316
-0.932776
-0.901755
-0.869284
-0.835405
-0.80014
-0.763541
-0.725654
-0.686541
-0.646242
-0.604826
-0.562358
-0.518914
-0.474547
-0.429342
-0.383373
-0.33673
-0.289476
-0.241702
-0.193494
-0.144947
-0.0961287
-0.0471369
