-5.64461
2.57463
0.988422
-0.832539
6.56874
0.795709
-0.0477276
1.66913
2.65795
2.4637
-6.13543
5.62466
-15.8865
0.196173
-3.64676
0.768978
-8.94785
0.275344
-0.750733
0.924244
10.6874
-2.12734
8.96817
-7.16403
3.96769
-0.282979
-5.17716
0.622003
7.43399
13.4306
12.4538
-4.74371
3.38788
-0.258333
4.78881
8.01605
5.60775
-8.88485
6.35896
-2.91864
-0.419749
2.34253
-6.92689
-10.2795
3.64885
6.02956
-10.5507
-3.38674
6.55446
-5.44448
-11.016
2.24682
0.339247
7.40897
-10.2316
0.616643
-6.55046
-7.28834
-8.34201
8.90597
-0.620124
-0.69206
2.78264
8.16111
-4.90984
4.34007
2.27127
8.2821
5.88461
5.02661
3.89179
-2.30632
-3.09708
13.8923
2.91612
1.04933
-5.38134
7.21731
-7.49778
-1.43175
-5.2439
-11.469
-3.36987
-5.54872
6.07858
-2.8234
-0.980156
7.24414
1.01462
-5.33656
-8.23113
5.07256
0.761488
4.56899
-4.04805
7.55825
-6.78056
-13.6842
2.07098
-0.273655
-8.44335
7.91389
-0.925116
5.25501
-8.65041
-12.0858
-8.1517
-3.27803
-2.04229
-3.66087
-1.88392
10.3466
8.93741
3.28552
-3.46821
7.00714
2.39276
-6.31878
6.02126
13.531
-14.7277
3.25611
-1.37568
-11.0808
-6.5292
0.835694
-0.572151
-9.21244
-0.696655
-6.8837
-0.646816
0.779415
-5.61759
-11.1052
-5.25866
2.6417
-14.0186
8.81964
6.99899
-5.92854
-0.425326
10.5055
-3.14504
2.7567
7.24652
8.72993
-0.244953
4.29241
3.97381
1.33064
-9.55688
-11.8332
-8.83734
3.87732
-2.37871
4.82715
-8.57325
-3.74463
1.75267
-12.8921
-4.4134
3.53488
-0.861844
3.1252
3.02011
4.03724
-7.1223
-4.97807
-5.08743
8.19634
-2.52873
-1.02566
5.89133
-4.42695
0.213182
-10.7761
-12.2366
-1.34227
-13.1479
6.20324
-6.66771
-3.74859
-1.76177
7.51938
-0.661646
-2.85422
2.92415
-0.250589
3.58271
14.9127
1.01661
5.81332
-6.00211
4.67847
8.80523
0.683897
-2.96433
7.44193
-6.00167
-9.15528
-5.29974
2.94976
-11.4828
4.64139
2.04253
4.66438
-10.616
-7.42734
11.492
1.45559
-7.57449
7.41492
3.75371
-6.42511
-6.50295
1.57442
-6.48992
1.41148
4.26431
-13.4199
-4.6018
8.30058
3.80581
1.21285
5.34831
-3.51419
13.6071
10.3198
9.69013
4.19429
-1.29458
6.47878
4.42011
-6.44453
5.01513
-1.15108
9.30702
-0.998868
0.56193
6.01363
-3.49586
4.3155
-6.28145
-1.39502
-10.9135
4.27887
-5.88825
-1.24778
-1.33556
5.47813
-0.839057
-2.25624
2.86493
-1.51869
-2.32792
0.957116
