-0.305002
0.881164
0.549408
0.254827
-0.796102
-0.686609
-0.918281
0.646286
0.135822
0.280384
-0.965351
0.859035
0.718172
-0.62076
-0.836757
-0.793344
-0.564689
0.101034
-0.170474
-0.481064
0.282068
-0.765806
-0.362444
-0.261257
-0.056348
0.539678
-0.597253
0.0353499
0.132878
-0.847969
0.129614
-0.680439
-0.84088
1.01092
1.08515
0.581613
-0.444803
-0.861178
0.309951
-0.165739
-0.789186
-0.0463617
-0.986075
0.985058
-0.557611
0.382484
-0.333566
0.164833
0.233718
-0.622832
1.11197
0.664972
0.795507
0.652416
0.24578
0.934238
-0.910171
-0.733166
-0.954369
-0.424999
-0.320595
-0.431019
0.78507
-0.406224
-0.508271
0.0321773
-0.791691
0.660591
-0.845982
0.990756
0.432324
-0.683233
-1.02334
0.648161
0.341789
0.470018
0.559636
-0.877058
-0.375067
-0.741522
0.682976
0.21589
-0.535733
-0.850221
-0.292552
-0.269148
0.465199
0.311139
0.85494
-0.0464702
-0.655363
0.408309
0.542407
0.0749925
0.49144
-0.0944372
0.0143554
-0.181021
-0.973474
-0.766053
-0.914799
0.35601
-0.47932
0.145735
0.865393
-0.42532
-0.179774
0.570796
-0.573888
-0.899389
-0.261387
-0.401593
1.08583
0.532513
0.383131
0.720532
0.439032
-0.717098
0.781114
0.0320399
0.534507
0.648009
-0.573709
-0.772256
-0.432931
-0.00851771
0.627996
0.674466
-1.08405
0.0218829
-0.375569
-0.548167
-0.62886
-0.0177467
0.994647
-0.434193
0.0201883
0.445138
-0.337612
0.979264
0.735078
-0.785799
-0.0223884
-0.715616
-0.602109
-0.837452
0.349669
-0.0787282
-0.906897
-0.27308
0.880651
-0.475978
-0.655849
0.181605
1.00424
-0.57565
0.431794
0.609002
-0.446634
0.580789
-0.275021
0.241477
0.132604
-0.0787283
-0.875882
0.551641
-0.38325
-0.596459
-0.837797
0.255079
0.257524
-0.988145
0.220554
-0.365729
0.334562
-0.575472
0.495103
-0.116817
0.824534
-0.691102
-0.177509
-0.579803
0.939575
0.738527
-0.466765
0.423036
0.545708
-0.0471283
0.0361776
-0.597485
-0.658178
0.990363
0.890363
0.0619284
-0.326943
-0.139428
0.510078
0.808576
0.756636
0.306272
0.106069
-0.964034
-0.549077
0.672397
-0.135376
-1.10722
-0.708645
0.37006
-0.996408
-0.424474
0.35357
0.459907
0.229796
-0.458076
0.514855
-0.572106
-0.0860448
0.611159
0.269522
0.719278
0.247565
-0.104544
-0.860754
-0.210433
-0.265695
-0.241772
0.991489
0.020495
0.787269
0.240085
0.588996
-0.141629
0.0751207
-0.0779344
-0.493952
0.50368
-0.443427
-0.819835
0.490679
-0.316315
1.10043
0.840217
0.516705
-0.428203
-0.867685
0.894585
0.0191273
0.852935
0.745319
0.202877
-0.569594
-0.212181
0.581817
-0.526241
-0.601823
0.0803208
