-0.00318718
0.192262
0.382194
0.561265
0.724674
0.86844
0.98967
1.08683
1.16004
1.08889
0.992321
0.871664
0.728416
0.565441
0.386698
0.196968
0.00158501
-0.193842
-0.383702
-0.562664
-0.725928
-0.86952
-0.990553
-1.08752
-1.16054
-1.08821
-0.991442
-0.870594
-0.727175
-0.564054
-0.385201
-0.195404
0
0.195404
0.385201
0.564054
0.727175
0.870594
0.991442
1.08821
1.16054
1.08752
0.990553
0.86952
0.725928
0.562664
0.383702
0.193842
-0.00158501
-0.196968
-0.386698
-0.565441
-0.728416
-0.871664
-0.992321
-1.08889
-1.16004
-1.08683
-0.98967
-0.86844
-0.724674
-0.561265
-0.382194
-0.192262
