0
-2.51616
0.532226
-0.402699
0.12794
-0.00931626
0.0507211
0.0229244
0.00877141
0.0241698
0.013757
0.00638448
0.0147739
0.00533128
0.0139712
-0.00537922
0.0078932
0.00587434
0.00563256
0.00491064
0.00441441
0.00141658
0.00282702
0.00306748
0.00258339
0.00231853
0.00226867
0.0016335
0.00114001
0.000399598
0.000497494
0.000436058
0
-0.000436058
-0.000497494
-0.000399598
-0.00114001
-0.0016335
-0.00226867
-0.00231853
-0.00258339
-0.00306748
-0.00282702
-0.00141658
-0.00441441
-0.00491064
-0.00563256
-0.00587434
-0.0078932
0.00537922
-0.0139712
-0.00533128
-0.0147739
-0.00638448
-0.013757
-0.0241698
-0.00877141
-0.0229244
-0.0507211
0.00931626
-0.12794
0.402699
-0.532226
2.51616
