0.999996
0.995489
0.981346
0.95756
0.924141
0.881079
0.828384
0.766043
0.694075
0.612453
0.52121
0.420313
0.309792
0.189617
0.0598221
-0.0796318
-0.228703
0.0866356
-0.0532646
-0.183546
-0.304173
-0.415159
-0.516527
-0.60824
-0.690329
-0.762766
-0.825577
-0.878738
-0.92227
-0.956158
-0.980412
-0.995024
-1
-0.995337
-0.981035
-0.957096
-0.923517
-0.880302
-0.827446
-0.764956
-0.692822
-0.611055
-0.519644
-0.418602
-0.307924
-0.187595
-0.057642
0.0819645
0.231194
-0.084301
0.0554466
0.185568
0.306044
0.416887
0.518085
0.609653
0.691576
0.763866
0.826511
0.879524
0.922895
0.956631
0.980724
0.995182
1
0.995182
0.980724
0.956631
0.922895
0.879524
0.826511
0.763866
0.691576
0.609653
0.518085
0.416887
0.306044
0.185568
0.0554466
-0.084301
0.231194
0.0819645
-0.057642
-0.187595
-0.307924
-0.418602
-0.519644
-0.611055
-0.692822
-0.764956
-0.827446
-0.880302
-0.923517
-0.957096
-0.981035
-0.995337
-1
-0.995024
-0.980412
-0.956158
-0.92227
-0.878738
-0.825577
-0.762766
-0.690329
-0.60824
-0.516527
-0.415159
-0.304173
-0.183546
-0.0532646
0.0866356
-0.228703
-0.0796318
0.0598221
0.189617
0.309792
0.420313
0.52121
0.612453
0.694075
0.766043
0.828384
0.881079
0.924141
0.95756
0.981346
0.995489
