-4.56283
2.12523
3.53123
5.68987
-1.55569
0.354473
-7.20581
4.08411
-0.742374
-4.17431
10.2903
7.73405
9.42307
-4.38509
2.45921
11.5289
2.52267
3.18575
-1.88518
10.4241
-2.6656
-1.32837
2.65829
-4.35633
-0.240023
-6.97476
-3.10981
-5.83803
-9.58368
-5.37759
0.569668
1.35256
0.423921
5.5274
-5.67973
2.39924
-5.85835
2.79685
2.25972
-3.05931
-5.87572
-1.95101
5.17154
-0.853908
-1.83211
-7.12528
0.850513
-2.82907
-1.77016
-1.84661
-3.98982
4.39587
-3.3129
-0.633577
3.95643
-6.08706
6.65292
1.73362
-2.08359
1.00689
-7.06799
-1.58698
-4.56027
0.405706
-4.85696
1.01255
-4.79501
-0.851321
-6.17118
0.555265
-2.08279
1.16593
6.1881
-6.92285
3.61575
-1.27441
-1.38355
4.13222
-4.16879
-2.42108
-0.686022
-1.42213
1.37905
-7.55025
-2.80476
-2.44998
4.57511
-0.36894
-5.39483
-3.74046
1.399
3.76959
-5.37911
2.70551
-5.15765
4.44891
1.18727
2.27578
0.555211
-5.67235
-8.5793
-5.91187
-2.97369
-8.26334
-0.0528593
-4.08004
0.624557
-1.93219
-5.30903
8.59416
-3.18832
1.94276
3.58001
13.2561
1.84382
-3.76895
7.16164
6.48378
11.1612
-2.63178
1.16283
3.11745
-6.15179
0.913584
-2.05805
4.67533
3.01127
0.701243
