1
0.99889
0.995372
0.989459
0.981161
0.970498
0.9575
0.942195
0.924623
0.904822
0.882848
0.858752
0.832601
0.804446
0.774376
0.742461
0.708793
0.673449
0.636525
0.598137
0.558388
0.51738
0.475231
0.432086
0.388057
0.343287
0.297907
0.25209
0.205966
0.159702
0.113458
0.0674248
0.0217571
-0.0647159
-0.110747
-0.156969
-0.203235
-0.249372
-0.295226
-0.340621
-0.385432
-0.42951
-0.472709
-0.514919
-0.555998
-0.595832
-0.634298
-0.67131
-0.706751
-0.740525
-0.772541
-0.802727
-0.830994
-0.857267
-0.881483
-0.903587
-0.923516
-0.941222
-0.95666
-0.969798
-0.980598
-0.989036
-0.99509
-0.998749
-1
-0.998844
-0.995278
-0.989319
-0.980973
-0.970266
-0.957222
-0.941872
-0.924253
-0.904412
-0.882397
-0.858258
-0.832063
-0.803878
-0.773767
-0.741816
-0.708108
-0.672739
-0.635788
-0.597368
-0.557587
-0.516562
-0.474395
-0.431222
-0.387185
-0.3424
-0.297014
-0.251178
-0.205057
-0.158793
-0.112554
-0.0665159
-0.0208645
0.0656176
0.11165
0.157885
0.204144
0.250277
0.296118
0.341514
0.386306
0.430369
0.473557
0.515734
0.556792
0.596601
0.635048
0.672019
0.70743
0.741172
0.773159
0.8033
0.831528
0.857764
0.881943
0.903999
0.923886
0.941548
0.956944
0.970032
0.980785
0.989178
0.995186
0.998796
1
0.998796
0.995186
0.989178
0.980785
0.970032
0.956944
0.941548
0.923886
0.903999
0.881943
0.857764
0.831528
0.8033
0.773159
0.741172
0.70743
0.672019
0.635048
0.596601
0.556792
0.515734
0.473557
0.430369
0.386306
0.341514
0.296118
0.250277
0.204144
0.157885
0.11165
0.0656176
-0.0208645
-0.0665159
-0.112554
-0.158793
-0.205057
-0.251178
-0.297014
-0.3424
-0.387185
-0.431222
-0.474395
-0.516562
-0.557587
-0.597368
-0.635788
-0.672739
-0.708108
-0.741816
-0.773767
-0.803878
-0.832063
-0.858258
-0.882397
-0.904412
-0.924253
-0.941872
-0.957222
-0.970266
-0.980973
-0.989319
-0.995278
-0.998844
-1
-0.998749
-0.99509
-0.989036
-0.980598
-0.969798
-0.95666
-0.941222
-0.923516
-0.903587
-0.881483
-0.857267
-0.830994
-0.802727
-0.772541
-0.740525
-0.706751
-0.67131
-0.634298
-0.595832
-0.555998
-0.514919
-0.472709
-0.42951
-0.385432
-0.340621
-0.295226
-0.249372
-0.203235
-0.156969
-0.110747
-0.0647159
0.0217571
0.0674248
0.113458
0.159702
0.205966
0.25209
0.297907
0.343287
0.388057
0.432086
0.475231
0.51738
0.558388
0.598137
0.636525
0.673449
0.708793
0.742461
0.774376
0.804446
0.832601
0.858752
0.882848
0.904822
0.924623
0.942195
0.9575
0.970498
0.981161
0.989459
0.995372
0.99889
