-0.00387692
-0.00297379
0.00573826
0.0206209
0.0284028
0.0307756
0.0375407
0.0415635
0.0386304
0.0455106
0.0459792
0.0447665
0.043386
0.0404496
0.0374051
0.0361604
0.0380328
0.0356387
0.0432413
0.0488387
0.0534246
0.0650799
0.0786166
0.0885087
0.105862
0.123847
0.128835
0.134311
0.13707
0.128778
0.121279
0.113061
0.0926091
0.0707731
0.0549626
0.0276867
0.00397949
-0.0149936
-0.0382646
-0.0577321
-0.0742787
-0.0911577
-0.0992766
-0.103236
-0.106862
-0.113177
-0.107407
-0.107147
-0.100959
-0.0930641
-0.092146
-0.082629
-0.0731428
-0.0689791
-0.0628912
-0.0527261
-0.0438801
-0.0396611
-0.0258823
-0.0220532
-0.0167888
-0.00802082
-0.00194293
0.00245476
0.00740047
0.00687266
0.00671135
0.0161971
0.00786336
-0.00020637
-0.0095288
-0.0234078
-0.0357178
-0.0468577
-0.0633897
-0.080256
-0.0754544
-0.0793184
-0.0822512
-0.0740504
-0.0662348
-0.0596636
-0.0449511
-0.0318129
-0.0150776
0.00327497
0.0210397
0.0339603
0.0532831
0.0709141
0.0847451
0.095083
0.105433
0.113698
0.119675
0.133267
0.142601
0.158654
0.174827
0.175776
