0
-15.5937
6.81661
-16.9867
14.066
7.5718
-3.91973
20.9671
-10.5021
-1.37627
8.47733
14.3904
10.7332
-3.18006
16.2784
27.1227
5.04551
-6.78953
-1.88721
15.0281
2.05831
12.6081
0.185683
-0.428584
-3.89452
17.9231
-2.45669
-25.0445
6.54127
-17.2411
5.81145
14.6797
-4.07374
1.70206
21.022
-27.0686
13.1887
-3.18255
-24.1315
-4.69714
13.0206
6.94758
7.56423
-0.916054
7.16288
-17.9867
-7.84753
-22.2295
4.19474
-20.9311
19.3037
-5.3565
-12.7072
9.93218
-10.7719
11.975
12.4703
10.6856
7.04717
1.91907
-4.41989
11.8515
-4.55712
8.0842
-5.24379
8.36924
13.29
-19.2708
-8.03741
-3.06598
6.24703
-4.0909
17.2877
-0.0413553
11.0463
3.10544
-3.758
6.62055
7.28428
15.024
8.09264
-5.46584
1.34246
-17.0402
5.1053
-15.5506
0.0784632
-1.2706
16.1559
1.66972
3.48629
-18.3331
-6.21527
-0.129793
18.1111
-18.8556
17.9246
4.4228
-1.34089
-25.9551
2.99764
5.89653
-4.07076
-1.53439
4.86994
6.00361
8.54505
-10.7796
-7.90494
-9.4602
9.93586
2.7896
-16.1147
6.01338
30.5728
8.41985
3.01371
21.2208
-29.3355
8.14587
-8.09344
-8.45528
-13.44
-0.484111
6.34982
-12.3951
7.42064
4.81987
13.9899
-28.9557
-15.1195
13.6533
-27.8346
8.47791
4.82687
-3.26866
5.11862
-12.6108
-8.5472
24.5869
-19.8008
-16.3689
15.9726
-2.3987
13.5628
-24.1137
-9.59297
-9.271
18.4408
12.9126
-7.28801
0.925194
2.04533
-10.0781
-11.5244
-10.9208
-8.05723
-15.0549
5.87309
-3.42195
17.0742
2.3566
-1.48494
-0.920037
3.63571
22.4066
-4.05704
-12.2072
11.4783
-7.06925
6.17564
-22.5128
1.02976
9.74232
-16.1467
23.394
-4.88152
0.650949
-2.43996
-3.41634
-10.6294
14.6301
-7.38942
-4.20244
-21.9993
8.59757
-3.35024
-12.747
-0.636163
-11.0166
-6.17475
0.971097
-10.6937
-17.2888
31.7509
0.0857443
-1.69765
12.6466
-15.2261
1.88955
-9.33719
15.2072
-3.87719
26.1343
5.99844
-2.74942
9.56163
6.09297
-11.201
-16.9056
-3.32234
8.67346
-5.41468
3.41575
-33.5553
7.04629
5.49621
24.3584
16.0073
5.69829
-16.0763
-6.75086
-14.7949
14.9363
-16.2855
-0.44851
-10.4495
26.4997
-6.66012
-4.15415
-0.421905
-5.65435
-16.9623
21.9945
2.79908
5.77919
8.58558
-6.20868
5.42454
12.8014
-4.22224
22.2075
-9.05712
1.75027
8.81927
11.0125
20.8972
9.11799
-5.36642
-27.0633
2.43922
23.2615
6.25692
2.8153
5.22556
-8.00529
6.89624
11.2947
13.5089
14.9947
6.71901
12.0199
-5.85634
7.86221
5.97925
2.46878
8.24699
1.88764
-16.8265
-24.1721
2.03793
21.6185
0.41656
-1.66232
7.55587
3.51923
5.11933
-15.3373
-2.33314
7.47214
23.7512
-10.9863
-14.3078
-13.6591
22.4265
-0.849315
-15.9905
6.83566
-6.57724
-3.58896
-0.266607
26.1531
-3.47763
-1.52818
-0.0669088
-2.13338
-22.0095
6.46307
-13.6694
17.7373
-14.5009
9.8264
-8.06888
3.92732
-8.95065
-15.83
21.7077
-23.8438
11.022
-21.4651
-3.84689
-2.93339
-6.03123
6.38028
-17.7024
1.70103
-29.7595
-0.426507
3.44318
-18.1864
14.9935
13.9743
-7.01734
-13.4445
1.28584
23.1766
0.543964
-21.5834
0.111712
4.66701
-41.3357
8.50142
-5.07251
17.2008
8.25013
-14.1811
9.64906
-3.02551
6.65613
-1.22924
1.16781
4.56426
4.33462
22.2167
-13.4018
3.98259
19.5089
-7.12693
10.0313
-7.72729
-10.0147
18.5854
16.5127
0.487912
-12.6594
-16.377
-6.6805
7.86382
-2.03451
9.06144
-12.855
6.25751
10.8772
5.0205
-7.62
6.69688
3.17448
19.5736
10.9236
2.6988
8.38261
17.6946
1.92468
2.87774
-8.32458
-2.52157
-13.2831
5.70009
7.29086
13.7354
7.98591
3.49854
-5.77201
7.36752
-5.76893
-8.79122
-9.98077
-11.6781
8.36961
4.02958
18.2724
20.3796
3.60097
-10.1614
-0.652856
19.2778
15.5067
-12.3081
20.4134
7.23587
-4.66891
-5.41645
0.739424
1.66689
-3.27178
7.52707
-3.56746
-22.9569
12.1811
-3.0032
0.590841
5.57756
-9.14694
2.73939
-11.8614
5.52445
16.3967
-13.028
10.6648
4.9066
-10.8481
13.9495
-0.310896
1.37061
6.5486
14.8137
-2.16357
13.8823
7.12457
8.33646
-8.69508
-8.8685
-8.75039
-5.87025
10.7864
-8.05818
-21.9649
-23.6241
20.9327
6.53089
-6.79832
19.5271
-4.61664
24.5426
-0.291515
12.8177
-7.15021
19.0337
-0.556655
6.59579
-5.36684
-1.26467
3.74535
-5.57063
12.3957
-9.43158
15.6544
-13.6563
3.02051
-4.8601
5.40234
-27.8326
-2.79348
4.75657
13.3825
-8.60839
-5.94835
-6.92222
-6.99343
-1.02209
-5.00648
10.6398
-10.5339
-15.603
-13.8914
-6.1161
-2.18005
8.63503
-24.3232
-20.6993
-7.9407
-12.0327
9.5544
-3.92421
8.66427
-18.1242
2.44869
-5.24734
8.36826
13.7863
-20.4387
-14.6175
-15.0878
1.54051
-5.15262
14.5317
-6.98387
1.87719
1.94886
15.7707
7.01787
12.8401
-17.6446
-11.0639
-7.3607
-7.64675
-15.5287
-11.5616
6.82929
-13.5033
-8.89386
2.65251
37.2629
-25.8086
-18.5396
21.2337
-9.47311
15.1025
-13.1686
12.6449
-17.2803
-2.57958
-4.9829
13.2137
1.40457
13.7227
-11.0635
-7.94345
8.68121
9.6975
-5.12427
-17.0421
0.577769
-1.32903
6.34154
6.35938
7.29673
-5.19882
10.4167
5.82581
-3.74142
2.40565
-16.5709
-4.6088
13.2236
1.68946
32.8844
18.1925
-11.7078
-19.0154
-11.4714
4.48083
-11.4741
3.02212
-22.913
-4.01788
3.54843
-8.82544
6.14023
13.0419
-2.02336
4.72235
3.32294
8.0123
18.9416
-9.19832
-9.76893
-13.2979
15.9827
9.90702
3.71343
20.7065
-12.6057
12.4033
6.05987
3.34921
12.4274
-8.70503
7.13043
-4.09105
5.69158
-27.412
-0.83874
-7.98569
16.7306
-17.9119
-8.83503
19.9668
3.91097
-13.577
15.8951
-0.916568
0.136048
-5.42283
-11.6788
-2.94141
20.3477
3.87668
-15.1412
-20.0851
-17.3195
-3.25901
-0.471325
-15.1655
6.1038
10.6202
15.124
-10.1002
28.498
27.3372
-0.497552
17.6803
3.79602
-15.247
21.4394
-11.1195
-9.26385
-1.18195
6.46432
-7.94022
-23.6461
-22.5236
-16.2899
-20.3175
-6.74564
22.01
2.34516
1.02426
-3.68108
-1.05785
9.82132
-4.85497
-5.66874
7.49364
-2.00536
7.18635
-8.4141
14.3473
-1.52864
11.6636
21.0368
41.1582
9.69188
1.22912
9.30889
0.310809
3.69429
17.8868
15.9068
1.09671
15.3862
-1.60515
7.92017
5.45416
10.6603
15.6608
23.2298
20.0292
7.13933
-6.08171
-20.6811
-0.533498
-10.8782
4.87177
-26.914
19.2519
18.3549
-8.2674
-7.69884
9.93787
-0.666283
-13.4989
-3.13493
11.9414
14.5872
1.34555
4.8228
28.8621
-33.2131
4.13674
-2.37118
-14.7515
28.6662
4.22979
0.461598
21.1509
11.6068
-3.94288
-6.13293
-18.3969
1.44202
0.201188
-2.65195
-10.6967
-14.3369
-6.33858
-3.72498
8.3708
-15.6704
-16.9223
21.4267
-1.06755
0.534311
-20.8175
-4.96952
-10.5504
2.37824
14.8285
-6.63825
-4.09273
-4.86914
-22.1032
-0.302625
2.1646
16.4272
18.8384
-10.9589
10.0365
-13.3386
-16.8498
12.6868
5.11653
13.3196
-3.69666
-11.5327
18.2147
5.71925
-5.72245
-17.3572
11.835
12.0419
-5.9291
-5.41677
-22.7835
-9.40772
12.9422
16.0762
-13.0954
-0.853205
12.149
26.7094
-16.2265
1.98282
12.811
28.2085
10.9653
-9.35383
-10.4307
-9.60482
-0.598986
15.7427
-2.14196
31.0861
-12.3035
6.11431
24.3222
13.9086
11.6983
-15.9166
-4.95418
0.938674
-8.65701
-5.63843
20.8202
13.0546
-1.20351
-9.93214
13.803
-5.00505
-12.4964
23.1376
17.0015
-13.8342
-4.33424
-3.13805
5.68744
8.25943
20.6235
3.54279
1.72535
7.55051
-6.26546
-3.56116
-2.92612
-8.19936
8.48872
3.79959
-8.71228
4.13857
-28.92
-28.0372
19.6237
-18.52
-20.9667
-6.93658
-10.2412
-14.4697
7.19383
-1.29479
0.0748903
8.59926
6.72671
-8.95464
20.476
-13.4973
15.6402
-1.20983
28.9563
-4.51694
9.9164
3.98908
11.3937
-2.97045
-13.9633
-5.3924
-2.5306
1.51529
-4.18471
7.84356
15.5826
13.956
-5.60392
-1.1508
-10.1318
2.91875
-11.0878
9.39149
14.8938
4.1363
3.32116
50.9265
41.0385
-12.2619
13.8878
-11.4258
3.16481
3.52125
8.34651
-7.66355
-3.72946
2.33667
29.6192
12.7056
24.5211
9.26473
-4.38279
-7.59647
10.4591
-17.2509
-2.61972
-12.0774
7.17828
-7.20568
21.2369
-4.08187
4.4243
-1.05559
34.6013
3.32453
22.0433
13.528
-0.166926
2.38394
-9.40373
-17.4955
1.30709
10.3637
4.46339
31.0079
17.1218
-19.0621
3.57208
-7.84444
-9.3651
-9.43285
-15.6123
6.28984
12.3877
-12.2138
-9.10763
-14.9898
-7.2801
17.083
27.6704
12.762
-13.2332
14.5922
2.07749
-9.58718
2.49615
-1.66506
16.7584
11.3215
-15.0625
-1.88041
12.5856
18.2847
-4.65691
7.96744
16.2826
10.835
15.8708
32.0643
11.6081
10.5652
-4.20281
20.4019
-24.9286
7.96333
-4.7165
16.2659
6.39524
-8.87808
-10.0129
-12.8897
-0.258228
-5.95187
-19.924
-7.27314
31.2955
-3.93738
3.62651
12.2804
31.5929
5.94645
9.82649
-3.43123
-5.26505
2.19346
-4.45225
-9.47206
-12.7115
-5.5364
9.67635
2.89895
21.296
-24.7094
-18.0302
-5.61004
1.53382
-16.0477
17.6594
6.85198
-12.9313
13.0296
-8.22733
-8.53084
-10.4849
-28.2268
-8.22233
9.79031
-0.43895
13.2228
-7.27133
-2.67043
7.92704
12.8716
-24.926
-1.77567
5.82998
18.1612
20.5491
-7.47835
20.3065
11.8728
-10.9978
14.848
-23.8163
-4.9741
3.49966
0.0173317
-15.9982
-18.6574
-12.4068
-22.6778
22.145
10.2419
18.4029
10.2582
-2.40682
-7.10798
6.35745
5.61223
-6.77524
18.5647
-4.82034
8.85546
-22.3627
-13.1605
10.3683
4.4842
-3.20302
-17.6181
20.0495
-7.0979
11.9949
14.9158
-1.21418
-13.5858
-4.97481
24.0552
-20.7147
2.63038
8.18914
-1.2438
8.28391
-9.71121
4.23733
-2.35495
-7.01815
11.6455
-1.35902
10.0758
6.6799
-6.4271
12.7329
-29.8742
4.09388
5.98716
29.6064
-36.9078
-5.93657
-11.7125
-6.07167
