-5.64462
2.59335
0.951989
-0.833211
6.66862
0.794425
-0.0543799
1.72648
2.66134
2.4613
-6.19055
5.59193
-15.9527
0.219705
-3.63627
0.804382
-8.87562
0.29192
-0.70707
0.954772
10.7113
-2.18348
8.96003
-7.15407
3.92784
-0.239928
-5.20171
0.629159
7.43561
13.4472
12.4574
-4.7749
3.45292
-0.260107
4.77795
8.01053
5.54868
-8.92182
6.34701
-2.89932
-0.473169
2.35487
-6.93856
-10.2673
3.63942
6.02703
-10.5492
-3.39496
6.55384
-5.42086
-10.97
2.2317
0.428805
7.44842
-10.2658
0.655823
-6.52398
-7.25254
-8.35058
8.92595
-0.673428
-0.659252
2.92536
8.25164
-4.88756
4.37568
2.31659
8.28485
5.90252
4.98958
3.86532
-2.36771
-3.10095
13.9393
2.86406
0.99094
-5.49152
7.23141
-7.57684
-1.51328
-5.32694
-11.4093
-3.2677
-5.61712
6.06042
-2.80382
-0.960751
7.27882
0.998044
-5.35433
-8.1884
5.03269
0.752869
4.61734
-3.96893
7.37788
-6.81203
-13.6977
2.0917
-0.245561
-8.4775
7.92751
-0.910659
5.20825
-8.68481
-12.1238
-8.19256
-3.20956
-1.96863
-3.47619
-1.78625
10.3461
8.92596
3.3165
-3.50737
7.03856
2.30443
-6.2884
6.11842
13.425
-14.7354
3.43382
-1.40347
-11.1235
-6.53027
0.859139
-0.649096
-9.31015
-0.677725
-6.98991
-0.630772
0.735611
-5.57755
-11.0656
-5.19613
2.6476
-14.043
8.78208
7.00466
-5.96143
-0.306833
10.3602
-3.14459
2.78012
7.36024
8.82342
-0.223216
4.26147
3.8307
1.28685
-9.69172
-11.8704
-8.90081
3.99333
-2.26859
4.66594
-8.58179
-3.68171
1.71356
-12.8964
-4.45438
3.594
-0.850589
3.13596
2.99684
3.98596
-7.16906
-4.89333
-5.11154
8.189
-2.50492
-1.10683
5.87284
-4.60559
0.137829
-10.7795
-12.0995
-1.25799
-13.0231
6.27261
-6.65901
-3.76353
-1.52483
7.66019
-0.654127
-2.80922
2.97175
-0.140044
3.81788
14.835
0.951367
5.75293
-5.97702
4.83925
8.90663
0.693948
-2.92335
7.58107
-6.03258
-9.1231
-5.31231
2.88963
-11.4637
4.81663
2.04444
4.63266
-10.5919
-7.25968
11.4175
1.32533
-7.79177
7.42373
3.51151
-6.50373
-6.63993
1.58623
-6.33978
1.44182
4.34007
-13.4296
-4.03671
8.44411
3.94368
1.18073
5.29181
-3.54146
13.7106
10.3598
9.68735
4.05918
-1.27212
6.30972
4.34763
-6.62956
5.06631
-1.18391
9.44477
-0.935143
0.638275
5.81865
-3.87638
3.98968
-6.26998
-1.44513
-11.0252
4.29349
-6.02158
-1.22941
-1.17623
5.44289
-0.902271
-2.2347
3.17536
-1.59727
-2.13889
1.03056
