1.64224
1.76826
-0.811544
0.963039
-0.127645
-1.38963
-0.154459
-0.819274
-1.06946
0.499667
1.38202
-5.59614
2.22753
-1.33579
37.1822
-0.450415
-0.24107
1.34219
4.57499
0.110614
-15.0188
-2.4674
6.97641
3.4551
1.61061
0.599906
0.301116
2.42365
-0.0742572
2.92407
-1.03309
0.117215
-10.3818
-13.2143
0.240548
0.37441
16.7567
-0.987683
-2.82557
0.68313
0.268378
0.891655
0.816054
-0.564719
-6.50419
-1.97295
0.168181
-0.966799
-0.163575
5.49304
2.43882
0.197639
0.81424
1.62226
-0.680217
-1.4354
-2.05159
-0.063057
14.7421
1.20731
-0.993481
0.27768
-0.205512
-1.29641
-4.88776
8.337
1.25559
-4.39047
-1.5021
-0.282195
0.283082
0.561405
-62.3341
-1.24225
0.450936
1.62466
0.379863
1.7544
0.561602
-1.47867
-4.277
-0.198447
-1.13052
-0.269252
-1.79965
0.381478
0.761323
0.544596
-0.434459
1.74061
-1.30307
35.568
-0.534282
1.01047
2.13372
13.5719
-3.51188
1.45577
0.606919
-1.48339
-2.36643
0.0552476
-0.384521
-0.514976
-2.26068
-1.03136
-0.183158
0.908631
-1.63136
0.271855
-0.47571
1.22628
4.71063
1.27355
3.20129
0.777439
2.09166
2.22021
0.806521
0.467032
-0.847243
-4.30268
-1.3385
-0.492376
-0.508747
-1.23924
2.1428
0.673356
2.09908
0.431592
-0.0376515
0.552968
-0.572042
-5.13157
12.046
-0.785051
0.732894
0.898495
9.20026
-6.02573
-0.759497
2.96165
0.457759
1.13136
-5.64539
-0.983598
1.05994
0.280486
4.55701
-0.785647
0.450975
0.916846
-3.48266
-0.123161
-0.471319
2.37791
0.910317
0.906109
-8.73131
-1.87359
-1.9011
-1.11406
-2.70751
-2.16666
1.12326
2.89922
-0.0938714
0.691667
1.53526
1.36715
-0.861595
0.720717
-1.82264
-0.494177
1.10199
-0.94001
-0.220821
0.0402804
-1.77334
1.09297
-1.05606
-2.89731
-0.681631
-0.459364
0.645628
3.67659
144.289
-0.0656583
-0.900705
-1.05547
1.02541
-0.147505
1.029
-1.1213
-0.455913
0.511094
-1.0162
1.92907
0.304779
0.782226
1.18318
-65.3901
0.865406
-8.62964
0.183263
-0.446901
3.07758
-1.23267
1.1372
0.422449
-0.0408838
0.665691
9.30869
-0.882002
35.5165
0.0181243
0.734502
-0.276879
1.624
-0.866042
-0.701251
-0.185759
0.156819
1.40895
0.74908
0.202524
1.02596
0.0670583
-1.34979
0.184908
-0.566823
0.61198
0.52965
-4.71114
1.14903
-0.00170715
1.10918
-0.779618
-2.09585
2.38961
-0.0927581
-2.14226
1.75818
0.529767
-1.25105
-1.05629
0.412221
-0.354636
2.1522
-1.81954
1.42224
1.14094
-1.10548
0.0374755
-5.28496
-0.392833
0.981667
-1.79001
-2.88482
-8.71113
-0.887358
3.45126
-0.518632
-0.606832
0.484716
-2.8667
1.53375
0.485516
-0.741091
-0.452606
-0.435765
-9.619
-0.277849
0.894793
-1.2307
1.24902
1.7631
-1.51731
0.51503
-16.8838
-1.73145
1.79659
-0.185883
-0.965779
-0.4695
0.77948
8.17653
-2.00969
0.73126
-1.18323
-1.04888
-1.82732
-2.50469
0.964551
-0.662003
-0.865958
-0.634876
-2.18725
-3.20234
-1.65608
1.32913
0.357798
-4.22429
1.2361
2.97572
-2.35728
-0.467804
1.87675
-0.527765
0.258479
-49.6058
-1.78876
-0.657489
1.20993
0.391632
-1.57826
-2.89326
7.22402
-0.274051
-1.04507
0.927668
51.7237
-0.895044
0.658938
0.0351584
-0.643158
0.962476
-0.620933
-3.67645
-6.6775
3.87715
43.5895
-2.71283
1.53888
-7.69914
0.753453
-1.16667
-3.39355
-2.74975
0.577177
-2.2197
-1.61617
-0.123581
-12.3646
-25.1376
-2.41293
0.959445
0.53533
18.7589
2.10675
0.00297528
1.5116
1.06358
-0.247347
2.84309
0.98707
-1.69752
-0.434546
-9.208
0.437902
0.239103
-0.851543
-0.744461
1.2745
0.726915
3.63679
0.606021
-2.33537
-0.47526
-0.617682
0.456157
1.57524
0.71587
0.379325
1.39401
0.479646
-0.399529
0.357492
0.678565
0.0141321
0.795754
-0.373465
-101.923
6.01229
-0.211326
-14.6011
0.276836
0.26836
0.462959
-0.160498
-2.54209
-0.98712
0.898455
0.367137
-2.52133
-0.126077
0.765141
1.27985
1.64895
0.970877
-0.444585
-0.0964981
-0.0435094
1.86476
-1.12097
-1.47657
1.27031
1.11554
0.88273
0.400941
1.35678
-3.95005
0.413883
0.0149007
1.48814
3.47407
0.317081
0.144118
-131.932
2.08591
2.24829
2.51892
4.68301
3.34539
-1.0743
-1.04855
-2.57001
0.0972579
589.761
-1.14732
-0.790195
-1.20273
0.951281
7.99185
0.266359
7.06359
0.267182
-0.920124
-0.861507
0.0337091
5.38269
0.211577
-1.97559
-1.32117
-0.611525
7.6577
6.53797
-2.64715
0.508079
-0.0542244
0.252138
-0.716505
1.01153
-0.931758
0.248018
1.65702
-0.241103
-1.12768
2.96531
-1.74578
-0.775578
-0.575928
0.500272
1.32576
0.31299
-0.0964381
-8.55732
-0.0870223
0.431627
22.0002
-1336.22
-0.480964
0.498777
1.62608
37.7872
1.56673
3.56648
-0.432076
-0.899953
0.782172
-9.96007
1.21842
4.81712
0.82024
6.3006
-0.915063
-2.83721
1.12927
2.47251
-0.753568
-4.53593
1.08412
-0.685231
0.605635
0.243339
-1.15126
-1.28775
0.697117
1.38444
-0.182575
0.972353
0.922338
-1.02302
-0.483324
-8.77937
-1.16991
1.07076
-1.355
369.954
-0.179539
3.61145
11.2153
1.96785
0.190338
-0.961107
-0.361744
-0.909324
-0.117136
-1.00393
-1.07721
0.993866
-0.474451
-1.18327
0.352706
2.99858
-1.06789
-1.81226
-1.42741
-1.16821
0.608799
5.13637
0.773896
-1.16638
-0.542397
0.845947
0.676079
0.255348
-5.39461
0.657126
0.586679
-0.950543
1.84269
2.19567
0.514516
-1.46662
0.572619
3.2233
-0.0119213
-0.344997
3.84619
-0.411113
0.774024
-1.19356
-2.32437
0.696224
0.417428
-0.159712
0.195733
-0.724753
-0.291737
1.5747
-1.69121
0.447343
-2.8169
7.96054
11.425
-0.289488
-2.66879
-0.815918
-0.146398
0.401216
-2.48355
0.596292
-0.0586506
-17.4222
1.18956
-0.137978
1.99398
-0.695538
2.34572
-36.678
-0.255378
-0.318333
-1.62787
0.396659
-0.57471
0.281339
0.253096
1.32603
-0.398232
-6.0563
-0.786076
0.644212
0.700538
-1.37777
0.172287
45.6444
-0.284743
-1.03656
0.74576
-0.651899
-1.21922
-1.09611
-0.440678
0.559287
-0.581537
-1.30024
52.1069
0.528308
0.386856
-26.6641
0.214516
0.589433
-0.0645037
-1.76559
-0.6676
-1.1367
1.38578
4.62867
-0.328427
1.01488
0.128355
4.71967
-0.548845
-2.24404
-0.0759095
-0.594498
2.59684
0.839113
0.961043
-0.830316
-0.766588
-3.15661
1.07875
1.09065
-0.313161
0.507963
204.266
13.5763
1.03872
5.18066
-2.24645
0.96434
0.0736823
0.609655
-0.592307
0.0563531
-0.29202
0.706002
0.0447689
2.15278
10.6096
-0.39586
0.28527
-0.52033
-0.50435
-0.330501
0.903468
0.2316
2.07834
-0.0036069
0.856862
-1.33403
2.18754
1.59638
-0.767979
-0.0634606
-2.06123
2.12969
3.87324
-2.10027
2.01132
6.24512
1.06844
-0.972115
2.3047
-0.930716
0.269787
2.51108
2.47211
1.08542
0.0214604
2.12794
-0.69456
0.508119
0.08546
0.0548454
1.75485
1.19685
2.61069
-28.365
-1.01163
0.539081
0.11539
4.37704
0.5389
-2.12523
-0.0293869
0.89106
0.671853
0.478574
-0.807711
-0.191144
0.113243
0.236719
-0.733139
-0.545793
-1.11427
2.96206
-1.13098
-1.296
1.26173
0.517117
8.92005
-1.39847
-2.23631
-6.25662
0.345626
-1.70856
1.94458
-0.751817
0.570305
-1.45813
0.655103
1.30976
1.03179
-0.656944
-0.985793
0.940572
-1.10039
1.71775
1.81249
3.05979
-1.514
-0.415254
-2.42546
-0.457135
0.106634
2239.07
-0.813668
-0.347046
-0.0884191
0.142648
0.204125
-0.322085
0.292263
-0.113081
1.33486
-0.788091
0.227838
0.219632
0.684984
1.00152
-0.472519
0.686554
-1.98316
0.0306632
1.6464
0.51438
4.00703
-1.22058
-0.586269
-0.752401
-26.7939
8.1448
1.31982
0.188367
0.684662
-0.845543
-0.0753758
0.824823
0.165224
0.431845
-0.00624814
0.428315
-0.0481392
-0.362168
-0.936381
-4.14241
-0.676739
0.175461
12.8136
0.279098
4.25167
-1.62127
-0.329225
-1.21542
-0.23617
1.59401
-0.362493
1.68655
-1.07221
2.60151
-0.508687
2.00215
-0.219382
4.94272
-2.92054
0.887366
-1.6186
-2.61944
-1.28786
0.552042
-24.1318
-1.78374
1.21689
-0.852163
-2.7094
-18.8725
74.9093
1.49814
-5.28417
7.12222
0.986829
-0.426077
5.5713
-0.30059
-0.66073
-1.5702
-0.860594
0.594588
-0.327378
-4.10607
-0.304783
1.40445
7.44736
0.0720423
-0.15867
2.27338
0.931099
-29.0511
9.78269
-2.64268
0.186655
-0.892501
7.92647
0.380348
-0.669272
-1.93659
-0.959178
3.16075
-0.0401909
-1.09724
-0.0917604
0.715272
1.54403
-0.082885
13.1756
0.412747
0.685595
-0.28241
-0.301717
0.822737
-0.833713
-0.100531
-0.550563
-0.611944
3.68497
-0.193262
-0.506108
3.03522
0.103311
0.157246
-0.0876392
-0.0113824
1.49309
-0.93786
-0.764113
1.26712
-0.870247
2.71205
1.22772
1.27867
-9.63286
3.94197
-0.842333
-3.74726
-0.263918
-0.120996
-0.707814
1.10818
0.0136434
-4.53746
0.668549
0.165003
1.4206
0.157886
1.99883
-0.851828
1.13463
0.68528
1.4153
0.963205
-1.68612
-2.8845
-0.222701
1.03532
-34.262
-20.8958
-1.38064
-0.814129
0.857608
1.3354
0.325895
-0.633285
8.07557
0.870425
2.40201
1.33495
-0.606778
-1.15852
0.79452
0.322185
0.607946
-3.30981
1.39401
-0.754616
-15.4008
-6.2626
1.11215
-0.161945
-226.083
-0.289181
-2.03686
0.0937387
0.0251837
2.76516
-0.570755
0.599778
1.03983
-0.327135
0.208063
-2.07162
10.529
-0.410806
-0.582587
-0.957909
0.0633902
0.893909
-0.0163359
-0.933869
0.270303
0.00702823
-0.455646
-2.11983
53.8949
0.869052
2.42793
-0.504831
3.36821
0.28714
0.100256
-0.972883
0.995951
-0.308255
32.2995
-0.249573
-0.669325
1.75203
1.15758
-26.3392
-1.48565
4.09159
2.52872
1.13536
1.18376
-4.26816
0.358733
0.945804
0.402052
1.73057
0.756701
-0.0349079
-8.22471
-0.0990318
-2.93468
-0.748848
7.39527
-2.30987
-1.04163
4.0094
0.179981
0.414109
-1.58189
0.532577
-0.848608
4.03254
-0.162903
-3.5265
-1.96369
1.2634
-3.95898
9.67682
5.80455
0.913649
1.27192
6.73512
-4.33704
0.431928
-0.0741748
-1.75836
1.64292
-2.4784
0.526917
1.15728
-1.14693
-0.939237
-1.74853
-1.05865
0.73487
-1.57482
1.15085
2.61451
0.957824
2.15738
-14.1119
-0.195281
-0.0570771
-0.905208
-1.80357
0.690705
-1.49434
11.6898
0.433791
-1.08778
0.54037
-2.84697
0.327508
0.0589671
-2.42357
-0.306772
0.316026
-0.21804
-0.110188
-10.9008
-0.0779321
0.256448
-0.539166
0.178734
1.74797
0.144919
0.429697
76.5585
-0.09067
-0.320703
11.9692
0.328609
-0.080764
1.90839
1.09414
1.02857
0.306618
-3.1102
-3.58922
-1.0594
-1.46014
-0.898468
-0.963545
0.0424473
-0.688196
0.513126
0.447809
-17.7155
0.637047
0.0774438
2.64567
-1.8469
0.314125
0.996498
-0.756546
-1.07574
0.806382
3.10825
0.863919
1.06421
1.30239
0.225573
1.67086
0.968785
-1.031
0.969046
0.271448
-1.34671
-5.10429
-3.80029
1.05344
6.82155
-0.761302
1.17321
2.08614
-3.13544
-0.613951
-1.24214
0.788343
-4.94963
0.270536
-3.17501
-3.57715
-0.882437
0.602981
-1.39357
-0.624026
0.0560651
0.485338
-0.0731436
0.645822
-0.218351
0.036773
-1.6355
5.53814
0.247197
12.5259
1.15898
-1.55017
-0.888002
0.79874
0.204573
0.421908
-0.486589
0.165457
4.37838
-21.1832
1.53496
-211.273
-7.86456
2.70357
0.648501
-1.5734
1.15517
0.752495
3.92922
0.100843
-3.45886
-3.37453
0.954972
1.38218
1.39099
4.18969
0.0444483
-1.51567
1.03112
-1.16793
0.11488
0.755406
6.44489
4.23054
-11.0891
1.58381
1.19467
2.17283
-2.74116
0.707416
-1.31158
0.944638
-0.511922
1.07627
-2.35022
2.21566
-30.8529
-1.98809
-1.35158
-2.02255
-0.996329
16.9763
-8.91205
0.189219
1.14618
1.03484
0.783529
-0.889091
-0.457021
0.124654
0.888846
-0.499328
1.44264
27.3989
1.35562
0.568993
-1.71581
-0.228768
-1.19345
-4.94184
-0.884006
0.771075
-0.910946
-1.77881
-0.667971
2.70065
-1.37792
1.03792
-1.03816
-0.126695
-2.00106
1.17451
-0.849773
-2.03603
0.479698
-0.33391
0.752172
1.17524
0.373509
-1.70767
1.27314
32.3756
-0.926334
7.48202
-6.03557
1.16472
-1.55766
1.09006
2.04202
1.16781
0.0552413
0.756034
0.416119
-0.81584
3.46517
-1.35491
-1.82176
0.882806
-1.94296
-1.08302
-4.38845
-0.863136
-1.9456
7.24939
0.652593
0.184165
1.87849
6.15
-0.493945
1.07217
0.651887
-1.65058
-0.444181
0.150491
-0.17869
0.0878436
-0.885329
0.714562
1.51556
-1.08312
-0.096886
-0.080202
-15.4335
0.622853
0.47581
2.0242
1.924
0.712996
-0.201209
-31.5151
0.202296
-0.396732
0.528312
-0.143418
-3.16493
0.807737
-0.406659
-0.724133
0.326751
-0.183485
-2.18373
-1.41066
-0.536448
-3.96887
0.284532
-2.79274
0.71955
2.11013
-0.569176
1.04687
1.55551
0.517423
0.79803
-2.10979
2.25641
0.457451
1.49681
-0.0618908
3.09838
-0.536309
0.904209
-1.111
-9.76108
-0.508852
0.8033
1.20664
1.19275
0.876205
-0.356903
8.53808
1.6119
-0.855138
1.35873
-1.06132
-0.454564
1.38146
5.25573
3.32125
0.908455
-0.524917
-0.439004
12.6675
1.79286
1.53774
0.762067
1.64189
-0.652643
-0.0758173
4.68358
-0.524805
-0.252244
-1.47458
-0.17834
1.1875
-0.820568
-0.12412
-5.43407
0.475481
-2.05405
0.151178
-0.275717
-0.654214
-0.179629
-0.495534
-1.12379
1.31125
7.94221
0.797989
-16.325
0.485511
-3.71244
0.112763
0.026691
-0.903192
-0.797986
0.618009
0.419744
-1.15416
-0.899892
2.03
1.75026
-0.186442
2.20917
2.24029
-10.487
6.23937
-0.0110589
0.975917
0.0353735
0.686695
-1.02977
-0.377375
-0.323074
-0.220941
2.02552
-1.5297
1.00645
-0.534809
-0.452702
-0.26742
0.0937265
-2.45626
-85.323
0.845774
-0.232672
0.333928
-0.283732
-0.664532
0.0685685
-0.222217
2.08292
0.174338
-5.86775
-0.218408
-0.483276
-0.386556
0.690106
-1.48936
-0.612833
0.512708
-0.694105
-8.46489
1.70604
-7.35561
-0.452117
0.230654
-6.86955
-33.1328
-1.50517
-0.507324
-0.88862
0.349192
-0.47911
3.21869
-0.16204
-1.18662
-1.3069
-5.54359
0.992109
0.360831
-0.226878
-0.359488
1.18755
-0.686648
-0.780279
-0.425729
2.83392
0.147086
0.153373
-2.20587
-3.39591
-0.980314
-2.21952
-2.66489
-3.22973
0.657964
0.680764
10.5605
-1.05211
0.354488
1.14567
-0.206805
-0.0851857
-0.920686
5.00179
-0.597243
-1.49904
0.701176
1.33601
-0.147829
-0.447449
-0.0717773
5.17398
17.3992
10.9458
9.72759
0.671108
0.837288
-1.17614
1.67308
2.88376
2.50315
-19.1289
8.48407
-1.02192
2.99602
0.855745
-1.7022
1.14167
-2.39411
2.29388
-1.1904
-0.933145
1.17628
-1.17836
0.419241
-2.18347
3.08662
-0.874551
-0.159579
-0.454691
-0.915767
-0.867891
2.46666
-1.48916
1.22847
-0.870547
-1.5268
3.62175
0.966215
-0.500251
-2.71782
0.914733
-0.136832
-4.35276
-1.56532
-0.454209
-0.869686
-3.83965
0.593928
0.383471
-0.54683
0.628801
-0.49807
0.15822
0.252411
-0.109454
0.68135
0.214764
0.292151
-1.3001
1.69423
4.09927
-0.48511
-0.623128
-0.00137353
0.210525
-0.962357
10.9555
5.41869
0.844949
4.38586
-0.727548
0.0535171
-0.510543
0.486762
2.34909
-1.04762
-1.85757
3.9011
-0.061203
1.96153
-3.75675
0.832442
1.20801
-1.2761
-0.646386
0.471747
0.894507
-0.0526385
-0.767691
3.19858
-0.48459
0.0672345
-9.67472
-1.10269
0.0918162
0.16698
-1.69891
0.771728
-9.82353
1.18822
-0.804456
-0.106663
-2.99446
6.75142
2.28214
-2.17159
-0.529593
-0.679348
-1.26604
11.5887
0.363874
-13.4202
1.29188
-12.6048
0.435477
-1.22129
36.7571
1.78612
-0.0507428
1.99491
-0.769986
0.363248
0.954904
0.892586
9.7628
1.37627
-0.220272
1.13536
-1.05807
0.684502
-0.721939
-0.424199
0.651932
0.808554
-0.992075
0.617655
-1.1952
1.08067
0.857286
0.0771462
-0.168422
-0.852047
-0.677558
3.10011
0.624754
0.726346
-1.24569
0.553365
3.03411
-0.774636
-1.25498
0.385772
0.448457
0.235262
-0.210557
0.545731
-2.6113
0.556257
0.692486
0.335282
-1.03636
-1.25948
-0.817772
0.90766
0.440319
-0.409049
-0.307128
-0.297483
-0.729498
0.299278
0.312673
8.20447
0.900922
0.928287
1.96692
0.535427
-0.217135
0.616831
0.708362
0.292488
1.30049
-3.77663
1.57795
0.389907
1.92904
-0.113601
1.06861
0.759692
-1.19952
1.14682
2.35351
28.26
-4.48107
0.236674
0.275948
2.09442
-2.48005
-0.605417
1.34093
0.0584387
-0.302008
2.95747
1.31552
2.76546
0.510885
0.733718
0.995246
0.360809
-1.09259
0.528614
-0.687003
-1.26966
-0.254912
0.0980363
-1812.17
-1.03715
-1.47856
-3.35595
0.942801
0.829039
0.539202
68.474
0.0303142
1.28217
-1.7076
1.0592
-0.896075
-1.24164
0.832366
-0.517636
-0.579903
0.331331
-0.0038637
0.296748
0.146365
0.292548
-0.845818
-0.664326
-0.954835
-1.36569
-1.12389
1.42722
-0.423267
1.12677
5.49276
-1.07236
1.19348
-0.273106
12.5578
-1.5014
-0.0626795
0.412485
0.295494
-7.40092
-5.47328
-1.31778
3.39699
1.14057
14.7552
0.748948
4.3726
0.084664
-0.0127076
0.680519
-0.909304
0.909431
0.82777
-0.346101
2.1239
-12.2601
0.641978
-1.07971
-1.24827
-5.28093
-0.217185
0.36687
8.25773
0.177062
2.24185
-1.04502
-0.113286
-0.656018
-0.708187
-0.529648
2.48051
0.676912
4.61236
-0.718173
0.568493
-0.835129
-0.571691
0.737915
-0.925518
2.77141
27.3345
-0.81814
135.569
-0.376218
1.08573
1.87
3.06764
0.490514
-2.44466
-0.387505
-2.6839
0.0468821
-51.4631
-0.965488
4.95014
-1.53525
-0.992843
-0.488014
3.1365
-0.662095
-1.97649
0.644576
-0.421938
-3.93431
1.22215
0.308268
1.35783
-2.24565
1.14912
4.9943
-2.57359
-0.708554
-0.00195553
-0.503595
1.36277
4.7478
-0.923608
-0.985682
-0.477297
0.866695
0.260854
80.3496
-0.278444
1.83217
-10.754
3.81456
-0.396211
-1.86455
1.64243
-2.73941
0.599812
3.32652
-1.50227
-1.10288
6.56237
0.0337817
-0.412564
0.878321
-2.39801
1.89911
-0.145744
0.888161
5.70966
-2.47552
1.66635
-0.939427
1.26295
1.57433
-1.00277
2.08485
-15.1125
-5.52908
0.179718
-0.584295
0.105406
1.66942
-0.941629
2.40056
-4.3752
0.298538
-0.30637
-0.151128
-0.87367
-0.907506
-0.271437
1.33253
0.15672
-1.20708
-1.3525
-0.550881
1.13434
0.3916
-2.02676
-0.660595
3.51714
23.0611
-4.24284
-0.0449248
-12.8619
-72.6201
-0.907629
-0.0793358
1.20066
0.321069
-1.39893
0.0708699
0.236405
0.974334
1.93212
0.892489
-0.524398
2.28087
0.426075
-0.100242
0.270069
-7.06952
-0.778091
0.860447
-0.476607
0.0363978
10.2026
-1.47306
-0.600001
1.88879
0.972247
-0.643758
0.146261
0.416581
-0.583443
1.70451
5.31741
9.21741
-0.834288
0.954683
-0.402258
1.19363
0.631337
-0.259406
-1.03526
-1.41736
0.810063
-2.19773
46.3157
0.43812
-2.4843
-4.41714
-0.76394
1.52191
3.5903
-0.879554
1.31051
-1.08066
-5.39036
-0.254867
-4.82319
0.136348
1.93906
-0.28482
1.23887
-0.656283
-0.855386
2.2743
0.644864
0.914778
0.593092
-0.378758
-1.14655
-2.79263
-0.505153
0.470888
-0.63058
0.0888492
-0.387054
-0.821348
-1.29941
-6.41272
-1.27618
0.505585
-4.23434
-0.539047
-0.542814
2.08769
-1.30658
0.0122367
2.75495
0.286542
-0.362409
-6.78521
483.081
-11.1343
-1.35471
1.30644
-158.726
-2.44819
0.6758
5.52488
0.39731
-0.213586
1.41581
0.0386312
0.455148
1.80629
4.93987
0.482639
-2.08012
-0.0315768
0.205307
-0.406316
-2.77172
0.450676
-0.580683
1.01557
-3.07695
0.740866
10.7675
-1.58716
-2.90579
-0.115322
-1.7165
3.17034
12.8957
-0.572787
0.300916
2.25917
-1.7638
0.582163
-0.49577
0.863582
2.93754
1.70333
-0.00823873
-0.740438
2.56644
3.26934
-17.8992
0.490122
2.21686
-0.821561
-0.235698
-1.60363
2.55669
1.80799
-0.217561
-0.204399
-2.92585
-0.933815
-3.06047
5.86315
0.801458
0.862024
0.414093
-0.487278
0.0391483
1.13683
2.15921
0.578959
0.423734
0.958145
-0.82341
1.69626
0.67412
-1.22417
8.01653
-4.41422
7.13675
1.07577
9.76038
0.206474
-6.01102
0.487237
-1.04393
3.25137
1.07718
0.921973
-2.71859
-7.72988
0.353139
-0.22122
-0.760742
-0.807062
-1.86057
3.0457
-2.32794
-0.26215
-0.158734
0.871747
0.952094
0.871873
3.85524
67.5593
0.904502
-0.215265
-3.32082
1.41151
-0.218136
7.2275
1.51306
0.305574
-0.0111119
-5.70374
-33.7862
0.471583
1.79272
-1.0356
-1.12972
-3.34149
6.66687
0.982368
-2.92679
4.67055
1.56094
1.05138
-0.37993
0.135649
-8.22813
-3.08162
0.64323
-0.116409
0.956246
0.655104
0.514595
2.37219
-1.25913
-0.162475
1.02977
-1.10212
-0.687313
-2.53868
4.33356
0.132346
0.678209
1.10783
-0.805034
0.851836
-1.01935
-1.21151
0.82083
0.0115002
0.386857
1.09492
-0.583375
4.01793
-3.4359
-1.06975
-1.32413
-0.409385
2.22917
1.61216
-4.84728
0.988611
-1.19658
0.145155
0.260113
3.15275
1.07594
-0.852387
0.3546
-0.692225
-0.262697
-0.125884
-2.2985
-1.77953
-0.794711
0.733572
1.76391
1.44967
-0.607786
0.87085
-1.19285
-3.34254
-0.313881
0.672605
-0.89092
-0.0477675
0.47636
0.137208
0.712025
0.291393
-0.703961
-2.09701
1.19651
-0.0262158
-1.96908
6.46184
-0.51739
1.06926
-0.672914
-0.672252
-1.1536
-1.22732
3.05909
0.801746
0.523328
-0.911408
3.97924
-0.821498
0.846838
-3.07333
-1.20497
15.9361
1.40242
-8.52953
3.02369
-0.465997
-1.29229
-3.3156
1.59917
0.627948
2.75424
66.3002
0.332578
0.835325
1.44408
-6.11866
-1.21937
5.17064
-1.6367
-0.312961
-0.517685
79.7723
1.5114
-3.35879
-0.058713
-0.563636
0.844705
1.27989
-0.676176
2.03276
-1.02529
1.70182
-0.807676
0.230891
0.239845
0.189496
-0.868529
-1.49333
0.717898
-0.590928
-2.18591
1.58503
-0.873877
0.561
2.8948
1.67295
-0.679592
-1.86737
1.64903
33.7843
-13.4142
2.13971
-1.35155
0.673424
-0.594422
-1.23695
0.686866
0.698196
3.17905
-2.47791
-2.91989
2.34587
1.83819
-1.12666
-1.2731
-0.806401
4.00933
15.2099
-2.85998
-0.41586
0.845957
1.24772
0.7656
0.174819
1.93674
-0.101028
-1.36714
0.401651
-1.45484
-1.08263
-6.22712
2.19167
1.09204
-1.7672
0.673763
-0.750606
2.23681
-0.285219
0.307525
-0.521503
-0.098336
-5.17325
0.260515
-0.568986
-4.02933
-18.7344
-1.76185
-0.908229
0.293631
0.855594
0.906705
24.9009
1.78715
-0.832581
0.569017
-1.40719
0.927929
1.48194
-0.627353
-1.32646
1.61167
-0.626179
-0.0983229
-1.37449
2.36744
0.18023
-0.921864
41.1993
0.206245
0.602097
1.14008
-2.39595
0.0416038
-0.927553
-0.270337
1.05006
-6.333
14.8433
1.55868
1.07842
-6.3124
-1.40167
-3.83865
-0.0848214
1.65329
-0.927388
1.70401
-1.45103
-12.4106
0.116711
11.4535
1.5686
0.446416
-22.1703
1.91521
-0.831295
2.03303
2.19045
-0.919064
0.141021
-1.61282
1.85521
-2.73741
5.6873
-8.22292
-1.12596
-129.679
1.15579
0.569567
-0.308414
0.518205
-0.188075
-1.0472
0.29927
0.10863
0.0554619
-0.91991
-0.107328
1.25991
33.6768
-1.19371
-1.92099
0.496335
0.150114
-0.150842
1.39211
-0.61532
-1.5796
1.50401
4.5215
3.05134
0.642236
0.115387
10.9171
4.2914
-1.50424
-0.998694
-1.73777
-0.166267
1.45117
23.0499
-0.260441
-1.85074
9.94814
-0.395036
8.69791
-0.395096
-0.508037
0.540989
1.13255
-0.614014
1.10539
0.998334
-1.41793
12.9837
-1.4645
5.17201
-0.716305
-0.569866
-2.38525
-1.29253
1.09491
5.06755
0.198045
-1.09926
-0.345767
0.450616
-0.716305
0.450639
-35.525
-0.369021
1.88375
1.0306
-0.0363304
-3.1777
-7.60704
-1.33486
-1.34145
1.93917
-0.819446
1.52903
-0.755581
-4.5832
1.16148
-1.01025
0.132613
0.129822
-0.880542
0.291304
1.49119
-3.11553
1.91364
-0.175099
-0.675697
-48.3923
0.299402
-1.74847
-0.400839
1.2369
-0.397173
1.48753
-0.438661
-0.927078
-0.314929
0.109802
0.196641
78.2601
0.842359
-10.8731
4.97168
-0.26231
2.01991
6.06912
-0.201776
0.0490799
-0.846687
-3.18136
-0.982742
0.837154
25.4393
0.329816
0.0443252
-0.502941
-2.8238
0.720968
19.9824
0.201481
0.821517
0.953578
-0.168485
-0.690171
0.350017
0.234179
0.982854
0.820738
-3.08788
-4.18566
2.1764
0.148528
-1.4508
1.78128
-0.666025
-2.61386
0.336246
-0.810978
-1.14936
3.11438
0.0405787
31.4376
-1.71348
0.422777
-0.334549
0.255388
0.112014
-2.38101
-0.138927
1.22598
0.262192
0.819651
-1.05777
-6.3478
0.551492
1.47434
0.0459079
0.140087
1.02653
2.43112
-1.17406
-0.541235
-3.30844
2.11277
-3.7465
0.0249961
-0.477975
-2.42968
0.765545
0.271069
41.6963
-0.42613
13.7129
-2.06879
-0.888444
0.644163
-0.687835
0.959832
0.962219
-0.366584
2.85687
-0.094652
0.577628
3.3751
3.3529
1.18705
0.970283
2.15089
-0.257942
-0.353909
-0.339999
0.282148
3.57303
-1.6772
-1.17655
0.937472
-1.65491
-0.0964249
-9.97739
-1.9332
-22.6086
-0.0297406
5.50475
-1.23046
0.0171279
0.513146
0.127444
0.442641
0.531898
-0.180812
-1.34584
1.3366
0.75943
-1.63263
0.968995
0.431722
-0.468752
-2.43933
0.719865
1.18765
-0.0562562
-3.15936
1.12783
1.4857
1.0289
0.608953
41.601
0.396182
-3.01539
10.3104
-3.4096
-25.1335
-0.551862
0.644182
-2.03225
2.56757
7.51186
0.299271
0.28478
0.411308
-1.02879
-0.630463
-2.20932
-0.191445
-0.768192
-1.78475
-27.5837
-1.82331
1.11661
-1.76919
-1.69172
-0.407819
-2.89273
-1.4731
7.74063
-1.07017
-1.6375
-1.78956
-1.80256
-0.755938
2.80518
-0.562952
0.537619
-0.557746
-0.742268
-0.98807
-0.534512
-1.36563
-1.96902
0.349245
1.70349
96.0404
-2.19894
-8.36747
0.659737
0.787935
0.954093
4.95776
-0.0485651
-0.910145
0.49293
-0.952629
1.44681
0.791424
-1.08703
0.503074
-1.77801
-0.591186
1.16328
5.04628
3.51794
-0.148938
-0.577814
1.05978
-1.63471
-0.537616
-1.34351
0.700761
0.526119
-1.39322
-0.320262
-33.5245
-0.206272
0.985668
-0.149354
-0.515774
0.873784
1.15373
1.60128
0.286413
20.6767
-1.5443
-1.90895
0.548394
0.706628
1.07736
-0.68971
-1.47301
-2.71195
-0.442546
-3.72945
12.9012
0.622183
-4.41081
-0.211012
0.977814
-0.180851
0.0747121
-0.394662
-1.28199
-1.31288
-0.992349
-1.03106
1.48684
-0.889757
-1.96984
0.420399
-2.3669
-1.47084
0.18371
20.6682
0.903994
-2.14214
-103.282
19.0634
-0.129847
-3.37309
2.73646
-0.923615
-0.875735
0.497492
-1.21412
1.63151
0.610486
-7.66494
0.39701
1.60811
0.631085
-0.0827385
0.889478
-1.00222
-0.969063
0.00296643
0.334018
0.734309
-0.0508271
0.804337
4.43069
-0.597519
3.88587
-1.20554
-0.93846
0.12671
0.245477
3.55926
0.363683
0.933263
-0.596557
0.742285
-1.26211
0.553702
4.18748
1.29007
-1.18978
2.18607
-0.529254
-145.604
1.05706
-3.87558
0.0695281
0.465711
-3.33019
1.75148
-0.463645
-3.23313
1.56023
0.233588
7.63496
0.545325
-0.772389
-3.63711
2.65769
-0.493685
-1.76693
3.36621
-2.35518
1.89207
1.51199
-0.515339
-6.4143
-0.895907
-1.07078
-3.14283
-2.07104
-0.137061
-0.608489
-3.01652
2.52125
-2.31885
0.247417
-0.863737
0.331827
-0.466193
-1.12456
0.166201
0.975354
-1.10477
2.92559
-0.896484
-0.518867
0.822481
-0.446746
-2.44631
0.137898
-0.834562
-0.385057
0.374017
-1.6942
-0.334525
-1.50084
-0.602984
1.39174
-1.34223
-0.436479
-5.88573
-0.479112
-0.118188
-3.53553
-1.93425
0.331489
-118.245
1.48346
-0.738585
-1.45307
0.654709
-0.4939
0.959984
-0.749568
-0.666286
-0.345533
1.3586
-0.699939
-0.525022
0.906669
-3.0672
-0.272107
-1.15294
0.763863
1.00383
3.36927
-0.93716
-0.473803
24.267
-0.407341
-1.54709
0.40805
-1.03884
1.68087
0.0652333
-2.38837
4.39532
0.252294
-1.22752
-1.61803
0.344378
-1.46446
-1.24376
-1.388
-1.71027
-0.585684
0.135468
-1.19311
-0.118431
0.248241
-0.966069
-0.0895473
4.09909
-10.9512
52.4906
1.15036
-0.065028
0.276548
-0.446082
2.20983
-0.339266
-0.0182469
0.498524
-1.71898
0.047575
-2.06748
-0.833435
1.97988
2.76052
0.673035
-1.00872
-2.261
-0.853283
0.72306
-1.3701
-0.491887
0.299739
-1.19644
-2.89295
-0.300684
2.15971
0.68361
0.454292
1.57627
0.139918
2.16524
3.53879
-0.61731
3.16012
-0.24678
2.73344
3.01482
0.419781
-0.133711
-0.65221
1.14058
12.8107
1.20292
-0.0362899
1.4688
1.87226
-1.41428
-0.391177
-1.3578
1.52506
0.820323
-0.753861
-1.74753
2.82394
-0.0143674
0.0321737
-0.054909
-1.02982
6.8336
4.28844
-1.61733
-0.141697
-1.40931
-0.302427
2.98022
0.469465
-0.176603
-0.204738
1.21073
2.65159
-1.23845
-1.75525
-1.00076
1.73783
-2.43645
1.72517
3.05627
1.03173
-0.397352
-2.72357
0.304359
0.530173
-0.912255
0.392087
-0.393269
0.715692
1.04478
0.259793
-1.11178
-4.71178
-0.200395
-0.919634
9.83976
2.35266
0.172762
-0.594802
14.2585
-0.483596
-0.329524
111.194
0.361092
0.388805
6.46648
-1.38247
-0.138729
1.65128
0.686302
-4.10684
-1.58721
2.32496
2.09455
-1.50416
-0.0620868
-0.0940111
1.35895
0.631791
-1.931
0.277399
-1.1056
-0.0868518
-0.191735
-4.15792
0.355181
0.546023
0.921572
5.71016
-2.43008
-0.139242
-0.874875
2.07603
28.9578
-0.655917
-0.54065
0.315051
-0.494851
1.03658
19.0172
-1.09016
-2.2243
0.595842
-0.925538
2.3298
-0.361791
2.37024
0.894133
5.03016
3.80466
-2.6602
2.09913
0.272334
-0.383864
-1.83658
-6.60465
2.09451
-0.0861256
1.63699
0.777793
0.0375881
-0.303537
-6.53522
20.7265
-22.7208
-1.21071
1.05325
-0.434716
0.903947
6.36405
-0.157538
-15.7534
0.774458
1.80311
0.818313
0.883096
1.54633
-2.24776
0.652565
-1.37693
128.377
-5.09135
1.21923
1.42674
1.01341
-5.20909
0.538787
9.27085
-0.138538
-0.903752
1.11763
-0.246451
0.0341571
-0.503489
-1.87573
-1.21735
0.672373
1.56205
-0.766437
-0.409924
-3.51996
3.43654
-0.21854
-0.00992777
0.968983
-0.203291
-0.135421
0.432547
-0.670428
-0.0576537
8.405
5.47506
0.830913
1.13292
-19.3888
-2.04694
0.632824
-2.58944
0.512856
0.486287
-1.13569
0.247207
-1.99749
1.12225
7.01946
-71.5004
-4.09304
1.18686
1.91451
1.28428
0.813674
-2.04945
0.485959
1.34199
0.757717
-2.68285
-0.828664
8.82503
-0.336637
-0.611793
-0.291272
-0.93054
-0.429923
0.429345
-6.26128
1.9446
-0.985596
-1.08762
0.693108
-43.0552
4.52293
0.702558
-0.571735
0.254364
1.82599
0.652521
19.4858
1.0133
1.3166
-0.154558
1.31176
-0.909828
-0.198499
-19.9518
0.327765
-1.68143
0.713305
2.10081
0.054007
1.10483
0.42656
0.0830101
-1.20072
-0.302796
0.217938
0.721739
-0.949005
0.675056
-4.99252
1.61238
-13.1977
0.213921
1.25669
0.109644
4.76193
0.128035
0.794411
-9.74935
-0.272822
-0.175728
-0.236404
-0.725375
-1.26863
-2.23718
0.733988
-2.02164
8.8301
0.774373
0.132702
0.338145
1.18049
1.30391
47.326
-0.893955
0.302014
-0.355524
11.8085
-0.349579
0.34982
1.13161
-0.119088
-2.52521
-0.791569
-6.88186
0.315991
4.36922
-1.19446
-2.43465
0.00638153
-0.56518
-10.8374
1.39996
0.966965
0.635228
1.12203
-0.990223
-0.026956
0.159854
1.51809
-1.55927
-2.2391
0.385356
0.571515
1.49332
0.410127
8.31111
1.14199
1.61914
-3.58856
0.706106
1.98743
-4.4355
1.36714
0.709971
0.293535
4.63839
-2.41163
0.293997
0.299943
-0.401656
-2.97862
1.06931
-0.0771875
4.61857
-0.83246
-0.409512
0.0399359
-0.90597
-1.1922
-0.811508
-0.755903
-0.560155
1.39537
2.68073
-0.4907
0.910101
1.10847
-1.94988
1.37464
-0.814731
-2.52598
-6.26301
-0.48238
5.76931
0.00428084
-0.702834
0.895522
-1.96527
0.20139
0.000313161
-1.98697
0.408841
-0.634129
-0.197836
-0.401671
-0.10272
1.9927
0.964279
0.472163
1.59514
1.3761
0.735345
-1.56268
-1.75796
0.0391716
45.2143
1.71124
2.30909
0.653043
0.938663
-0.143878
0.822174
-1.53506
1.21877
-0.139927
-0.254527
-0.882012
-5.50749
-1.15422
1.63012
-1.07527
-6.16565
0.74843
1.45823
0.713127
-0.41265
-0.483973
-3.38563
-0.684185
-2.50271
-1.67957
2.86719
-0.333637
-0.182552
-7.71842
-1.24671
-0.93615
-0.106895
-0.178014
1.0753
-1.52985
0.262197
1.81741
0.951516
-0.751575
0.0354521
-3.57582
-0.546435
5.9025
-0.102964
1.30484
0.665526
-0.350588
1.2103
0.907363
79.9849
-1.13734
1.0032
-1.72928
-0.289296
1.11839
-2.27963
-0.89671
1.31044
1.39749
4.316
-1.7967
-0.895448
-0.229008
-7.32589
0.287406
-1.15184
-0.772827
1.60992
-0.192612
8.62091
-1.32958
1.26675
-0.857073
-0.19879
1.27399
-1.47321
0.577656
0.0103482
7.28173
-0.301851
1.69611
0.0416909
-0.778793
-0.820152
0.509428
-1.23026
1.28169
20.6691
0.283509
8.3563
-1.77504
0.193264
4.61633
-0.617762
-0.990849
18.6185
-0.469929
0.613067
0.593004
0.134838
2.57416
0.776617
1.06208
0.542013
0.343734
0.0590351
-34.3636
-1.11074
-0.0414555
-21.9789
-0.354789
0.325943
-1.06536
-0.478574
1.89333
-1.25138
-0.0474088
0.658579
0.586721
-1.66583
17.0743
-2.55727
-0.820332
-0.149467
124.719
-0.787537
-5.68928
-1.10375
0.181103
-1.42653
-4.51366
-0.294846
-0.428888
0.651938
1.72953
-3.50614
0.431053
-2.1559
-0.259233
2.34749
1.06637
0.412601
-0.747899
28.9222
1.71835
-3.129
1.40995
-0.156378
0.103161
-0.049458
0.312235
44.812
-0.85969
2.01918
-0.671197
0.487028
-0.272369
-0.47618
0.384052
0.26456
-1.20918
-0.794383
-0.304993
0.447402
-5.01092
-1.82933
-0.596632
-0.551385
-1.4503
0.229233
0.555785
-4.17107
-0.191655
-0.83995
-0.271582
-4.42894
-72.4521
5.11698
3.66856
-0.323091
0.32287
7.90813
-0.117956
0.102953
1.70723
-0.219877
0.108956
-0.332642
0.278507
1.03025
-4.97954
1.4631
-0.927134
0.132886
0.487266
-1.75014
-5.43762
-0.925516
1.53328
1.91046
0.119221
-2.54808
-0.722452
-0.60432
-9.56001
6.74578
1.7837
0.249134
0.645887
-0.199999
2.82385
-1.99049
0.271519
1.03659
-2.33621
0.185638
3.44067
1.56542
-0.80461
0.64534
13.0823
-0.936148
2.35085
1.24466
-5.0092
0.94323
-17.5
1.09287
-1.29299
1.33957
-0.501454
2.09792
0.854514
-0.211643
0.496198
-0.556369
2.34454
78.947
1.92779
1.92792
0.987158
2.4504
1.84337
-2.46642
23.8435
-3.32279
-0.521342
0.558854
0.781624
0.0559458
1.12337
1.11187
0.217777
0.476515
4.26098
1.5335
-0.821686
0.533453
-1.74969
1.28151
-1.71526
-0.384352
0.771917
0.487923
82.6858
-5.7935
0.632199
4.01297
0.870845
-0.0217031
-1.22195
0.140367
2.37248
3.95051
-0.92116
2.84072
-2.35658
-2.434
-11.4391
1.35645
0.343958
1.02556
0.598197
-2.00293
-3.24336
0.205609
0.535921
1.18463
0.217386
1.05418
-2.33859
-0.375479
-0.113249
-0.92363
-0.98717
-0.79948
4.07722
1.69714
-0.638612
-0.323332
-0.880038
-2.70273
-0.472985
-37.5162
0.887161
0.417644
0.917348
-2.11074
-12.0845
-0.855096
-0.861845
0.245687
-0.896875
1.34763
-0.646214
-1.52098
0.278177
-1.60132
-0.731777
0.458109
0.00340381
5.2148
5.88837
0.387526
59.4436
23.297
-1.54583
-0.755001
-1.19214
-1.39443
0.254298
0.376254
-9.95349
-3.67427
-4.51796
-0.364512
0.468164
-0.702391
-7.09833
1.78119
0.472885
0.170744
-12.621
0.247301
-0.664287
-0.235828
1.19946
-1.0765
-4.38436
-0.417851
-0.0984529
9.95215
0.900282
-0.921004
-100.526
2.1657
-0.941853
1.07978
2.82412
-14.0945
-1.16835
1.30321
1.38505
-0.409681
1.78896
-0.807151
-1.14101
5.54777
-1.02111
-8.10175
3.36612
-0.983318
0.726132
1.00366
0.413211
0.786681
-0.133483
-0.588577
2.65875
0.608668
1.4294
-1.14567
2.27955
-0.173199
-1.00854
0.294262
0.790114
-0.892469
-0.592754
2.21708
-0.40867
-2.63689
2.52153
-0.463758
0.931298
2.7987
-1.60437
-0.327353
-1.12599
1.49783
-2.1497
0.159247
-0.0584585
0.439172
-0.392282
-0.466402
-0.697321
0.992952
0.67048
0.965292
-0.618222
0.215009
0.0365676
4.27926
-3.75243
0.671092
-0.0544787
-0.5652
-0.036189
1.95789
-1.85333
1.33091
-3.02562
-1.63563
-0.762339
0.791255
-1.38969
3.88409
-46.313
-0.0372625
0.194415
-1.60072
0.791985
1.0264
-0.180037
-0.269963
0.890381
0.883216
1.10502
1.66814
0.81223
0.524556
0.445589
2.62396
1.03376
-1.04982
-0.531501
-0.0771782
0.462808
-0.208702
-4.11638
-0.265337
-2.7642
1.25908
1.10702
-0.8109
0.941709
5.02487
3.01175
0.638124
-0.577174
1.21834
-1.89697
-0.266678
14.428
-0.602179
0.223861
0.997666
0.687483
0.707196
0.288586
1.13733
0.0932176
1.08569
1.67375
0.337761
-0.465076
0.121683
-0.71189
0.803574
1.62324
0.339088
1.3758
0.446416
0.217947
0.572378
-11.3843
0.499768
0.763816
1.51467
-1.34101
-4.78828
-0.78273
-12.9084
1.50336
1.56773
-0.185088
0.719547
1.22231
1.10354
0.930747
1.09155
2.08666
1.72966
-0.897861
0.195334
-1.04887
-1.02653
0.114776
0.887571
1.22683
1.41697
2.12579
-2.11716
0.789657
2.42719
14.0095
0.853129
0.181143
-0.543474
-0.615637
-0.417777
-1.54143
0.302977
-2.69435
0.467513
1.28864
-0.569565
0.283785
-0.223953
0.0898613
0.349677
6.31059
-13.9768
-0.144002
1.01929
0.164657
0.677259
-0.313526
3.04941
-0.52663
-0.816328
-0.740613
-4.82435
-17.4833
-1.24157
0.106979
2.55067
-1.90988
-0.207609
2.02554
1.16815
1.07035
0.550135
28.8169
0.441044
0.475229
1.09729
0.778369
1.24635
39.6711
1.79158
0.32519
-0.867946
2.268
1.13703
-6.33479
-2.11066
0.676705
-0.10815
0.898547
-0.557512
-1.39048
-3.41468
0.545084
2.63719
-0.676051
1.57586
1.28931
-0.199037
-0.54216
2.42054
1.24967
1.30463
0.96786
1.53256
-0.102537
0.990357
-2.08178
-1.47113
-1.19475
0.570372
0.673051
-0.179996
2.35721
3.71632
2.06194
0.682299
2.27162
0.181024
-16.2548
-1.08659
0.209362
-0.805422
-0.181088
-0.206476
3.45753
-0.868691
1.19948
0.769723
-2.71641
-1.07517
-0.382905
-0.95868
-0.189795
-0.707709
-5.74672
8.97273
1.4005
0.393166
-4.37562
-1.85031
0.797525
-1.04151
-0.764863
0.411343
10.4965
0.201785
0.700354
-1.01872
1.23977
2.59345
1.13455
-3.55416
1.21172
0.188469
-1.16764
-4.62246
0.216173
1.61595
-0.441492
22.7219
-1.11336
-2.06107
-2.16665
-1.12489
0.876163
-4.15024
0.132196
-1.45684
0.715926
10.4787
-0.839357
0.164217
-0.928047
-2.36467
-0.296057
0.757916
-2.31424
1.64989
-5.62081
-1.16003
0.745037
1.62089
-0.17461
-0.238119
1.38681
-0.387058
-2.20741
0.458461
0.258639
0.67054
-1.22337
1.17036
1.06543
0.987219
-0.685656
-0.572534
1.10619
-1.60401
-1.5938
-1.23932
-0.679914
1.31257
-1.60001
0.501918
-0.21707
-2.6272
-14.394
-0.58392
1.92641
0.0672362
0.0837483
-0.563681
2.05817
1.33278
-0.960205
-1.20116
0.869229
0.772795
0.584281
-0.192247
-1.43776
-1.78493
-0.751305
1.03042
-123.547
-1.21456
1.02561
-1.23622
-0.817241
0.332293
-1.30255
-1.18261
-0.856135
-45.7981
37.1528
0.638626
1.01428
0.202212
1.44409
5.65025
1.11799
6.23154
0.661967
-0.803443
-0.752405
0.00281833
-0.218236
-0.598406
0.738048
-0.540164
1.62902
4.62534
-6.87092
1.50305
-0.691499
1.68058
0.471294
1.44275
-1.18992
57.4619
-25.0347
-0.831432
-0.205674
-1.13774
0.260854
-0.295076
-0.660095
-0.645549
1.94786
-13.7689
0.285947
0.506576
1.82831
-0.78466
-1.16895
0.807079
0.896775
0.00921869
-2.42589
1.87965
4.4048
-0.586113
-0.266799
-6.29945
-0.503056
3.87146
3.98993
0.815043
1.16358
0.970653
0.375641
-0.958047
2.24397
-1.7138
-5.10756
14.659
0.473169
-1.42734
-0.595565
-1.31353
-1.38337
1.47976
0.200976
3.84795
-1.32034
1.25732
1.06167
-0.675173
0.527526
0.620907
1.03068
-0.36159
0.395403
-1.16227
-1.70978
-0.0840395
0.517266
-3.61945
0.788025
0.044939
-0.778875
1.25013
0.730093
7.77765
1.86632
-1.58416
-0.652444
1.12413
-1.08849
3.55574
-0.914973
0.470464
-0.523992
-0.537517
-0.416811
-4.36672
1.73379
1.18495
0.629387
-0.104466
-1.58496
0.223145
2.82564
-1.08083
-0.460249
-1.62063
0.123722
-0.791509
-10.0787
0.365992
-1.01643
-0.705851
-1.47467
-0.559502
0.430983
-4.61654
-1.12478
4.54665
-0.394515
-0.588959
-1.70168
-3.35423
-1.11782
0.359522
1.46098
-0.617167
1.36528
-0.0919561
2.96619
1.59921
-0.402857
-0.0995977
-1.21194
2.39293
2.75338
5.03501
-0.14774
0.0129169
-3.31667
1.06203
-1.00198
-0.710733
0.0144223
-1.65914
1.04312
1.55841
-0.747343
-0.369783
-2.86258
1.00968
0.00193354
-6.81576
9.58634
0.289673
0.787092
-0.800297
4.65161
-0.246599
-0.0645925
0.532512
0.061625
-0.0376191
0.918394
0.545324
0.664436
0.613456
-1.37077
0.0692161
-0.966095
2.8827
2.30164
-2.26066
-4.47917
-3.397
0.875114
-44.3724
0.991656
-5.61923
2.80472
-7.14421
-1.84739
-3.58098
0.11949
1.65561
0.47249
-0.670534
2.15709
1.72266
-0.538023
-1.0561
-3.33484
-2.67759
3.06772
1.82159
0.646326
-0.238022
2.88132
3.03873
-6.89037
-0.309211
0.689983
-0.947467
-0.0781122
0.684498
0.366573
-0.539152
0.0264183
2.47219
-0.812978
0.738454
10.5505
-0.640177
-0.69083
1.07142
0.474298
-0.52292
1.61617
1.95347
-1.01343
-8.55284
0.765406
-1.68805
1.62645
17.4399
3.1245
1.38732
0.453069
0.84757
2.4222
0.402613
0.280733
5.70172
0.738486
1.15579
1.57277
0.638349
-0.759459
-0.222592
0.990128
0.384086
-1.59558
1.22643
1.78542
0.964277
5.30994
-3.07429
-0.0786761
-0.0169821
1.04651
1.3512
2.11232
-0.423906
0.738332
-1.16822
0.984924
-0.584968
0.27909
-1.1863
-1.05812
-1.69192
-2.47712
-2.01281
2.41127
-0.548049
-0.654674
-0.977893
0.450781
1.06013
-0.925883
0.232348
0.280651
0.870573
-0.933069
0.920648
-1.11009
0.353779
-6.51267
1.2043
0.971995
0.0843727
0.36431
-0.140231
-0.406222
-0.0259697
-3.78726
0.205293
1.1293
-3.98839
0.579944
0.681893
-0.986821
-7.7726
0.779301
2.9452
0.677211
-1.20899
0.823796
0.672557
1.5065
-0.813451
-1.08745
0.0751556
1.04613
6.23083
-3.63536
1.07089
0.0966125
2.21244
0.610598
-1.52574
0.971583
0.355479
-0.822916
-9.84795
1.53146
0.964377
-1.56102
-2.27073
-0.993587
-0.0537536
-0.505605
0.235535
0.441708
1.16051
-25.3788
-4.20696
0.131508
-2.47474
1.37818
0.955291
-1.30145
1.77466
3.71509
0.611923
0.743462
-4.40511
0.124104
0.720026
3.07768
9.92018
-1.48459
35.4278
1.72854
-0.279524
1.39602
1.82511
-0.400139
-1.49446
-0.20153
-0.905758
-0.671217
-2.18691
-0.328956
-1.15909
-0.164158
-4.96081
-0.796727
-4.54428
-0.00186894
-1.93201
0.885887
1.0917
1.82843
0.167726
-3.59822
1.76718
-0.659366
-0.271693
-0.0927415
0.289416
0.0919559
-0.297277
-0.72054
2.55693
-0.772953
-2.78437
0.626645
-1.20698
-1.32401
-0.964875
0.620192
-1.21759
-0.44602
-101.276
-0.604781
0.417115
-1.60003
1.60602
0.483132
-1.87712
7.9129
0.82219
4.03238
0.143298
-0.661721
-0.199601
-1.2719
1.40377
-1.47256
-0.117473
1.62233
2.10924
0.469257
-0.0934046
1.88507
-0.0790532
-0.00567672
0.745244
1.75594
-0.762596
0.899317
0.95965
-0.639582
3.78258
-0.797504
-9.81186
1.06241
-0.448979
1.10601
0.243601
0.64424
-0.0639974
-0.973005
1.60837
0.991576
-2.4067
1.23879
-0.60105
0.454988
-0.382029
2.37245
1.91778
-6.45973
0.793611
0.489705
-0.42999
-1.11611
-1.23383
-2.62428
-0.944898
-0.115312
-0.627725
1.5338
-2.95806
-3.42942
0.142326
-5.6555
0.589606
0.039646
-2.22234
7.95038
-1.6137
0.107775
0.390515
-7.0958
2.7587
0.797675
-1.34262
0.227635
1.38006
-0.257166
2.09896
-53.5002
1.18662
-1.3017
0.868657
-41.4327
-0.112799
1.83067
1.18045
2.53099
-0.845167
-0.609363
-0.758238
0.570998
-2.07516
-1.11413
-1.95248
-0.9134
-0.473066
62.8161
0.0533524
128.53
-2.53246
-0.17506
-0.591546
-2.84662
6.6009
-1.58384
-2.82753
-1.72198
0.627055
1.5919
3.23891
-0.0679327
-2.40294
0.762388
0.241359
2.44134
-0.395171
-4.98968
1.54825
-1.45943
0.526643
-1.06484
-1.69191
-1.41993
-0.394778
-1.62373
2.5372
-2.23516
4.64323
0.621088
-11.8503
3.20533
5.83704
17.745
0.847124
0.808512
-0.688731
-1.09754
1.05342
1.56163
1.18725
-1.21473
0.129546
-3.46575
8.49253
0.0298033
7.20271
2.5448
-0.538853
-7.47753
-1.14426
-0.996955
-3.83027
-0.771692
0.310709
-0.258646
-0.335364
8.62941
-0.500742
-59.1529
1.59429
-0.485413
-0.0351639
-0.82678
-1.37542
1.27735
1.46753
1.61392
0.988442
0.800512
-0.718082
0.324297
-0.0537617
1.33241
8.70627
3.36455
-2.63569
1.46733
-0.487085
278.236
-0.355982
-1.06869
-1.17828
-0.336732
-1.64641
2.84917
3.56626
-0.490409
0.14379
-0.1689
1.97178
0.259455
0.555093
-0.449667
2.98182
0.447749
0.273094
-3.97991
0.444568
2.3891
1.24862
1.77264
0.678372
5.31416
-1.46078
0.773776
-1.2122
0.0777814
-0.985536
0.722167
1.52303
0.822987
0.325204
-0.809674
0.0661692
-11.0641
2.72018
0.419552
-1.75125
112.582
-0.938692
-37.3833
1.85596
2.56706
2.00863
5.62526
1.48136
0.827562
-11.4138
5.79275
-0.21172
-1.30112
1.69056
-1.11291
0.42973
-5.21466
-0.681817
0.463814
0.583292
0.0136578
-0.904412
-6.74143
-0.704498
0.872107
17.8269
0.326679
-0.930651
0.579064
0.917468
-1.22673
-4.02637
3.2038
-35.8218
0.354247
0.765884
0.379191
-1.73151
1.81414
0.76409
0.620806
0.910979
0.429828
0.304645
6.49002
-0.297265
0.387571
-0.297221
1.48254
-2.7779
0.874773
-7.10801
-0.354762
0.167186
-3.32827
-0.358672
0.895217
-2.6266
-0.817912
-2.835
0.576758
-0.585488
2.31965
-0.774567
-1.23996
-0.968423
-0.904093
17.6544
0.948062
1.02792
-1.33121
0.170154
0.979979
-1.57907
-1.66283
0.0310134
1.13186
-3.39388
-0.322595
-2.00561
-3.42301
-0.360672
0.679479
-0.996206
-0.920778
-0.820513
-0.984277
28.0705
0.902893
1.20654
0.191176
-0.625719
0.838882
-0.952903
-1.4516
-0.652627
-4.18878
0.40808
-0.210843
-2.21112
0.0797082
3.4758
-1.3803
2.07545
0.826784
0.620238
-0.589174
-2.89702
-0.416661
0.340886
-19.5664
17.5467
-2.87415
2.39507
1.06468
1.28117
-1.763
-0.055415
-0.23477
-3.9681
-3.31013
-2.57096
-0.623919
1.0375
0.827452
1.25862
-0.470347
-21.7992
-11.8165
-0.607661
-0.721101
0.619666
-0.919632
1.73811
4.14449
-0.314978
-1.18703
-3.30215
0.592003
-0.99208
-4.1569
-0.472216
1.11939
-0.849697
1.48528
-0.230453
1.09676
-0.975237
0.304128
0.4859
-0.553633
0.850301
-1.04928
3.20559
2.28212
0.668324
0.760793
0.436363
1.12693
-0.599154
-0.225006
0.510678
0.0470763
1.02063
-1.7838
-7.96283
1.4175
-0.347077
0.951446
-0.532349
3.67733
-2.35611
-0.396438
1.58526
0.298179
-0.604183
-0.465526
-1.86778
0.373592
0.902867
1.25314
-0.762259
0.267603
-0.853301
-0.85678
1.11131
-1.12552
1.07205
0.909412
5.08893
-1.36998
-9.69442
-0.0826183
13.7709
1.91748
-0.107466
-2.96002
-2.66253
0.187197
602.054
0.941197
-0.0766102
-0.547148
3.61123
-0.127924
-0.116305
0.253844
1.46442
1.06611
2.79831
-24.9289
-11.5589
48.688
1.55766
13.3127
2.12604
-2.22659
-1.4153
-0.895175
3.28619
22.8877
-0.409044
0.290465
-0.237867
-2.19413
1.25183
0.199201
-0.0466804
0.878644
-4.84457
1.73639
-0.516806
-5.19283
-1.86839
-0.539013
-1.1341
0.827284
-1.13008
5.71596
0.493265
0.80652
1.06007
-0.640695
-0.877749
2.16701
0.662153
0.857458
-2.38344
0.648969
-1.9664
0.389997
2.09698
0.751503
0.687452
2.99414
0.816701
-1.51889
-2.25418
0.380639
-1.00944
-7.71996
0.669963
0.586264
-3.55252
-0.838296
-1.61078
0.377863
9.13522
0.547475
0.108309
1.1357
12.6007
0.998968
1.22349
-1.16374
-1.06008
-1.64843
1.09226
-1.2745
-1.73107
-0.0944057
-1.07103
0.868456
3.4937
-10.8028
0.361267
0.151296
-1.85768
0.753861
2.67609
-0.254712
6.01843
-0.655239
0.842397
1.01939
-1.33843
-0.587997
-1.09696
-3.10141
-0.631475
0.913114
2.16795
-1.07112
1.03407
-1.13498
1.13283
-1.79676
-0.837568
-0.0697045
1.5531
0.780864
0.215732
-0.0974787
1.45586
1.28592
1.73094
-0.00632214
-3.71053
1.42477
-1.12047
0.216106
0.0168707
-2.94315
-3.23277
-2.69369
0.256926
0.829233
4.97703
1.23582
0.131225
-1.18322
0.406622
-0.196996
2.29874
0.905195
0.609124
3.01985
-1.91757
-1.0663
-2.4631
0.681486
-0.693479
12.9464
0.507364
5.65162
0.75134
-5.70376
-0.766569
-0.0144118
-0.704231
0.0445331
0.694634
0.0915314
0.0644755
1.02338
9.34307
-0.911477
0.167055
0.063652
1.60976
-2.06594
-1.80605
-1.65886
-7.98959
0.873935
0.807535
-1.41631
-0.29354
4.3138
-0.526673
0.275059
-1.46454
-1.00862
-2.57164
0.541888
-1.39617
-1.11563
0.345093
0.0535181
-4.76842
-0.676364
-3.25811
-0.110742
0.0688211
-2.93263
-0.0596753
-2.13168
1.12588
0.258829
-12.4894
0.153872
1.45094
-1.87189
-72.1728
-3.09345
2.65794
0.516544
-1.61082
2.01668
0.808612
0.880399
0.248683
2.30111
-1.03978
-0.337795
2.42114
0.202506
-0.467756
-0.982447
0.894512
0.130186
0.534119
-3.81751
3.91259
-0.580763
0.667702
1.19861
-1.95192
0.847773
-0.799681
-2.22222
0.0229395
0.259604
-0.193119
-3.2195
0.373462
-0.00209865
-0.637534
10.8629
-1.90614
0.406421
-3.61256
5.02326
0.291042
2.24987
0.735948
-1.01201
-0.205421
-0.534581
0.239147
0.81785
3.40842
3.52742
5.27571
-3.61774
-3.11139
0.241351
-0.335356
0.629354
-2.65829
0.749723
-0.145437
-3.17642
-2.10778
-0.332055
0.246943
-0.0766198
-0.603028
0.252328
-0.380097
-7.98895
-1.03087
-0.864488
0.0351013
187.279
1.8048
1.20599
-0.101553
-0.757459
-0.393728
0.851229
-0.86749
5.49991
-1.16555
-0.474528
-0.396072
1.47652
-0.927602
0.413017
-1.2525
2.15768
0.390079
0.406084
0.287063
1.42919
-0.477776
0.724252
-0.966283
-0.0318122
-0.591493
-1.93932
-1.19255
6.46241
3.90681
-0.127301
-0.00919099
5.1931
-3.84115
-0.954594
8.66866
-0.770193
15.5767
-0.525158
-0.170023
-0.996406
-2.39742
1.04476
5.22816
0.704773
1.71357
13.2422
-0.776527
1.60283
-1.57494
-2.17955
0.44502
0.0387757
-0.72268
-1.81566
0.760802
2.09749
0.636378
-0.849169
-2.01204
1.64869
0.746613
-1.23416
-0.202771
-0.827276
-5.55008
-3.53993
-1.8132
0.984569
1.50637
1.16362
-4.39467
-0.45587
-1.75205
0.227906
0.771375
-2.9404
-1.96958
0.95056
1.25168
0.0356876
4.24518
-0.541126
3.74612
-0.459208
-3.08761
0.760598
0.663337
0.807174
1.60186
0.317828
0.0364749
-9.62011
1.52113
-0.692478
0.818832
-7.10187
-33.5545
-0.279849
-19.8401
-0.553284
0.713692
-0.851395
10.6849
-1.10332
-1.45147
-3.07616
-0.327351
1.02227
-1.1321
0.987163
0.692963
-11.6856
-0.803406
0.144564
-0.0883643
-1.19436
-6.2708
-0.087252
-523.854
0.948058
-1.65945
-2.58734
9.76861
-17.8375
-0.165686
0.757195
-0.351316
-2.60088
0.393485
-0.557184
-0.105134
-1.15269
0.568751
1.56534
-0.339107
0.239798
1.51211
0.65944
-0.386389
0.471226
-0.325527
1.71
1.57849
0.591166
-14.946
1.32372
-0.433645
-0.0764722
0.548088
0.0401099
-0.978237
-1.00924
-1.18692
7.55345
1.18747
2.88074
7.75581
0.204361
0.792699
1.47203
-0.143021
-0.983397
-85.9479
0.903181
1.67562
0.0604627
2.34386
-1.41056
1.13548
1.24869
0.302356
0.839053
0.43767
1.50452
0.215457
-0.712738
0.579803
-1.03002
-1.49967
-1.86772
-23.6354
-0.0765386
0.619146
0.774558
1.77924
2.02931
1.55989
-0.0564164
0.455348
-0.35501
-0.476515
0.506443
0.77285
0.526514
-1.03813
-0.43716
2.84774
-1.09698
-0.193642
0.764838
0.193765
7.00863
0.712826
-2.24444
-0.506239
-0.998483
-0.684875
-1.37033
0.470308
-2.22194
-0.243571
0.943342
-1.44397
-0.213162
0.471226
0.40439
-0.882403
-1.52981
-1.29972
1.00713
-0.316383
0.031009
-1.14197
0.990243
1.80766
-1.94443
-0.574137
1.50271
-1.30576
-2.17616
0.944242
-0.554096
-0.826232
0.330003
0.565859
0.776806
1.27169
-6.48924
1.24122
1.12505
3.89059
1.32533
2.68921
-1.44354
-1.94405
-0.504233
13.1548
-0.337895
0.796074
0.642379
0.038239
3.7276
4.60459
-1.76974
3.75263
0.670883
0.87984
0.322883
-0.749949
1.42589
1.24518
-1.075
0.186694
-0.429772
10.1601
-0.340081
5.69228
1.03624
-3.68122
0.308446
-0.533311
16.0165
1.06691
0.662992
-0.0375943
-0.77211
0.477704
0.0455305
-29.0499
0.191838
0.390918
0.558704
1.58856
-0.11314
-1.16472
0.804702
-0.100895
-1.07468
0.476555
0.951
115.973
0.150866
1.73243
4.77338
-2.80491
2.00922
-1.19868
2.74812
1.18251
0.868442
2.23641
0.523068
0.0208111
1.16463
1.23625
-0.40135
-1.22573
-0.0285872
-0.436187
-1.13445
5.0265
-1.90784
6.2002
0.858926
0.915606
1.41554
0.204244
-0.608094
55.1279
-0.457297
-0.574966
-0.40719
0.452638
0.247235
-1.58152
-2.39269
0.771206
0.833111
-0.998665
-1.67888
4.68773
-0.838301
-0.665923
-1.33112
-0.097311
-0.636594
0.406723
-5.69033
0.734762
-0.177268
-0.83336
1.28115
1.07912
0.0354565
1.02259
5.19909
-0.0337367
0.90344
2.08129
-1.16703
-1.26054
0.110182
-2.74996
2.86233
-0.076753
-1.97829
1.50353
-0.955923
0.502191
0.231796
3.75478
0.315813
0.831138
0.55037
-3.06604
2.16496
-1.53469
-1.32636
-1.00664
0.0580092
0.556959
-0.719921
1.1653
-0.660439
6.73933
-0.276022
-6.71561
-0.539897
-0.440846
0.657314
4.79607
-1.03274
-13.176
-0.116674
2.01421
0.788257
2.87469
-10.0273
-2.64872
-1.17814
-5.53496
-3.75107
5.03044
0.97483
0.98877
-0.995892
-3.4367
0.945555
-0.950071
0.45844
1.03008
-0.390566
-1.46385
0.761495
-2.46806
2.52982
-6.88516
-1.23366
-0.644643
2.21019
1.07474
0.0310602
0.623693
-0.353215
2.01312
2.96693
2.88188
1.23152
1.82793
-0.984586
2.25707
-0.0270468
4.80719
-3.19876
-0.918796
-0.769614
-29.7976
-1.88689
0.298671
-0.852166
-0.504018
-0.345683
0.94321
-0.919324
-0.225042
-0.66278
0.836404
-0.915648
-0.109213
0.0333661
0.417608
-1.4346
-0.536969
1.2368
-0.82182
0.924406
-1.66561
-1.49115
1.5291
-12.7676
-1.16124
-1.1786
-2.95011
-1.43493
-3.00119
-1.80709
-3.34991
1.56328
-0.0381914
0.624998
0.0764456
-0.308038
-5.05648
1.00086
1.05521
1.18714
0.292962
-0.0175483
1.52198
-0.0241661
1.36346
-1.25331
1.05218
5.33252
-0.977472
-0.182694
-0.495115
1.02165
-1.04574
-1.7832
5.67614
-0.0501282
-8.62074
6.08936
-1.37265
1.89145
-2.39512
2.33377
-0.801875
-0.559506
1.78974
0.0393499
2.22566
-9.24286
-1.03109
0.653852
0.392418
1.45407
3.66752
0.59508
1.44825
-0.41523
7.26143
0.870241
92.1341
-0.453896
7.04416
0.673058
-0.526712
1.61255
0.831374
0.830116
-0.734919
1.57194
0.177726
1.59873
-3.49763
1.47643
-4.76796
2.20047
2.87462
-2.37295
-0.845961
-0.158409
-0.0800933
0.327783
-1.04599
0.258002
-59.3561
2.87353
-2.73138
-0.058361
-0.472412
-0.693117
-0.0957957
-0.838459
0.232576
-14.395
-1.57128
1.15485
-3.67303
0.822967
-0.647654
0.943854
0.759511
0.236865
-72.6965
0.230327
-0.858436
-0.72281
-0.357663
0.602617
-6.66139
0.317613
0.494144
2.66037
0.00162633
-0.870311
1.27405
-1.11322
1.37177
-0.949461
-1.15896
2.70005
-0.00185144
-0.830765
-0.746021
-0.572085
-1.55532
1.2163
-2.44625
0.234641
-0.116047
0.228986
-1.13184
0.562566
0.961342
0.18183
0.826316
0.757697
-4.50466
-1.93139
-2.32872
1.35178
0.126889
2.1015
0.969211
0.229752
10.1807
1.03175
-0.136372
0.0361968
0.193505
-1.97377
1.88063
4.42486
0.142814
0.172906
-5.04287
1.26089
0.342527
-2.00425
-3.75392
-0.729265
8.08236
0.75395
1.98115
-1.69259
2.65384
7.85563
0.0424521
-0.151751
-1.67094
0.767985
-1.0578
0.195495
-1.00552
1.87226
-0.874557
0.370889
2.27076
-1.05738
0.0902511
0.66027
3.63107
-0.939971
-0.459303
2.50798
-0.465553
2.38272
1.12371
-13.4568
-5.62417
-5.97648
0.428565
-0.524074
1.75347
-0.459995
6.67019
-0.933912
2.16906
0.820138
-2.03198
-1.29861
5.16009
-0.0155816
3.37094
1.73518
0.00549021
-0.450944
-4.83928
-1.34823
0.449831
-0.111689
-0.549388
-2.80462
6.93843
-0.532795
20.2416
-0.855226
-0.0465892
7.84138
-0.674506
-0.227853
-0.564965
0.70402
7.40659
-0.674911
-1.42213
0.842383
-0.397629
-1.46013
2.95158
1.25492
-0.128549
-1.41948
-0.641813
1.35799
0.198184
0.483241
1.12877
-3.3126
0.200455
7.70602
4.29177
-0.807499
0.396863
-1.25359
-0.676698
1.96019
1.62978
1.8422
-11.834
0.370597
-3.38673
-0.43088
0.693732
1.6961
0.225365
0.866544
0.574344
1.25628
3.72483
1.07855
0.613994
0.00787665
1.60628
-3.51993
3.93978
0.56899
-2.51374
0.994286
5.10543
1.03275
1.06737
2.89584
-0.356639
-1.82879
0.0540591
10.5338
3.48258
5.04863
4.17583
0.587208
1.99711
-0.670524
-3.20155
1.69701
0.323932
0.981055
-0.0443385
81.5315
1.10653
2.59878
-11.2313
5.4739
3.80291
41.2602
6.27905
0.234837
0.708012
-0.847231
-2.88265
-2.33001
0.776904
-0.421953
-4.98758
-0.1433
-0.600793
-14.5739
-0.209143
-0.254978
3.29094
-1.7984
-0.604849
0.52978
0.488507
-0.0418785
0.929478
0.400324
-0.380466
-0.599117
-1.3306
0.480287
-3.53317
-0.849542
-1.32701
0.813814
-0.584958
-1.71363
0.652118
-1.076
-1.1118
-6.06178
-4.40955
3.32879
-0.0474825
1.35243
0.180442
0.342741
0.782201
41.2079
-0.104263
-0.653777
-1.46178
-8.79792
12.0725
0.779895
-1.5554
-1.33126
7.54957
-0.140218
-0.0451342
2.31701
3.27945
1.85029
45.9639
-0.299925
7.89601
-12.929
-1.31769
-0.51601
0.271304
2.19289
0.564601
1.28651
0.758961
0.342509
0.873063
15.81
-0.600971
0.975243
0.404897
10.0749
1.04946
1.0374
-3.81167
1.25349
0.672747
2.40197
-0.314573
-4.01081
-0.868945
27.0064
-0.689705
1.35837
3.19437
-178.078
2.43388
-4.52418
1.03243
-0.310163
-2.29592
-0.701455
-2.11597
0.884369
0.133157
-1.14815
0.675535
-1.19242
-17.4508
1.26732
-0.334987
-0.190237
-0.0300875
0.480429
-1.91012
1.45434
-2.85045
1.03175
-1.75736
0.320749
112.592
0.873109
1.07366
-0.627617
0.102693
30.4483
-0.533121
8.75127
2.09999
0.842082
0.000147165
1.34221
-0.180952
-0.557041
-2.56974
10.4502
-271.933
0.974979
1.4488
1.3561
-10.9488
1.31514
1.16606
-13.0881
1.14621
-0.86867
-3.79901
-1.27976
0.721889
-0.199543
-8.94551
-2.69529
-0.3702
34.438
-4.10481
0.709129
-1.58249
0.459897
0.398044
3.14294
-1.14315
-1.16594
-2.29496
-0.269226
0.0522009
11.2686
0.848603
0.574407
-0.925264
-1.27046
-2.55252
-1.52022
-0.322379
0.701836
-0.882176
-0.714149
2.72145
-0.362906
0.231354
14.0999
-0.985369
-1.75638
-1.12901
-0.46047
-4.01955
-0.934298
-1.65417
0.295784
-0.118048
-1.34421
0.527679
-2.79885
1.2816
11.3343
2.05022
1.49783
-0.47708
1.08492
0.597078
-6.28029
0.796445
-3.81549
0.042595
1.35567
0.816283
1.40521
-0.326767
-0.94682
-1.14416
0.0912045
-7.02697
-4.64827
0.958769
-2.06593
1.56388
-2.41216
-1.52686
-0.756892
0.300157
-4.72803
1.00049
-0.307407
-0.423544
0.605855
0.500124
1.4769
-0.973927
-33.0244
0.668818
-0.268286
-3.862
1.13769
1.11102
1.06067
-0.0796192
-1.04711
120.026
-0.659133
-0.0710781
-2.39394
0.791766
-0.746334
-0.733149
-1.3088
-1.54729
-2.36844
-0.395079
-1.08615
-1.01004
0.678499
-1.79512
1.63166
0.800865
-0.229038
1.68859
0.668355
0.653779
-1.66344
6.02857
-0.293389
11.6056
-0.33459
-7.89695
0.97134
3.29649
-5.20061
0.0621145
0.969682
5.61901
-0.405473
0.500154
0.37889
-1.91158
-1.78166
-0.666897
0.181049
10.7526
1.89446
-1.73376
-2.72539
55.193
0.421215
-1.55616
-1.9226
-0.812579
18.3577
-0.0758621
0.0292291
-2.02453
-0.622962
1.29333
25.8355
-0.199084
0.45859
4.56802
0.904244
0.874435
-1.04041
-21.5898
-0.805498
-2.78942
5.32902
-0.430466
1.12335
0.895759
-0.751895
1.19711
-1.1596
3.88382
-0.42863
5.6862
0.172307
-0.705335
1.35839
1.45384
1.498
1.43845
1.11072
-0.518821
1.54437
-0.0786197
0.560866
0.958202
-0.837233
-0.427982
-1.24064
16.4768
-9.80597
1.80687
0.851264
0.15234
2.50301
-1.1062
-0.500924
-1.98382
1.10984
0.410586
-1.71368
-3.5015
-1.33685
-2.52024
0.856978
-2.05964
-0.272278
1.15188
-0.649087
-0.100466
-0.885957
0.459747
1.29417
-0.262869
-7.42996
6.09637
0.090647
1.32596
0.392486
0.652158
-0.432571
2.28307
0.356346
0.903602
1.33145
-0.934395
-0.287415
0.214968
-8.54646
-2.99168
-1.34338
1.48815
-1.75624
0.0665079
-0.168493
1.11295
-0.653336
2.79139
-0.663086
2.69017
0.113519
-0.75482
-0.606951
-4.16508
-3.17081
-1.35841
-1.42142
4.39515
0.469603
-0.455672
3.89844
0.0114559
0.936514
1.10031
-1.72549
0.374378
-0.674638
-0.0625777
0.747625
0.826468
0.993536
-181.479
-1.19749
-0.0822832
14.6002
1.30593
-1.19683
4.94273
-0.310807
-8.34097
0.561028
1.65925
-0.238805
0.634757
-1.18461
-15.3689
-1.83908
-1.5394
0.38105
1.00049
-39.9151
1.16532
0.0884223
9.77399
-1.08852
0.782281
-0.0874688
-1.39238
0.813735
-0.299526
0.93674
4.17964
0.240686
-1.33097
1.36931
-0.201039
-1.08963
-3.39553
7.02789
0.722658
0.426834
0.305262
-0.441807
-0.592234
2.21506
-1.19568
-0.103924
-0.264854
-1.18991
0.879262
1.38384
-2.01833
-4.82453
1.29916
-0.222369
2.05444
1.2532
-0.794089
5.21624
-0.553826
-0.016261
1.76088
-1.2604
3.15696
-3.75224
0.385024
-0.0136092
-3.21654
-1.34336
-1.98699
-1.14092
-2.23576
0.240998
-0.660988
-1.03354
0.444952
-4.16153
-4.20106
-0.476541
1.28687
-1.54601
1.0841
-2.92449
1.26445
0.605664
0.72858
-1.04623
-0.0164565
0.00219554
28.353
-0.463665
-0.886193
-2.58731
-7.85019
1.83347
6.16625
-0.923916
2.42444
0.855139
1.40485
-1.94688
0.943789
-2.42621
-1.68373
2.76261
2.14217
-0.565877
-1.03432
1.04826
-0.180992
-0.616823
1.22217
-1.70867
0.0498914
-0.580395
-0.953193
-0.815448
1.97075
-1.0372
0.527391
4.72241
-1.29964
0.53865
0.0501082
-0.348425
-1.0736
1.97042
-0.387892
-2.90725
-0.720443
0.444065
5.84616
1.25457
-2.55891
-8.08299
0.956043
0.0309666
-0.0323035
1.12272
-0.0700141
0.834988
-0.948102
-0.886919
4.29562
0.218773
-0.351163
-0.81931
-2.01073
5.8426
0.674288
-0.00401933
0.259085
0.935497
-3.86916
-1.58246
1.44826
0.302408
1.34677
-40.19
3.33126
1.04844
-0.30234
1.9566
1.44787
0.459239
-1.00942
-2.17396
0.0911621
0.412402
0.658538
-0.0803884
-5.10451
-3.82044
2.14128
11.4381
-10.9619
1.99096
0.401452
3.4238
0.254058
-0.744575
4.59099
2.06593
0.256849
-0.695589
139.328
0.0938811
-0.675779
-0.0324341
1.15987
9.08106
0.144364
1.37946
-1.12782
0.310601
-1.03425
0.467626
1.17203
-600.536
1.57125
1.78232
0.584089
0.512902
0.549668
0.568011
0.455132
-2.3043
0.566189
-30.9403
0.270984
-0.827041
0.161199
-0.0697049
2.16847
-0.487566
-1.40435
1.01177
0.978394
0.0826463
1.27226
-0.586911
1.62662
1.17596
0.309802
-1.16322
-2.00618
-0.518833
1.11602
0.511328
-1.19194
-0.178141
0.170784
0.973678
-2.01649
-1.08531
2.13173
-1.09262
1.19379
-0.281074
0.504838
-0.293888
0.834192
-1.40947
-0.852619
1.27181
-22.1214
1.08646
5.60185
-1.70299
0.286364
-0.700348
12.3056
1.21067
0.193417
1.66713
1.98455
-1.17358
-0.839628
3.19956
-3.77237
1.09709
0.112539
0.18113
2.98407
-0.867164
-3.74261
1.11163
58.8595
-0.865099
-0.0965775
0.289908
-2.03148
1.19078
0.289052
0.0189527
-1.31032
-1.08297
-0.286955
0.648102
0.355382
0.455441
-0.0651707
1.71123
0.239036
-1.63124
-4.45921
1.71399
-9.12631
-0.595904
0.324359
1.0445
-9.44505
-0.0169549
1.18094
0.791518
-2.43785
0.216468
-1.62853
-0.799325
-1.10186
-1.29471
0.145685
-0.198248
-2.47694
-0.147703
-1.11996
0.395521
-1.25176
-0.607416
3.93035
-13.2713
-0.325098
0.0576341
-1.63373
0.375066
-3.41214
3.09274
-3.20682
3.00207
-6.62398
0.830007
0.457007
1.48292
1.14961
-12.717
0.951228
0.874191
0.981503
-3.0124
-0.587225
0.340393
-1.18034
-0.814992
-0.45435
-0.66215
0.0224846
-0.845443
-58.0849
0.692347
0.0526352
-6.15444
-0.715848
2.43334
0.588463
3.05113
1.00568
0.44532
-2.41361
1.69534
-0.556425
0.841189
-4.02935
-2.17124
0.852926
-0.38404
-0.50114
0.606665
1.05791
4.75435
1.6725
0.0663482
0.219826
-3.69283
-0.778411
1.53981
-0.424167
7.15825
-6.2462
1.38378
1.66687
-0.0327358
-0.882343
-0.780353
-0.862182
-1.37417
1.40065
0.662828
0.807899
-0.228773
0.636557
-0.159814
0.417638
0.528216
0.540605
-0.159635
0.638218
11.5834
-0.453129
-0.303541
-0.865684
-1.08931
-7.9411
-0.858662
0.0184351
1.41587
-1.91764
1.59245
-6.07762
0.85505
3.99762
1.99722
-0.125996
-3.19739
0.66254
-0.734391
-0.0562515
-110.889
0.239448
-2.27693
2.01782
-3.31229
0.361899
0.544117
-0.126366
-0.588755
0.352147
1.0364
0.76922
4.64298
2.39906
-0.965569
-1.53484
0.727192
1.17282
-0.602429
-0.151246
-1.45493
-2.68915
1.09928
7.06526
-0.513252
1.11196
-0.531355
-63.9145
-11.7272
-0.994184
9.28292
0.575663
-4.6175
-0.742258
0.887056
1.12533
-1.49437
0.000863594
1.80577
0.478607
1.83121
3.02454
0.454017
0.487532
-0.0411531
7.38458
-1.27209
0.365065
-4.63139
-0.758759
6.66523
-1.21621
0.744864
0.43203
28.1101
-7.30077
-2.9398
-0.297315
2.82547
-0.534568
2.85215
0.471273
-1.39545
-0.527292
-0.444028
-0.711532
0.703074
1.2083
3.16664
0.334656
1.10111
0.482005
-0.131605
4.58367
-0.452955
-5.16192
0.837134
-4.24942
0.422719
-1.05698
0.00737627
-0.653731
-4.21616
-1.07289
-0.004272
1.60693
-0.755308
-101.041
-0.543607
0.661128
-0.490687
1.42894
2.20292
-0.891077
-0.226333
1.24414
8.21234
2.05883
1.41664
1.24747
0.162081
7.63241
1.07372
-0.810807
0.0475608
0.17547
6.97804
-1.18027
1.07922
0.893264
4.10179
-1.74589
-0.33198
-6.85788
-0.970603
-0.0625252
-0.537807
0.2999
0.462208
-5.53347
0.526981
-0.0584925
-0.436463
0.869383
-1.24387
-22.9213
4.23127
23.5976
1.09049
0.808229
-0.130537
1.88853
-0.141588
-1.08613
1.05972
3.03394
0.0961392
0.490259
0.66422
0.526011
4.17744
-0.851024
0.218424
-1.63684
2.62243
-0.00559489
14.6134
-0.692127
-6.47273
4.94739
0.19359
-1.18042
-0.4025
-0.737494
-0.529639
-0.257552
0.0755945
1.62282
649.099
-0.709403
0.203689
0.463598
-5.42753
0.29517
-0.766784
0.44005
0.868312
-1.57968
0.310859
0.71573
0.656116
0.52362
-0.749895
-1.7864
6.66442
0.328254
-0.458708
-0.0849871
-1.21924
2.78193
2.89472
12.322
-3.34203
-14.18
0.116346
-0.10225
0.399658
3.25323
-0.398161
-5.33339
-6.89503
-1.03437
-0.245393
-0.544831
2.98461
1.24702
-0.972838
-0.673245
0.921846
0.539809
3.89087
2.33057
131.527
-1.14641
-0.207709
-1.32781
8.78283
3.50986
-1.26837
54.9588
-3.72851
0.0044911
0.250062
-1.69113
-0.772445
1.14102
-6.85279
-15.8712
-0.617356
-0.0819912
0.204897
1.2488
0.925647
-2.36352
-1.27691
-2.2007
-0.824308
-0.972057
-0.150191
0.870336
-0.309235
-2.77468
5.06672
-0.399767
0.81449
1.32771
-0.489416
1.55039
-30.5016
-0.150416
1.0693
0.532503
-0.673986
0.563761
-3.24694
-0.842861
-0.961393
-0.548298
0.595321
-1.10621
-0.543383
-0.81239
-0.128919
-3.3679
0.833168
1.97441
-0.807581
-1.66092
-2.48461
-0.374957
1.57528
0.208675
-1.28521
4.62632
5.1831
0.280039
0.212329
-0.0617658
0.264197
0.644062
1.6079
0.0538261
-0.677541
7.4047
-0.265693
-1.35
-1.36291
-394.754
-1.96372
-0.21318
4.53928
-0.205246
-0.314483
-0.235222
-11.4377
0.447795
-7.05461
-2.94903
-1.0444
-0.169865
-0.383875
-0.522944
-6.66452
-3.10532
-4.74944
0.488285
-0.516946
-1.21368
1.97002
1.83817
3.51083
0.23995
-0.428007
-0.575708
1.15418
-0.762761
2.64022
1.95009
2.27416
2.54093
-2.74947
-3.7847
-1.05608
0.416363
0.691
-0.0296506
-1.44424
-0.0722419
0.881429
-0.6603
207.941
1.16234
-1.1516
-0.788837
1.16557
-0.599205
6.81483
-0.0977413
-0.830537
4.00064
0.969906
-3.12317
2.20896
-0.399027
10.512
11.2947
-0.281391
1.77774
0.545066
0.742275
-0.369557
-0.539751
1.47913
-5.38769
0.0344224
0.425325
1.27951
-0.50219
-0.0302133
-0.26638
-1.27302
-0.143376
-0.372917
-0.624278
0.218513
3.4474
0.0259638
2.67558
0.994969
2.73317
-0.46121
0.830229
1.72766
-1.01084
-2.92441
0.934718
0.65726
-0.549886
0.530261
-5.40554
0.481799
-0.320334
0.703683
-0.627931
0.611781
1.48439
0.0621889
-0.976823
0.0388739
-1.89331
6.02622
1.46738
1.2753
-0.332755
1.94308
4.83051
-1.11634
1.22339
0.897134
0.0396704
-0.462482
-0.458762
0.126976
0.872203
0.589775
-0.044301
-2.81018
-58.4802
-2.47458
-0.191795
-0.0625033
-0.401384
0.770011
0.282631
0.573172
-1.79239
-0.32878
0.59503
7.74128
-0.276401
1.30986
-21.9784
-1.58644
-1.18236
-1.28728
0.341745
9.086
0.36134
0.11021
-6.65728
-0.795508
-2.2206
4.87172
3.22625
7.62288
-0.264735
0.324799
-0.370115
0.792314
1.15554
0.746215
0.334647
0.0303098
-1.18028
-4.64641
-0.230929
1.31068
-0.450031
-0.320064
-1.61617
-1.12904
-0.230564
-0.101228
7.27248
30.3604
2.09562
-1.12269
-34.0393
-1.50291
-2.09121
-0.587735
1.71952
-2.08294
-1.48732
0.108749
-1.54829
0.309344
0.312657
-0.920399
0.277364
0.0209872
-0.980777
1.02647
1.29197
0.797239
0.174064
9.31448
-0.827058
1.1556
0.256291
-1.00014
4.53934
0.217858
-0.555997
-0.79612
-0.932829
1.59384
1.26569
0.338859
-3.41644
0.909369
0.0207858
-6.28168
-0.312075
0.614208
-0.157666
-1.875
1.20476
0.907109
0.619383
-1.06852
0.817865
0.593534
-0.777134
-16.3002
-2.93447
-0.606532
-0.173358
1.13348
-1.01888
0.657006
0.467289
-0.258295
1.2717
0.880697
0.389127
3.56855
-1.03974
1.20612
-0.488301
-0.514012
-3.99474
1.08098
-0.303685
-4.80405
5.12145
-0.986432
-2.11142
-13.077
-2.46165
-0.652057
-0.575682
-1.57246
-1.47875
-0.410823
3.74797
1.0055
-6.12251
9.41022
-1.85929
-1.65494
0.641375
1.31444
0.354956
-0.100474
2.35719
27.3805
1.15677
-0.793603
0.841167
-2.61945
0.374862
0.0130914
-22.856
1.11936
-2.10793
2.0851
-3.62339
-0.969
0.984596
-2.72083
1.91921
-0.605741
0.065917
-19.4491
0.0872765
5.61976
16.1573
-2.67023
1.7971
0.591503
-3.10497
-1.17376
-0.311597
-3.14736
-0.267914
-0.541601
0.283977
-0.672864
-1.25901
0.228892
-3.85156
1.10007
-1.36776
2.21778
-0.746025
2.17337
1.18752
-1.04529
0.218144
-2.78231
-21.7287
-0.450336
0.248601
1.76274
-1.21199
0.207881
-0.134134
9.53771
2.33856
1.38028
0.112102
-4.33152
-3.23209
-0.968312
-0.731789
-0.441364
-0.724056
-1.67482
0.678905
-2.19162
-0.621832
2.53687
-1.5836
-0.697044
1.34033
-0.0482026
1.4988
0.0962602
1.1476
-0.546554
0.741244
0.888016
1.09335
-0.835094
1.21325
-0.976961
0.346448
5.03826
0.529719
6.33895
-8.05816
0.0249742
1.12629
0.186435
-1.20655
-4.25013
2.32149
0.101057
-4.77788
-4.90227
-4.35178
0.833229
0.0662766
0.862165
-1.07594
-1.19514
0.680366
5.28993
-0.671032
-0.851348
1.93773
-0.0813185
-0.192613
-1.77
-0.552697
0.421746
-0.793447
-0.0126855
1.36487
0.672616
-1.30732
1.02649
4.5444
-1.15838
0.422941
-0.0250569
2.18131
-0.603034
-0.456165
-0.726164
1.7803
0.904232
0.00119469
0.454109
0.75924
1.0121
3.71838
-1.21532
6.61546
1.12365
3.44773
1.13382
2.25861
0.672136
-2.97308
-2.63804
0.335013
0.30889
0.297504
-1.20341
13.3374
-7.00814
-0.769052
-0.0643209
1.43272
0.158369
4.0447
-1.70363
-0.634735
1.18762
-1.24052
1.0705
-2.33323
2.6373
1.24877
1.14935
0.662449
0.153163
-3.16094
31.7096
1.19691
1.25983
0.937228
-1.56137
-0.472817
0.0276528
-0.127075
2.54077
0.47432
6.68534
-1.83759
-3.69752
1.24261
1.30651
-1.53412
0.920901
-4.32802
-1.68318
0.986886
-2.58828
1.03218
0.233095
0.247076
-1.4231
1.61254
0.86753
0.300486
0.157793
1.46696
0.309088
0.930198
-1.17152
-0.831999
-0.779133
0.284657
-2.55486
-1.39935
-2.14566
-1.32508
11.0042
1.33282
1.30182
-0.281856
1.59753
2.57784
0.999868
-0.10753
-0.341006
-2.32096
0.781894
-0.382679
26.6884
-1.85887
-0.316009
-1.11795
-0.810908
-1.18413
-1.05273
4.37857
0.893304
1.33719
1.28206
-0.193399
-0.362881
-1.11991
0.915879
23.8552
-0.38342
0.7494
1.69055
-1.01617
-2.94497
-0.76227
-6.08343
1.29362
-0.398458
0.16197
0.998307
-1.30996
4.01858
-1.7068
-1.42987
1.07964
0.0971289
0.75106
-0.757557
1.99299
-2.98217
-0.445432
-2.9698
1.11299
-0.129758
-1.64871
0.471646
1.52828
1.24341
-0.565254
-3.93005
-2.45167
0.707705
0.658267
-0.51501
0.594613
4.28942
2.90629
-4.89237
0.5453
0.0451935
0.420397
-3.47541
0.160855
3.35049
0.989619
-5.03078
0.764959
-120.948
4.07203
-1.6745
-0.626034
-2.96211
12.8533
0.245421
-0.391358
0.585683
-0.672786
-0.592663
1.78396
-2.03378
2.15144
-0.254581
-0.18942
0.647143
1.00974
1.11001
-18.9788
1.61275
-2.52745
-1.25353
-1.22506
16.0501
-0.123564
0.815632
-0.435417
-0.419101
1.94346
1.4492
0.472728
2.14877
0.560397
-0.48458
-0.756994
2.9914
-0.866774
1.2821
11.3222
-1.14478
1.716
-0.502211
-0.798928
2.97461
0.546106
-2.96017
-0.334536
-0.743989
1.18886
-1.00483
1.94448
3.12747
-0.972369
37.9935
-0.0550688
6.94904
0.393026
0.819095
-0.476448
0.896882
-0.324357
1.11033
1.02874
0.64664
-0.171986
-0.577357
-2.89229
0.216318
-0.919497
-0.480844
3.04313
1.12379
0.431122
0.742634
-0.846927
28.2536
0.179752
0.138778
1.01245
5.73977
-2.19842
-1.04975
-0.931847
1.54514
-10.053
2.53207
0.0656287
-0.0172059
0.205241
0.0419759
-0.010963
0.426598
-2.85233
1.70491
0.623585
-0.707908
-0.0803945
-0.774592
0.872828
0.861636
-3.5135
-0.896345
4.24652
0.247637
-0.160399
0.678328
0.431297
-1.10016
-0.405444
-0.0679971
0.999375
2.58307
-1.17095
-1.31822
-1.67535
-0.649509
0.461815
1.062
0.906568
2.79652
-4.21103
1.98431
-2.97499
-0.934817
-0.785219
4.18305
0.700132
-3.31349
5.67705
0.686934
0.578978
1.15524
3.30552
1.78412
-17.5273
-0.627677
-6.77121
-0.383174
18.2769
1.2898
8.63334
-1.30701
0.44967
8.21368
1.43621
0.347832
2.07172
6.18533
-0.138089
-2.68796
-0.975059
-1.89866
-0.476269
1.46371
-1.71631
-0.920914
-1.14801
0.278032
0.870037
-1.35654
-0.730598
0.116533
-2.67103
-0.865084
-1.78222
-1.27789
-3.05461
-1.35382
-0.607702
-6.32537
1.10524
-12.6771
1.16616
2.11788
0.980575
-2.37678
-0.788801
-8.81345
9.75615
0.254622
-0.0114172
13.2821
-1.8441
1.75616
-0.0137053
11.4858
-1.23521
0.784987
1.05291
-0.925495
0.932432
-0.925365
-0.142784
-0.899362
-0.77312
-0.0146542
3.00101
-0.67359
0.0469201
-3.78193
-0.114887
-1.05348
4.21295
-8.50642
0.45141
0.557492
28.8443
1.08844
-1.56269
-0.556594
-0.775005
-2.478
0.268189
0.539873
-3.47188
-1.22572
-1.20199
-0.261983
0.0333905
1.00726
-1.42165
1.90762
-1.73688
-0.633543
-2.06942
1.17401
0.19006
-0.735367
1.49001
-0.0989693
3.48835
-4.2014
0.966762
0.8296
-0.469669
0.0103145
-0.822327
0.0737161
0.794451
0.375001
-0.226859
1.35529
-0.175219
1.1184
2.23188
-0.783903
-0.458141
1.39179
-0.59192
-1.44069
-3.40348
0.500222
2.16105
0.864166
-4.63431
18.4594
-0.859866
-1.85029
1.80238
-1.21446
6.43656
0.0296749
-1.27516
1.43937
-0.359736
-0.521288
-4.15802
-0.552365
0.0966888
4.94593
-1.17102
3.58695
-0.293763
-0.145207
1.00761
-19.0576
0.826043
-2.2687
0.833625
-0.828588
-0.560847
-1.20811
1.33816
-1.27846
0.70216
2.10765
-0.401694
-2.41883
-13.8846
0.754178
-1.03355
-38.9586
5.71197
0.362663
0.503946
0.854959
-2.17578
-0.2137
3.09294
0.575195
-2.89295
21.3706
2.50918
0.979886
6.5612
2.10076
-0.542162
-0.993982
-1.47287
-0.308525
-3.12588
-0.721653
-1.75895
0.188851
-1.20638
-19.2318
1.43763
-1.47322
2.23261
1.07212
1.8307
-0.923696
0.43263
1.29374
1.17598
1.64213
0.448688
1.30277
-1.87806
-0.631596
2.64106
-0.787302
-25.8077
-0.800652
-18.0386
-1.22226
-2.9166
1.44262
2.20976
6.20122
1.23631
-0.594853
0.816214
-6.16572
0.790831
0.89732
-0.424139
1.17813
-18.4274
-0.954752
0.676343
-3.83498
-2.74095
0.810902
-0.680023
0.645378
-1.30462
-1.62609
0.0379251
-1.1185
-0.0629419
-0.596053
0.639844
2.2318
-13.9293
-5.32467
0.189901
-4.18096
0.0144347
0.586431
-1.43304
-2.07569
6.44504
-0.154072
3.04422
2.67385
0.87669
0.169716
-0.790178
-0.191006
1.33513
-0.970511
0.921623
2.62386
1.69713
-1.08908
-0.145451
-1.05655
0.871916
0.351886
-1.78086
0.166893
1.27414
0.963801
-1.10738
-0.418922
-0.480202
0.202844
-0.953719
6.86084
-0.826113
1.80081
-0.847686
-1.1964
0.915277
-1.9766
1.04609
0.321968
-1.35482
-1.26598
0.723223
-0.758088
-0.0867117
-3.86639
1.9829
9.97328
-1.27826
0.470733
-0.982845
-0.483456
0.757264
0.965376
0.162606
-62.2229
-0.452085
1.53905
4.78405
27.4806
-1.73287
0.418606
1.87141
2.68834
1.53917
6.70635
0.138393
178.97
-1.47827
0.217966
-0.221475
1.02542
360.308
-0.302341
-0.298607
6.4936
-20.8414
0.303011
-1.41508
1.02373
3.58913
0.0645549
2.82487
-1.01058
-0.664255
0.393649
-0.0798985
1.5029
0.433688
0.889561
-0.97019
1.05773
-0.559616
-3.45365
-0.267942
14.4066
-0.300043
-0.473439
-0.505525
5.75065
-0.867071
-1.02721
-0.822379
-0.000598829
0.544383
0.702857
-0.968869
-4.30432
-1.52421
-4.96365
-2.13713
2.36536
0.808901
1.09027
-0.804872
0.622366
3.57289
0.513896
0.444065
0.599707
0.345321
126.12
-1.44465
0.0456194
1.35094
0.826892
-0.192118
-0.551734
-0.149269
0.208548
1.51444
0.704848
0.341889
0.354336
-3.36125
-2.11058
-5.34118
0.129355
0.464712
-0.397505
-4.09255
-0.958516
1.4051
0.206306
-0.608261
0.275434
0.917738
0.837922
-1.05388
18.6668
-0.470803
0.686711
17.2473
2.0671
0.0953553
-0.238598
-2.51256
-0.614242
-1.11823
-3.38095
0.76649
-0.872631
1.72736
5.19359
1.46152
-1.43946
-0.496195
0.523252
-2.2848
0.0323945
-1.40668
0.325173
0.296836
0.509271
-1.97937
1.12174
0.616843
1.35771
-0.289049
0.508449
1.01271
0.850109
0.235349
-13.1803
-15.4117
4.00879
-0.58506
-8.13322
0.925762
-0.240167
12.3197
-3.76083
-0.141754
1.01507
-2.30686
-0.304694
-0.917623
-0.977595
0.0317946
-0.368157
0.038856
0.567507
-0.244183
1.8421
0.145517
-0.221912
-1.30813
0.981341
1.23117
0.731029
-0.0340658
-3.96017
-1.71193
0.349008
-0.187175
-0.185197
-0.365989
-0.697043
-2.01599
-0.0735251
3.3929
1.40352
1.42506
0.724694
-3.07355
0.647125
1.28445
0.636679
-0.916601
-2.22687
-1.56874
23.7509
-0.14464
0.214477
0.668335
0.952393
-0.356266
6.58228
-2.60631
-15.5438
1.14651
0.446585
-1.58857
0.263849
-1.12493
-1.67703
-0.894525
0.436099
2.56473
2.50408
0.147107
37.1315
0.47504
1.38249
1.34872
-1.45848
0.152428
0.377487
-0.774833
0.983996
-7.91114
1.1598
2.01865
0.943338
3.37526
2.49806
1.589
4.63328
-0.636676
4.31517
3.7817
-5.76993
0.865284
1.77623
0.577738
1.78741
-0.192955
15.8897
5.75519
-2.85985
-9.73748
3.4792
-0.453
0.234088
1387.2
1.93295
-4.79595
0.558067
2.40357
-2.04346
0.969475
0.418885
0.186468
-5.87264
-1.21892
1.26634
-0.23783
1.11647
0.248778
-2.07436
0.104048
1.56123
-0.905811
1.8412
-0.364965
-3.26113
-1.36984
1.02738
-49.0191
-0.213237
1.74512
-0.336719
0.741318
0.431778
-2.48119
-0.762398
-198.448
-0.513347
1.224
-2.40349
0.407809
-1.27324
1.57403
-1.38956
-0.657131
-1.45904
2.63427
15.7927
-0.222156
0.0458481
0.199555
-0.80862
-6.30516
1.76472
0.862126
1.12341
-1.31399
-0.783825
-0.220075
-0.141153
0.990589
-1.01428
2.51184
0.657047
-1.27786
-22.9599
0.764847
-0.488518
0.692609
-0.771238
6.05828
-1.52721
0.628916
-0.690207
-0.0754596
-5.16881
0.462884
-0.918639
-0.795614
1.05798
0.998309
-1.50931
2.15677
-0.133675
-0.471436
-0.279185
0.978458
-1.87458
-1.66921
1.42845
1.53847
-0.630343
-2.45505
0.716951
0.84897
6.75529
4.78565
0.173085
0.3772
1.54846
1.89528
1.46189
0.807745
0.958665
0.598039
3.16143
-1.67443
-2.02531
1.9601
-3.51261
-0.59016
0.496246
0.489271
-0.36443
1.07293
2.4761
1710.32
0.948234
-0.645547
1.03347
-0.120615
0.194472
0.190177
1.24664
1.87241
-24.6139
0.605534
2.10855
0.173864
-2.52883
0.441098
5.53112
0.272351
-4.12721
-4.79232
-2.55757
6.81783
-4.57241
-0.809525
-1.27871
-1.29929
-1.70401
0.471739
-1.65364
1.96541
-1.6863
-1.43543
-0.687589
-1.52164
0.0639421
-0.601947
-0.917108
-0.438313
1.43612
-2.63659
-0.614579
1.61074
0.908435
-1.53938
-2.8036
0.6929
-0.801462
-0.525557
2.71706
1.36926
0.0421143
0.155403
-0.139194
-0.0679873
-1.74091
-1.76587
0.432364
0.292766
0.616684
0.289364
-1.75332
-0.198315
0.752983
1.29291
0.107153
1.0709
-1.86689
-52.0482
0.795183
2.60424
0.601932
-0.780246
-0.747237
8.50995
3.82698
0.519085
-0.00427373
-6.82067
-1.38817
-0.618084
0.229384
-0.0694945
-0.0773968
-1.00626
2.68267
-0.97922
-6.6253
-22.9487
-9.04303
-1.87005
2.17525
-1.29047
-1.52472
-1.36063
-0.377089
2.45309
1.92013
-1.68264
-0.753165
-13.6753
2.85546
-0.612669
-1.77118
0.643371
-0.337967
1.26696
1.29418
-1.0245
3.22669
0.684063
-0.981265
-3.17654
6.81519
3.7137
-0.610668
-0.307967
-1.41416
-0.233033
-2.0115
-1.11431
-2.42706
-1.49512
1.04586
-1.09104
-0.28428
-4.54478
0.188593
1.33099
-0.0861089
-3.8564
0.628441
-1.21942
-5.85553
-2.35053
0.502935
0.523098
-2.4779
-1.63797
-2.70436
-0.843174
1.49631
0.739712
-4.67178
-1.99046
0.316645
-0.900682
5.44163
1.4278
0.602046
-0.172927
-1.85703
-0.597662
0.076911
-0.500506
1.25822
-0.134666
-2.38684
-0.848769
-6.26198
6.85126
-6.02676
-0.486907
1.15629
0.528608
0.125459
-2.45203
0.4394
0.728372
-1.42761
0.368325
-0.874946
0.862975
0.81278
4.80888
1.13151
3.69209
0.987136
-0.854005
1.63726
-1.83729
-5.28186
-0.0342869
0.121571
2.75597
-1.14784
-0.52733
0.247737
1.09017
0.117485
-2.54759
-7.85138
2.06476
0.0212618
-0.95512
-5.04551
1.31823
-0.921432
1.36305
-2.502
0.366285
13.3998
0.691948
1.58005
-0.511274
0.622599
1.38082
0.769515
1.30842
0.491251
-5.16182
-1.06785
0.404711
0.574794
-1.35143
0.0420604
0.744097
-0.798834
1.31801
0.837857
-27.0457
2.03447
0.0522574
-0.132924
-2.21294
-3.83886
0.405762
-1.17861
-1.34389
-3.72709
-1.05614
-4.28305
-1.40199
0.552935
-0.797526
-1.91913
2.60966
0.731863
-1.08261
8.96961
2.47496
1.41907
-1.87245
-0.366898
-0.505609
0.424003
4.81594
12.9381
-0.607147
-0.126167
-1.33786
-0.844485
0.929383
-0.152024
2.58318
0.196353
0.221215
1.07538
-94.1729
-0.396055
-0.827939
-0.2773
2.53016
1.01187
1.26856
-1.1371
0.932679
-0.953167
2.3714
-1.05688
1.46601
0.439453
2.46773
-0.739494
-0.15966
1.27908
3.40683
-1.22905
2.77756
-0.638815
1.10255
-1.53209
1.43428
0.304548
3.67089
-0.348577
23.324
0.625782
-1.57193
0.761251
0.251252
1.65736
0.0775794
1.17113
1.07751
-0.0898649
0.106755
0.445329
-0.502407
-0.000784558
0.84256
-0.343188
1.04603
0.393665
-7.53152
6.88445
-0.170614
-1.70916
-1.73509
-1.58858
0.0612312
-5.58006
0.721732
1.41324
1.22224
-9.16611
1.1899
0.573918
-3.21223
1.10594
-1.10002
0.956558
1.08669
2.05974
-1.92182
-0.770277
0.705574
-1.21598
0.17216
-1.44069
2.6692
-0.0680842
0.925918
6.02601
7.25727
0.908833
-4.1385
2.55776
0.502548
1.7878
0.509624
-0.323651
0.0550309
-0.315881
8.54917
24.66
-0.921173
-2.42534
-1.21439
1.25954
1.14745
-1.75506
1.61453
3.07928
-1.50293
0.00749363
-0.251277
0.698658
-1.09413
0.610518
0.838897
1.44281
-3.18834
-1.55942
-0.333565
-2.51916
-0.335095
0.969046
2.71395
0.53277
1.69561
0.680164
-1.6836
-0.614827
0.531052
-1.0033
1.07057
-0.485775
-1.13911
-0.988676
0.626738
-3.971
-1.91444
1.33827
-0.683151
-0.287518
5.46979
2.66492
-0.703409
-0.902187
2.86385
1.77307
9.86128
-2.33979
1.44991
-1.42016
0.48135
-1.70181
-0.0567606
0.988422
3.05812
-0.83286
-0.0294058
-0.990551
80.2226
0.451534
-1.67284
-1.60359
1.09586
-1.82807
-1.4536
-11.7335
0.829106
-1.71077
-0.901158
-3.88906
0.583442
0.927174
0.19654
3.91418
-2.16992
2.72367
-0.41627
0.383259
1.60372
-1.28574
1.66659
0.735267
-17.7066
0.601195
1.99366
1.22983
1.34875
0.483593
1.37958
-2.23954
152.341
0.43919
0.0469036
-1.84456
-1.05803
-3.35813
0.0249049
1.06313
0.435821
-1.64439
0.0836481
0.730057
-0.239582
0.296841
0.366142
1.94523
-0.876891
0.285551
0.213207
-0.232645
1.74329
18.2968
-1.57352
1.37549
-0.494356
1.1326
2.09093
-3.16767
1.53349
-0.264937
-0.527268
-0.679697
0.790258
1.00289
3.02937
-6.179
-20.7021
-0.380764
-1.17084
1.00219
3.91609
0.206321
0.318437
-0.749239
-1.03028
0.744202
-0.441742
-8.70849
0.438331
-0.970422
-2.11496
-1.79978
0.0246271
-0.612269
0.924437
1.97687
0.113331
-2.50073
1.24969
5.93982
13.2703
-0.726453
-3.72049
0.381368
-1.42638
-0.78216
-4.25895
0.390952
-9.22343
-1.15187
0.620577
0.915771
0.929075
240.667
1.53088
3.10303
-0.852663
-0.484386
0.227157
-0.318105
3.25602
-0.903846
-1.45556
1.2425
0.23033
-1.26827
0.0241839
1.68027
-2.15172
-0.792765
-0.0248593
-0.27014
1.81667
-0.0297865
7.38185
-0.449077
-3.80942
-0.417838
-2.26099
-2.87474
-0.484019
-1.36256
-0.565569
-0.0357255
-1.72412
0.957381
-1.67338
0.519522
1.31122
-6.61045
0.967549
0.632465
4.39885
-0.73903
-0.481916
0.0702489
2.90288
1.24439
-0.258677
-2.92116
-6.02179
0.25568
-112.126
0.0480717
-4.879
-1.08061
0.264013
0.190884
0.307214
0.125575
-0.0143326
-2.39393
1.08783
0.582988
-0.494042
-0.597473
1.63962
21.568
0.0195363
-4.07036
-0.477355
0.0711511
1.06444
6.06417
-5.81696
-0.44171
1.31505
-1.06023
-4.10705
2.06394
-2.63107
-81.9955
1.32911
-0.46775
2.39142
-1.5814
34.6886
-0.0474506
0.207729
2.2229
-2.32567
-0.000762324
-0.194403
0.751373
0.841549
-1.64293
-8.46943
-2.36661
0.880934
-0.421888
4.65136
0.290982
-0.424086
1.45393
-0.339324
0.557789
-3.45804
-1.0872
-1.01533
1.05292
-1.59824
0.310917
4.60631
-0.864883
-0.480657
-0.783752
0.78846
-0.383136
1.36337
5.75652
-3.1835
4.83416
1.73481
-0.438141
-2.02511
-0.402614
0.292899
-0.48899
-0.821184
-43.1142
0.966467
4.54247
-1.42038
-6.1474
-2.96672
-1.92535
-0.454369
-4.20624
1.45848
1.27271
-0.967223
1.14617
0.956057
0.769897
-1.25451
0.314205
-0.896374
-4.23883
-0.0693296
-3.3906
1.94121
0.161881
0.503381
1.6902
-0.496374
2.24254
-0.743047
0.451228
1.56298
-3.5256
1.53791
-0.325167
0.701266
0.212902
-1.16427
-11.3591
3.0242
-0.648759
-2.14408
0.688305
-0.440147
-0.868779
0.514869
1.30466
0.169814
-1.19401
6.37062
-7.88198
0.787078
0.830515
-0.558702
1.85637
3.18409
1.0365
-0.221899
-1.0226
4.55358
-4.28421
-1.75937
0.154622
0.467181
0.478212
1.07112
-2.32512
-4.42589
0.930181
-12.0211
51.3858
0.980466
1.14568
-0.803201
-4.01182
-3.3031
-0.697022
-1.47217
0.888721
-1.36032
0.0188242
0.303551
-0.307749
-1.51445
-1.0147
0.00126716
0.046836
-2.62273
0.6467
0.0164182
0.394688
-2.87673
-0.438731
-1.25596
-1.1802
0.870799
-0.101211
-12.3919
-0.497943
-0.23386
0.95735
1.09134
-0.285966
1.71053
-2.70163
0.725706
-0.658641
-0.0950723
-0.815966
0.432991
3.53509
-15.5529
-1.08047
-1.01733
0.192071
0.375081
48.2603
-4.37729
-0.223203
46.4307
-1.2399
1.3397
0.820501
0.358167
-0.457119
-0.63217
0.61127
-1.61903
-3.08344
-0.762396
-0.170844
-1.73456
0.934871
-1.49474
5.00405
-0.158526
1.27649
-0.354042
-1.29117
-0.0545923
0.0221602
2.42859
-1.373
-0.273807
-1.1253
-1.70351
0.282814
0.95831
0.160097
1.37344
0.772428
-0.59116
-0.897756
0.624649
3.75283
1.26911
-0.315019
-0.547569
0.288431
0.78199
-0.892379
-2.48074
-1.80198
-0.151318
-0.846273
1.30164
-0.873867
0.68811
2.58453
1.1513
-1.25884
5.75035
-0.558854
-0.65102
1.16039
0.988301
0.496644
0.667056
7.18528
0.220836
-5.72424
-1.47347
0.657963
0.853422
0.00579119
-1.09604
-7.26259
0.407653
-0.474953
1.4137
1.1675
-1.31511
0.439557
1.32192
1.31649
0.796931
1.94497
-0.779934
-1.20548
-0.681923
0.99507
0.663936
-2.70802
0.897648
1.09315
-1.03256
-0.762414
1.23451
1.80756
-32.5061
1.36362
0.637307
0.00653024
0.680988
-1.35267
0.3204
5.52685
0.431875
1.02627
0.198555
-0.574093
1.08882
0.809836
2.03813
-0.603285
-1.25216
-0.582112
0.869604
-1.09581
-1.74383
-4.08491
-0.470645
-7.79327
0.7944
-2.33765
-4.81364
1.8853
0.157487
0.526529
-0.276826
1.06987
3.13154
0.697712
1.0008
0.999226
1.5949
0.805888
0.609926
-5.42978
-0.908898
-0.365699
-0.58876
-3.16026
-2.16607
-0.843878
-0.0797528
-1.51374
0.161856
-0.186174
-0.590623
-0.309724
-0.465057
16.3139
-0.697723
1.05285
0.337815
-0.413109
-0.542377
1.27751
-0.580059
-0.744968
-0.821275
-0.331442
0.320307
-0.56642
-0.898134
-1.52264
-0.0473959
0.184831
0.408288
2.31633
-0.151978
-0.460701
3.74263
5.62049
-0.626151
2.02383
-0.131923
-1.44803
1.47649
-0.518957
0.49553
0.862931
-0.481426
-0.212173
-0.640245
15.2176
-1.42118
-0.52925
3.61532
0.0892526
0.912366
-2.1132
0.913441
2.43109
0.721818
-0.210228
0.431893
0.371804
-1.39836
-1.21273
0.845679
6.94572
-2.6515
0.0263382
-1.60009
1.42893
2.66533
1.59051
6.10425
0.98432
0.13577
1.54992
-0.143885
0.725271
0.40395
0.542927
-0.418507
3.57063
-1.32161
-0.335186
0.665134
0.257944
0.39735
-0.0666094
0.0468643
-0.202829
2.00985
-0.992635
-1.99405
-3.46835
1.24489
3.90315
0.78898
-0.362959
-8.65113
-1.4938
0.4291
0.299197
2.20419
-0.638707
1.9059
-86.0975
-1.36425
1.51261
1.67566
5.19896
-0.478443
-1.11476
-10.0174
0.0820182
-1.16281
28.592
-14.0894
0.55507
-0.0496201
17.0981
0.867187
-0.702839
-15.949
1.32441
-1.31906
-2.59362
-0.496898
-0.318106
3.63413
-1.14148
1.16811
-0.282229
-1.11676
-3.72597
1.02789
-6.80635
-2.20733
-0.579809
-1.11139
90.4529
-0.063422
0.572944
0.078652
1.55206
-2.89205
3.31103
6.46511
-2.46547
1.0334
0.346118
0.0570284
-9.03716
0.607254
-1.51194
3.53113
-1.73822
3.63867
0.145368
0.209972
-0.526023
-0.62617
4.47626
-0.28465
0.207321
-1.65131
-1.26178
-0.916997
18.9369
-0.173889
15.6732
-3.65034
-0.855455
0.141885
0.452172
-1.62085
0.980555
-2.07709
-1.33948
0.206998
6.63662
1.13998
-1.24149
-0.0780154
-0.416689
4.02481
4.81848
-0.677149
0.566666
-0.0233031
1.83283
0.710298
0.791494
-1.66901
-0.291404
0.727586
4.58635
-0.521099
0.5554
-0.83207
0.834355
0.580087
1.27572
-1.05787
-1.59133
0.527742
0.646679
-0.0919009
1.04964
0.147806
-1.52092
3.44971
-1.44941
0.700886
-0.984004
2.7252
-21.0875
0.304204
-0.599465
-0.650815
2.78642
-3.81554
32.8447
-0.759434
3.64469
1.35596
0.414699
1.17161
-5.48108
-2.44535
-9.56125
2.07104
1.26087
0.0785624
0.139964
-1.40175
-0.0445702
0.82032
0.871822
0.0809191
0.695295
-0.0151116
0.359854
3.8768
-0.904155
-1.00288
0.139784
0.45597
-4.61798
-1.33243
6.61949
-0.714803
-0.560621
-0.57975
1.63455
3.08998
0.824637
7.145
-0.584794
0.210136
-0.507631
-0.627776
3.28972
0.154878
3.83609
-0.659269
5.6343
0.650847
-0.00692611
0.052848
-0.312984
0.519632
2.48994
0.923705
0.544601
-1.01652
1.36544
-0.773854
-1.467
1.37034
-0.479332
0.966059
-0.700624
-2.64345
-0.688164
-0.0291593
1.52886
1.81662
-0.182146
-25.6814
3.20788
0.0704364
10.3959
0.199863
-0.439589
-1.24885
1.32147
15.5382
4.32275
-0.866459
1.83847
-41.6349
1.02661
-2.89648
-0.225744
17.9646
-1.50593
-0.919533
-0.583973
0.357848
-1.50465
-0.493986
-0.732283
2.83768
2.1017
0.578053
0.976354
-1.09536
0.989822
0.297414
1.23945
-6.63219
4.97783
-0.0388906
0.662847
0.667071
3.69938
-3.03421
-4.89031
0.952679
0.151069
0.297512
1.10783
63.1313
-0.0739537
-0.180775
-3.58906
-5.8263
-1.04376
-1.71143
-0.114409
-4.06258
1.43842
-0.765229
0.743877
-0.414738
3.46786
0.731606
-0.752253
-0.0215631
-1.84463
-0.657285
-38.0897
0.311218
0.425841
-0.127425
-1.02107
0.448269
0.0213847
-1.7216
8.86731
-0.38175
-0.656361
-0.279336
-0.00248543
-1.95399
-2.04838
-7.07405
-2.49971
-2.18604
1.43204
-2.60719
-1.36611
0.418976
1.55606
0.152669
4.26142
-0.482424
-0.624912
-0.89511
0.19698
-0.720949
-1.41749
1.51128
3.48491
-0.283251
0.698397
-1.48828
-0.39068
-1.10303
1.0346
0.380333
-2.65086
0.218837
-1.33346
-1.5995
-0.827947
-0.485135
0.0322798
0.229466
0.792578
-1.16096
16.2717
1.64961
-0.743624
-0.638538
-1.45298
-6.28755
1.75253
-1.72234
-0.670805
0.637048
-0.168708
-2.35886
0.764312
2.29591
-0.815945
-0.0202633
-0.146726
0.319522
-13.1391
1.24911
-2.47494
-0.767366
-1.05447
1.21655
-0.360147
-1.06231
-1.656
8.91782
-0.528068
1.12448
2.24167
-0.493234
0.531982
-1.176
0.662815
-4.7627
-1.95652
0.114721
0.828122
-0.0737867
-0.622915
-1.38276
-1.14243
-0.979206
-0.430782
-3.71682
2.4086
-0.409323
-14.7341
-0.281286
1.25143
0.553195
13.75
-0.914006
0.403845
-0.835611
4.36658
2.61125
-1.08433
-1.65992
7.2595
0.982486
0.469572
0.42662
1.0732
-2.19376
-1.52278
0.263097
-0.310731
0.934093
0.756301
-1.25561
0.548952
0.428564
-1.77684
-0.554768
-0.179031
-1.10232
-0.782164
-10.1554
-1.53029
4.19403
1.55385
0.887007
-1.95169
63.8242
-4.04528
-0.177209
-0.801171
-2.88753
-0.918104
-3.40126
0.985988
-0.149344
-1.89615
3.63748
1.45642
-4.00088
-0.533061
1.02906
-0.959839
0.397245
0.339609
0.621318
-0.134808
-5.52474
0.805894
-0.56579
33.6129
-11.1476
0.42427
0.452979
-1.24382
1.67752
0.805725
0.230968
0.617056
1.51701
4.50925
-0.731588
-2.00743
0.34247
-1.80644
-5.11326
-1.20575
2.39032
2.63861
-7.02088
0.247205
-0.0089381
3.01239
0.86618
15.078
-0.859005
0.796334
0.628019
-0.476725
-3.46717
-3.20586
-0.109659
-0.514506
1.29711
1.05954
2.39784
-0.354972
-1.76211
-1.68123
1.13681
-2.23677
0.504421
-1.20713
-1.14505
7.61939
0.50771
14.0187
-1.86089
-0.722529
-0.774014
-0.479999
7.74767
1.3912
0.0277722
-3.07926
1.53091
0.484047
-0.566867
0.228815
1.49107
-1.16633
-0.392467
7.52012
-1.48446
-0.925226
-0.684246
0.766443
-2.38785
1.00809
0.92645
0.708999
2.84791
2.77516
-2.42937
0.981446
-0.967822
-1.39157
-1.63996
-0.303076
-0.295238
-0.47179
-2.76536
1.09855
-4.12073
-0.328943
1.20149
1.7722
-0.718417
-0.512794
0.461356
0.06848
0.655829
-2.15748
-3.21881
0.915448
-0.7077
0.756978
0.936895
8.73364
0.51432
1.97193
-0.168045
10.4434
0.799338
1.01747
0.879919
0.661146
2.18236
0.711277
11.6599
7.06303
1.46003
2.66455
0.223429
-0.813952
6.02891
-1.20715
0.204283
-7.99568
-0.227326
0.757983
-0.627705
-1.537
0.216297
-0.552008
0.678357
-1.33318
-2.20057
3.51553
-4.86494
-1.59269
-1.96464
4.55919
-0.146355
-0.632797
0.608603
-0.0327969
0.286086
0.682561
-1.66823
0.572418
0.944976
-0.881086
0.621414
0.234923
-0.377395
-43.6396
-0.79299
-0.709753
-10.0884
-0.72552
4.92516
-0.357853
1.19858
-0.13774
-1.98776
-0.862284
-0.903821
-1.27683
0.152523
1.11656
-2.35255
-1.35154
1.70654
-0.618019
1.03921
-0.926703
-0.523427
-2.40915
-3.54611
-0.453867
1.77366
0.778317
0.774871
5.81642
-2.19317
0.0164086
1.18727
-0.399916
0.733895
1.90577
0.782763
0.800858
-0.0357596
0.976173
-0.0795584
1.05564
1.52061
0.442321
1.69417
-1.22511
-1.23822
-1.55395
0.246192
1.41066
0.877354
0.23628
-0.822203
-3.61846
-0.410968
1.11459
-3.08828
0.216669
-0.290292
0.474798
-0.405164
-0.220907
0.245282
1.18924
0.0859446
0.8351
-0.0525844
0.369732
-0.537653
-1.09525
-0.838222
1.42974
1.53263
-0.271758
-1.11186
0.572248
-4.41913
-0.600827
-9.68635
-2.84443
0.476192
-2.34058
-20.1146
1.12712
0.0978045
0.941645
-0.222107
-1.0716
-2.21999
-0.0358491
-0.65801
-1.25957
0.0048055
-1.01986
-1.52303
13.7534
-0.000116348
0.803983
4.8746
53.0018
2.85036
1.512
0.250978
-11.3886
0.626146
1.31117
0.882348
-1.97673
-0.881323
-0.061898
-1.79681
4.81753
-4.03251
0.33931
-0.310698
-0.269024
6.11975
0.110814
-2.45905
2.03493
-0.388176
1.23772
0.263613
-0.517217
0.0219868
-3.68753
1.64299
0.591427
0.176858
-0.124069
-0.0440558
-0.90261
-0.453073
4318.94
4.24017
0.305168
1.78051
-82.4607
3.40748
-0.493465
-0.994541
-0.163135
3.78495
-0.73013
1.11138
-3.15035
-0.317759
-2.64027
-1.17817
-1.1757
1.37321
-1.9494
-0.441938
1.3118
-3.11676
0.573717
-2.60756
0.115584
-0.816817
-0.525394
-10.7551
-0.468329
0.0681196
0.193445
-2.25915
-4.70591
-0.426068
2.01371
-1.30617
-1.9443
-0.180343
-1.28909
-1.30192
-0.356581
0.318649
1.29861
0.998456
1.32509
-0.707012
1.25946
1.81309
0.0380714
0.786898
-1.24768
-2.03199
-1.0975
-3.85092
-0.951498
-1.12909
2.03633
0.0970022
0.40955
-0.232767
-1.52441
0.721517
-1.25105
-1.19598
-0.605346
0.853767
-1.67176
-7.32555
0.436313
1.22951
2.83767
1.18191
-0.358161
0.9567
0.419338
-1.93427
-2.95701
0.0673229
-4.57075
-2.25583
0.893311
1.51792
0.284008
0.351252
-0.978179
-1.51302
-0.538945
-0.235844
-1.07503
1.16402
2.44223
2.21864
-0.31345
38.3588
1.87807
1.08417
-0.196155
-0.653405
-0.405019
0.633198
0.63359
0.921415
0.373028
1.15213
-2.31265
-1.40147
0.0826767
0.521473
1.43706
-3.3882
-1.75688
-0.0408508
0.394806
0.892073
0.622578
0.765048
-2.50212
0.515895
-1.25825
-0.623687
-0.413741
-0.452965
1.4455
-0.513086
-0.663816
1.07468
2.18143
0.344774
0.83662
0.832836
0.00816227
0.224701
-7.97081
0.760058
-0.234999
-1.95485
-0.232425
-1.53038
-0.614581
2.20171
0.39577
0.637051
3.47515
0.350765
-0.932225
1.72369
-1.16183
-24.245
1.08571
1.01564
1.03743
0.393059
-1.9204
1.65066
0.582557
-0.276521
-0.130092
1.31432
-0.907519
0.906522
0.954131
3.55978
-0.450822
0.270539
0.28856
-1.6185
-2.60585
0.823666
-0.892913
-1.75533
-0.897224
-2.77945
-15.161
1.98193
1.02034
-1.61003
2.03973
0.0471921
6.2744
1.18321
-2.57244
-0.930636
-1.13988
-1.51614
1.09319
1.43563
2.37234
1.2202
-2.86159
0.387917
-1.55501
0.945484
-3.1425
1.41916
1.32331
0.778887
-1.14399
0.950138
-3.60654
1.68041
-0.224842
0.832114
0.855948
-0.0918875
0.894229
3.58338
0.222939
0.387715
0.737724
-0.153627
5.27845
0.849776
5173.88
-5.21698
-1.73105
-0.600876
-1.03493
-1.01743
-4.56682
-0.438138
0.618045
0.310413
1.48584
-1.93232
0.383833
-0.218807
0.674527
-4.8811
1.15679
-1.87957
1.24293
0.227001
0.531855
-0.306616
0.913713
0.581241
0.601904
-0.976918
3.77147
0.230158
0.602739
-0.0902136
-0.724662
-2.18252
-2.624
-0.310017
-1.27546
0.0650297
-1.14819
13.9401
1.04666
-3.79294
0.389786
1.28262
16.4686
