1
-0.831129
0.366771
0.156949
-0.699756
0.979505
-0.926671
0.554513
0.0453983
-0.536514
0.918649
-0.983469
0.714709
-0.179222
-0.346256
0.819296
-0.999786
0.842588
-0.387054
-0.134507
0.684469
-0.975118
0.934287
-0.572224
-0.0218628
0.518233
-0.910225
0.98701
-0.729325
0.20132
0.325517
-0.807091
0.999143
-0.853669
0.407101
0.111903
-0.668854
0.970311
-0.941496
0.589642
-0.00155436
-0.499675
0.901401
-0.990127
0.743598
-0.223236
-0.30456
0.79452
-0.998071
0.864367
-0.426905
-0.0891428
0.652916
-0.965085
0.948295
-0.606761
0.0248466
0.480845
-0.89218
0.992818
-0.757524
0.244964
0.283391
-0.781585
