0
-0.289806
0.561261
-0.797956
0.987152
-1.12103
1.08926
-0.939379
0.735827
-0.4879
0.209518
0.0821787
-0.368636
0.631859
-0.85631
1.03053
-1.14823
1.05293
-0.887341
0.670172
-0.412118
0.128171
0.163941
-0.44562
0.699375
-0.910672
1.06942
-1.13687
1.01206
-0.831205
0.601266
-0.334279
0.0461746
0.244874
-0.520383
0.763517
-0.960858
1.10376
-1.10767
0.96674
-0.771167
0.529416
-0.25476
-0.0360554
0.324572
-0.592573
0.82402
-1.00672
1.13352
-1.07389
0.917079
-0.70746
0.454951
-0.173958
-0.118103
0.402639
-0.661858
0.880648
-1.04814
1.15126
-1.03556
0.863222
-0.640343
0.378221
