0
0.477762
-0.87252
1.12555
-0.986269
0.639867
-0.184409
-0.303661
0.738301
-1.04917
1.07781
-0.786213
0.364104
0.121837
-0.586198
0.949917
-1.14629
0.913703
-0.534574
0.0631049
0.419551
-0.828951
1.10211
-1.02003
0.691699
-0.24643
-0.242317
0.688304
-1.01786
1.10376
-0.831927
0.423472
0.0589026
-0.530834
0.911034
-1.14499
0.95242
-0.58983
0.126021
0.360107
-0.783087
1.07598
-1.05116
0.741561
-0.307719
-0.180253
0.636346
-0.983926
1.12701
-0.87534
0.481594
-0.0042082
-0.473924
0.86969
-1.12407
0.9886
-0.64338
0.188562
0.299598
-0.735032
1.04716
-1.07962
0.78933
-0.368096
