1
-0.456354
-0.550385
0.994539
-0.355753
-0.637111
0.9782
-0.249356
-0.715846
0.951118
-0.13797
-0.785961
0.913513
-0.02242
-0.846895
0.865692
-0.0182523
-0.898154
0.808043
0.0985414
-0.939321
0.741035
0.211458
-0.970063
0.665205
0.319667
-0.990127
0.581161
0.422357
-0.99935
0.489569
0.51874
-0.997656
0.391148
0.608065
-0.985058
0.286661
0.68963
-0.961661
0.176904
0.762786
-0.927655
0.0626959
0.826946
-0.883318
-0.055131
0.881593
-0.829011
-0.0586511
0.926284
-0.765174
-0.172999
0.960654
-0.692321
-0.282925
0.984425
-0.611038
-0.387609
0.9974
-0.521971
-0.486254
0.999474
-0.425822
-0.578096
