1
-0.265907
-0.829333
0.772788
0.360483
-0.995641
0.16725
0.87827
-0.708998
-0.450404
0.982592
-0.0650977
-0.919281
0.638372
0.535118
-0.960939
-0.0399568
0.9521
-0.56136
-0.614097
0.930822
0.0313492
-0.976513
0.478448
0.686843
-0.892439
-0.134507
0.992362
-0.390154
-0.752894
0.846038
0.234361
-0.999542
0.297025
0.811829
-0.79192
-0.330323
0.998007
-0.199626
-0.863268
0.730435
0.421814
-0.987767
0.0985414
0.906878
-0.661976
-0.508274
0.968889
0.00563791
-0.942377
0.586982
0.589167
-0.941496
0.00268359
0.969534
-0.505926
-0.663985
0.905766
0.101417
-0.988172
0.419318
0.732253
-0.861933
-0.202407
