1
0.630778
-0.155229
-0.877501
-0.927869
-0.279063
0.53232
0.993128
0.719242
-0.025994
-0.814646
-0.965234
-0.396337
0.424849
0.972582
0.796827
-0.0074378
-0.739944
-0.989213
-0.505926
0.309415
0.938574
0.862746
0.122977
-0.654153
-0.999559
-0.606761
0.187133
0.891454
0.916329
0.248289
-0.558137
-0.996165
-0.697843
0.0591551
0.831704
0.957028
0.367332
-0.45285
-0.979067
-0.77826
0.0411213
0.759935
0.984425
0.47897
-0.339329
-0.948439
-0.847201
-0.0903994
0.676874
0.998237
0.582119
-0.218673
-0.904598
-0.903964
-0.217114
0.583358
0.998324
0.67576
-0.0920264
-0.847992
-0.947969
-0.337853
0.480323
