1
-0.704393
-0.0544806
0.700918
-0.999989
0.707849
0.0490292
-0.697426
0.999954
-0.711288
-0.0435838
0.693916
-0.999897
0.714709
0.0381444
-0.690388
0.999817
-0.718112
-0.032711
0.686843
-0.999715
0.721497
0.0272838
-0.68328
0.999589
-0.724864
-0.0218628
0.6797
-0.999441
0.728212
0.0164481
-0.676102
0.99927
-0.731543
-0.0110398
0.672487
-0.999076
0.734855
0.00563791
-0.668854
0.998859
-0.738149
-0.000242607
0.665205
-0.998619
0.741424
-0.00514607
-0.661538
0.998357
-0.744681
0.0105281
0.657854
-0.998071
0.74792
-0.0159033
-0.654153
0.997763
-0.75114
0.0212716
0.650436
-0.997433
0.754341
-0.026633
-0.646701
