1
0.995491
0.981995
0.959602
0.928464
0.888791
0.84085
0.784961
0.721497
0.65088
0.573575
0.490087
0.400959
0.306759
0.208083
0.105542
-0.000242607
0.00628172
-0.0996664
-0.202407
-0.301317
-0.395785
-0.485214
-0.569034
-0.646701
-0.717707
-0.781585
-0.837911
-0.886309
-0.926455
-0.95808
-0.980969
-0.994969
-0.999986
-0.995984
-0.982992
-0.961097
-0.930446
-0.891247
-0.843763
-0.788312
-0.725264
-0.655038
-0.578096
-0.494943
-0.406117
-0.312187
-0.213746
-0.111406
-0.00578821
-0.012329
0.0937811
0.196719
0.295861
0.390595
0.480323
0.564474
0.642501
0.713895
0.778186
0.834948
0.883801
0.924419
0.95653
