1
-0.980457
0.922402
-0.827528
0.698592
-0.539302
0.354173
-0.148337
0.04177
0.177515
-0.380838
0.562724
-0.718112
0.842588
-0.932566
0.985429
-0.999633
0.974764
-0.911547
0.811829
-0.678502
0.515396
-0.327121
0.118875
-0.0110398
-0.206394
0.407101
-0.585649
0.737053
-0.857001
0.942034
-0.989675
0.998534
-0.968351
0.900008
-0.7955
0.657854
-0.491017
0.299693
-0.0891428
-0.0194829
0.234959
-0.432949
0.608065
-0.755404
0.87076
-0.9508
0.993194
-0.996703
0.961222
-0.887791
0.778549
-0.636659
0.46618
-0.271906
0.0591551
0.0497835
-0.263197
0.458368
-0.629961
0.773155
-0.883856
0.958861
-0.995984
