0
-1.12387
-0.193836
1.04229
0.382196
-0.935499
-0.559865
0.804934
0.722129
-0.653121
-0.864998
0.48356
0.985383
-0.300586
-1.08123
0.10916
1.15156
0.0853556
-1.09124
-0.277454
0.99849
0.461743
-0.881026
-0.633196
0.740769
0.787394
-0.580686
-0.920721
0.404666
1.03053
-0.217344
-1.11524
0.0238881
1.13211
0.170245
-1.05367
-0.359565
0.949917
0.538812
-0.822154
-0.703196
0.672777
0.84863
-0.505175
-0.971905
0.32359
1.07083
-0.132918
-1.14432
-0.0615146
1.10086
0.254205
-1.01122
-0.439731
0.89671
0.613011
-0.75911
-0.769538
0.601266
0.905589
-0.426965
-1.01839
0.24076
1.10623
