0
-0.646509
1.08461
-0.935499
0.389705
0.285178
-0.864998
1.12666
-0.734589
0.10916
0.552873
-1.03449
0.99849
-0.490788
-0.178117
0.787394
-1.14919
0.81645
-0.217344
-0.454427
0.976439
-1.05367
0.587573
0.069465
-0.703196
1.11228
-0.891521
0.32359
0.351987
-0.910672
1.10086
-0.679268
0.0398085
0.613011
-1.06728
0.959328
-0.426965
-0.24643
0.837532
-1.13996
0.765155
-0.148726
-0.517533
1.01426
-1.0195
0.526579
0.138679
-0.757462
1.13668
-0.844605
0.256314
0.417535
-0.953364
1.07179
-0.621598
-0.0296874
0.671009
-1.09683
0.917079
-0.36162
-0.313856
0.884866
-1.11604
0.711256
