0
0.292889
-0.566832
0.804934
-0.994163
1.12666
-1.08123
0.925687
-0.71585
0.461743
-0.178117
-0.117085
0.404666
-0.666255
0.886293
-1.05367
1.14677
-1.02653
0.84863
-0.619768
0.351987
-0.0615146
-0.232965
0.512334
-0.75911
0.959328
-1.10398
1.10623
-0.962716
0.763517
-0.517533
0.238644
0.0557212
-0.346457
0.614849
-0.844605
1.02358
-1.14499
1.05638
-0.890105
0.671009
-0.410097
0.122855
0.172383
-0.456415
0.711256
-0.922074
1.07874
-1.12866
0.997319
-0.809145
0.57189
-0.298497
0.00580084
0.287274
-0.56176
0.800705
-0.990984
1.12463
-1.08369
0.929279
-0.720427
0.467059
-0.183846
