0
0.988915
0.730865
-0.377683
-1.15203
-0.397195
0.714591
1.00021
-43.63
-4796.83
-0.746916
0.358051
1.16365
-73.9488
-6227.33
-86544.9
-267421
112284
267615
560381
-1.13927
-0.435834
1.1798
-189.171
-10197.1
-121316
-347860
130261
303241
624236
1.17257e+06
2.05186e+06
3.39327e+06
5.35874e+06
8.14427e+06
1.19832e+07
8.54945e+06
1.19493e+07
1.63531e+07
-88622.7
0.103382
-0.928296
-0.0694207
-888.011
-24809
-227580
66515.9
173100
385847
769373
1.41037e+06
2.42085e+06
3.9414e+06
6.14443e+06
9.23744e+06
1.34662e+07
9.53225e+06
1.32301e+07
-78633.7
-93548.3
-110238
-128803
-149342
-171956
