0
-1.08595
-0.383699
0.87145
0.724632
-0.566832
-0.988034
0.200113
1.15343
0.189124
-0.994163
-0.557071
0.733349
0.863917
-0.394201
-1.08123
0.0111483
1.09058
1.08528
-0.878909
-0.715851
0.576541
0.981825
-0.211084
-1.15015
-0.178117
1.00021
1.14327
0.10577
-9.63633
-72.7805
-333.714
-1143.15
-3220.3
-7881.96
-17349.9
-35148.1
-0.586198
-0.975536
0.222034
1.14677
0.167094
-1.00618
-0.537401
0.750588
1.21163
0.61387
-4.66338
-44.3903
-226.817
-831.974
-2457.35
-6227.32
-14077.8
-29127.5
-56146.8
-102137
-177029
-294514
-473022
-345050
62849.5
83097.9
108244
