0
0.728375
-1.1539
0.722129
0.00796316
-0.734589
1.15843
-0.715851
-0.0159259
0.740769
-2.93264
-582.16
-9970.8
-0.746916
1.14677
-0.703197
0.902596
-118.573
-3719.85
-35367.1
-190831
-345050
104321
208121
381588
655001
-1.13927
0.683978
0.0557201
0.0340187
-284.97
-6328.18
-51923
-258008
-444562
121289
237341
428725
727238
1.17257e+06
1.81318e+06
2.70717e+06
3.92316e+06
5.54116e+06
7.65346e+06
1.03655e+07
1.37967e+07
9.01473e+06
1.16546e+07
1.48792e+07
-80673.9
-92183.1
0.103381
-0.806504
1.18209
-15.6043
-1228.98
-16367.5
-105435
-454448
78033.7
161823
305601
536941
