0
0.991546
-0.723381
-0.391204
1.1525
-0.37467
-0.737065
0.981825
0.0175183
-0.919535
-582.16
-12512.8
-1.14726
0.358051
0.750588
-6.88571
-1155.09
-19411.7
-140612
-304132
104321
221889
427176
761977
0.0525386
-1.0195
1.1798
-76.3326
-3784.99
-43229.5
-258009
60636.5
139756
285543
533238
928739
1.53001e+06
2.4085e+06
3.65053e+06
5.35874e+06
7.65346e+06
1.06742e+07
1.45808e+07
9.75042e+06
1.28693e+07
-75297
-87456.5
-0.930264
-0.104966
1.04564
-15.6043
-1674.92
-24809
-169027
-353537
113888
239282
456417
808275
1.34954e+06
2.14799e+06
3.28596e+06
4.86167e+06
6.9907e+06
