0
-0.870379
-0.989794
-0.193836
0.728375
1.08461
0.382196
-0.566832
-1.1539
-0.559865
0.389705
1.08794
0.722129
-0.201681
-0.994163
-0.864998
0.00796314
0.875721
0.985383
0.185981
-0.734589
-1.08123
-0.37467
0.573772
1.15843
1.14495
-0.397194
-1.09124
-0.715851
0.209517
0.99849
0.85958
-0.0159257
-0.881026
-0.980932
-0.178117
0.740769
1.2015
1.08308
0.408162
-2.93264
-18.5043
-72.7805
-223.807
-582.16
-1339.27
-2804.23
-5450.08
-9970.8
-17349.9
-28941.9
-46567.6
-0.746916
-1.07434
-0.359566
0.587573
1.14677
0.538812
-0.412118
-1.09769
-0.703197
0.225159
1.00702
1.21163
