1
0.981387
0.926068
0.835581
0.992543
0.559994
0.53995
168.454
6698.93
-0.13104
-0.33352
84.3033
4694.69
48878.3
259033
949401
2.75433e+06
-0.989675
-0.943631
16.6632
2141.49
29312.1
177010
700679
2.1389e+06
5.47232e+06
1.23184e+07
2.51616e+07
4.76202e+07
4.20672e+07
-870548
-1.20131e+06
-1.61838e+06
-2.13559e+06
0.95886
1.31841
291.494
8996.93
76086.6
362635
1.24584e+06
3.4598e+06
8.27207e+06
1.76959e+07
3.47384e+07
6.36842e+07
5.48418e+07
-1.02341e+06
-1.39499e+06
-1.85956e+06
-2.43146e+06
-3.12608e+06
-3.95981e+06
-4.95011e+06
-6.11542e+06
-7.47525e+06
-9.05013e+06
-1.08616e+07
-1.29323e+07
-1.52857e+07
-1.79466e+07
-2.09406e+07
-2.42944e+07
-2.80358e+07
