1
-0.456354
-0.550385
0.994539
-0.355753
-0.637111
0.9782
-0.249356
-0.715845
2.17508
119.64
2212.34
0.913513
-0.0224202
-0.846895
2.4414
143.893
2474.76
16411.9
68160.3
214115
558241
1.27344e+06
2.62688e+06
0.665206
0.319667
-0.990127
3.1704
204.822
3076.92
19213.9
77148
237146
608984
1.3737e+06
2.80935e+06
5.32067e+06
9.47284e+06
1.60291e+07
2.59925e+07
4.06512e+07
6.16288e+07
4.51472e+07
6.51071e+07
-1.0313e+06
-1.28116e+06
-1.57387e+06
-1.91406e+06
-0.0586458
0.926282
-0.765177
6.62468
391.677
4646.46
26013.2
98089.2
289412
722021
1.59401e+06
3.20603e+06
5.99182e+06
1.05527e+07
1.76959e+07
2.84773e+07
