1
0.056299
-0.999999
-0.0544806
0.999995
0.0526628
-0.999989
-0.0508457
0.99998
0.0490293
-0.999968
-0.0472135
0.999954
0.0453984
-0.999938
0.0708692
0.999919
0.0417702
-0.999897
-0.0399571
0.999873
0.0381446
-0.999847
0.0781691
1.8482
5.48008
30.6985
142.306
487.269
1342.36
3172.39
6698.93
0.999675
0.0272843
-0.999633
-0.0254767
0.999589
0.0236697
-0.999542
0.0927981
1.86174
5.54915
31.1243
143.893
491.668
1352.5
3192.98
6737.1
13045.6
23606.2
40433.7
66181.4
104263
158984
235686
340898
482501
669906
914231
1.22851e+06
1.62787e+06
2.1298e+06
2.75433e+06
3.52427e+06
