1
-0.98108
0.924855
-0.832917
0.707849
-0.553139
0.373037
-0.172387
0.0708692
0.146612
-0.349427
0.53232
-0.690388
2.56441
46.4939
558.793
3172.39
11997.9
-0.933715
0.846038
-0.724863
0.787079
8.36338
170.28
1352.5
6168.37
20467.2
55282.1
129236
271407
524655
949401
1.62787e+06
2.6688e+06
4.2126e+06
-0.858653
0.741422
-0.593617
0.585336
6.96072
147.111
1221.65
5706.29
19213.9
52415.2
123419
260611
505952
918733
1.57979e+06
2.59619e+06
4.10634e+06
6.28561e+06
9.35235e+06
1.35744e+07
1.92762e+07
2.6846e+07
3.67438e+07
4.95097e+07
6.5773e+07
4.28202e+07
5.55356e+07
-870548
-1.02065e+06
