1
0.703236
0.056299
-0.704393
-0.999999
-0.702078
-0.0544806
0.705547
0.999995
0.700918
0.0526628
-0.706699
-0.999989
-0.699756
-0.0508458
0.707849
0.99998
0.698592
0.0490293
-0.708998
-0.999968
-0.697426
-0.0472136
0.710144
0.999954
0.696258
0.0453985
-0.711288
-0.999938
-0.695088
0.0708691
0.992543
0.999919
0.693916
0.0417703
-0.713571
-0.999897
-0.692742
-0.0399572
0.714709
0.999873
0.691566
0.0381448
-0.715845
-0.999847
-0.690388
0.0781689
0.99983
1.8482
2.89274
5.48008
12.7803
30.6985
68.9507
142.306
271.992
487.268
827.16
1342.36
2097.3
3172.38
4666.36
6698.92
9413.41
