1
-0.265907
-0.829333
0.772788
0.360483
-0.995641
0.16725
0.87827
-0.708998
-0.450404
0.982592
-0.0650976
-0.919281
0.879337
0.535118
-0.960939
-0.039957
0.9521
-0.56136
-0.614097
1.43396
4.98618
37.8749
215.096
827.161
2458.07
6132.88
0.992362
-0.390154
-0.752895
0.846038
0.234362
-0.999542
0.438441
2.58366
14.489
101.264
458.602
1516.92
4075.12
9463.97
19739.1
37903.6
68160.3
116194
189481
297633
452768
669906
967403
1.36741e+06
1.89637e+06
2.5855e+06
3.47141e+06
0.969535
-0.505924
-0.663986
0.905765
0.10142
-0.988173
0.585336
2.78465
16.6632
113.355
