1
-0.365201
-0.702078
0.924855
0.0526628
-0.921782
0.707849
0.357331
-0.999968
0.373037
0.696258
-0.927869
0.0708692
0.918649
-0.713571
-0.349427
0.999873
-0.380838
-0.690388
1.43396
5.48008
46.4939
271.992
1059.17
3172.39
7960.97
0.68447
-0.933715
-0.0254767
0.912205
-0.724863
-0.333521
1.86174
8.36338
69.8127
370.223
1352.5
3884.27
9463.97
20467.2
40433.7
74393.7
129236
214115
340898
524655
784186
1.14259e+06
1.62787e+06
2.2736e+06
3.11958e+06
4.2126e+06
-0.0015527
-0.902095
0.741423
0.309417
-0.998447
0.585337
2.96583
20.778
147.111
655.38
2141.49
5706.3
