1
-0.0544806
-0.999989
0.0490293
0.999954
0.0708692
-0.999897
0.0381445
1.8482
142.306
3172.39
0.0272842
0.999589
0.0927983
31.1243
1352.5
13045.6
66181.5
235686
669906
1.62787e+06
3.52427e+06
-0.998619
-0.00514433
1.88892
147.111
3234.51
23822.9
105005
342881
918733
2.1389e+06
4.48234e+06
8.65592e+06
1.56574e+07
2.6846e+07
4.4021e+07
3.44851e+07
5.27688e+07
-928448
-1.18937e+06
-1.50174e+06
-1.87191e+06
-0.0586448
0.99448
0.181304
33.7922
1414.67
13447.1
67718.1
240088
680380
1.64977e+06
3.56588e+06
7.05557e+06
1.30154e+07
2.26799e+07
3.76973e+07
6.02133e+07
4.6155e+07
-854271
-1.09989e+06
-1.39499e+06
-1.7458e+06
