1
0.366771
-0.699756
-0.926671
0.0453983
0.918649
0.714709
-0.346256
30.6985
1685.24
0.684469
0.934287
0.0927986
47.1081
2111.95
20467.2
104263
372547
1.06173e+06
2.5855e+06
-0.0015535
0.901401
1.0434
103.663
3234.51
27376.9
130123
445669
1.23426e+06
2.94409e+06
6.28561e+06
1.23184e+07
2.25501e+07
3.90487e+07
6.4566e+07
5.09888e+07
-928448
-1.21335e+06
-1.55924e+06
-1.97426e+06
-0.994645
-0.465759
3.06884
391.678
6969.92
47050.5
197959
627983
1.64977e+06
3.78619e+06
7.84858e+06
1.50275e+07
2.6996e+07
4.60252e+07
3.72731e+07
5.86778e+07
-1.01282e+06
-1.31624e+06
-1.68319e+06
-2.12196e+06
-2.64135e+06
-3.2507e+06
-3.95981e+06
-4.77904e+06
