1
0.705547
-0.0508457
-0.697426
-0.999938
-0.713571
0.0381445
2.89274
487.269
9413.41
-0.0254764
-0.680895
31.1243
2111.95
23606.2
129236
482501
1.41652e+06
3.52427e+06
-0.663985
-0.998447
13.3449
1372.97
17852.7
105005
408897
1.23426e+06
3.13207e+06
7.00652e+06
1.42414e+07
2.6846e+07
4.76202e+07
3.98737e+07
6.45713e+07
-1.09698e+06
-1.44584e+06
-1.87191e+06
-0.774179
-0.0621891
3.06884
518.756
9772.05
67718.1
289412
927793
2.45589e+06
5.66842e+06
1.18029e+07
2.26799e+07
4.08632e+07
3.46498e+07
5.67328e+07
-1.01282e+06
-1.34211e+06
-1.7458e+06
-2.23433e+06
-2.81882e+06
-3.51107e+06
-4.32359e+06
-5.26955e+06
-6.36281e+06
-7.61793e+06
-9.05013e+06
-1.06753e+07
