1
-0.980457
0.922402
-0.827528
0.698592
-0.539302
0.354173
-0.148337
0.0417701
0.177515
-0.380838
0.772134
12.7803
316.444
2589.12
11997.9
-0.999633
0.974764
-0.911547
2.58366
69.8127
944.803
5639.91
21990.4
66181.5
167248
372547
754201
1.41652e+06
2.50438e+06
4.2126e+06
-0.989675
0.998534
-0.968351
2.34395
58.9866
847.712
5211
20659.8
62851
160037
358489
728889
1.3737e+06
2.43551e+06
4.10634e+06
6.63792e+06
1.0353e+07
1.56574e+07
2.30535e+07
3.31542e+07
4.66982e+07
6.4566e+07
4.35845e+07
5.84223e+07
-918603
-1.09698e+06
-1.30014e+06
-1.53029e+06
-1.7897e+06
-2.08076e+06
-0.883854
0.95886
-0.995984
