-0.00443095
-0.00272486
0.00970673
0.0259523
0.0319609
0.0310681
0.0324541
0.0425894
0.0389729
0.0533407
0.0538703
0.0501732
0.0455137
0.0366469
0.0381387
0.0344473
0.036295
0.0280206
0.0421876
0.0436881
0.0493798
0.0618221
0.0689619
0.0806272
0.104793
0.111167
0.119813
0.13335
0.137674
0.124605
0.12143
0.114992
0.0920103
0.0776315
0.0520182
0.0218172
0.00136518
-0.0137891
-0.0377182
-0.0584483
-0.0761738
-0.0918813
-0.0908921
-0.102794
-0.0999041
-0.108876
-0.107006
-0.109471
-0.0975644
-0.0901922
-0.099019
-0.07866
-0.0712202
-0.0724592
-0.0610826
-0.0513899
-0.0388133
-0.0411042
-0.0244795
-0.0282262
-0.0206028
-0.0105558
-0.00235509
0.00497652
0.00466683
0.00330135
0.00948708
0.0228353
0.0105533
0.00711515
-0.00492217
-0.0202421
-0.0251018
-0.0395823
-0.0606072
-0.0721596
-0.0650326
-0.0786515
-0.0815731
-0.0713406
-0.0666423
-0.0590539
-0.0420369
-0.0369831
-0.0124146
0.0045455
0.0231256
0.0327136
0.0567534
0.076442
0.0902825
0.0992099
0.0993548
0.112899
0.113563
0.128348
0.143873
0.160934
0.17198
0.171142
