0
4.03519
-0.322431
-3.8417
-4.59974
2.62351
-0.401085
6.13073
-4.92228
0.235292
-3.2243
-1.28331
-7.36607
0.393722
-1.36837
4.80944
4.0634
-2.85828
-1.63364
-3.96467
0.231037
0.408368
-1.63041
-0.17178
-5.59191
5.40256
-5.82298
-3.45784
1.99603
-1.45093
-4.86818
0.877188
0.152329
-1.14795
4.51866
1.46299
-2.89748
2.64842
6.28428
-5.22864
5.85699
-0.0765245
1.60891
-0.318752
0.0602853
3.99548
2.04078
3.07931
-3.72025
-5.28186
1.75583
-0.586026
7.79577
1.33966
3.37445
0.277892
5.44548
-6.33436
-0.478541
-3.34466
4.10027
4.36708
0.802665
-4.16052
