0
-2.45892
0.519088
-0.3945
0.124465
-0.00424206
0.0515453
0.0127445
0.0085078
0.0387905
0.0121456
0.00486478
0.0163284
0.0314316
0.0156429
-0.0081201
0.00726508
0.0092106
0.0016955
0.00290163
0.00159661
0.0461916
0.0127896
0.00186307
0.00280584
0.000389036
-0.00359223
0.00100812
0.00250318
0.00726721
0.00197008
-0.001181
0
0.001181
-0.00197008
-0.00726721
-0.00250318
-0.00100812
0.00359223
-0.000389036
-0.00280584
-0.00186307
-0.0127896
-0.0461916
-0.00159661
-0.00290163
-0.0016955
-0.0092106
-0.00726508
0.0081201
-0.0156429
-0.0314316
-0.0163284
-0.00486478
-0.0121456
-0.0387905
-0.0085078
-0.0127445
-0.0515453
0.00424206
-0.124465
0.3945
-0.519088
2.45892
