-4.2089
1.51996
-0.640089
-4.42184
2.34818
5.602
7.25132
4.58301
-1.54798
-2.49394
0.647172
0.998145
-4.43095
-1.13057
-6.88107
2.87912
-0.435993
0.37954
-2.7747
-0.258335
-4.13474
-0.797401
-0.575348
2.90985
-4.33703
-1.92887
-3.84279
3.78812
6.37447
-0.117363
0.136959
-1.6866
-5.37604
-1.69756
0.236456
-0.0725338
6.45497
3.73303
-3.83572
-1.98429
-4.50344
2.91002
-0.562475
-0.752687
-4.24555
-0.247805
-2.7747
0.424384
-0.694254
2.88981
-6.9119
-1.13051
-4.40993
0.998238
0.746881
-2.48336
-1.77532
4.58254
7.23575
5.55706
2.36329
-4.43234
-0.512996
1.50917
