-0.246753
0.927604
0.400625
0.258924
-0.690148
-0.715409
-0.884929
0.876563
0.24806
0.330232
-1.02212
0.916438
0.660219
-0.639278
-0.726658
-0.628343
-0.446805
-0.0114672
-0.160272
-0.455544
0.25726
-0.843178
-0.389621
-0.236217
-0.0964503
0.608564
-0.628307
0.109612
0.230064
-0.997442
0.196855
-0.726006
-0.867456
0.989371
0.935562
0.716398
-0.416969
-0.891373
0.402204
-0.123569
-0.736935
-0.0532813
-0.934718
0.935278
-0.51231
0.330545
-0.370849
0.108757
0.152175
-0.6445
1.01395
0.629748
0.871372
0.788694
0.252333
0.873199
-0.872167
-0.73304
-0.900485
-0.346296
-0.193964
-0.482472
0.667258
-0.292209
