0.0703291
0.0117464
0.0265335
0.0299689
0.0475373
0.0440523
0.0533378
0.0516052
0.0680491
0.0530674
0.0569892
0.0487952
0.0559674
0.0433417
0.0451521
0.0376443
0.0949353
0.0391574
0.0470389
0.0464818
0.0619015
0.0606762
0.0763779
0.0809745
0.108854
0.107161
0.123672
0.125868
0.135751
0.123129
0.123123
0.108428
0.0703291
0.0732991
0.05779
0.0313637
0.0195098
-0.0109882
-0.0264978
-0.0490922
-0.0494536
-0.0781829
-0.0821887
-0.0948511
-0.0903105
-0.102913
-0.0978703
-0.0994971
-0.0379897
-0.0905967
-0.0799665
-0.0782019
-0.0612969
-0.0647326
-0.0533597
-0.0518947
-0.0292517
-0.0376625
-0.0259274
-0.0228354
-0.00451547
-0.00592783
0.00678515
0.00779691
