0
-0.090533
-0.0735348
-0.778392
-0.793667
-0.822771
-0.151184
3.08606
0.0551798
0.759291
1.40424
-0.199375
-8.67949
22.5717
6.69827
4.12678
-0.33157
-1.59607
0.474408
-3.46654
1.0526
0.495853
-0.310023
-0.880157
1.06605
-4.20142
2.50917
1.35262
1.82778
1.30098
0.624128
-0.0454356
0.257775
0.820079
0.91478
0.610963
0.448041
0.211174
0.124498
0.542338
0.567829
0.284538
0.263622
0.376917
0.18998
0.516682
0.449643
0.351734
0.379312
0.378765
0.316276
0.395361
0.360534
0.323201
0.330812
0.307534
0.2881
0.332756
0.299818
0.264288
0.261621
0.253019
0.256721
0.249756
0.265953
0.241211
0.23425
0.226481
0.243967
0.201418
0.253799
0.194902
0.21166
0.216312
0.206413
0.156161
0.232996
0.190126
0.177161
0.167715
0.164881
0.147673
0.215922
0.145227
0.165926
0.145186
0.135925
0.158116
0.227864
0.035867
0.0734412
0.139951
0.173858
0.184648
0.128279
0.229991
0.143872
0.158265
0.140306
0.133788
0.0953712
0.159844
0.0965896
0.105415
0.107161
0.116471
0.10668
0.146487
0.0992059
0.127097
0.113483
0.0866808
0.120943
0.134477
0.0980119
0.0682828
0.0738392
0.0842188
0.168283
0.0972872
0.15608
-0.200753
0.049963
0.100807
0.095177
0.0928395
0.0915393
0.0883206
0.0911384
0.088079
0.0869682
0.083701
0.0871524
0.0849189
0.0830413
0.0792539
0.0828267
0.0797254
0.0786849
0.0758691
0.0787802
0.0750807
0.0739833
0.0709106
0.074725
0.0722975
0.0705168
0.0671976
0.0750343
0.0696335
0.0657629
0.0635664
0.0677468
0.0647551
0.0633394
0.0601608
0.0640725
0.0611271
0.0600267
0.0567715
0.0611225
0.060582
0.0582976
0.0526283
0.0586428
0.0529296
0.0596188
0.0489052
0.0543477
0.048663
0.0499573
0.0463655
0.0492585
0.0449803
0.0449406
0.0206802
0.0491018
0.0495332
0.0444154
0.0449081
0.0438053
0.0419523
0.039077
0.0367987
0.042715
0.0437168
0.0379712
0.0348459
0.0375718
0.0352083
0.0329885
0.0306391
0.037104
0.0343638
0.0329639
0.0302968
0.0342116
0.029824
0.0277143
0.0244576
0.0317341
0.0317411
0.0228967
0.0242695
0.0273556
0.0250199
0.0237855
0.0202031
0.0272019
0.0248912
0.0237831
0.0203246
0.0232175
0.0197397
0.0177432
0.0144581
0.0232998
0.019213
0.0183787
0.0142885
0.0169494
0.0140632
0.0126874
0.0109568
0.0179236
0.0150235
0.0108589
0.0112825
0.0128724
0.0155146
0.00709696
0.00358817
0.0134749
0.0105074
0.00780113
0.00624616
0.00761035
0.0049227
0.00310651
-0.000708587
0.0090932
0.00605959
0.0040111
0.000976428
0.00313825
-0.000261351
-0.00200048
-0.00555895
0.00451016
0.00138931
-0.000632927
-0.00350606
-0.0020469
-0.004786
-0.0069433
-0.00991295
0
-0.00297994
-0.0050613
-0.00806353
-0.00625084
-0.00954532
-0.0119308
-0.0144943
-0.00451016
-0.00675615
-0.00904928
-0.0124562
-0.0111559
-0.0144324
-0.0166552
-0.0191648
-0.0090932
-0.012024
-0.014318
-0.0172198
-0.0155368
-0.0204419
-0.0195125
-0.0246574
-0.0134749
-0.0158569
-0.0187346
-0.0267125
-0.020672
-0.0228787
-0.0255338
-0.0298368
-0.0179236
-0.0228931
-0.0229059
-0.027022
-0.0253003
-0.0287992
-0.0317655
-0.0331506
-0.0232998
-0.0259167
-0.0282739
-0.0315003
-0.0308064
-0.0334954
-0.0371783
-0.0388857
-0.0272019
-0.0302089
-0.0314326
-0.0356604
-0.0347134
-0.0378384
-0.0385849
-0.045805
-0.0317341
-0.0350583
-0.038737
-0.0404934
-0.0410498
-0.0435119
-0.0458063
-0.0488856
-0.037104
-0.0402924
-0.0429419
-0.0459676
-0.0451513
-0.0485991
-0.0514879
-0.0578539
-0.0428429
-0.0460909
-0.0480266
-0.0516605
-0.0505248
-0.0592135
-0.0580879
-0.0636177
-0.0491018
-0.0310797
-0.0530965
-0.0556166
-0.0553275
-0.0621244
-0.0632753
-0.0683379
-0.0555518
-0.057602
-0.0673748
-0.0618902
-0.066075
-0.0663395
-0.0750871
-0.0741999
-0.0611225
-0.0656618
-0.0659006
-0.0721799
-0.070335
-0.0753886
-0.0763538
-0.0815929
-0.0699351
-0.0711097
-0.075056
-0.0788256
-0.0851319
-0.0827572
-0.0862911
-0.0872562
-0.074725
-0.0805807
-0.0811403
-0.0865859
-0.0851622
-0.0914237
-0.0912964
-0.0970034
-0.085755
-0.0864641
-0.0919769
-0.0934732
-0.0963202
-0.096169
-0.101434
-0.101699
-0.0911384
-0.0973354
-0.0970707
-0.102909
-0.0993019
-0.110657
-0.0550148
0.178524
-0.160776
-0.105709
-0.180894
-0.0936174
-0.0836592
-0.0800723
-0.121546
-0.154213
-0.120943
-0.0979698
-0.120327
-0.140747
-0.108375
-0.164487
-0.121632
-0.132152
-0.112179
-0.112582
-0.110393
-0.171633
-0.107227
-0.149499
-0.16136
-0.178345
-0.143872
-0.241661
-0.132421
-0.196394
-0.18043
-0.152656
-0.0814023
-0.0685469
-0.235336
-0.164562
-0.148474
-0.155816
-0.179678
-0.160191
-0.236134
-0.165033
-0.164881
-0.179717
-0.183585
-0.209603
-0.242061
-0.178113
-0.224444
-0.242047
-0.21962
-0.200512
-0.269884
-0.212499
-0.260643
-0.240256
-0.255975
-0.262395
-0.265953
-0.261301
-0.262973
-0.267829
-0.271216
-0.285282
-0.315493
-0.349013
-0.295501
-0.311975
-0.344137
-0.333192
-0.371853
-0.3994
-0.329349
-0.393073
-0.379312
-0.361841
-0.453043
-0.514702
-0.193417
-0.393525
-0.278131
-0.305512
-0.571498
-0.542816
-0.125432
-0.231738
-0.47668
-0.631265
-0.926733
-0.811718
-0.257775
0.0216866
-0.641276
-1.34687
-1.84708
-1.31506
-2.2562
4.39807
-1.08088
0.861597
0.265426
-0.513067
-0.984998
3.47522
-0.758265
1.29994
0.33157
-4.47116
-6.99793
-22.0745
9.29903
0.742956
-1.26656
-0.685821
-0.0450096
-3.11724
1.0979
1.13914
1.32171
1.04222
0.546682
0.4317
