-0.00365727
0.00671386
0.0162554
0.0250172
0.0328167
0.0388736
0.0427357
0.0455731
0.0477471
0.0483658
0.0469359
0.0441057
0.0411317
0.0382116
0.0350427
0.0324613
0.0318966
0.0336351
0.0366881
0.0408856
0.0471932
0.0558573
0.0657546
0.0761436
0.0881416
0.1017
0.11345
0.119916
0.120719
0.117991
0.112685
0.102849
0.087209
0.067888
0.047327
0.0262178
0.00456102
-0.0167816
-0.036587
-0.0543083
-0.0698383
-0.0829595
-0.0926023
-0.0995771
-0.105139
-0.10837
-0.107991
-0.104541
-0.0999423
-0.0953116
-0.0899122
-0.0831399
-0.075889
-0.0694629
-0.0632416
-0.0565892
-0.0499729
-0.0435344
-0.0365191
-0.0283203
-0.0193144
-0.0110014
-0.00371723
0.00293286
0.00856778
0.0124132
0.0145358
0.0150924
0.0129062
0.00697348
-0.00198396
-0.0123177
-0.0228763
-0.034145
-0.0455506
-0.0548512
-0.0611259
-0.064906
-0.0663879
-0.0643732
-0.0585152
-0.0498172
-0.0388644
-0.0252042
-0.00898529
0.00778829
0.0229646
0.0380042
0.0537827
0.0684161
0.0795877
0.0885093
0.0988095
0.109905
0.118644
0.125964
0.136868
0.151838
0.164001
0.167706
0.165296
0.162126
0.157498
0.146019
0.126675
0.104557
0.0826987
0.0590878
0.0335196
0.00884592
-0.0126545
-0.0333953
-0.054888
-0.0738656
-0.087015
-0.0973344
-0.108107
-0.11807
-0.123152
-0.123244
-0.122242
-0.121994
-0.120055
-0.11538
-0.110444
-0.106312
-0.100527
-0.0921273
-0.0834963
-0.0764676
-0.0685195
-0.0566152
-0.0423964
-0.0301059
-0.0196201
-0.00791677
0.00531284
0.016955
0.0255194
0.0320085
0.0373603
0.0401964
0.0392202
0.0357739
0.0310814
0.0241995
0.0148393
0.00476916
-0.00436321
-0.0133647
-0.0233956
-0.0330154
-0.0399136
-0.0443007
-0.0476277
-0.0496768
-0.0491681
-0.0458762
-0.0412778
-0.0361452
-0.0292045
-0.0204144
-0.0115218
-0.00338008
0.00485625
0.0131428
0.0204968
0.0257167
0.0295449
0.0328346
0.0358484
0.0386594
0.0413616
0.0440132
0.0464427
0.0491886
0.053672
0.0587707
0.0628753
0.0665667
0.0720077
0.0795779
0.0866557
0.0930564
0.102656
0.117607
0.132817
0.140746
0.141299
0.139581
0.137125
0.128564
0.110335
0.0871144
0.0635495
0.0392261
0.0119015
-0.0157098
-0.0408035
-0.0629175
-0.0842795
-0.104269
-0.118673
-0.127711
-0.13545
-0.142661
-0.145558
-0.142542
-0.137157
-0.132833
-0.12849
-0.121053
-0.112228
-0.104482
-0.0966287
-0.0858902
-0.0737358
-0.0627745
-0.0519289
-0.037149
-0.0193104
-0.00210432
0.0122277
0.0263564
0.0421315
0.0556736
0.06433
0.0691579
0.0726964
0.0732189
0.0681267
0.0586195
0.0473143
0.034081
0.0174439
-0.00107641
-0.0180345
-0.0328639
-0.0477157
-0.0616759
-0.0715361
-0.0756995
-0.0768717
-0.0764971
-0.0722014
-0.0626729
-0.0507894
-0.0382084
-0.0238454
-0.00640617
0.0102077
0.0233491
0.0345305
0.0460533
0.0564605
0.0617176
0.0635795
0.0664258
0.0711434
0.0745619
0.0762906
0.0817737
0.0919273
0.101813
0.109175
0.120007
0.139106
0.160096
0.172508
0.174633
0.173326
0.171375
0.161676
0.141173
0.113296
0.0831455
0.05217
0.0172159
-0.0184606
-0.0517425
-0.0808017
-0.108508
-0.132779
-0.148858
-0.159083
-0.167107
-0.173561
-0.173916
-0.166924
-0.157073
-0.1486
-0.140164
-0.129712
-0.118173
-0.107647
-0.0969575
-0.0853546
-0.0736265
-0.0630257
-0.0521508
-0.0372142
-0.0202328
-0.00439198
0.00923989
0.0241358
0.0403687
0.0536081
0.0622981
0.0675939
0.0712395
0.0710027
0.0649044
0.0546638
0.0422263
0.0262794
0.00667221
-0.0142383
-0.0326946
-0.0492673
-0.0662739
-0.0817993
-0.0923382
-0.0971841
-0.0990299
-0.0982552
-0.0919844
-0.0807479
-0.0668448
-0.0512182
-0.0328928
-0.0109692
0.0091357
0.0259519
0.0412761
0.0582547
0.0741168
0.0838769
0.0902347
0.0978938
0.107861
0.115201
0.1199
0.126623
0.135626
0.143881
0.150478
0.160467
0.17619
0.191086
0.197317
0.1957
0.190952
0.182999
0.164952
0.136451
0.10079
0.0643448
0.0250102
-0.0180387
-0.0586958
-0.0954167
-0.127417
-0.156427
-0.177296
-0.188586
-0.194694
-0.19882
-0.199885
-0.192628
-0.178083
-0.163057
-0.150624
-0.137017
-0.120455
-0.102576
-0.086835
-0.0719434
-0.0571866
-0.0428863
-0.0310477
-0.0186013
-0.00358096
0.0112686
0.0239917
0.0344685
0.0455516
0.0557931
0.062634
0.0655309
0.0656019
0.0624717
0.0545637
0.0422413
0.0274805
0.0101843
-0.0111763
-0.034372
-0.0552443
-0.072143
-0.0891276
-0.106225
-0.118701
-0.122861
-0.12073
-0.115517
-0.107102
-0.0924762
-0.0737661
-0.0526251
-0.0299947
-0.00435466
0.0218737
0.0432316
0.0627708
0.0832467
0.104243
0.118792
0.127874
0.138101
0.150678
0.160456
0.163216
0.165021
0.170573
0.17678
0.179515
0.182798
0.193488
0.20809
0.214819
0.2111
0.202303
0.192043
0.173395
0.139999
0.0992488
0.0561615
0.0125531
-0.0363994
-0.0822654
-0.121455
-0.154962
-0.18415
-0.208392
-0.220545
-0.223495
-0.223754
-0.222714
-0.214032
-0.19566
-0.174884
-0.158065
-0.14155
-0.122064
-0.101074
-0.0824405
-0.0663768
-0.048675
-0.0323269
-0.0194498
-0.00820785
0.00690241
0.0228151
0.0339486
0.0390538
0.0432733
0.0498417
0.0539979
0.0513536
0.0435769
0.0344017
0.0229629
0.00843413
-0.00853353
-0.0264501
-0.0464723
-0.0675359
-0.0858803
-0.0987172
-0.108601
-0.119096
-0.127313
-0.12665
-0.117454
-0.104039
-0.0903062
-0.0722869
-0.0479035
-0.0216976
0.00481848
0.029781
0.0551595
0.0775222
0.0963775
0.115082
0.132794
0.147705
0.157376
0.166828
0.178091
0.188361
0.192896
0.192903
0.193726
0.195992
0.196364
0.195963
0.200079
0.207203
0.209944
0.202975
0.190872
0.174277
0.151123
0.113959
0.0683244
0.0216949
-0.0266114
-0.0754394
-0.125456
-0.167746
-0.201761
-0.226815
-0.245823
-0.255768
-0.254779
-0.248028
-0.23778
-0.220935
-0.195789
-0.168206
-0.143337
-0.121453
-0.0968058
-0.0711138
-0.0492072
-0.0343352
-0.0207511
-0.00701338
0.00454487
0.0132706
0.0206409
0.0291745
0.0360746
0.0395836
0.0404645
0.0406957
0.0375792
0.0283485
0.015124
0.00215875
-0.0115574
-0.0293825
-0.0512767
-0.0735125
-0.0919847
-0.107569
-0.121463
-0.132229
-0.138102
-0.138406
-0.131959
-0.119167
-0.100138
-0.0793673
-0.0557201
-0.028615
0.00355467
0.033421
0.0594649
0.0824141
0.103736
0.125024
0.141515
0.153804
0.163001
0.172576
0.184449
0.195399
0.203246
0.206504
0.208299
0.210813
0.212428
0.209675
0.204437
0.20295
0.208995
0.214232
0.209511
0.19223
0.171981
0.148017
0.11434
0.0687688
0.0122268
-0.0418985
-0.0943693
-0.143863
-0.189435
-0.229539
-0.25806
-0.276496
-0.282
-0.275868
-0.261543
-0.243371
-0.220403
-0.189929
-0.153646
-0.121429
-0.0945553
-0.069931
-0.045223
-0.0223869
-0.00715814
0.00357533
0.0128102
0.0213516
0.0260754
0.0286562
0.0307982
0.03104
0.0273804
0.0208891
0.0143249
0.00658735
-0.00768264
-0.0277116
-0.0480788
-0.0653917
-0.0813059
-0.0996003
-0.118257
-0.132744
-0.140665
-0.142816
-0.139154
-0.131507
-0.120296
-0.106002
-0.0843766
-0.0579443
-0.0283163
-0.000804891
0.0250263
0.0542529
0.0827901
0.107956
0.125494
0.139491
0.150782
0.16096
0.168038
0.171784
0.175912
0.181088
0.186646
0.190275
0.191865
0.192079
0.191688
0.190868
0.190039
0.190565
0.196415
0.206749
0.216016
0.217312
0.204809
0.184454
0.156837
0.12015
0.0674394
0.00728694
-0.0562606
-0.116601
-0.170716
-0.221381
-0.259871
-0.285288
-0.29547
-0.291743
-0.276401
-0.252558
-0.224203
-0.192957
-0.156901
-0.119283
-0.0853588
-0.0603561
-0.043014
-0.0267056
-0.0121224
-0.00203288
0.00091641
0.00107207
0.0023963
0.00529631
0.00715949
0.0075751
0.00753183
0.00576908
0.000451557
-0.00833467
-0.0201302
-0.0368659
-0.0592626
-0.0852177
-0.108526
-0.127172
-0.144167
-0.160838
-0.171801
-0.171499
-0.159075
-0.141708
-0.120721
-0.0946658
-0.0622108
-0.0232802
0.0129604
0.0469607
0.0764535
0.102853
0.123145
0.139799
0.150769
0.154405
0.153242
0.150169
0.149365
0.149105
0.148155
0.148372
0.153695
0.161484
0.166264
0.168344
0.171946
0.177658
0.180909
0.1802
0.18212
0.194582
0.212325
0.222874
0.217912
0.204867
0.186191
0.159774
0.118538
0.0592008
-0.00535855
-0.070164
-0.129379
-0.185788
-0.231435
-0.268827
-0.292818
-0.297289
-0.283763
-0.259544
-0.233462
-0.205486
-0.170161
-0.126933
-0.088197
-0.0611861
-0.0449368
-0.0315197
-0.0194951
-0.0119634
-0.0122119
-0.0178366
-0.0226499
-0.0236013
-0.0210422
-0.0189408
-0.020754
-0.0262138
-0.032043
-0.0366098
-0.0434237
-0.058367
-0.0808789
-0.104188
-0.121422
-0.133548
-0.145179
-0.157428
-0.164656
-0.160387
-0.142134
-0.118755
-0.0939859
-0.0679144
-0.0383108
-0.00148564
0.0347883
0.065727
0.0880789
0.108141
0.125183
0.140401
0.148298
0.146382
0.140493
0.135045
0.131813
0.12875
0.125887
0.126823
0.132266
0.140944
0.149446
0.157195
0.165378
0.175158
0.184125
0.18909
0.191718
0.200846
0.220733
0.243991
0.255368
0.245356
0.223437
0.197507
0.164436
0.106363
0.0306824
-0.0515943
-0.121543
-0.17828
-0.233661
-0.285175
-0.322708
-0.332393
-0.315339
-0.282743
-0.248202
-0.212358
-0.169361
-0.116639
-0.0649551
-0.0266735
-0.00812372
-0.00144631
0.00538545
0.0114187
0.00784845
-0.0100896
-0.0333488
-0.0466751
-0.0474485
-0.0465968
-0.0532726
-0.0651828
-0.0727193
-0.0729662
-0.0734867
-0.0834202
-0.103522
-0.126344
-0.142389
-0.149091
-0.151427
-0.156611
-0.160853
-0.15444
-0.131333
-0.0957028
-0.0626665
-0.0352619
-0.0084729
0.0267794
0.0616217
0.0895575
0.105148
0.111548
0.118168
0.126654
0.133081
0.130148
0.119257
0.107394
0.104565
0.109262
0.112964
0.113528
0.117002
0.130067
0.147783
0.159574
0.163172
0.165793
0.174523
0.185807
0.194068
0.202612
0.220766
0.249832
0.276773
0.284125
0.272254
0.244913
0.206615
0.152886
0.0750405
-0.016039
-0.109148
-0.190185
-0.260324
-0.310852
-0.346631
-0.35918
-0.342553
-0.300217
-0.245346
-0.189623
-0.13635
-0.0808641
-0.0301105
0.00821088
0.0264995
0.0263243
0.0169116
0.00527634
-0.00932344
-0.0299197
-0.0539171
-0.0743348
-0.0840373
-0.0859498
-0.0871205
-0.0919378
-0.0981369
-0.102433
-0.105919
-0.113971
-0.130144
-0.151227
-0.1685
-0.175661
-0.172807
-0.16495
-0.15276
-0.132794
-0.101922
-0.05873
-0.018275
0.0159591
0.0425499
0.06471
0.0850111
0.0976267
0.100092
0.0942691
0.0885662
0.0843808
0.0819007
0.0777593
0.0726076
0.0718838
0.0771884
0.0874164
0.0998558
0.11714
0.137613
0.159616
0.176337
0.183984
0.185933
0.187439
0.191182
0.195054
0.197202
0.201122
0.215251
0.243701
0.281072
0.30919
0.312287
0.286696
0.240738
0.181805
0.0965028
-0.00741514
-0.125753
-0.230707
-0.307848
-0.357569
-0.393117
-0.408159
-0.384582
-0.317094
-0.229997
-0.148312
-0.0797404
-0.0167683
0.04273
0.0841803
0.095545
0.0770926
0.0407078
0.00252135
-0.033587
-0.0700711
-0.107294
-0.138338
-0.14993
-0.140207
-0.121855
-0.111387
-0.112005
-0.113671
-0.110328
-0.110552
-0.126641
-0.156587
-0.183752
-0.195118
-0.190159
-0.173455
-0.15305
-0.122869
-0.0800309
-0.026503
0.0238171
0.0615751
0.0848361
0.0993539
0.112373
0.114342
0.101607
0.0779465
0.0566063
0.0464268
0.0420855
0.0367327
0.0323215
0.0374517
0.0504487
0.0685425
0.0876319
0.107621
0.128685
0.148594
0.168717
0.186142
0.193792
0.187019
0.179932
0.188403
0.208694
0.221723
0.22422
0.24021
0.286049
0.337409
0.34865
0.315308
0.264441
0.216386
0.148069
0.0377678
-0.103349
-0.229864
-0.311661
-0.364254
-0.396218
-0.40995
-0.38383
-0.309116
-0.20639
-0.105921
-0.0272794
0.0287287
0.0741506
0.107469
0.115434
0.082249
0.0167256
-0.0501405
-0.0919965
-0.117875
-0.14934
-0.185859
-0.197296
-0.171266
-0.128666
-0.1032
-0.102819
-0.108194
-0.105338
-0.104734
-0.124011
-0.162807
-0.199419
-0.212972
-0.201645
-0.175897
-0.146944
-0.111367
-0.0613138
0.00225719
0.0653187
0.0987088
0.104613
0.098624
0.0944428
0.0848436
0.0573914
0.0178231
-0.00954876
-0.00829038
0.0069109
0.016985
0.021024
0.0361891
0.0699749
0.104359
0.122167
0.126325
0.1363
0.15417
0.17128
0.176001
0.171142
0.169188
0.177241
0.19394
0.212557
0.227888
0.241823
0.265637
0.305484
0.347969
0.363608
0.337115
0.279813
0.21323
0.135395
0.0185181
-0.118236
-0.248176
-0.332181
-0.369516
-0.380586
-0.375895
-0.337883
-0.25406
-0.140319
-0.0401254
0.0290592
0.0732334
0.103579
0.115677
0.0977226
0.0461304
-0.0249492
-0.0951703
-0.141473
-0.168774
-0.187662
-0.201533
-0.198462
-0.168294
-0.124581
-0.0968488
-0.0991467
-0.116644
-0.128173
-0.136125
-0.159189
-0.199601
-0.231989
-0.231368
-0.200101
-0.153972
-0.111343
-0.0629865
-0.00381893
0.0550062
0.0955248
0.105102
0.0901532
0.0644635
0.0400183
0.0190287
-0.0059218
-0.0312284
-0.0410292
-0.0209217
0.0184253
0.051421
0.0665725
0.0784739
0.105387
0.129946
0.130988
0.109878
0.0973034
0.111707
0.137731
0.151044
0.154001
0.171726
0.208971
0.248541
0.270024
0.275411
0.279143
0.288954
0.301046
0.307483
0.297561
0.274847
0.238358
0.19023
0.126136
0.0333719
-0.0789375
-0.185373
-0.257663
-0.297441
-0.327342
-0.341155
-0.319638
-0.248636
-0.151139
-0.0672134
-0.0082739
0.0415082
0.0905099
0.118718
0.103762
0.0512424
-0.0112485
-0.0655814
-0.112136
-0.159707
-0.203754
-0.228582
-0.224932
-0.197981
-0.167375
-0.148225
-0.141515
-0.13822
-0.134765
-0.139254
-0.160899
-0.191053
-0.209576
-0.203178
-0.179491
-0.151396
-0.116422
-0.0653502
0.000886014
0.0594501
0.0934118
0.095865
0.0850002
0.067787
0.0400026
0.000959735
-0.0371055
-0.0581108
-0.0557374
-0.0337671
0.0016173
0.0342582
0.0633197
0.0904516
0.117735
0.134726
0.130524
0.110613
0.0992714
0.115623
0.142564
0.159175
0.166113
0.186297
0.225504
0.26011
0.26872
0.262061
0.262333
0.269774
0.26363
0.243159
0.232827
0.244346
0.256109
0.235811
0.1813
0.104453
0.0293847
-0.0574136
-0.156302
-0.246554
-0.306961
-0.327898
-0.316477
-0.277797
-0.21468
-0.136478
-0.0515679
0.0288518
0.0896324
0.116352
0.106006
0.0704995
0.0219609
-0.0392779
-0.116711
-0.186135
-0.230781
-0.24392
-0.23793
-0.223594
-0.198894
-0.161411
-0.123964
-0.104462
-0.111395
-0.134119
-0.160215
-0.184824
-0.205791
-0.217567
-0.213005
-0.187609
-0.13644
-0.0745966
-0.00941291
0.0453751
0.0827343
0.101945
0.100598
0.0752484
0.0289048
-0.02198
-0.0585499
-0.072228
-0.0683258
-0.0506071
-0.0146833
0.0373842
0.0903102
0.124652
0.136059
0.137727
0.131107
0.114854
0.0905126
0.0756446
0.0871118
0.120195
0.156879
0.189652
0.228426
0.267707
0.292881
0.292235
0.277558
0.266399
0.25571
0.231454
0.202293
0.189735
0.204921
0.215059
0.190745
0.141296
0.0896092
0.0397833
-0.0343969
-0.134869
-0.234381
-0.282443
-0.287043
-0.275232
-0.255235
-0.209971
-0.127256
-0.0267265
0.0545391
0.0941549
0.0984539
0.0873273
0.0631578
0.0140695
-0.0676401
-0.158241
-0.22408
-0.248898
-0.249975
-0.248464
-0.238993
-0.204834
-0.148823
-0.103294
-0.0971101
-0.120755
-0.145733
-0.160822
-0.178304
-0.207126
-0.228257
-0.217767
-0.171305
-0.108794
-0.0509943
-0.000993385
0.0463896
0.0901712
0.1072
0.0905154
0.0455416
-0.00373124
-0.0389596
-0.0574183
-0.0691
-0.0722903
-0.0493543
-0.00011246
0.060748
0.102387
0.116783
0.120279
0.127292
0.127572
0.106849
0.0749916
0.0689473
0.102
0.154838
0.196064
0.220196
0.244862
0.275952
0.293666
0.278153
0.237284
0.202846
0.18688
0.179012
0.172718
0.178691
0.208415
0.246087
0.262441
0.229929
0.165502
0.0815136
-0.0185653
-0.127798
-0.236023
-0.311244
-0.340326
-0.320817
-0.264209
-0.181553
-0.0830881
0.0165465
0.0965845
0.137957
0.132765
0.0867976
0.017046
-0.0679192
-0.147757
-0.217439
-0.266078
-0.278646
-0.255356
-0.211103
-0.166489
-0.130083
-0.100025
-0.0796552
-0.0856032
-0.12632
-0.18698
-0.236534
-0.256986
-0.25394
-0.241078
-0.213233
-0.151898
-0.0702441
0.0119032
0.0644637
0.0884175
0.0931557
0.0864261
0.0555829
-0.00199366
-0.0654104
-0.103836
-0.103784
-0.0799253
-0.0459
-0.00390611
0.0534854
0.116034
0.160923
0.171005
0.147742
0.1177
0.0911319
0.0662146
0.0443381
0.0462644
0.087227
0.15741
0.222084
0.264894
0.285993
0.298887
0.296127
0.263819
0.211321
0.168171
0.149777
0.149245
0.154258
0.177443
0.228482
0.286691
0.313318
0.281481
0.205251
0.10254
-0.00892636
-0.142464
-0.264372
-0.35003
-0.377386
-0.342278
-0.26648
-0.171309
-0.0658692
0.0423489
0.135605
0.17852
0.157384
0.0853054
-0.00246407
-0.0897049
-0.17007
-0.245986
-0.293443
-0.296365
-0.256579
-0.204573
-0.161039
-0.126225
-0.09738
-0.0872477
-0.109667
-0.161708
-0.221833
-0.265436
-0.280596
-0.267147
-0.233114
-0.178906
-0.112714
-0.0353481
0.0331079
0.0765801
0.088147
0.0714471
0.0430824
0.000653706
-0.0544791
-0.105942
-0.124812
-0.104945
-0.0598567
-0.00452761
0.0476614
0.104343
0.147573
0.163033
0.145016
0.109342
0.0694611
0.0360073
0.0177932
0.0202046
0.0528577
0.111766
0.189789
0.26422
0.312905
0.323354
0.306126
0.27315
0.228617
0.168112
0.11103
0.0842871
0.0971892
0.130518
0.172673
0.232848
0.312601
0.3705
0.363844
0.291338
0.178585
0.0526303
-0.0926406
-0.236802
-0.345632
-0.377099
-0.34707
-0.279975
-0.190375
-0.0758012
0.0443849
0.131639
0.159298
0.134356
0.0776593
-0.00824466
-0.102228
-0.185973
-0.244907
-0.268094
-0.260561
-0.225961
-0.178651
-0.137022
-0.111239
-0.0995992
-0.101847
-0.130079
-0.185998
-0.246797
-0.280807
-0.280238
-0.260916
-0.227435
-0.168798
-0.096749
-0.0264378
0.0134526
0.0283812
0.0260017
0.0161466
-0.00940577
-0.0469678
-0.0810564
-0.0968576
-0.0805857
-0.0405308
0.0138438
0.0599671
0.0976192
0.123105
0.134402
0.118292
0.0726669
0.0253997
-0.000554834
-0.00186281
0.00766404
0.0351474
0.0938096
0.185672
0.277532
0.327769
0.341973
0.329445
0.291318
0.225929
0.150848
0.0993738
0.0831553
0.0917177
0.114549
0.155448
0.221167
0.29835
0.361024
0.383709
0.359561
0.281524
0.164566
0.00580057
-0.148775
-0.273611
-0.350485
-0.356981
-0.305012
-0.217781
-0.116185
-0.0103793
0.0883717
0.146866
0.146661
0.0940641
0.0207941
-0.0571559
-0.131827
-0.201879
-0.240909
-0.242176
-0.212464
-0.178832
-0.155723
-0.141633
-0.137113
-0.145868
-0.169933
-0.202405
-0.235385
-0.257106
-0.259396
-0.236459
-0.19819
-0.151472
-0.108782
-0.0655538
-0.0340794
-0.0200883
-0.0246558
-0.0402909
-0.0491957
-0.0551219
-0.0593659
-0.0643721
-0.0555271
-0.0330582
0.000826271
0.0345007
0.0524872
0.0638086
0.068176
0.0703561
0.0602877
0.0420695
0.0244322
0.0267415
0.0523057
0.0813084
0.113898
0.152397
0.20861
0.26457
0.298408
0.295062
0.262526
0.212598
0.161513
0.11987
0.100646
0.103426
0.124283
0.163421
0.220804
0.280029
0.313669
0.319313
0.31271
0.306073
0.264632
0.169733
0.0362144
-0.0723671
-0.145047
-0.194351
-0.249829
-0.270734
-0.229744
-0.14781
-0.0748898
-0.0370048
-0.0127675
0.0191524
0.0467982
0.0344032
-0.0174472
-0.0759985
-0.115396
-0.129817
-0.146326
-0.175567
-0.207122
-0.213375
-0.198604
-0.188667
-0.203585
-0.225548
-0.222638
-0.196402
-0.183673
-0.198487
-0.213666
-0.190608
-0.14303
-0.111175
-0.105177
-0.105477
-0.0841501
-0.0584569
-0.0486191
-0.0630232
-0.0738997
-0.0611282
-0.0364256
-0.011396
-0.00186292
0.00864474
0.0284251
0.0613929
0.0786418
0.0688433
0.0450351
0.0308687
0.0370956
0.0389186
0.0309345
0.0292922
0.0620432
0.112831
0.157589
0.188333
0.216781
0.256776
0.281476
0.268782
0.223438
0.172583
0.136826
0.117242
0.111687
0.120738
0.143724
0.180185
0.222921
0.256684
0.266084
0.259586
0.253986
0.250583
0.230874
0.158025
0.0605216
-0.032075
-0.0954177
-0.158506
-0.217161
-0.247555
-0.217517
-0.15421
-0.098986
-0.0641588
-0.0296692
0.0123212
0.0357148
0.0219797
-0.0204411
-0.0599262
-0.0964366
-0.130253
-0.164046
-0.1933
-0.205332
-0.205816
-0.200962
-0.198161
-0.196617
-0.194348
-0.189214
-0.185708
-0.188978
-0.198778
-0.201485
-0.191995
-0.169742
-0.147764
-0.121167
-0.0943371
-0.0710199
-0.0524309
-0.0462273
-0.041724
-0.0421039
-0.0413769
-0.0423147
-0.0329893
-0.0205133
-0.01075
0.00219297
0.0170307
0.0392455
0.0520243
0.0569708
0.0552144
0.0594168
0.0663202
0.0655412
0.0689694
0.0796282
0.103012
0.127089
0.158591
0.194654
0.233226
0.256444
0.253153
0.231667
0.199959
0.162605
0.129952
0.112063
0.114811
0.132862
0.162522
0.200861
0.238459
0.262969
0.269731
0.272835
0.267223
0.239268
0.165807
0.063936
-0.0183482
-0.0930574
-0.157415
-0.213417
-0.224042
-0.188805
-0.133899
-0.091579
-0.0572044
-0.0203532
0.00898423
0.0100011
-0.0195073
-0.0513936
-0.0766132
-0.097463
-0.125157
-0.146348
-0.162479
-0.174179
-0.187157
-0.200275
-0.206806
-0.212344
-0.216666
-0.210744
-0.193117
-0.175085
-0.168816
-0.165638
-0.150391
-0.133908
-0.126941
-0.131351
-0.124872
-0.109419
-0.0918353
-0.0830347
-0.0718748
-0.046009
-0.0244633
-0.0110562
-0.00660752
0.00502523
0.012504
0.0155314
0.0148012
0.0202029
0.0333978
0.0396131
0.0482523
0.0619826
0.0808333
0.085722
0.0831223
0.0880434
0.0990434
0.108699
0.113986
0.138758
0.186396
0.233396
0.249055
