0
2.06427
4.45597
2.36153
3.78357
0.73864
-8.18809
5.01695
-4.27066
-1.63303
-0.380965
2.5971
4.14334
-1.32039
2.23715
-10.7905
-3.94479
0.396766
0.650582
2.94058
7.33745
-4.37501
6.34143
-5.34881
-8.55461
4.68485
0.975549
-0.513202
-3.51388
6.73789
2.83051
-2.45231
2.34977
4.04456
-2.49024
-4.13693
-0.00135937
-3.58401
-1.20239
-2.04663
2.00902
-1.44455
2.43013
6.30774
2.47441
4.07816
-2.59399
-5.92926
-13.0094
4.22484
5.14561
-0.285445
-7.37478
8.43467
-2.63061
5.47771
-0.540479
-0.191415
-3.76286
2.76326
-7.64475
-5.0632
0.823863
-5.37028
-0.0766538
4.50757
-0.458233
4.68468
9.22358
-2.62371
4.3721
0.389838
-0.303467
-4.01256
1.95192
-8.65455
7.22608
-0.329676
-4.40612
-5.11369
12.4949
7.06374
3.37376
-1.76189
-1.40404
-5.82846
-4.04838
1.19534
-1.27562
2.32986
0.690197
2.73984
1.15148
3.71074
4.25781
-4.62808
-2.65842
2.07401
-2.66059
-6.13892
4.8466
1.72431
-0.272114
-3.72851
8.09617
7.0848
-6.08383
5.0022
-5.98142
-5.23812
-0.683814
-1.53306
2.31648
8.55798
-2.04597
2.71324
-5.35532
-4.2049
-2.27599
1.79181
4.36411
-5.89432
9.47887
-0.00960422
-3.02676
-3.17431
-5.27396
-2.99791
