-0.00370321
0.00299003
0.0191665
0.0441726
0.0770027
0.115796
0.158561
0.204166
0.251913
0.300272
0.34716
0.391239
0.432349
0.470553
0.505584
0.537985
0.569848
0.603488
0.640146
0.680977
0.728135
0.783974
0.84973
0.925945
1.0141
1.11579
1.22934
1.34932
1.47006
1.58817
1.7009
1.80379
1.89118
1.95919
2.00663
2.033
2.03763
2.02088
1.9844
1.93021
1.86036
1.77753
1.68499
1.5854
1.48036
1.37204
1.26403
1.15955
1.05966
0.964353
0.874465
0.791291
0.71529
0.645828
0.58255
0.52588
0.475924
0.432431
0.395929
0.367756
0.348488
0.337492
0.333832
0.336736
0.345174
0.357467
0.371849
0.386743
0.399524
0.406331
0.40411
0.391743
0.368797
0.334565
0.289038
0.234139
0.172966
0.108048
0.0415911
-0.0229654
-0.0815972
-0.131523
-0.170603
-0.195981
-0.205059
-0.19748
-0.174625
-0.13679
-0.0831045
-0.0147159
0.0647221
0.153179
0.251973
0.361784
0.480299
0.606173
0.742923
0.894663
1.05865
1.22628
