-0.237948
0.934474
0.372485
0.24378
-0.669103
-0.696017
-0.856634
0.713558
0.168772
0.303768
-0.956369
0.931745
0.59254
-0.570388
-0.598112
-0.695063
-0.346984
0.0753387
-0.15043
-0.474006
0.241164
-0.671445
-0.358648
-0.296699
-0.0617156
0.635095
-0.576969
0.0136968
0.180717
-0.850261
0.263451
-0.57635
-0.828959
0.973305
0.964011
0.572683
-0.393748
-0.756529
0.383375
-0.0710641
-0.766056
0.00222523
-0.858792
0.811201
-0.461103
0.277211
-0.390608
0.0180117
0.06148
-0.629308
0.979972
0.530146
0.831861
0.743913
0.125469
0.618638
-0.890735
-0.557787
-0.900538
-0.350307
-0.209236
-0.341286
0.556804
-0.280586
