-0.00193998
0.0961287
0.193494
0.289476
0.383373
0.474546
0.562352
0.646225
0.72561
0.800039
0.869073
0.932363
0.989604
1.04058
1.08513
1.12318
1.15472
1.12421
1.08635
1.04199
0.991203
0.934145
0.87103
0.802161
0.727886
0.648641
0.564893
0.477195
0.386113
0.292287
0.196357
0.0990232
0.000964999
-0.0970903
-0.194455
-0.29041
-0.384292
-0.475426
-0.563205
-0.647028
-0.726374
-0.800745
-0.86973
-0.932956
-0.990135
-1.04105
-1.08554
-1.12353
-1.155
-1.12387
-1.08595
-1.04152
-0.990672
-0.933548
-0.87038
-0.80145
-0.72713
-0.647831
-0.564049
-0.476306
-0.385203
-0.291344
-0.195406
-0.0980518
0
0.0980518
0.195406
0.291344
0.385203
0.476306
0.564049
0.647831
0.72713
0.80145
0.87038
0.933548
0.990672
1.04152
1.08595
1.12387
1.155
1.12353
1.08554
1.04105
0.990135
0.932956
0.86973
0.800745
0.726374
0.647028
0.563205
0.475426
0.384292
0.29041
0.194455
0.0970903
-0.000964999
-0.0990232
-0.196357
-0.292287
-0.386113
-0.477195
-0.564893
-0.648641
-0.727886
-0.802161
-0.87103
-0.934145
-0.991203
-1.04199
-1.08635
-1.12421
-1.15472
-1.12318
-1.08513
-1.04058
-0.989604
-0.932363
-0.869073
-0.800039
-0.72561
-0.646225
-0.562352
-0.474546
-0.383373
-0.289476
-0.193494
-0.0961287
