-0.241332
0.930506
0.41367
0.247192
-0.710752
-0.708573
-0.883451
0.883919
0.261557
0.33252
-1.01977
0.92469
0.649579
-0.666484
-0.72558
-0.63856
-0.469559
-0.0178294
-0.157141
-0.456279
0.24024
-0.845703
-0.39585
-0.227352
-0.0889683
0.598757
-0.637378
0.118591
0.205167
-0.995963
0.212451
-0.72621
-0.829612
1.0314
0.951536
0.68318
-0.446457
-0.879872
0.410995
-0.141731
-0.741008
-0.0400388
-0.894085
0.964424
-0.489123
0.348995
-0.355732
0.125781
0.186614
-0.601939
1.07005
0.634504
0.849938
0.755673
0.204209
0.788006
-0.966465
-0.778683
-0.895937
-0.312628
-0.178323
-0.442866
0.67807
-0.310905
