-0.00305119
0.00423172
0.012491
0.0246135
0.0313603
0.0368701
0.0457509
0.0441073
0.0546479
0.058085
0.0558738
0.0531601
0.0485601
0.0429209
0.0432572
0.0389981
0.0734843
0.0343225
0.0412281
0.0449168
0.0525755
0.064093
0.0705328
0.0831237
0.0927757
0.104688
0.120817
0.12172
0.123892
0.118687
0.113676
0.0987946
0.0532123
0.065354
0.0461788
0.0236853
0.00592156
-0.0171718
-0.0376065
-0.0523503
-0.0664902
-0.0822747
-0.0948156
-0.10389
-0.107589
-0.114509
-0.109072
-0.109278
-0.0636249
-0.0947087
-0.0851778
-0.0742662
-0.0690129
-0.0599074
-0.055163
-0.0512351
-0.0495371
-0.0463762
-0.0396643
-0.0344812
-0.0214393
-0.0171141
-0.0104635
-0.00669254
-0.0283681
-0.00208876
0.00203532
0.00203615
0.00275563
-0.00596141
-0.0131739
-0.0234381
-0.0317184
-0.0481299
-0.0570567
-0.0620225
-0.0680872
-0.0719817
-0.0729746
-0.0716407
-0.0252666
-0.0565106
-0.0454106
-0.0268886
-0.0152844
0.00512025
0.0291441
0.0401673
0.0530363
0.0725483
0.0854319
0.0927931
0.108653
0.116382
0.127802
0.142021
0.12366
0.16326
0.179761
0.180681
0.180273
0.175001
0.168277
0.151836
0.139177
0.112499
0.0868561
0.0665871
0.0377847
0.00440994
-0.0143727
-0.04566
-0.0212856
-0.0804437
-0.099351
-0.117398
-0.123584
-0.135957
-0.140992
-0.138959
-0.135261
-0.134879
-0.12375
-0.118913
-0.112717
-0.10577
-0.100482
-0.0884594
-0.00305119
-0.0796218
-0.0668705
-0.0533351
-0.0377991
-0.026427
-0.0113903
0.00291424
0.0169602
0.0345543
0.0452617
0.0453227
0.0493444
0.0494516
0.050124
0.0399393
0.0713806
0.0249055
0.011066
-0.00177337
-0.0100723
-0.0288492
-0.0395846
-0.0477608
-0.056887
-0.061762
-0.0646862
-0.0720534
-0.0666859
-0.0583693
-0.0566818
-0.054058
-0.0694468
-0.0332571
-0.018187
-0.00629591
-0.000135969
0.00988173
0.0208712
0.0243815
0.0293893
0.0338226
0.0353991
0.0421928
0.0498617
0.0506551
0.0509388
0.0602405
0.0932715
0.0664465
0.076468
0.0774915
0.0874171
0.0933931
0.100525
0.103765
0.108948
0.124924
0.141784
0.146757
0.147634
0.145495
0.140531
0.130521
0.109405
0.0974913
0.0718198
0.0383785
0.0127556
-0.0235368
-0.0477396
-0.0793731
-0.0826564
-0.108505
-0.130586
-0.131679
-0.142088
-0.150152
-0.14787
-0.140694
-0.0972327
-0.126586
-0.121406
-0.118247
-0.103143
-0.095693
-0.0901459
-0.0736715
-0.0721824
-0.0640129
-0.0481812
-0.0332254
-0.00946133
0.00709047
0.0243397
0.0318245
0.022636
0.0603955
0.0631769
0.0704213
0.0689063
0.0675385
0.0673871
0.0524724
0.0456464
0.0285254
0.0117015
-0.00946964
-0.0261467
-0.0391768
-0.0575768
-0.0671512
-0.0393708
-0.083207
-0.0825706
-0.0831691
-0.0769008
-0.0621879
-0.0476344
-0.0322453
-0.0236894
-0.00855373
0.013712
0.0265852
0.0439854
0.0474411
0.0649902
0.0688502
