0.337177
-0.607663
1.15194
-0.355582
0.0477549
0.163534
-0.157218
0.166489
0.0715495
0.154531
-0.147533
0.152012
0.0309123
0.158659
-0.145429
0.172794
0.164801
0.166024
-0.144629
0.166402
0.0240708
0.166814
-0.144255
0.166878
0.0846493
0.167014
-0.143714
0.167114
0.0246891
0.167169
-0.143634
0.167228
0.337177
0.167228
-0.143634
0.167169
0.0246891
0.167114
-0.143714
0.167014
0.0846493
0.166878
-0.144255
0.166814
0.0240708
0.166402
-0.144629
0.166024
0.164801
0.172794
-0.145429
0.158659
0.0309123
0.152012
-0.147533
0.154531
0.0715495
0.166489
-0.157218
0.163534
0.0477549
-0.355582
1.15194
-0.607663
