-4.56282
1.3052
4.15293
6.21994
-1.67963
-0.384533
-7.41775
4.31526
-0.592417
-4.04055
10.6757
6.98566
9.3063
-4.28741
2.21754
12.2917
3.42234
3.17522
-2.30371
10.9264
-2.87262
-1.97359
2.71293
-5.10308
-0.729522
-6.90053
-2.73239
-5.54788
-9.39527
-5.33631
0.509563
1.44919
0.890492
6.44024
-5.41174
2.51307
-5.95777
2.80997
1.45209
-3.41247
-5.46271
-1.09864
5.1256
-0.582224
-1.96042
-7.49361
0.461508
-2.90075
-2.53069
-1.78378
-4.12494
4.8301
-2.72429
-0.335913
4.14744
-6.20435
6.66259
1.25
-2.47652
1.58907
-7.31603
-1.49864
-4.2171
0.347102
-4.86088
1.26235
-4.34159
-0.55719
-6.06335
0.60277
-2.16771
0.666716
6.73092
-7.09724
4.30663
-1.71753
-1.18403
5.00924
-4.52459
-2.68794
-0.213076
-1.54989
1.30405
-8.02769
-2.95431
-2.43986
4.28672
-0.254204
-5.61763
-3.63902
0.972573
3.56942
-5.89617
3.00096
-5.11866
5.17694
0.768214
2.34505
0.715551
-5.86396
-8.44945
-5.78813
-3.21421
-8.52989
-0.0929301
-4.92184
0.400729
-1.93892
-5.762
8.97522
-3.18983
1.84364
3.10116
13.9522
2.14074
-4.28125
7.43297
6.08211
11.3309
-2.76024
0.614758
3.6854
-5.45328
-0.668823
-2.81383
5.2043
3.40342
0.963215
