0
-1.50833
0.0436139
2.39672
0.224096
0.241764
0.470734
0.42447
0.313941
0.337963
0.305214
0.268317
0.222301
0.21495
0.213952
0.184807
0.173047
0.149632
0.157568
0.141178
0.126381
0.124183
0.120087
0.0991508
0.0754433
0.0774354
0.0750357
0.0715635
0.0676684
0.0640637
0.0599366
0.0563447
0.0526252
0.0493728
0.0457095
0.0426342
0.0390338
0.0357475
0.0329255
0.0296746
0.0270322
0.0239525
0.0213167
0.0182157
0.015912
0.0129368
0.0104578
0.00749317
0.00443695
0.00228582
-0.000631815
-0.00315229
-0.00604901
-0.00814062
-0.0111414
-0.0137209
-0.0167528
-0.0187782
-0.021901
-0.0252017
-0.0280228
-0.0312422
-0.0335778
-0.0369617
-0.0400367
-0.0436032
-0.0461775
-0.0499866
-0.0534556
-0.0573629
-0.0603446
-0.0647078
-0.0688227
-0.0726485
-0.0766132
-0.0780859
-0.0766782
-0.100046
-0.121349
-0.124465
-0.12705
-0.141923
-0.158656
-0.15113
-0.173568
-0.185743
-0.214933
-0.216112
-0.22272
-0.268869
-0.305704
-0.338373
-0.313991
-0.424356
-0.470243
-0.244683
-0.224795
-2.38849
-0.0377324
1.52765
