-0.00370249
0.00299434
0.0191753
0.0441846
0.0770191
0.115815
0.158583
0.204195
0.251956
0.300324
0.347211
0.391286
0.432379
0.470568
0.50559
0.537981
0.569839
0.603477
0.640143
0.680976
0.728139
0.783979
0.84973
0.925932
1.01408
1.11573
1.22921
1.34912
1.46973
1.58774
1.70027
1.80304
1.89021
1.95815
2.00537
2.03172
2.036
2.01874
1.982
1.9274
1.85739
1.77428
1.68163
1.58183
1.47676
1.36834
1.26029
1.15576
1.05583
0.96053
0.870689
0.787575
0.711697
0.642281
0.579119
0.522545
0.472777
0.429306
0.392898
0.364957
0.345915
0.335231
0.331663
0.334729
0.343301
0.355769
0.37018
0.385113
0.397913
0.404717
0.402496
0.390112
0.36713
0.332883
0.287381
0.232539
0.171464
0.106701
0.0405479
-0.0239522
-0.0823599
-0.131981
-0.17052
-0.195023
-0.203812
-0.195673
-0.172169
-0.133478
-0.0796068
-0.0107431
0.069129
0.158255
0.257185
0.367195
0.485994
0.612154
0.749195
0.900941
1.0648
1.2318
