0
-0.057681
-0.0926343
-0.805539
-0.522596
-1.09488
-0.171818
3.29281
0.0252248
0.768785
1.48362
-0.237264
-9.31189
24.1689
7.16788
4.36414
-0.368382
-1.74313
0.497737
-3.72559
1.12325
0.533616
-0.341501
-0.956835
1.13602
-4.46994
2.68942
1.448
1.94882
1.38499
0.659948
-0.0644789
0.272138
0.873213
0.974183
0.606194
0.4765
0.217127
0.126382
0.58642
0.602165
0.300446
0.28024
0.394257
0.198904
0.546456
0.463099
0.356607
0.405252
0.398224
0.336237
0.416008
0.382962
0.33676
0.332921
0.317117
0.307204
0.355344
0.322994
0.261109
0.280201
0.29086
0.258176
0.254282
0.287403
0.257604
0.24979
0.22902
0.255819
0.211369
0.245593
0.229898
0.22408
0.22523
0.194784
-0.00274992
0.225239
0.185025
0.163586
0.164528
0.170722
0.155283
0.225072
0.141762
0.168919
0.141868
0.127745
0.147036
0.240387
0.0337908
0.083405
0.14239
0.129957
0.182915
0.118751
0.230772
0.149773
0.149211
0.150027
0.141891
0.252265
0.133576
0.0796719
0.123695
0.109515
0.435797
0.101548
0.141664
0.108278
0.139472
0.101951
0.0997851
0.138104
0.135686
0.105154
0.0769963
0.0809689
0.0697055
0.172479
0.0788131
0.169024
-0.205497
0.0565403
0.110828
0.0857985
0.0951467
0.0834863
0.0881963
0.104809
0.0882928
0.0955446
0.0827477
0.0896299
0.0834494
0.0862575
0.0656438
0.0812213
0.0925586
0.086221
0.094275
0.0605237
0.0803537
0.0550976
0.0666478
0.0819652
0.0749867
0.0834699
0.0417502
0.108714
0.0836174
0.0397203
0.0285029
0.0752075
0.0779276
0.0636003
0.0698786
0.056067
0.0697792
0.0358264
0.0667877
0.0742445
0.102524
0.131458
0.0158725
0.0847166
0.0186994
0.377031
-0.0563507
0.0432537
-0.0253963
0.0496974
0.0263546
-0.0258684
-0.063096
-0.0561705
-0.842546
0.0647259
0.164753
0.056736
0.161501
-0.00545764
0.0309427
-0.0023098
0.0156106
0.00948596
0.088392
0.00808895
0.0174723
-0.00272512
0.0323726
0.00696647
0.00857925
0.0242162
0.0157912
0.0215856
0.00856125
0.0572234
0.00386429
-0.030193
-0.0206838
-0.00887144
0.0709944
-0.11251
0.0085125
0.0327055
0.0354884
0.0680884
0.0367622
-0.00946093
-0.00472558
0.0488727
0.00243825
0.00596172
-0.0182388
0.0107656
-0.0101933
0.0141188
0.00983322
0.00103968
-0.0233922
-0.0297071
-0.0066601
0.000534654
0.00072217
0.0159539
0.00413555
-0.0260186
-0.0241991
0.0151702
0.0101639
-0.0173889
-0.0358584
-0.00555745
-0.00962606
0.0179259
0.0119415
-0.0186413
-0.0178438
-0.026252
-0.0092501
0.000723116
-0.0247295
0.00180182
-0.0143692
-0.0183884
-0.0343199
-0.0102766
-0.0224044
-0.0289662
-0.000243023
-0.0172249
-0.0214289
-0.0394397
-0.011429
-0.0292621
-0.0331061
0
-0.0190096
-0.0233383
-0.0425652
-0.0145977
-0.0312433
-0.0361236
-0.0527263
-0.0190471
-0.0213983
-0.0448881
-0.0129042
-0.0280523
-0.0422184
-0.0487006
-0.0253268
-0.0325047
-0.0472345
-0.015524
-0.0358939
-0.0430989
-0.0574763
-0.00261068
-0.0376992
-0.0240592
-0.00656724
-0.0304382
-0.0531622
-0.0841069
-0.0142742
-0.0964546
-0.0686376
-0.0159539
-0.0718699
-0.0309793
-0.0341396
-0.0367175
-0.060576
-0.0592706
-0.0602639
-0.0442077
-0.0445247
-0.0583169
-0.0388486
-0.0487289
-0.0581555
-0.0294018
-0.0508585
-0.0587206
-0.0382454
0.0169313
-0.0210338
-0.0109656
-0.095758
-0.0391042
-0.0891228
-0.0618892
-0.0195715
-0.050204
-0.0599291
-0.090605
-0.0411525
-0.063534
-0.0767066
-0.0242162
-0.0518613
-0.0644598
-0.0803516
-0.0377746
-0.0643756
-0.0661671
-0.0951643
-0.0431888
-0.0623341
-0.0711036
-0.0515664
-0.022506
-0.272942
-0.132565
-0.206531
-0.0456316
0.382025
-0.0198457
-0.0137098
-0.129843
-0.1885
-0.0781791
-0.205329
0.0189734
-0.0692904
-0.133518
0.0373702
-0.145836
-0.0355146
-0.236192
-0.119838
-0.0788295
-0.0957708
-0.0768404
-0.114089
-0.083127
-0.106823
-0.108947
-0.108736
-0.109639
-0.10115
-0.126917
-0.118427
-0.250583
-0.106083
-0.0991292
-0.093014
-0.0713291
-0.102173
-0.0924335
-0.0949614
-0.101751
-0.102908
-0.104508
-0.133163
-0.14215
-0.100736
-0.115673
-0.121767
-0.125019
-0.115687
-0.126997
-0.129375
-0.104809
-0.116798
-0.123664
-0.126226
-0.120845
-0.128187
-0.0749497
0.14576
-0.2233
-0.165918
-0.226351
-0.130086
-0.0945787
-0.161986
-0.168417
-0.206598
-0.173981
-0.124051
-0.148974
-0.174394
-0.161579
-0.175902
-0.159374
-0.182817
-0.119672
-0.0936546
-0.138631
-0.362688
-0.214952
-0.201349
-0.209004
-0.243764
-0.176866
-0.289526
-0.146007
-0.21573
-0.188384
-0.162238
-0.101603
-0.130127
-0.290968
-0.224587
-0.183431
-0.164815
-0.203067
-0.200162
-0.27601
-0.205838
-0.203132
-0.220537
-0.189142
-0.244784
-0.286242
-0.248569
-0.369283
-0.252209
-0.254708
-0.235395
-0.300773
-0.236781
-0.294168
-0.265968
-0.28309
-0.293313
-0.287403
-0.284329
-0.298687
-0.293602
-0.307633
-0.30338
-0.326705
-0.296236
-0.341537
-0.363198
-0.379431
-0.374112
-0.37628
-0.366499
-0.2752
-0.429442
-0.435572
-0.339984
-0.469141
-0.495335
-0.144808
-0.362225
-0.299026
-0.329078
-0.575341
-0.573498
-0.08508
-0.275264
-0.474741
-0.675841
-0.980435
-0.773525
-0.251637
-0.0422783
-0.751003
-1.38303
-1.99173
-1.42489
-1.58233
4.99652
-1.39166
0.680028
0.258029
-0.543421
-0.911101
3.72677
-1.56373
0.829266
-0.799513
-6.23205
-7.56118
-22.7211
12.9709
1.85877
-0.838427
-0.430611
0.59781
-3.34023
3.10622
2.98875
1.96182
1.94697
0.922951
1.5606
