0
3.90064
6.62278
2.55346
9.65132
7.28072
3.57867
-10.9526
7.6047
6.83791
1.69322
0.618284
-13.7068
8.03019
12.9596
-4.19124
-5.62495
-10.6671
-1.58386
9.82682
3.46857
-3.32139
8.73456
1.74895
3.17993
-16.2769
-7.12188
-4.16732
-3.58002
6.75867
-12.1419
-9.77292
-7.84636
-8.94774
-2.07068
-11.204
14.7228
11.285
4.11327
-16.2161
13.6517
-1.02534
-2.59345
-6.09468
2.82551
-7.72995
-7.87951
-11.2328
-20.0288
-2.40571
2.10326
-4.65924
-4.50744
0.507808
1.50778
-7.15477
-4.90238
7.42001
1.88818
5.39774
7.69569
2.25344
-13.57
4.52312
5.72356
-0.900958
6.9556
-20.9619
-1.75951
7.86417
-4.35932
-4.19309
-7.12976
9.65429
3.10088
4.77255
0.457889
-6.41075
8.96931
-5.24582
15.9869
4.36132
-4.39683
1.29294
2.3662
-4.74634
5.9616
-5.91718
11.5574
-1.62664
1.7927
5.99613
-5.99943
1.18445
-10.304
3.52448
-12.7559
-0.896117
0.946798
8.02219
4.93225
11.0814
2.98839
-1.59012
-2.13161
2.21598
14.3355
-1.64069
-9.61596
-16.6475
0.291333
6.28195
-0.235027
-2.26523
-0.418763
-12.1859
0.856322
-0.334331
-3.21256
0.672978
-5.6508
-1.71465
3.73602
-0.362556
-0.23653
0.974684
-3.58903
-6.1177
-1.24701
8.29715
3.4719
-1.15761
2.19594
5.28662
-2.71074
-1.71547
11.2379
-4.92106
-0.0961779
2.49096
-2.86587
6.97813
3.13827
1.31126
-3.18622
-10.851
-3.55425
14.5946
11.2525
6.32096
-8.34246
2.97611
6.70014
1.9709
-0.30445
-13.1047
-1.38355
-8.65359
-5.11196
4.20812
14.8922
-5.30479
11.5608
-2.32217
6.82714
-6.27884
1.4425
5.47569
-10.261
1.33151
-5.71682
5.23633
-4.12864
0.713362
5.3146
3.386
-13.0628
5.05741
-4.7487
2.25282
3.21877
-4.07599
-2.95912
-17.367
5.311
3.89619
2.70382
-9.35612
-3.66298
15.6086
-6.14895
-1.23372
-3.22252
-9.72771
10.3774
0.370047
-6.59434
-10.4419
-0.945071
-6.97759
4.04316
4.91601
2.42637
-5.2137
1.20213
1.49439
-0.110432
0.670621
13.5582
11.9824
13.5193
7.65618
-3.95677
9.85512
8.01608
2.64907
-12.721
16.9392
-3.31177
-4.31953
-16.9009
3.96279
-2.35682
6.10709
4.95018
11.3346
8.83548
-10.085
-0.882295
1.47712
7.23268
16.9861
-0.505655
4.21317
-10.4036
5.04312
-6.32655
-10.7702
-1.50873
8.47409
10.9602
6.95942
-8.8704
-9.65815
19.1092
-0.0848318
4.20481
-4.93303
-8.17963
9.47442
-0.423684
-5.09719
-11.9468
-3.17508
-7.49475
-6.76629
