-14.508
-11.6571
1.17469
-13.3949
48.1214
-5.17063
-4.62023
-16.7715
27.2782
-1.60355
14.0103
7.82572
-3.21074
7.3242
-10.5369
3.94556
5.82491
-5.88972
13.7597
-0.419382
7.22633
-3.1637
-12.1605
27.7391
-14.8534
-4.61396
12.8363
15.1197
1.32815
-12.3724
12.4316
-22.7768
5.59171
7.05471
3.80114
-18.1773
-4.16816
23.5767
-0.0732602
17.7461
-10.6698
9.47254
2.79061
-6.27048
6.7244
12.6
8.3892
-7.68646
-4.27974
-40.7421
-6.06682
-8.56383
3.33919
17.6445
6.53001
-0.934747
-3.11203
32.0493
-1.43751
24.1706
13.1941
-9.46663
18.7849
0.536412
-13.7687
-12.5856
-15.6037
22.122
-0.998607
-8.35394
-3.63553
11.3682
-8.41492
-1.42679
-19.5664
-18.5528
9.70881
6.69592
9.36789
19.4609
-7.58219
16.5893
9.01314
-21.6398
7.11154
-5.55543
-7.17053
5.69779
39.6139
0.888544
6.43821
-9.3801
-3.63835
6.83663
13.5244
14.0154
7.18981
14.1293
21.8975
11.5458
24.89
-6.46308
-7.92297
-4.13207
18.0211
-28.8366
-15.431
6.22134
5.61289
-4.90338
8.13268
11.6944
21.3025
17.994
-2.45822
11.2596
-8.45563
38.5722
-0.152003
22.4108
16.793
22.3501
-5.08265
-2.92965
1.72968
-8.69112
-8.7537
11.8363
-3.80304
-17.4047
-11.3711
18.2784
3.35895
-12.3063
-1.92144
-8.63597
8.89138
8.80214
-13.0923
20.8958
10.8445
-13.7349
-27.2152
-16.2594
-1.0731
-1.75
17.4352
-4.1328
-15.8699
2.69787
3.76276
8.08523
15.7063
-0.659749
36.0387
19.5369
-12.5838
-1.57212
-9.71737
-14.3171
9.03939
17.0956
11.3043
21.0751
14.7005
-2.95684
17.3595
-24.2062
-3.67071
-7.30044
11.2145
-19.9041
1.32294
-14.2451
0.955038
-3.29716
21.4316
-1.88285
11.166
22.1478
19.9625
2.42141
8.34231
-21.365
-13.9297
-4.14051
9.78181
-0.48292
-0.161601
-4.76472
20.6245
0.14591
43.78
9.0984
-34.8872
-13.089
-4.53128
-14.2926
-26.0789
-2.98367
-13.5317
1.70098
-1.91465
14.8527
0.610326
-11.7267
-15.9982
-5.45683
-9.949
-8.25621
-7.22626
9.74395
13.9837
-0.602591
1.84846
-5.88956
18.1696
-19.0012
1.32309
-22.6538
10.6246
-22.6014
1.01344
-5.30428
-15.0045
-11.827
-8.08944
-23.6485
-10.0202
-7.58077
-14.313
0.0344616
19.5237
-28.758
-1.58712
27.673
4.45859
15.1175
8.58715
-5.61737
4.91067
5.83106
5.71374
15.6052
6.47615
9.86877
16.9624
-3.93909
-5.304
-10.5129
-3.08333
0.508847
24.261
5.89055
-23.4497
1.59255
12.0659
-11.2555
8.9641
14.6901
5.59878
-19.982
-7.09886
5.0656
-1.31345
-0.466307
27.3666
12.7828
8.76767
-13.8967
-11.4877
25.4546
-19.9132
2.43048
-17.2427
-13.4476
-3.49699
5.24375
20.9488
17.2588
-9.25619
-15.897
-14.0972
22.9496
-10.8994
-17.8472
-15.4735
12.8675
-9.26205
-26.4306
-18.0336
8.61219
3.85569
13.1991
-1.66344
-21.7356
3.37277
10.8945
6.60058
-18.6382
1.74818
10.8026
-6.40313
-2.96977
-26.4706
-2.26023
15.2021
-9.47977
19.53
-4.04116
-17.8177
-15.224
-22.9492
5.04693
-0.415181
0.100689
10.2041
-10.8914
-14.9665
-4.39416
-9.46863
14.9819
4.27298
11.1945
-26.3866
-1.57616
14.0439
-8.01751
-4.1016
-5.77211
2.27784
11.0689
7.23184
4.81583
-6.83951
14.0848
15.3269
23.3261
15.5947
-7.7108
5.27173
13.836
-27.7383
4.02233
1.90095
-15.8661
44.2848
-5.4203
0.95296
9.11666
-4.24746
-13.7355
-8.96577
8.20279
8.26601
-10.2921
2.17439
21.1903
-0.58014
-29.8005
13.9961
-5.22259
8.34619
-4.51484
21.5497
26.8036
25.2745
13.7249
0.038222
-3.17069
-3.04162
1.29262
-3.54215
11.6476
-4.78076
10.829
0.577023
-10.7753
-4.64892
6.36563
-1.71515
11.0834
20.9605
-16.1989
-20.769
-21.9979
-5.38171
-25.0021
-2.97719
-13.8937
-3.14075
-15.8316
-7.41584
0.985141
-13.6901
-9.61171
-3.25416
-5.04773
2.10374
-32.681
-27.8173
-11.8245
-11.6342
0.0249568
16.0386
16.5412
0.129577
-3.83787
6.20854
25.1705
-13.804
18.3028
15.6266
-1.98955
18.9001
-1.20226
-29.8598
3.40589
-10.9085
-16.7972
-26.6695
-2.33239
-12.0056
-18.4896
-6.8647
6.94321
19.0155
14.3397
-15.7841
-9.61207
1.81691
5.4953
2.35562
8.53141
-16.6768
8.90503
6.27655
-23.9137
-8.94944
18.2122
-16.2152
-1.418
-16.0251
23.419
1.81603
11.4917
-4.16782
18.0034
-0.202312
4.30733
3.17016
-13.0171
20.3181
-8.21835
1.16002
-4.65451
-24.8931
-6.04834
3.0423
19.0543
-4.89554
-7.74561
-4.94461
-7.61594
4.22936
-11.8682
-18.4153
-2.55912
-14.209
-17.7297
11.0964
-7.01348
6.2277
-11.5133
-3.52597
14.2831
31.7975
16.9724
-20.982
-3.1076
-19.6189
-14.0893
9.6179
-1.5135
7.42036
1.35911
-10.652
5.13817
-2.22703
-4.77989
-12.9144
-8.51857
-15.9163
5.56885
10.5505
-1.79405
-15.3797
-3.98535
15.1211
-6.15388
0.952802
-16.4881
-8.36397
-12.6277
13.9739
-14.2669
12.345
-15.3147
10.3247
-30.65
-6.29572
37.4208
-21.7976
-20.7729
-12.0663
6.62211
-17.7364
-7.65748
1.48766
1.04126
-1.96705
2.77802
26.7337
6.08023
6.03944
-9.832
-6.66222
-9.39501
7.73444
-17.2175
-6.6425
-18.8432
-6.04656
-2.07786
24.89
-0.786371
-10.8508
-1.9744
-13.9261
13.2764
-8.39921
1.51179
-21.3692
-8.134
-12.6174
-1.51318
24.8596
-2.01666
-4.90337
-5.88004
-0.313668
10.6381
19.4968
-2.92711
2.34013
-1.65548
2.58526
4.81544
6.70174
20.3136
-1.89177
-7.03176
-13.8212
24.5813
4.1468
10.015
-1.8317
22.9972
-5.20252
17.0257
-5.20103
9.35093
0.831501
4.48514
13.9927
4.28195
17.1296
-10.2782
14.925
-1.4892
15.4474
-17.4208
8.9499
-19.2544
4.1261
-1.76045
-36.9246
-5.36779
11.1592
14.7674
-7.45706
-1.10654
3.76192
8.76856
19.9438
9.7653
10.1049
-4.9719
11.5437
-4.62532
-5.48966
-1.42449
6.30794
-16.3699
8.41807
3.70507
-12.9724
15.9454
-7.47273
-13.0659
4.80658
-5.01758
8.8421
-2.29284
0.0902301
5.20413
-21.1856
13.1355
12.5597
-1.87756
4.32379
2.58227
-1.02465
6.14451
15.2157
14.0095
-14.0511
19.978
4.13094
-14.5042
-6.4319
11.1509
14.1298
-0.794235
-15.2343
-7.20695
-21.8722
-5.90823
-0.432924
5.05186
11.9687
-1.23519
9.77165
7.6329
5.66673
-5.50377
-7.09157
-14.801
4.31058
-0.408239
12.4873
7.0112
15.3783
-3.07877
-2.56985
6.00663
4.73301
-14.0715
-5.17234
-14.1746
2.8576
0.795741
-10.1165
-17.7374
5.91774
-8.58503
0.103317
-16.7699
-12.2884
3.67199
14.9608
15.9707
0.685987
-21.0505
-0.902142
10.6822
-7.20609
16.4148
-12.2919
-11.8425
19.1794
-13.1681
-4.96212
-8.34835
-7.76365
-0.406233
-10.2069
0.00129773
-18.4887
8.34056
0.150169
-22.8079
-8.23905
-37.9903
20.5341
-3.24638
-13.2385
16.7749
15.306
-17.1269
-14.6438
1.28235
12.2685
-5.77635
-27.7309
2.01774
-11.3702
-22.9632
13.6238
-9.78632
13.837
-7.02509
-0.530371
-3.10277
-9.23566
19.7429
-15.8461
27.2128
-20.0466
3.52486
11.4699
-2.50093
12.4105
-10.7092
18.348
-16.5169
8.0186
-15.5023
13.8991
8.61183
6.05682
6.19087
22.112
-15.9541
-7.21241
-1.62514
6.90829
-12.3852
12.8834
16.4102
-21.2478
-2.99168
9.64797
29.9603
-3.94327
-8.26298
-8.43716
15.8802
5.29473
5.14299
-2.28362
4.58357
14.2328
-18.1558
-22.0105
7.08443
21.4575
14.8175
4.10179
8.32743
5.87012
-3.43394
15.9799
5.29246
8.77684
1.16986
-4.18538
-6.98183
-13.0453
4.91015
0.98248
3.96309
7.06265
-21.0447
-24.5313
13.6031
19.1393
14.1383
-5.39259
-5.80344
-9.59459
-9.03321
15.531
-16.3589
4.4315
-9.25785
-10.6718
4.46877
-4.10334
-7.43334
0.864776
-32.2997
-4.35621
-2.34532
-5.45817
-1.73429
15.6272
-26.443
-4.67408
-12.6921
13.5133
-19.9686
0.238494
-0.561978
18.7248
14.8345
4.24261
-17.2188
-14.7499
-33.4015
16.0211
-2.54667
5.53992
-11.7515
-12.1652
5.41697
17.0696
6.79705
-3.20422
8.35097
12.2152
-20.997
2.34129
-21.9604
-2.63939
-13.9498
14.0191
-8.67561
-0.709494
10.7802
-37.8332
-7.10328
-0.893504
-9.66896
-8.93151
1.22388
-8.39035
4.48592
4.48172
-20.6021
9.14988
3.67791
15.1008
-13.3969
3.53285
2.03854
3.47159
0.521599
15.0869
-23.5194
10.1507
-8.32292
-16.7546
17.1476
-3.8592
11.0664
-12.8714
10.0402
18.4457
-9.05006
-7.24807
-3.42437
1.32067
4.25183
-19.7687
-5.89811
-21.8259
-4.06413
-4.40203
-0.773573
2.65735
11.0581
3.0244
-0.957439
14.1494
0.912916
-23.9199
-8.67256
-9.4662
24.5147
-5.28483
6.43549
-22.5764
-1.49722
27.3869
-20.3796
-4.88049
10.2976
-3.36889
3.71183
-3.00517
-24.3112
20.6318
-19.3827
-6.15272
32.76
2.61917
1.20481
-11.3665
9.62272
-4.86818
-9.09641
4.46182
5.77505
13.4598
-12.3967
38.9522
0.798075
10.9688
14.4113
-19.2873
-20.7477
6.69039
2.14463
-16.035
-3.04148
0.288936
14.9409
1.80743
-0.92588
-6.03351
-3.7479
4.57023
-3.91782
-18.9616
16.7457
10.6263
10.056
-19.4419
19.9424
-12.059
-9.4411
-7.24976
17.0124
6.19878
11.3076
-12.6622
-4.64897
-10.2478
11.4326
-9.2274
15.2853
6.08036
16.5892
12.1499
-2.40433
-1.63613
-6.54207
4.22959
6.09643
-5.24601
7.01406
-15.4416
-0.948686
-11.0336
-8.10492
-4.80376
22.2026
1.49536
-6.59268
7.55799
-4.9069
8.3967
-7.99312
4.14996
4.99851
3.75724
-2.74961
-8.74938
-21.433
2.52123
-19.5308
-1.90167
8.12177
-30.6313
5.18535
-18.3512
6.12732
-0.375815
21.3107
3.03986
8.97585
2.04627
-0.527309
-17.1495
-16.5176
15.3678
11.6097
-18.7956
32.1641
-5.83903
-3.08489
9.90041
-7.55765
-18.1639
10.1204
-15.0204
18.9181
19.5073
-7.79362
6.20605
5.53528
13.0933
-0.556184
7.97535
-9.04149
-2.00213
14.3057
18.7505
-7.85645
-15.0088
3.55702
-1.31469
-11.2097
-15.8678
-10.3716
12.2383
-18.5323
-0.848443
-4.19523
-28.877
3.10838
-18.0798
5.9317
