-0.361826
0.76023
0.400224
0.178316
-0.670976
-0.758586
-0.927809
0.611085
0.138533
0.310352
-0.939646
0.893788
0.587662
-0.620814
-0.694788
-0.663566
-0.392256
0.0104145
-0.120273
-0.452168
0.231007
-0.6923
-0.354424
-0.262149
-0.181321
0.579082
-0.604769
-0.00817338
0.116031
-0.847874
0.103609
-0.65896
-0.766831
0.934809
0.929166
0.515431
-0.363524
-0.744022
0.39235
-0.184066
-0.712983
0.049897
-0.950895
0.871487
-0.539277
0.254474
-0.341639
-0.00479023
0.00361471
-0.606
1.01988
0.543267
0.82702
0.616701
0.194256
0.749076
-0.90324
-0.65071
-0.879632
-0.354418
-0.142975
-0.389497
0.643275
-0.356832
-0.38353
0.0683883
-0.625955
0.515561
-0.78131
0.953665
0.368561
-0.698305
-0.995862
0.681403
0.362631
0.431712
0.545292
-0.858839
-0.284701
-0.715535
0.762792
0.179165
-0.346266
-0.798
-0.261106
-0.269771
0.478098
0.290723
0.779948
-0.059812
-0.696608
0.453281
0.462238
0.0459483
0.446156
-0.0871619
0.0136254
-0.186669
-0.902054
-0.686041
-0.870555
0.328266
-0.335116
0.0385025
0.728101
-0.395251
-0.150137
0.44428
-0.601004
-0.79567
-0.288678
-0.546794
0.952398
0.530966
0.355189
0.71847
0.517441
-0.580379
0.797913
0.0676286
0.527933
0.579313
-0.494747
-0.729166
-0.466222
-0.12962
0.548202
0.56821
-0.969147
0.105572
-0.212232
-0.451148
-0.658427
-0.0633894
0.944747
-0.337856
0.131429
0.419864
-0.287445
0.907281
0.775298
-0.626388
-0.113276
-0.525063
-0.436328
-0.742537
0.330293
0.0233197
-0.739101
-0.254187
0.757283
-0.484096
-0.610424
0.209865
0.881214
-0.500664
0.358476
0.493396
-0.548416
0.547819
-0.196979
0.205694
0.238007
-0.0421526
-0.846335
0.582353
-0.370236
-0.621088
-0.769861
0.269491
0.241345
-0.889901
0.0590301
-0.381381
0.244681
-0.509101
0.463627
-0.19403
0.676141
-0.793822
-0.205791
-0.579433
0.956423
0.639969
-0.437582
0.437811
0.611194
0.0501293
0.106676
-0.432837
-0.699143
0.948654
0.889515
0.183626
-0.234142
-0.168317
0.493868
0.756444
0.562817
0.323849
0.103248
-0.77095
-0.541127
0.683115
-0.107782
-0.969502
-0.614205
0.336571
-0.823856
-0.344942
0.307285
0.489301
0.27365
-0.387559
0.421077
-0.583417
-0.11069
0.617521
0.275829
0.579205
0.170231
-0.0232902
-0.717172
-0.0786116
-0.350012
-0.304056
0.963661
-0.0880886
0.801338
0.316259
0.574196
-0.142791
0.147232
-0.00886897
-0.496443
0.388363
-0.436762
-0.793193
0.407143
-0.357625
0.9478
0.814119
0.5978
-0.397804
-0.692299
0.926588
-0.00147283
0.847133
0.792998
0.376031
-0.553568
-0.150678
0.43617
-0.361188
-0.47615
0.199397
0.7663
0.156818
0.0160474
-0.614012
0.255017
0.831596
-0.685638
0.185194
0.782467
0.267253
0.284486
0.228478
-0.275184
-0.309547
0.627947
0.52202
0.492847
0.515687
-0.195355
-0.133708
0.438531
0.0777554
0.23782
0.393045
0.371714
-0.698539
-0.374204
-0.713893
0.0377284
-0.883559
-0.0459415
-0.0813278
-0.480253
0.112296
-0.841962
-0.65282
0.604145
-0.364865
-0.678707
0.190625
0.456148
-0.710158
0.161433
-0.701237
-0.566977
0.327166
0.22692
0.443182
0.484493
0.724409
-0.195954
-0.357697
0.353736
-0.564588
-0.168458
-0.613335
-0.465335
0.998541
0.428155
0.141943
-0.397594
-0.646874
-0.43158
-0.191643
0.409164
0.493113
0.100611
-0.258989
0.872863
0.252282
-0.0812391
0.0331829
-0.36471
-0.512736
-0.24465
0.216798
-0.989616
-0.718792
-0.728037
-0.477244
0.91262
0.304251
-0.214972
-0.603489
0.0734344
-0.0776254
-0.492261
0.0125325
-0.0149266
0.284337
0.194529
-0.710266
0.0153606
0.34598
0.168076
0.480762
0.0582049
-0.554609
-0.570588
0.419382
-0.55961
0.439584
0.763368
0.143592
-0.151941
0.295107
-0.0493872
0.230103
0.69361
-0.203952
0.742408
0.286943
-0.87774
-0.878978
-0.649649
-0.646188
-0.290739
0.501626
-0.584241
0.0558736
0.719461
-0.617734
0.776517
-0.143591
-0.223928
0.744946
0.382828
0.786145
0.337878
0.33533
-0.429428
-0.336693
0.681839
0.634976
0.612696
-0.340377
-0.11459
0.463553
-0.103506
0.780199
0.367135
-0.191292
0.431099
0.117929
-0.590614
0.626263
0.0021927
0.367725
-0.424989
0.441419
-0.419862
-0.56866
0.627094
-0.639723
-0.0549357
0.839484
0.461642
-0.0679469
0.0617794
-0.208766
-0.27238
-0.103454
0.372393
0.289698
0.302729
0.0846002
-0.82456
-0.0267613
-0.552101
0.221372
-0.03746
0.458365
-0.396045
-0.585457
-0.313341
0.475524
0.0658978
-0.653843
-0.346491
0.420955
-0.384357
0.675663
0.146479
-0.604203
-0.34598
0.842424
-0.236086
0.0643078
0.660747
0.581277
0.507804
-0.0146593
-0.511013
-0.616361
0.490321
-0.0595409
-0.161211
0.306549
-0.772058
-0.10122
-0.723198
0.0524218
-0.489557
-0.336921
-0.167193
0.64415
0.619245
0.209801
0.551767
-0.322786
-0.138364
0.535794
-0.399298
0.744431
-0.710795
0.839191
-0.491731
0.721833
0.119894
0.627884
-0.51195
0.30286
0.720985
-0.0115587
0.15437
0.175007
-0.173896
0.186128
0.0495869
0.322671
-0.733364
0.0191292
0.655409
0.332986
-0.205849
-0.00267859
-0.436024
-0.348513
0.127526
-0.0434847
0.255814
-0.301218
0.894153
0.565684
0.0692379
-0.0602029
-0.205272
0.430375
0.121861
-0.380647
0.674498
0.33361
0.406298
0.022979
-0.0593753
-0.316054
