1.85284
-3.49115
11.8775
-8.91167
17.1373
1.75104
0.821086
-11.7355
12.0697
-0.34198
7.13912
4.11676
-6.00239
24.8269
-0.830507
-0.995105
8.30807
11.5783
-7.49051
0.0612996
-7.88529
5.87554
10.1498
5.07402
-5.396
-14.7474
-11.4291
-0.52161
-4.81747
1.1604
2.83721
12.8399
-2.60786
1.02733
-4.02699
-2.77255
-6.72708
-13.4546
3.71547
6.20271
6.74105
13.843
7.2529
-7.84716
18.1231
7.06343
-7.59676
10.3541
-2.80453
16.0364
-1.0624
-6.26746
3.47163
-6.26284
-1.69279
-5.40845
3.96365
-7.31445
-9.82681
5.02393
15.0567
-1.49476
4.43719
-9.68542
4.62871
-21.1532
1.5035
1.94117
5.28614
-15.4402
16.9653
-14.5208
6.05005
-0.953219
-17.5009
4.03166
10.7924
16.285
-8.56348
-13.0897
-2.49525
-0.716029
-3.54485
19.097
-2.63773
3.53731
-17.1427
-9.10344
14.4726
3.96714
2.5442
7.84844
-8.73771
10.0477
-0.619452
3.64542
22.6979
-28.8955
-13.7059
-15.4932
-18.1637
-5.57478
9.61018
-7.8262
-1.55441
-14.7701
1.27981
-2.59379
1.26975
3.47046
6.38412
-5.79298
-6.53154
-11.5409
2.10845
-8.85688
-1.82135
3.0375
5.60592
-4.2277
-0.641703
10.4882
3.18395
12.5437
7.99503
-15.1635
17.1563
-8.80178
-0.935782
-0.068154
3.48482
2.11061
5.29052
18.5072
14.0047
-18.3035
-2.50291
-6.4647
7.25129
5.50373
0.804572
-6.73976
-10.8724
-11.7764
-5.5965
-17.6669
7.6669
-0.89301
-1.84649
0.213037
7.53965
7.79357
1.00153
13.8653
8.12232
-18.5035
-17.7022
-1.59244
6.92574
-3.81804
-16.606
8.21208
-25.8239
16.9179
-13.6991
-2.43722
1.43047
4.89994
4.06097
2.47946
-4.03801
-21.7173
5.60266
26.0682
-0.720973
-10.3473
-0.440704
8.91744
-8.77882
-2.93695
5.75406
2.27317
7.99056
6.98014
4.16811
-5.62741
4.79156
2.67651
1.14244
-3.12755
5.5307
12.2348
-1.64627
-2.23799
-7.21331
-7.57154
5.49245
-12.6829
6.63627
-2.90469
-8.4515
-7.13187
7.93163
9.66906
-4.78121
-11.5885
6.74792
6.88962
-10.4178
-11.2163
-17.6048
-3.55836
-8.14233
11.3127
-1.91291
10.4032
3.63043
-4.79461
6.5792
-17.8098
-18.3411
-10.8777
7.54972
1.23386
10.8128
13.3085
17.1618
7.09066
-5.86815
1.60043
4.83612
-11.1029
4.18962
-10.0011
-10.9864
3.31307
9.94873
-2.3137
13.0369
-1.613
-13.0333
0.828112
3.24884
-12.7619
-12.8958
-2.41446
-15.8546
-1.56645
-6.08714
1.31683
4.97546
8.50296
9.92813
8.65326
2.26866
-11.6669
-9.04921
-25.5763
-11.9076
1.30081
4.12412
6.90468
4.39875
4.91045
0.707159
5.71714
-8.32605
9.50563
-3.46366
-11.9201
-2.39486
-7.68945
-9.42786
7.85871
10.8571
-6.41923
8.19732
1.65125
1.18993
-4.90336
-0.0504107
-5.90519
8.5758
-0.30158
-10.4348
-5.54729
6.40836
15.9056
17.0505
11.3504
16.5253
-2.01579
0.531042
-31.5007
13.9163
-8.66618
2.32999
7.89573
2.89222
10.1563
-9.10775
2.21083
-8.19032
-8.34987
-16.2663
4.7303
16.0802
-0.176673
-13.9031
6.66183
4.60575
-6.17975
-11.2901
-6.91591
-0.0145748
-9.58639
-2.35228
-14.2934
-19.2046
-7.1959
-3.39928
15.5275
6.28574
-6.73495
6.63373
7.21313
4.35263
-5.35584
2.6391
6.89405
3.50673
-5.44066
1.84496
8.45883
-9.08398
13.9549
-6.87116
-1.73745
-8.54868
7.86249
19.7201
-5.42909
-6.14691
8.09558
1.39745
0.110443
1.19788
10.5439
-8.76282
17.3933
-10.5059
10.6794
-21.538
-15.4849
9.31073
7.82255
-13.9795
-12.9643
-6.48797
-2.75966
-0.356831
5.8088
-0.000814021
9.4756
1.34028
9.19977
15.3134
-14.2723
8.12888
-6.5917
-5.6755
-4.59287
-2.28106
1.87021
-1.5629
-3.90594
3.16421
-25.0074
10.3083
7.22532
-0.12244
-3.88738
9.29963
-5.95047
0.105238
-8.44612
6.94391
-15.8756
6.57234
4.35614
0.817233
7.70365
-0.485108
0.212069
0.85974
-15.0309
5.15555
-10.5081
-3.2643
-8.56488
0.0796579
-10.8325
6.79037
-0.642879
-0.603029
12.2168
11.4155
-7.62719
6.87018
-9.41934
12.2342
0.338532
-8.08575
-7.05268
-8.01089
-31.9039
5.43861
-0.319461
-5.00461
4.54332
-6.55043
9.5113
12.3015
-0.933495
10.6007
-0.298388
-13.9493
1.604
-13.8399
18.0098
10.7879
10.5357
-9.36903
-8.71089
-4.22467
11.3462
11.4269
11.9851
-17.2807
1.89043
-5.00774
-19.905
25.0965
-6.15671
-3.00445
-2.30311
17.4398
-8.52931
5.09839
-11.2012
-1.94219
9.55371
17.6755
29.0173
0.0552517
-13.7158
6.65949
-11.0311
2.63061
-17.228
1.06921
-3.12536
-0.992392
16.2615
-6.41969
-1.09626
-9.55808
2.68286
11.4217
-8.00448
-6.66569
17.9339
9.37836
1.41144
0.587044
-5.15368
-9.51373
-8.02252
5.06286
-9.42324
-3.17639
6.43716
16.6973
7.69272
-10.3571
4.12728
-4.71007
-30.0594
-11.238
7.7263
1.93323
6.28688
-5.24396
10.7752
-19.5878
-1.88757
-0.651531
-5.05366
-0.230322
15.2217
5.25213
-3.63921
0.118521
-0.903881
11.0502
-11.8339
-6.16176
-11.1299
5.73851
-5.87133
-2.17444
-7.35836
