1.22628
3.08877
-0.768406
1.90127
-0.175981
-0.867439
0.00899022
0.0109643
-0.102223
-0.0660745
-0.0720134
-0.130701
-0.106091
-0.103811
-0.13521
-0.114707
-0.107334
-0.150898
-0.122642
-0.0563187
-0.153113
-0.056396
-0.0775258
-0.123245
-0.122396
-0.0777694
-0.105883
-0.0326047
-0.106806
-0.0315916
-0.0894407
-0.113198
-0.107063
-0.0416172
-0.127908
-0.129271
-0.101745
-0.0734065
-0.080154
-0.00384406
-0.137796
-0.106942
-0.0989769
0.039556
-0.0968598
-0.0779261
-0.0676333
-0.114204
-0.101466
-0.122015
-0.0880973
-0.0491939
-0.101462
-0.187024
-0.0676287
-0.0877073
-0.0968601
-0.0332448
-0.0989538
-0.0340833
-0.13778
-0.076665
-0.0801581
-0.000592746
-0.101743
-0.119496
-0.127928
0.031227
-0.10687
-0.185909
-0.0893873
0.041305
-0.106749
-0.105354
-0.105759
-0.113891
-0.12233
-0.195916
-0.0774531
0.0164909
-0.152944
-0.129065
-0.122574
-0.0778887
-0.107231
-0.104816
-0.134995
-0.0307889
-0.105994
-0.203203
-0.0717107
0.00690813
-0.10186
-0.0615671
0.00909358
-0.876593
-0.175161
1.82896
-0.767828
3.16143
