-0.450456
1.97977
0.981695
0.312662
-1.1925
-1.33767
-1.95579
1.35927
0.266528
0.811196
-1.36097
1.70189
1.10862
-1.04582
-1.22929
-1.13032
-0.709737
0.268549
-0.121974
-0.977319
0.463425
-1.45123
-0.686546
-0.673573
-0.0562871
0.884442
-0.809222
-0.0220634
0.413373
-1.47912
-0.0236423
-1.35427
-1.48281
1.75522
1.84028
1.21697
-0.485881
-1.46919
0.880489
-0.300145
-1.52354
0.162925
-1.69622
1.45535
-0.932393
0.442827
-0.736041
-0.00881768
-0.033995
-1.18177
1.99377
1.12217
1.7512
1.4545
0.474946
1.45733
-1.46805
-1.05305
-1.59557
-0.826142
-0.419667
-0.756184
1.31733
-0.459839
-0.897141
0.203164
-1.30612
1.24271
-1.53188
1.98612
0.858286
-0.983719
-1.8978
1.18254
0.836914
1.15354
0.913178
-1.67286
-0.664789
-1.4101
1.23442
0.399844
-0.6481
-1.55233
-0.906252
-0.417844
0.893018
0.397252
1.6966
-0.062105
-1.10804
0.914393
1.08055
0.376353
1.20477
-0.104167
-0.00316284
-0.222164
-1.80978
-1.42945
-1.69435
0.434106
-0.791063
-0.00199919
1.39118
-0.921936
-0.287707
0.92882
-1.21016
-1.70093
-0.964726
-1.33022
1.52149
1.09401
0.196615
1.18587
0.93607
-1.12203
1.29351
-0.043308
1.33708
1.49911
-0.628931
-1.80214
-0.682112
-0.228473
1.20708
1.17461
-1.7963
0.35714
0.0430472
-0.833301
-1.37447
-0.622174
1.62078
-0.598842
0.0985809
0.736034
-0.504791
1.85619
1.89567
-1.05903
-0.00966121
-0.701504
-0.6202
-1.58341
0.573831
0.0105642
-1.59483
-0.666425
1.53067
-0.855763
-1.37023
-0.0354068
1.62908
-1.15378
0.561978
1.05645
-0.853887
0.746355
-0.478956
0.444309
0.354808
0.196156
-1.52466
1.45147
-0.684189
-1.14309
-1.69091
0.355282
0.62071
-1.64349
-0.0596231
-1.0513
0.554562
-0.917554
0.734958
-0.376203
1.47412
-1.55667
-0.374316
-1.59391
1.40366
1.31673
-0.805669
0.70775
1.20783
0.3289
0.0478734
-1.05194
-1.41558
1.64376
1.68655
0.454048
-0.451555
-0.532576
0.928365
1.29972
1.51765
0.998172
0.590428
-1.61586
-1.10838
1.42459
0.214208
-1.83927
-1.44765
0.48918
-1.96803
-1.16362
0.262596
0.556328
0.625516
-1.06885
0.711288
-1.09026
-0.609881
0.866549
0.572166
1.38225
0.689664
0.252884
-1.57042
-0.446424
-1.0151
-1.04675
1.62077
-0.374127
1.65276
0.239611
1.3079
0.0228596
0.216799
-0.0596366
-1.13537
0.7995
-0.954696
-1.81554
0.575973
-1.2461
1.63417
1.56053
1.54619
-0.479976
-1.62736
1.65987
-0.265859
1.77034
1.79835
1.08006
-0.818916
-0.485518
1.36874
-0.703391
-1.36093
0.296001
1.73207
0.737112
0.136484
-1.70049
0.373171
1.9237
-1.39518
0.078423
1.25511
1.20682
0.569072
0.549574
-0.368879
-0.780177
0.896
1.27668
1.55985
1.48709
0.157406
-0.221677
1.13383
0.641226
0.608188
1.06974
1.56632
-0.442832
-0.485192
-1.54413
0.410856
-1.53962
-0.200358
0.155337
-0.896209
0.143249
-1.62018
-2.01913
1.39319
-0.491597
-1.51005
0.187472
0.913622
-1.22168
0.591666
-1.58252
-1.80479
0.0614284
0.0421325
0.58351
0.805107
2.01479
0.0254888
-0.421506
0.91961
-0.87823
-0.352184
-1.34478
-1.65824
1.74258
0.951764
0.723958
-0.258114
-1.20166
-1.3231
-0.995934
0.292276
0.95143
0.329645
-0.793718
1.75213
0.802673
0.13619
0.711884
-0.319468
-0.826683
-0.265927
0.932303
-1.7941
-1.32314
-1.80959
-1.64462
1.51554
0.923499
0.0532705
-1.36793
-0.193397
-0.0315809
-1.09557
-0.190754
-0.232634
0.531609
0.667234
-1.60905
-0.495911
0.469288
0.0688668
1.24667
0.565409
-1.24727
-1.51216
0.615345
-1.76192
0.357291
1.83596
0.0799112
-0.647887
0.778706
-0.185859
0.160447
1.60454
-0.361754
1.50998
1.43393
-1.15333
-1.39204
-1.62436
-1.72086
-1.64687
0.611855
-1.28831
-0.601324
1.36252
-1.80736
1.31645
-0.582784
-1.55482
0.965486
0.398856
1.33465
0.973403
1.31116
-0.731713
-1.46226
1.0302
1.29573
1.84791
-0.623169
-0.595245
1.04337
-0.574002
1.66095
1.30296
-0.284686
1.0717
0.985982
-1.2878
1.28198
0.0200632
1.22947
-0.587635
1.2925
-0.127554
-1.82167
1.42931
-1.36065
-0.579399
1.76881
1.86883
0.184435
0.505455
-0.0800218
-0.661584
-0.71336
0.661231
0.913211
0.947594
1.03055
-1.58255
-0.0683213
-1.82124
0.236787
-0.208352
1.23415
-0.737823
-1.5356
-1.30887
0.832644
0.154405
-1.56945
-1.69416
0.749944
-1.54642
1.23898
0.83524
-1.74642
-1.51508
1.7994
-0.178667
-0.452625
1.34376
1.79087
1.80672
0.932735
-0.578662
-1.63846
1.01468
0.260652
-0.48214
1.30654
-1.33214
0.162657
-1.86077
-0.215196
-1.59124
-1.43075
-1.36202
0.673105
0.96041
0.356837
1.81315
-0.369176
-0.67934
1.38643
-1.08093
1.59261
-1.90475
1.77788
-1.81387
1.63393
-0.0406132
2.07281
-1.53785
0.412906
1.74897
0.147506
0.559105
0.665418
-0.147837
0.561429
0.598204
1.47249
-1.66491
-0.932596
1.63868
1.47915
-0.200242
0.553958
-0.904051
-1.00258
-0.291076
-0.322628
0.203312
-1.3619
1.84022
1.64466
0.908764
0.081883
-0.612056
0.957492
0.577768
-1.14802
1.5372
1.25515
1.46681
0.871926
0.550909
-0.205175
1.68364
1.45201
-1.65053
-1.75989
-0.359268
0.979573
1.93915
-1.20588
0.572752
-0.445693
1.81127
1.30809
1.0817
-0.420569
-0.261334
-1.08059
-1.61267
1.29075
1.48658
1.78569
1.78685
0.0791584
1.11768
1.67761
1.3569
-0.888948
-0.364943
-1.36659
1.8384
0.352619
-1.0851
0.713782
0.378379
-0.512406
-1.3603
0.681288
0.0342814
1.0921
0.237049
1.29965
0.126548
0.033166
1.25109
-0.301085
-1.56291
-1.81168
0.97601
0.425991
0.730505
-1.32597
-1.34078
-1.78312
-0.529606
0.508724
-0.333603
-0.313099
1.20891
-0.718882
-0.16835
0.99072
-0.79423
0.347015
1.30882
1.73329
-1.39773
1.66375
-0.244682
-0.968492
0.0405224
1.901
-0.0708939
-0.677382
0.511691
-1.02083
-1.71601
-1.34778
-1.17325
-1.12885
-1.37723
0.829142
-1.24766
-0.835727
1.54893
-0.255776
0.473945
-1.22892
-1.39199
-1.83213
-1.13599
-0.755343
-1.30855
-1.51929
-1.44951
-0.0817269
-1.28053
-0.351049
-0.0422806
0.809714
-1.53837
1.10798
0.604264
-1.4449
1.58917
1.52322
-1.7533
-0.713819
1.16894
0.695258
-0.992147
-1.12126
-0.349348
-0.173271
0.398106
-0.572809
-0.125563
0.94375
-1.71891
-0.796893
0.787901
1.46331
0.0627667
0.366983
-1.23662
-0.315056
-0.145866
-0.91775
-1.05915
-0.283178
-1.77548
-0.692761
-0.967372
-0.627064
-1.45138
1.63529
0.504585
0.749452
1.05742
0.0822581
-1.27128
0.269087
0.395333
0.963415
-0.261489
-1.36652
-0.888883
-0.433818
0.551994
0.0838557
-0.564282
1.8109
0.239385
-1.17152
-1.72577
-1.34999
-0.993918
-1.17076
-1.06109
-0.931374
-1.04151
1.49331
-1.40172
0.0993676
-0.184662
1.88006
-1.47733
-0.46845
1.84779
1.5102
1.17282
-1.04872
-1.06402
0.693115
1.48918
0.124944
0.352377
-0.784375
1.00397
-1.11644
-0.726128
-0.130343
0.104977
-1.04996
-1.25838
0.346087
-0.727938
0.340288
-1.21853
-0.297116
-0.0516558
-1.68234
-0.564576
-1.1527
-1.51695
1.7844
-0.745043
1.30706
-0.676412
0.602063
1.04068
0.295905
-0.165766
-0.245164
-0.294098
1.88225
1.27051
1.63155
-1.51355
0.962375
1.71175
-1.35208
-1.62045
1.002
0.161392
1.37402
-1.58255
1.01148
-1.27266
-1.07544
-0.901195
1.12656
0.516749
0.0852444
-0.455203
1.36477
-0.373266
1.10532
-0.3005
-0.577799
-0.168469
-0.86833
1.14272
-0.00571197
-1.10532
1.68519
-0.601584
0.404686
1.59726
0.483893
-1.26853
1.66097
0.389563
-0.627255
-1.2911
1.47017
0.472399
0.0998739
1.49703
1.02323
-1.54479
-0.821656
-0.926583
0.78927
-1.65454
0.138356
1.07804
1.39079
-0.725659
0.996755
-1.48943
1.27335
-1.38357
-0.209434
1.11764
-1.42627
-0.753987
0.939523
0.959194
0.475168
0.749317
-0.223423
-1.06587
-0.573175
-1.05108
1.76442
0.270333
-0.425245
-0.0159879
1.73066
-1.22252
0.307151
0.156256
0.293923
-1.90091
1.30076
1.55353
0.139333
0.951359
1.46029
0.656425
-1.14723
0.450564
0.402616
-0.399328
0.774721
1.56107
1.66892
-0.311014
-1.69139
2.08717
1.06918
-1.55201
1.60134
1.45407
0.0171276
0.130438
-0.43214
-1.49154
-0.608828
1.36153
-1.94749
-0.852086
-0.437054
0.108711
1.7262
-0.449088
-0.494123
0.887761
-0.0200766
-1.01226
-0.235005
-1.33246
-1.08133
0.0868474
-0.199094
1.88265
-0.530608
0.489192
0.562426
-1.80896
0.712621
-1.34138
1.74443
-1.27636
-0.460391
-1.52975
1.89821
-0.0475011
0.310277
-1.66201
1.04364
-1.18813
1.4237
-1.25375
-1.47647
-1.72022
-0.0239645
0.223499
-1.79461
1.09843
0.0230882
-0.00246824
-0.337782
-0.509041
0.167814
-1.27589
-1.03383
1.34504
1.74598
-0.793885
-0.920845
0.512925
-0.229782
-1.98799
-1.14102
0.679887
0.58617
-1.70676
-0.914367
-0.897042
0.6732
-1.75566
-1.35052
0.958945
-1.10517
0.64664
-0.923646
-1.39996
-0.674158
0.988233
1.29901
1.3441
-0.245813
0.523577
-1.02134
-0.679118
1.33516
-1.88771
-1.59091
-0.725107
-1.73369
-1.0054
0.340438
-0.400409
1.34786
1.18106
-0.706477
-0.909328
-0.679696
0.19424
-0.762367
0.595949
-0.233624
0.127754
-0.278676
-0.779558
1.83253
1.04068
-1.39188
1.44095
-0.263454
1.76416
1.21959
-0.314776
-2.07996
-0.977784
0.226744
0.556161
-0.905157
-1.32107
1.26682
1.84691
-0.21438
-1.06633
-0.78367
-1.70244
1.63005
-1.36024
0.497758
-0.407686
0.0639175
0.828014
1.20168
-1.20408
-1.95017
-1.14779
1.59213
1.37191
0.442849
0.580711
0.689066
-1.35889
1.50779
-0.188111
-0.558199
-0.165732
-1.59294
-1.06425
0.618611
-1.39766
0.454762
-0.867646
-0.561984
-0.558569
-0.246065
0.96481
-0.60963
0.193494
-0.0107505
0.792153
1.55041
0.717569
-1.18177
-1.92269
-0.797137
0.415203
-1.84431
0.0545978
0.372406
-0.440337
0.930919
-1.39497
-1.53124
0.982111
0.182785
0.693425
-0.267107
-0.814945
1.31501
0.978112
0.869842
-0.653967
0.411126
-0.486405
-1.44203
1.6793
-1.28462
1.75791
-0.225574
-1.17397
0.05567
1.41589
0.890005
1.29007
0.499419
0.831549
1.18883
-1.04678
-0.23457
-1.03081
1.83863
1.66383
-1.70237
0.686526
1.30005
-1.23893
0.292187
1.39531
-1.58504
0.94167
-0.739173
1.62974
1.83348
1.5495
-0.0795296
1.16886
1.16782
-0.807067
1.14
-1.58384
0.230173
-1.12315
-1.58429
-1.75802
0.610786
-0.727321
0.533978
-1.66576
-0.64399
0.410389
1.0315
-0.596179
0.498712
1.38764
0.35628
-1.00777
-1.75904
1.40126
-1.7739
1.42713
-0.0485415
1.81515
1.16524
1.68201
-0.456112
0.889288
-0.418039
0.134379
0.503624
1.44805
1.72789
0.709192
-0.227009
-0.335516
1.00582
-1.17039
-1.25773
-0.242802
-0.905503
-0.774206
-1.0027
-1.80306
-1.75243
1.80582
-0.450705
-0.423868
0.870157
-1.05362
1.73785
0.982103
-1.603
-0.327961
1.38885
1.72477
-0.260977
0.486445
-1.16765
1.76668
-0.978528
1.6716
0.444742
0.461051
0.0612322
-1.03944
-1.04018
-1.04561
-1.0253
1.3817
-0.751467
-1.61497
2.03762
1.45842
1.60042
1.9678
-1.62357
-0.306153
1.04509
0.359677
-1.42527
1.1206
-1.04669
-1.09788
0.163991
0.263536
-0.0953546
-1.31836
1.56177
-1.03139
-1.43369
1.48135
1.71136
1.04056
1.22478
0.439849
-0.0663899
-1.82854
-0.171731
-0.587293
-1.05839
0.609977
-0.0853179
-1.58402
-1.117
0.838126
-1.66144
1.37636
-0.232631
-0.0955755
0.505444
0.995466
-0.307259
0.992697
0.299651
-0.582807
1.59342
1.17482
0.545253
1.1469
1.56678
0.698228
1.10847
0.668068
0.557831
0.345857
0.837649
-1.13617
1.31875
1.11942
-1.81613
1.04201
-1.35266
-0.744536
0.821582
-1.28386
1.01412
1.15108
0.148468
-1.8285
-0.828829
0.553425
2.06223
0.440993
-0.747659
0.455809
-0.172125
0.992268
-1.2754
1.05514
0.267643
1.36251
-0.527438
0.503716
1.6534
-1.51967
1.58446
0.449229
-1.75701
-0.832112
0.64448
-1.75392
0.376037
-0.614954
0.692905
-1.69913
1.31466
1.75268
1.52502
0.684969
-1.60166
0.627128
-1.80437
-1.91147
-0.356103
0.183661
1.01224
0.661093
-0.182287
-0.855268
1.8173
-0.461692
-0.322936
-1.30632
1.06583
0.655942
-1.01386
-1.61899
0.585313
0.416055
-0.87925
1.89175
-1.39466
-0.131202
1.87287
-0.178371
0.646718
-0.435607
-0.917758
1.68266
-0.289216
1.57382
-1.25688
-1.03894
-1.77366
0.53108
-0.547463
1.48969
0.0386955
1.7776
-1.09705
1.44621
1.16346
0.936753
1.03805
0.789665
0.128145
-1.60132
-1.70547
1.71867
0.313296
0.970796
-0.212324
-1.80006
-1.39743
0.702741
-0.469756
-1.16462
0.0861548
-1.50011
0.47108
-1.03949
1.20995
-0.799199
-0.177032
-2.11014
-1.71644
-0.429108
-0.104306
0.477766
-0.847223
0.699164
1.42558
1.10399
-1.77956
0.0842981
-1.44655
-0.857181
1.75297
-1.51276
-0.086347
0.220188
0.97909
0.0963662
-1.98438
-0.602257
0.0454247
-1.52495
-0.385977
-1.87173
-1.6289
-0.553425
-1.10607
0.544505
1.08232
1.18479
-1.23965
-1.10378
-1.35539
0.624858
0.731985
-1.87569
1.77392
-1.76111
0.275695
0.996062
1.38174
0.635573
0.960301
-0.421982
1.1747
-1.43025
1.53088
0.0729858
1.2085
-0.268112
0.463021
0.101228
0.825059
-1.41842
-1.65179
-1.05038
-1.22866
1.6722
-0.844811
1.89137
-0.574102
-1.39526
1.21613
0.553767
-0.0784369
-0.0326614
0.936484
-1.00204
1.72908
1.67925
0.472671
-1.28021
0.668575
-1.60698
-1.96042
-0.69087
-0.0518235
1.3421
0.6315
0.743935
-0.305753
-0.750408
-0.403371
1.98753
-1.72186
1.42995
0.276815
-0.0943933
0.994189
-0.222373
1.38546
1.59506
-0.526701
-0.826791
0.504409
1.43747
-1.16208
0.423486
0.292708
0.5182
-1.51118
0.752151
1.63582
-1.14275
-1.04151
1.71836
-1.12559
1.31939
0.0185559
-0.906749
1.04328
-0.348089
-0.096174
-0.576073
0.3278
-1.50732
-0.200141
1.58013
-0.943599
0.704869
-0.499534
1.05448
-1.41932
1.83267
-0.142497
-1.30587
-1.62705
-1.2789
0.244066
-0.333583
1.24061
-0.157766
-0.968659
0.421045
0.984448
-1.12101
-1.15867
-1.72509
0.904691
0.588989
0.00814892
1.35934
1.19454
0.320456
1.27013
-1.12725
-1.63753
-0.804947
-1.64912
0.242088
1.28796
-1.79915
-1.33441
-0.164897
1.52213
-0.63971
-0.00730513
-1.61939
-1.15526
1.94479
1.88753
-1.78465
1.70019
0.442635
1.15664
-0.175575
-0.113293
-0.166653
0.61497
-1.28237
-1.79871
-0.55956
0.800312
-0.844694
0.659766
1.52448
-1.50321
0.817577
-0.1767
1.38189
-1.37026
0.844616
1.16209
1.52982
0.633018
0.1618
0.496621
1.30875
0.219377
-1.6195
1.57036
0.662267
0.49465
-1.3362
0.557041
-0.482373
0.506348
-1.5632
0.607942
1.74038
-1.87043
1.90936
-0.187927
1.35404
1.00332
0.0190111
0.828532
1.33651
-0.561766
-0.516012
0.848181
1.09318
1.09349
1.14899
-0.128196
0.688949
-1.64333
0.098057
-1.90288
-0.570278
-0.768408
-0.603684
0.703865
-0.587
-0.319612
-0.567798
-0.706967
-1.14263
-1.59729
0.541217
0.694745
0.685879
-0.0936953
-0.413448
1.14906
-0.0763372
-0.14531
-1.84268
-0.629373
-0.572849
-0.394011
0.403055
0.240026
0.410123
1.23413
0.845737
0.796076
1.59367
-2.15939
-1.14259
-1.93919
0.793207
1.51197
-1.00713
1.54166
-1.64295
1.51548
-0.639624
-1.45834
0.155464
-0.907395
-0.911495
-0.716002
1.16035
-0.0896822
-0.767701
0.536138
0.742947
-0.768069
-0.292373
-1.3894
-1.23892
0.635585
-1.38922
-0.0337856
0.701356
-1.30496
0.318131
-0.798479
1.80797
0.0758104
1.12184
0.122149
-1.61848
0.422848
1.61783
0.479183
1.25367
1.37883
-1.14515
-0.927102
0.33665
-0.280889
1.24224
1.37404
-0.769054
-0.971436
1.12706
-0.82247
1.24283
-0.222989
0.469781
-1.49573
0.425452
-0.208549
0.100877
-1.42725
0.965032
1.29112
-1.18313
-1.73228
-1.6826
0.689215
0.246913
0.346182
-0.818682
-0.197515
0.732283
0.180031
1.86143
-1.44587
0.671847
-0.129071
-0.217345
0.88932
0.594112
1.72177
-1.77947
-1.43468
0.914388
0.182018
-0.958543
-1.73978
-1.27176
1.69183
-1.10162
-0.605172
-0.983852
-0.278368
-1.45619
0.0752773
-1.67903
1.15708
-0.930955
0.00172933
1.34018
0.523985
0.0207743
-0.694148
-0.536329
0.791988
1.83697
0.485548
0.0813792
0.662758
-0.240142
-1.72383
0.346375
1.67082
-1.25127
0.829368
-1.30438
0.25108
-1.46049
-0.163104
0.851056
-0.665651
0.685994
1.17962
1.57023
-0.904878
-0.348874
-1.28435
1.85673
1.62546
0.39799
1.23495
0.13139
0.653676
-1.6018
1.08635
-1.52728
1.26175
0.946142
0.545235
-2.02561
-0.706419
-0.91166
-0.252955
-1.55152
1.38091
0.160788
-0.560711
-0.118222
-0.111183
0.722952
0.293742
1.8282
0.131646
1.89334
1.30346
-0.976713
1.70541
-1.42831
1.31313
-0.446517
1.50813
1.3387
1.32087
1.124
-1.10305
-1.75649
-0.173358
-1.14464
0.792457
-0.572057
1.71113
0.500341
1.22369
-1.39605
1.35517
1.38607
-0.0374416
0.453219
0.533775
-1.60063
0.00994012
-0.353344
-1.30025
-0.28647
-1.66054
-1.81504
-1.11704
1.83332
0.206599
1.58028
-0.377164
-0.669633
0.149866
-0.209984
-1.20832
0.738857
-1.04891
0.380971
0.455557
-1.05889
-1.38764
1.09813
-0.272473
-1.89318
1.94243
-1.4364
0.814574
1.64164
-1.08963
-1.25853
-1.30224
-0.678214
-1.52398
0.698911
-1.49242
0.188384
2.02091
1.14737
0.399679
-0.430255
0.214666
0.0600431
-0.46802
-1.28898
1.29499
-0.240654
-1.18675
-0.606379
-0.272047
1.17479
0.637953
0.900653
-2.04028
-0.448532
-0.0552011
-1.80913
-0.819789
1.04758
-1.54352
0.15817
-1.04653
-1.63444
-0.978442
2.33394
1.1747
1.56653
-0.386865
-1.52055
0.274698
-0.325444
1.27754
-1.56977
0.174799
-1.31516
-0.496894
0.983447
-0.240223
-0.474689
-0.0288013
-0.0971524
1.30931
1.49618
1.55368
1.0636
-0.850455
0.746822
-0.316245
-0.861885
1.33045
-1.75192
1.67756
-0.158095
0.439994
0.520103
1.3526
0.388304
0.233655
-1.44255
-0.0237179
-1.38971
0.703189
-0.000732799
0.504279
-1.69798
-1.6323
0.716714
-1.51382
-1.67423
-1.45485
1.66825
0.962418
-0.565825
-0.902438
-0.558815
1.29207
0.562376
-1.37673
-1.31592
-1.37539
0.523819
1.06132
-0.951528
-1.7285
-1.50254
2.10765
-0.769041
1.09223
0.637979
-0.363239
-1.05294
-1.33192
0.452763
1.05177
0.604722
-0.0196
-1.54179
1.93076
1.13413
-0.647207
1.72535
0.296701
0.0689597
1.05198
0.973659
0.376824
-1.57197
-0.662623
1.65914
-1.26386
-0.576841
-0.228981
-0.0861598
0.613918
1.78694
-0.934374
-1.32854
-1.33098
1.57235
0.784188
-0.651284
1.03698
1.49561
1.40952
1.47319
-1.03308
1.05877
-0.074101
1.10617
0.720514
0.731746
0.475009
-1.06132
0.332026
2.05169
1.26163
-2.09032
-1.24208
-1.30112
1.12139
1.23652
-1.10161
0.196845
1.53569
0.759615
-0.0783832
0.192262
0.0231437
-0.839542
0.319812
0.73704
1.18516
0.63698
0.944417
-1.43455
0.0921136
-1.9358
-0.871746
0.82555
1.72062
-1.47287
-0.556941
1.19268
-1.16491
0.103368
0.900899
0.191924
-1.35709
-0.59507
0.986644
-0.223754
-1.80101
0.713446
-1.80716
0.982594
-1.085
1.75211
-0.64215
-0.520511
-1.31245
-0.653458
1.47755
1.8302
-0.655155
-0.0560706
0.85912
1.41415
0.182167
-0.719715
-0.234007
0.842693
-2.04443
0.305847
-0.551401
1.16025
-1.50381
0.253303
-0.087776
0.686621
-1.61069
0.190019
0.294315
0.369235
0.424986
0.79466
1.02395
-0.880593
1.23349
-0.284324
-1.65988
-1.6991
-0.609132
1.1269
0.787293
1.11394
-0.00263927
-0.456418
-1.46155
-0.557145
-0.238407
-1.5407
-0.749354
0.573494
0.867031
1.9092
1.56508
0.237734
-0.35614
0.53939
0.856928
-1.60483
-0.323339
1.2947
-0.516201
0.293613
0.319465
-1.46658
-0.949855
-0.719064
-1.8063
-1.71797
1.34197
-0.876742
-0.137556
-0.777255
1.60722
-0.982781
-0.0330891
1.33934
1.19329
-1.3321
1.06644
-0.100037
-0.110994
-1.38087
-1.33712
0.988965
0.0614351
-0.254214
1.04871
0.989275
-1.3013
0.476233
-1.5057
1.01148
0.457694
1.55216
-1.63557
-1.56139
-0.929982
-0.803514
-0.815806
1.73452
-0.89126
-0.96676
0.779604
-0.295202
1.00511
-1.89686
-0.0274526
-1.86609
-1.55458
1.82266
-1.42634
0.310899
-0.0978307
-0.428903
1.71013
-1.68668
0.711103
1.75094
0.148938
1.37467
-1.75955
-0.121795
-1.1789
0.999538
1.54446
-0.886433
0.467218
-0.975927
0.392524
-0.0449798
1.50536
0.319692
-0.600048
-1.44535
-1.27213
-1.04623
-0.788142
1.51509
0.217758
0.215781
-1.29152
1.43467
0.573774
-1.78361
0.797108
0.167851
-1.50679
-0.0842048
-0.0746564
-0.941252
1.85169
1.28658
0.729866
-0.205233
-0.45081
0.317929
0.142557
-1.78319
0.302701
1.10946
-0.135502
-1.67864
1.12411
-1.14839
-0.981505
-1.06665
-0.632988
0.847296
0.203152
-0.869663
1.7424
1.33468
1.47489
-1.12039
-0.167657
1.61775
0.790981
-1.85335
-1.48561
-0.084595
1.62894
0.0418988
-0.159075
-1.29485
0.894342
1.07468
-0.54378
1.06678
1.81192
-1.09042
0.00230133
-0.724969
1.42141
0.353412
0.711916
0.972597
-0.216895
1.42459
-0.163918
-1.26319
0.969272
1.06681
-0.668925
1.24762
1.66986
-1.03195
1.62178
-1.44765
-1.26323
-1.19576
1.76216
0.66322
-1.13935
-0.228112
0.446773
-1.44829
1.55498
1.2258
-0.0733996
1.7938
-0.328464
1.59343
0.382167
0.178675
-1.22441
1.51963
-0.263264
-1.38127
-1.62058
0.434228
0.2496
0.823373
1.27985
-1.36259
0.890426
-0.82124
1.38503
0.9574
0.0374123
0.586113
-0.749735
-0.168824
1.22037
-0.438945
-0.539972
-0.0119316
0.981295
-0.527452
-1.04039
0.73549
1.03921
-1.46424
-0.889314
-1.3639
-0.571134
0.0573288
0.987431
0.565243
0.400582
-0.646111
1.38229
-0.183846
1.73969
0.0588012
-1.4176
0.499986
-0.808497
0.446571
-1.472
-1.26699
1.34432
-0.888139
1.23903
-0.796477
0.398375
0.635108
0.0147042
-0.844174
-1.07383
-1.65714
-0.705256
0.906559
1.73092
1.42203
0.90693
1.05318
0.463032
-1.13852
1.70279
0.628028
0.116558
-1.56772
0.0173786
0.0743272
1.3798
0.244962
-0.374683
1.4628
-1.24781
-0.268907
-1.42503
1.03908
1.68752
-0.645334
1.3037
-0.663048
1.41495
0.88344
1.01939
-1.64809
1.79098
0.636992
-0.918546
1.05955
-1.08339
1.36338
-1.64687
0.787409
-0.00787595
-1.47719
-0.981569
-1.74816
-0.20906
-0.741697
0.15333
-0.91558
-0.771526
0.923846
-1.38709
1.76416
1.2985
0.586597
0.236605
1.62433
-1.36861
-1.59171
-1.01919
1.08449
-1.84349
0.558961
1.91138
1.23322
-0.357423
-1.64165
1.32181
0.498359
-1.48057
-1.49846
1.61756
0.756754
1.27534
1.52446
0.103897
-0.129404
-0.150266
-0.795179
-0.255179
0.903756
0.369049
1.44556
-0.351968
0.347479
0.185538
0.465388
0.572651
-1.22977
-0.106437
-1.42274
-0.33577
-0.0959092
0.489773
1.65365
0.286173
0.732159
-0.247567
0.593704
-1.60777
-0.673159
-0.478117
-0.331092
-1.78049
-1.01428
-0.935874
1.81156
-0.699785
-0.218396
-1.10534
0.713438
-1.18969
-1.18017
0.0181193
-1.91851
-1.72362
-0.769844
-1.67882
-1.24986
-0.407007
1.10101
0.182058
-0.100134
-0.510358
1.76856
-0.463894
-1.37839
0.642643
-1.33597
-0.679325
0.245037
1.34093
0.0233948
1.02801
1.49944
-1.54998
-0.754736
-0.390396
-0.252445
-0.315623
1.74247
0.734151
0.444469
-0.571328
1.31252
1.83039
0.781212
-2.08941
0.14663
-1.97288
-0.990217
-1.78044
0.652283
0.63101
-1.43609
-0.538692
-0.268989
-0.458309
-1.41379
-0.237144
1.13457
-1.7596
-1.37984
-0.182069
1.71631
0.298001
0.703457
-0.324092
0.311569
-1.76511
0.625922
1.58751
0.29854
1.25709
0.604366
-1.48408
1.57963
-1.59659
0.0898679
-1.4331
-1.73182
-0.139114
-0.946219
0.136391
0.267793
-1.64476
-1.60095
0.254131
-0.373073
1.01722
0.545318
1.38283
0.831625
-0.227408
0.540253
-0.757481
-0.614892
1.22604
-0.0992074
1.36465
1.39755
1.149
1.22894
-0.466699
-0.924413
0.291781
-0.564109
0.539695
0.705264
0.267032
-0.888415
-1.44046
-0.0985457
-1.4848
1.35179
-0.794229
-1.29975
-1.56981
0.877701
0.548925
-0.572328
-1.61581
-0.136442
-0.740302
0.949676
0.393782
-0.576561
-0.690565
1.90569
-0.382065
0.744005
-1.40895
0.0512826
-1.68043
0.0976573
1.85076
-0.763794
-1.73973
-1.51501
-0.179212
-0.985864
-1.45629
0.836289
0.0121878
-0.692751
1.62926
-1.23932
1.80833
-0.592123
1.53218
0.269668
1.40914
1.65735
-0.777403
1.64731
-0.629122
-0.477741
-0.651794
0.108036
-1.31955
0.414985
0.160295
0.819454
1.28993
-0.498356
-0.714563
-0.80638
-1.16384
-1.73817
-0.202564
-0.978075
1.87651
0.329366
-0.553836
0.259236
-1.26315
0.152407
0.624262
0.0718205
-0.22876
1.80101
1.3755
0.310523
0.156013
0.516157
-1.13121
-0.277081
-1.54555
-0.0556015
0.241495
-0.774782
1.77745
1.59729
0.979049
0.0227301
1.52407
-1.35732
1.28324
-1.56496
1.0197
-0.730669
1.3715
1.78908
-1.45006
0.0582995
1.95253
-0.0246534
1.32458
0.161534
-0.614689
-1.08708
-0.930894
1.09527
-0.430287
0.157283
0.0349176
0.383006
1.43235
1.81952
-0.506226
1.31936
0.76368
0.295782
1.83677
-1.14324
-1.41081
1.48841
-0.113127
1.25991
1.20699
-1.36112
1.49539
-0.351958
-0.0295273
0.375701
1.44679
-1.82462
-0.00793857
0.754283
0.737277
0.152108
-1.5829
-0.801931
-0.445234
1.06986
-0.892571
-0.798639
1.67765
-2.03358
1.84676
0.397143
1.10047
-1.00615
-1.60211
1.02355
1.34564
0.612612
-1.46636
0.989275
0.88043
0.520664
0.653127
0.816655
-0.00718005
-1.83391
-0.244028
-1.44675
-0.323956
-0.61355
-1.59012
-0.341518
-1.42704
1.06441
1.48491
-1.64491
1.69715
-0.284057
-0.916935
-1.54737
0.121358
0.9216
0.579963
-1.49636
-1.51426
-0.202264
-0.488956
-0.760256
-0.572277
1.19594
1.54504
-0.356904
1.35898
-0.88086
-0.278723
-0.807189
0.625223
1.76433
0.168752
-0.401833
0.464346
-1.42776
1.34999
-0.0376796
-0.23069
0.25523
0.102002
-1.55061
0.752685
-0.844538
0.875819
1.47438
0.711211
0.0457468
-0.216533
-1.49155
1.06502
-0.993514
-0.255297
-0.827683
-1.18998
0.696472
-1.6623
0.878843
-0.749229
-1.84728
-0.0758438
-1.5275
-0.53884
0.997237
-1.61046
1.27441
-1.82851
-1.04411
1.14144
-0.769147
-1.37249
-0.268499
-0.663542
1.20645
-0.678156
1.19502
1.59102
-0.218036
1.39414
-0.616519
1.39084
-1.56886
0.885114
-0.0986039
-0.281689
0.173493
0.699007
-1.75303
-1.30096
0.789903
0.868633
1.51018
0.851127
1.5755
0.538974
-0.971154
-1.4349
1.20965
0.39004
-1.89213
-0.537921
1.68084
-0.0303206
-0.249503
-0.384534
-1.2298
-0.293757
-0.598688
-1.58975
0.948386
-0.105059
1.13073
1.09778
-1.42683
0.643272
-0.0479969
1.3449
-0.924935
0.817557
0.275707
-1.06844
-1.47552
0.39997
1.04795
-0.685054
0.342659
-0.483738
0.767152
-1.15457
1.34639
-0.89917
-0.677712
-1.54557
-1.36406
0.109906
-0.919347
1.45266
-1.64788
-0.492334
-0.591771
-1.92869
-1.06939
-0.166366
0.0684978
-0.398477
0.469671
0.311839
-1.62613
0.184236
1.79985
-0.0839155
0.639043
-0.700729
1.10738
0.903925
0.0139615
1.61013
-1.69491
-1.65232
1.37527
1.21643
-1.59072
-0.834605
-1.85162
-0.232333
0.990945
0.0387845
-0.562576
-0.393938
-1.53251
-0.522014
0.994613
2.02284
1.1406
-1.73601
1.45611
0.784891
0.840435
-0.509509
-0.334707
-0.711184
-1.58935
-0.703553
-0.929493
0.084168
1.07866
-0.141117
-1.48554
1.96139
1.58685
1.14009
1.66504
-0.0222988
1.6899
-1.99218
-0.682978
-1.01665
-0.960297
-1.11369
0.77036
0.856932
0.280036
-1.28466
1.25629
0.432938
-0.388851
0.502255
-1.09752
-0.346595
1.58631
-1.18638
-0.274063
1.42909
0.315649
-1.90744
-1.62353
-1.77424
0.607
-0.0690678
-1.39987
1.92696
-0.136952
-0.827537
0.146158
0.551557
-1.73922
-0.737092
1.17283
-0.241556
0.188573
-0.201337
-1.55791
-1.16309
0.0952203
-0.810822
-1.31039
1.88452
1.73151
1.03412
1.44234
-0.851898
1.76953
-1.24887
2.05538
1.71123
0.745562
1.7247
0.0904575
-0.904494
-0.215892
0.25616
-1.55483
1.01673
1.91968
-1.04785
0.887971
1.62025
1.34585
1.40736
-0.241944
1.55872
0.866634
-1.1607
-0.131453
0.631301
-1.11239
0.408308
0.639046
-1.328
0.0746466
0.773665
-0.260873
-2.18223
-1.8596
-0.373955
1.19597
-1.01749
0.474386
-0.783542
-0.652104
1.04897
0.632272
-1.56976
-0.353891
-1.78511
0.198058
0.601909
-1.22409
-0.561207
-0.278106
1.58074
1.96991
-1.90357
1.04999
-0.415422
-0.52501
1.27399
1.44913
1.52626
0.0703041
-0.795558
0.933657
-1.08664
0.138102
-0.698798
0.377813
-1.0442
-1.30882
1.47517
-1.61691
0.0662029
-0.833599
-1.80932
-1.2691
-0.865459
1.50459
-0.610026
1.80666
0.113403
-0.177367
0.279332
0.224442
1.00847
-0.644139
-0.497772
1.23067
1.69764
1.50122
-0.338733
0.703782
-0.380772
-0.26791
-1.20845
0.0256733
-1.37226
-0.701285
1.25517
-1.23216
-1.592
-1.41048
1.5783
-0.112251
-0.265192
1.38898
1.32113
-0.902598
0.791099
0.74314
0.528928
-1.31705
1.26005
-0.0834352
-1.18735
-0.416983
-1.75628
-1.41529
0.916804
-1.70139
-0.0388668
0.295885
-1.39752
2.10828
-0.966447
-0.604767
-0.781626
-1.0379
-1.31554
0.816699
2.03005
-1.00182
0.622979
0.988775
1.16505
-0.454794
-0.58704
-0.586433
0.68925
1.24092
-1.15737
-0.296837
1.84008
1.07754
1.94708
0.897717
-0.42168
0.336199
0.43226
-1.54554
0.428503
0.815612
-1.11238
1.23055
0.5036
1.33705
-2.09147
-0.869544
0.547183
-0.588533
0.927429
0.928991
-1.32768
0.0542586
0.145581
-0.156035
1.58744
1.17973
0.919052
0.667142
-0.0468182
1.72492
0.59812
0.659154
1.25999
-0.745861
0.94748
-1.28214
-0.469815
-0.325968
1.71476
1.12388
0.63411
0.737056
0.107699
1.62693
-0.394528
-0.266322
-1.49013
1.04767
0.692488
-1.01357
-1.81392
1.14941
-2.01353
0.858245
1.83174
-0.262329
-0.70335
0.753323
1.00852
0.236736
1.33693
-1.87309
0.337629
0.759486
1.04797
-1.28111
1.04409
-0.0209984
-0.595555
-1.38757
1.2726
-1.45068
-0.630557
-0.803175
1.46284
0.761296
0.979502
-1.11456
0.677813
0.034076
1.48217
1.1201
-1.91039
0.810646
-1.71748
-0.0994259
-0.846203
-0.670437
-0.496
0.445225
-0.582167
0.862508
-0.355896
-1.59291
1.02767
-0.891641
-0.296555
0.732774
-0.677743
-1.4504
0.0475806
1.81
0.474163
0.492774
0.0957304
-1.19563
-0.335139
0.744119
-1.52054
-0.725899
-0.583987
-0.00391996
1.82926
-1.64391
0.176471
-1.08065
1.59056
-1.32311
0.049304
0.67197
0.679787
-0.504593
-0.787879
-0.474246
-0.879136
-0.912803
-0.0695592
-1.00368
-0.562149
0.969212
1.75003
0.29253
-1.87416
-1.34734
1.73365
-0.364466
-1.40397
0.748575
0.469016
0.5694
-0.81805
-1.48884
1.70169
-1.07702
0.731065
0.884631
0.336987
-0.675992
-0.744901
0.357421
1.27879
1.53667
-1.5414
-1.00793
1.61645
0.800889
1.52689
-1.30943
0.307945
0.81249
0.498323
-0.481531
-1.83763
0.454419
-0.943457
-0.0634859
1.71739
-0.43683
1.2443
-1.33519
0.364971
1.73748
-1.99549
-1.68242
0.0207961
-1.14835
1.24507
1.78497
-0.535935
-0.896484
-0.0691618
0.577153
-1.74831
0.53343
0.259702
0.541014
-0.88686
0.938872
-1.5987
-1.0966
1.64641
0.520776
-1.86712
-0.613037
-1.01618
-0.673
-0.753336
-1.2422
0.0805367
1.08625
0.673182
0.70623
-1.26565
1.86617
1.46052
1.15463
1.13282
1.46538
-0.023091
-1.17208
0.464462
0.896822
0.731588
-0.138247
-1.53014
-0.44186
1.80725
0.156019
0.146137
-0.826299
-0.569835
1.49123
0.489596
0.863354
-0.224209
0.44192
-1.08535
0.715175
-0.395153
-0.184964
0.546299
1.61403
-2.11082
1.19976
-1.07304
-0.150848
-1.89351
-0.411532
0.0689204
-1.50478
0.116062
1.58598
-1.44725
1.18658
-0.509439
0.537659
-1.08852
-1.40454
-1.18342
-1.63325
-0.852946
1.09394
1.52677
1.02052
0.693031
-1.57959
-0.68722
-0.55626
-0.698797
0.181338
0.352045
-0.559767
-0.429655
1.34533
0.861186
-0.625446
1.54359
1.36707
-0.911137
-0.774144
-0.108818
1.6743
1.38383
-1.6281
-0.217593
0.0968797
-0.284288
-0.861773
1.40497
0.53382
1.14232
1.08813
0.678046
-0.524202
0.23038
-1.31783
0.546799
-1.35955
0.461757
-1.3092
-1.58924
-1.17879
-1.71217
0.913055
0.67431
-0.44843
-1.56152
-1.6304
-2.01344
-0.815398
1.73278
-1.11924
-0.468444
-1.42937
-0.992205
0.276107
0.250118
-0.935218
-1.78308
-0.135604
-0.935652
-0.349536
1.63772
0.553234
0.192833
-0.254196
-0.1823
0.251248
0.761053
0.800581
-1.14179
0.112645
-0.262934
1.44528
0.312749
-0.0598267
-1.41729
0.324228
-1.37829
-0.669146
-0.920212
0.985044
-1.1298
-0.266332
1.58626
-1.18513
0.0817256
-0.223489
-1.73236
1.40037
-1.67617
0.251866
0.244919
0.461103
0.626725
-0.788033
-1.32318
1.13769
0.31061
1.35821
1.14563
1.09148
-0.192879
-0.46377
1.15228
-0.315236
-1.14306
1.49654
1.28227
-0.377675
-1.61815
-0.117905
1.30234
1.3818
-1.44422
-1.85039
1.41636
-0.316704
0.146858
1.48254
-1.88061
0.67252
-1.36967
-0.289533
1.33523
-0.289872
1.78945
0.235942
-0.777409
-0.936377
-0.666762
-0.307092
-1.51751
-0.195177
0.110065
1.02363
0.714606
0.573934
-1.8596
-0.862645
0.876289
-0.312813
-1.66492
1.40303
1.08433
-0.0555099
-1.59197
1.38813
0.377412
1.28607
0.780193
1.29151
-0.0218981
-1.22679
0.705332
0.585123
0.807918
-1.21991
-0.721377
1.47634
1.11158
1.51926
0.892235
0.0487705
0.461798
1.43565
0.11318
0.153067
-1.48523
-0.0484693
0.905321
-0.968036
-1.21693
-0.713635
-0.815043
-0.491233
-0.183111
1.51483
-0.0240967
-1.19941
-1.63834
1.05512
-0.0915001
1.45283
0.586599
1.35889
-0.855181
0.738371
-0.790127
1.48427
0.127963
-0.69834
-0.763889
-1.05831
0.516927
-1.18178
0.601166
-0.565148
0.752375
1.14039
0.83098
0.79525
-1.53775
-1.22
0.831269
-0.520962
-0.500895
-1.80418
-0.846506
-1.43561
1.68317
-0.927802
0.473829
-1.54271
1.02034
-0.29688
1.8519
1.51372
-0.616607
1.72896
2.08227
1.05798
1.17481
-1.1566
0.372959
-1.61223
-1.11446
2.03294
-0.500807
0.915771
1.13312
1.22343
1.38697
-1.49552
-1.64819
-0.319561
-1.15681
-1.319
-0.358538
1.36085
0.255417
-0.686016
0.651482
-1.15489
-1.67693
1.3608
0.630385
0.747695
-1.77796
1.69899
0.308963
0.210765
0.44383
1.2243
0.210256
0.279799
1.79791
0.690544
-0.2343
0.885974
-0.463856
-0.768939
0.684003
1.76541
1.53262
-0.867052
0.0786542
-0.932044
2.29074
1.76248
0.357155
0.960743
0.427446
0.139701
-1.84731
0.209276
0.733716
0.490703
-0.536127
1.71196
-1.33323
0.0482496
0.634862
0.574831
0.158441
-0.991629
-1.22166
0.491234
0.376839
-1.25367
0.791864
-0.0653906
0.635329
0.851929
-1.53763
-1.51595
1.06092
0.757511
0.845827
1.39124
0.797551
1.4709
-0.245163
-0.155136
-0.55459
-1.19023
0.345479
-0.80664
1.4427
0.222091
0.417986
-0.696699
-1.97242
-1.81576
-0.00770177
-1.26624
0.684503
1.33491
1.40895
-0.0620908
-1.01521
1.30115
1.19532
-1.19372
0.832617
-0.821529
0.92545
1.67537
-1.68042
1.43077
0.427144
1.74278
-0.0941358
0.854164
-1.95958
-0.658671
-1.65999
1.8853
1.07881
1.18614
0.631407
-1.77819
-0.812448
-1.85228
-1.30545
-1.00098
-0.107721
-0.984563
-1.43655
-0.84809
-0.954168
1.88481
0.984717
1.5735
-0.353387
-0.956437
0.772626
-0.892374
-1.03265
-1.04452
-1.28579
-1.01646
-0.361271
0.647731
-1.70928
-0.685328
1.27828
-1.34117
-0.664502
1.36192
-1.48545
-1.38973
-0.024065
-0.800281
0.39424
1.28956
-1.39452
0.339036
-0.0564826
-1.38187
0.596128
-0.980126
-0.0562204
-1.47863
-0.015119
-0.390189
1.37521
-1.69176
-0.0332439
0.139917
1.02813
0.530133
0.759548
0.938283
1.32971
-0.70571
0.175675
1.31801
1.56402
1.10646
-0.952649
-1.14449
-0.0293863
0.994892
-0.227078
-0.193489
1.17938
-0.631181
1.35569
-0.474014
-0.518504
-0.228026
0.75246
-1.51566
-0.908846
1.95914
-1.16983
0.174614
0.302373
0.260784
0.173688
-1.01514
0.119631
-0.501471
0.304305
-1.2209
0.107291
-1.35464
-0.735118
-1.23669
-0.982931
1.62048
-0.699778
1.68947
1.52956
-0.264686
-1.38203
-0.478135
1.03076
-0.484625
-1.45604
0.390199
1.23959
1.03585
-1.25089
0.584179
-0.990105
-0.953888
1.44865
-1.15234
-0.739183
-1.26061
1.35945
1.09107
0.680574
0.763714
-1.4521
-0.0561741
-0.782327
-1.72631
0.33136
1.5515
-1.89929
-0.711429
-0.854906
-0.63994
1.54858
-0.140615
-0.0750208
1.20863
-1.31331
0.230751
0.0473871
0.53103
1.79876
1.0316
-0.596286
0.952615
-1.35729
-1.77427
-1.01241
-0.391153
0.282361
0.664792
1.77605
-0.392766
-0.142421
-1.78128
-1.46737
0.262988
-0.117124
1.32067
-1.36665
-1.40561
-0.284442
-0.811785
-1.49367
0.99738
-1.35318
0.480911
-1.00066
-1.18816
-0.0301018
1.02774
-0.234544
1.12852
-1.31157
1.34599
-0.789851
0.97414
0.181674
1.21022
-0.5338
-1.53609
-1.15755
1.30952
0.248133
0.723478
-0.906539
-0.575714
-1.42101
2.11036
0.70402
1.5307
-0.915869
0.629612
0.87076
-0.520844
1.52474
1.56246
1.17062
0.702429
-0.952796
-0.883215
1.6554
-1.75352
0.767849
0.714845
0.418092
1.49157
-0.557092
-0.733844
-1.57451
-0.133073
-0.551585
-0.525678
1.3027
1.37795
-1.39858
-0.479832
1.51673
-1.95276
-1.63907
-0.804159
0.450573
-1.39531
1.99484
-0.108487
-0.232748
-1.05403
0.269473
0.637604
1.12091
1.18238
0.204146
1.4579
0.95001
0.24601
-1.84494
-1.98018
-1.0293
0.891198
-0.153197
-0.347727
1.61221
1.5046
0.881467
-0.901109
0.48368
-1.17643
-1.22944
-0.805854
-0.55182
-0.237651
1.08885
-1.572
1.04809
0.0639106
-0.749849
-0.026004
-0.749365
0.453612
-0.354246
-1.19855
-1.19383
0.908152
1.31703
-0.48645
1.0544
0.546287
1.55921
1.08454
0.127306
0.565888
1.1359
-0.382469
-0.875237
-1.58376
1.19934
0.787618
-1.68308
0.276014
-0.146419
-1.43031
1.59372
-1.12209
-1.23544
0.582854
0.758952
-1.65983
0.862158
-0.0875905
-1.64444
-0.537656
0.401444
-0.506561
1.84764
1.04255
1.72241
-1.0104
1.61596
-0.390379
-1.05189
-1.80593
-1.46845
0.940836
-0.147875
-0.967635
0.476969
-0.80836
0.477819
-0.256985
1.08117
0.812482
-0.378042
-0.426026
-0.570317
0.934191
-0.752084
-1.33272
-1.07598
0.323662
0.0528859
1.2137
-0.818049
-0.311482
1.17284
1.36548
-0.419329
-0.0210483
-0.459814
1.69727
-1.42749
1.53778
0.451615
-0.154056
-1.98626
0.120028
-0.345199
-1.1087
0.603661
1.56959
0.029987
0.556236
-1.57943
-0.378296
-1.16429
0.775492
1.64391
0.219933
-1.58787
-0.212037
0.300488
-0.317535
1.35987
1.08735
0.166885
-0.74187
-1.22621
-1.49249
-0.362567
-0.308287
0.876908
0.790003
-1.48281
0.00239706
-1.06731
-0.816183
1.04373
-1.71724
-0.180266
-0.734258
1.77283
0.386985
-0.946273
0.336841
1.0749
1.46042
-0.898017
1.58079
1.52328
1.11507
0.362113
0.217787
-0.395847
0.931355
0.0341308
0.644104
-0.358605
0.884246
1.21236
-1.55238
1.37736
0.175245
1.17815
-0.455219
-0.333993
1.52005
-1.08395
1.08243
-0.575756
0.0469841
-0.774756
0.263737
-0.809324
-1.45634
-0.699552
-1.35214
2.07494
1.53494
-0.148082
0.856761
-0.4291
0.77169
0.957378
1.52401
-0.558856
0.757768
-1.06226
1.79986
-1.90972
0.262595
0.43626
0.283165
-1.41149
1.30441
-1.4588
0.464333
-1.16277
-0.648016
0.176559
-0.334904
-1.40154
-1.28554
-0.119644
1.00296
1.09345
-1.91559
-0.320808
-1.59627
-2.00487
0.915125
0.3137
-1.46149
-0.909969
-1.30416
1.7055
1.60719
-1.71369
-1.00235
1.33908
1.23623
-0.612486
-1.75551
-1.65788
0.451098
-0.506392
-1.71446
0.615979
-1.49761
1.0897
-0.957645
-1.61685
0.79209
-0.132296
1.61438
0.389194
-0.811741
0.833389
-0.55288
1.43752
-0.587783
0.0217647
-1.54208
0.223453
1.41829
0.829385
-1.06902
-0.767291
1.44835
1.60974
-1.85626
-0.158499
-0.783586
1.30871
-1.28638
-1.11555
0.782434
-1.73926
-0.0975955
-0.134636
-0.389703
-0.170298
0.210527
-1.11409
