-0.237948
0.958283
0.343312
0.279426
-0.692332
-0.712606
-0.865328
0.850077
0.229145
0.253685
-1.01486
0.918775
0.600697
-0.642249
-0.683014
-0.691127
-0.42347
0.0135617
-0.162821
-0.501372
0.259693
-0.790371
-0.354546
-0.264888
-0.0711225
0.654016
-0.612506
0.0921581
0.207475
-0.941522
0.247826
-0.660352
-0.828414
1.058
0.979776
0.663451
-0.421034
-0.834845
0.418959
-0.0900922
-0.756451
-0.029404
-0.862415
0.930248
-0.479471
0.304761
-0.378124
0.0804062
0.13813
-0.632896
1.06486
0.601983
0.823369
0.7567
0.183258
0.667866
-0.951256
-0.694986
-0.891815
-0.33358
-0.185741
-0.376416
0.585993
-0.304489
