-0.241333
0.930501
0.413762
0.247245
-0.71059
-0.708552
-0.883539
0.883749
0.26167
0.332604
-1.0198
0.924639
0.649806
-0.665451
-0.725203
-0.638482
-0.469919
-0.0179889
-0.157126
-0.456358
0.240477
-0.845619
-0.396378
-0.227652
-0.0892383
0.598755
-0.63725
0.118291
0.205534
-0.996128
0.212091
-0.726745
-0.831975
1.02929
0.951589
0.684101
-0.445932
-0.879905
0.410525
-0.140699
-0.741245
-0.0406208
-0.895608
0.963587
-0.489452
0.348588
-0.356106
0.1251
0.186536
-0.602317
1.07005
0.634246
0.850868
0.759252
0.207555
0.792768
-0.962705
-0.776631
-0.895971
-0.313565
-0.179448
-0.444184
0.677752
-0.310113
