-19.8907
-18.842
-9.89801
0.681836
-4.64356
-46.5328
-16.6981
16.188
22.0992
-34.9885
-32.686
24.1428
-71.1987
-17.4017
-14.8011
43.5707
23.8481
21.7893
-42.6116
-5.49973
-13.8197
-11.0912
-16.8059
-0.1494
7.54965
-64.705
-51.0492
17.5357
-28.6743
27.4613
56.829
24.4195
13.8823
-25.7938
-4.19848
-5.64432
12.7158
-35.1803
12.99
59.766
-15.3355
20.9779
-8.68886
15.0987
16.1492
-7.73489
-5.13464
4.70198
5.6575
8.58844
23.8711
-12.6165
-16.3384
-19.356
-25.8659
7.75397
20.9762
-6.0438
-46.1611
10.1927
12.201
-9.41358
-15.0913
-35.1468
36.2542
37.7534
4.11544
4.48962
-48.1494
21.8192
2.6593
19.0016
-25.9282
-10.4263
31.0358
-30.3554
25.0239
-1.23736
-20.5566
63.6903
-7.4193
-30.7794
-25.6072
16.8051
16.7819
-10.389
-35.5475
-31.3497
-5.03379
-4.56068
52.0398
2.75038
-6.41263
1.7156
-13.5961
-2.57309
-3.40524
-33.6271
-33.7262
19.6795
19.0071
30.7625
-6.23332
12.7474
48.5124
31.0098
26.784
34.1152
-30.6847
-22.4599
4.29013
41.8422
-2.97822
4.12516
5.56882
-39.9127
-25.8201
-16.5652
-27.4039
7.95567
-27.5145
-16.1675
-4.6058
11.0531
-36.7698
25.5052
24.8884
-31.9017
-13.3832
16.1878
-38.8923
-20.0034
-21.0782
6.9595
8.52547
13.6188
5.63682
-24.2869
19.3086
-9.65937
-22.7925
28.3878
-10.3647
9.43328
52.3099
41.1653
6.59465
16.2695
38.0474
-31.8134
-34.4817
13.7239
22.1023
34.0422
-39.1514
-36.8322
-11.2686
-11.9674
-17.4438
24.4576
38.872
13.3574
6.92226
7.83938
-3.11359
-4.41668
60.8973
-43.148
29.9063
-20.433
8.14154
17.4599
-26.7397
2.87842
62.3273
6.50642
14.7523
33.8773
-12.746
1.3254
6.86354
35.3467
-31.6173
-6.9843
1.85817
-24.4074
-30.3771
-23.5582
36.0868
-23.5579
-9.14263
-50.3163
-46.399
-39.5185
17.0011
-44.8294
34.5303
14.096
8.0846
20.8285
-20.1473
-12.1581
27.3081
7.99594
-10.6212
-5.04132
-0.786257
17.4928
-9.17342
-32.709
-19.4001
35.3133
-10.2284
-9.73009
-14.9391
-7.19006
-0.171815
1.9308
-15.9795
-32.3999
-45.1337
22.5676
13.0264
-1.20085
46.0551
-13.6634
-17.6464
-17.1068
17.0906
-2.54986
37.0246
31.6875
-14.7151
-18.4656
-21.667
29.0834
-11.4455
17.1359
24.9058
-4.16064
-18.3581
40.7518
0.568657
46.3107
26.177
-18.2018
-13.4325
58.7734
-11.1129
10.7756
-11.7633
-20.7871
-24.8905
7.7127
-35.4145
2.94224
-8.24103
20.3955
-25.3916
-4.53654
39.9136
39.6569
49.5276
-19.9445
26.4925
-13.1222
-13.1929
5.90047
5.41815
-8.08335
-22.1251
16.5593
-3.66691
-20.6216
-11.2157
8.47751
-15.2504
10.3913
31.7852
-39.8896
1.92731
-19.0799
23.849
12.9718
0.321486
34.7635
-27.5278
49.6001
6.28822
-13.4636
-6.3208
-0.393613
-19.2931
-45.917
-4.64192
-42.1591
38.0225
16.4489
-27.9829
-30.6963
-39.7042
37.6893
-10.1613
23.6237
23.4627
9.71683
7.92727
12.3533
4.20658
37.443
-12.9931
-27.6609
-50.3957
40.2969
-33.1585
12.0035
34.0803
20.8628
-3.37438
-10.7111
5.39285
32.2647
38.1721
-9.00854
-13.6239
-14.5456
-35.9744
3.89947
-4.41456
-13.0009
4.54744
52.0796
0.275602
-39.9671
-10.6649
14.7485
-12.3588
24.1252
11.9336
17.7884
-17.9669
8.68012
-32.8351
15.8297
59.0817
14.9639
27.1743
-13.4629
19.8666
-0.230334
9.4057
12.898
-15.3044
20.1659
-0.180833
23.2645
-13.3705
-6.53764
1.44656
-45.1577
-41.0133
-20.0019
-2.87555
-11.2283
38.7588
-14.5949
20.6424
-11.2561
9.7524
23.1602
38.1016
3.58931
14.5066
-37.981
-19.5464
15.0066
-8.55073
2.77039
29.3712
-1.16517
4.44611
7.02365
-0.905914
-1.84188
73.6025
2.24546
-32.5773
63.3141
0.370839
4.08909
27.4764
12.9013
-30.4379
-6.78838
-52.9996
40.7587
-28.1949
12.3207
16.0945
-13.8788
-19.8673
5.16695
-23.3749
52.8478
-28.2262
7.56598
-2.98383
-28.8542
34.9029
-41.2932
-3.76715
5.80685
-22.608
-18.454
-5.29445
-8.42884
-34.7275
68.6364
30.6002
34.0627
-13.8769
22.0493
14.1806
-27.7742
14.9714
-18.2203
2.05444
-50.4728
21.5728
12.947
-9.43093
11.9581
31.1016
5.77669
-5.68942
13.7469
-1.45167
23.8777
-24.5215
-63.5415
-4.73316
-9.13848
39.4119
-4.85723
-1.81528
-24.5302
12.2355
75.1003
-11.4541
31.9229
37.6328
-13.8893
14.2427
-11.8494
-50.9742
-40.9219
13.9396
80.3124
41.0735
52.1075
31.4412
12.8075
-22.1276
5.92764
48.9512
3.28603
-1.12116
42.2547
-15.9083
50.8875
-6.94905
34.1047
-13.6121
19.0564
-7.5077
1.50517
0.346098
-43.7808
23.2011
-12.5645
-18.5997
16.1923
-16.2347
-8.63319
-47.5881
23.1101
3.88564
19.8903
-13.7373
-4.12337
-8.4783
6.63737
10.9852
-10.7376
-26.8055
20.4137
-35.3043
-7.97672
29.6733
-29.3176
-29.4381
-10.3145
54.7628
48.4208
-35.5395
-13.5917
3.30535
-18.4173
-17.7114
-42.0327
-20.2419
20.4617
32.9843
20.3354
6.08383
40.493
-13.5248
34.6975
-27.7282
13.6254
-27.8342
-20.6163
-2.60888
-42.0529
5.75914
44.4082
3.64728
-4.06223
0.204518
-5.4902
-44.8156
4.47371
-10.9669
10.7179
17.1758
12.7443
-5.78153
-21.1723
-13.6293
8.80245
-18.5233
-22.9258
31.1434
12.906
48.6229
50.7084
-10.1079
23.544
20.2241
38.1164
-22.4878
13.9259
-27.3729
-16.717
-61.0015
-36.0562
-24.0298
11.3633
-20.4968
-23.4581
8.80014
1.91026
-10.8115
12.8053
13.0768
-28.8447
7.80347
7.63356
6.42921
-14.6796
51.2381
-3.29
-3.86131
16.8333
-4.07727
-8.79038
-30.3587
-75.4779
-30.4008
-10.0349
-13.7422
-24.1912
-11.9486
22.257
43.0417
-7.15688
-9.55548
-47.8824
10.2187
-26.1592
1.40838
3.46071
20.1507
52.0684
0.0946213
37.0465
7.03507
3.39041
73.5015
-16.6495
18.932
30.8375
54.4449
-20.161
4.60577
2.22868
30.8307
8.12238
-2.05796
-1.1335
-31.8564
19.8065
0.999258
-35.3771
24.0357
-51.2935
-28.5092
-35.359
6.91144
1.0444
-38.4363
17.41
-21.3485
-31.2982
24.0153
6.42383
7.35666
-19.6007
53.6359
8.32513
-10.3953
-2.95135
3.65575
-12.0707
55.7396
4.2753
5.81715
0.831144
2.24819
-23.2567
-15.3763
16.9043
-19.628
-9.20081
-53.2074
35.6138
16.7665
33.4117
28.3087
34.7702
53.7381
-11.7884
-18.338
-41.9802
-45.0787
0.159765
9.6281
53.4122
-13.8743
18.8854
-1.85145
16.6139
-12.0681
5.39371
-6.84674
10.0204
21.4384
41.5452
-39.1453
-40.5608
-2.31865
-12.3917
3.89456
-19.0286
7.05476
-14.1906
-12.5994
4.87107
3.89258
-17.941
15.9433
-21.1104
-0.992138
-11.1831
-0.910133
14.6825
53.9569
-11.8693
-21.4504
10.5631
-15.1513
31.8945
15.8464
-22.76
-28.0676
12.5431
-8.49498
17.4148
5.87446
38.2216
7.45262
11.7263
32.3658
-15.863
47.8418
-16.9545
-80.3631
-35.469
40.5763
-14.4621
10.0536
-8.20028
41.2509
-13.9835
-18.9212
-26.304
-12.2161
-0.256782
25.2423
-51.4961
-26.9537
-43.0677
9.62372
10.0357
1.86062
-26.4996
7.7348
40.6006
-26.1847
33.2462
7.12306
-43.9652
4.60044
-4.77385
-49.5587
45.639
23.6925
-15.4107
7.80776
3.71087
25.9979
-3.49591
56.2135
23.65
4.03745
3.9004
-31.764
26.4685
-7.93775
12.4111
21.8541
8.68821
26.5275
-0.32205
-8.06182
21.6057
-20.009
-74.0656
-68.2966
5.52762
36.7901
-18.5071
3.73257
-50.9975
42.7314
-25.9449
-5.16995
-31.6738
-3.00528
-24.9578
-15.6735
-45.9444
31.011
-21.2282
-61.367
17.3619
-21.1238
-18.1436
-1.00306
-12.1431
-2.71841
-17.8303
-13.5877
8.96994
-22.5711
-45.9939
38.4084
73.9368
9.72555
9.92711
-19.1534
-12.3203
-41.1222
23.4514
19.4097
28.2119
-0.527546
15.5972
-6.29734
-18.8021
26.9003
2.15035
-21.0935
7.66116
24.7697
-8.54651
15.3255
8.25378
2.09671
2.45381
10.4942
24.5725
24.8814
8.5595
8.77351
25.6314
0.782418
5.39932
8.81901
-0.0206096
23.057
-28.6928
-23.7838
-33.7093
22.808
1.63712
29.7661
36.6363
-11.2576
10.3046
5.36112
31.8062
-36.3819
-5.86853
55.8485
48.5422
-14.0886
22.0615
-24.2121
-77.2366
0.497314
-3.51795
-13.5954
-10.8152
-22.2795
16.4824
-22.4845
-26.1012
-30.1663
3.14364
-0.535467
-28.1821
-10.6197
8.77876
11.9872
-34.7961
-54.0766
21.1544
-18.5419
-12.6131
20.8756
-37.9031
-6.33022
-51.2249
-5.76204
-30.277
-31.4293
9.57252
13.2424
-26.2755
-20.8615
20.4664
3.0366
-6.94972
-38.3643
9.77415
-15.0511
-14.5809
-6.19132
-23.8585
4.10667
8.18588
19.4228
-22.1377
-31.1961
-22.9454
-50.8149
-36.0054
-19.1375
20.9781
11.7117
-6.09322
-9.97125
-3.88997
-16.1082
-39.7136
3.25392
-6.12406
-32.6604
0.47261
-8.27961
-0.675713
-14.2534
-2.84557
13.5283
10.0734
30.9958
-2.5802
17.1109
-0.362261
-37.145
-38.9731
-17.1191
24.0604
-25.82
-27.8622
2.66183
-34.2854
37.498
9.35716
32.622
-16.1679
39.3222
7.62588
-6.33486
-3.72306
40.0972
16.4679
-39.5329
-1.27481
4.04025
45.1462
-48.0075
-21.4927
-36.2063
-7.19937
-11.9921
-9.16873
-2.04405
7.24804
-11.0159
-33.6414
19.0914
22.2338
10.0682
50.9496
32.6014
3.48416
-28.4374
-9.50684
21.1606
-43.6881
-41.1752
-2.34071
-9.0837
-23.96
18.3625
-6.331
-10.769
-23.6461
-17.9085
41.3406
-13.6965
6.51566
34.5411
-56.8807
31.6586
-23.9839
16.5823
16.8005
7.73572
-26.1097
41.649
-20.3313
-23.8301
2.53621
29.048
-1.07013
21.997
-21.3501
-47.3769
31.2423
3.40462
17.27
18.1275
6.5589
40.9891
6.88024
-15.6456
49.7358
-8.6898
40.7418
21.0606
-29.6953
8.57477
30.9313
-8.90894
-33.1709
-1.21503
-24.3589
39.2653
10.8941
-13.2945
5.17222
-2.63927
39.7026
-33.7703
-5.16214
11.2697
41.9196
-24.123
45.7988
16.1071
29.2334
0.755544
11.2457
24.0327
23.1415
-18.977
0.287292
-5.43559
-4.13211
12.8737
4.64388
-19.2242
-21.5897
-2.4432
18.0118
-25.6835
-6.31505
11.2521
-1.17904
-1.87373
29.6701
33.0094
-23.2428
17.2686
-22.7249
25.924
27.5863
9.12602
12.6269
24.6262
28.4479
24.0794
66.5076
5.5894
6.51511
3.79535
3.72953
21.6581
15.5924
-63.8991
-11.9512
-28.7567
39.0159
-4.55624
-21.1763
1.94492
20.866
30.8053
7.04474
-32.4237
15.6052
12.8578
20.9959
2.27747
-2.68107
-0.113216
-14.9114
9.86535
-10.346
-3.58469
17.2648
-28.8135
43.193
-25.5605
-5.19421
6.17931
-33.8921
21.9077
6.45788
12.27
-17.4049
33.826
-20.6683
22.2668
10.5582
-12.8058
8.03883
-16.5109
38.6235
26.8525
-24.4018
5.23034
-1.53101
33.5203
8.87687
2.36209
-12.9086
12.7791
-29.8803
-25.1279
-58.6966
40.0731
22.9478
44.6886
-34.4619
-28.9647
-32.1531
-32.1103
28.9984
3.71385
-6.96766
-22.4597
10.4115
3.78612
8.58863
-3.88961
-19.205
-38.0647
2.91157
23.1303
12.8229
-37.9855
-13.9717
-44.9192
10.2821
-36.0771
-61.6045
-42.9333
-13.0668
-38.1535
-10.3097
24.7051
-43.2933
-5.8856
35.4038
18.2518
36.442
15.5695
31.3676
-45.7872
10.6561
36.7697
3.04075
26.5276
4.8163
0.955926
4.55553
-3.52003
29.3933
-24.8173
-50.9493
-1.68286
-12.4582
6.59928
-24.5141
-2.60104
-12.8343
9.293
11.5938
6.22193
-10.8175
13.1754
-0.865097
-5.76001
6.51049
-47.3694
-12.0363
-8.02177
38.5668
-8.39093
2.32792
-5.5494
11.9608
4.76637
0.00842799
25.9808
3.45337
4.78367
-10.829
1.99908
-48.8504
-10.55
11.0996
4.85783
-33.8587
-7.39192
-16.8932
-22.4841
37.7354
-23.3279
2.44615
-24.0077
24.3349
13.8933
10.9494
48.8801
23.8223
-55.7387
-23.7645
-19.2429
47.4877
16.7586
-24.8687
16.1773
6.94648
-4.52838
15.4932
-7.3926
7.9165
-21.1585
-17.8312
-27.8542
7.97376
-29.2638
-3.02722
16.1098
-13.3119
-47.6344
25.2341
6.48469
-13.8193
-23.7485
-2.31335
-19.8941
7.60103
-27.0584
-13.2137
16.1058
-2.67525
6.62192
-27.6136
42.2785
2.98088
5.08914
-44.8316
27.9141
-13.1108
-60.9423
-1.84007
-14.8344
-20.4436
-14.8728
11.9062
-23.9109
19.5599
-53.8456
-16.756
21.3259
-26.8486
28.9744
15.0363
23.6495
4.64797
25.4056
33.118
-23.365
-6.67109
2.96668
8.40303
30.5075
-20.6997
-2.06039
-2.42696
-46.8799
-28.8366
-23.7334
1.22086
16.563
-20.4427
28.5179
3.79421
12.212
15.0796
25.4149
3.59505
-0.682685
-22.3286
9.01731
-10.6578
-42.3064
-24.3366
-21.8991
16.0316
-8.53187
-17.3499
48.6481
42.616
-10.3403
-23.0058
-49.352
33.1039
2.52878
4.98925
9.80183
11.8809
-24.8591
-30.7299
-39.1319
-1.89839
-22.018
25.7709
-33.5982
-2.39274
29.7792
7.50859
6.28396
77.5529
-23.1447
-16.3098
-27.7693
-10.716
35.7773
4.25679
13.3548
58.8398
-22.0322
-40.4543
1.80085
-2.32899
20.7414
4.64199
-36.1638
38.1946
6.25961
-6.48918
-12.785
19.0739
-22.3521
15.2631
7.74745
19.8302
3.82365
-27.7208
-28.7172
-21.3827
-5.44097
-29.3082
-10.0119
36.8138
10.1406
18.3923
6.67194
-12.0374
6.29082
-13.3836
6.19593
-24.5721
-3.54766
9.62224
41.8353
40.4016
11.2649
10.1842
-11.4677
-36.8459
3.71873
1.81108
9.11068
-20.7699
12.4428
-12.5507
27.3954
12.8855
-23.8331
12.572
13.6881
-17.0133
-23.4643
-4.35248
-30.5015
-2.37811
13.0386
-45.3923
27.1628
6.60459
-22.8558
32.9144
-6.03678
6.60943
-6.14669
43.2277
12.5438
0.833554
6.72235
35.8441
-55.2096
-34.4223
51.0757
13.0751
-3.46773
25.1811
5.39603
-3.89301
-7.79014
23.5823
-41.9496
4.50518
-4.16087
-9.36991
-33.7535
-23.92
23.2314
-1.80495
11.4279
17.9298
-26.2197
-52.1287
9.10224
26.0346
-27.0303
31.775
22.3485
-5.81893
48.3167
-19.5181
-42.4966
25.8634
23.3741
5.87329
7.74914
55.5449
13.8368
-22.828
39.2032
43.7534
22.5169
-9.33088
53.0378
-8.9101
-23.607
-37.4228
-6.38722
11.9083
-3.20076
-3.23596
19.5118
7.95329
22.7886
-18.0653
10.9742
6.84282
-11.4745
-10.2526
-2.06642
-11.3613
-9.60033
-19.6526
-0.485232
26.4872
-18.4638
-11.4816
-4.27982
-12.3701
-30.083
39.2396
-6.49626
9.06982
44.7373
-13.4401
0.450992
-24.774
7.92747
0.584228
17.4518
17.1895
-13.4078
-14.361
26.484
-4.56561
-1.03397
27.7308
5.5985
-12.7062
7.25121
-3.7284
29.1588
1.42764
-0.725914
22.6686
42.3057
24.1543
40.2237
9.82869
21.9287
-27.7701
8.42908
30.862
-20.7757
31.0117
7.52222
55.3219
9.88161
19.2249
-7.51733
-10.4759
-26.7928
-2.97379
43.779
-3.50721
-19.9193
-21.1392
17.8657
-55.1667
-8.19435
-15.8348
-1.36697
6.31592
11.3676
20.3731
-20.1269
-25.7489
-49.7048
-2.64429
-5.19814
2.78364
3.01278
9.97745
-46.8046
-29.198
-9.5166
6.37961
-46.4894
76.0291
19.2828
-69.5151
25.567
-24.4321
-57.0038
54.3056
-42.4559
22.2878
30.7076
8.39786
2.59316
8.29159
1.1019
7.40684
-3.0443
-25.177
-32.5563
-31.6852
-11.1764
16.9432
-34.185
-22.6525
22.1596
14.1476
29.5132
1.82182
-5.72795
-14.1951
-18.1937
-42.9942
17.9766
53.171
-22.0366
8.00446
-42.5549
25.0345
-14.7502
-7.15391
-58.6661
43.6776
-30.1158
4.91979
-55.0412
21.0867
-17.0884
0.455574
3.47928
12.7361
10.7168
-14.6407
-14.1473
15.0683
18.1883
24.8401
22.8871
-20.9006
23.7434
40.3467
-19.3272
-7.99579
48.9563
2.19858
-25.3292
24.6615
10.7797
5.77225
-19.0069
10.6477
1.1696
-22.1725
10.8042
42.068
52.1323
-19.2482
-10.3141
-4.37798
-17.4402
5.12428
34.6093
-4.50329
43.1235
35.6205
-26.7422
24.8903
30.7066
26.6876
-28.2391
-24.9356
-9.11009
-3.67845
-40.8951
23.9316
7.94586
17.4878
39.0761
-38.8241
6.04683
18.9887
9.95105
-14.0146
-13.7436
-11.7688
20.0051
37.9594
-3.45342
-11.439
28.6239
-32.8504
-24.8687
28.1998
-12.8832
-12.6524
0.929981
-28.1184
4.01078
-21.7923
-13.8476
-60.3801
8.08827
-29.9404
15.1788
-11.1282
2.48101
-42.889
-41.1529
-17.9649
-17.4383
-2.48539
-26.3073
-32.3333
0.654821
-15.0058
-9.83747
-2.70529
12.3423
-4.03659
20.4591
15.7009
38.6379
-7.54688
22.2078
-31.1456
36.5798
-48.2168
32.5375
-15.7756
-26.154
2.48437
-28.2385
-0.470253
-13.8343
11.6428
-21.7677
2.32197
8.54347
-16.2193
-17.9367
-2.30864
27.3058
-48.2595
13.6877
16.723
8.73436
-20.9757
-31.0083
4.9649
-21.009
-29.312
52.254
-71.2645
-41.2221
43.3789
8.95826
25.4449
-6.19891
-2.23535
-0.706341
34.8551
13.5703
13.8988
36.2853
-7.60562
-9.64492
-58.0453
-20.3478
-1.57481
-49.2556
-11.7854
2.24168
17.0684
31.2062
13.5956
2.81954
-31.9015
-43.0412
-62.4405
25.3239
-24.5708
43.1265
16.8804
11.8811
0.699904
-38.9304
6.68367
-7.13709
17.5932
2.81592
54.3241
-26.7652
19.1403
-14.3872
13.3464
14.4763
-19.5468
55.4142
-7.02959
-32.2807
2.6071
13.4392
-21.397
9.69819
33.0341
24.3461
67.0429
-9.737
25.9247
-19.0729
-18.1543
30.6108
10.7915
15.5409
57.8678
0.720033
18.2776
6.97078
-16.1344
10.4878
-13.9151
-25.1555
44.2443
-3.87142
4.19163
-7.51737
-4.92698
-8.58059
-14.9658
-18.1617
11.9283
-25.5595
22.749
14.694
-8.59573
-5.42974
-39.8338
48.9481
-48.1018
-15.1689
17.6378
10.8824
-4.79877
48.2583
-2.8025
-14.6037
43.2588
11.5365
-28.2115
0.173024
42.464
14.0181
45.2957
-7.22511
-18.0973
37.2979
-34.3052
26.5218
-0.447987
-5.02422
-17.7286
-6.03046
-43.3694
23.2971
-0.872464
-75.1852
-24.9484
-11.4123
-36.8618
12.5523
35.8988
36.6044
-0.806491
32.8251
-4.27371
-38.2469
24.9875
-25.5887
9.61018
-57.9141
7.91011
26.7342
8.33212
-0.262838
17.9236
9.91122
-17.8385
7.80049
63.3113
-19.2075
-6.99211
-1.77818
-31.1799
45.2615
-27.5174
-1.09848
-1.20733
13.0481
-14.593
18.2024
3.96135
62.2388
-23.6066
21.7868
50.2624
-18.2687
-10.5613
-71.2292
25.1709
0.651085
-19.7841
-20.3066
25.1717
31.5019
-1.99273
-28.6942
38.1665
14.4696
45.092
12.2986
-25.2545
18.4773
22.2365
-19.4851
63.0409
-39.6803
-39.8912
13.9417
8.24529
-14.7256
-14.8915
-22.7867
-0.726728
-3.04343
-35.5814
20.2858
-13.5058
-12.7154
-58.4348
3.88525
19.4551
-16.0761
18.9774
21.616
45.3134
10.5158
-11.6774
-3.45385
36.6111
-22.3097
2.83459
74.5189
11.5325
-15.8155
18.0278
-1.19634
-24.8344
6.92448
-11.0629
33.5665
-16.2897
8.94161
5.65775
0.793896
-25.876
-2.43467
3.23983
-6.65526
-4.37201
31.9927
8.302
14.5799
-42.9408
-33.0694
-38.115
15.5787
0.692992
5.67726
-54.4312
16.7601
-8.55148
-36.9884
27.8502
8.06532
0.893115
3.71914
-17.3425
0.436245
18.6858
8.07087
-26.8452
-5.34316
5.48266
11.5266
8.22843
-13.5336
-12.4488
-23.4061
-18.6365
7.55147
-14.2318
0.261343
-2.73348
36.4807
14.5724
33.1246
-15.3205
16.0152
60.1785
39.0322
-23.1083
-4.15998
-12.8155
27.1389
-22.0289
-3.81253
35.4567
-13.6371
-14.9808
22.2191
-32.3377
-11.1228
10.7319
-47.2544
-8.20329
12.3648
-32.2869
4.83986
10.8768
9.18284
-13.1135
-0.199071
-18.0532
13.5166
74.4116
-32.6091
-23.9154
-58.9603
-34.1525
-28.9562
-52.9965
-30.3818
13.2324
22.6154
15.4259
-1.26789
-26.5871
6.24641
-37.945
-14.5021
23.8567
-20.9049
-25.9951
15.3692
39.2926
10.1462
-7.77451
-26.0515
-12.8854
6.69044
36.4338
17.7278
-26.2788
-22.3226
17.2292
-28.7553
-27.8711
-0.327723
-28.3144
-6.01655
10.4317
12.9496
-7.63384
-36.5454
-53.5882
-32.2299
-32.1082
-56.2045
-3.59533
1.53343
82.3827
12.5474
-22.9107
4.0723
-10.98
5.92028
-2.47557
3.15886
-28.0498
16.2881
-4.0898
-44.8589
11.753
2.72424
-27.746
25.873
-15.2055
1.58202
44.2906
5.17677
-24.6678
29.4119
-9.41243
4.57253
-5.46609
51.7336
64.1348
7.00915
-22.3699
28.8756
10.8035
27.4973
-8.18633
-5.13335
-15.0001
-4.14232
-18.7074
-21.6981
-11.2605
-9.9592
8.26198
10.4841
10.2714
-5.24493
-25.4111
5.45134
19.9865
-3.52476
-18.0176
14.7694
1.84812
12.004
21.0417
-39.0368
-14.754
8.91126
-52.2838
10.2992
-1.47364
7.18045
-47.3808
-30.9935
-31.9107
14.3394
22.0961
38.6616
-1.04355
-8.84656
0.907338
3.23015
-18.2961
9.63745
9.2126
7.76581
-9.82298
34.5488
-9.19252
10.3748
-19.263
0.535871
17.6933
-11.1723
11.9793
70.4698
-4.24928
-18.3193
44.8236
-9.49469
-5.56841
13.5255
41.37
12.4457
-5.12501
-21.5789
18.9436
-5.43497
-61.7027
-12.5727
-13.2117
12.8693
-30.0037
-7.46567
-6.203
-30.9181
-15.1245
-13.7323
5.08194
9.5971
-35.8616
-41.2963
57.6984
-22.9871
24.8488
17.0995
-15.1499
16.9364
41.6696
15.2893
33.717
-29.7037
1.13998
27.4671
24.4914
-25.4075
-20.7975
-4.34283
23.0076
-69.64
2.23942
1.66648
54.0814
16.6735
-22.5929
62.24
0.613611
18.7123
-9.8432
8.7569
-3.23868
-7.01376
-27.9573
49.249
-25.5089
0.260123
1.32585
-13.0214
63.201
1.15794
-22.0578
5.10403
11.2097
2.12801
-1.29328
16.0658
4.74097
-65.4523
9.05715
-31.7382
31.1104
-43.0133
-0.943084
33.2328
-2.70708
37.9098
15.2553
-7.80037
-44.811
-20.5936
-27.4454
-67.7379
7.11557
25.8618
-44.4737
-0.643356
-14.1084
-6.47104
-1.79415
27.2829
-31.0104
53.0455
-19.4538
-2.75562
46.5606
15.5906
35.91
-0.909977
-23.6996
26.4476
45.1917
-18.7623
-1.17217
42.0854
-11.0223
7.09965
16.6166
-16.282
-53.4526
39.9382
-44.7274
-6.94271
-13.5794
19.7526
22.9771
-26.0806
6.50788
-15.9399
-15.7889
-11.1945
-1.83258
-10.4251
14.3561
4.83414
47.8479
-24.3765
-6.58476
8.68525
-18.0467
16.778
21.6359
5.07919
58.1458
13.9801
-2.45821
26.4626
-22.9571
-15.9676
31.6688
-7.18005
66.8283
6.92271
29.0314
1.54907
-22.8273
4.97035
-8.04002
-35.0583
5.20765
58.498
-22.0301
13.3056
15.6498
-21.5566
17.4548
-25.6167
53.08
-0.758448
18.281
0.800325
4.7814
-43.2869
6.41585
2.9041
19.1057
37.5639
-35.0073
12.4974
-72.7905
-44.5654
-22.4655
9.94817
15.051
31.7311
10.0409
-0.636478
-14.35
-44.3898
17.7707
-23.5805
-55.9458
-6.06997
-6.36594
37.8171
4.34419
-7.74614
29.5527
-12.8569
-8.51552
-8.18687
26.4494
4.10904
26.3198
-51.4511
-72.8281
49.0809
-40.2808
-25.6346
4.41415
-30.8421
-10.0951
9.97131
15.0701
6.4475
-51.4943
27.8665
-15.1485
-12.0016
-12.3834
4.10033
6.3482
-12.8752
12.3506
-18.0384
0.105352
-21.2061
3.32555
-22.903
-15.6834
32.7982
-44.0418
48.719
-24.7609
24.2843
-5.48305
48.9908
15.5556
18.9008
-3.66879
12.304
-3.18424
-15.0456
-17.7456
-0.613374
-32.1365
-25.4188
4.82835
-23.726
-21.5047
-36.9783
-35.3715
9.86724
-5.59221
26.8421
-28.2507
13.3969
-55.1413
-5.80878
-17.8661
0.552963
-12.078
9.86236
-8.9776
-7.00819
32.3392
-20.2144
-22.6565
45.8328
-14.8801
0.183312
39.2393
19.6685
-10.3741
-5.08129
-9.63071
3.76645
13.171
2.63448
-32.6831
37.3156
6.31863
-9.98393
10.8243
-37.383
-0.784522
-6.8512
-21.9589
-15.689
39.9927
32.4343
23.6906
-21.2383
39.5313
47.7778
-0.118505
32.4326
-0.443372
-22.5872
-11.5486
-11.4087
-14.9192
65.6876
39.3956
-1.246
-16.1744
5.76591
9.50324
-12.7024
-3.07342
8.58098
15.3893
-19.3807
6.18454
42.0403
-11.0416
-16.0987
41.4248
26.7625
-21.6996
22.8766
21.0924
18.3134
8.00428
-15.6238
-11.3235
16.3128
13.7995
2.78711
-10.7725
-18.3591
19.1033
-59.8207
6.89495
-24.4464
43.9333
-57.3584
-5.20045
-14.1108
28.9942
-27.1821
0.379591
-18.3964
50.0466
3.73666
-41.9389
-14.8842
-2.4675
-9.10909
4.1148
30.3345
11.6007
18.5674
-28.5685
-25.6121
21.3217
-10.4657
-29.6254
-27.9161
-18.8484
11.857
6.33228
9.00467
6.53984
-0.353302
10.6688
31.056
15.4816
-45.4227
44.1846
-58.2695
-13.6677
29.4807
-62.2492
32.3116
73.6026
-50.8951
5.90904
-14.1804
-28.051
-46.0748
20.0702
5.72508
-4.46048
0.397007
-3.68374
-48.6741
-21.24
-10.2494
21.4551
10.9899
-8.84559
-5.86014
-17.1716
-5.35232
-52.5457
19.2069
-17.7782
-4.79127
3.48208
41.3674
-12.9815
-23.2315
-2.92757
0.934524
18.461
9.11596
51.3677
11.7232
22.2739
-22.7399
36.6482
10.4696
-22.2575
32.5012
19.5195
45.9545
19.9521
38.6769
19.3268
-8.77212
-5.78381
31.9221
-11.9301
0.317928
-11.7609
7.03259
23.5696
-16.0936
-11.0628
10.8454
-23.9582
-16.7141
15.3963
6.58409
-3.40726
2.57899
-27.8405
1.32154
-15.5262
43.0382
-6.10521
-14.1444
35.8904
-38.9039
-11.8963
-5.02265
-12.7985
-13.7068
35.4512
-1.95241
-18.9528
-8.49502
-8.38363
-2.1727
0.723472
-7.94753
7.42463
13.4418
-14.8635
19.8538
10.0395
18.3058
-12.4876
-9.63005
10.9356
-3.77754
-32.9285
-21.8904
4.15669
77.0647
-0.484819
21.337
46.2478
37.0076
-21.5023
16.1197
40.6036
0.469269
9.33677
23.298
11.915
-44.7673
-14.9707
57.6236
-6.09106
19.5805
28.5686
-34.0735
20.2476
-3.24639
-64.7701
-28.1354
20.6783
15.0772
0.214767
23.569
-29.6576
-37.9405
-16.813
-2.23547
2.25615
-41.3909
21.0312
-3.61512
1.47899
17.1659
33.0309
-6.18629
8.44042
45.7207
-46.8636
-53.7335
35.5152
-5.54158
3.45502
3.54773
39.3817
-13.8582
3.45908
-4.53399
24.0067
-23.7745
13.8846
23.5651
-45.7974
12.6818
-4.37221
-25.7376
0.100047
-28.9698
-15.5319
17.3127
6.80418
-26.8087
14.7107
24.8922
-23.8133
13.3233
-16.3054
8.80397
2.07932
-6.13688
-39.816
-7.27932
14.9585
9.72914
39.6008
47.6934
13.1384
1.72721
-30.8106
6.93125
-11.6388
0.30574
-16.9855
8.04058
21.1199
7.80645
33.1562
-12.1926
-29.3413
-7.46893
-23.4666
-18.4814
-39.6174
6.65359
28.114
7.85155
10.3167
-25.7146
24.3242
-13.9758
-6.65234
9.75963
33.7467
-46.0994
1.21319
17.8768
-9.38468
-1.5294
-40.4258
-16.7606
67.1638
12.2481
0.709103
25.4842
-13.0996
-27.3706
-10.0702
-13.0071
76.3574
2.62867
2.64542
28.041
-16.7754
-38.1615
17.8515
-22.1486
-5.97652
-39.4855
-30.0418
-13.9672
16.5404
13.6277
6.11874
2.90187
25.3198
-52.1277
-18.3202
-13.3026
37.7885
46.8968
-26.5128
-13.6111
14.9341
-32.4523
-28.7485
-34.2102
-4.65775
12.0278
-26.9794
-0.461226
6.6671
22.7369
10.561
16.1099
0.416131
28.5982
-18.4988
24.2977
-3.89069
-27.3952
-30.8253
-41.081
-3.27322
-3.3863
-21.2374
33.9047
6.35619
-1.18607
-6.69104
-20.1921
38.2381
24.1456
6.49253
26.0417
15.019
25.3477
-30.2603
12.7837
-27.3221
-61.8183
16.9172
-29.6271
9.46238
-15.6416
-22.8781
-22.7945
-3.83372
-59.7305
-7.67682
33.3178
-48.1461
1.7189
0.0743569
37.421
-35.9847
13.3429
-4.40636
14.5316
-21.4017
-34.3814
2.69203
-22.3763
-2.29916
-13.7791
-7.76633
14.3715
24.6396
-43.5516
-13.3588
11.6029
2.12879
-30.9768
4.21155
-30.0684
-9.0829
-14.4988
8.01864
-5.30946
11.9285
-11.3025
3.41931
2.91844
-15.7108
20.6084
50.6293
-22.4804
-30.0686
-55.4755
41.4434
46.0721
4.78832
23.5428
24.9565
-28.4783
-2.26532
-22.3274
27.058
-25.3088
-13.1573
-15.0532
-38.8186
6.75187
1.43555
-15.7879
-44.3988
12.1616
-10.6864
14.4551
3.44341
17.558
5.00601
9.23027
9.41416
-7.3108
-2.36328
-9.46488
33.5241
-6.45228
-11.6902
-43.7846
8.44326
-7.23208
-5.95217
11.5366
-12.3594
11.5539
6.5704
13.6081
-15.9738
-6.5509
-32.092
14.0867
-11.3177
3.15297
-49.3804
-8.72156
30.4919
-0.0297999
10.723
4.40434
5.47448
28.9386
2.88204
38.944
1.77629
-38.1947
40.9911
15.3847
36.0396
16.0771
34.0569
-15.7164
-43.6238
17.0913
-25.7609
-47.7066
-17.986
-47.533
-62.6918
-34.9134
11.3515
-37.9283
-12.6534
-30.0328
25.8706
24.6952
2.6295
-24.8372
-6.62019
0.905381
6.89933
5.586
9.94836
-20.9498
-8.45626
4.35553
30.0817
-35.6871
-26.3849
-30.1233
-32.6296
57.9791
27.9765
30.5961
-63.2626
-24.2365
-22.6882
17.5068
-0.376439
1.92695
10.1918
36.1907
2.61077
14.3449
-23.9889
26.4475
34.3171
-21.2889
9.91172
-10.5195
9.82584
23.5234
-11.3456
30.3177
-27.8686
15.5613
7.64478
23.6273
-31.6148
10.0078
4.67885
-7.31563
45.1783
-33.2558
26.5109
-4.16412
-5.04893
9.69821
-19.9158
1.85918
0.884374
9.7527
25.9741
12.1419
13.179
-38.6491
3.14459
34.242
27.8174
2.50415
-15.8708
-3.0018
39.6624
-49.2827
-16.0192
-56.7072
22.3692
16.3271
1.57002
9.93595
5.13506
12.6193
67.1037
25.2826
19.1385
20.508
8.90542
7.75651
28.8205
23.851
-21.8756
13.1743
-20.2575
35.2161
23.0445
-5.17311
-9.07416
7.56742
-9.27172
-26.0873
23.9103
-12.0526
-16.4988
-17.6082
7.89881
17.6853
0.285555
-1.07508
-8.11686
-11.7927
30.7362
25.5479
8.50258
1.62027
31.6287
24.6579
41.6021
-27.859
37.876
12.0846
-10.9421
-28.1516
43.8981
-12.2747
-5.48402
-15.2527
9.81417
38.4411
-30.1659
-3.7648
-32.4336
5.74425
36.0551
10.457
-27.4461
24.7339
38.3713
-21.8747
41.0339
-19.8107
-1.63953
38.6746
0.107359
15.8653
21.3248
-5.87925
25.0808
-47.142
-17.2373
18.445
-1.25486
24.3706
-20.5556
-39.0204
-27.3571
34.3837
-39.4828
6.11423
7.00029
-7.80568
-27.3846
25.5567
-56.0724
29.5868
1.56558
-11.3958
35.8481
-27.8649
-31.8797
-7.68842
-4.47364
18.3375
-33.5694
-7.52064
-6.90316
-35.0873
-43.6456
37.0474
-6.82362
-16.3337
17.6247
43.6691
41.8814
2.45018
16.7827
12.6267
-35.0975
-12.4986
5.15941
-13.2968
-11.0246
-16.9872
-5.99129
-34.932
-19.7948
-30.3749
49.9011
3.44745
-0.946294
-38.5941
23.3865
40.0908
-2.04646
-9.89657
16.6856
36.9069
-17.743
26.5411
4.50438
34.1968
-37.2109
-2.23362
-22.2159
-20.3896
22.2625
-14.105
-32.9345
-20.3854
1.55428
8.13515
-9.88756
31.665
9.16381
4.36521
-23.8518
-14.7225
-0.714297
-9.89607
-8.90445
-33.9693
-10.5184
0.0664556
-44.835
-14.1857
-0.151055
-2.74653
-8.38066
9.94095
13.8943
-24.3088
-33.4071
-50.1641
-19.39
-29.6146
-15.2951
26.4882
9.0174
-4.91228
-26.8814
-10.1546
-13.1863
-21.0763
6.68518
-43.4261
6.75141
8.66861
15.7591
-21.532
-32.8069
10.1928
-7.42307
-31.8324
-31.3563
-6.79219
-54.5115
-7.07477
-37.6371
17.2184
-5.16377
-13.3909
27.6768
-52.5563
-26.3173
15.1038
12.6551
7.2282
-25.3319
7.63935
10.054
-19.1134
-25.6075
-22.605
23.7256
-18.4237
9.18752
-8.86759
4.03359
3.99467
-64.5188
-1.41657
29.1831
-5.99372
54.5042
52.119
-6.22352
-32.0863
40.963
3.32366
13.0648
-6.6717
42.1884
31.084
0.22619
7.98719
-30.0489
-9.95135
-22.929
37.2818
3.98563
9.08875
5.83773
-4.10139
36.2762
6.18873
9.02801
21.6719
19.2985
6.73737
1.74727
-0.669375
8.97841
18.6121
-8.50835
18.9092
3.5316
-24.6714
-3.55437
22.8485
-32.1207
-3.00159
15.58
-0.902623
25.2378
14.8175
20.1173
-40.3479
-11.5149
-17.9294
13.5519
18.1212
59.2053
21.5441
-56.7523
-26.4141
5.95768
-18.8682
-23.6831
-7.73001
-17.5854
-8.94668
-17.6325
-20.2555
13.6477
-68.9674
-24.1758
28.5908
-52.3185
-5.53215
-26.5553
-3.44947
-29.4916
-3.45257
-17.4179
40.6204
-50.3002
7.30736
-15.1774
36.4008
-6.84042
-70.7957
-56.8794
-22.1237
25.4234
-6.42765
-0.956005
15.0547
6.26426
25.0674
19.4908
-1.1077
26.8724
-28.0281
14.1068
9.09321
28.1966
55.5288
-7.38756
26.5036
-7.35582
3.22839
-15.9261
16.6564
38.527
-66.6148
-6.93548
-1.32119
-45.313
11.3504
29.0128
-28.3557
35.2841
0.787188
-26.1093
2.70598
2.30785
1.0507
-52.3248
-28.8033
-50.6629
24.8728
1.36658
-18.6645
-30.0006
-17.1665
-10.3216
38.5483
-11.9237
7.44762
-14.7553
37.2988
-42.6342
-67.8191
-6.53256
60.0763
-15.1141
37.5355
8.263
8.13302
40.5855
5.18779
10.7475
-11.1761
12.4616
-28.5676
-9.88349
30.4015
28.3042
-23.8918
8.90376
-20.1389
13.9585
67.6737
15.8377
-0.568936
-11.1408
-0.635233
-27.0846
5.24985
-18.3462
13.2069
9.88209
-15.7265
-11.3596
2.94842
-18.5998
3.37529
-6.57485
-2.77796
-42.3645
-35.3726
48.5238
19.4738
11.688
-3.39918
9.23003
-0.814011
18.2313
-6.79824
19.9187
-4.57975
42.3332
8.63
-16.0014
-53.2069
-37.1584
-16.0789
-7.27522
57.0098
34.6042
18.6713
29.8094
9.25011
30.2199
-64.5986
-15.3243
-24.2063
21.002
-13.3765
-26.0528
1.76512
9.53886
16.6574
7.86245
48.232
-12.335
-11.2382
0.763859
-8.23996
24.0585
52.3751
-22.2032
8.67084
10.5207
24.7641
-36.999
-22.0411
10.1216
-42.9524
2.14791
-0.461552
-37.0539
-28.7316
-39.8123
24.1866
-27.719
4.71471
25.8178
-33.0793
2.07958
-1.34725
9.54507
20.8086
6.15439
0.766606
-17.7761
61.939
32.0147
21.5625
-11.2774
72.5033
-18.3338
4.67405
33.8213
-2.13631
46.2647
-8.6201
-8.50745
-7.02936
-34.2158
3.48706
-47.7241
-8.9291
8.79134
45.57
10.9836
-19.0554
-26.8751
-13.235
-9.69494
-34.0691
-72.4481
-9.47155
-0.754124
10.0658
16.9064
-4.22525
2.42974
48.5282
-9.07195
5.25672
-7.108
3.99573
-26.9923
32.3015
15.7583
-5.44739
1.64794
6.83118
-25.0269
-22.1409
9.31158
-19.1713
-34.076
-56.5516
-3.81327
-22.7343
22.5293
-13.4331
39.5506
14.4351
17.5956
-6.56376
52.5252
47.8615
14.7948
20.4148
-32.3861
-22.2086
-0.606914
-20.8063
-24.8169
-6.17296
17.46
12.2089
5.73169
-18.4414
5.46065
-40.9214
0.218878
5.38652
3.33956
9.17096
35.2553
-0.813001
-43.8285
-3.08331
-15.0004
-9.37372
22.0142
-30.0299
33.3198
-16.3404
35.7447
0.710479
19.8436
34.9403
8.46605
-29.1815
-47.549
-17.8758
-16.5569
4.20744
-14.4606
-31.3565
46.1685
38.3567
-14.4368
-30.5396
-25.2802
23.6316
-3.10154
-35.9936
31.3904
-24.0696
-2.4333
17.9977
4.68597
-13.2725
-5.6362
-16.853
18.6986
-0.289781
10.4071
-48.988
-2.96613
-9.53454
18.1817
-18.1672
-10.8622
14.1669
-42.9488
2.40826
-0.309695
-4.37621
24.3728
-4.41326
35.1033
2.63688
42.5739
-14.2673
46.5362
-1.61064
13.8154
52.2137
4.06021
-31.8522
12.4546
31.3785
51.6661
38.3323
78.9784
-3.20917
-47.3837
-47.6466
7.10438
17.3267
-9.25883
42.6022
30.959
-6.91514
75.1525
0.57872
-30.7145
-2.99595
-7.70081
33.4218
-27.1743
-9.22935
-80.4421
-19.0105
37.2997
1.59366
21.4815
0.843808
9.41928
39.2062
9.88546
-9.57195
14.1833
18.447
-58.5279
-2.13607
-7.58025
15.4457
-25.8275
16.8076
26.4135
-4.63173
37.4113
19.9356
55.5111
-48.3285
-8.90183
-8.7403
-18.3396
-18.7678
11.5509
-9.21499
-43.9845
26.8245
-32.777
-0.571133
11.4254
-21.182
53.0541
-33.8199
4.81321
-24.8536
-11.9988
11.7418
1.81365
-32.7726
44.4217
-57.4228
-13.0127
-29.0472
25.0486
39.7119
8.98032
-10.9687
57.8158
-37.241
0.502111
73.1685
-16.5091
-7.81719
11.3427
8.66443
-3.36528
29.9514
0.561616
-4.50292
13.7219
-14.6273
-36.416
14.3082
4.98467
41.4209
8.66612
11.1022
-3.12294
21.2052
-13.6633
36.3688
-19.4028
-9.61056
-28.0346
-36.9661
-45.3431
23.8175
-1.83849
-9.53728
21.6644
0.173623
15.7655
-8.54584
21.6932
7.9464
7.25504
13.0109
-9.69817
25.5186
13.2986
66.1173
12.3041
-29.8217
8.80822
-17.1362
26.4218
16.7149
19.3066
-16.1844
9.39475
-13.7527
-36.3579
2.25814
47.8637
-4.05961
-17.9824
-7.7764
4.72888
-32.7132
-12.1723
-17.0679
2.77747
37.4865
27.8328
0.397165
-15.9567
5.15371
21.0507
22.8908
8.03484
-27.2152
38.7503
-57.9716
-16.4147
3.19169
53.7427
7.36405
21.2483
8.63008
12.1875
22.5674
22.6078
-19.7289
25.9833
-48.5028
-28.9717
-24.5994
29.5385
36.6086
-40.966
-2.27473
-40.7748
-12.5055
17.9106
9.42372
-2.47998
17.6053
45.2573
-30.5399
34.7079
-0.965735
12.9465
16.4714
-22.7637
-1.75323
-40.5352
28.845
11.114
-15.3179
12.4337
-14.5473
-14.3274
1.88627
15.7579
-19.8004
-8.38112
8.16085
3.43333
-16.9939
-9.24423
29.2681
-16.4272
48.6364
37.6137
37.5391
-10.3876
-27.4649
19.7308
-10.603
-0.757147
-36.1158
13.0126
-27.5544
-17.9827
-5.66873
13.6242
-10.014
55.6199
-19.74
-14.3542
26.7216
40.0822
-4.7995
37.7283
-24.9699
3.83182
26.0293
2.86513
-29.1665
12.0946
-23.3168
-21.9892
-3.53228
37.1151
32.4531
-4.65642
11.3499
-19.832
-21.1705
-0.33614
41.0216
-12.3326
16.4166
17.8159
-48.7982
-26.7179
5.20452
7.03877
3.04572
-8.0135
-9.83577
-6.57625
-14.1019
16.2362
-25.0799
-24.2571
-2.83248
32.9116
5.87098
-6.19158
-9.47222
9.74062
30.0874
-13.4688
-17.4789
22.5304
10.2596
13.5532
27.5326
-42.8413
13.5054
-58.2195
-47.0911
-54.9657
-9.15449
-18.0958
41.8745
-25.5068
-33.5703
-21.7162
4.9661
-8.13884
-25.5076
43.0623
8.05797
4.84015
-12.7588
40.8971
13.0456
6.25664
46.8559
3.61139
-31.1099
21.4279
14.2488
-20.931
29.655
-41.4631
64.7353
-13.1997
-5.13027
13.7903
7.59557
13.7466
22.8806
21.5975
-33.3686
-17.1809
-10.746
-38.4089
-35.1182
46.863
17.1586
7.80332
-37.3562
-27.7556
40.8293
10.0312
18.74
36.1044
43.6833
4.43646
-15.0608
27.3213
-26.8543
-10.6466
10.3528
-59.1156
-0.220465
6.88295
3.26709
-0.582815
-21.3653
-19.8311
-45.9036
21.1268
-0.670818
-31.1162
26.6771
23.2195
-30.6209
13.4742
-3.74145
-11.184
-32.5607
-5.41669
-28.0017
-10.8504
-8.92852
-27.5429
20.2644
5.05981
0.919973
39.8355
1.36584
-19.7447
-20.6835
37.0623
21.6584
24.304
45.4287
5.86984
-8.77926
23.9969
14.2996
11.4354
-38.5779
-29.0364
0.881053
-7.07742
-10.8674
-4.65308
-13.4189
-0.0858663
52.8337
-12.4798
-10.9212
-25.4629
-23.3644
-6.66518
17.6471
17.5666
-25.035
-15.4329
1.94409
64.6547
-26.5712
-2.15716
26.397
-29.275
32.0241
-20.0359
-25.7156
20.1111
1.09622
19.4807
-45.6873
5.21634
3.37503
32.7621
21.3831
-47.0613
-15.105
-4.90335
15.8245
9.46024
-23.1988
2.86101
24.2922
6.36
-25.7643
-20.012
-18.3217
8.69846
27.7982
11.12
6.67577
7.69494
-5.56898
-3.39494
20.181
17.6209
-8.92108
21.9637
-14.8668
58.8013
9.3242
-48.9497
6.61306
-10.8756
-8.30501
-28.7037
15.0247
24.6212
54.6695
19.2002
-38.6535
5.54106
-68.6367
-65.2843
11.9753
-4.18293
-26.4291
-9.6969
-13.4849
-5.02291
-44.8979
25.8273
34.3237
41.1445
-10.9014
-24.131
-78.1802
23.6379
-34.3832
-30.3635
29.8701
13.2306
-19.1352
-47.2695
-5.63658
-1.26617
-9.98685
-19.798
