0
-2.63068
0.557307
-0.42239
0.134003
-0.0108351
0.0525977
0.0266193
0.00916874
0.0204286
0.0146568
0.00693198
0.0147736
-0.00611449
0.0142705
-0.00489837
0.00853212
0.00548917
0.00729822
0.0059441
0.00743619
-0.0520524
-0.00849693
0.00356448
0.00247209
0.00369703
0.0046807
0.0015532
0.000747076
-0.00135797
0.000154064
0.000792091
0
-0.000792091
-0.000154064
0.00135797
-0.000747076
-0.0015532
-0.0046807
-0.00369703
-0.00247209
-0.00356448
0.00849693
0.0520524
-0.00743619
-0.0059441
-0.00729822
-0.00548917
-0.00853212
0.00489837
-0.0142705
0.00611449
-0.0147736
-0.00693198
-0.0146568
-0.0204286
-0.00916874
-0.0266193
-0.0525977
0.0108351
-0.134003
0.42239
-0.557307
2.63068
