-0.00387691
-0.00308422
0.00573825
0.0205263
0.0284028
0.0300724
0.0375407
0.0414689
0.0386303
0.0456052
0.0459792
0.0448769
0.043386
0.0404337
0.0374051
0.0362609
0.0380328
0.0356387
0.0432414
0.0488545
0.0534247
0.0650799
0.0786167
0.0885247
0.105863
0.125062
0.128835
0.134311
0.13707
0.128667
0.121278
0.112966
0.092608
0.0708663
0.0549605
0.0284824
0.0039786
-0.0149948
-0.0382656
-0.0577335
-0.0742804
-0.0911755
-0.0992769
-0.10322
-0.106863
-0.11215
-0.107407
-0.107037
-0.100959
-0.0930799
-0.0921459
-0.0827234
-0.0731425
-0.0688841
-0.0628905
-0.0516242
-0.0438799
-0.0397708
-0.0258816
-0.0221471
-0.0167884
-0.0081302
-0.00194258
0.0023603
0.00740088
0.00675499
0.00671178
0.0163077
0.00786323
-0.000111871
-0.00952888
-0.0234081
-0.035718
-0.046874
-0.0633899
-0.0801913
-0.0754538
-0.0794286
-0.0822499
-0.0740338
-0.0662327
-0.0596621
-0.0449477
-0.0317954
-0.0150769
0.00341946
0.0210412
0.0338692
0.0532852
0.0709021
0.0847473
0.0951941
0.105434
0.113699
0.119677
0.133242
0.142603
0.158654
0.174826
0.175679
