-0.315084
0.851427
0.374698
0.185624
-0.72203
-0.648766
-0.900233
0.71827
0.126812
0.440515
-1.14554
1.05025
0.676467
-0.703208
-0.654507
-0.804733
-0.494247
0.0263167
-0.115934
-0.434981
0.223129
-0.812123
-0.405291
-0.233443
-0.123986
0.580683
-0.591532
-0.00323454
0.244084
-0.869323
0.372169
-0.667795
-0.959072
0.963762
0.938118
0.613612
-0.483764
-0.882007
0.494271
-0.0836124
-0.87001
-0.0722323
-1.00403
0.904697
-0.44849
0.464668
-0.263489
0.0882096
0.127959
-0.55422
1.06782
0.666915
0.843783
0.770679
0.1169
0.826023
-0.859763
-0.661486
-1.05157
-0.452369
-0.163495
-0.500936
0.778332
-0.30158
-0.423893
0.0566232
-0.828617
0.710829
-0.840761
1.07746
0.620735
-0.596346
-0.959427
0.613973
0.448418
0.375136
0.475306
-0.989635
-0.367407
-0.716275
0.720964
0.184868
-0.469016
-0.959865
-0.352673
-0.362655
0.613874
0.321809
0.866901
-0.166637
-0.856629
0.569743
0.571131
0.0411322
0.469151
-0.120535
0.109743
-0.183763
-1.12408
-0.748562
-0.920051
0.361772
-0.321867
0.0801361
0.840721
-0.51198
-0.127729
0.594478
-0.573154
-0.843558
-0.344299
-0.486438
1.07977
0.733077
0.288824
0.83953
0.489965
-0.698113
0.952191
0.0183786
0.629217
0.638783
-0.456318
-0.817232
-0.460689
-0.0385469
0.723401
0.70792
