0
0.0217132
-0.0219759
0.181637
0.678798
-0.198521
0.241995
0.0664665
0.477584
0.0118412
-1.31143
0.575862
0.294276
0.486666
0.434074
2.31403
2.21632
3.47739
1.23184
1.42811
0.884006
0.789896
0.820326
1.25331
1.617
0.913389
1.46806
1.38482
2.64169
2.25061
3.44951
3.28673
3.64637
3.85163
2.73841
5.68958
6.49737
8.71402
10.0271
13.0418
17.8215
21.1624
12.9806
-22.4251
-63.0406
-29.2729
58.5681
-19.2686
-32.0938
69.7644
-119.422
-63.5622
42.0334
-2.62639
-6.93481
-11.6317
-8.85605
-9.73467
-7.37625
-8.01512
-6.74154
-5.00897
-4.82494
-2.84953
-3.75034
-2.37745
-2.93664
-3.18324
-0.576137
-2.72136
-0.699967
-1.32374
-0.603799
0.122105
0.0424786
0.518327
1.70165
1.58767
2.2425
2.68942
0.900904
0.0978645
-2.64662
-7.20626
-14.8784
-15.3308
-3.9922
12.1494
11.0014
-9.92992
-19.2884
-1.03372
1.5983
-19.0441
-8.73458
-4.15367
-22.8196
-6.41163
-21.4268
-0.882464
-7.05469
55.6065
57.6163
-4.41113
-25.5123
-17.0688
-4.19339
2.84423
6.19916
4.87112
2.56499
2.12323
2.25131
3.26763
4.15714
4.44333
3.0561
0.803387
0.741537
0.294134
-0.369345
-1.3099
-2.01275
-2.74925
-3.11687
-2.48339
-0.331776
-0.100487
-1.9681
-6.30072
-8.29771
-4.17179
0.151304
-0.809757
-5.46126
-4.3523
3.52891
0.587409
-7.07645
1.72498
3.84108
-7.03311
5.27105
3.07417
-8.45085
7.56991
-10.2328
7.22217
-9.36262
8.19607
-21.0369
17.3554
-41.1207
0.214109
55.4294
-9.75121
-34.1247
2.41624
16.8938
-2.19295
-8.31907
-0.527885
0.259946
-1.98263
-2.50737
-2.06251
0.113333
0.316272
1.33845
-1.00634
-2.77598
-5.91807
-3.82442
1.80613
2.92068
0.393881
-8.32331
-5.50348
1.3983
0.936021
-3.70169
-5.02538
3.57296
1.17943
-9.3886
4.90553
4.22493
-8.81767
5.78779
5.83738
-7.36432
7.66596
-4.30222
0.321836
4.40173
-16.6125
6.02674
-15.5599
7.22596
-17.3677
16.5428
-12.1184
10.2677
29.9781
-27.3823
-13.3503
9.28824
5.9488
-5.99706
-1.50258
1.40095
-4.27947
-3.35079
0.808294
2.476
3.65222
3.34803
-2.31765
-4.17655
0.551997
2.9062
4.38918
-3.3618
-2.87742
3.66059
3.89677
-4.99882
-0.450826
6.06978
-2.09918
-5.81378
6.82455
1.07726
-8.7587
8.02381
-1.71665
-7.82967
9.85473
-8.90224
3.63801
1.65119
-10.6152
11.877
-11.9549
8.54174
-6.97829
4.61235
-4.11838
6.22752
-6.4737
10.3363
-20.623
24.8887
-25.8216
1.56089
27.2389
-12.6298
-19.7383
8.63474
14.4329
-10.1993
-3.85637
6.8004
0.0321102
-5.94179
0.599916
6.09111
-1.75492
-4.60071
3.10443
1.19584
-1.95176
-2.60366
2.90457
1.63298
-4.30402
1.00407
3.13804
-4.36682
-0.667157
3.73674
-3.17422
-0.429845
2.95609
-5.36131
2.32053
0.895805
-3.17598
3.26492
-5.07944
2.17812
-0.922547
0.113682
0.469777
-1.65125
3.56105
-4.68703
6.60421
-9.49796
9.04385
-11.5332
9.69893
-4.6106
-9.86909
29.8238
-37.513
17.9071
9.88642
-24.1907
20.9557
-11.8
4.30827
2.15874
-6.52263
6.58342
-5.43499
3.62374
-3.07345
0.864051
-0.229554
-1.32252
1.33638
-2.34577
1.36805
-1.91813
0.751264
-0.491329
-0.78998
0.0121701
-0.445766
-0.853268
1.2847
-1.78451
1.42167
-1.4401
1.16915
-1.67819
1.24023
-1.926
0.132821
-0.724586
0.0476518
0.420975
-0.3395
0.235869
-1.54098
0.268435
-1.69284
1.05579
0.384914
-1.51608
3.32545
-4.53066
4.18509
-2.36477
-3.10575
2.7208
2.38095
-2.88927
-1.57323
2.82233
-2.79819
1.85824
-1.76444
-0.862072
2.25746
-3.14524
1.97073
-1.56295
1.37568
-2.07152
1.36634
-0.839402
-1.26
1.65864
-1.33657
-1.27634
1.71632
-1.46904
0.582688
1.24418
-2.79643
3.06328
-2.83161
-1.18288
2.55629
-3.74867
2.51441
1.07344
-3.35032
3.96815
-5.09282
2.84407
-1.17203
1.07623
-0.623366
-1.78411
1.22767
1.11738
-1.08285
0.837777
-2.9773
2.84197
-1.49465
-1.82245
1.54082
-0.346132
0.559255
-1.58034
-0.411534
1.38921
-0.460495
-1.68481
1.62459
-1.32526
-0.879953
1.87526
-0.466208
-1.00568
-0.33211
2.63121
-2.43317
-2.10108
3.71752
-3.90221
-0.296594
5.79767
-5.1129
2.39928
2.36746
-6.79181
2.8272
-0.756069
0.170708
2.82277
-2.22135
-0.154584
-2.88664
2.70353
0.0356806
-0.252656
-2.55622
-1.19783
4.4923
-0.630557
-2.70788
-0.62135
2.83455
1.6337
-3.56324
-1.62731
2.51354
2.54806
-5.7935
0.957857
5.66293
-0.872039
-4.57713
1.11705
4.12219
-3.24408
-4.48901
4.78792
1.92336
-5.12937
-0.0830954
2.95696
-2.54316
-0.665592
1.14847
-2.73271
0.114776
0.286641
0.833509
2.99237
-3.74842
-3.37544
-0.873301
-0.641165
4.83205
2.11711
-1.30356
-2.59945
-3.34246
4.1879
2.98949
-0.227383
-6.02458
-1.98699
2.43273
0.976492
-2.16965
-1.64698
2.64814
1.57917
0.0568637
-1.66705
1.32046
-0.238227
-1.72326
-0.607786
-0.818744
-0.434103
-1.25892
0.984325
-0.707904
-0.586384
1.13595
0.974734
-0.553991
-0.584036
-0.355723
-1.00179
-0.329396
0.742739
-0.563492
-0.0213155
-0.626789
-0.984735
-0.0439159
0.22069
0.441309
0.278897
-0.994979
0.00233051
0.0635248
-0.0842289
-0.753942
-1.80884
-0.0416789
1.76354
0.358497
0.313825
-1.56984
0.4999
-0.493914
0.0371534
-0.504225
-0.0716714
-0.0856978
-0.733934
-0.0899953
-0.590826
0.484095
-0.535172
0.74178
-0.0932595
0.970315
-1.32109
0.149621
-0.425349
-0.774688
0.0545767
-1.07264
0.808943
-1.37642
1.06705
0.949311
-1.43902
0.155176
-0.164013
-0.516791
-0.049745
-0.477652
0.779378
-0.429009
-0.628703
-0.229624
-0.0141964
-0.0918871
0.505087
0.0281065
-0.517521
0.632438
-0.300247
-0.161757
0.244594
-0.831035
-0.477572
-0.297245
-0.0887931
0.0733956
-0.120888
0.24677
-0.147438
0.181181
-0.939537
-0.356225
-0.310268
-0.119196
-0.547397
-0.170864
0.384857
0.15908
0.164845
0.322519
0.207874
-0.290676
-0.491907
-0.384362
-0.541874
0.312482
0.139636
-0.18456
-0.0833301
-0.495786
-0.327622
0.149606
0.21612
0.344462
-0.279331
-0.670318
0.212655
0.474719
-0.235239
-0.340324
-0.284626
0.0360733
0.194932
-0.358621
-0.318257
0.138402
-0.0960114
0.17265
-0.19135
-0.323726
0.118573
-0.297025
-0.181691
0.176625
-0.010215
-0.241064
-0.284693
0.142013
-0.328976
-0.635823
-0.277503
0.248929
-0.535045
-0.156004
0.145694
0.123851
-0.245011
-0.0182494
0.0020548
-0.769513
-0.251966
0.392777
0.208906
-0.155482
-0.150869
-0.392632
-0.283265
0.0939994
0.34361
-0.348201
-0.281669
-0.61661
0.325434
0.463634
-0.628241
-0.192436
-0.0274427
-0.0167239
-0.207379
-0.675896
-0.0256191
0.301952
-0.153441
-0.356868
-0.0655801
-0.139421
0.244458
-0.661223
0.141522
0.0739553
-0.416161
-0.0819564
0.206174
-0.0808337
-0.66294
0.0186332
0.493206
0.0964848
-0.486458
-0.0994438
-0.219889
0.235181
0.588524
-0.126258
-0.889489
-0.447978
0.229395
-0.21733
-0.0596198
-0.102371
-0.726042
-0.71496
0.70197
0.307567
0.100803
-0.815411
-0.669221
0.114773
0.262457
-0.968715
-0.0766764
0.754481
-0.319268
0.00850725
-0.663457
-0.464291
0.557608
-0.0945976
-0.399585
-0.226367
-0.145196
0.257507
-0.0615903
0.271302
0.336019
-0.735312
-0.639243
-0.299129
0.531234
-0.93697
-0.360966
0.718686
-0.340147
-0.272827
-0.527398
-0.0714909
-0.818809
0.331315
0.0799634
0.0718747
-0.786267
-0.0516855
-0.30103
-0.0709813
0.482945
-0.364056
0.0371477
-0.499722
0.638421
0.591053
-0.315353
-0.671069
-0.21434
0.326325
0.0752831
-1.1569
0.285231
0.522946
-0.746064
-0.0667095
-0.209721
0.231299
0.589452
0.0837385
-0.0668912
0.939133
-0.719015
-2.45053
0.0125085
1.64497
0.598484
-1.44348
1.10512
0.788187
-0.214854
-2.11988
0.0771575
1.70545
-0.930262
1.54459
0.630971
-0.568874
-1.74174
0.924769
-0.221566
-2.38728
2.65258
-0.654393
1.01302
-0.515607
-0.341449
0.0208905
0.233658
-0.457078
1.86475
1.13096
-0.847698
-0.0399024
-0.39144
-1.28953
1.62968
-2.23081
2.22637
-0.599178
0.110779
-0.293504
0.585824
-2.49313
2.25163
-1.35748
-0.306753
1.82025
-1.04666
0.985962
-1.61558
-1.49874
-0.572905
0.941578
-1.0275
1.14136
-0.882623
0.171678
-0.545968
-0.405789
0.203023
-0.936512
1.07368
-0.658938
0.309818
-0.906718
-0.0781443
-0.239545
-0.258668
0.980569
-0.798467
-0.0315389
-0.737771
0.471786
-0.55055
-0.0579426
0.179487
-0.173054
0.138257
0.0610952
-0.496154
0.0827993
-0.131555
-0.583338
0.143638
0.176648
-0.342985
0.334385
-0.465464
0.108208
0.123937
0.223831
-0.128174
-0.180377
0.406682
-0.672129
0.311574
0.399195
-0.446546
-0.198219
0.38331
-1.31042
0.611144
-0.389774
-0.442191
-0.0456585
-0.122859
0.32133
-0.409298
0.048992
-0.279329
-0.480241
0.319227
-0.291157
0.79226
-0.794982
-0.13201
0.597002
-0.379807
0.349532
-0.545855
0.429867
-0.357693
-0.0182041
-0.0671024
0.417974
-0.158538
0.263289
-0.747035
-0.181068
0.263469
-0.183831
-0.237039
0.0877334
0.686543
-0.113739
-0.235335
0.28122
-0.19842
0.168169
-0.983735
0.596194
-0.43308
0.399828
-0.316246
-0.06413
0.56188
-0.476828
-0.560131
0.42647
-0.397382
-0.428341
0.745394
-0.414726
-0.463116
-0.0939042
0.605714
-1.1223
0.322978
0.206278
-0.312849
-0.445738
0.353934
0.0644208
-0.276334
0.279071
0.0826319
0.00131988
-0.531632
-0.148664
-0.203343
0.121682
-0.0740568
-0.181794
0.154274
-0.181912
-0.0316129
-0.697017
0.630043
-0.197351
0.294847
-0.411947
0.576455
-0.128918
0.0312522
-1.25502
0.185967
-0.907101
0.31099
-0.146954
0.349582
0.0246992
-0.479524
0.149713
-0.401163
0.0896602
-0.0577929
-0.0288985
0.301931
-0.220971
-0.154774
0.0232636
-0.139808
-0.0884921
0.025831
-0.0553795
-0.14345
-0.0559911
-0.0324231
-0.0637997
-0.0626814
-0.0820232
-0.0658598
-0.0649526
-0.0615831
-0.0750914
-0.0547993
-0.0648727
-0.0632829
-0.0709742
-0.0798868
-0.059273
-0.0606252
-0.0659016
-0.072316
-0.0664466
-0.0645164
-0.0684482
-0.0599733
-0.0783478
-0.0619741
-0.0630172
-0.0704477
-0.0670849
-0.0630988
-0.0655757
-0.0640345
-0.0660478
-0.0647076
-0.065984
-0.0657493
-0.0658176
-0.0655027
-0.0657142
-0.0664238
-0.0693037
-0.06082
-0.0647862
-0.0627111
-0.0674447
-0.0690907
-0.0608511
-0.0513576
-0.0591354
-0.0485282
-0.0564157
-0.0838442
-0.0604501
-0.0422414
-0.05621
-0.0495469
-0.0858781
-0.0554451
-0.0628622
-0.0937473
-0.0568059
-0.0548588
-0.0730535
-0.0118532
-0.0717624
-0.0545175
-0.0750765
-0.0648065
-0.0360994
-0.0730179
-0.0748967
-0.0711865
-0.062766
-0.0753533
-0.0439131
-0.0739058
-0.035466
-0.0191282
-0.0763627
-0.0752782
-0.0614175
-0.0433251
-0.0696946
-0.0149244
-0.0812705
-0.161219
-0.0460001
-0.0494544
-0.0703909
-0.0697739
-0.0310856
-0.0904292
-0.0100081
-0.118003
-0.0702937
-0.0627938
-0.0632704
-0.0961645
-0.0748873
-0.0890401
-0.0908239
-0.0349061
-0.0721931
0.0695898
-0.0988001
0.113815
-0.0608156
-0.0412818
-0.16716
-0.126642
-0.0222534
-0.0666709
-0.0511884
-0.00567783
-0.138229
-0.0831798
-0.0337867
-0.0936925
-0.0575455
-0.0639643
-0.0201926
-0.0660197
-0.115951
-0.080253
-0.0281962
-0.0982649
-0.0404214
-0.0173687
-0.0772117
-0.0543363
0.0328182
-0.0104728
-0.0383806
-0.0161322
0.0403042
-0.106712
-0.08282
-0.0471822
-0.0667547
-0.0274113
-0.0355526
0.0271993
-0.18209
-0.0157615
0.0428598
-0.105289
-0.0718731
-0.0475086
-0.0364345
0.0372545
-0.178374
-0.0218276
-0.0829441
0.0526583
-0.106367
-0.0976669
-0.0525215
-0.201824
-0.0535714
-0.0556312
-0.0752274
-0.0491004
-0.0551624
-0.224698
-0.0748583
-0.174843
-0.0907423
-0.0565406
-0.0555888
-0.104602
-0.124466
-0.254444
0.087073
-0.0782264
-0.0328952
-0.0439729
-0.0769385
-0.0579086
-0.0500691
-0.0559345
-0.0903502
-0.0496099
-0.0521265
-0.0578736
0.0703312
0.767329
0.0532853
-0.044108
-0.0488527
-0.0689374
0.0428208
-0.0437806
-0.0449147
-0.00837074
-0.112098
-0.0283736
-0.0630656
0.00313623
-0.00710554
0.0520802
0.0099997
-0.0617701
-0.101283
-0.0368365
0.0443017
0.0262767
-0.137006
0.299867
-0.057055
-0.0524696
-0.208885
-0.0433749
-0.0326053
0.0275593
0.176092
-0.0961476
-0.189981
-0.0296033
0.067248
-0.00946098
-0.16183
-0.0568851
-0.209808
-0.0566334
-0.0461716
-0.288335
-0.239389
-0.196929
-0.154705
-0.0678387
-0.0962119
-0.102728
-0.0629414
-0.0499245
-0.0935788
-0.0206658
-0.0082114
0.00477932
-0.199855
-0.0392853
0.0658439
0.083512
-0.0392666
-0.0740557
-0.10765
-0.104107
0.0757805
-0.123564
-0.104291
-0.136248
-0.130936
-0.188255
-0.034056
-0.0329524
-0.051446
-0.0683601
-0.00046862
-0.100928
-0.101741
-0.0382773
-0.0151254
-0.124448
-0.193271
0.064106
-0.274948
-0.454847
0.313636
1.03396
0.31646
-0.359401
0.0634462
-0.021838
-0.228614
-0.0134561
0.0784264
0.083684
0.0615357
-0.00102631
-0.12138
-0.219159
-0.0109889
0.220326
0.479121
-0.484461
-0.939068
0.372669
-0.182811
0.254453
-0.40736
-0.348768
-0.113449
0.0146725
-0.115025
-0.245974
-0.144262
0.0628365
-0.102305
0.0520025
-0.192674
-0.255239
-0.521957
0.337662
-0.658106
0.190924
-0.0217096
-0.30097
-0.367976
-0.391124
-0.210486
0.010398
-0.0326092
-0.183329
-0.0750334
0.0299235
-0.127925
-0.338393
0.0432313
1.87226
0.596252
-0.362645
0.231311
0.120208
0.0277604
0.102538
-0.0490921
-0.342024
-0.0353202
-0.167156
-0.076769
-0.00270085
0.126108
0.0582507
0.1332
-0.183877
-0.259226
-0.256323
-0.261336
-0.351801
-0.0788437
0.378388
-0.663669
-0.1458
0.0294672
0.00400652
-0.0323493
-0.0543773
-0.112107
-0.160959
-0.258178
-0.301577
-0.451507
1.55865
2.4356
2.07477
-0.821688
0.622577
0.26777
-0.101053
0.1276
0.111932
-0.00461062
-0.0229575
0.038312
0.133931
-0.0569803
-0.219447
-0.0650292
0.00905542
-0.0332087
-0.0253258
-0.0130728
-0.0678526
-0.0322515
-0.010951
-0.32989
-0.0737884
-0.0999352
-0.070973
-0.0720639
-0.222255
-0.290491
-0.371643
-0.788519
2.21153
0.637125
4.18502
0.0540765
0.284094
0.238222
0.167359
0.00698389
-0.0952447
0.0183727
-0.042207
-0.0728175
-0.0608939
0.211889
0.140175
0.320005
-0.0857428
0.128241
0.727875
-2.05935
0.886467
-0.140414
-0.159749
-0.145553
-0.135569
-0.0329125
0.0148017
0.0518051
0.042513
0.116898
0.182321
-0.0557776
-0.164598
-0.100278
0.353528
-0.313658
1.44292
0.318528
-0.635546
-0.0240217
0.0644967
-0.0544575
0.0681533
-0.101272
0.261948
-0.067266
-0.147888
-0.20252
-0.231646
-0.274783
-0.234495
0.528569
-0.672111
-1.09935
-0.368469
0.0142219
0.080652
-0.164872
0.147507
-0.194375
-0.164776
0.00237495
0.171528
0.324637
0.250167
-0.174772
-0.443343
0.194456
-0.265478
0.703133
-0.0743156
0.650051
0.355514
-0.000343107
-0.245084
-0.141394
0.0606632
0.13914
0.155538
0.067872
0.158767
0.0770149
-0.125274
-0.00985194
0.148894
-0.31931
0.140153
1.33424
0.757722
-0.194302
-0.18771
0.0846281
-0.00315636
-0.0315266
-0.0977295
-0.00485486
0.0417192
-0.14149
0.0131735
-0.0742291
-0.0327074
0.0204509
-0.318044
-0.148353
-0.130221
0.0426961
-0.0857231
-0.098218
0.00658127
-0.0781293
-0.116593
-0.275684
-0.0653483
0.0708908
0.124715
0.172997
-0.0588862
-0.0240404
-0.0786091
0.0870309
0.0763909
-0.0455316
-0.0701345
-0.119525
-0.0840388
-0.0953959
0.0450425
-0.0240818
-0.0308792
-0.114549
-0.147589
0.016917
-0.00873166
-0.191101
-0.00421205
0.117782
-0.118633
-0.231857
-0.070542
0.158278
0.170849
0.0730177
0.0797983
-0.0564018
0.116798
-0.210517
0.044192
-0.124253
0.0465691
0.0631091
-0.0750258
-0.0672114
0.0095142
0.0281347
-0.0269854
-0.0319502
-0.0181869
0.056821
0.0544734
-0.038262
0.0338044
-0.0649022
-0.0534147
0.0673759
-0.00587582
0.00688256
0.0835864
0.0267803
-0.0156708
0.0139839
-0.0855002
-0.0732807
-0.0336051
0.00857211
-0.0658886
-0.035154
-0.0287797
-0.0030315
0.0526974
-0.0653747
-0.0562113
0.0392829
0.00423771
0.00991264
0.00947822
-0.014498
0.000214766
0.0384605
-0.0283868
0.073126
0.136636
0.476542
0.138571
-0.0696741
0.0666001
-0.0822919
-0.0644787
0.0146734
-0.0666373
-0.0404069
0.106484
-0.401736
-0.134307
0.0619227
-0.037552
-0.00326625
0.0784018
-0.0381049
-0.038106
-0.08451
-0.0388159
0.157078
-0.221522
0.195612
0.122345
-0.124224
0.0136202
-0.0255685
-0.0151953
0.0247452
0.0842421
0.0797297
0.285277
-0.112218
-0.0427581
0.022368
0.121177
0.03348
-0.0112317
-0.0734662
-0.0603216
0.19995
0.0525076
0.0543624
0.249013
0.184228
-0.032533
-0.0346372
-0.0343431
-0.0301946
0.0736223
0.191159
1.57321
0.304886
-0.287215
-0.138982
-0.165419
-0.0142644
-0.0422047
-0.113614
0.0498908
0.0768472
-0.0230695
0.0691427
-0.0754702
0.000568409
0.0146851
-0.0378089
0.052264
0.0908295
0.217366
-0.402672
-1.58111
-0.196545
-0.124533
-0.0443991
-0.0290341
-0.0211794
0.0122408
-0.248126
-0.300138
-0.0851975
-0.124161
-0.238728
0.0136518
0.0238926
-0.0526617
-0.0247506
-0.120432
-0.103355
0.00888417
0.0643391
-0.317646
-0.158576
-0.106424
-0.0585312
-0.0372243
-0.00618599
-0.0567083
0.0765775
-0.156397
-0.199456
0.221675
-0.196045
-0.00160226
0.0272693
-0.0389208
0.0541617
-0.125228
-0.0261387
-0.0222151
-0.105574
-0.0458463
0.366735
-0.170365
0.0849294
-0.00880783
-0.0853318
-0.0200662
-0.00442603
0.025124
0.0924378
-0.158384
-0.507182
-0.191691
-0.102871
-0.0651071
-0.0564214
-0.0358802
0.0106263
-0.0554587
-0.0672513
-0.115324
-0.148323
-0.0132095
-0.0220526
-0.0433
-0.0665245
-0.0898195
-0.00400436
0.0430139
-0.0746714
0.0108282
-0.0594722
-0.0220525
-0.018194
0.00901117
-0.115113
-0.0548342
0.00893904
-0.0786434
-0.0823778
-0.071174
0.0690214
-0.285418
0.0500734
-0.00887132
-0.0824371
0.00121342
0.0262155
0.0193403
0.0113309
-0.0567255
-0.152724
-0.0531608
-0.01524
-0.0145055
-0.0191616
-0.0475149
-0.45647
-0.458416
0.0592582
0.0122936
-0.0198911
0.017726
-0.0228184
-0.00475714
-0.010581
-0.0148159
-0.0288738
-0.0271375
-0.0337717
-0.147745
0.111701
0.0335059
0.0114969
-0.0444418
-0.00234836
-0.0059274
0.0522214
0.135945
0.0147778
-0.00235421
-0.0173033
0.0139262
0.00776203
0.0391492
-0.0771554
0.266456
0.0349653
-0.00817853
-0.0274209
0.0202517
0.0595771
-0.0383232
0.100812
-0.0954177
-0.0639703
-0.00821146
-0.00649774
0.0949202
0.0244865
-0.145746
0.166855
0.0209436
0.0368323
0.0145995
0.0560403
-0.0408791
-0.042351
-0.0723444
0.0232536
0.0324792
-0.0895215
-0.0791228
0.00967531
-0.00323547
-0.0236723
-0.0262527
0.00796598
-0.0462567
0.00547819
-0.0234033
-0.00637333
-0.181384
0.0871021
-0.00238221
-0.0335943
-0.0473258
-0.0180185
-0.00664809
0.0375568
0.0102194
0.00865174
0.0101202
-0.0732991
-0.0434994
-0.00336277
-0.0249832
-0.0362211
-0.00332113
0.223253
-0.028339
0.0267458
-0.00763695
0.00736909
-0.0279083
0.027094
0.00287907
-0.0226782
0.0117708
0.00588273
0.136071
0.000913687
-0.02563
-0.011636
-0.129774
-0.020886
-0.0156203
-0.0184094
0.00427367
0.138348
-0.0512792
0.0488904
-0.0987524
-0.064972
0.156679
0.0186846
-0.0118391
0.00658973
0.00633369
-0.0092152
-0.0100621
-0.033199
-0.0474971
-0.0268734
-0.00466717
-0.0114918
-0.0204987
0.0446719
-0.0089468
-0.00821498
0.0332822
0.0694911
0.114129
0.0161979
-0.0538203
-0.0402966
-0.028833
-0.0338221
0.00119658
0.0282354
-0.00965779
0.0590274
-0.0100644
-0.0650289
0.00742468
-0.0269211
-0.0807115
0.00563353
-0.0012635
0.012824
-0.240951
-0.00713427
0.00021404
-0.039049
0.09407
-0.00311116
-0.0340006
0.00237505
0.0837443
0.00913622
-0.016507
-0.0254114
0.0216853
-0.0378595
0.0276973
-0.0209911
0.00824894
-0.0169793
-0.0304404
-0.00306407
0.142376
0.00307328
-0.00528735
0.0076153
-0.0155229
-0.00479652
-0.00800349
0.00737569
-0.00729095
-0.00534912
-0.0514697
-0.0271758
0.0239809
0.0129576
-0.0144751
-0.0287379
-0.0170666
0.0622498
-0.0330938
-0.00178566
-0.0337077
0.00542629
0.0440265
-0.00196688
0.00938027
0.00653597
0.00355378
-0.000609638
0.00887579
-0.0037966
-0.00931441
-0.00434338
0.00665937
-0.00422045
-0.00594599
0.0193597
-0.00521638
-0.00788612
-0.0103914
-0.0281005
-0.015822
-0.0487236
-0.0392318
-8.41181e-05
0.0125781
0.0217188
-0.0106585
-0.0266408
0.0570366
0.00105233
-0.00410054
-0.00594735
-0.0744783
0.000352125
0.0062418
-3.31123e-05
-0.00895907
-0.00606443
0.0063326
0.00074104
-0.00513353
-0.0080509
-0.00893789
-0.014955
0.0153879
-0.000822597
-0.00351102
-0.00220109
-0.0201888
-0.00140129
-0.0105253
-0.000959545
-0.000447002
-0.000184407
-0.0190103
-0.00701181
-0.00569435
-0.00760718
-0.00673723
-0.00293764
0.044333
-0.000383244
0.000807003
-0.00268599
-0.00826714
0.00115823
0.00668112
-0.0037181
-0.00196981
-0.00374262
0.00922149
-0.00395996
-0.00296521
0.00111531
-0.00616012
-0.00166327
-0.0015
-0.00465092
-0.00155537
-0.00199393
-0.00872969
-0.000304254
0.00513731
-0.00303849
0.00533811
-0.00227585
-0.00371741
-0.00249298
-0.00319028
-0.000533818
-0.000335502
0.00137653
-0.00032496
0.00126745
-0.000792316
-0.0021087
-0.000278777
-0.000467077
0.000586959
-0.000252818
0.00133501
-0.000492307
0.000157962
-0.000165901
-0.000732358
0.000231672
-0.000635104
-0.000117881
3.1144e-05
-5.00796e-05
2.653e-11
5.00795e-05
-3.1144e-05
0.000117881
0.000635104
-0.000231672
0.000732358
0.000165901
-0.000157963
0.000492307
-0.00133501
0.000252818
-0.000586959
0.000467077
0.000278777
0.0021087
0.000792316
-0.00126745
0.00032496
-0.00137653
0.000335502
0.000533818
0.00319028
0.00249298
0.00371741
0.00227585
-0.00533811
0.00303849
-0.00513731
0.000304254
0.00872969
0.00199393
0.00155537
0.00465092
0.0015
0.00166327
0.00616012
-0.00111531
0.00296521
0.00395996
-0.00922149
0.00374262
0.00196981
0.0037181
-0.00668112
-0.00115823
0.00826714
0.00268599
-0.000807003
0.000383243
-0.044333
0.00293764
0.00673723
0.00760718
0.00569435
0.00701181
0.0190103
0.000184407
0.000447002
0.000959546
0.0105253
0.00140129
0.0201888
0.00220109
0.00351102
0.000822597
-0.0153879
0.014955
0.00893789
0.0080509
0.00513353
-0.00074104
-0.0063326
0.00606443
0.00895907
3.31123e-05
-0.0062418
-0.000352125
0.0744783
0.00594735
0.00410054
-0.00105233
-0.0570366
0.0266408
0.0106585
-0.0217188
-0.0125781
8.41182e-05
0.0392318
0.0487236
0.015822
0.0281005
0.0103914
0.00788612
0.00521638
-0.0193597
0.00594599
0.00422045
-0.00665937
0.00434338
0.00931441
0.0037966
-0.00887579
0.000609639
-0.00355378
-0.00653597
-0.00938027
0.00196688
-0.0440265
-0.00542629
0.0337077
0.00178566
0.0330938
-0.0622498
0.0170666
0.0287379
0.0144751
-0.0129576
-0.0239809
0.0271758
0.0514697
0.00534912
0.00729095
-0.00737569
0.00800349
0.00479652
0.0155229
-0.0076153
0.00528735
-0.00307328
-0.142376
0.00306407
0.0304404
0.0169793
-0.00824894
0.0209911
-0.0276973
0.0378595
-0.0216853
0.0254114
0.016507
-0.00913622
-0.0837443
-0.00237505
0.0340006
0.00311116
-0.09407
0.039049
-0.00021404
0.00713427
0.240951
-0.012824
0.0012635
-0.00563353
0.0807115
0.0269211
-0.00742468
0.0650289
0.0100644
-0.0590274
0.00965779
-0.0282354
-0.00119658
0.0338221
0.028833
0.0402966
0.0538203
-0.0161979
-0.114129
-0.0694911
-0.0332822
0.00821498
0.0089468
-0.0446719
0.0204987
0.0114918
0.00466717
0.0268734
0.0474971
0.033199
0.0100621
0.0092152
-0.00633369
-0.00658973
0.0118391
-0.0186846
-0.156679
0.064972
0.0987524
-0.0488904
0.0512792
-0.138348
-0.00427367
0.0184094
0.0156203
0.020886
0.129774
0.011636
0.02563
-0.000913687
-0.136071
-0.00588273
-0.0117708
0.0226782
-0.00287907
-0.027094
0.0279083
-0.00736909
0.00763695
-0.0267458
0.028339
-0.223253
0.00332113
0.0362211
0.0249832
0.00336277
0.0434994
0.0732991
-0.0101202
-0.00865174
-0.0102194
-0.0375568
0.00664809
0.0180185
0.0473258
0.0335943
0.00238221
-0.0871021
0.181384
0.00637333
0.0234033
-0.00547819
0.0462567
-0.00796598
0.0262527
0.0236723
0.00323547
-0.00967531
0.0791228
0.0895215
-0.0324792
-0.0232536
0.0723444
0.042351
0.0408791
-0.0560403
-0.0145995
-0.0368323
-0.0209436
-0.166855
0.145746
-0.0244865
-0.0949202
0.00649774
0.00821146
0.0639703
0.0954177
-0.100812
0.0383232
-0.0595771
-0.0202517
0.0274209
0.00817853
-0.0349653
-0.266456
0.0771554
-0.0391492
-0.00776203
-0.0139262
0.0173033
0.00235421
-0.0147778
-0.135945
-0.0522214
0.0059274
0.00234836
0.0444418
-0.0114969
-0.0335059
-0.111701
0.147745
0.0337717
0.0271375
0.0288738
0.0148159
0.010581
0.00475714
0.0228184
-0.017726
0.0198911
-0.0122936
-0.0592582
0.458416
0.45647
0.0475149
0.0191616
0.0145055
0.01524
0.0531608
0.152724
0.0567255
-0.0113309
-0.0193403
-0.0262155
-0.00121342
0.0824371
0.00887132
-0.0500734
0.285418
-0.0690214
0.071174
0.0823778
0.0786434
-0.00893904
0.0548342
0.115113
-0.00901117
0.018194
0.0220525
0.0594722
-0.0108282
0.0746714
-0.0430139
0.00400436
0.0898195
0.0665245
0.0433
0.0220526
0.0132095
0.148323
0.115324
0.0672513
0.0554587
-0.0106263
0.0358802
0.0564214
0.0651071
0.102871
0.191691
0.507182
0.158384
-0.0924378
-0.025124
0.00442603
0.0200662
0.0853318
0.00880783
-0.0849294
0.170365
-0.366735
0.0458463
0.105574
0.0222151
0.0261387
0.125228
-0.0541617
0.0389208
-0.0272693
0.00160226
0.196045
-0.221675
0.199456
0.156397
-0.0765775
0.0567083
0.00618599
0.0372243
0.0585312
0.106424
0.158576
0.317646
-0.0643391
-0.00888417
0.103355
0.120432
0.0247506
0.0526617
-0.0238926
-0.0136518
0.238728
0.124161
0.0851975
0.300138
0.248126
-0.0122408
0.0211794
0.0290341
0.0443991
0.124533
0.196545
1.58111
0.402672
-0.217366
-0.0908295
-0.052264
0.0378089
-0.0146851
-0.000568409
0.0754702
-0.0691427
0.0230695
-0.0768472
-0.0498908
0.113614
0.0422047
0.0142644
0.165419
0.138982
0.287215
-0.304886
-1.57321
-0.191159
-0.0736223
0.0301946
0.0343431
0.0346372
0.032533
-0.184228
-0.249013
-0.0543624
-0.0525076
-0.19995
0.0603216
0.0734662
0.0112317
-0.03348
-0.121177
-0.022368
0.0427581
0.112218
-0.285277
-0.0797297
-0.0842421
-0.0247452
0.0151953
0.0255685
-0.0136202
0.124224
-0.122345
-0.195612
0.221522
-0.157078
0.0388159
0.08451
0.038106
0.0381049
-0.0784018
0.00326625
0.037552
-0.0619227
0.134307
0.401736
-0.106484
0.0404069
0.0666373
-0.0146734
0.0644787
0.0822919
-0.0666001
0.0696741
-0.138571
-0.476542
-0.136636
-0.073126
0.0283868
-0.0384605
-0.000214766
0.014498
-0.00947822
-0.00991264
-0.00423771
-0.0392829
0.0562113
0.0653747
-0.0526974
0.0030315
0.0287797
0.035154
0.0658886
-0.00857211
0.0336051
0.0732807
0.0855002
-0.0139839
0.0156708
-0.0267803
-0.0835864
-0.00688256
0.00587582
-0.0673759
0.0534147
0.0649022
-0.0338044
0.038262
-0.0544734
-0.056821
0.0181869
0.0319502
0.0269854
-0.0281347
-0.0095142
0.0672114
0.0750258
-0.0631091
-0.0465691
0.124253
-0.044192
0.210517
-0.116798
0.0564018
-0.0797983
-0.0730177
-0.170849
-0.158278
0.070542
0.231857
0.118633
-0.117782
0.00421205
0.191101
0.00873166
-0.016917
0.147589
0.114549
0.0308792
0.0240818
-0.0450425
0.0953959
0.0840388
0.119525
0.0701345
0.0455316
-0.0763909
-0.0870309
0.0786091
0.0240404
0.0588862
-0.172997
-0.124715
-0.0708908
0.0653483
0.275684
0.116593
0.0781293
-0.00658127
0.098218
0.0857231
-0.0426961
0.130221
0.148353
0.318044
-0.0204509
0.0327074
0.0742291
-0.0131735
0.14149
-0.0417192
0.00485486
0.0977296
0.0315266
0.00315636
-0.0846281
0.18771
0.194302
-0.757722
-1.33424
-0.140153
0.31931
-0.148894
0.00985194
0.125274
-0.0770149
-0.158767
-0.067872
-0.155538
-0.13914
-0.0606632
0.141394
0.245084
0.000343106
-0.355514
-0.650051
0.0743156
-0.703133
0.265478
-0.194456
0.443343
0.174772
-0.250167
-0.324637
-0.171528
-0.00237495
0.164776
0.194375
-0.147507
0.164872
-0.080652
-0.0142219
0.368469
1.09935
0.672111
-0.528569
0.234495
0.274783
0.231646
0.20252
0.147888
0.067266
-0.261948
0.101272
-0.0681533
0.0544575
-0.0644967
0.0240217
0.635546
-0.318528
-1.44292
0.313658
-0.353528
0.100278
0.164598
0.0557776
-0.182321
-0.116898
-0.042513
-0.0518051
-0.0148017
0.0329125
0.135569
0.145553
0.159749
0.140414
-0.886467
2.05935
-0.727875
-0.128241
0.0857428
-0.320005
-0.140175
-0.211889
0.0608939
0.0728175
0.042207
-0.0183727
0.0952447
-0.00698389
-0.167359
-0.238222
-0.284094
-0.0540765
-4.18502
-0.637125
-2.21153
0.788519
0.371643
0.290491
0.222255
0.0720639
0.070973
0.0999352
0.0737884
0.32989
0.010951
0.0322515
0.0678526
0.0130728
0.0253258
0.0332087
-0.00905542
0.0650292
0.219447
0.0569803
-0.133931
-0.038312
0.0229575
0.00461062
-0.111932
-0.1276
0.101053
-0.26777
-0.622577
0.821688
-2.07477
-2.4356
-1.55865
0.451507
0.301577
0.258178
0.160959
0.112107
0.0543773
0.0323493
-0.00400652
-0.0294672
0.1458
0.663669
-0.378388
0.0788437
0.351801
0.261336
0.256323
0.259226
0.183877
-0.1332
-0.0582507
-0.126108
0.00270085
0.076769
0.167156
0.0353202
0.342024
0.0490921
-0.102538
-0.0277604
-0.120208
-0.231311
0.362645
-0.596252
-1.87226
-0.0432313
0.338393
0.127925
-0.0299235
0.0750334
0.183329
0.0326092
-0.010398
0.210486
0.391124
0.367976
0.30097
0.0217096
-0.190924
0.658106
-0.337662
0.521957
0.255239
0.192674
-0.0520025
0.102305
-0.0628365
0.144262
0.245974
0.115025
-0.0146725
0.113449
0.348768
0.40736
-0.254453
0.182811
-0.372669
0.939068
0.484461
-0.479121
-0.220326
0.0109889
0.219159
0.12138
0.00102631
-0.0615357
-0.083684
-0.0784264
0.0134561
0.228614
0.021838
-0.0634462
0.359401
-0.31646
-1.03396
-0.313636
0.454847
0.274948
-0.064106
0.193271
0.124448
0.0151254
0.0382773
0.101741
0.100928
0.00046862
0.0683601
0.051446
0.0329524
0.034056
0.188255
0.130936
0.136248
0.104291
0.123564
-0.0757805
0.104107
0.10765
0.0740557
0.0392666
-0.083512
-0.0658439
0.0392853
0.199855
-0.00477932
0.0082114
0.0206658
0.0935788
0.0499245
0.0629414
0.102728
0.0962119
0.0678387
0.154705
0.196929
0.239389
0.288335
0.0461716
0.0566334
0.209808
0.0568851
0.16183
0.00946098
-0.067248
0.0296033
0.189981
0.0961476
-0.176092
-0.0275593
0.0326053
0.0433749
0.208885
0.0524696
0.057055
-0.299867
0.137006
-0.0262767
-0.0443017
0.0368365
0.101283
0.0617701
-0.0099997
-0.0520802
0.00710554
-0.00313623
0.0630656
0.0283736
0.112098
0.00837074
0.0449147
0.0437806
-0.0428208
0.0689374
0.0488527
0.044108
-0.0532853
-0.767329
-0.0703312
0.0578736
0.0521265
0.0496099
0.0903502
0.0559345
0.0500691
0.0579086
0.0769385
0.0439729
0.0328952
0.0782264
-0.087073
0.254444
0.124466
0.104602
0.0555888
0.0565406
0.0907423
0.174843
0.0748583
0.224698
0.0551624
0.0491004
0.0752274
0.0556312
0.0535714
0.201824
0.0525215
0.0976669
0.106367
-0.0526583
0.0829441
0.0218276
0.178374
-0.0372545
0.0364345
0.0475086
0.0718731
0.105289
-0.0428598
0.0157615
0.18209
-0.0271993
0.0355526
0.0274113
0.0667547
0.0471822
0.08282
0.106712
-0.0403042
0.0161322
0.0383806
0.0104728
-0.0328182
0.0543363
0.0772117
0.0173687
0.0404214
0.0982649
0.0281962
0.080253
0.115951
0.0660197
0.0201926
0.0639643
0.0575455
0.0936925
0.0337867
0.0831798
0.138229
0.00567783
0.0511884
0.0666709
0.0222534
0.126642
0.16716
0.0412818
0.0608156
-0.113815
0.0988001
-0.0695898
0.0721931
0.0349061
0.0908239
0.0890401
0.0748873
0.0961645
0.0632704
0.0627938
0.0702937
0.118003
0.0100081
0.0904292
0.0310856
0.0697739
0.0703909
0.0494544
0.0460001
0.161219
0.0812705
0.0149244
0.0696946
0.0433251
0.0614175
0.0752782
0.0763627
0.0191282
0.035466
0.0739058
0.0439131
0.0753533
0.062766
0.0711865
0.0748967
0.0730179
0.0360994
0.0648065
0.0750765
0.0545175
0.0717624
0.0118532
0.0730535
0.0548588
0.0568059
0.0937473
0.0628622
0.0554451
0.0858781
0.0495469
0.05621
0.0422414
0.0604501
0.0838442
0.0564157
0.0485282
0.0591354
0.0513576
0.0608511
0.0690907
0.0674447
0.0627111
0.0647862
0.06082
0.0693037
0.0664238
0.0657142
0.0655027
0.0658176
0.0657493
0.065984
0.0647076
0.0660478
0.0640345
0.0655757
0.0630988
0.0670849
0.0704477
0.0630172
0.0619741
0.0783478
0.0599733
0.0684482
0.0645164
0.0664466
0.072316
0.0659016
0.0606252
0.059273
0.0798868
0.0709742
0.0632829
0.0648727
0.0547993
0.0750914
0.0615831
0.0649526
0.0658598
0.0820232
0.0626814
0.0637997
0.0324231
0.0559911
0.14345
0.0553795
-0.025831
0.0884921
0.139808
-0.0232636
0.154774
0.220971
-0.301931
0.0288985
0.0577929
-0.0896602
0.401163
-0.149713
0.479524
-0.0246992
-0.349582
0.146954
-0.31099
0.907101
-0.185967
1.25502
-0.0312522
0.128918
-0.576455
0.411947
-0.294847
0.197351
-0.630043
0.697017
0.0316129
0.181912
-0.154274
0.181794
0.0740568
-0.121682
0.203343
0.148664
0.531632
-0.00131988
-0.0826319
-0.279071
0.276334
-0.0644208
-0.353934
0.445738
0.312849
-0.206278
-0.322978
1.1223
-0.605714
0.0939042
0.463116
0.414726
-0.745394
0.428341
0.397382
-0.42647
0.560131
0.476828
-0.56188
0.06413
0.316246
-0.399828
0.43308
-0.596194
0.983735
-0.168169
0.19842
-0.28122
0.235335
0.113739
-0.686543
-0.0877334
0.237039
0.183831
-0.263469
0.181068
0.747035
-0.263289
0.158538
-0.417974
0.0671024
0.0182041
0.357693
-0.429867
0.545855
-0.349532
0.379807
-0.597002
0.13201
0.794982
-0.79226
0.291157
-0.319227
0.480241
0.279329
-0.048992
0.409298
-0.32133
0.122859
0.0456585
0.442191
0.389774
-0.611144
1.31042
-0.38331
0.198219
0.446546
-0.399195
-0.311574
0.672129
-0.406682
0.180377
0.128174
-0.223831
-0.123937
-0.108208
0.465464
-0.334385
0.342985
-0.176648
-0.143638
0.583338
0.131555
-0.0827993
0.496154
-0.0610952
-0.138257
0.173054
-0.179487
0.0579426
0.55055
-0.471786
0.737771
0.0315389
0.798467
-0.980569
0.258668
0.239545
0.0781443
0.906718
-0.309818
0.658938
-1.07368
0.936512
-0.203023
0.405789
0.545968
-0.171678
0.882623
-1.14136
1.0275
-0.941578
0.572905
1.49874
1.61558
-0.985962
1.04666
-1.82025
0.306753
1.35748
-2.25163
2.49313
-0.585824
0.293504
-0.110779
0.599178
-2.22637
2.23081
-1.62968
1.28953
0.39144
0.0399024
0.847698
-1.13096
-1.86475
0.457078
-0.233658
-0.0208905
0.341449
0.515607
-1.01302
0.654393
-2.65258
2.38728
0.221566
-0.924769
1.74174
0.568874
-0.630971
-1.54459
0.930262
-1.70545
-0.0771575
2.11988
0.214854
-0.788187
-1.10512
1.44348
-0.598484
-1.64497
-0.0125085
2.45053
0.719015
-0.939133
0.0668912
-0.0837385
-0.589452
-0.231299
0.209721
0.0667095
0.746064
-0.522946
-0.285231
1.1569
-0.0752831
-0.326325
0.21434
0.671069
0.315353
-0.591053
-0.638421
0.499722
-0.0371477
0.364056
-0.482945
0.0709813
0.30103
0.0516855
0.786267
-0.0718747
-0.0799634
-0.331315
0.818809
0.0714909
0.527398
0.272827
0.340147
-0.718686
0.360966
0.93697
-0.531234
0.299129
0.639243
0.735312
-0.336019
-0.271302
0.0615903
-0.257507
0.145196
0.226367
0.399585
0.0945976
-0.557608
0.464291
0.663457
-0.00850725
0.319268
-0.754481
0.0766764
0.968715
-0.262457
-0.114773
0.669221
0.815411
-0.100803
-0.307567
-0.70197
0.71496
0.726042
0.102371
0.0596198
0.21733
-0.229395
0.447978
0.889489
0.126258
-0.588524
-0.235181
0.219889
0.0994438
0.486458
-0.0964848
-0.493206
-0.0186332
0.66294
0.0808337
-0.206174
0.0819564
0.416161
-0.0739553
-0.141522
0.661223
-0.244458
0.139421
0.0655801
0.356868
0.153441
-0.301952
0.0256191
0.675896
0.207379
0.0167239
0.0274427
0.192436
0.628241
-0.463634
-0.325434
0.61661
0.281669
0.348201
-0.34361
-0.0939994
0.283265
0.392632
0.150869
0.155482
-0.208906
-0.392777
0.251966
0.769513
-0.0020548
0.0182494
0.245011
-0.123851
-0.145694
0.156004
0.535045
-0.248929
0.277503
0.635823
0.328976
-0.142013
0.284693
0.241064
0.010215
-0.176625
0.181691
0.297025
-0.118573
0.323726
0.19135
-0.17265
0.0960114
-0.138402
0.318257
0.358621
-0.194932
-0.0360733
0.284626
0.340324
0.235239
-0.474719
-0.212655
0.670318
0.279331
-0.344462
-0.21612
-0.149606
0.327622
0.495786
0.0833301
0.18456
-0.139636
-0.312482
0.541874
0.384362
0.491907
0.290676
-0.207874
-0.322519
-0.164845
-0.15908
-0.384857
0.170864
0.547397
0.119196
0.310268
0.356225
0.939537
-0.181181
0.147438
-0.24677
0.120888
-0.0733956
0.0887931
0.297245
0.477572
0.831035
-0.244594
0.161757
0.300247
-0.632438
0.517521
-0.0281065
-0.505087
0.0918871
0.0141964
0.229624
0.628703
0.429009
-0.779378
0.477652
0.049745
0.516791
0.164013
-0.155176
1.43902
-0.949311
-1.06705
1.37642
-0.808943
1.07264
-0.0545767
0.774688
0.425349
-0.149621
1.32109
-0.970315
0.0932595
-0.74178
0.535172
-0.484095
0.590826
0.0899953
0.733934
0.0856978
0.0716714
0.504225
-0.0371534
0.493914
-0.4999
1.56984
-0.313825
-0.358497
-1.76354
0.0416789
1.80884
0.753942
0.0842289
-0.0635248
-0.00233051
0.994979
-0.278897
-0.441309
-0.22069
0.0439159
0.984735
0.626789
0.0213155
0.563492
-0.742739
0.329396
1.00179
0.355723
0.584036
0.553991
-0.974734
-1.13595
0.586384
0.707904
-0.984325
1.25892
0.434103
0.818744
0.607786
1.72326
0.238227
-1.32046
1.66705
-0.0568637
-1.57917
-2.64814
1.64698
2.16965
-0.976492
-2.43273
1.98699
6.02458
0.227383
-2.98949
-4.1879
3.34246
2.59945
1.30356
-2.11711
-4.83205
0.641165
0.873301
3.37544
3.74842
-2.99237
-0.833509
-0.286641
-0.114776
2.73271
-1.14847
0.665592
2.54316
-2.95696
0.0830954
5.12937
-1.92336
-4.78792
4.48901
3.24408
-4.12219
-1.11705
4.57713
0.872039
-5.66293
-0.957857
5.7935
-2.54806
-2.51354
1.62731
3.56324
-1.6337
-2.83455
0.62135
2.70788
0.630557
-4.4923
1.19783
2.55622
0.252656
-0.0356806
-2.70353
2.88664
0.154584
2.22135
-2.82277
-0.170708
0.756069
-2.8272
6.79181
-2.36746
-2.39928
5.1129
-5.79767
0.296594
3.90221
-3.71752
2.10108
2.43317
-2.63121
0.33211
1.00568
0.466208
-1.87526
0.879953
1.32526
-1.62459
1.68481
0.460495
-1.38921
0.411534
1.58034
-0.559255
0.346132
-1.54082
1.82245
1.49465
-2.84197
2.9773
-0.837777
1.08285
-1.11738
-1.22767
1.78411
0.623366
-1.07623
1.17203
-2.84407
5.09282
-3.96815
3.35032
-1.07344
-2.51441
3.74867
-2.55629
1.18288
2.83161
-3.06328
2.79643
-1.24418
-0.582688
1.46904
-1.71632
1.27634
1.33657
-1.65864
1.26
0.839402
-1.36634
2.07152
-1.37568
1.56295
-1.97073
3.14524
-2.25746
0.862072
1.76444
-1.85824
2.79819
-2.82233
1.57323
2.88927
-2.38095
-2.7208
3.10575
2.36477
-4.18509
4.53066
-3.32545
1.51608
-0.384914
-1.05579
1.69284
-0.268435
1.54098
-0.235869
0.3395
-0.420975
-0.0476518
0.724586
-0.132821
1.926
-1.24023
1.67819
-1.16915
1.4401
-1.42167
1.78451
-1.2847
0.853268
0.445766
-0.0121701
0.78998
0.491329
-0.751264
1.91813
-1.36805
2.34577
-1.33638
1.32252
0.229554
-0.864051
3.07345
-3.62374
5.43499
-6.58342
6.52263
-2.15874
-4.30827
11.8
-20.9557
24.1907
-9.88642
-17.9071
37.513
-29.8238
9.86909
4.6106
-9.69893
11.5332
-9.04385
9.49796
-6.60421
4.68703
-3.56105
1.65125
-0.469777
-0.113682
0.922547
-2.17812
5.07944
-3.26492
3.17598
-0.895805
-2.32053
5.36131
-2.95609
0.429845
3.17422
-3.73674
0.667157
4.36682
-3.13804
-1.00407
4.30402
-1.63298
-2.90457
2.60366
1.95176
-1.19584
-3.10443
4.60071
1.75492
-6.09111
-0.599916
5.94179
-0.0321102
-6.8004
3.85637
10.1993
-14.4329
-8.63474
19.7383
12.6298
-27.2389
-1.56089
25.8216
-24.8887
20.623
-10.3363
6.4737
-6.22752
4.11838
-4.61235
6.97829
-8.54174
11.9549
-11.877
10.6152
-1.65119
-3.63801
8.90224
-9.85473
7.82967
1.71665
-8.02381
8.7587
-1.07726
-6.82455
5.81378
2.09918
-6.06978
0.450826
4.99882
-3.89677
-3.66059
2.87742
3.3618
-4.38918
-2.9062
-0.551997
4.17655
2.31765
-3.34803
-3.65222
-2.476
-0.808294
3.35079
4.27947
-1.40095
1.50258
5.99706
-5.9488
-9.28824
13.3503
27.3823
-29.9781
-10.2677
12.1184
-16.5428
17.3677
-7.22596
15.5599
-6.02674
16.6125
-4.40173
-0.321836
4.30222
-7.66596
7.36432
-5.83738
-5.78779
8.81767
-4.22493
-4.90553
9.3886
-1.17943
-3.57296
5.02538
3.70169
-0.936021
-1.3983
5.50348
8.32331
-0.393881
-2.92068
-1.80613
3.82442
5.91807
2.77598
1.00634
-1.33845
-0.316272
-0.113333
2.06251
2.50737
1.98263
-0.259946
0.527885
8.31907
2.19295
-16.8938
-2.41624
34.1247
9.75121
-55.4294
-0.214109
41.1207
-17.3554
21.0369
-8.19607
9.36262
-7.22217
10.2328
-7.56991
8.45085
-3.07417
-5.27105
7.03311
-3.84108
-1.72498
7.07645
-0.587409
-3.52891
4.3523
5.46126
0.809757
-0.151304
4.17179
8.29771
6.30072
1.9681
0.100487
0.331776
2.48339
3.11687
2.74925
2.01275
1.3099
0.369345
-0.294134
-0.741537
-0.803387
-3.0561
-4.44333
-4.15714
-3.26763
-2.25131
-2.12323
-2.56499
-4.87112
-6.19916
-2.84423
4.19339
17.0688
25.5123
4.41113
-57.6163
-55.6065
7.05469
0.882464
21.4268
6.41163
22.8196
4.15367
8.73458
19.0441
-1.5983
1.03372
19.2884
9.92992
-11.0014
-12.1494
3.9922
15.3308
14.8784
7.20626
2.64662
-0.0978645
-0.900904
-2.68942
-2.2425
-1.58767
-1.70165
-0.518327
-0.0424786
-0.122105
0.603799
1.32374
0.699967
2.72136
0.576137
3.18324
2.93664
2.37745
3.75034
2.84953
4.82494
5.00897
6.74154
8.01512
7.37625
9.73467
8.85605
11.6317
6.93481
2.62639
-42.0334
63.5622
119.422
-69.7644
32.0938
19.2686
-58.5681
29.2729
63.0406
22.4251
-12.9806
-21.1624
-17.8215
-13.0418
-10.0271
-8.71402
-6.49737
-5.68958
-2.73841
-3.85163
-3.64637
-3.28673
-3.44951
-2.25061
-2.64169
-1.38482
-1.46806
-0.913389
-1.617
-1.25331
-0.820326
-0.789896
-0.884006
-1.42811
-1.23184
-3.47739
-2.21632
-2.31403
-0.434074
-0.486666
-0.294276
-0.575862
1.31143
-0.0118412
-0.477584
-0.0664665
-0.241995
0.198521
-0.678798
-0.181637
0.0219759
-0.0217132
