0
0.894553
-2.68495
-2.31811
-0.987915
-0.956031
-0.728017
0.335615
-0.325304
-0.249856
-0.167329
-0.108243
-0.141106
-0.143748
-0.108169
-0.121543
-0.119928
-0.106201
-0.0675816
-0.0818938
-0.0895117
-0.080808
-0.0540658
-0.0395447
-0.0579788
-0.0804228
-0.0536386
-0.0395182
-0.0576845
-0.0741519
-0.0543009
-0.0252042
-0.0343198
-0.0347962
-0.0342947
-0.0330194
-0.0319849
-0.0292354
-0.0286581
-0.0273638
-0.0264355
-0.025583
-0.0259169
-0.0235866
-0.0199699
-0.0199223
-0.0184068
-0.0172605
-0.0160626
-0.0147881
-0.0138176
-0.0137591
-0.012653
-0.0111371
-0.0099826
-0.00936053
-0.00760512
-0.00654445
-0.00642312
-0.00498884
-0.00367458
-0.00291629
-0.00181547
-0.000993385
0
0.000993385
0.00181547
0.00291629
0.00367458
0.00498884
0.00642312
0.00654445
0.00760512
0.00936053
0.0099826
0.0111371
0.012653
0.0137591
0.0138176
0.0147881
0.0160626
0.0172605
0.0184068
0.0199223
0.0199699
0.0235866
0.0259169
0.025583
0.0264355
0.0273638
0.0286581
0.0292354
0.0319849
0.0330194
0.0342947
0.0347962
0.0343198
0.0252042
0.0543009
0.0741519
0.0576845
0.0395182
0.0536386
0.0804228
0.0579788
0.0395447
0.0540658
0.080808
0.0895117
0.0818938
0.0675816
0.106201
0.119928
0.121543
0.108169
0.143748
0.141106
0.108243
0.167329
0.249856
0.325304
-0.335615
0.728017
0.956031
0.987915
2.31811
2.68495
-0.894553
