0
4.46758
11.594
-1.46074
4.15066
12.5904
8.80941
8.84593
1.20758
2.62308
4.3915
10.6763
-10.7283
1.16583
-7.1682
-0.693107
8.34795
9.29228
23.2153
-11.1975
2.65883
-2.93053
5.82767
-13.6375
-8.35222
23.9274
8.82978
-3.41687
19.4898
1.22146
-15.3583
-3.10304
-5.69856
16.4057
-12.1127
7.10306
3.72652
0.943258
7.75857
9.73854
1.13535
-13.6044
5.81485
4.4911
7.81696
0.39197
4.12622
14.0864
9.56665
-4.25537
-7.20935
-5.56444
-3.87317
17.3258
-0.842334
15.932
-1.17188
18.1977
10.5287
-21.5733
-11.5718
-22.6244
-5.82376
3.61224
-4.54182
-2.53551
-26.6311
0.544121
6.61344
-4.26036
-25.3126
2.76795
9.85718
-5.17639
12.0072
-2.29714
-2.1461
-2.54263
-13.7295
-3.80368
15.7227
-3.8243
-13.2277
-16.4148
4.7354
-2.81692
1.91319
-3.40576
0.476199
5.48117
-14.2152
-15.0748
-8.69564
-1.12462
-2.40093
-2.45405
-5.1927
6.74287
-3.34034
-4.28989
-1.94054
0.340206
-7.54639
3.28422
-7.77337
1.49815
-8.88002
-24.6713
-6.22641
3.70357
-7.87417
-0.843464
-8.12237
-5.45657
6.0957
7.28916
-8.66286
24.9077
7.06862
-1.18272
3.25574
0.0352391
2.28068
4.44705
-6.32584
4.9684
5.73986
1.1707
0.330255
13.7788
-5.07711
4.94245
4.7638
8.92021
-14.0468
12.3486
-6.99183
-2.61293
8.01172
1.84805
1.95956
0.572556
-1.19772
-3.57185
-14.7322
9.67451
-1.13855
-11.4077
-4.10292
-14.5295
0.183755
-8.16226
-6.12857
8.36943
6.84589
-3.41548
4.84422
-8.49873
-16.1704
7.1585
16.9187
-3.03043
-3.53072
-1.91081
2.97692
-13.1453
-1.21876
8.31076
6.38326
-7.63474
3.02482
-4.80873
-16.5022
11.0086
8.27403
-12.2219
13.1725
-11.3228
2.94066
-16.7383
0.0729779
10.7613
8.22469
-2.26605
-2.49137
2.693
1.45274
-8.76269
-17.4042
3.55864
-1.04434
-18.7491
-12.2938
-9.61849
7.18006
10.8423
8.28118
-1.77447
8.97421
4.81175
8.79366
12.625
10.4056
-1.33936
17.5564
-1.21804
-12.9612
-8.67786
6.91516
-2.03146
-2.57922
-2.16061
14.0498
3.6337
-1.49851
1.01533
-2.02747
4.81315
-19.416
23.8732
-5.36983
5.47884
-3.66925
-6.25701
-10.898
-14.2547
-1.5029
5.41083
7.13511
6.51197
-8.53715
-6.11511
2.66384
-3.08447
-8.49164
1.06737
-3.50957
3.58404
0.0634957
-21.222
-10.3247
7.60387
5.24098
1.11336
-0.782505
-13.6902
-5.13056
-6.69647
-7.69624
-3.20639
-2.4147
-10.0481
-4.42039
-7.34964
4.72552
19.081
6.47475
-1.76065
-6.54105
-2.84762
-7.03824
-2.12103
-5.50826
-7.76223
2.3465
-0.609529
10.0233
9.57903
8.93437
13.3416
-3.05339
-10.0014
10.7634
19.7375
-3.32944
2.53034
-5.63765
-7.58123
8.97351
11.8308
-4.61031
13.6045
8.31771
-1.59401
4.20121
-4.9104
-13.8111
-3.41858
-3.72199
0.738426
-5.45825
-1.61156
15.3502
-1.86174
9.9515
5.18905
2.97153
-6.59763
3.7806
-10.1898
-9.56151
-3.71066
10.3639
11.6405
6.15313
1.75421
4.99328
15.5689
-1.42631
-0.692336
-11.1427
-5.91263
0.01539
-0.382043
-15.3856
7.76097
-9.46888
-6.86798
-5.81449
0.975715
7.72932
4.1515
-2.62396
-3.60596
11.0853
8.85743
-0.982412
3.64085
1.96553
0.127586
-9.03016
-11.9855
-11.9133
8.88839
4.6936
4.13163
-11.3184
16.547
3.26025
-29.0251
-5.10464
14.919
2.28575
5.20448
-4.59382
-12.689
-7.10749
6.60207
7.49561
-15.492
16.3769
-0.366137
-0.605478
-4.92872
2.81294
3.67993
8.29674
21.6092
-1.03968
-16.0628
0.545708
0.829608
-8.71737
5.06175
1.50697
7.5666
-8.22528
0.964171
10.1471
12.6162
13.425
11.6343
5.0262
0.742995
-9.0092
4.9055
8.68077
10.7236
10.4331
-12.232
-6.12439
-3.79768
2.25167
-10.418
-2.04052
8.09472
-16.1523
6.45486
2.11368
-9.95196
-4.49853
-8.71329
-4.59847
3.00929
-5.925
-24.2356
-2.80764
-4.41722
-15.8473
2.56347
5.09645
4.29589
-1.25827
-11.617
-7.50298
13.6187
1.15758
6.50978
4.18661
3.62619
-3.51875
-1.78124
6.95459
12.4043
12.2492
24.2821
-4.47151
0.115098
4.83071
-8.8412
10.7545
6.0739
12.2583
-1.40214
-12.4787
4.60962
11.29
1.41205
0.584756
-3.24227
9.97748
5.60645
-9.65144
8.53118
20.8709
-3.15032
-5.29119
-2.532
4.37537
5.13186
-11.9109
4.22219
0.969772
16.9773
-6.06712
-8.09656
12.2215
19.8052
4.22462
6.39929
0.719895
20.5947
1.75837
16.6606
9.82869
0.229981
4.049
-3.05877
5.60107
-4.6814
-1.02371
10.8991
13.6227
0.760539
5.09921
-12.0406
5.32165
0.563605
-16.9667
2.32707
-6.30101
1.56241
-2.54048
-9.04268
-12.0689
4.06538
2.52594
-4.1356
13.4379
-11.4736
5.91527
-6.15787
8.15999
3.29038
-9.59919
2.96379
3.39853
-6.41936
9.74913
11.2776
-7.40156
-2.35486
4.93206
15.3076
0.52769
-10.1759
-12.9089
0.0781999
7.799
-18.1004
11.5668
-3.43227
-5.61779
-1.78398
-10.5857
4.1094
-3.23266
-7.2786
-18.623
7.18964
-16.5481
-7.6704
