-0.00348802
0.0118412
0.0317993
0.0442399
0.0583221
0.0748566
0.0778726
0.0821374
0.0862608
0.0871763
0.0883115
0.0811772
0.0751887
0.0685912
0.0625307
0.0601231
0.0577383
0.0617072
0.0672204
0.074887
0.0872099
0.101534
0.11791
0.133907
0.160913
0.190966
0.208537
0.216985
0.220121
0.214531
0.206068
0.185163
0.157564
0.122813
0.0854274
0.0503619
0.00796702
-0.0293137
-0.0678628
-0.0986203
-0.125633
-0.150994
-0.169684
-0.177744
-0.189277
-0.195954
-0.197087
-0.188988
-0.181091
-0.175232
-0.157995
-0.150816
-0.136245
-0.126048
-0.113428
-0.101114
-0.0910085
-0.0752271
-0.0632917
-0.0542933
-0.0329421
-0.0197983
-0.00790498
0.00707773
0.0159715
0.0243324
0.0261572
0.0300178
0.0268874
0.0170231
-0.000332102
-0.0213421
-0.0453845
-0.0619805
-0.0859641
-0.099426
-0.109982
-0.119128
-0.120258
-0.114511
-0.10182
-0.090398
-0.0668198
-0.0447119
-0.0177978
0.0166119
0.0435456
0.0708592
0.0990838
0.125972
0.145034
0.161522
0.178323
0.202687
0.216414
0.231646
0.246548
0.276159
0.299786
0.305696
0.304138
0.29316
0.283298
0.265401
0.226065
0.184108
0.145917
0.105976
0.0612402
0.0177079
-0.0236749
-0.0684035
-0.101314
-0.140405
-0.16058
-0.178043
-0.200441
-0.215293
-0.223608
-0.226331
-0.222551
-0.221402
-0.217363
-0.207085
-0.197354
-0.189304
-0.180855
-0.166268
-0.152757
-0.140749
-0.120325
-0.100061
-0.0749147
-0.0516839
-0.0317615
-0.0127868
0.0118339
0.030387
0.0458455
0.0567649
0.0702722
0.0733499
0.0710383
0.0623266
0.0547384
0.0449711
0.029243
0.00954985
-0.00773309
-0.0229543
-0.0431756
-0.0615793
-0.0726444
-0.0812807
-0.0873825
-0.0919526
-0.0901078
-0.0808252
-0.0714063
-0.0651463
-0.0538443
-0.0332235
-0.0174413
-0.00810336
0.00989153
0.0211471
0.0403325
0.0481439
0.053184
0.0631335
0.0616364
0.0678236
0.0744337
0.0763915
0.0821894
0.090112
0.0965859
0.109681
0.117421
0.123948
0.127005
0.143525
0.153225
0.165362
0.186098
0.214344
0.243203
0.25681
0.253802
0.249952
0.24135
0.230541
0.197138
0.157807
0.110052
0.060001
0.0171132
-0.0305818
-0.077629
-0.119916
-0.152759
-0.19315
-0.217231
-0.23409
-0.250756
-0.267079
-0.267173
-0.262199
-0.250804
-0.2396
-0.239066
-0.218023
-0.201501
-0.18627
-0.1725
-0.155033
-0.134054
-0.115112
-0.0985433
-0.0693871
-0.0390823
0.000971809
0.0299681
0.0511452
0.0788424
0.102059
0.116852
0.124735
0.131612
0.130103
0.12161
0.105244
0.086738
0.0596299
0.0316353
-0.00716946
-0.0336391
-0.0625857
-0.0871401
-0.112722
-0.134549
-0.137845
-0.136883
-0.138084
-0.12905
-0.115385
-0.0925798
-0.0693929
-0.0411564
-0.00743807
0.0217216
0.0436717
0.0643226
0.0867253
0.100711
0.114494
0.117409
0.122485
0.132565
0.138285
0.141337
0.146363
0.166758
0.184254
0.196003
0.216376
0.253825
0.290233
0.313811
0.315154
0.312037
0.305656
0.289446
0.247417
0.20192
0.147258
0.093769
0.0228557
-0.0447757
-0.0985734
-0.156549
-0.199992
-0.25088
-0.272611
-0.291919
-0.305051
-0.317296
-0.315416
-0.301271
-0.287873
-0.270394
-0.250295
-0.235828
-0.214427
-0.194006
-0.178555
-0.153723
-0.1311
-0.112811
-0.096325
-0.0612964
-0.0350896
-0.00371651
0.0174179
0.0486353
0.0810566
0.0991749
0.115461
0.118697
0.127531
0.128593
0.114275
0.0981435
0.0766294
0.0468513
0.0119136
-0.0265242
-0.0620804
-0.0896898
-0.120018
-0.149637
-0.166803
-0.176234
-0.178355
-0.178177
-0.159793
-0.145661
-0.116984
-0.091578
-0.0582212
-0.0215353
0.0221003
0.0527397
0.0803322
0.114286
0.140528
0.15758
0.167819
0.183013
0.199511
0.211833
0.214073
0.230923
0.248903
0.259921
0.272481
0.289835
0.317933
0.348057
0.359011
0.356611
0.342482
0.321617
0.294812
0.235543
0.177428
0.10632
0.0456028
-0.0443155
-0.111627
-0.181813
-0.248424
-0.289514
-0.329464
-0.343983
-0.35655
-0.364327
-0.362246
-0.348047
-0.323766
-0.292192
-0.269497
-0.246558
-0.218033
-0.183224
-0.153737
-0.126199
-0.102822
-0.0755051
-0.0488834
-0.0303264
9.287e-05
0.0233661
0.0496463
0.0641378
0.0860246
0.102068
0.116826
0.116958
0.120729
0.113544
0.0986564
0.0744255
0.0497492
0.0121845
-0.0207896
-0.0635207
-0.105481
-0.130668
-0.163332
-0.187558
-0.215203
-0.223725
-0.218148
-0.20978
-0.189273
-0.161054
-0.127785
-0.0853303
-0.0477191
0.00161106
0.0387574
0.089794
0.116949
0.155393
0.202796
0.223779
0.240718
0.254679
0.28025
0.293603
0.295558
0.297899
0.309443
0.319655
0.33295
0.328135
0.34874
0.372864
0.390273
0.374779
0.362926
0.342486
0.314027
0.24207
0.16673
0.0979874
0.000452451
-0.0785699
-0.163013
-0.219332
-0.295505
-0.341208
-0.381809
-0.412222
-0.40867
-0.407239
-0.404923
-0.385733
-0.352121
-0.308041
-0.288763
-0.251518
-0.216484
-0.179863
-0.136526
-0.117297
-0.0857942
-0.0591577
-0.0265436
-0.0108186
0.0197423
0.0519431
0.0669742
0.0760699
0.0856141
0.092634
0.0987147
0.0954389
0.0807414
0.0649154
0.039517
0.0118852
-0.0190201
-0.0513347
-0.0797634
-0.124701
-0.159395
-0.182317
-0.197518
-0.209394
-0.226255
-0.224634
-0.213937
-0.17948
-0.154927
-0.124581
-0.0859995
-0.0241353
0.0210207
0.0598419
0.116316
0.151646
0.186152
0.210746
0.255735
0.273551
0.28963
0.31183
0.326362
0.346048
0.349703
0.351385
0.349683
0.354326
0.353649
0.353532
0.357503
0.370591
0.369229
0.36104
0.334269
0.313598
0.255658
0.198137
0.115481
0.0407327
-0.0694869
-0.155646
-0.233298
-0.328853
-0.377466
-0.421392
-0.448971
-0.47085
-0.462923
-0.45208
-0.425846
-0.394414
-0.354183
-0.30297
-0.249877
-0.215879
-0.169146
-0.126076
-0.0825097
-0.0545268
-0.0345404
-0.00723138
0.0103914
0.0311424
0.0409027
0.0620457
0.0686216
0.0731427
0.0752857
0.0766877
0.0689563
0.0509996
0.0262541
0.00191669
-0.0210487
-0.0554784
-0.095517
-0.136122
-0.169374
-0.197606
-0.220407
-0.237292
-0.252999
-0.24549
-0.23709
-0.212249
-0.162872
-0.13204
-0.094716
-0.049797
0.0256188
0.0740475
0.119878
0.148132
0.20612
0.239265
0.261272
0.290755
0.297386
0.319685
0.33652
0.360275
0.374168
0.370817
0.377489
0.38324
0.38158
0.379178
0.358668
0.364225
0.373869
0.390028
0.366372
0.328951
0.302429
0.236499
0.188689
0.104988
0.0138815
-0.104786
-0.184434
-0.274805
-0.343758
-0.436141
-0.479352
-0.503706
-0.515542
-0.500453
-0.476996
-0.438298
-0.393546
-0.342043
-0.278707
-0.208059
-0.160273
-0.11633
-0.0802423
-0.0275262
-0.00508544
0.00702284
0.0237919
0.0443781
0.0526865
0.0522878
0.062057
0.0608488
0.0553257
0.0412215
0.0236618
0.0125152
-0.0155972
-0.0540972
-0.0900521
-0.119282
-0.149319
-0.180368
-0.214454
-0.238216
-0.254341
-0.251773
-0.24607
-0.234772
-0.199397
-0.180566
-0.142135
-0.10385
-0.0337668
0.00770447
0.0515268
0.126318
0.168069
0.208903
0.23458
0.26798
0.282595
0.297747
0.306643
0.321402
0.323424
0.331588
0.345936
0.350389
0.350207
0.347958
0.343473
0.343435
0.34189
0.333211
0.34648
0.365795
0.388483
0.376135
0.360853
0.32174
0.284256
0.187134
0.0964919
0.00501874
-0.147977
-0.238306
-0.326083
-0.404333
-0.492109
-0.527626
-0.541542
-0.531943
-0.498505
-0.453789
-0.405411
-0.337426
-0.280044
-0.213077
-0.156787
-0.0993976
-0.0690119
-0.0425473
-0.0119912
0.00287619
0.00384206
0.00324182
0.00621968
0.0106273
0.0133058
0.0122113
0.0185193
0.0114454
0.00305881
-0.0176158
-0.0386955
-0.0685533
-0.106901
-0.159649
-0.198735
-0.231306
-0.259607
-0.287468
-0.304564
-0.305114
-0.270665
-0.246895
-0.208876
-0.171118
-0.0913886
-0.0257545
0.0288444
0.11529
0.157063
0.197331
0.229069
0.268803
0.283115
0.284958
0.290717
0.281638
0.278187
0.275102
0.273903
0.270054
0.283082
0.294304
0.303052
0.307919
0.313632
0.317973
0.32379
0.324139
0.329289
0.34294
0.377535
0.394877
0.371467
0.352867
0.3223
0.282756
0.164365
0.0743572
-0.0338891
-0.134569
-0.265408
-0.357247
-0.425036
-0.518389
-0.547785
-0.543794
-0.517732
-0.465576
-0.418662
-0.367486
-0.308109
-0.216601
-0.148533
-0.106563
-0.0716431
-0.0517719
-0.0302364
-0.0230328
-0.0192038
-0.0312595
-0.0397977
-0.0402998
-0.0377893
-0.0352983
-0.0416412
-0.0468835
-0.055893
-0.0688545
-0.0777093
-0.10754
-0.149604
-0.191023
-0.21835
-0.236613
-0.259531
-0.278499
-0.28671
-0.281493
-0.253604
-0.186055
-0.14382
-0.104408
-0.0585643
0.022762
0.0774909
0.124944
0.157325
0.217513
0.242063
0.264605
0.285505
0.274098
0.258189
0.243946
0.246262
0.239958
0.232268
0.233431
0.243909
0.259313
0.26958
0.287076
0.302821
0.321665
0.33721
0.343924
0.343071
0.362241
0.384581
0.427739
0.445415
0.435618
0.377733
0.339468
0.285924
0.12829
0.00513468
-0.134329
-0.243719
-0.367183
-0.44331
-0.530803
-0.583648
-0.615104
-0.57277
-0.507491
-0.437349
-0.380942
-0.29704
-0.213046
-0.0954507
-0.0330483
-0.00790512
-0.00155232
0.0133385
0.0250558
0.0152075
-0.0203043
-0.0616794
-0.0862523
-0.0863092
-0.0877358
-0.100125
-0.120578
-0.13551
-0.130073
-0.133244
-0.149733
-0.187985
-0.229772
-0.254589
-0.274291
-0.259888
-0.272255
-0.283444
-0.258162
-0.219518
-0.163642
-0.112733
-0.0273499
0.00886826
0.0673751
0.138753
0.179125
0.199903
0.205613
0.234955
0.244048
0.25352
0.241651
0.225313
0.197814
0.190763
0.206636
0.213326
0.213724
0.214934
0.241031
0.269488
0.291012
0.302866
0.302569
0.319876
0.339189
0.349362
0.366179
0.397307
0.454672
0.480785
0.494082
0.475355
0.40645
0.345864
0.254814
0.135563
-0.10179
-0.249316
-0.385295
-0.512963
-0.585087
-0.640552
-0.653056
-0.617818
-0.535999
-0.432354
-0.336605
-0.232494
-0.140017
-0.0497508
0.0339397
0.0590628
0.0506867
0.0302243
0.00583748
-0.0225696
-0.0557621
-0.0960762
-0.140076
-0.156352
-0.156513
-0.159596
-0.168031
-0.180475
-0.188955
-0.192942
-0.205522
-0.233511
-0.273536
-0.301985
-0.314149
-0.311467
-0.274188
-0.255511
-0.221958
-0.169982
-0.0914688
-0.0186536
0.0306461
0.115337
0.144867
0.168882
0.18724
0.193329
0.181034
0.163498
0.168949
0.162836
0.152526
0.138414
0.13771
0.144147
0.161428
0.181629
0.224083
0.263376
0.298298
0.326328
0.338104
0.338079
0.33866
0.335476
0.350948
0.35543
0.357268
0.386181
0.435977
0.50659
0.526914
0.531002
0.485365
0.412077
0.282516
0.145332
-0.0229025
-0.320293
-0.484121
-0.599089
-0.667885
-0.732846
-0.746107
-0.69744
-0.540691
-0.386695
-0.248356
-0.133584
-0.0132707
0.0837268
0.153094
0.174651
0.125944
0.0569484
-0.00234362
-0.077294
-0.136722
-0.2011
-0.257037
-0.276879
-0.249223
-0.221645
-0.202218
-0.201634
-0.207097
-0.2002
-0.194093
-0.226696
-0.284791
-0.326982
-0.344159
-0.335599
-0.309532
-0.244188
-0.185134
-0.109908
-0.0278044
0.0730009
0.126564
0.162639
0.177759
0.225466
0.220957
0.187763
0.147953
0.104409
0.0863031
0.0729366
0.0772255
0.0714939
0.0772856
0.10422
0.134071
0.165788
0.195052
0.254444
0.285085
0.314795
0.334171
0.3551
0.34138
0.325262
0.339538
0.376501
0.400703
0.405918
0.432878
0.513435
0.603794
0.57903
0.517826
0.428066
0.353404
0.20721
0.0285847
-0.215031
-0.416584
-0.633346
-0.69797
-0.735011
-0.749593
-0.692352
-0.553069
-0.376747
-0.155356
-0.0216678
0.0682939
0.142454
0.19479
0.204235
0.145902
1.41179e-05
-0.115578
-0.189446
-0.223842
-0.283184
-0.341867
-0.359332
-0.302701
-0.224775
-0.181712
-0.1867
-0.192039
-0.191851
-0.191676
-0.218542
-0.290796
-0.354373
-0.38232
-0.342037
-0.30211
-0.252883
-0.202001
-0.0547399
0.0458972
0.143429
0.204477
0.202213
0.185069
0.172227
0.163654
0.112493
0.0389161
-0.0105295
-0.0042379
0.01909
0.0353826
0.0656382
0.0937348
0.148059
0.20329
0.237316
0.235338
0.244716
0.29788
0.32166
0.327583
0.315758
0.307421
0.324162
0.353514
0.384785
0.412896
0.438205
0.47973
0.546049
0.62357
0.655218
0.610369
0.424823
0.316405
0.179801
-0.0370174
-0.259043
-0.472212
-0.609094
-0.711288
-0.706098
-0.684752
-0.607001
-0.439944
-0.242703
-0.0674997
0.0825126
0.148059
0.190265
0.203564
0.160952
0.0721287
-0.055994
-0.21266
-0.279492
-0.320395
-0.345084
-0.371572
-0.357723
-0.303119
-0.226295
-0.16664
-0.173364
-0.208487
-0.231116
-0.24276
-0.292992
-0.365391
-0.397414
-0.39264
-0.336022
-0.247374
-0.175053
-0.0967466
-5.74e-05
0.152924
0.205258
0.210129
0.169766
0.124006
0.0757241
0.0380396
0.00201183
-0.0425421
-0.0578424
-0.0263315
0.056561
0.105552
0.129658
0.143374
0.219591
0.252347
0.249272
0.211777
0.182048
0.20843
0.250784
0.294042
0.293711
0.319881
0.39037
0.456668
0.491671
0.498732
0.491481
0.505899
0.528154
0.541493
0.51784
0.484101
0.428027
0.254008
0.146914
-0.007255
-0.188266
-0.385855
-0.495653
-0.552407
-0.623062
-0.627878
-0.573502
-0.439094
-0.255548
-0.109742
-0.0068336
0.0770178
0.172669
0.206498
0.175907
0.0698532
-0.0376547
-0.127086
-0.204803
-0.322792
-0.390057
-0.42453
-0.407344
-0.3575
-0.302465
-0.266941
-0.245861
-0.244123
-0.236698
-0.251008
-0.287604
-0.34351
-0.379691
-0.332098
-0.29096
-0.240143
-0.186706
-0.0851101
0.0230203
0.121024
0.208776
0.197775
0.170539
0.131412
0.0783535
0.00284026
-0.0635903
-0.105236
-0.0740945
-0.0327604
0.0232212
0.0842989
0.129526
0.174977
0.213932
0.270713
0.254767
0.216928
0.188588
0.220206
0.264253
0.291633
0.320031
0.347943
0.418695
0.474435
0.487583
0.47266
0.474669
0.460745
0.449101
0.411824
0.406396
0.416851
0.444706
0.417391
0.331009
0.110666
-0.0158406
-0.153888
-0.338863
-0.479914
-0.569503
-0.594774
-0.582044
-0.497632
-0.37837
-0.225604
-0.0810112
0.0596068
0.167172
0.201612
0.171859
0.103145
0.0195914
-0.099495
-0.227373
-0.341136
-0.447693
-0.454402
-0.434038
-0.403578
-0.356528
-0.284903
-0.222183
-0.174736
-0.194099
-0.240138
-0.284588
-0.32735
-0.368438
-0.388699
-0.387039
-0.289714
-0.202839
-0.103043
0.0178379
0.10506
0.164738
0.183187
0.202569
0.145909
0.0533022
-0.0334853
-0.0996315
-0.123341
-0.122806
-0.0491272
0.0127089
0.104033
0.189205
0.247041
0.256951
0.248437
0.255003
0.222258
0.174074
0.146002
0.17304
0.231803
0.290164
0.344965
0.426977
0.492296
0.533902
0.524406
0.495761
0.478
0.464774
0.374286
0.332701
0.318261
0.341952
0.365216
0.328743
0.249859
0.0751812
-0.00217931
-0.127068
-0.284963
-0.457858
-0.523029
-0.524051
-0.508918
-0.458068
-0.366661
-0.215981
-0.0377762
0.103045
0.169178
0.159765
0.133178
0.080158
0.000443465
-0.152928
-0.308458
-0.417177
-0.451834
-0.463162
-0.449587
-0.425607
-0.358529
-0.264965
-0.180329
-0.178011
-0.212815
-0.255256
-0.290151
-0.310467
-0.368949
-0.402815
-0.392799
-0.247421
-0.143864
-0.0526362
0.0318257
0.110747
0.176038
0.197403
0.179422
0.0949362
-0.000857763
-0.0641718
-0.0980637
-0.112147
-0.125015
-0.0409042
0.0497188
0.146949
0.214124
0.233278
0.236904
0.235232
0.239698
0.211828
0.153319
0.144235
0.199826
0.298543
0.364521
0.403894
0.456024
0.50189
0.527917
0.495892
0.416646
0.361839
0.330625
0.283039
0.286791
0.298087
0.360524
0.417533
0.457893
0.404339
0.187583
0.0618276
-0.119086
-0.284863
-0.483343
-0.589007
-0.630925
-0.584477
-0.460673
-0.305998
-0.132967
0.0462644
0.180377
0.245125
0.237135
0.1095
-0.0215404
-0.159704
-0.305683
-0.412586
-0.496047
-0.507599
-0.456408
-0.368544
-0.28852
-0.225488
-0.174052
-0.147086
-0.155629
-0.236191
-0.339742
-0.425348
-0.453982
-0.441572
-0.413335
-0.378984
-0.200537
-0.0554276
0.065008
0.153807
0.181255
0.185034
0.157242
0.104579
0.0022297
-0.112965
-0.172807
-0.168712
-0.121351
-0.074672
0.00318576
0.16178
0.252384
0.324936
0.325351
0.28031
0.214659
0.171227
0.137587
0.0972034
0.109136
0.177376
0.312882
0.4138
0.485701
0.520238
0.536557
0.521515
0.465683
0.358643
0.294725
0.259254
0.268883
0.256661
0.295388
0.40154
0.486383
0.54824
0.476501
0.371576
0.0709127
-0.135066
-0.315787
-0.548602
-0.661747
-0.700331
-0.623927
-0.456342
-0.275592
-0.097249
0.0939835
0.252549
0.316836
0.28177
0.0914451
-0.0761029
-0.207452
-0.349862
-0.473585
-0.550349
-0.540176
-0.45148
-0.348304
-0.277537
-0.21942
-0.169449
-0.156177
-0.200629
-0.292628
-0.398438
-0.473208
-0.485691
-0.461812
-0.386784
-0.310922
-0.187039
0.0218344
0.109423
0.179822
0.175347
0.146049
0.0815915
0.00812574
-0.0813199
-0.174119
-0.192545
-0.168366
-0.0700296
0.00468235
0.106846
0.252804
0.306454
0.326569
0.27421
0.208268
0.131169
0.0750254
0.0642893
0.0665777
0.135881
0.230167
0.380203
0.496587
0.57949
0.58688
0.539437
0.465572
0.399525
0.273048
0.189379
0.141983
0.175453
0.229531
0.300593
0.419761
0.547023
0.654887
0.62151
0.527921
0.199127
-0.0466577
-0.24841
-0.508285
-0.667274
-0.712224
-0.629873
-0.484744
-0.304405
-0.10997
0.100272
0.243234
0.276865
0.234513
0.124746
-0.091329
-0.23201
-0.381612
-0.466323
-0.503397
-0.472376
-0.411825
-0.305809
-0.235965
-0.198023
-0.180892
-0.18525
-0.24063
-0.336601
-0.438363
-0.495701
-0.47731
-0.452365
-0.363042
-0.293205
-0.154331
0.033519
0.0704042
0.0935674
0.0628533
0.0503538
-0.0137692
-0.076243
-0.107894
-0.140407
-0.0969341
-0.0431618
0.075251
0.129387
0.1999
0.226117
0.271402
0.231847
0.143734
0.0618959
0.00909547
0.0152606
0.0153281
0.122667
0.235094
0.376067
0.53994
0.604067
0.628011
0.599429
0.4959
0.362269
0.249764
0.158106
0.142394
0.160327
0.206745
0.282488
0.394385
0.535953
0.623708
0.666668
0.592194
0.500107
0.255986
-0.145807
-0.350851
-0.575288
-0.66361
-0.66778
-0.551555
-0.392294
-0.168104
0.00400141
0.168402
0.259964
0.24188
0.162341
0.0178168
-0.188141
-0.292886
-0.415305
-0.456377
-0.452383
-0.382273
-0.324604
-0.277534
-0.257852
-0.248532
-0.272245
-0.310719
-0.366903
-0.424541
-0.429965
-0.442821
-0.382037
-0.334655
-0.227569
-0.179322
-0.0918334
-0.0608995
-0.00176763
-0.00914533
-0.060761
-0.062925
-0.0904613
-0.0862309
-0.1172
-0.0584443
0.00258909
0.0333225
0.10615
0.110927
0.137662
0.124434
0.155252
0.144182
0.0960306
0.0757717
0.0634311
0.11748
0.149885
0.25062
0.330616
0.407517
0.504256
0.548856
0.535733
0.473415
0.356172
0.25751
0.20038
0.167871
0.181374
0.224925
0.296202
0.39936
0.487068
0.549828
0.533298
0.53525
0.492602
0.462988
0.261781
-0.0956694
-0.220987
-0.355137
-0.392257
-0.489569
-0.496559
-0.422912
-0.257082
-0.133417
-0.0661129
-0.0301668
0.0197129
0.0755786
0.0448667
-0.0987876
-0.179635
-0.253348
-0.256124
-0.292974
-0.33165
-0.38783
-0.385224
-0.366994
-0.342834
-0.365679
-0.40294
-0.40294
-0.346193
-0.333921
-0.338968
-0.343331
-0.322259
-0.217297
-0.187586
-0.168689
-0.189693
-0.11035
-0.0506476
-0.063756
-0.0761923
-0.116225
-0.0834402
-0.0643304
0.0257275
0.0561256
0.0495622
0.0969186
0.131888
0.171046
0.132322
0.106525
0.0947262
0.0889398
0.102939
0.0728886
0.0888531
0.120035
0.224557
0.340253
0.365132
0.419088
0.476064
0.514958
0.487725
0.397771
0.273253
0.231669
0.193626
0.197447
0.211326
0.262312
0.327475
0.380636
0.448554
0.440854
0.449657
0.411625
0.444864
0.374677
0.135355
0.0191954
-0.166474
-0.219322
-0.355924
-0.414775
-0.474608
-0.394853
-0.281767
-0.179926
-0.11894
-0.0580915
0.0168092
0.0503121
0.0384314
-0.0816171
-0.165942
-0.199743
-0.270305
-0.309626
-0.366147
-0.373358
-0.380183
-0.36745
-0.361262
-0.353054
-0.3513
-0.336797
-0.335851
-0.322375
-0.328755
-0.343922
-0.312296
-0.293267
-0.230933
-0.220598
-0.121408
-0.0630262
-0.067313
-0.0381755
-0.0580621
-0.0460655
-0.0747617
-0.0581323
-0.00191855
-0.00697635
0.0279526
0.0261512
0.070125
0.0798996
0.116193
0.151297
0.131882
0.145794
0.136075
0.150677
0.130741
0.164733
0.23605
0.266018
0.32739
0.371701
0.443144
0.467865
0.459193
0.391025
0.344386
0.266754
0.224323
0.187453
0.209135
0.239103
0.280341
0.358812
0.408746
0.463581
0.449686
0.476695
0.441957
0.437824
0.205566
-0.00674626
-0.0854462
-0.256411
-0.311978
-0.425081
-0.410524
-0.35504
-0.252353
-0.171002
-0.109887
-0.0396816
0.0026852
0.0199716
-0.0706046
-0.140463
-0.163729
-0.212766
-0.243894
-0.29019
-0.294316
-0.334891
-0.351932
-0.371747
-0.377841
-0.383213
-0.387041
-0.382326
-0.339553
-0.276788
-0.287128
-0.265792
-0.258298
-0.213964
-0.227462
-0.219027
-0.164411
-0.163192
-0.119666
-0.128548
-0.0868071
-0.0784708
-0.0222135
0.0449327
0.0231521
0.0580847
0.0476701
0.0640407
0.0351522
0.0604501
0.117018
0.106687
0.131834
0.132911
0.180405
0.167535
0.174615
0.201839
0.208106
0.231793
0.225644
0.285297
0.349961
0.439247
0.453058
0.417749
0.354594
0.321832
0.249489
0.215318
0.198061
0.236668
0.281507
0.322175
0.381926
0.396573
0.431491
0.407387
0.437939
0.345005
0.219217
0.142253
-0.043364
-0.0972681
-0.211725
-0.254869
-0.392643
-0.383966
-0.290702
-0.217497
-0.169352
-0.135029
-0.0577015
0.000229397
-0.0281964
-0.0704615
-0.145371
-0.168008
-0.220742
-0.244074
-0.299772
-0.347198
-0.357279
-0.376514
-0.372844
-0.351199
-0.35352
-0.352528
-0.299861
-0.285914
-0.250409
-0.285052
-0.288319
-0.294319
-0.250344
-0.187748
-0.224622
-0.182013
-0.168371
-0.0878659
-0.100142
-0.0708704
0.0030594
0.00231507
0.0366068
0.005388
0.035523
0.0187976
0.072488
0.0704962
0.131247
0.146086
0.121033
0.138082
0.124438
0.127978
0.0903864
0.127023
0.169759
0.190464
0.243473
0.25677
0.33542
0.39655
0.45152
0.421647
0.380314
0.31912
0.277077
0.20464
0.166705
0.156469
0.210918
0.303935
0.380444
0.444948
0.448596
0.45999
0.386188
0.327804
0.346501
0.225063
0.158187
0.00723064
-0.0189769
-0.15609
-0.345782
-0.378885
-0.390171
-0.305547
-0.240827
-0.181741
-0.134928
-0.0534471
0.0150513
0.00612126
-0.0274999
-0.115266
-0.147084
-0.228564
-0.331428
-0.359864
-0.378458
-0.358517
-0.330105
-0.308467
-0.300422
-0.296793
-0.310494
-0.301462
-0.312319
-0.311045
-0.34427
-0.332232
-0.325679
-0.249743
-0.205588
-0.222966
-0.173903
-0.174317
-0.125488
-0.152167
-0.0893568
-0.0350024
-0.0293073
0.0378975
0.0366285
0.0763263
0.0609961
0.114038
0.134956
0.113267
0.118741
0.084537
0.0829654
0.0660507
0.108836
0.128626
0.120193
0.160089
0.173247
0.213556
0.207678
0.283636
0.36225
0.418889
0.444187
0.429264
0.3865
0.357283
0.281512
0.164323
0.131729
0.143938
0.218174
0.291673
0.363243
0.403372
0.381935
0.402666
0.352049
0.365892
0.292003
0.268168
0.0998664
-0.115869
-0.140408
-0.235685
-0.25788
-0.336105
-0.290239
-0.230381
-0.178289
-0.156334
-0.165021
-0.132668
-0.101915
-0.0736756
-0.113533
-0.177919
-0.182599
-0.205518
-0.218907
-0.286
-0.320667
-0.367075
-0.385947
-0.392983
-0.366059
-0.357093
-0.316928
-0.289585
-0.236099
-0.233587
-0.242898
-0.276231
-0.313485
-0.281143
-0.290308
-0.254049
-0.260173
-0.140739
-0.0377787
-0.0255092
0.0171029
-0.00204806
0.032592
0.00898041
0.035245
0.0404221
0.0194769
0.0766163
0.0957753
0.134682
0.111983
0.117399
0.136994
0.110427
0.108287
0.0757985
0.0903823
0.104745
0.178737
0.258789
0.268301
0.314118
0.360785
0.412829
0.415869
0.371421
0.279228
0.242481
0.190459
0.170363
0.156122
0.193439
0.267301
0.337812
0.404028
0.399011
0.395394
0.31295
0.323002
0.284091
0.207902
0.231776
0.122428
0.104234
-0.0400729
-0.0817584
-0.242241
-0.289297
-0.389373
-0.360079
-0.282316
-0.212364
-0.138303
-0.0609592
0.0199086
0.0306991
-0.0224673
-0.081038
-0.188339
-0.222614
-0.289515
-0.296716
-0.352087
-0.360002
-0.345616
-0.323077
-0.325796
-0.334523
-0.361755
-0.343612
-0.291039
-0.284472
-0.250186
-0.265751
-0.230748
-0.216264
-0.159365
-0.113366
-0.166472
-0.153886
-0.164027
-0.108798
-0.117022
-0.0699748
0.0212375
0.0266798
0.089632
0.071327
0.0977939
0.0829477
0.107025
0.12139
0.0799054
0.0716575
0.0430769
0.0663491
0.0645854
0.104032
0.15808
0.152026
0.187689
0.190586
0.235255
0.24629
0.300303
0.365738
0.416321
0.417636
0.39223
0.309216
0.261836
0.200336
0.181571
0.166784
0.195318
0.263366
0.335184
0.405597
0.40073
0.40394
0.332091
0.293175
0.338732
0.268462
0.261788
0.105111
0.0690487
-0.141168
-0.297643
-0.35803
-0.429622
-0.358702
-0.258587
-0.148478
-0.0975568
-0.0719043
-0.0330074
-0.0454718
-0.0685788
-0.167796
-0.197241
-0.229134
-0.226276
-0.217231
-0.250924
-0.273665
-0.314211
-0.338426
-0.399581
-0.429197
-0.44949
-0.390645
-0.341131
-0.253938
-0.237613
-0.200668
-0.150349
-0.186757
-0.176151
-0.226724
-0.211286
-0.221291
-0.140365
-0.0233725
-0.0224589
0.0367936
0.0266838
0.0777298
0.0503634
0.0427658
0.0392994
0.0164794
0.0633692
0.0724249
0.115207
0.0913872
0.110493
0.08548
0.106637
0.0921677
0.0495845
0.0810625
0.0969545
0.175799
0.181565
0.241196
0.289824
0.325692
0.369802
0.377448
0.358754
0.333588
0.25313
0.165072
0.133989
0.125626
0.166529
0.222606
0.285385
0.343705
0.375311
0.403083
0.316618
0.277312
0.228981
0.300896
0.29112
0.241159
0.23546
0.0803655
0.0134934
-0.193451
-0.289479
-0.446274
-0.481091
-0.381782
-0.240805
-0.124397
-0.0418424
0.00583861
0.0123731
-0.0492565
-0.102476
-0.205674
-0.230325
-0.232182
-0.180071
-0.189681
-0.237522
-0.274807
-0.324905
-0.361327
-0.410718
-0.444884
-0.420031
-0.300372
-0.260245
-0.175428
-0.184118
-0.164141
-0.20607
-0.204357
-0.239495
-0.200603
-0.144973
-0.135412
-0.0213525
-0.000775116
0.0564274
0.0253311
0.0491442
0.0424536
-0.010619
-0.0304022
-0.0632092
0.00566176
0.0407119
0.121601
0.135177
0.105495
0.0956948
0.0600953
0.0377304
-0.00378357
0.0584982
0.143827
0.184117
0.231996
0.228587
0.235348
0.215338
0.233456
0.248493
0.26978
0.296903
0.317633
0.310326
0.284264
0.22234
0.134558
0.125371
0.141061
0.202273
0.268939
0.334861
0.372428
0.347304
0.364502
0.293352
0.317758
0.285704
0.326297
0.215657
-0.0129649
-0.0750527
-0.213081
-0.22332
-0.315518
-0.317018
-0.330835
-0.255123
-0.160497
-0.107157
-0.0970221
-0.115557
-0.0946633
-0.0985992
-0.122233
-0.142796
-0.180326
-0.15925
-0.165325
-0.173567
-0.259329
-0.311184
-0.381405
-0.392804
-0.408035
-0.387757
-0.380616
-0.293771
-0.249266
-0.161219
-0.136848
-0.176647
-0.162414
-0.17613
-0.151289
-0.176548
-0.127355
-0.0641888
-0.0466978
0.0318759
0.0232741
0.0324526
-0.0122341
-0.0161611
-0.0200466
-0.0493032
-0.0017484
0.0239145
0.108343
0.124166
0.139474
0.11461
0.0655636
0.0383503
0.00622687
0.0141752
0.0110307
0.094244
0.206687
0.236344
0.265359
0.24342
0.24152
0.238109
0.264264
0.268219
0.277802
0.274253
0.275807
0.235618
0.200671
0.152714
0.135426
0.189783
0.24235
0.310426
0.338116
0.372791
0.330793
0.248826
0.272828
0.243
0.310861
0.239678
0.243263
0.0675707
0.00188233
-0.222289
-0.349628
-0.360464
-0.388749
-0.315958
-0.218642
-0.120078
-0.0614793
-0.0756231
-0.0902931
-0.132636
-0.133411
-0.15406
-0.141702
-0.147071
-0.126565
-0.114899
-0.182315
-0.257082
-0.358171
-0.405485
-0.429166
-0.372665
-0.344719
-0.24855
-0.210607
-0.166204
-0.187744
-0.186074
-0.166526
-0.199565
-0.167492
-0.167709
-0.0958595
-0.0852102
-0.0389253
0.00677521
-0.0159841
-0.00315909
-0.028134
-0.0216064
-0.0536141
-0.0187826
0.0491111
0.0566583
0.0970499
0.0822268
0.0903251
0.0514654
0.0435248
0.0553324
0.0386336
0.0747184
0.0779922
0.128629
0.123673
0.141602
0.159715
0.151919
0.170222
0.173378
0.215566
0.241849
0.308883
0.326816
0.308985
0.244796
0.212895
0.160667
0.14893
0.145129
0.176985
0.250866
0.310751
0.358533
0.332111
0.327894
0.272878
0.289802
0.247643
0.222066
0.275969
0.187128
0.15126
-0.0254415
-0.0718383
-0.257703
-0.346086
-0.336244
-0.327702
-0.248611
-0.17325
-0.112611
-0.111291
-0.125564
-0.123942
-0.125832
-0.107414
-0.10688
-0.0901386
-0.108155
-0.151578
-0.179052
-0.265912
-0.335379
-0.392516
-0.388854
-0.360205
-0.279428
-0.268816
-0.205433
-0.197931
-0.169323
-0.210342
-0.202785
-0.143449
-0.132542
-0.0667634
-0.0795943
-0.0375688
-0.0529138
-0.0284003
-0.0210092
-0.0671476
-0.0526579
-0.0620509
-0.00864755
-0.0153679
0.0307703
0.0193177
0.0487901
0.0541428
0.0266488
0.0467149
0.0442916
0.0778273
0.0676316
0.103777
0.117586
0.100736
0.0973125
0.0652793
0.0672799
0.0529983
0.0964169
0.134251
0.137597
0.182235
0.211295
0.273581
0.289469
0.278213
0.234138
0.225961
0.221487
0.229225
0.201716
0.196009
0.22139
0.261319
0.306861
0.274856
0.258365
0.217458
0.245064
0.225322
0.19239
0.250407
0.225515
0.23884
0.0884813
0.027149
-0.127491
-0.249241
-0.228759
-0.244387
-0.198439
-0.171812
-0.131927
-0.158076
-0.20159
-0.210378
-0.210642
-0.170828
-0.123563
-0.0701439
-0.0642507
-0.115412
-0.145783
-0.204506
-0.230452
-0.284154
-0.314188
-0.314081
-0.284571
-0.246875
-0.235961
-0.275684
-0.258031
-0.258607
-0.222396
-0.243021
-0.163152
-0.0756104
-0.0478952
-0.000772237
-0.0445793
-0.0595961
-0.0935974
-0.0656836
-0.0268941
-0.0256247
0.0299621
0.0370153
0.0503456
0.00821404
-0.00216382
-0.0087761
-0.0213372
0.0259653
0.0398264
0.0902052
0.0804796
0.0852165
0.068818
0.0247806
0.0175611
0.00721501
0.0344809
0.0393272
0.106105
0.168128
0.165486
0.167591
0.148884
0.184639
0.22479
0.28259
0.285423
0.26076
0.219746
0.208279
0.179154
0.173009
0.176814
0.204089
0.255483
0.271475
0.30215
0.288288
0.300659
0.262259
0.19535
0.251157
0.24227
0.30435
0.193205
0.152301
-0.0561588
-0.237918
-0.246378
-0.269557
-0.203458
-0.197651
-0.161546
-0.169767
-0.14769
-0.188195
-0.199049
-0.177171
-0.132149
-0.064051
-0.0206585
-0.004812
-0.0843127
-0.177844
-0.229305
-0.292149
-0.312288
-0.317926
-0.299311
-0.263441
-0.232158
-0.244204
-0.254766
-0.292336
-0.263153
-0.246823
-0.135152
-0.0477353
-0.047903
-0.0128502
-0.0356373
-0.04374
-0.0988235
-0.104607
-0.0651884
-0.0537432
0.0218869
0.0339735
0.0587837
0.0113862
-0.022882
-0.0286669
-0.0490314
-0.0117042
-0.00394082
0.0432889
0.0379942
0.0651993
0.0558511
0.0104523
-0.00624375
-0.0285868
0.025992
0.0502407
0.108159
0.157081
0.137637
0.134092
0.110205
0.106829
0.0832197
0.137279
0.240612
0.305119
0.323294
0.282816
0.190009
0.152438
0.155202
0.181218
0.227735
0.268375
0.330837
0.356376
0.371788
0.27882
0.227923
0.15801
0.167754
0.286104
0.305563
0.33362
0.183695
0.130157
-0.123081
-0.260488
-0.25792
-0.259416
-0.169729
-0.131509
-0.0704158
-0.111667
-0.188085
-0.228658
-0.258886
-0.214157
-0.132505
-0.0448953
-0.0224615
-0.0786088
-0.127679
-0.221686
-0.280144
-0.338558
-0.341341
-0.279341
-0.180575
-0.178902
-0.196686
-0.255895
-0.289022
-0.327344
-0.287072
-0.182644
-0.146234
-0.0245597
-0.0233367
0.00171644
-0.036028
-0.0672153
-0.0651083
-0.0889544
-0.0338126
-0.00882151
0.0507777
0.0274089
0.000612734
-0.0456165
-0.103189
-0.0933531
-0.0803417
0.00348454
0.0241593
0.0658263
0.025033
0.0470998
0.0460971
0.0141544
0.0262054
0.019638
0.0735728
0.0787691
0.100686
0.0919537
0.0458547
0.0306082
0.00851182
0.0518487
0.0606141
0.139001
0.189268
0.212021
0.274197
0.290897
0.279082
0.234091
0.196246
0.203126
0.247211
0.259934
0.277764
0.268932
0.299845
0.272864
0.222293
0.236462
0.195663
0.237771
0.23072
0.297003
0.297738
0.166687
0.139809
-0.074428
-0.142145
-0.213759
-0.140337
-0.157492
-0.180092
-0.162007
-0.168465
-0.147682
-0.20202
-0.2123
-0.216743
-0.157706
-0.0952373
-0.0684559
-0.0804675
-0.172928
-0.207389
-0.263792
-0.260661
-0.250214
-0.228001
-0.223784
-0.198336
-0.203449
-0.224919
-0.283155
-0.303695
-0.244407
-0.196732
-0.0973683
-0.112682
-0.0860678
-0.105819
-0.0806287
-0.0686203
-0.111868
-0.0753686
-0.051997
0.0209059
0.00942044
0.0223703
-0.00892225
-0.0452318
-0.0494777
-0.0725432
-0.0371309
-0.0217726
0.0442797
0.0777876
0.0445499
0.0289198
-0.00107326
-0.000164969
-0.023264
0.0412217
0.087375
0.0922654
0.0903431
0.0436765
0.0315079
0.00846534
0.0266438
0.076654
0.0914603
0.152772
0.165419
0.184718
0.162027
0.207252
0.255482
0.277259
0.259082
0.242729
0.220697
0.221663
0.230847
0.218639
0.262944
0.256664
0.269182
0.242027
0.263339
0.220225
0.168317
0.199382
0.203757
0.298517
0.239324
0.20308
0.0391442
0.0234834
-0.124451
-0.183185
-0.153185
-0.148321
-0.0836531
-0.123364
-0.13325
-0.207804
-0.259269
-0.240443
-0.223496
-0.167609
-0.111138
-0.0702045
-0.116832
-0.186434
-0.21834
-0.234347
-0.224324
-0.212309
-0.199257
-0.181988
-0.171969
-0.21104
-0.245
-0.283911
-0.262839
-0.257511
-0.160185
-0.0984806
-0.111131
-0.0977229
-0.147442
-0.108189
-0.0947604
-0.0433267
0.0148036
-0.00594904
0.0206434
0.00962617
0.00528694
-0.0394941
-0.029326
0.00960078
0.0214054
0.0490184
0.0188298
0.00637202
-0.0207081
-0.0158409
0.0109075
-0.0122703
0.00772912
0.00206752
0.0373647
0.0270157
0.0516188
0.0628449
0.0479611
0.0677052
0.0592593
0.108889
0.112609
0.134622
0.145494
0.131918
0.146279
0.156506
0.209049
0.240913
0.285722
0.272425
0.220793
0.161351
0.174693
0.212652
0.258856
0.274712
0.296277
0.277158
0.238118
0.240594
0.190457
0.236897
0.227174
0.273866
0.257056
0.18343
0.202223
0.0171673
-0.0730587
-0.188335
-0.117245
-0.134174
-0.132668
-0.128169
-0.176815
-0.178424
-0.241783
-0.248476
-0.242348
-0.187832
-0.136115
-0.106818
-0.107405
-0.156788
-0.192461
-0.249846
-0.256113
-0.229483
-0.179118
-0.169105
-0.17972
-0.215835
-0.247139
-0.246265
-0.282133
-0.235286
-0.212096
-0.131437
-0.144401
-0.113634
-0.0915811
-0.116969
-0.0828081
-0.102346
-0.0237842
0.00159136
0.0450445
0.0618076
0.00670981
-0.0115635
-0.0310579
-0.0114076
-0.0289156
0.000947671
-0.00568493
0.010364
0.0199272
-0.0113435
-0.00164535
-0.00886678
0.016027
0.00122492
0.060133
0.0947701
0.090238
0.0873777
0.0399819
0.0376077
0.0287351
0.0690193
0.106096
0.0983527
0.120437
0.110427
0.121782
0.103212
0.149457
0.200099
0.236913
0.280396
0.299349
0.274135
0.222433
0.152039
0.137836
0.207268
0.256877
0.295812
0.271119
0.286297
0.225565
0.155058
0.158078
0.143534
0.233378
0.238192
0.267299
0.200034
0.0614982
0.0674884
-0.0855442
-0.122152
-0.162234
-0.0600106
-0.0714102
-0.14871
-0.192984
-0.271992
-0.263766
-0.288873
-0.267125
-0.217217
-0.146401
-0.121797
-0.128162
-0.151153
-0.189656
-0.203244
-0.20399
-0.193277
-0.1639
-0.14464
-0.162924
-0.192762
-0.233508
-0.257826
-0.286804
-0.248166
-0.181206
-0.156762
-0.106651
-0.148615
-0.126006
-0.132545
-0.0846201
-0.0343664
-0.0496217
0.0144463
0.0273784
0.0316492
-0.0244335
-0.0242949
-0.00689095
0.000616226
0.0288473
0.00496605
0.0139208
-0.000703431
0.00634768
0.00495327
-0.0322257
-0.0176013
-0.0114973
0.0413856
0.0300256
0.0614866
0.0821397
0.0722655
0.0759455
0.0461109
0.0585591
0.0569709
0.0931834
0.116996
0.0964889
0.0994824
0.103843
0.127472
0.128106
0.173572
0.219328
0.253998
0.256513
0.246513
0.189136
0.153721
0.139265
0.160101
0.218973
0.229333
0.240372
0.198235
0.206524
0.178616
0.194817
0.195002
0.189714
0.259815
0.222932
0.222899
0.135759
0.175456
0.0335297
-0.0689119
-0.0864552
-0.130523
-0.0633557
-0.124348
-0.134587
-0.206601
-0.243923
-0.219688
-0.231181
-0.210148
-0.199204
-0.168727
-0.165184
-0.162925
-0.168848
-0.186094
-0.19041
-0.188138
-0.185105
-0.162811
-0.162228
-0.187044
-0.18062
-0.190232
-0.180162
-0.208729
-0.195641
-0.150058
-0.143605
-0.114243
-0.162239
-0.143124
-0.140939
-0.092057
-0.0215581
-0.0477998
-0.00982338
-0.0101686
0.00145179
-0.0438363
-0.0284375
0.00381865
0.0123931
0.0429512
0.0179063
0.0256365
-0.00239582
-0.00700608
-0.000128987
-0.0195663
0.0281936
0.0531074
0.0864536
0.0522564
0.0497141
0.0510307
0.0438983
0.0618534
0.0515703
0.0872075
0.0994515
0.109344
0.065579
0.0642884
0.088327
0.104616
0.139421
0.145741
0.201777
0.235671
0.251738
0.202517
0.174138
0.158367
0.186289
0.217804
0.244603
0.237507
0.217076
0.23088
0.207513
0.242178
0.198109
0.202567
0.187627
0.170861
0.232097
0.145626
0.11807
0.0644754
0.154932
0.0766457
-0.0656673
-0.115998
-0.155943
-0.0723782
-0.112084
-0.149218
-0.224948
-0.246414
-0.203539
-0.217495
-0.226057
-0.234512
-0.201126
-0.171377
-0.166038
-0.195295
-0.222266
-0.232658
-0.200438
-0.175913
-0.167143
-0.16827
-0.212846
-0.197497
-0.187593
-0.167441
-0.212104
-0.200717
-0.135277
-0.115466
-0.0864969
-0.149684
-0.139947
-0.123434
-0.0484949
-0.0696632
-0.0260821
-0.00854295
-0.0128565
0.0100309
-0.0270658
-0.00903933
-0.0175852
0.0195705
0.0524791
0.0258852
0.0268233
-0.00241306
0.00163935
-0.0221471
0.026077
0.0605753
0.0588971
0.0697499
0.0513937
0.0636746
0.0633498
0.0671693
0.0776412
0.0655378
0.0927522
0.0932856
0.0903079
0.0618164
0.0720467
0.103172
0.117394
0.124404
0.112605
0.149838
0.180526
0.216375
0.205995
0.208024
0.192585
0.190131
0.17601
0.197865
0.205221
0.208896
0.228303
0.201919
0.223024
0.186483
0.191462
0.163691
0.110181
0.177935
0.134319
0.138905
0.0884619
0.161326
0.0923289
-0.0131094
-0.0521398
-0.129788
-0.0644118
-0.102378
-0.100581
-0.156408
-0.129321
-0.192807
-0.214614
-0.214927
-0.22469
-0.2035
-0.19298
-0.179028
-0.179574
-0.196094
-0.216984
-0.211354
-0.199075
-0.170648
-0.181177
-0.192293
-0.189998
-0.189636
-0.163864
-0.186934
-0.169366
-0.165379
-0.121542
-0.0826945
-0.132376
-0.11827
-0.117941
-0.0784636
-0.104778
-0.0608148
-0.0362534
-0.0341546
-0.00818238
-0.0440019
-0.0213355
-0.0273264
-0.00303906
0.0334329
0.012555
0.036869
0.0328674
0.0492078
0.0147114
0.0323035
0.0501161
0.0438831
0.0680296
0.0491157
0.0721898
0.0646717
0.0546229
0.0576959
0.0514632
0.0820287
0.0858854
0.0927726
0.0679448
0.0760031
0.0876464
0.0857785
0.101559
0.0997286
0.140114
0.16512
0.189403
0.183734
0.198729
0.184515
0.172812
0.16126
0.187827
0.202483
0.212399
0.186615
0.149519
0.179466
0.146761
0.150193
0.146337
0.20519
0.193166
0.165657
0.14512
0.07815
0.122637
0.0800952
0.0958866
0.0629915
0.0198457
0.0628293
-0.0376994
-0.0860193
-0.142177
-0.0756503
-0.11753
-0.14419
-0.152356
-0.189528
-0.176361
-0.220295
-0.234253
-0.232573
-0.195012
-0.182975
-0.18066
-0.196549
-0.209964
-0.235411
-0.23339
-0.19892
-0.192241
-0.159861
-0.181284
-0.158443
-0.156338
-0.135533
-0.109001
-0.154578
-0.106772
-0.0884514
-0.0488476
-0.0899204
-0.0797751
-0.0578408
-0.0638897
-0.0336347
-0.0761175
-0.0438589
-0.0348264
0.000899237
-0.0377797
-0.0137769
-0.0028731
-0.00475822
0.031463
0.00934454
0.0457393
0.0472418
0.0667994
0.0731725
0.0474082
0.0682351
0.066939
0.0802284
0.0632113
0.0899752
0.0920536
0.0843575
0.0737019
0.054949
0.0638875
0.067936
0.0793689
0.0891184
0.0838285
0.0896208
0.0938759
0.09497
0.0926947
0.11697
0.135743
0.149183
0.141257
0.140007
0.126578
0.125079
0.125952
0.122176
0.15661
0.147928
0.150299
0.123291
0.149437
0.123449
0.101861
0.110779
0.0866599
0.127899
0.0954415
0.0892684
0.0595305
0.0260052
0.0728685
0.0453166
0.0429605
0.00558157
0.0497139
0.00691709
-0.0522734
-0.063466
-0.0949415
-0.0556826
-0.0825771
-0.0887335
-0.121654
-0.145691
-0.139806
-0.157439
-0.165565
-0.175808
-0.161623
-0.18254
-0.185731
-0.194547
-0.193045
-0.209396
-0.196324
-0.188923
-0.166582
-0.178391
-0.16672
-0.148786
-0.140356
-0.116061
-0.150837
-0.128695
-0.127257
-0.0869389
-0.0582151
-0.0956768
-0.0734914
-0.0742648
-0.0534182
-0.0951504
-0.0647873
-0.0376662
-0.037927
-0.00204168
-0.0400641
-0.0200822
-0.0244993
-0.00600347
0.0194908
-0.0131499
0.0173208
0.0214545
0.0440084
0.0140074
0.0293443
0.0497696
0.0469512
0.0598092
0.0449455
0.0717046
0.0769837
0.0840831
0.0836162
0.0671022
0.0844898
0.0871603
0.0985673
0.0820739
0.100022
0.112043
0.117865
0.116845
0.115057
0.124972
0.124208
0.128206
0.128636
0.146779
0.154038
0.163497
0.154636
0.164884
0.162513
0.157308
0.156835
0.151352
0.198089
0.178317
0.175371
0.139206
0.179077
0.152097
0.123836
0.121376
0.087195
0.150135
0.116541
0.113112
0.0426914
-0.0100475
0.0470548
0.00387794
1.79025e-05
-0.0396062
0.0220364
-0.046404
-0.0964338
-0.108646
-0.146287
-0.111898
-0.156945
-0.171847
-0.199017
-0.210624
-0.204173
-0.23167
-0.250936
-0.25904
-0.254933
-0.257777
-0.244784
-0.240446
-0.212538
-0.24734
-0.230991
-0.231502
-0.205212
-0.149796
-0.203357
-0.156238
-0.147562
-0.102486
-0.163022
-0.135965
-0.0906477
-0.0835585
-0.0388765
-0.0953604
-0.0572554
-0.0517816
-0.0106926
0.0237018
-0.0302807
-0.000998394
-0.000433728
0.0369693
-0.0107911
0.0232854
0.0247338
0.0670354
0.0862353
0.0531054
0.0925198
0.102192
0.128433
0.0895922
0.131358
0.158049
0.163282
0.174133
0.150079
0.172152
0.180318
0.185362
0.183063
0.192767
0.196097
0.197076
0.184288
0.187156
0.179714
0.17176
0.183734
0.167558
0.198761
0.182248
0.174172
0.146574
0.126195
0.180244
0.15459
0.147607
0.117434
0.167958
0.148748
0.110028
0.0966074
0.0554398
0.112573
0.0866108
0.0897768
0.0507685
-0.00470497
0.0557961
0.00938285
-0.00701594
-0.0602075
-0.00576153
-0.0597071
-0.104722
-0.105218
-0.139032
-0.115749
-0.170149
-0.187602
-0.210901
-0.210598
-0.215559
-0.235661
-0.244454
-0.238246
-0.255376
-0.259827
-0.26919
-0.24313
-0.195921
-0.245783
-0.20409
-0.204411
-0.159196
-0.232359
-0.16265
