-0.00443064
0.117532
-0.122449
0.638189
0.165462
0.626218
-0.816015
-0.09374
-1.06446
1.04356
0.317744
1.5576
-1.35157
0.204759
-1.12179
2.68734
0.703941
2.43665
-1.63585
0.767526
-0.747781
3.76373
1.453
3.11832
-2.68659
1.58423
-1.34068
3.60229
1.00521
2.43444
-4.99375
1.23582
-2.71196
2.21527
-1.14745
-0.105967
-8.33458
-1.55395
-6.31157
-1.48555
-4.69656
-4.04886
-13.0445
-5.67284
-10.5324
-5.39667
-8.67337
-8.32315
-20.2453
-9.94575
-18.3644
-10.2784
-16.4392
-12.4969
-22.1824
-14.6843
-20.1978
-15.5591
-18.1932
-1.04662
-16.1666
-3.1473
-15.384
-5.21956
-13.2992
-0.881372
-10.5714
-2.924
-9.74811
-5.62132
-7.67094
11.4783
-5.00646
9.97847
-3.67174
7.77572
-1.73367
10.6772
0.821378
8.45458
2.11846
6.25412
4.73259
25.2258
7.39913
25.0637
10.1376
24.9653
15.5027
31.3439
20.9397
31.3788
25.1335
32.7211
31.915
53.2881
29.7825
47.043
26.43
39.5501
