0
3.64258
-0.274075
-3.61857
-4.52975
2.5322
-0.375215
5.70837
-4.81802
0.0399608
-3.17651
-1.25212
-7.01765
0.136228
-1.20703
4.63172
3.56638
-2.71015
-1.36944
-3.91332
0.331295
0.207221
-1.55389
-0.0902276
-5.41421
4.95965
-5.46892
-3.3373
1.9508
-1.35329
-4.70392
0.872074
0.152639
-1.05855
4.43232
1.3454
-2.79341
2.64345
5.90761
-4.80741
5.70156
-0.17493
1.58958
-0.140322
-0.0377048
3.88711
1.74501
2.8941
-3.27533
-5.09
1.59708
-0.333908
7.32967
1.25835
3.23583
0.346885
5.29241
-5.8922
-0.398113
-3.25328
4.08491
4.19809
0.655306
-3.67219
