0
2.11308
5.1012
2.41393
4.05549
1.39719
-8.83863
5.42699
-4.16284
-1.58053
-0.469448
2.66779
4.30071
-1.2765
2.3403
-11.961
-3.4687
0.371375
0.848641
3.04292
8.22822
-4.36575
6.83377
-5.64409
-9.17915
5.41672
1.29207
-0.717832
-3.75934
7.27998
3.07314
-2.86541
2.7473
4.55439
-2.57681
-4.76667
0.21528
-3.78667
-1.18677
-2.00979
2.09476
-1.5517
3.0113
6.64928
2.54845
4.22982
-2.71301
-6.30372
-13.8384
4.45937
5.38455
-0.66499
-7.73696
9.15092
-2.82652
5.9912
-0.830711
-0.202439
-4.0054
2.6701
-7.8893
-5.70276
0.885782
-5.52109
-0.0772871
4.65408
-0.668925
5.10093
9.62221
-2.51174
4.64624
0.511072
-0.177307
-4.4858
1.83
-9.40762
7.47829
-0.186241
-4.61612
-5.24561
13.2909
7.31597
3.78087
-1.54213
-1.47264
-6.20494
-4.44111
1.12322
-1.37684
2.40012
0.648461
3.10374
1.01739
4.18888
4.42109
-5.30594
-3.01635
2.6154
-2.80582
-6.56231
4.95946
1.85243
-0.68735
-4.46589
8.7859
7.64628
-6.66782
5.32728
-6.83232
-5.69765
-0.813796
-1.60793
2.10324
9.15402
-2.00834
2.73789
-5.7449
-4.20805
-2.41665
1.88475
4.42719
-6.58673
10.1635
-0.082849
-2.89878
-3.52994
-6.24741
-2.94703
