0
-15.7927
7.11003
-17.2741
14.2376
7.51074
-4.06177
21.0838
-10.5633
-1.11133
8.71751
14.668
10.7433
-2.95546
16.6417
28.0529
5.35536
-7.05497
-1.68694
14.9458
2.37349
12.8964
0.107169
-0.239529
-4.46262
18.13
-2.68264
-25.4903
6.40312
-17.8844
5.97899
14.81
-4.2515
2.4494
21.8202
-27.6995
13.4748
-3.12881
-25.405
-5.04946
13.25
7.12065
7.69561
-0.35824
7.66517
-18.4602
-7.86781
-22.4322
3.85265
-21.2074
19.9921
-5.44594
-12.752
10.2152
-11.0156
12.0329
12.7176
11.2232
7.54777
1.94061
-4.45798
11.8847
-4.74862
8.4121
-4.96923
8.67808
13.4393
-20.2305
-8.1959
-3.23087
6.43298
-4.36603
17.5684
-0.0712239
11.7949
3.17201
-3.7552
6.72806
7.41442
15.6749
8.41266
-5.48863
0.854451
-16.7602
5.02698
-15.724
-0.205741
-1.73344
16.2705
1.95353
3.41771
-18.7745
-6.49481
-0.236355
18.7822
-19.4576
18.3258
3.79122
-1.60509
-26.409
3.27947
5.81537
-4.78549
-1.0511
4.90209
6.03205
8.49117
-11.249
-8.24233
-9.49091
10.6626
2.40409
-16.7455
5.98449
31.3314
8.48328
2.99557
21.1267
-29.657
8.02332
-8.20803
-8.76789
-13.7027
-0.612837
6.08887
-12.3635
7.44351
4.89317
14.5151
-29.5714
-15.8281
14.3542
-29.1688
8.8577
4.8957
-3.31382
5.01989
-12.7798
-8.66245
25.5261
-19.9197
-16.7479
16.4428
-2.3101
14.29
-24.4813
-9.77558
-9.70488
19.0838
13.0078
-7.32853
1.22432
1.63371
-10.2282
-11.3639
-11.0583
-8.0104
-15.6857
6.01573
-3.75334
17.7738
2.58536
-1.56613
-1.01182
4.05455
22.6205
-3.82507
-12.9033
12.0179
-7.10073
6.5548
-22.7106
1.44649
9.94796
-16.5341
23.5445
-5.30782
0.719697
-2.56575
-3.16397
-10.72
15.0959
-8.14521
-3.87048
-22.5412
9.21106
-3.59452
-12.8932
-1.14739
-11.2976
-6.19861
0.70948
-11.0715
-17.9615
32.463
0.687674
-1.73246
12.8292
-15.4335
1.95185
-8.88572
16.0133
-4.02592
26.5935
5.61724
-2.31628
9.75262
6.57973
-11.4348
-17.2593
-3.56636
8.81576
-5.19959
3.49127
-34.7055
7.2888
5.60617
25.0917
16.4041
5.33125
-15.9274
-7.04929
-15.2016
15.1657
-16.6691
-0.744857
-9.97316
27.3961
-6.62552
-4.52035
-0.493931
-5.77593
-17.2799
22.8129
2.75431
6.24712
9.05743
-5.81892
4.59025
12.885
-4.50419
22.4864
-9.3206
1.89643
9.10475
10.9746
21.5177
9.62472
-6.37763
-27.3983
2.23972
24.2474
6.19911
2.93295
5.21473
-8.06866
7.13269
11.3284
13.7478
14.8135
7.07621
12.2634
-6.04
8.70395
6.5669
2.47417
8.40152
1.72294
-17.1795
-25.2747
1.81103
22.4422
0.597739
-2.15175
7.38499
3.69829
5.26157
-16.5205
-2.12478
7.61424
24.0217
-11.8747
-14.829
-13.8681
23.0399
-1.00043
-16.6663
6.73534
-6.16839
-3.99566
0.0321909
27.0091
-4.05547
-1.28862
-0.289996
-1.67329
-22.4957
6.37954
-13.8565
18.4353
-15.264
10.0147
-8.47048
4.15481
-8.97188
-16.2027
22.2659
-24.7964
11.5428
-21.7585
-3.66589
-2.95332
-5.77665
6.37705
-18.3111
1.97753
-29.881
-0.610002
3.79244
-18.2093
15.1094
14.0912
-7.28576
-13.287
1.54755
23.4257
0.513841
-22.1864
0.154105
5.08761
-42.1149
8.5074
-5.35046
17.4734
8.17182
-14.5137
9.76103
-3.53885
6.92503
-1.42084
1.83432
4.87379
4.45586
23.0117
-13.2987
4.46474
20.0145
-7.3595
10.7197
-7.35729
-10.2861
18.9409
17.005
0.465668
-12.8823
-16.8307
-6.72551
8.49187
-2.31505
9.35805
-13.5808
6.76426
11.4401
5.22613
-7.98344
7.29439
2.52061
19.8162
10.8591
2.33697
8.08043
18.3657
1.89266
3.03801
-8.41725
-2.38899
-12.7574
5.73221
7.56981
14.2022
7.78074
3.69471
-5.70918
7.84661
-5.89855
-8.46212
-10.1884
-11.4552
9.1195
3.87956
18.87
20.5533
3.85575
-9.6651
-0.459963
19.6723
16.3557
-12.5622
20.9253
7.27052
-4.11553
-5.07889
1.33914
1.63375
-3.0802
7.55224
-3.44997
-23.2666
11.8811
-2.87714
0.264224
5.09698
-9.27414
2.63173
-11.8407
5.4286
17.2147
-13.853
10.8341
4.56641
-11.3925
14.2554
-0.13836
1.41999
6.77656
15.1419
-2.69593
13.9038
7.55118
8.13853
-8.60489
-9.14978
-9.1321
-6.56395
11.2964
-7.88313
-22.2282
-24.0438
20.7264
7.13247
-7.36699
19.9735
-4.5132
25.2957
0.274505
13.0883
-7.59267
19.5973
-1.14335
6.95684
-5.08182
-1.62158
3.74445
-5.58669
13.1191
-9.15413
16.3692
-13.7843
3.17656
-5.03203
5.34541
-28.7438
-2.60473
5.01672
13.8186
-8.77128
-6.53625
-7.14724
-6.98564
-0.840533
-4.68817
10.8258
-11.1013
-16.3043
-13.8004
-6.65818
-2.75569
8.78317
-24.9917
-21.2815
-8.35405
-12.2905
9.92606
-4.15827
8.81791
-18.6182
2.54667
-5.4101
8.09982
14.2158
-21.2427
-14.4547
-14.9067
1.82428
-5.28717
15.169
-7.0852
2.2094
2.28341
15.921
7.67541
13.1662
-18.1337
-11.3131
-7.57326
-7.92324
-15.9451
-12.0571
7.30264
-14.3299
-8.85574
2.97918
37.9411
-26.1484
-19.2651
21.4352
-9.39321
15.3525
-13.4039
12.2782
-17.6601
-2.47477
-5.31591
12.8849
1.4542
13.8915
-11.6265
-8.22396
9.02443
10.1999
-5.55539
-16.7017
0.267741
-1.17758
6.80877
6.38549
7.93645
-5.6668
10.5207
6.07331
-3.60554
2.49637
-16.8191
-4.75477
13.5852
1.2843
33.5492
18.569
-11.9673
-19.7631
-12.1704
4.34708
-11.4326
3.26667
-23.5763
-4.29137
3.88797
-9.07003
6.30185
13.1414
-2.12284
4.44
4.07699
7.94596
19.0826
-9.00382
-10.2965
-13.2147
16.157
10.6894
4.22928
21.3888
-12.9766
12.5637
6.28764
3.25104
12.5716
-9.26434
7.45446
-4.3974
5.55213
-28.1163
-0.577995
-8.2469
16.9904
-18.5731
-8.97614
19.9395
3.74816
-13.5953
15.9361
-0.6594
0.472211
-5.84769
-11.3807
-2.92481
20.9699
4.49445
-15.3446
-20.6814
-17.6261
-2.89965
0.339646
-15.5389
5.90721
10.8035
14.9949
-10.1292
29.6627
27.3819
0.0101401
17.5324
4.38875
-15.7798
21.676
-11.9415
-9.67685
-0.998455
6.42389
-7.98037
-24.4619
-23.8752
-16.2818
-20.6355
-5.79216
22.8707
2.23072
0.56323
-3.94098
-0.650173
9.9775
-4.65627
-5.26654
8.07409
-2.41643
7.16241
-7.95675
14.9244
-1.21093
11.7546
21.7639
42.1765
9.77949
0.829698
9.80057
-0.13092
3.94654
18.1588
16.5203
1.34065
15.5402
-1.27817
8.05632
5.95033
10.5926
15.8588
24.155
21.0365
7.78221
-5.33728
-21.7728
-0.341148
-10.8679
5.12369
-27.2292
19.454
18.4758
-9.04192
-7.89939
10.6187
-1.02401
-13.5269
-3.19347
12.196
15.4044
1.56322
5.08362
29.5825
-33.951
4.52862
-2.08889
-14.8594
29.1553
4.00028
0.262883
21.7434
12.1406
-3.96012
-6.08632
-18.8554
1.17331
-0.00776073
-2.68499
-10.9263
-14.6117
-6.02233
-4.14466
8.27675
-15.6088
-17.4152
21.9126
-1.07515
0.257699
-21.136
-5.0846
-10.9381
2.49387
14.5238
-6.84005
-4.21109
-5.20389
-22.9354
-0.107419
2.55399
17.2278
19.2922
-10.9346
10.1482
-13.3508
-17.9712
13.4651
5.28315
13.5534
-3.2982
-11.6709
18.5218
5.68991
-6.27656
-17.4496
12.8695
12.586
-5.91171
-5.86708
-23.3937
-9.53236
13.5836
16.7329
-13.6923
-0.396287
12.1449
27.7149
-16.2663
1.31849
13.7783
28.833
10.967
-9.20711
-11.5272
-10.213
-0.942678
16.3097
-2.11108
32.2091
-12.7217
6.15149
24.6555
14.3419
12.7004
-16.796
-4.9558
0.427732
-8.97897
-6.40641
21.2659
13.214
-1.18218
-10.6206
13.6974
-5.40677
-12.8538
23.2138
17.3897
-13.4626
-4.7142
-3.22952
6.15536
9.02724
20.7376
3.55885
1.93269
6.87307
-5.89563
-3.77973
-3.00781
-7.81772
8.55542
4.34645
-8.55304
4.2209
-30.1413
-28.1844
19.919
-19.0998
-20.9018
-7.10112
-10.4514
-14.8092
7.4301
-1.32976
0.536317
8.34183
7.31601
-9.66498
20.7803
-14.1944
16.1646
-1.48179
29.8795
-4.62724
10.5324
3.89197
12.0393
-3.52356
-14.3601
-5.5507
-3.40739
1.0882
-4.4301
8.20147
16.104
14.284
-6.12959
-1.34662
-9.85594
2.79194
-11.2732
10.4025
14.9318
4.63404
3.57037
52.286
42.6734
-11.9572
13.606
-11.7595
3.07775
4.1629
7.88645
-7.58516
-3.77097
3.51308
30.648
13.606
24.7032
10.0913
-4.54059
-7.54769
10.7692
-18.0823
-3.0723
-12.161
7.49383
-7.01354
20.4579
-4.3598
4.60519
-0.759208
35.568
3.70049
22.759
14.3779
-0.327017
2.65609
-9.73836
-17.9252
1.51066
10.8131
5.30904
32.0759
18.4471
-19.4056
4.30453
-8.29572
-9.28901
-9.60273
-16.2832
6.87735
13.0265
-13.3536
-9.37712
-15.3525
-7.67657
17.7904
28.2973
13.061
-13.6047
14.6276
1.69982
-9.90377
3.17296
-1.40352
17.0516
11.6768
-15.5721
-2.19039
13.675
17.5433
-4.68996
8.19967
16.3536
10.9893
15.8761
32.9546
12.3273
10.5989
-4.52387
20.9054
-25.4595
7.86255
-4.54284
16.8315
5.63034
-9.24188
-9.98373
-13.3566
0.0472934
-6.17179
-20.5234
-7.50363
32.2287
-4.27231
3.649
12.6839
31.6079
5.72737
10.1314
-3.21025
-5.3241
2.84722
-4.85612
-9.76572
-12.7848
-5.75238
9.51886
2.84429
21.6141
-24.4724
-19.0769
-5.89332
1.208
-16.3873
18.4206
7.16338
-13.5793
13.0299
-8.12435
-9.4113
-10.2529
-28.9042
-8.82218
9.89293
-0.473003
13.7299
-7.92845
-2.47267
7.78929
13.385
-25.5238
-1.76868
4.93821
18.0886
20.3731
-7.65196
20.8077
12.3426
-11.4014
15.517
-24.3424
-5.54503
2.63158
0.643648
-17.1877
-19.9816
-12.5547
-22.9146
22.4222
10.5445
19.1045
10.2444
-2.35521
-7.02559
6.47523
5.78562
-7.98837
19.3752
-5.16944
9.42584
-22.3577
-12.7081
10.4777
4.44559
-3.38817
-17.5693
20.5654
-7.66897
11.9846
15.2352
-1.0831
-13.9897
-4.74675
24.6639
-21.4355
3.15301
8.68767
-1.28438
8.89336
-10.2053
4.81549
-2.6831
-7.13624
12.4633
-1.43357
10.4696
7.10541
-6.16143
12.9042
-29.7575
4.09079
5.8311
30.478
-38.0545
-5.05783
-13.1502
-5.84746
