-0.00172834
0.0064008
0.016888
0.0240982
0.0334183
0.0406536
0.0428674
0.0449693
0.0477702
0.0488683
0.0481972
0.0442559
0.0405861
0.0373682
0.0344916
0.032918
0.0320943
0.0349956
0.0380706
0.0426277
0.04895
0.0550635
0.0650027
0.0731865
0.0873081
0.105543
0.114201
0.119244
0.119808
0.118786
0.113398
0.101461
0.0870153
0.0659506
0.0464195
0.0266292
0.00367416
-0.0160083
-0.0390875
-0.0552707
-0.0683045
-0.0840242
-0.094707
-0.0963585
-0.105508
-0.107762
-0.108312
-0.105241
-0.0997058
-0.0969686
-0.0860567
-0.0833252
-0.0745221
-0.069803
-0.0616035
-0.0565226
-0.0506143
-0.0437869
-0.0363869
-0.0293151
-0.0186982
-0.00883118
-0.0032904
0.00465302
0.00890605
0.0153399
0.0151764
0.0153044
0.0124454
0.00917958
-0.000174857
-0.012166
-0.0240162
-0.0341524
-0.0463414
-0.0535324
-0.0605225
-0.0657272
-0.0657458
-0.0635285
-0.0552587
-0.0503513
-0.0372652
-0.0238706
-0.00733579
0.0114071
0.0249611
0.0390639
0.05548
0.0695147
0.0807233
0.0891579
0.0989779
0.111696
0.11929
0.129091
0.137717
0.154464
0.1655
0.170112
0.167823
0.161157
0.15563
0.142264
0.123898
0.100759
0.0820767
0.055407
0.0339813
0.00880252
-0.0132598
-0.0379081
-0.0595857
-0.0775577
-0.0896979
-0.0999575
-0.110623
-0.119045
-0.125367
-0.124502
-0.123864
-0.12304
-0.121844
-0.114675
-0.109918
-0.103481
-0.0997624
-0.0905018
-0.0848755
-0.0792959
-0.0658909
-0.0553746
-0.0405783
-0.0290086
-0.0165979
-0.00848372
0.00585069
0.0163949
0.0255763
0.0310597
0.038495
0.0429462
0.0404832
0.0360419
0.0310384
0.0242012
0.014894
0.00504949
-0.00366413
-0.0131609
-0.0237414
-0.0336907
-0.0391279
-0.0438182
-0.0477071
-0.0501451
-0.0495195
-0.0448984
-0.0393078
-0.0346897
-0.0296954
-0.0177992
-0.00932585
-0.0033365
0.00519458
0.0129208
0.023688
0.0260981
0.0312653
0.0351556
0.0359264
0.0386746
0.0419997
0.0433473
0.0470755
0.0508505
0.0552998
0.0616695
0.0645468
0.0698101
0.0705424
0.0800744
0.0853009
0.0918017
0.101961
0.117442
0.133764
0.141235
0.139701
0.138936
0.131015
0.126969
0.105871
0.0865481
0.0601976
0.027005
0.00680392
-0.0206421
-0.0441559
-0.070969
-0.0842463
-0.108707
-0.120817
-0.129856
-0.138384
-0.148447
-0.148277
-0.144267
-0.138309
-0.132609
-0.13232
-0.119213
-0.1117
-0.102887
-0.0954857
-0.0834475
-0.0736839
-0.0614948
-0.0518409
-0.0376039
-0.0217432
0.00307978
0.0184144
0.02833
0.0455498
0.0567347
0.0656371
0.0698749
0.0737417
0.0724336
0.0669731
0.0570689
0.0466043
0.0317579
0.0175201
-0.00679596
-0.0196391
-0.0346296
-0.0476621
-0.0623617
-0.0751712
-0.0760042
-0.0756478
-0.0745353
-0.0708205
-0.0634815
-0.0490214
-0.0361307
-0.0225717
-0.00106689
0.0148455
0.0276283
0.0374743
0.050615
0.058492
0.0632405
0.0642802
0.0703535
0.0747886
0.0771929
0.0801137
0.0822657
0.0930915
0.102399
0.108782
0.119728
0.140512
0.159269
0.172596
0.174593
0.171991
0.165035
0.15714
0.135389
0.112798
0.0752867
0.0467885
0.0131238
-0.0322019
-0.0607261
-0.0887118
-0.111085
-0.142448
-0.151695
-0.160674
-0.169337
-0.175921
-0.175576
-0.167998
-0.156835
-0.147813
-0.137367
-0.128507
-0.116666
-0.106218
-0.0974314
-0.0800645
-0.0705974
-0.060753
-0.0530137
-0.0300537
-0.016592
-0.000617491
0.0103922
0.0304681
0.0476504
0.0545341
0.0657009
0.068603
0.072295
0.0720259
0.0640218
0.0532177
0.0413693
0.0227239
0.00566353
-0.0157687
-0.0339521
-0.0523852
-0.0669841
-0.0806521
-0.0926491
-0.095584
-0.0988123
-0.0990296
-0.0830158
-0.0767228
-0.0636436
-0.0506712
-0.0260585
-0.00542604
0.0130098
0.0351746
0.0480087
0.0634212
0.0769405
0.0916609
0.0960316
0.102462
0.111321
0.119907
0.119323
0.126925
0.137403
0.145477
0.15168
0.160714
0.173914
0.189927
0.197551
0.196966
0.185193
0.175819
0.162574
0.120834
0.0904369
0.053415
0.0230776
-0.032966
-0.0688163
-0.0988549
-0.146018
-0.167384
-0.183571
-0.191667
-0.199359
-0.200586
-0.200948
-0.19339
-0.178476
-0.161534
-0.147776
-0.131813
-0.117433
-0.0996109
-0.083466
-0.0653034
-0.0526597
-0.0407928
-0.0239242
-0.0135131
0.00145821
0.0137028
0.0329583
0.0403413
0.0483274
0.0571738
0.0663637
0.0663662
0.065899
0.0623949
0.053339
0.0409702
0.0267097
0.00579957
-0.0117433
-0.0364164
-0.062079
-0.0741821
-0.0901002
-0.103357
-0.117909
-0.123298
-0.12019
-0.115935
-0.096816
-0.0839457
-0.0678328
-0.0422294
-0.0215788
0.00380276
0.0222942
0.0573427
0.0718999
0.0898702
0.114782
0.126167
0.134616
0.141879
0.158798
0.166447
0.165578
0.165721
0.17092
0.176006
0.182604
0.179211
0.190357
0.203904
0.212721
0.203035
0.196411
0.188405
0.172944
0.12011
0.0817117
0.0449509
-0.00751105
-0.0498059
-0.0911382
-0.121044
-0.175523
-0.198021
-0.215961
-0.230215
-0.225473
-0.226003
-0.223949
-0.212245
-0.193548
-0.168895
-0.155959
-0.136217
-0.118516
-0.098633
-0.069465
-0.0591398
-0.0440976
-0.0298468
-0.013071
-0.00413431
0.0118263
0.0329614
0.0408554
0.0436163
0.0477208
0.0515133
0.0546123
0.0520367
0.0435378
0.0329736
0.0206451
0.0052926
-0.0127018
-0.0287306
-0.044626
-0.0688829
-0.0895273
-0.10007
-0.109193
-0.114578
-0.124999
-0.123363
-0.11778
-0.090227
-0.0776691
-0.0621852
-0.040165
-0.0097599
0.0128105
0.0331528
0.0744473
0.0927128
0.109277
0.121314
0.144177
0.153362
0.161669
0.174689
0.18465
0.192236
0.193246
0.193259
0.193222
0.193982
0.195575
0.189512
0.191697
0.201797
0.200434
0.195365
0.183545
0.171971
0.121715
0.0914697
0.0480803
0.00943179
-0.0427659
-0.0877366
-0.129989
-0.197421
-0.221318
-0.24086
-0.252088
-0.260775
-0.257049
-0.249161
-0.232367
-0.214012
-0.188677
-0.162801
-0.133917
-0.116085
-0.0950522
-0.0698064
-0.0381719
-0.0257083
-0.0153926
0.000465883
0.00804356
0.0163342
0.0245333
0.0372212
0.0409787
0.0424599
0.0428349
0.0406762
0.0382621
0.0287359
0.0108954
-0.00214723
-0.0147155
-0.032878
-0.053483
-0.0751886
-0.0938516
-0.108226
-0.12066
-0.129656
-0.136672
-0.134951
-0.127704
-0.115592
-0.0784789
-0.0603873
-0.0409396
-0.0156798
0.018457
0.0431177
0.0655327
0.0815869
0.123766
0.13941
0.150708
0.162593
0.166378
0.177663
0.186602
0.200962
0.20604
0.20545
0.206547
0.209666
0.209295
0.207994
0.191175
0.192446
0.199058
0.20728
0.19905
0.178857
0.166599
0.109274
0.08169
0.0405797
-0.010228
-0.0644966
-0.106769
-0.153649
-0.191223
-0.254118
-0.274636
-0.285973
-0.285522
-0.277796
-0.266112
-0.24232
-0.208082
-0.17949
-0.145216
-0.112718
-0.0856576
-0.0641415
-0.0454531
-0.00730319
0.00358712
0.0100063
0.0167894
0.0248508
0.028571
0.0261613
0.036447
0.0345678
0.0290376
0.0210185
0.0107017
0.00562745
-0.00803125
-0.0326395
-0.053226
-0.0695318
-0.0834992
-0.100894
-0.118538
-0.13261
-0.142309
-0.133299
-0.129717
-0.121744
-0.107773
-0.0985477
-0.0785757
-0.057625
-0.00191928
0.0204422
0.0409949
0.0730485
0.0955333
0.116446
0.127811
0.154764
0.164156
0.169877
0.174143
0.177658
0.179071
0.182324
0.189326
0.190513
0.192257
0.192261
0.187253
0.188506
0.188306
0.175647
0.182593
0.194296
0.20529
0.203906
0.196811
0.176791
0.157955
0.0781125
0.0307366
-0.0186743
-0.0903229
-0.136988
-0.183613
-0.223501
-0.28593
-0.301719
-0.304704
-0.296498
-0.275355
-0.251159
-0.225041
-0.175109
-0.141388
-0.108225
-0.0779457
-0.0523643
-0.0368206
-0.0251435
-0.000582511
0.00745269
0.00523502
0.00324337
0.00359073
0.00495941
0.00625131
0.00725853
0.00980301
0.00605088
-0.000945493
-0.0103827
-0.0198911
-0.0387347
-0.0593626
-0.0899616
-0.112804
-0.126329
-0.142893
-0.158468
-0.168641
-0.169009
-0.134864
-0.12344
-0.100837
-0.0821917
-0.0428556
-0.011054
0.0215133
0.0832209
0.100728
0.123062
0.134289
0.153396
0.156322
0.158887
0.164199
0.157299
0.155888
0.153199
0.151563
0.149541
0.157245
0.164098
0.164767
0.167115
0.171644
0.174278
0.177304
0.175871
0.181447
0.181221
0.196203
0.210887
0.195676
0.191828
0.170488
0.155561
0.0677959
0.00949972
-0.0388121
-0.101446
-0.152463
-0.207156
-0.235054
-0.295542
-0.311145
-0.301703
-0.286501
-0.257294
-0.228782
-0.203387
-0.165792
-0.10638
-0.0741245
-0.0507394
-0.037683
-0.0254679
-0.0157743
-0.00973611
-0.00666261
-0.0152463
-0.0206627
-0.0224561
-0.020336
-0.0196072
-0.0210011
-0.025685
-0.0306698
-0.0367744
-0.0438193
-0.0601359
-0.0827797
-0.106461
-0.116847
-0.130203
-0.138412
-0.150556
-0.152636
-0.154306
-0.132962
-0.0800683
-0.0666638
-0.0366909
-0.022111
0.0258725
0.0462602
0.0766279
0.0886678
0.129288
0.146124
0.151
0.16182
0.15031
0.145027
0.134993
0.137523
0.135116
0.12877
0.130562
0.13434
0.145284
0.149556
0.157469
0.164894
0.175015
0.182355
0.188933
0.185977
0.200315
0.205244
0.218244
0.235466
0.22085
0.203693
0.169768
0.157459
0.0462326
-0.0395418
-0.0942944
-0.167994
-0.208045
-0.258603
-0.293092
-0.328785
-0.34172
-0.315748
-0.272706
-0.240756
-0.20204
-0.163828
-0.109423
-0.0357395
-0.0130765
0.00343124
0.00218096
0.0100244
0.0126021
0.00863688
-0.0135723
-0.0356769
-0.047586
-0.0474614
-0.0491088
-0.0562858
-0.0646021
-0.0737618
-0.0727792
-0.0711793
-0.0835226
-0.101868
-0.125639
-0.136804
-0.149891
-0.140134
-0.13826
-0.150605
-0.13038
-0.11929
-0.0779479
-0.0635574
-0.0032952
0.0275185
0.0457074
0.0907512
0.101627
0.12119
0.115302
0.133878
0.144674
0.140624
0.138775
0.124446
0.112504
0.106349
0.115084
0.120248
0.118707
0.122861
0.134458
0.152698
0.160682
0.166391
0.162231
0.174229
0.181734
0.192719
0.195646
0.218169
0.24425
0.243728
0.261612
0.23315
0.220214
0.162099
0.138951
0.0486967
-0.105618
-0.160429
-0.249091
-0.287791
-0.338916
-0.355578
-0.366264
-0.329712
-0.289634
-0.224827
-0.179166
-0.116079
-0.0767458
-0.0186164
0.028202
0.0320627
0.0299198
0.0153814
0.000305374
-0.012705
-0.0347091
-0.0535826
-0.0792411
-0.090175
-0.0878972
-0.0906849
-0.0938944
-0.100499
-0.104587
-0.106321
-0.111383
-0.128886
-0.145482
-0.165528
-0.165286
-0.171919
-0.142935
-0.116206
-0.113032
-0.0693552
-0.050665
0.00669567
0.0166521
0.0742071
0.0997629
0.100849
0.117542
0.107178
0.107118
0.0899933
0.0945706
0.0949899
0.0866259
0.0839005
0.0778321
0.0855036
0.0905275
0.107563
0.131411
0.149114
0.169124
0.182067
0.188637
0.188026
0.18757
0.174005
0.194239
0.188451
0.197072
0.206863
0.239562
0.27104
0.261929
0.279107
0.22725
0.211236
0.11693
0.0783763
-0.0482297
-0.228335
-0.287608
-0.361581
-0.377361
-0.412855
-0.412175
-0.382574
-0.272014
-0.201411
-0.109246
-0.064357
0.00605954
0.048225
0.0907511
0.0968313
0.0667975
0.0210761
-0.00685317
-0.0515712
-0.0764554
-0.117989
-0.141962
-0.152283
-0.135862
-0.120663
-0.108123
-0.11218
-0.111801
-0.111942
-0.105036
-0.119878
-0.157504
-0.171166
-0.188079
-0.170354
-0.170461
-0.125824
-0.0690863
-0.0489157
0.0152219
0.0430846
0.0894975
0.0903355
0.111438
0.137296
0.125661
0.109084
0.0826898
0.0629098
0.048562
0.0476417
0.0498282
0.0435963
0.0543811
0.058575
0.0834308
0.0899333
0.117447
0.148931
0.159789
0.180384
0.18435
0.197257
0.186928
0.180139
0.179339
0.207197
0.211416
0.222933
0.227722
0.283235
0.322046
0.276477
0.26962
0.1847
0.177931
0.0666151
0.0115896
-0.162131
-0.229694
-0.362582
-0.405173
-0.41103
-0.411459
-0.382326
-0.29077
-0.207626
-0.0735122
0.0129192
0.0416896
0.0857363
0.108718
0.108472
0.0806677
-0.00699155
-0.0818062
-0.108841
-0.135068
-0.157289
-0.1925
-0.198129
-0.162621
-0.112493
-0.0987574
-0.0971137
-0.104709
-0.101525
-0.10513
-0.119235
-0.151357
-0.192748
-0.194414
-0.186696
-0.14525
-0.138923
-0.0883043
0.00654112
0.037364
0.10713
0.114437
0.124705
0.103825
0.103419
0.094454
0.063075
0.0256795
-0.00274819
0.00548336
0.00970784
0.0304549
0.0514839
0.0586839
0.098029
0.116775
0.140575
0.131087
0.142854
0.168686
0.179553
0.18297
0.176684
0.171141
0.179352
0.196409
0.213324
0.22483
0.230978
0.263217
0.286218
0.343374
0.334868
0.337524
0.214274
0.109787
0.0808133
-0.0739906
-0.14725
-0.301645
-0.33642
-0.399288
-0.391838
-0.376347
-0.3176
-0.242328
-0.114925
-0.0363106
0.0516171
0.0889701
0.10574
0.102979
0.0882595
0.0234676
-0.0305604
-0.12391
-0.167317
-0.180879
-0.195997
-0.206249
-0.195232
-0.167052
-0.119628
-0.0827382
-0.0952736
-0.111605
-0.128602
-0.131933
-0.161572
-0.196855
-0.198368
-0.209003
-0.153838
-0.133305
-0.0672486
-0.0519191
0.025578
0.113154
0.119163
0.130627
0.0970132
0.0743733
0.0427297
0.0273069
0.00971502
-0.0201801
-0.0156783
-0.00833421
0.0485685
0.0600418
0.0850496
0.0781532
0.123818
0.147232
0.139185
0.122809
0.100464
0.124026
0.138607
0.164728
0.168278
0.179985
0.218542
0.25395
0.269442
0.276224
0.267345
0.253523
0.286697
0.268374
0.286061
0.231477
0.23955
0.124457
0.0165747
-0.0194716
-0.162012
-0.216774
-0.304886
-0.305636
-0.347514
-0.339538
-0.312422
-0.220587
-0.140465
-0.0447053
-0.00400081
0.0498331
0.097074
0.112448
0.0803138
0.0369181
-0.0417987
-0.0696587
-0.132318
-0.191578
-0.218069
-0.236331
-0.223551
-0.189813
-0.166294
-0.143125
-0.122968
-0.132648
-0.120897
-0.136237
-0.150204
-0.188915
-0.195187
-0.151136
-0.150914
-0.0972313
-0.0953364
-0.0155044
0.0161354
0.0910156
0.134121
0.114697
0.10318
0.0729147
0.0474256
0.00369907
-0.0288155
-0.0568905
-0.0351083
0.00469608
0.0185823
0.0680199
0.0741298
0.113312
0.117358
0.152439
0.148545
0.122209
0.11387
0.121053
0.156119
0.158939
0.179376
0.197375
0.233211
0.261077
0.269849
0.252294
0.261177
0.248167
0.215458
0.222845
0.191455
0.228249
0.211062
0.229328
0.140056
0.000388047
-0.0226031
-0.142013
-0.190611
-0.298819
-0.31685
-0.341396
-0.310337
-0.269887
-0.187183
-0.125006
-0.0291002
0.0318529
0.0950679
0.102383
0.0903302
0.0333019
0.00531543
-0.0814298
-0.126958
-0.2071
-0.250862
-0.251127
-0.23143
-0.221238
-0.18613
-0.156805
-0.113768
-0.0818718
-0.104752
-0.124197
-0.155568
-0.169241
-0.202724
-0.198473
-0.214376
-0.14813
-0.0710605
-0.0480069
0.0427638
0.061268
0.113349
0.103142
0.115652
0.0842801
0.0328671
-0.0118552
-0.0536528
-0.0563267
-0.0649763
-0.0194544
0.0380691
0.0630759
0.129072
0.140187
0.157446
0.139272
0.141873
0.125302
0.0991984
0.0903154
0.0972342
0.141116
0.162398
0.202249
0.236075
0.27289
0.286349
0.287983
0.256489
0.263654
0.237861
0.17234
0.172037
0.138463
0.185871
0.168012
0.179126
0.0949573
-0.0165128
-0.0142569
-0.121438
-0.172154
-0.285694
-0.290913
-0.300269
-0.269835
-0.253272
-0.183205
-0.115091
-0.00465116
0.0559302
0.0925325
0.0747856
0.0691689
0.016818
-0.00866481
-0.112247
-0.17176
-0.248093
-0.253055
-0.256007
-0.236899
-0.232917
-0.18215
-0.147233
-0.0865425
-0.0969082
-0.116012
-0.132979
-0.157127
-0.155021
-0.201955
-0.206262
-0.212646
-0.120299
-0.031268
-0.0213617
0.0514772
0.0683047
0.115946
0.109441
0.100411
0.0530409
0.00430543
-0.0263583
-0.0528151
-0.0485155
-0.0632692
-0.0111112
0.059471
0.0873817
0.139011
0.134615
0.144082
0.128425
0.138158
0.119349
0.0892079
0.0910047
0.112076
0.177441
0.204386
0.231038
0.243787
0.276205
0.277165
0.269383
0.20423
0.199602
0.167909
0.131593
0.146866
0.131202
0.196155
0.204299
0.240776
0.172052
0.0341884
0.0203254
-0.120282
-0.181401
-0.307728
-0.325744
-0.357573
-0.32776
-0.248146
-0.141493
-0.068574
0.0410648
0.0993044
0.128457
0.132804
0.0535893
-0.0449611
-0.0992461
-0.193859
-0.230109
-0.282857
-0.284255
-0.245785
-0.17946
-0.156999
-0.109165
-0.0927399
-0.0706979
-0.0852634
-0.130471
-0.182934
-0.227886
-0.223661
-0.24181
-0.204234
-0.199057
-0.0857459
0.0255118
0.0429761
0.111912
0.111761
0.119138
0.0877002
0.0611252
0.00308527
-0.0548965
-0.0742409
-0.0904241
-0.0447594
-0.028614
0.0364748
0.12424
0.146861
0.195455
0.18687
0.161667
0.118991
0.0980202
0.0788304
0.0593003
0.0780099
0.104225
0.190356
0.235281
0.276331
0.270086
0.293713
0.270444
0.245481
0.166321
0.161202
0.131012
0.143058
0.129045
0.133928
0.218266
0.245752
0.285945
0.202709
0.206692
0.0244095
-0.132174
-0.205486
-0.34721
-0.367034
-0.392146
-0.348015
-0.239364
-0.115112
-0.047946
0.0679508
0.139052
0.163573
0.155385
0.0423679
-0.0764803
-0.134505
-0.225253
-0.262619
-0.309075
-0.30096
-0.239347
-0.162565
-0.151661
-0.108029
-0.0887487
-0.0783973
-0.10958
-0.16443
-0.212153
-0.249423
-0.231883
-0.253242
-0.185245
-0.154823
-0.0539847
0.065246
0.0702934
0.11894
0.108377
0.0922144
0.0446414
0.00556757
-0.0399889
-0.0846182
-0.0756796
-0.0871605
-0.0126267
0.0197252
0.095063
0.168076
0.171871
0.187509
0.15744
0.116819
0.0721412
0.0464487
0.0453166
0.0498102
0.100063
0.132312
0.226551
0.284192
0.321894
0.325451
0.291957
0.232411
0.203435
0.114352
0.103708
0.0695132
0.0924805
0.117072
0.144635
0.228909
0.287857
0.341155
0.277386
0.290868
0.0931148
-0.0882916
-0.182863
-0.343492
-0.370634
-0.400199
-0.353275
-0.252973
-0.127593
-0.0567269
0.0679266
0.134132
0.136793
0.130605
0.0440893
-0.0811784
-0.151521
-0.239063
-0.25755
-0.280395
-0.26267
-0.216702
-0.141821
-0.127353
-0.100707
-0.096493
-0.0967041
-0.132804
-0.189736
-0.231373
-0.258741
-0.221619
-0.244337
-0.172965
-0.137783
-0.033888
0.0672569
0.0434125
0.0689684
0.0514154
0.044236
-0.0068364
-0.0352674
-0.0453692
-0.0567625
-0.0124303
-0.0169467
0.0623854
0.0918472
0.139969
0.123438
0.150591
0.128324
0.0845123
0.0396562
0.00448889
0.0206447
0.0243061
0.0889507
0.160782
0.212614
0.309058
0.340586
0.335832
0.331842
0.268032
0.171058
0.118219
0.0547779
0.0784754
0.0839148
0.110673
0.147107
0.19243
0.293097
0.321805
0.339198
0.245798
0.27655
0.0948768
-0.139309
-0.243768
-0.371078
-0.366737
-0.370506
-0.30679
-0.195003
-0.058143
0.0043506
0.0983533
0.137549
0.10376
0.0898597
-0.0147256
-0.130407
-0.185242
-0.248822
-0.254351
-0.249464
-0.213726
-0.171328
-0.132451
-0.141877
-0.134448
-0.147598
-0.162552
-0.203722
-0.230288
-0.217855
-0.220843
-0.159619
-0.17993
-0.101999
-0.0746978
-0.0083492
-0.0332791
0.00388834
0.00981597
-0.0145322
-0.00852783
-0.0491147
-0.0354203
-0.0474623
-0.00799639
0.039262
0.0247637
0.0738401
0.0804533
0.0998359
0.067763
0.0894107
0.0874009
0.0656465
0.0633292
0.0367802
0.0796228
0.101935
0.153712
0.198072
0.228709
0.284026
0.30382
0.275052
0.25956
0.191303
0.122798
0.0947499
0.0706469
0.0999044
0.122259
0.160746
0.212339
0.226904
0.299099
0.267276
0.260229
0.194421
0.254608
0.103592
-0.102989
-0.174563
-0.251522
-0.221955
-0.286713
-0.288018
-0.231084
-0.118836
-0.0725716
-0.0361706
-0.0177325
0.00124699
0.0414621
0.0116084
-0.0740977
-0.118832
-0.159933
-0.144308
-0.171259
-0.197234
-0.219495
-0.212346
-0.201839
-0.182882
-0.196203
-0.200402
-0.221805
-0.180755
-0.173952
-0.16639
-0.142328
-0.174016
-0.099574
-0.0791315
-0.0584444
-0.104316
-0.0544902
-0.00731257
-0.00920758
-0.00773621
-0.0631349
-0.0303113
-0.012252
0.0405058
0.062352
0.0317279
0.0693285
0.0919337
0.116272
0.0721089
0.0611266
0.0588439
0.0632608
0.0776055
0.0400036
0.0627327
0.0877592
0.156137
0.20049
0.20358
0.23686
0.264798
0.269504
0.269321
0.208644
0.132549
0.110607
0.0799995
0.107923
0.112141
0.14038
0.166863
0.173711
0.24457
0.221634
0.215639
0.163475
0.244661
0.17813
0.0294691
-0.0503923
-0.165114
-0.129019
-0.216549
-0.254468
-0.275909
-0.21868
-0.154209
-0.093342
-0.0651659
-0.0310274
0.00922143
0.0201336
0.00431634
-0.0644538
-0.118343
-0.114533
-0.159096
-0.185472
-0.208782
-0.20595
-0.209157
-0.196337
-0.191392
-0.17211
-0.193891
-0.179632
-0.176648
-0.156561
-0.13808
-0.187255
-0.153371
-0.132638
-0.0827157
-0.120647
-0.060374
-0.0131413
-0.0068608
0.0159008
-0.031859
-0.0115014
-0.0178544
0.00297112
0.0335602
0.000945455
0.0316342
0.0393669
0.072268
0.0433492
0.0772446
0.0943545
0.0903271
0.100447
0.0768256
0.091677
0.0905803
0.116254
0.143563
0.149746
0.189679
0.217512
0.240028
0.26006
0.248995
0.200464
0.168352
0.109372
0.122284
0.0980361
0.107456
0.117684
0.125214
0.195706
0.212578
0.230789
0.191248
0.262549
0.220463
0.193331
0.0473309
-0.0910908
-0.0570818
-0.166939
-0.211261
-0.262513
-0.225702
-0.196394
-0.133569
-0.0940093
-0.0598605
-0.0216831
-0.00348274
-0.00603584
-0.0588327
-0.0974042
-0.0941815
-0.12863
-0.15098
-0.173018
-0.162307
-0.18518
-0.190893
-0.202249
-0.18984
-0.211054
-0.207191
-0.200924
-0.158007
-0.109108
-0.15628
-0.13282
-0.119079
-0.0796177
-0.125527
-0.110769
-0.07165
-0.0576025
-0.0212814
-0.0699753
-0.0294674
-0.0149395
0.0258687
0.0560276
0.0164656
0.0420375
0.0475607
0.0594076
0.0189995
0.0414341
0.0715888
0.0734354
0.0885011
0.0744869
0.103989
0.107831
0.105479
0.104979
0.111026
0.12268
0.128781
0.146421
0.188379
0.22857
0.232458
