0.25574
0.32814
0.185668
0.223964
0.228204
0.706555
0.408558
0.442777
0.370025
0.710341
0.542471
0.614269
0.568421
0.229967
0.253042
0.357999
0.494763
0.243565
0.0834288
0.567481
0.724129
1.32832
2.1406
3.91975
17.0757
100.454
-18.5429
2.58361
-1.42554
-3.53623
-3.18206
-2.42632
-2.51152
-2.12513
-2.86461
-2.72334
-2.68497
-1.73291
-2.01552
-1.93285
-1.15004
-0.084774
1.14751
1.73291
1.7908
1.96416
0.993506
-0.501059
-5.42158
-18.7497
-37.0848
33.9818
14.3656
-10.2697
-3.03512
1.04141
-0.0278333
0.697118
3.67352
2.66585
3.44005
3.67449
4.00716
2.77992
1.70985
0.119755
0.872617
-1.69767
-0.642589
-1.37827
-1.33793
-1.14779
0.451422
-1.92288
-4.51335
-5.1152
13.1534
9.90741
-3.9789
2.24734
0.601736
1.72875
1.71599
1.2603
1.58333
0.828301
0.976794
0.55804
1.3969
1.39675
-0.0435869
-1.40958
-0.923515
-0.571117
1.611
2.4342
2.94441
5.3023
1.67277
-2.0063
-12.7613
-26.9635
18.2584
-9.04439
3.10949
-1.08651
-2.72724
-0.221275
-0.65894
-0.977427
-0.241177
1.2852
0.640597
0.677891
1.76004
0.925135
1.76964
0.70539
0.716654
1.13942
2.95008
1.22684
3.6065
4.64678
10.8256
12.0357
-1.29957
-33.6723
17.8811
-17.6176
8.24008
-4.96681
0.845029
-1.82951
-3.25549
0.588251
-0.52048
1.52116
-2.50049
-0.690968
-0.807522
-2.34563
0.455581
-0.269584
-0.995871
-1.21208
1.0295
0.229523
-0.274003
1.90185
6.91761
19.5801
15.0702
-31.459
-12.5969
10.4312
8.05978
0.942369
-2.65058
-3.39819
-2.8121
-1.35951
-0.193812
0.646419
-0.554116
-1.32192
-0.898125
-0.560663
-0.412678
0.6601
0.71404
0.516084
0.399664
0.023145
-1.30689
-1.98813
0.676663
4.56071
-1.96412
0.422009
0.366302
0.18959
0.890907
0.794616
0.846209
0.898157
0.126491
-0.462216
-0.267403
0.0796225
-0.163487
0.539901
0.526499
0.400795
-0.104056
0.00790505
0.0109281
0.273546
0.58393
0.287642
-0.138863
-1.12857
-1.31452
-0.129295
-0.405507
0.319015
-0.174685
-0.428785
-0.0773035
-0.100037
0.0532468
-0.224485
-0.224382
-0.149956
-0.0635928
-0.125819
-0.047161
0.0434702
-0.00391321
-0.0413566
0.130362
0.176292
0.523704
1.02562
0.891611
0.936271
-0.190983
-1.30074
-0.243927
-0.435362
-0.152357
-0.274177
-0.349506
-0.291332
-0.0938683
-0.181032
-0.0808986
-0.137579
-0.169316
-0.178639
-0.175837
-0.148567
-0.268581
-0.216343
-0.154211
-0.158444
-0.0508806
-0.00532103
0.281808
0.314447
0.28614
0.109073
-0.391599
-0.729745
-0.143475
-0.265009
-0.199517
-0.119263
-0.227816
-0.199759
-0.254894
-0.154401
0.108799
-0.0733861
-0.292853
-0.302892
-0.177435
-0.198973
-0.221157
-0.203228
-0.200893
-0.059126
-0.311672
-0.269904
0.217424
0.560132
0.756768
-0.277998
-1.22606
-0.119622
-0.0704301
0.0500848
-0.204934
-0.205152
-0.240507
-0.247785
-0.216108
-0.148304
-0.0880109
-0.264126
-0.152131
-0.136262
-0.13451
-0.234053
-0.196494
-0.202385
-0.180605
-0.168883
-0.139181
-0.114165
-0.107935
-0.0860712
-0.117735
-0.241662
-0.29587
-0.0468609
-0.183049
-0.16247
-0.0918993
-0.15842
-0.200089
-0.135719
-0.140157
-0.0170914
-0.234339
-0.156244
-0.0943488
-0.258982
-0.228373
-0.188302
-0.198105
-0.0298511
-0.130588
-0.109449
-0.163328
-0.167425
-0.109554
-0.0650798
-0.166289
-0.462144
0.213535
-0.38762
0.0184952
-0.123396
-0.158746
-0.171129
-0.172454
-0.22101
-0.0986872
-0.136329
-0.257711
-0.184328
-0.168615
-0.217592
-0.0393679
-0.098791
-0.0473029
-0.234266
-0.248182
-0.323319
-0.28068
-0.0117361
-0.226456
-0.326895
-0.361254
0.427683
-0.805455
0.443938
-0.572504
-0.136446
-0.227004
-0.216432
0.0293674
-0.377023
0.0757079
-0.16837
-0.112996
-0.0736389
-0.25395
0.0396776
-0.299915
-0.187144
-0.304091
-0.188862
0.0268929
-0.429179
-0.410684
0.0526205
0.0909171
-0.438139
-0.403622
1.48911
-1.6516
1.45622
-2.04166
1.17407
-1.13147
0.775537
0.870384
-1.26352
0.931822
-0.685418
-1.13975
-0.475492
-0.424502
0.143583
0.59845
0.87115
0.80871
-0.579781
-0.213895
-0.0948816
-2.00585
-1.81341
0.0610775
0.951494
-1.67086
-0.114732
0.516128
0.719069
0.186082
-0.108122
-1.07245
-0.626955
-0.360562
-0.335949
-0.130433
0.13482
-0.0803563
-0.267242
-0.270504
0.136516
-0.205608
-0.247949
-0.0552502
0.183788
0.312572
0.0991106
-0.408267
-0.151061
0.414904
-0.897847
-0.559544
-0.191809
-0.304479
-0.0778547
-0.0431096
-0.171006
-0.490512
-0.328234
-0.161438
0.00383049
-0.237627
-0.0618196
-0.241737
-0.119584
-0.279394
-0.298093
-0.453357
-0.139592
-0.377727
0.113886
0.226485
0.210068
-0.410112
0.21563
0.0405997
-0.618658
0.394034
-0.659546
-0.107012
-0.0876677
-0.294572
-0.316265
-0.364157
-0.413032
-0.144025
-0.0180879
-0.182534
-0.447074
-0.319083
-0.013695
0.246805
-0.547878
-1.17795
-0.713569
-0.59453
-0.188495
-0.168609
-0.156917
-0.192038
-0.0634996
-0.239731
-0.145795
-0.163547
-0.176549
-0.162013
-0.162306
-0.192604
-0.15444
-0.179464
-0.193316
-0.142119
-0.155716
-0.157707
-0.148736
-0.155527
-0.168
-0.160323
-0.166032
-0.16709
-0.167387
-0.18407
-0.164279
-0.154478
-0.169827
-0.153909
-0.160821
-0.148022
-0.164186
-0.135094
-0.167504
-0.164223
-0.203657
-0.160056
-0.174478
-0.170942
-0.197775
-0.180966
-0.151127
-0.172715
-0.184318
-0.152998
-0.142636
-0.22051
-0.200879
-0.144225
-0.153629
-0.150185
-0.149935
-0.0873768
-0.1611
-0.120507
-0.0855171
-0.137204
-0.211166
-0.0840505
-0.119957
-0.161538
-0.1603
-0.128122
-0.100626
-0.225079
-0.191619
-0.138963
-0.161283
-0.139713
-0.16525
-0.133615
-0.162164
-0.0837749
-0.157985
-0.145906
-0.117218
-0.172483
-0.132194
-0.190525
-0.024031
-0.203078
-0.175058
-0.170304
-0.0591118
-0.1699
-0.177463
-0.213227
-0.150819
-0.145753
-0.183115
-0.112714
-0.104867
-0.116385
-0.124122
-0.174471
-0.148124
-0.168772
-0.479912
-0.145238
-0.13098
-0.144492
-0.136421
-0.160066
-0.158127
-0.168754
-0.148548
-0.131623
-0.131426
-0.26749
-0.121301
-0.12295
-0.154736
-0.177581
-0.159478
-0.161938
-0.179082
-0.140099
-0.159083
-0.10127
-0.144865
-0.173532
-0.114212
-0.147172
-0.140532
-0.131706
-0.14079
-0.174981
-0.12138
-0.137898
-0.17009
-0.120009
-0.153636
-0.163654
-0.11106
-0.139286
-0.114134
-0.141717
-0.173679
-0.236281
-0.138227
-0.152703
-0.178844
-0.125544
-0.122445
-0.139342
-0.160567
-0.204461
-0.200014
-0.123227
-0.111719
-0.164112
-0.187243
-0.0979352
-0.145917
-0.126571
-0.0458756
-0.153225
-0.120908
-0.160064
-0.0832463
-0.19781
-0.224463
-0.161643
-0.154467
-0.206081
-0.130126
-0.160359
-0.128884
-0.196933
-0.143312
-0.113267
-0.0949757
-0.099373
-0.138026
-0.155399
-0.139563
-0.123037
-0.133811
-0.128656
-0.179572
-0.182519
-0.12622
-0.131053
-0.0550218
-0.145405
-0.108023
-0.22069
-0.0438235
-0.156383
-0.169468
-0.176169
-0.174727
-0.113155
-0.141308
-0.175035
-0.165837
-0.127235
-0.435463
-0.119908
-0.144823
-0.0656143
-0.12392
-0.13525
-0.182056
-0.142905
-0.0806853
-0.154723
-0.142374
-0.166287
-0.109458
-0.187368
-0.154772
-0.122508
-0.12846
-0.173857
-0.157254
-0.156472
-0.186594
-0.120259
-0.179138
-0.141781
-0.104215
-0.0515279
-0.0865348
-0.141871
-0.169711
-0.143383
-0.162653
-0.152589
-0.143043
-0.159901
-0.0726559
-0.154814
-0.135669
-0.139549
-0.116504
-0.1021
-0.18077
-0.116544
-0.162035
-0.191904
-0.203144
-0.144633
-0.0306149
-0.186612
-0.136487
-0.145354
-0.180219
-0.163302
-0.139008
-0.103149
-0.151151
-0.150545
-0.126457
-0.164629
-0.175389
-0.129601
-0.123884
-0.15903
-0.142323
-0.136303
-0.104132
-0.129994
-0.111779
-0.12857
-0.149967
-0.132033
-0.103853
-0.149302
-0.151113
-0.128744
-0.122119
-0.126718
-0.137436
-0.126219
-0.120654
-0.132857
-0.123187
-0.201283
-0.144482
-0.125114
-0.105948
-0.138275
-0.110267
-0.120595
-0.104303
-0.142375
-0.135108
-0.131623
-0.15002
-0.09096
-0.143616
-0.125569
-0.133676
-0.146934
-0.135938
-0.10842
-0.091344
-0.101736
-0.142974
-0.13806
-0.202555
-0.140991
-0.131805
-0.150505
-0.163942
-0.160416
-0.180018
-0.138692
-0.139796
-0.11583
-0.133198
-0.25864
-0.126949
-0.070597
-0.122893
-0.13502
-0.0433655
-0.17199
-0.106696
-0.170629
-0.190897
-0.134132
-0.0171927
-0.165531
-0.100163
-0.12604
0.165826
-0.153
-0.151674
-0.112224
-0.136812
-0.234662
-0.118001
-0.0745205
-0.107618
-0.178179
-0.137467
-0.133436
-0.115308
-0.162096
-0.101359
-0.188301
-0.14394
-0.0983889
-0.14354
-0.16084
-0.0808542
-0.0802938
-0.129045
-0.117438
-0.148737
-0.110761
-0.0442698
-0.189736
-0.114874
-0.127684
-0.150962
-0.133439
-0.120681
-0.166815
-0.0838882
-0.145083
-0.132526
-0.120631
-0.164711
-0.109656
-0.103947
-0.106979
-0.149837
-0.127621
-0.0800913
-0.0507913
-0.155245
-0.134842
-0.121336
-0.105948
-0.155403
-0.0574912
-0.130112
-0.13828
-0.137276
-0.124551
-0.0892623
-0.0715742
-0.0848417
-0.102727
-0.122309
-0.139731
-0.143274
-0.197768
-0.113393
-0.0959214
-0.12887
-0.0672126
-0.135488
-0.110787
-0.0943293
-0.199145
-0.085889
-0.175531
-0.0681547
-0.118408
-0.122816
-0.148749
-0.158666
-0.158137
-0.125331
-0.105803
-0.183533
-0.131451
-0.126701
-0.128372
-0.0961411
-0.165556
-0.127842
-0.124632
-0.120125
-0.114839
-0.147096
-0.124151
-0.148338
-0.183061
-0.136434
-0.126336
-0.116687
-0.147048
-0.130854
-0.109907
-0.0985965
-0.109581
-0.127529
-0.137428
-0.167886
-0.112128
-0.0834218
-0.118345
-0.144563
-0.177624
-0.118674
-0.13422
-0.142081
-0.140138
-0.140324
-0.131996
-0.0313269
-0.080819
-0.100184
-0.111087
-0.136591
-0.135102
-0.186089
-0.0384307
-0.141232
-0.157756
-0.17873
-0.135279
-0.1612
-0.128864
-0.124536
-0.153138
-0.134841
-0.121931
-0.126511
-0.0853986
-0.13974
-0.160692
-0.123731
-0.102989
-0.100762
-0.131254
-0.124684
-0.107973
-0.127626
-0.131034
-0.131821
-0.129006
-0.133988
-0.142858
-0.0870185
-0.184629
-0.125453
-0.134538
-0.131626
-0.18814
-0.118116
-0.150288
-0.108274
-0.111604
-0.154182
-0.109426
-0.180529
-0.0742709
-0.12694
-0.152532
-0.129956
-0.131244
-0.133192
-0.117125
-0.119446
-0.093705
-0.0952039
-0.12449
-0.129349
-0.131697
-0.133234
-0.128623
-0.130634
-0.131916
-0.144834
-0.141139
-0.094589
-0.134623
-0.11468
-0.126287
-0.147092
-0.115011
-0.127011
-0.11307
-0.132051
-0.0996169
-0.12822
-0.120324
-0.128126
-0.125891
-0.13443
-0.108726
-0.113661
-0.139336
-0.113434
-0.125041
-0.0994722
-0.123453
-0.129935
-0.107334
-0.100129
-0.106874
-0.128329
-0.0947532
-0.136949
-0.115862
-0.111354
-0.134207
-0.13757
-0.133786
-0.145673
-0.125149
-0.108975
-0.096165
-0.121723
-0.1414
-0.162385
-0.0994534
-0.128789
-0.117464
-0.116094
-0.0958285
-0.0955143
-0.141852
-0.107556
-0.06926
-0.124223
-0.110304
-0.105033
-0.14605
-0.139409
-0.177143
-0.115813
-0.15978
-0.108658
-0.124407
-0.150033
-0.128781
-0.0982003
-0.120684
-0.122794
-0.0603933
-0.154729
-0.1027
-0.122452
-0.0922325
-0.128711
-0.147457
-0.0952195
-0.11825
-0.124696
-0.112772
-0.0495703
-0.132002
-0.164401
-0.109805
-0.1002
-0.0765167
-0.0545329
-0.111915
-0.0406603
-0.123714
-0.0174957
-0.121294
-0.0742148
-0.113935
-0.0112006
-0.118394
-0.149626
-0.149581
-0.174938
-4.88907e-05
-0.13749
-0.101438
-0.131073
-0.120589
-0.111011
-0.125659
-0.113182
-0.113178
-0.0990459
-0.163679
-0.134901
-0.115818
-0.0763351
-0.211105
-0.119066
-0.0836473
-0.123195
-0.127956
-0.121149
-0.112481
-0.0286781
-0.113547
-0.09882
-0.0939548
-0.0992428
-0.136443
-0.125977
-0.121051
-0.100006
-0.439196
-0.165962
-0.137522
-0.168859
-0.174414
-0.101202
-0.0989594
-0.159977
-0.149919
-0.0942286
-0.1174
-0.168581
-0.0683894
-0.117466
-0.113553
-0.112492
-0.126543
-0.113769
-0.054483
-0.130657
-0.136542
-0.097683
-0.11119
-0.10641
-0.131576
-0.155088
-0.127082
-0.0977145
-0.0768195
-0.128022
-0.114071
-0.128898
-0.146283
-0.131054
-0.120889
-0.0524881
-0.0375935
-0.123707
-0.102653
-0.0955599
-0.12454
-0.115362
-0.104587
-0.0822331
-0.0852005
-0.107787
-0.118511
-0.0554932
-0.147681
-0.107673
-0.136651
-0.125478
-0.148304
-0.11951
-0.146524
-0.145964
-0.15016
-0.137158
-0.126682
-0.11042
-0.0659348
-0.0494999
-0.122193
-0.066821
-0.182334
-0.103912
-0.118896
-0.134601
-0.138132
-0.114333
-0.108215
-0.147827
-0.0847093
-0.0797869
-0.0968701
-0.108182
-0.235504
-0.132747
-0.148442
-0.109127
-0.0916642
-0.102485
-0.126668
-0.0876025
-0.140344
-0.0982632
-0.0907014
-0.115575
-0.11666
-0.100448
-0.100527
0.216202
-0.140297
-0.116134
-0.101592
-0.0780809
-0.236829
-0.0798031
-0.128714
-0.115164
-0.0916249
-0.0988899
-0.106427
-0.130104
-0.115169
-0.166578
-0.153999
-0.0890252
-0.104689
-0.113103
-0.121279
-0.0594582
-0.0844653
-0.113549
-0.0949445
-0.0563281
-0.0406954
-0.0599149
-0.132818
-0.128756
-0.112808
-0.0966856
-0.102708
-0.17952
-0.129911
-0.102964
-0.123787
-0.0974274
-0.0823004
-0.112111
-0.0956678
-0.104988
-0.0853574
-0.138715
-0.116681
-0.0904653
-0.112168
-0.0798267
-0.119262
-0.0608461
-0.106525
-0.132274
-0.0961045
-0.107759
-0.177693
-0.106375
-0.105816
-0.106194
-0.0921385
-0.0807845
-0.104058
-0.0864514
-0.116376
-0.114739
-0.163983
-0.0908992
-0.142694
-0.126797
-0.0922174
-0.100927
-0.0802733
-0.347169
-0.114542
-0.137441
-0.0963336
-0.104246
-0.15217
-0.100132
-0.16836
-0.154878
-0.166825
-0.0856326
-0.0762576
-0.105157
-0.063196
-0.107952
-0.140047
-0.038518
-0.107206
-0.0744072
-0.115817
-0.0911664
-0.116438
-0.101588
-0.18523
-0.0944791
-0.107478
-0.150221
-0.069847
-0.129879
-0.0937957
-0.146546
-0.1131
-0.0950044
-0.0971739
-0.0685099
-0.0821739
-0.0942369
-0.127758
-0.127825
-0.0957955
-0.121399
-0.144967
-0.0714961
-0.0727641
-0.176145
-0.115433
-0.0532674
-0.133378
-0.107681
-0.141638
-0.207756
-0.10899
-0.107569
-0.0866477
-0.1093
-0.0622166
-0.123659
-0.0769362
-0.136416
-0.120022
-0.313851
-0.0837106
-0.0997845
-0.138213
-0.152541
-0.106175
-0.151398
-0.0829989
-0.0702287
-0.0687317
-0.0959357
-0.0599666
-0.12474
-0.0790141
-0.121871
0.0300261
-0.0319784
-0.108859
-0.0989177
-0.11717
-0.0912443
-0.126813
-0.135796
-0.0711196
-0.103133
-0.0817015
-0.125056
-0.14054
-0.13669
-0.145095
-0.0435235
-0.107507
-0.0395899
-0.172099
-0.0952437
-0.0804316
-0.103175
-0.0690408
-0.161646
-0.0913663
-0.131234
-0.172579
-0.0956159
-0.104956
-0.0662496
-0.118011
-0.0831588
-0.067634
-0.097718
-0.202702
-0.131108
-0.0476719
-0.105206
-0.0467292
-0.0779198
-0.0950629
-0.146785
-0.0943493
-0.0627977
-0.114941
-0.0795032
-0.130866
-0.0977027
-0.182277
-0.0967094
-0.129626
-0.0663355
-0.0232426
-0.113727
-0.0850821
-0.106447
-0.0984271
-0.17062
-0.102522
-0.0557467
-0.113458
-0.046009
-0.150317
-0.0809592
-0.14352
-0.0741825
-0.030976
-0.112119
-0.11229
-0.109668
-0.111539
-0.105411
-0.0876195
-0.0463257
-0.124485
0.108353
-0.106795
-0.0858051
-0.126544
-0.0804146
-0.0803914
-0.140328
-0.109091
-0.0743193
-0.0988601
-0.123548
-0.140365
-0.104008
-0.108884
-0.0852308
-0.130749
-0.0824993
-0.14241
-0.0472903
-0.0214733
-0.118637
-0.0678792
-0.0406611
-0.0453679
-0.155679
-0.0383973
-0.0505704
-0.0859874
-0.0216622
-0.105335
-0.0717675
-0.150809
-0.1845
-0.0328761
-0.0514378
-0.0260938
-0.0526705
-0.0791844
-0.126562
-0.105039
-0.276792
-0.0997849
-0.0827317
-0.112506
-0.0546504
-0.074394
-0.150644
-0.124873
-0.102582
-0.0490121
-0.157569
-0.083999
-0.118609
-0.090343
-0.116999
-0.0684707
-0.0659384
-0.132766
-0.0888525
-0.120337
-0.0858533
-0.12821
-0.108852
-0.0955197
-0.0656148
-0.0441684
-0.132366
-0.108123
-0.0856022
-0.081685
-0.0365745
-0.11965
-0.0662583
-0.11438
-0.0838588
-0.142395
-0.114375
-0.0617276
-0.0962802
-0.0976058
-0.119259
-0.074195
-0.099001
-0.0830672
-0.0353973
-0.130859
-0.145735
-0.151212
-0.0870779
-0.154236
-0.140986
-0.0723398
-0.172964
-0.120178
-0.169793
-0.233946
-0.0628853
-0.180984
-0.349265
-0.639944
-0.591864
-1.03703
-0.0871598
0.263466
0.123205
-0.247654
-0.231473
0.0933965
0.109848
-0.0274995
-0.317597
-0.158387
-0.275733
-0.0274837
0.177155
-0.0276546
-0.329947
0.475861
-0.552165
0.17055
0.320129
-0.307319
0.447185
0.281921
0.137197
-0.402971
-0.136086
-0.320475
0.0550637
-0.145508
0.0418518
-0.207229
0.0712617
-0.101311
0.203783
-0.0705329
-0.291258
-0.330937
-0.0593043
0.0750728
-0.0485016
-0.257508
-0.163214
-0.50183
-0.418132
0.585226
-0.0683758
-0.214031
0.330601
0.41819
0.0348152
-0.00500719
-0.215693
-0.0856697
0.129728
-0.199167
-0.0994976
0.0765013
0.239863
-0.18508
-0.417348
-0.324397
-0.547907
-0.428518
0.231267
0.448895
0.800944
0.253878
-0.258084
-1.56356
0.81351
-0.16642
-1.85588
-1.63236
0.730124
0.072255
0.131674
0.989994
0.902665
0.328888
-0.050378
-0.457469
-0.54411
-1.02618
-0.478541
1.22124
-1.04689
1.29522
0.503548
-1.02236
1.20805
-2.00597
1.67878
-1.34479
1.61271
-0.475793
-0.386794
0.190415
0.0548601
-0.457546
-0.176948
0.09381
-0.00269461
-0.140497
0.0663344
-0.205137
0.188254
-0.108267
0.0654189
0.00628646
-0.0611291
0.23135
-0.269528
0.251137
0.00926222
-0.157915
0.164541
-0.392224
0.644062
-0.758013
0.589123
-0.229811
-0.21517
0.103042
0.038434
-0.175532
-0.246579
-0.0677849
0.122215
0.105349
0.130177
0.100362
0.0370016
-0.140775
-0.0633112
0.0107898
0.0594607
0.140941
-0.177447
-0.00748581
-0.0416725
0.0484669
-0.0979288
0.149722
-0.194722
0.353393
-0.207209
-0.102584
0.0997393
-0.0884442
0.0418921
0.133639
0.0107035
0.115334
-0.0627163
0.0407039
-0.0601671
-0.061275
-0.0783245
0.0649412
0.102672
-0.104176
0.13821
-0.0381935
0.0863618
0.0685213
-0.0577228
0.116177
0.129398
0.0581701
0.0112637
-0.186679
0.0300866
0.150009
0.170264
-0.10594
0.0280689
-0.0864319
0.0667253
0.128213
-0.0756355
0.0234792
-0.0488296
0.126902
-0.061334
0.00441782
0.000401303
0.146753
0.14331
-0.15048
-0.0343844
-0.104247
0.0989616
0.341549
0.164025
0.136193
-0.000965059
-0.673229
-0.0664411
1.05638
0.650556
0.196046
-0.289533
-0.194051
0.0585219
-0.0594584
-0.00308205
-0.172179
-0.00730056
0.0984018
-0.0254699
0.168468
-0.0233261
0.111411
-0.0482901
0.00432903
0.128401
-0.0896345
0.0896055
-0.033559
0.0386528
-0.0275929
-0.477238
0.216892
0.596723
0.718914
0.437036
0.329057
0.0454994
0.0454002
0.0207704
-0.0675378
-0.0411003
-0.0532398
0.0176075
-0.117803
-0.0969703
0.162051
0.177708
0.221644
-0.0461312
0.0646661
-0.141816
-0.0852665
0.272786
-0.0127475
-0.0874549
0.00501961
-0.493393
0.117376
0.963456
1.38459
1.17527
0.448711
0.231464
0.1554
0.0761556
0.146425
0.213504
0.0387257
0.102247
0.0862986
0.0785482
-0.195713
0.0634896
0.359875
0.0824787
0.0963898
-0.297842
0.157942
0.504436
-0.33622
-0.0898013
-1.19837
-0.273862
0.596909
1.29483
0.738097
0.54908
0.247302
0.488551
0.561018
0.610353
0.7503
0.642822
0.0922593
0.0739646
-0.0395629
0.198689
0.777576
1.4277
1.00477
0.892488
0.88601
0.0725773
0.518258
0.202314
-0.764938
4.45183
-0.545321
-1.91365
-0.928023
0.540113
0.639522
0.63652
0.657427
0.366229
-0.521524
-0.749591
-0.863361
-1.17386
-0.0407348
0.735625
-0.461957
-1.61411
-2.61925
-1.539
0.0200612
4.75677
8.65169
6.33365
-14.5149
-23.5526
31.9639
19.1615
1.9882
-0.970007
-2.63608
0.09889
0.303031
-2.51242
-1.56636
-0.418007
0.241758
-2.66296
-0.706567
-0.637083
-2.47397
1.79982
-0.657374
0.652737
-3.44817
-1.28849
0.507459
-4.54678
6.15396
-14.0172
16.2273
-31.367
4.94834
18.314
10.9639
3.92203
2.15068
0.374495
1.54371
0.950686
0.384871
0.63796
1.58175
0.660971
1.49236
0.255345
0.428147
0.571673
-0.287144
-1.21815
-1.18952
-0.614303
-3.64114
-0.939209
1.46172
-9.59724
13.2894
-23.6531
-9.15077
2.27161
4.04249
7.32039
3.28085
3.18464
2.01179
-0.316492
-0.394833
-1.08516
0.886282
1.86402
1.40307
0.691161
1.2703
1.38013
2.09003
1.63665
1.81517
1.98812
-0.463168
5.08963
-8.19951
15.369
3.6143
-8.94528
-5.82569
0.138532
0.721525
-0.228623
-0.675496
-0.081065
-0.452802
-1.19732
1.25512
0.848872
2.87384
3.22206
4.5883
4.25337
4.32895
2.7229
4.2248
1.62373
0.737641
2.13788
-2.56089
-9.20057
14.9092
39.3074
-45.4581
-19.4813
-5.03043
0.135899
2.0168
1.96047
2.48556
2.99573
2.17784
1.51592
-0.744785
-0.849851
-0.966871
0.103441
-0.0733416
-1.58137
-0.743067
-0.140678
0.356085
-2.00178
-1.31763
1.53509
4.79738
13.2649
-7.46204
86.0901
6.8167
-7.58037
-6.20688
-1.05106
-2.28493
-1.68177
-2.44786
-0.0738527
-0.397219
-1.01161
-0.93101
-0.840133
0.240033
-0.0963682
0.0209948
0.26796
0.0459376
0.166217
0.0853592
0.0521276
0.0733327
0.227868
0.1789
0.187584
