0
3.53675
6.38388
2.67357
8.4387
6.78571
3.42109
-10.2299
7.0346
6.37021
1.11479
0.309154
-12.3308
6.98731
12.0961
-4.19808
-6.18388
-10.0851
-1.49062
9.45577
3.34797
-2.86841
8.39075
2.01443
2.78872
-15.0179
-6.40873
-3.58641
-3.23015
6.1915
-11.0876
-8.85468
-7.93416
-7.87785
-1.8155
-10.3886
13.2785
10.7248
3.99091
-15.2068
12.5327
-1.02504
-2.70163
-5.45222
2.8706
-7.41152
-7.3563
-10.3283
-18.7797
-1.82503
1.62811
-4.17925
-4.29334
0.428071
1.61198
-6.95438
-4.86148
7.05734
1.94751
5.32392
7.27607
1.59205
-12.5817
4.75757
5.11434
-0.876207
6.49766
-19.1884
-1.71825
7.27567
-3.55375
-3.58601
-7.19283
8.93677
2.80198
4.90997
0.340824
-5.54844
7.99898
-5.34426
15.1918
3.5988
-4.03414
1.40073
1.70386
-4.54987
5.7386
-5.28267
10.8354
-1.64013
2.09722
5.40781
-5.50899
1.28058
-9.91933
3.3884
-12.1324
-1.32086
1.09607
7.43002
4.46825
10.0223
3.11904
-1.68422
-2.21262
2.0688
12.9542
-1.78212
-9.025
-15.5565
0.264022
5.3543
0.543335
-1.73038
-0.42949
-11.2017
0.795692
-0.194949
-3.00606
0.749793
-5.28512
-1.53244
3.60347
-0.423485
-0.236437
0.778447
-3.18806
-5.67884
-1.25597
7.49585
3.38412
-1.30943
2.02531
4.99789
-2.74886
-1.36122
10.916
-5.02536
-0.493413
2.27767
-2.46532
7.00514
2.79784
1.36058
-3.12751
-10.2325
-3.28353
13.6736
10.4291
5.6844
-7.51138
2.44579
6.46442
1.62946
-0.204146
-11.8751
-1.52309
-7.99138
-4.7835
3.78237
14.0357
-5.49478
11.002
-1.84732
6.15653
-5.84956
1.17125
5.14503
-9.6389
1.51321
-5.51393
4.93345
-3.84871
0.296929
5.13993
3.11147
-11.883
4.90612
-4.26877
1.80797
2.92805
-3.87167
-3.00182
-15.7678
4.95919
3.80116
2.53511
-8.98964
-3.53532
14.2625
-5.54655
-1.01083
-2.76654
-9.5076
9.14505
0.0101774
-5.98901
-10.1823
-0.883328
-6.53465
3.97796
4.76894
2.19497
-4.8324
1.40728
1.07681
0.53977
0.584677
12.4201
10.679
12.24
6.86544
-3.29824
9.36203
7.48748
2.92012
-11.2121
15.8621
-2.98653
-4.49379
-15.7878
3.71415
-2.01355
5.61164
5.08057
10.6716
8.16409
-9.58185
-1.08869
1.71754
7.09095
16.0218
-0.685957
3.8465
-9.82425
4.39954
-5.92656
-10.273
-1.16763
7.61114
10.1027
6.47387
-7.84409
-8.45576
17.6513
0.136689
3.92201
-4.68393
-7.80274
9.10667
-0.538476
-4.53581
-10.3243
-2.75396
-6.97367
-6.4036
