-0.0518143
-0.0350765
-0.0358192
0.0145156
0.0800783
0.085085
0.153647
0.239546
0.323692
0.418095
0.457206
0.522951
0.587735
0.666332
0.739653
0.769741
0.828659
0.881315
0.936051
1.00009
1.0531
1.14811
1.28156
1.46342
1.60763
1.71306
1.88351
2.09745
2.29593
2.4956
2.66615
2.85979
3.02584
3.14334
3.22853
3.23353
3.23804
3.18235
3.12883
3.03279
2.88842
2.74534
2.59373
2.38282
2.17642
1.97439
1.79695
1.60619
1.43093
1.2906
1.07473
0.929477
0.780787
0.662456
0.536393
0.421468
0.347414
0.236659
0.148116
0.138727
0.0964559
0.0820707
0.0969507
0.0912878
0.0998587
0.103919
0.131565
0.127386
0.108068
0.0697423
0.0154477
-0.0193596
-0.0159218
-0.0747354
-0.113865
-0.217285
-0.331915
-0.424923
-0.540494
-0.672944
-0.816728
-0.893689
-1.00504
-1.04415
-1.02623
-1.0291
-1.00565
-0.954221
-0.85345
-0.736059
-0.58708
-0.432964
-0.248315
-0.076312
0.12422
0.326122
0.58598
0.845858
1.10782
1.38276
1.61124
1.90119
2.18375
2.40892
2.6582
2.88738
3.06619
3.15511
3.18778
3.16583
3.15026
3.13652
3.02781
2.94668
2.80435
2.63455
2.48175
2.2777
2.05657
1.87143
1.64934
1.42484
1.20941
0.982059
0.755448
0.53636
0.349756
0.18641
0.0675679
-0.0425495
-0.189952
-0.298971
-0.381442
-0.459006
-0.522819
-0.550644
-0.554198
-0.509632
-0.453186
-0.36283
-0.309466
-0.228722
-0.145143
-0.0426274
0.0329531
0.0574697
0.0509396
0.0448255
0.0152113
-0.0338722
-0.0788779
-0.11712
-0.188982
-0.257477
-0.326769
-0.39488
-0.469435
-0.562788
-0.662614
-0.718776
-0.750944
-0.827209
-0.879105
-0.856067
-0.860811
-0.805161
-0.777771
-0.722736
-0.63916
-0.604224
-0.479513
-0.369668
-0.279932
-0.152869
-0.0478633
0.029977
0.142779
0.224165
0.304098
0.392205
0.575134
0.72941
0.934119
1.14364
1.32975
1.54173
1.74049
1.95915
2.21957
2.48858
2.7995
3.03615
3.24488
3.39512
3.49067
3.62107
3.64177
3.56456
3.50277
3.40787
3.23911
3.06489
2.87055
2.63177
2.41062
2.24787
2.00537
1.7876
1.56764
1.31452
1.16616
0.926785
0.698303
0.500652
0.324109
0.209967
0.104568
0.0479711
0.0254925
0.0136148
0.0467481
0.0138833
0.00725277
0.0559042
0.141951
0.249618
0.375098
0.504935
0.631623
0.791772
0.938607
1.03367
1.08913
1.1545
1.17566
1.21405
1.18237
1.14071
1.0625
0.951857
0.877325
0.755776
0.598931
0.465717
0.343601
0.27129
0.219851
0.161795
0.12188
0.135323
0.170145
0.25648
0.319991
0.404006
0.53583
0.63533
0.727452
0.835062
0.915337
1.03218
1.16895
1.35298
1.54032
1.73646
1.96626
2.1975
2.43078
2.71708
2.99918
3.28892
3.60335
3.91154
4.21402
4.48796
4.70255
4.83698
4.94585
4.9772
4.92508
4.81515
4.67362
4.47005
4.27572
4.02945
3.74734
3.4744
3.17378
2.8443
2.52568
2.28358
2.03108
1.75331
1.54129
1.35771
1.15382
1.04602
0.955057
0.837053
0.772244
0.732769
0.656228
0.626658
0.606428
0.621463
0.626881
0.660593
0.748017
0.853748
1.02773
1.18449
1.30529
1.45478
1.5606
1.61814
1.63426
1.61785
1.55473
1.50964
1.39852
1.271
1.13236
0.961272
0.793655
0.63765
0.493758
0.306344
0.19117
0.0998777
0.023536
0.0214957
0.024213
0.018451
0.101878
0.167831
0.266749
0.370669
0.509894
0.643097
0.800501
0.950459
1.15299
1.4082
1.63649
1.87875
2.16362
2.45186
2.74864
3.07199
3.3845
3.6993
4.03846
4.35679
4.68646
4.9814
5.21115
5.39592
5.50092
5.50184
5.47684
5.41261
5.25072
5.04619
4.76587
4.44851
4.111
3.7579
3.4299
3.05465
2.70199
2.40721
2.1093
1.82237
1.61349
1.43043
1.27211
1.09466
0.98478
0.898399
0.845419
0.81365
0.797472
0.782361
0.781679
0.802353
0.854425
0.90807
0.989355
1.08202
1.22853
1.31401
1.40023
1.48765
1.55305
1.59061
1.63374
1.58933
1.51155
1.41133
1.24028
1.07262
0.811351
0.603185
0.406878
0.212228
0.0172348
-0.163295
-0.294476
-0.43526
-0.495979
-0.540297
-0.551291
-0.472803
-0.395876
-0.269265
-0.113307
0.0523633
0.247697
0.4611
0.683192
0.94458
1.22273
1.54477
1.85209
2.1654
2.4924
2.72838
3.06329
3.4122
3.79205
4.15458
4.51719
4.86586
5.19691
5.51168
5.70379
5.80091
5.85687
5.83839
5.78402
5.64672
5.38577
5.10297
4.79679
4.40914
4.03319
3.61534
3.19519
2.80538
2.4119
2.04409
1.65162
1.39606
1.15845
0.974996
0.800902
0.634828
0.568626
0.522776
0.494452
0.452344
0.424166
0.386614
0.397165
0.446297
0.489688
0.487533
0.572799
0.656919
0.716052
0.772727
0.772845
0.800804
0.83683
0.804939
0.757142
0.59636
0.49026
0.348012
0.200458
0.014692
-0.244844
-0.483357
-0.709337
-0.881354
-1.04643
-1.22782
-1.34019
-1.43392
-1.49776
-1.47855
-1.42406
-1.30128
-1.17057
-1.0224
-0.828602
-0.636656
-0.392688
-0.120306
0.16547
0.491565
0.810467
1.15552
1.47682
1.83317
2.1814
2.54399
2.85669
3.24753
3.64195
3.97833
4.29242
4.63275
4.94807
5.16244
5.31425
5.37177
5.39599
5.32962
5.15886
4.91348
4.59313
4.24389
3.86501
3.4599
3.00355
2.53141
2.12253
1.68102
1.26578
0.9746
0.681176
0.438521
0.249284
0.0799991
-0.070572
-0.122236
-0.16773
-0.197327
-0.130424
-0.0659494
-0.0856793
-0.0875496
-0.0842927
-0.0312363
0.0335833
0.102998
0.14471
0.192618
0.240007
0.23732
0.227325
0.183299
0.156991
0.0441329
-0.0874452
-0.227266
-0.40284
-0.608888
-0.85237
-1.05538
-1.25826
-1.4473
-1.63554
-1.79122
-1.89428
-1.90897
-1.92218
-1.90829
-1.876
-1.79258
-1.62016
-1.46691
-1.25803
-1.00679
-0.715593
-0.351882
-0.0553693
0.2563
0.597451
0.913036
1.34307
1.70104
2.04122
2.41763
2.78255
3.18861
3.5313
3.89859
4.2508
4.58706
4.98365
5.30355
5.53265
5.67547
5.76639
5.85602
5.73428
5.52349
5.27535
4.94176
4.55168
4.08035
3.58164
3.03347
2.52945
2.11875
1.65346
1.29176
1.00489
0.783491
0.643281
0.48643
0.357722
0.305967
0.264852
0.251189
0.308275
0.334604
0.376786
0.405436
0.463888
0.477928
0.491598
0.468207
0.457699
0.480856
0.455574
0.438645
0.356882
0.249343
0.113271
-0.0218007
-0.233444
-0.44753
-0.702422
-0.966624
-1.22635
-1.46554
-1.7017
-1.92291
-2.09291
-2.25677
-2.35313
-2.36076
-2.32155
-2.24344
-2.16486
-2.02861
-1.84325
-1.6508
-1.40717
-1.15648
-0.885439
-0.610557
-0.340875
-0.0323211
0.262963
0.539427
0.817535
1.1249
1.46604
1.80298
2.13836
2.47693
2.83368
3.19978
3.57907
3.95796
4.28055
4.60125
4.9399
5.20943
5.39444
5.4956
5.44901
5.34586
5.12076
4.76192
4.37905
3.88236
3.37044
2.8452
2.34645
1.82947
1.37195
0.980573
0.65189
0.419108
0.252542
0.141829
0.0697946
-0.0353516
-0.109981
-0.0921035
-0.0847314
-0.0518674
-0.0429363
-0.00343877
0.0215442
0.0455914
0.0771649
0.034445
0.0252807
-0.00670607
-0.0440702
-0.0853993
-0.162451
-0.285649
-0.433193
-0.622374
-0.844795
-1.09978
-1.39867
-1.73814
-2.08474
-2.35326
-2.56567
-2.75619
-2.88704
-2.96082
-2.97844
-2.92673
-2.80109
-2.62397
-2.40443
-2.19463
-1.93348
-1.68499
-1.41243
-1.15248
-0.910589
-0.669254
-0.439652
-0.198064
0.0779201
0.315107
0.573308
0.851343
1.10629
1.37381
1.68684
2.01462
2.32657
2.65934
2.97971
3.33018
3.71228
4.07704
4.41893
4.7188
4.99935
5.19358
5.28719
5.24112
5.09011
4.80065
4.44978
4.01366
3.53414
3.0234
2.45892
1.97415
1.48752
1.05771
0.675316
0.365967
0.144419
-0.012245
-0.108904
-0.15794
-0.209555
-0.260553
-0.255775
-0.243967
-0.250313
-0.291384
-0.322525
-0.342307
-0.355766
-0.342399
-0.406434
-0.501208
-0.553228
-0.651611
-0.769502
-0.912081
-1.07342
-1.30072
-1.57225
-1.82743
-2.1563
-2.45606
-2.75019
-2.99906
-3.15838
-3.31622
-3.38522
-3.41651
-3.38375
-3.29008
-3.12277
-2.92942
-2.71035
-2.45158
-2.20921
-1.9701
-1.71418
-1.45416
-1.19158
-0.944188
-0.732667
-0.509045
-0.26132
-0.029774
0.206769
0.488122
0.764026
1.03476
1.2896
1.56916
1.85053
2.21038
2.58163
2.97725
3.40006
3.84958
4.27344
4.63158
4.95892
5.21948
5.33979
5.34518
5.21856
4.99214
4.67049
4.23585
3.75319
3.16134
2.56464
2.00228
1.45958
1.00939
0.702412
0.382575
0.196834
0.084363
0.00154812
-0.00292274
0.0207003
0.0289156
0.00832183
0.0111137
-0.0195746
-0.0904787
-0.174796
-0.273008
-0.333392
-0.403568
-0.500052
-0.597902
-0.771266
-0.916523
-1.09185
-1.29116
-1.51334
-1.80015
-2.03111
-2.34731
-2.62629
-2.90799
-3.19445
-3.44845
-3.61548
-3.72757
-3.76379
-3.74246
-3.70798
-3.56412
-3.38558
-3.17381
-2.98002
-2.75236
-2.52527
-2.31678
-2.09388
-1.92558
-1.7242
-1.52856
-1.31747
-1.12342
-0.942149
-0.720011
-0.47845
-0.188075
0.100603
0.323384
0.599782
0.865209
1.15278
1.4818
1.81441
2.21326
2.62768
3.08525
3.54602
3.99235
4.3738
4.69881
4.92508
5.03224
4.90987
4.66133
4.32428
3.82025
3.23657
2.62417
1.98828
1.37098
0.851392
0.407615
0.0691284
-0.134787
-0.237308
-0.312435
-0.299586
-0.286673
-0.242876
-0.200119
-0.183453
-0.169276
-0.237285
-0.357407
-0.509403
-0.661206
-0.83483
-1.00355
-1.16409
-1.31654
-1.47197
-1.64371
-1.85719
-2.1119
-2.34519
-2.63304
-2.94462
-3.27299
-3.5189
-3.74976
-3.94078
-4.12143
-4.14584
-4.15216
-4.08887
-3.96567
-3.81841
-3.60417
-3.42791
-3.21976
-3.07356
-2.92757
-2.76946
-2.64199
-2.51764
-2.38787
-2.22515
-2.05197
-1.87706
-1.70467
-1.44662
-1.21335
-0.942173
-0.60832
-0.284922
0.0587499
0.414598
0.85571
1.18958
1.52591
1.89671
2.27759
2.75077
3.26966
3.79116
4.32365
4.78369
5.18738
5.44954
5.58404
5.56133
5.26666
4.8473
4.28585
3.64483
2.95379
2.24769
1.60046
1.03075
0.640166
0.458696
0.390758
0.446014
0.5674
0.752842
0.906777
1.09472
1.23577
1.2085
1.15667
1.02948
0.841987
0.672085
0.406833
0.0904385
-0.10643
-0.291763
-0.486398
-0.664639
-0.861707
-1.07452
-1.29522
-1.51454
-1.86284
-2.18678
-2.51126
-2.84234
-2.94678
-3.1255
-3.25904
-3.2957
-3.23063
-3.08677
-2.9258
-2.72213
-2.5126
-2.29593
-2.07
-1.91965
-1.77194
-1.66812
-1.54664
-1.4171
-1.3425
-1.26477
-1.13455
-0.99454
-0.824268
-0.603717
-0.364162
-0.0967155
0.227685
0.658543
1.00156
1.31971
1.65582
2.00646
2.37771
2.74754
3.12372
3.51717
4.03299
4.6751
5.26577
5.78903
6.21144
6.56256
6.81349
6.85531
6.6909
6.2866
5.69354
5.0584
4.36175
3.64919
2.99829
2.45242
2.13144
2.03313
1.99084
2.05483
2.23442
2.44918
2.67264
2.84027
2.81715
2.7157
2.60693
2.3908
2.1274
1.81067
1.47138
1.20525
0.991121
0.815725
0.675664
0.470522
0.306488
0.153051
-0.0853229
-0.362786
-0.685868
-0.993126
-1.36938
-1.69323
-1.98867
-2.19174
-2.2735
-2.259
-2.14755
-1.95584
-1.76072
-1.57779
-1.41834
-1.24089
-1.15484
-1.12593
-1.15092
-1.18617
-1.17074
-1.1761
-1.1094
-1.05944
-0.925556
-0.751437
-0.532793
-0.270032
0.0196613
0.309175
0.638198
0.944302
1.24285
1.59083
1.90667
2.24358
2.62221
2.98516
3.3581
3.78493
4.28291
4.83712
5.39205
5.98916
6.40405
6.68393
6.87669
6.83899
6.57083
6.06385
5.49847
4.80252
4.09893
3.45354
2.86781
2.42652
2.19037
2.08891
2.14909
2.2666
2.44692
2.66554
2.84372
2.89541
2.87233
2.68956
2.39271
2.06782
1.69581
1.3539
0.98454
0.683197
0.461649
0.287108
0.0730558
-0.157542
-0.376983
-0.656662
-0.896664
-1.2043
-1.61247
-2.01589
-2.33613
-2.57727
-2.80071
-2.91309
-2.95783
-2.84123
-2.66278
-2.47631
-2.27769
-2.14513
-2.05069
-2.04845
-2.02834
-2.04848
-2.08661
-2.0757
-2.05658
-1.95188
-1.85348
-1.73647
-1.58419
-1.35191
-1.13702
-0.967481
-0.777387
-0.583391
-0.350287
-0.107473
0.162047
0.478816
0.840637
1.2619
1.72808
2.21445
2.6662
3.16758
3.66338
4.17949
4.67884
5.10473
5.50319
5.72705
5.88654
5.9006
5.73411
5.37141
4.92845
4.41039
3.81067
3.2089
2.65751
2.22828
1.98558
1.86794
1.82252
1.87319
2.00375
2.22912
2.39609
2.46595
2.43495
2.29539
2.11623
1.82089
1.46466
1.07461
0.666327
0.328539
0.0528184
-0.224229
-0.447244
-0.660925
-0.900996
-1.11817
-1.38301
-1.70259
-2.05756
-2.34163
-2.58032
-2.80535
-2.97423
-3.05593
-3.05332
-2.97403
-2.77331
-2.59804
-2.46587
-2.35465
-2.29195
-2.2625
-2.32619
-2.42959
-2.45873
-2.47907
-2.44766
-2.3213
-2.17617
-2.0151
-1.8038
-1.54601
-1.31103
-1.14087
-0.931034
-0.71911
-0.442133
-0.170767
0.125581
0.519992
0.935478
1.41619
1.88016
2.34103
2.80797
3.24621
3.68362
4.10344
4.43066
4.82821
5.25309
5.60035
5.8927
5.97391
5.96491
5.82389
5.52436
5.10289
4.55213
3.96812
3.45253
2.99588
2.64297
2.39161
2.31182
2.35646
2.47397
2.67468
2.84533
2.96158
2.98134
2.89706
2.71347
2.39272
2.00936
1.59606
1.19489
0.815612
0.509913
0.202764
-0.0107973
-0.183442
-0.38999
-0.608618
-0.922087
-1.25497
-1.59445
-1.98079
-2.35313
-2.60611
-2.80904
-2.90511
-2.85468
-2.77924
-2.65508
-2.44608
-2.26419
-2.12049
-2.02965
-2.07589
-2.18621
-2.31076
-2.42842
-2.47233
-2.44709
-2.39198
-2.23985
-1.99184
-1.71614
-1.4416
-1.19237
-0.985687
-0.805046
-0.630104
-0.463327
-0.264308
0.0332147
0.36339
0.813351
1.3142
1.80051
2.30083
2.77823
3.2456
3.65485
4.01346
4.31763
4.60456
4.9484
5.27803
5.60618
5.82594
5.86928
5.89805
5.78544
5.50562
5.06763
4.53463
4.00176
3.51998
3.08583
2.69476
2.46295
2.47299
2.59094
2.75827
2.92287
3.05119
3.1826
3.16381
2.97425
2.70874
2.30368
1.86145
1.4279
0.987451
0.534968
0.17793
-0.0345074
-0.250438
-0.398869
-0.584638
-0.826008
-1.04397
-1.35482
-1.70224
-2.0948
-2.47895
-2.73018
-2.82436
-2.85119
-2.83527
-2.71727
-2.51714
-2.34466
-2.18092
-2.10135
-2.10911
-2.12387
-2.16645
-2.2723
-2.38879
-2.43684
-2.39699
-2.27474
-2.08099
-1.8714
-1.68301
-1.44523
-1.25877
-1.04913
-0.922667
-0.802815
-0.548833
-0.279599
0.0549787
0.418696
0.85752
1.38024
1.87349
2.36554
2.76875
3.11739
3.47255
3.75245
4.0175
4.27515
4.63607
5.00381
5.41885
5.77094
5.9488
5.97598
5.8658
5.61287
5.16085
4.63161
4.04029
3.50382
3.03774
2.73667
2.5997
2.65267
2.83109
3.08872
3.3685
3.48176
3.45421
3.36422
3.06978
2.67365
2.22637
1.75311
1.3382
0.980553
0.675571
0.433538
0.250582
0.169986
0.0124219
-0.187837
-0.496913
-0.899209
-1.3059
-1.76229
-2.17193
-2.51653
-2.7116
-2.72881
-2.62843
-2.45681
-2.2754
-2.07594
-1.88347
-1.7655
-1.73303
-1.82061
-1.96076
-2.11466
-2.19836
-2.23713
-2.21949
-2.04154
-1.78569
-1.45294
-1.14398
-0.874727
-0.640843
-0.464902
-0.331333
-0.211965
-0.0852386
0.103593
0.427313
0.859956
1.34284
1.88152
2.42191
2.92082
3.3729
3.73107
4.01994
4.29682
4.588
4.85327
5.15331
5.53545
6.00643
6.53143
7.00801
7.35886
7.44892
7.3326
7.01991
6.52453
5.92024
5.26349
4.6962
4.25993
3.99079
3.93259
4.02055
4.2385
4.55246
4.85051
4.95053
4.8941
4.69472
4.35105
3.93577
3.4177
2.91587
2.48823
2.11264
1.81953
1.63496
1.44009
1.27938
1.0888
0.782733
0.395377
-0.058499
-0.531092
-0.972365
-1.36025
-1.69529
-1.87959
-1.84937
-1.72522
-1.52335
-1.33263
-1.21045
-1.14265
-1.15785
-1.26031
-1.44121
-1.65044
-1.79876
-1.83106
-1.83786
-1.77108
-1.51285
-1.25194
-0.983101
-0.729949
-0.524692
-0.408287
-0.341894
-0.297244
-0.219902
-0.0621059
0.164306
0.543304
0.994365
1.53397
2.10258
2.6117
3.06145
3.40145
3.68016
3.87253
4.01373
4.20058
4.40782
4.70458
5.07633
5.58788
6.21701
6.81847
7.28221
7.45072
7.40489
7.13888
6.6185
6.01191
5.33837
4.72286
4.27407
3.9451
3.82834
3.92484
4.15305
4.42763
4.68714
4.81232
4.74158
4.5249
4.14134
3.69926
3.22887
2.74153
2.34477
2.06749
1.7932
1.64478
1.48724
1.27526
1.0607
0.695808
0.244186
-0.248888
-0.703888
-1.15212
-1.56137
-1.85014
-1.98697
-1.93223
-1.88303
-1.81408
-1.73631
-1.67566
-1.6424
-1.67779
-1.77589
-1.92892
-2.01624
-2.0589
-2.03942
-1.94249
-1.74466
-1.55711
-1.33438
-1.1251
-1.0601
-1.02848
-1.03136
-1.02213
-1.01754
-0.985431
-0.740992
-0.37672
0.128059
0.737321
1.29755
1.85557
2.31815
2.67044
2.89823
3.02228
3.16633
3.32549
3.54145
3.7965
4.14027
4.62775
5.21891
5.88115
6.45965
6.87544
7.12596
6.96453
6.59746
6.00787
5.3217
4.67921
4.12866
3.75864
3.59164
3.59856
3.76754
4.03721
4.25979
4.3968
4.38711
4.20521
3.95407
3.5787
3.14732
2.71387
2.28023
1.92771
1.69429
1.45785
1.19607
0.976939
0.659912
0.265694
-0.144294
-0.586288
-1.01933
-1.37589
-1.67081
-1.88881
-2.06123
-2.16037
-2.23873
-2.20831
-2.20866
-2.21558
-2.23948
-2.28678
-2.39158
-2.48571
-2.50814
-2.54247
-2.4985
-2.41253
-2.29676
-2.1498
-2.01565
-1.85085
-1.72847
-1.65007
-1.59474
-1.4806
-1.33519
-1.18721
-0.904188
-0.583215
-0.184389
0.32953
0.874075
1.37772
1.85379
2.19475
2.42398
2.65334
2.82948
3.05917
3.28131
3.59243
3.98475
4.41928
4.9453
5.4621
6.00319
6.48932
6.94253
7.21381
7.13146
6.91044
6.56
6.19031
5.67572
5.20726
4.79436
4.56151
4.46316
4.38498
4.40118
4.45744
4.5479
4.60508
4.55528
4.37846
4.13496
3.8887
3.56827
3.25669
2.86791
2.46373
2.15539
1.84272
1.41364
1.03674
0.686581
0.347051
0.0310512
-0.256909
-0.598452
-0.917536
-1.11351
-1.28625
-1.41034
-1.60564
-1.69174
-1.72847
-1.78832
-1.87653
-1.98373
-2.06416
-2.12794
-2.08483
-2.0335
-2.0438
-1.97955
-1.86125
-1.70561
-1.61815
-1.52289
-1.46368
-1.38358
-1.28588
-1.21164
-1.15914
-1.04526
-0.800719
-0.457586
-0.0849208
0.338655
0.815014
1.31294
1.77521
2.18087
2.44736
2.65904
2.84944
3.04895
3.28303
3.52409
3.79762
4.15917
4.57866
5.00996
5.43519
5.78322
6.18712
6.57995
6.73145
6.7136
6.53645
6.31037
5.96793
5.57489
5.1613
4.7805
4.53712
4.39708
4.29811
4.24266
4.28195
4.33007
4.37953
4.33444
4.18063
3.98765
3.68427
3.34055
2.96544
2.61285
2.22853
1.89068
1.55201
1.21741
0.886439
0.572528
0.228251
-0.089107
-0.346644
-0.716087
-0.997621
-1.22719
-1.46267
-1.64708
-1.74989
-1.81138
-1.84475
-1.911
-1.97033
-1.99446
-2.01069
-2.05832
-2.07323
-2.10365
-2.10516
-2.08907
-2.03625
-2.004
-1.90968
-1.72882
-1.62251
-1.47766
-1.3251
-1.21108
-1.0767
-0.909792
-0.656474
-0.420015
-0.119307
0.240987
0.667361
1.11795
1.56984
1.91722
2.25257
2.50565
2.74936
2.95719
3.13266
3.34795
3.59331
3.9173
4.30202
4.73904
5.1313
5.6058
6.02029
6.39587
6.54037
6.54749
6.41842
6.18558
5.86033
5.47259
5.12635
4.79427
4.59028
4.45496
4.34138
4.29346
4.30933
4.28815
4.20378
4.03006
3.86077
3.63085
3.38995
3.08098
2.77533
2.47242
2.09613
1.75548
1.39963
0.999747
0.6456
0.286414
-0.0658407
-0.321025
-0.598698
-0.863578
-1.09838
-1.28223
-1.49076
-1.70206
-1.82318
-1.95544
-2.02599
-2.13918
-2.22791
-2.26499
-2.23064
-2.17151
-2.12503
-2.08301
-2.09333
-2.05142
-2.04201
-2.00344
-1.88644
-1.78513
-1.65523
-1.5078
-1.31655
-1.15628
-1.01059
-0.805769
-0.597378
-0.356147
-0.122138
0.142471
0.505603
0.937355
1.38105
1.79118
2.14663
2.4527
2.71979
2.94573
3.13806
3.37201
3.64274
3.93455
4.2741
4.65472
5.08559
5.46857
5.88967
6.18643
6.41954
6.49875
6.46871
6.36253
6.14439
5.87612
5.55823
5.22496
4.98359
4.79317
4.60439
4.46996
4.43442
4.43933
4.39537
4.32698
4.19135
4.04518
3.84197
3.58048
3.27456
2.96166
2.57992
2.22725
1.88257
1.50248
1.16263
0.843497
0.504698
0.234596
-0.0254264
-0.317666
-0.591533
-0.891011
-1.14042
-1.36358
-1.58347
-1.76522
-1.88508
-1.95662
-2.05135
-2.09232
-2.08023
-2.07885
-2.04061
-2.04578
-2.08598
-2.08221
-2.06996
-2.03913
-1.96908
-1.85889
-1.74214
-1.57772
-1.48868
-1.39257
-1.31904
-1.20532
-1.02211
-0.831479
-0.623707
-0.364937
-0.0142647
0.35641
0.790503
1.17904
1.54437
1.85806
2.1275
2.32451
2.46839
2.6199
2.84576
3.13948
3.50046
3.91042
4.35032
4.79427
5.12733
5.475
5.77594
5.98101
6.10878
6.10768
6.03559
5.86031
5.57508
5.20187
4.86642
4.58399
4.35916
4.16044
4.07772
4.00628
4.02998
4.05238
4.0258
3.94663
3.80633
3.55303
3.25481
2.87631
2.49021
2.15814
1.85857
1.5816
1.27929
1.02346
0.695104
0.391974
0.0747037
-0.254863
-0.602585
-0.905072
-1.19482
-1.39618
-1.55799
-1.77861
-1.93169
-2.09097
-2.2041
-2.31006
-2.36861
-2.41523
-2.4366
-2.35263
-2.3455
-2.2871
-2.24793
-2.14794
-2.0075
-1.86671
-1.7944
-1.76191
-1.67954
-1.63509
-1.54096
-1.42027
-1.32089
-1.16409
-0.972104
-0.756282
-0.540715
-0.250511
0.0961042
0.497662
0.928062
1.33957
1.74196
2.11346
2.40104
2.56631
2.7292
2.85053
3.03694
3.31918
3.65713
4.03962
4.392
4.78312
5.10026
5.43895
5.72088
5.96161
6.04867
5.91691
5.79621
5.57248
5.32743
5.02933
4.74287
4.51337
4.35034
4.22154
4.07036
3.99115
3.91564
3.86616
3.75949
3.59414
3.45897
3.27046
3.07382
2.81777
2.52068
2.11041
1.7575
1.38738
1.01868
0.650949
0.384942
0.0848485
-0.123257
-0.340171
-0.566824
-0.775344
-1.05747
-1.33026
-1.56275
-1.77368
-2.03825
-2.16542
-2.19431
-2.23658
-2.20415
-2.1903
-2.16822
-2.17559
-2.12079
-2.07205
-1.99582
-1.90174
-1.81386
-1.66532
-1.55587
-1.44311
-1.33821
-1.21143
-1.10017
-1.01878
-0.879621
-0.776609
-0.588376
-0.357086
-0.103732
0.236161
0.576764
0.977942
1.38301
1.75823
2.02947
2.29869
2.48274
2.67249
2.8468
3.03188
3.2605
3.55769
3.97478
4.33655
4.71944
5.04616
5.32166
5.60316
5.7844
5.97496
6.09225
6.17934
6.14001
6.07695
5.87519
5.59394
5.25452
4.89851
4.61085
4.41444
4.28529
4.23288
4.26533
4.27355
4.19927
4.12424
3.90834
3.68817
3.46381
3.16841
2.83825
2.50882
2.14467
1.79523
1.52008
1.19855
0.865883
0.556197
0.227844
-0.0628967
-0.31287
-0.595774
-0.798298
-1.00314
-1.17439
-1.30779
-1.47731
-1.65319
-1.82491
-1.9272
-2.0736
-2.16681
-2.17162
-2.14422
-2.10864
-2.01967
-1.90289
-1.8256
-1.73316
-1.62114
-1.52985
-1.45342
-1.4144
-1.34
-1.32272
-1.23279
-1.09103
-0.940279
-0.784749
-0.639831
-0.406483
-0.200578
0.0919439
0.441522
0.765545
1.15324
1.51593
1.79934
2.01265
2.18087
2.34358
2.48574
2.64719
2.93876
3.27256
3.62673
4.01832
4.40594
4.70483
4.9505
5.33432
5.6223
5.88844
5.9981
6.02869
5.86122
5.57499
5.22389
4.80074
4.39404
4.13322
3.96918
3.85087
3.74737
3.68947
3.66859
3.58638
3.44983
3.29099
3.01354
2.80672
2.61335
2.35473
2.09764
1.79361
1.44377
1.06825
0.681429
0.284221
-0.0557848
-0.393213
-0.63212
-0.877112
-1.0946
-1.32042
-1.50246
-1.68401
-1.91168
-2.09661
-2.32554
-2.49107
-2.52376
-2.56756
-2.57297
-2.54259
-2.46004
-2.43036
-2.41152
-2.35411
-2.36262
-2.31015
-2.24398
-2.13617
-2.03544
-1.97388
-1.88552
-1.78672
-1.70326
-1.65589
-1.61155
-1.48456
-1.30337
-1.10494
-0.87204
-0.643599
-0.356576
0.0146057
0.375858
0.713597
0.987558
1.21175
1.39147
1.51009
1.6154
1.79976
2.04207
2.27154
2.58527
2.92071
3.26928
3.58134
3.86108
4.09521
4.41589
4.71821
4.94072
5.16253
5.23889
5.26114
5.07623
4.80887
4.37639
3.93632
3.58465
3.36127
3.2426
3.17386
3.18697
3.18924
3.12615
3.04146
2.85643
2.63695
2.4346
2.22549
2.06307
1.85078
1.61092
1.31595
0.948716
0.523621
0.0791645
-0.299652
-0.585549
-0.793598
-0.933432
-1.06201
-1.19713
-1.37153
-1.56561
-1.8098
-1.99339
-2.13012
-2.2255
-2.25259
-2.23263
-2.17292
-2.11782
-2.0521
-1.9886
-1.98078
-1.99252
-2.02669
-2.02329
-1.98745
-1.84575
-1.67987
-1.5912
-1.45574
-1.39233
-1.34309
-1.32952
-1.25154
-1.10165
-0.932654
-0.659636
-0.444323
-0.207986
0.0262711
0.271247
0.52477
0.805106
1.12013
1.43617
1.72322
2.02178
2.2078
2.34558
2.464
2.60347
2.79585
3.05162
3.36789
3.75445
4.09158
4.40439
4.70216
4.96108
5.20667
5.54421
5.74974
5.73619
5.68625
5.45423
5.26982
4.96638
4.60152
4.28346
4.06292
3.95079
3.86219
3.80895
3.6879
3.60093
3.58819
3.43854
3.28887
3.13845
2.9898
2.81537
2.63813
2.38783
2.08866
1.72529
1.35365
0.972319
0.602281
0.246342
-0.0430749
-0.277669
-0.456644
-0.59289
-0.781078
-0.943075
-1.13553
-1.24448
-1.43017
-1.5583
-1.61038
-1.62711
-1.61582
-1.59034
-1.55349
-1.58086
-1.57085
-1.58416
-1.64191
-1.66284
-1.62968
-1.48267
-1.37656
-1.27706
-1.16048
-1.14374
-1.1017
-1.13505
-1.1091
-1.08916
-1.00146
-0.795936
-0.566215
-0.316099
-0.0807239
0.174938
0.415269
0.630199
0.872601
1.12566
1.38945
1.67519
1.92106
2.12947
2.28916
2.44996
2.60264
2.83902
3.13043
3.46623
3.78966
4.15917
4.37154
4.62725
4.8583
5.11271
5.3812
5.58218
5.60849
5.60856
5.3928
5.0637
4.71906
4.38121
4.04884
3.80426
3.77214
3.6848
3.61125
3.50311
3.38389
3.29093
3.11805
2.95175
2.84831
2.72933
2.6144
2.41338
2.1893
1.83553
1.47947
1.15009
0.748238
0.419312
0.204468
-0.00522234
-0.127962
-0.30303
-0.505657
-0.672932
-0.870723
-1.0292
-1.18918
-1.2847
-1.39664
-1.39434
-1.335
-1.36009
-1.31806
-1.3644
-1.38908
-1.40643
-1.41817
-1.37568
-1.33802
-1.20002
-1.08664
-1.00705
-0.98393
-0.948566
-0.872119
-0.792608
-0.724715
-0.646847
-0.527521
-0.400896
-0.230227
-0.0774382
0.0525666
0.230398
0.360116
0.537217
0.811304
1.11147
1.42686
1.73018
1.96622
2.1578
2.32475
2.4541
2.55708
2.72483
2.97064
3.27307
3.62325
3.9251
4.27907
4.5637
4.86077
5.10111
5.3479
5.62722
5.79965
5.95192
5.91993
5.85514
5.63829
5.31706
4.96466
4.662
4.43439
4.27003
4.16692
4.08067
3.94176
3.81194
3.68091
3.6163
3.53157
3.46577
3.36193
3.22479
3.05947
2.78075
2.47871
2.11654
1.68801
1.37771
1.12167
0.86802
0.670532
0.459251
0.306826
0.148685
-0.0286361
-0.138415
-0.274369
-0.346251
-0.401914
-0.442016
-0.476048
-0.561299
-0.575334
-0.626255
-0.646561
-0.667759
-0.654456
-0.615975
-0.558081
-0.508992
-0.440442
-0.386512
-0.374608
-0.300079
-0.283406
-0.226093
-0.190008
-0.102623
0.00176684
0.0857789
0.165618
0.234166
0.305926
0.381005
0.506752
0.641871
0.771525
0.930803
1.11985
1.38363
1.64923
1.92647
2.14666
2.36274
2.59078
2.79409
2.99307
3.21512
3.42947
3.67278
3.98596
4.20203
4.45727
4.65291
4.89047
5.10897
5.26715
5.49478
5.68535
5.92302
6.02575
6.05693
5.94373
5.69044
5.46442
5.23527
5.07665
4.91122
4.81825
4.67328
4.49226
4.30005
4.11072
3.93425
3.84154
3.77289
3.70134
3.61057
3.44939
3.26006
3.03851
2.73326
2.44098
2.13337
1.84403
1.57564
1.32329
1.06096
0.81059
0.518455
0.277151
0.0300333
-0.173948
-0.256651
-0.312177
-0.286095
-0.323182
-0.334784
-0.422961
-0.503578
-0.545278
-0.608075
-0.571088
-0.541627
-0.489244
-0.531694
-0.598259
-0.637851
-0.67365
-0.664486
-0.64648
-0.591097
-0.512045
-0.429054
-0.392251
-0.338687
-0.29784
-0.345894
-0.32203
-0.313482
-0.244676
-0.103661
0.0531332
0.22328
0.359764
0.559292
0.749915
1.01497
1.23684
1.5068
1.72055
1.87021
2.02437
2.17746
2.32281
2.47516
2.67606
2.91945
3.20478
3.43921
3.71261
3.97066
4.11832
4.35078
4.61089
4.84222
4.99967
5.15568
5.11486
4.87062
4.66117
4.42188
4.18684
3.99265
3.82133
3.64221
3.45276
3.24848
3.06539
2.87776
2.76918
2.72911
2.70992
2.69845
2.62457
2.45494
2.26719
1.97491
1.6658
1.34906
1.03738
0.758455
0.555541
0.298175
0.0930338
-0.197144
-0.476485
-0.702065
-0.841915
-0.860909
-0.905147
-0.917165
-0.941062
-1.00981
-1.1271
-1.25466
-1.32897
-1.37627
-1.36362
-1.33248
-1.30058
-1.23972
-1.23154
-1.25456
-1.30162
-1.30205
-1.29366
-1.26609
-1.19804
-1.15164
-1.0863
-1.06716
-1.04949
-1.06719
-1.02546
-0.971404
-0.796408
-0.649843
-0.52655
-0.386924
-0.273302
-0.155358
-0.0739986
0.0576878
0.252672
0.563637
0.929634
1.18849
1.39429
1.5506
1.6975
1.88788
2.09422
2.36473
2.71472
3.0635
3.44106
3.71351
3.96992
4.14481
4.33275
4.67279
4.96675
5.27709
5.45301
5.5557
5.4524
5.22971
4.98323
4.75356
4.59135
4.56515
4.50377
4.40682
4.23658
4.04551
3.81214
3.60212
3.5142
3.48348
3.48427
3.44686
3.35569
3.13069
2.899
2.5584
2.25556
1.97511
1.76894
1.64555
1.45801
1.21145
0.910897
0.584964
0.276856
0.129006
0.116084
0.0464861
-0.0065778
-0.007366
-0.0778887
-0.128621
-0.19162
-0.304325
-0.345602
-0.330662
-0.298057
-0.268822
-0.260195
-0.337601
-0.398967
-0.393931
-0.472724
-0.447526
-0.386411
-0.350636
-0.217733
-0.157276
-0.162554
-0.144003
-0.0748543
0.0101201
0.0844186
0.164516
0.247016
0.325121
0.414012
0.458246
0.482847
0.540561
0.622247
0.828475
1.00435
1.20622
1.44535
1.73828
2.04435
2.28024
2.49222
2.70387
2.98085
3.32209
3.58196
3.84578
4.10802
4.36941
4.72579
4.97311
5.14262
5.36278
5.59336
5.86735
6.12781
6.30847
6.42218
6.38177
6.28657
6.10192
5.97269
5.80578
5.61601
5.48568
5.30624
5.14118
4.99006
4.80223
4.65343
4.49942
4.42735
4.35123
4.23497
4.12749
3.90587
3.68181
3.43513
3.16955
2.93044
2.69395
2.48168
2.30767
2.06893
1.76268
1.5031
1.28725
1.09786
0.982535
0.881934
0.779595
0.694896
0.608218
0.538073
0.439777
0.400942
0.355207
0.356263
0.362679
0.309328
0.291391
0.230376
0.210527
0.125507
0.0619928
-0.000196729
0.019819
0.0684825
0.0985416
0.135728
0.119296
0.107146
0.113201
0.127019
0.207927
0.283523
0.356947
0.407722
0.432177
0.438251
0.457276
0.537218
0.602592
0.777258
0.963987
1.10109
1.21932
1.38153
1.6089
1.82988
2.06895
2.29976
2.51293
2.72516
2.87186
3.07961
3.31455
3.57641
3.86275
4.03517
4.26466
4.48344
4.62689
4.82689
5.00188
5.30537
5.52824
5.72777
5.73517
5.79231
5.65814
5.47051
5.31844
5.13955
5.01486
4.90977
4.76916
4.49828
4.30042
4.01817
3.79999
3.62739
3.52063
3.41835
3.27634
3.14522
2.92753
2.69922
2.48301
2.27275
2.07217
1.90153
1.72123
1.52645
1.27379
1.01744
0.77257
0.552675
0.353732
0.246688
0.162385
0.0371782
-0.0788819
-0.201521
-0.334882
-0.378786
-0.355796
-0.380295
-0.36143
-0.356712
-0.340238
-0.378556
-0.420126
-0.414094
-0.381182
-0.326033
-0.2946
-0.270456
-0.253863
-0.24928
-0.239607
-0.22992
-0.23201
-0.220629
-0.187712
-0.218197
-0.201682
-0.120883
-0.0703897
0.00455393
0.0689012
0.14959
0.264716
0.384492
0.523395
0.643949
0.810165
0.982953
1.15923
1.38548
1.66675
1.98407
2.1797
2.35905
2.56978
2.76563
2.99517
3.25563
3.56266
3.80384
4.03024
4.22831
4.38455
4.58458
4.73851
4.99396
5.19066
5.36417
5.58262
5.57606
5.47333
5.30249
5.19732
5.00728
4.82504
4.74089
4.56011
4.40839
4.1757
3.92872
3.72696
3.56575
3.42558
3.29804
3.18515
3.03454
2.88307
2.60829
2.35019
2.1028
1.92781
1.74056
1.54958
1.35667
1.08582
0.875142
0.609632
0.363526
0.150168
-0.00129163
-0.165425
-0.264985
-0.326442
-0.398663
-0.444228
-0.523343
-0.549599
-0.547656
-0.499744
-0.491798
-0.486036
-0.477163
-0.515234
-0.531145
-0.561312
-0.58839
-0.616127
-0.621694
-0.638043
-0.693227
-0.686157
-0.72209
-0.705135
-0.734415
-0.700863
-0.599257
-0.488628
-0.425951
-0.372933
-0.344879
-0.299462
-0.208126
-0.0971483
-0.0012169
0.0786148
0.195028
0.326459
0.426598
0.586669
0.724144
0.913451
1.15036
1.42824
1.68368
1.88863
2.02557
2.1629
2.31563
2.56382
2.82036
3.06092
3.29728
3.52167
3.62149
3.7462
3.90634
4.12372
4.37068
4.63621
4.88626
4.93729
5.02667
4.90755
4.75169
4.61665
4.61235
4.54738
4.40331
4.19213
3.94585
3.67536
3.369
3.12136
2.92586
2.79277
2.66938
2.54838
2.37722
2.21981
2.08443
1.87246
1.71926
1.55697
1.42677
1.29034
1.1035
0.865889
0.617331
0.369953
0.176989
0.0329519
-0.116893
-0.237666
-0.390245
-0.516814
-0.66493
-0.783281
-0.832682
-0.908672
-0.917487
-0.935526
-0.910767
-0.939741
-0.951394
-0.969062
-0.988105
-0.973828
-0.978433
-0.975295
-0.976959
-0.975805
-0.952738
-0.978945
-1.01398
-1.01533
-1.00903
-1.00031
-0.934199
-0.881908
-0.850337
-0.804473
-0.781585
-0.774068
-0.713971
-0.652468
-0.552292
-0.475416
-0.378614
-0.33177
-0.193381
-0.126079
-0.0126014
0.182503
0.400456
0.656529
0.908289
1.08823
1.24492
1.424
1.55733
1.75659
2.00506
2.21099
2.37097
2.63468
2.83627
3.0462
3.22341
3.38888
3.6681
3.867
4.03055
4.14676
4.31907
4.37543
4.29854
4.22309
4.07937
4.00489
3.9851
3.863
3.64173
3.45332
3.26215
3.11043
2.89185
2.71389
2.57665
2.4475
2.32409
2.14549
1.99555
1.78841
1.5972
1.52415
1.3183
1.17405
0.989872
0.793713
0.673628
0.51676
0.306235
0.0952385
-0.0600648
-0.181437
-0.316475
-0.478595
-0.610415
-0.704134
-0.737221
-0.768343
-0.843042
-0.859708
-0.865385
-0.845411
-0.880299
-0.933259
-0.94158
-0.943234
-0.900118
-0.888283
-0.898027
-0.881798
-0.940308
-0.92388
-0.95955
-0.956228
-0.953615
-0.888138
-0.834183
-0.79005
-0.766578
-0.767372
-0.728019
-0.712245
-0.592448
-0.474304
-0.363149
-0.291219
-0.176924
-0.129693
-0.0477655
0.124779
0.243802
0.436789
0.672259
0.884537
1.06356
1.24828
1.38052
1.53368
1.74479
1.99204
2.22104
2.42865
2.64211
2.85348
3.05857
3.2218
3.39278
3.56934
3.735
3.97989
4.11814
4.203
4.27422
4.44855
4.55018
4.47077
4.38175
4.22995
4.17413
4.05276
3.92414
3.69981
3.45822
3.25109
3.07364
2.81317
2.55521
2.35352
2.17821
2.00955
1.82171
1.59651
1.35509
1.13519
0.955411
0.80292
0.63346
0.432433
0.265224
0.0744611
-0.112609
-0.353487
-0.512382
-0.633273
-0.726193
-0.814418
-1.01943
-1.13454
-1.23656
-1.28675
-1.36461
-1.42052
-1.45179
-1.4911
-1.46231
-1.50644
-1.5868
-1.6477
-1.6376
-1.59244
-1.5818
-1.59397
-1.60265
-1.58561
-1.59746
-1.54146
-1.51217
-1.47727
-1.39104
-1.37688
-1.28397
-1.28902
-1.22455
-1.15815
-1.06593
-0.990275
-0.913702
-0.816035
-0.780121
-0.678407
-0.575704
-0.507211
-0.370127
-0.25532
-0.147339
-0.00154107
0.182215
0.385289
0.596473
0.771985
0.953632
1.16229
1.33988
1.55832
1.76897
1.98656
2.09352
2.3456
2.54486
2.73201
2.90662
3.04542
3.18944
3.32654
3.46304
3.54447
3.6801
3.80339
3.79263
3.73202
3.63205
3.54593
3.45776
3.36795
3.18697
3.08133
2.88361
2.66377
2.45146
2.24681
2.03916
1.79714
1.63376
1.42457
1.27092
1.07633
0.83865
0.676556
0.515558
0.346113
0.152342
-0.0555355
-0.25911
-0.367817
-0.551346
-0.738665
-0.926336
-1.02239
-1.11114
-1.21832
-1.33247
-1.47634
-1.53088
-1.63371
-1.70897
-1.75048
-1.83346
-1.8173
-1.82664
-1.84596
-1.89387
-1.92133
-1.86572
-1.88082
-1.8246
-1.76345
-1.7369
-1.71185
-1.67072
-1.62111
-1.54321
-1.51012
-1.42515
-1.33197
-1.29742
-1.25053
-1.16986
-1.11502
-1.0367
-0.936131
-0.862341
-0.819153
-0.757274
-0.692675
-0.597717
-0.495971
-0.398323
-0.25132
-0.108524
0.0716354
0.298235
0.488219
0.647441
0.825739
0.972372
1.12946
1.2975
1.49716
1.6948
1.84362
2.00344
2.1534
2.33318
2.45736
2.65723
2.86081
2.94108
3.08047
3.16297
3.27364
3.3268
3.39092
3.43494
3.43358
3.49972
3.41649
3.30557
3.14141
3.04306
2.93683
2.81026
2.65546
2.50145
2.3714
2.13886
1.90811
1.66565
1.45889
1.28786
1.12469
0.946801
0.691874
0.502693
0.300734
0.103366
-0.0341776
-0.126377
-0.299657
-0.438838
-0.583859
-0.76304
-0.854659
-0.969165
-1.09865
-1.1933
-1.23475
-1.31923
-1.38489
-1.43127
-1.45939
-1.51555
-1.58605
-1.61962
-1.63064
-1.62579
-1.65447
-1.67581
-1.671
-1.6536
-1.60474
-1.59021
-1.53218
-1.47944
-1.43851
-1.38196
-1.31235
-1.25424
-1.17168
-1.06432
-0.983447
-0.902381
-0.778908
-0.710909
-0.674504
-0.642658
-0.606159
-0.550551
-0.425075
-0.337512
-0.247364
-0.128201
-0.0561476
0.0492094
0.119014
0.243235
0.402758
0.559846
0.680877
0.815259
0.928952
1.05381
1.21544
1.35049
1.49751
1.66744
1.81451
1.95477
2.07799
2.22491
2.29492
2.37936
2.50243
2.63338
2.73235
2.83984
2.93015
2.95022
3.04293
3.0549
3.07807
3.07423
3.16749
3.19001
3.1966
3.17568
3.10332
3.09912
2.98863
2.89809
2.80036
2.6458
2.59294
2.42986
2.29795
2.15723
2.02466
1.92357
1.76288
1.55533
1.39156
1.20623
1.02272
0.841771
0.688044
0.464111
0.310454
0.237189
0.0928468
-0.0265466
-0.14706
-0.266689
-0.320574
-0.387412
-0.431314
-0.537325
-0.639213
-0.713871
-0.766131
-0.814928
-0.853174
-0.870731
-0.819001
-0.851984
-0.89687
-0.914584
-0.931168
-0.932136
-0.894643
-0.871457
-0.848233
-0.788166
-0.715232
-0.718853
-0.67462
-0.651985
-0.620173
-0.508594
-0.473409
-0.401867
-0.352497
-0.283966
-0.180801
-0.105324
-0.0550696
0.0286298
0.145237
0.258039
0.35567
0.458615
0.550183
0.708165
0.83844
0.935873
1.05256
1.18331
1.27705
1.40427
1.55742
1.71351
1.8801
2.07159
2.17153
2.34368
2.48761
2.62825
2.79455
2.97129
3.10371
3.24398
3.40944
3.53017
3.63419
3.76948
3.85932
4.00336
4.10412
4.15196
4.19475
4.1757
4.20964
4.22398
4.243
4.22132
4.2474
4.21364
4.13975
4.04783
3.90998
3.8434
3.6921
3.56006
3.37905
3.16354
2.95525
2.6914
2.46978
2.25538
2.01532
1.73747
1.52529
1.3
1.07614
0.847455
0.612748
0.391226
0.203428
0.0492152
-0.153239
-0.321893
-0.435055
-0.552053
-0.687784
-0.839942
-0.947468
-1.03628
-1.08312
-1.18223
-1.20503
-1.23439
-1.29781
-1.27366
-1.33869
-1.37323
-1.36941
-1.31747
-1.34683
-1.30974
-1.26742
-1.24274
-1.10742
-1.09403
-1.0366
-0.974917
-0.863355
-0.814922
-0.699658
-0.562205
-0.410803
-0.264402
-0.0749477
0.0887417
0.221356
0.415779
0.570097
0.730464
0.910977
1.09703
1.26713
1.44739
1.62664
1.78915
1.91557
2.09089
2.28538
2.45021
2.61235
2.73787
2.83592
2.97897
3.13493
3.28193
3.37246
3.52829
3.67527
3.74266
3.83219
3.86045
3.95763
4.02416
4.09221
4.13128
4.12332
4.17003
4.15755
4.15781
4.07044
3.99788
3.93855
3.88503
3.79198
3.64142
3.55946
3.3815
3.19013
2.99938
2.79441
2.58014
2.37633
2.14739
1.89259
1.6437
1.33591
1.06966
0.853822
0.662525
0.417913
0.171024
-0.0232329
-0.1692
-0.415786
-0.579477
