-0.272012
-0.619999
0.653446
-0.715151
-0.229306
-0.493899
0.802546
-0.53809
-0.560079
-0.52906
0.960103
-0.419948
-0.340863
-0.989029
0.525249
-0.888682
0.26938
-1.2977
0.108692
-1.21801
-1.32349
-1.96936
-1.22305
-2.36527
-4.80787
-14.3993
-72.3088
18.5564
7.80308
2.41857
1.50257
-1.43531
0.27431
-1.49312
0.104106
-1.62312
-1.13079
-1.7811
0.494183
-1.1089
-1.02566
-0.4719
1.88341
1.88691
2.7912
2.63555
4.04806
2.42503
2.57087
-2.20328
-10.2543
-23.9645
2.44804
28.1644
-9.03958
-6.30998
0.60304
-0.0942232
0.880116
2.47343
3.28322
2.8398
4.85253
3.82327
4.21935
3.14465
2.67439
0.578929
-0.22247
-1.56682
0.552145
-0.342384
-0.888939
0.67686
2.11012
-0.119567
-2.79105
-15.9775
-15.7961
30.1639
-14.4557
5.48671
-1.06089
0.398043
0.698441
-0.0265198
1.59475
-0.499373
-0.1761
-0.471973
1.78206
-0.404805
-2.09062
-2.75864
-0.785041
-1.72031
0.209059
-1.6766
0.330363
0.482856
-1.8271
-7.01997
-8.8294
4.26522
31.9758
-15.9852
8.30558
-2.96949
2.79308
-1.84142
2.10607
-0.54038
1.48227
-0.292696
1.28894
1.05401
1.08475
0.765404
3.03976
2.36504
1.59606
1.02261
2.31092
2.61181
1.68715
3.65492
6.31716
12.0337
10.4749
-3.19355
-31.3274
21.0056
-19.3516
12.1401
-6.80833
3.05662
-4.64036
0.127562
2.1934
-0.330536
-0.65573
-2.79967
2.35062
-1.57397
1.92539
0.718835
-0.531477
-0.270781
0.0310887
-1.86437
-1.8384
-1.20196
-2.45063
-8.15804
-14.4945
-12.7228
30.1802
12.9543
-18.3202
-7.41866
5.63451
5.41791
3.32369
-0.967737
-2.04074
-2.29333
0.218897
0.417185
-0.227651
-1.30366
0.375708
-0.414179
0.338803
1.10158
2.196
0.605081
1.76446
-0.170156
0.0273988
-0.248033
3.49071
2.43323
-3.6013
2.50403
-0.670256
0.258582
1.06642
-0.881394
-0.836
-1.50025
-0.114635
-0.503157
1.58605
-0.610594
0.918355
-0.578566
-0.47556
-0.559648
1.28052
-0.0563281
-0.0168491
-0.260833
1.14975
0.56609
1.50007
1.05221
1.26295
-1.19607
1.32586
-0.7589
1.57742
-0.0836837
-0.0624506
-0.125437
1.14662
0.0289203
-0.131886
-0.34023
1.09779
-0.116091
0.124452
-0.138
1.12685
-0.243128
1.00422
-0.202172
0.942555
-0.313908
-0.453624
-1.36553
-0.364361
-1.76054
-0.384219
0.528063
0.734951
-0.372214
0.117312
-0.398142
1.07405
-0.484415
0.970826
-0.381497
0.92283
-0.249752
0.170398
-0.279313
1.05549
-0.270528
-0.162072
-0.31944
1.01155
-0.317287
0.14227
-0.149126
1.41042
0.329874
0.285289
0.020924
0.669525
-0.732047
0.141805
-0.366261
0.928641
-0.295686
-0.315277
-0.372655
0.880795
-0.296679
0.0216612
-0.517248
0.807218
-0.439319
0.828238
-0.36046
0.840406
-0.348903
-0.0165274
-0.31637
0.715475
-0.378476
-0.845721
-1.08022
0.265905
-0.165791
0.886217
-0.114661
0.474484
-0.295931
1.06465
-0.172978
1.04596
-0.265244
0.0636989
-0.299718
1.01998
-0.141746
-0.144613
-0.259377
1.06091
-0.219009
0.144564
-0.289079
0.989758
-0.326802
1.11032
-0.260276
1.10103
-0.235942
0.123788
-0.345113
0.905299
-0.0990741
-0.215747
-0.285464
0.979202
-0.279986
0.00184982
-0.247993
0.984361
-0.255115
1.28396
-0.284714
0.989603
-0.319157
0.110897
-0.297067
0.880143
-0.246423
-0.195693
-0.320203
1.03189
-0.204346
0.052497
-0.315386
0.974883
-0.130868
1.1303
-0.633689
1.30552
-0.539043
0.243904
-0.265164
0.961062
-0.323565
-0.203457
-0.371309
1.04172
-0.356223
-0.0664309
-0.371455
0.880302
-0.330637
0.921991
-0.345256
1.05527
-0.367841
-0.02129
-0.503607
0.954145
-0.0761374
-0.0881781
-0.225071
0.846289
-0.256483
-0.136836
-0.390875
1.05259
-0.522166
1.34477
-0.343872
0.636176
0.0856833
-0.219875
-0.138884
0.950161
-0.235243
-0.181271
-0.599509
1.05922
-0.417703
0.0229824
-0.537811
0.853741
-0.293945
-3.59604
-0.695667
1.04598
-0.234774
-0.342135
-0.437882
2.11502
-1.99345
0.855721
-1.96517
2.344
-1.50265
1.51373
-1.69852
0.709177
-0.144659
-0.247987
0.243348
1.51298
-0.105853
0.425551
-0.537481
0.0367811
-1.30793
-0.332471
0.38951
1.07624
1.42378
1.60175
-1.06019
0.0479428
0.95505
0.350922
-1.04758
0.660291
0.437927
0.903891
0.469896
0.622045
-0.718601
-0.321119
-0.450289
1.07353
0.167415
0.238048
-0.257443
1.09692
0.134313
1.04471
-0.208591
1.21244
0.00101239
0.304585
-0.537796
0.594255
-0.0993875
-0.403815
-1.09745
1.74047
-0.121267
0.27731
-0.22555
0.912394
-0.552345
1.51528
-0.157238
1.00916
-0.526117
0.123013
-0.412815
1.11953
-0.483001
-0.164924
-0.355515
1.13905
-0.444227
-0.0755832
-0.821577
0.754076
-0.145454
1.46472
-0.708805
1.18185
-0.00660805
-0.546041
0.145256
0.382683
-0.343691
-0.353342
-0.544288
0.631452
-0.55221
-0.212002
-0.219941
0.912234
-0.507487
0.395624
-0.20723
1.14862
-0.10587
-0.231037
-0.446975
1.43541
0.489335
0.281681
-0.339995
0.93659
-0.0515063
0.113654
-0.223992
1.12218
-0.247389
1.15922
-0.212302
1.05872
-0.220027
0.128864
-0.225742
1.0471
-0.230204
-0.126995
-0.233766
1.04053
-0.236843
0.113969
-0.239253
1.03542
-0.241269
-0.0940852
-0.243034
1.03112
-0.244533
0.106732
-0.24609
1.02807
-0.247333
-0.142607
-0.247832
1.02604
-0.249438
0.102151
-0.2501
1.02407
-0.25108
1.10114
-0.251471
1.02145
-0.253174
0.098551
-0.253621
1.02151
-0.254145
-0.14924
-0.254368
1.02067
-0.255134
0.0962164
-0.256353
1.01922
-0.25647
1.01471
-0.256359
1.01847
-0.256408
0.0950628
-0.25769
1.01821
-0.257313
-0.153295
-0.257769
1.01693
-0.258151
0.0936417
-0.258283
1.016
-0.259213
1.09376
-0.25881
1.01602
-0.26002
0.0923967
-0.259806
1.0152
-0.260029
-0.154052
-0.260398
1.0146
-0.260374
0.0912656
-0.260816
1.01431
-0.260661
1.37753
-0.261264
1.01387
-0.26084
0.0906297
-0.261216
1.01359
-0.261621
-0.15652
-0.261952
1.01307
-0.261785
0.0898103
-0.261839
1.01312
-0.262319
1.09046
-0.262467
1.01318
-0.262781
0.0895209
-0.262891
1.01283
-0.262821
-0.157311
-0.262934
1.0114
-0.263101
0.0883126
-0.262935
1.01222
-0.264364
1.00749
-0.263328
1.01262
-0.264001
0.0885097
-0.263591
1.01145
-0.264035
-0.158566
-0.263991
1.0119
-0.264626
0.0887695
-0.263223
1.01154
-0.264439
1.08914
-0.264541
1.0112
-0.264334
0.0879459
-0.264885
1.01353
-0.262873
-0.159501
-0.264403
1.0108
-0.264406
0.0876259
-0.264836
1.01242
-0.267997
-3.06897
-0.265878
1.0098
-0.26575
0.086537
-0.264878
1.0098
-0.264607
-0.165005
-0.264106
1.01122
-0.264706
0.0869161
-0.265259
1.01017
-0.264806
1.09006
-0.263214
1.00978
-0.266088
0.0862583
-0.265887
1.00896
-0.265954
-0.16009
-0.269897
1.01152
-0.266129
0.0865415
-0.265807
1.00956
-0.265132
1.00529
-0.266178
1.0205
-0.265928
0.0865365
-0.265362
1.00945
-0.26579
-0.160374
-0.266207
1.0084
-0.266151
0.0856327
-0.265658
1.00866
-0.26587
1.08662
-0.266252
1.00976
-0.26417
0.0845678
-0.266356
1.00943
-0.265854
-0.160745
-0.26646
1.00865
-0.266154
0.08422
-0.2655
1.00874
-0.266866
1.37168
-0.266621
1.00881
-0.266152
0.0862526
-0.271433
1.00944
-0.266744
-0.161053
-0.266629
1.00883
-0.266729
0.0859605
-0.267355
1.00674
-0.266653
1.08636
-0.267098
1.00834
-0.266908
0.0851714
-0.267977
1.01366
-0.268941
-0.161174
-0.266217
1.00841
-0.267449
0.0848726
-0.266816
1.01033
-0.268958
1.00324
-0.266831
1.00809
-0.266611
0.0848159
-0.26727
1.00814
-0.267687
-0.161756
-0.266784
1.00876
-0.267315
0.0851804
-0.267451
1.00844
-0.267557
1.08554
-0.267181
1.00784
-0.267413
0.0851261
-0.267161
1.0081
-0.266179
-0.161359
-0.267203
1.00803
-0.266767
0.084921
-0.266726
1.00759
-0.267121
-0.269544
-0.267258
1.00851
-0.267122
0.0847272
-0.267061
1.00892
-0.267677
-0.162266
-0.267261
1.00751
-0.267205
0.0849344
-0.267185
1.00802
-0.26709
1.08595
-0.267344
1.00765
-0.26688
0.0854101
-0.267888
1.00847
-0.267529
-0.162808
-0.266967
1.00803
-0.267317
0.0849444
-0.267086
1.00802
-0.26769
1.00326
-0.267802
1.00805
-0.267324
0.084599
-0.267602
1.00896
-0.267428
-0.16237
-0.268684
1.00774
-0.267242
0.084443
-0.267402
1.00577
-0.266967
1.08593
-0.267797
1.00807
-0.267542
0.0844025
-0.267382
1.00772
-0.267451
-0.16259
-0.267962
1.00778
-0.267838
0.0840003
-0.268289
1.00739
-0.267784
1.37094
-0.267918
1.0077
-0.266747
0.0843667
-0.267974
1.00747
-0.26757
-0.16182
-0.267672
1.00839
-0.267745
0.0843472
-0.267946
1.00777
-0.267852
1.08567
-0.267875
1.00702
-0.268635
0.084583
-0.267907
1.00687
-0.267602
-0.162671
-0.268058
1.00637
-0.267613
0.0845069
-0.268115
1.00702
-0.267583
1.00302
-0.268589
1.00707
-0.268032
0.0841317
-0.26745
1.00702
-0.267963
-0.163344
-0.267946
1.00607
-0.267982
0.0845669
-0.267939
1.00698
-0.268465
1.08497
-0.268079
1.00725
-0.267891
0.0847589
-0.26774
1.0067
-0.266918
-0.162631
-0.267367
1.00764
-0.268001
0.0844337
-0.267594
1.00701
-0.268229
-3.06999
-0.267858
1.00781
-0.268302
0.0845461
-0.268025
1.00724
-0.267954
-0.16293
-0.268259
1.00763
-0.267794
0.0840332
-0.267857
1.00756
-0.268162
1.08522
-0.267785
1.00706
-0.268058
0.0845653
-0.268234
1.00722
-0.268021
-0.162844
-0.267788
1.00711
-0.267975
0.08409
-0.268302
1.00709
-0.267814
1.00269
-0.268058
1.00674
-0.268096
0.0842055
-0.267721
1.00707
-0.267906
-0.163197
-0.267648
1.00688
-0.268399
0.0836208
-0.267643
1.00735
-0.267882
1.08508
-0.268231
1.0071
-0.267217
0.084075
-0.268189
1.00707
-0.268532
-0.163051
-0.267951
1.00522
-0.268393
0.0842586
-0.268217
1.00752
-0.268023
1.37048
-0.267561
1.00609
-0.268202
0.0843592
-0.268007
1.00631
-0.267658
-0.163217
-0.268859
1.00664
-0.267878
0.0841782
-0.268416
1.0089
-0.267933
1.08473
-0.267657
1.00721
-0.268692
0.0840274
-0.267677
1.00852
-0.267976
-0.162151
-0.267907
1.00723
-0.268241
0.0839313
-0.267854
1.00711
-0.267779
1.00278
-0.267925
1.00628
-0.268275
0.0846115
-0.267635
1.007
-0.268549
-0.16261
-0.268124
1.00697
-0.268266
0.0840974
-0.268063
1.00706
-0.268084
1.08491
-0.268095
1.00676
-0.268525
0.0840241
-0.268474
1.00748
-0.268287
-0.162957
-0.268156
1.0071
-0.268299
0.0839185
-0.268078
1.00714
-0.268143
-0.272012
-0.268143
1.00714
-0.268078
0.0839185
-0.268299
1.0071
-0.268156
-0.162957
-0.268287
1.00748
-0.268474
0.0840241
-0.268525
1.00676
-0.268095
1.08491
-0.268084
1.00706
-0.268063
0.0840974
-0.268266
1.00697
-0.268124
-0.16261
-0.268549
1.007
-0.267635
0.0846115
-0.268275
1.00628
-0.267925
1.00278
-0.267779
1.00711
-0.267854
0.0839313
-0.268241
1.00723
-0.267907
-0.162151
-0.267976
1.00852
-0.267677
0.0840274
-0.268692
1.00721
-0.267657
1.08473
-0.267933
1.0089
-0.268416
0.0841782
-0.267878
1.00664
-0.268859
-0.163217
-0.267658
1.00631
-0.268007
0.0843592
-0.268202
1.00609
-0.267561
1.37048
-0.268023
1.00752
-0.268217
0.0842586
-0.268393
1.00522
-0.267951
-0.163051
-0.268532
1.00707
-0.268189
0.084075
-0.267217
1.0071
-0.268231
1.08508
-0.267882
1.00735
-0.267643
0.0836208
-0.268399
1.00688
-0.267648
-0.163197
-0.267906
1.00707
-0.267721
0.0842055
-0.268096
1.00674
-0.268058
1.00269
-0.267814
1.00709
-0.268302
0.08409
-0.267975
1.00711
-0.267788
-0.162844
-0.268021
1.00722
-0.268234
0.0845653
-0.268058
1.00706
-0.267785
1.08522
-0.268162
1.00756
-0.267857
0.0840332
-0.267794
1.00763
-0.268259
-0.16293
-0.267954
1.00724
-0.268025
0.0845461
-0.268302
1.00781
-0.267858
-3.06999
-0.268229
1.00701
-0.267594
0.0844337
-0.268001
1.00764
-0.267367
-0.162631
-0.266918
1.0067
-0.26774
0.0847589
-0.267891
1.00725
-0.268079
1.08497
-0.268465
1.00698
-0.267939
0.0845669
-0.267982
1.00607
-0.267946
-0.163344
-0.267963
1.00702
-0.26745
0.0841317
-0.268032
1.00707
-0.268589
1.00302
-0.267583
1.00702
-0.268115
0.0845069
-0.267613
1.00637
-0.268058
-0.162671
-0.267602
1.00687
-0.267907
0.084583
-0.268635
1.00702
-0.267875
1.08567
-0.267852
1.00777
-0.267946
0.0843472
-0.267745
1.00839
-0.267672
-0.16182
-0.26757
1.00747
-0.267974
0.0843667
-0.266747
1.0077
-0.267918
1.37094
-0.267784
1.00739
-0.268289
0.0840003
-0.267838
1.00778
-0.267962
-0.16259
-0.267451
1.00772
-0.267382
0.0844025
-0.267542
1.00807
-0.267797
1.08593
-0.266967
1.00577
-0.267402
0.084443
-0.267242
1.00774
-0.268684
-0.16237
-0.267428
1.00896
-0.267602
0.084599
-0.267324
1.00805
-0.267802
1.00326
-0.26769
1.00802
-0.267086
0.0849444
-0.267317
1.00803
-0.266967
-0.162808
-0.267529
1.00847
-0.267888
0.0854101
-0.26688
1.00765
-0.267344
1.08595
-0.26709
1.00802
-0.267185
0.0849344
-0.267205
1.00751
-0.267261
-0.162266
-0.267677
1.00892
-0.267061
0.0847272
-0.267122
1.00851
-0.267258
-0.269544
-0.267121
1.00759
-0.266726
0.084921
-0.266767
1.00803
-0.267203
-0.161359
-0.266179
1.0081
-0.267161
0.0851261
-0.267413
1.00784
-0.267181
1.08554
-0.267557
1.00844
-0.267451
0.0851804
-0.267315
1.00876
-0.266784
-0.161756
-0.267687
1.00814
-0.26727
0.0848159
-0.266611
1.00809
-0.266831
1.00324
-0.268958
1.01033
-0.266816
0.0848726
-0.267449
1.00841
-0.266217
-0.161174
-0.268941
1.01366
-0.267977
0.0851714
-0.266908
1.00834
-0.267098
1.08636
-0.266653
1.00674
-0.267355
0.0859605
-0.266729
1.00883
-0.266629
-0.161053
-0.266744
1.00944
-0.271433
0.0862526
-0.266152
1.00881
-0.266621
1.37168
-0.266866
1.00874
-0.2655
0.08422
-0.266154
1.00865
-0.26646
-0.160745
-0.265854
1.00943
-0.266356
0.0845678
-0.26417
1.00976
-0.266252
1.08662
-0.26587
1.00866
-0.265658
0.0856327
-0.266151
1.0084
-0.266207
-0.160374
-0.26579
1.00945
-0.265362
0.0865365
-0.265928
1.0205
-0.266178
1.00529
-0.265132
1.00956
-0.265807
0.0865415
-0.266129
1.01152
-0.269897
-0.16009
-0.265954
1.00896
-0.265887
0.0862583
-0.266088
1.00978
-0.263214
1.09006
-0.264806
1.01017
-0.265259
0.0869161
-0.264706
1.01122
-0.264106
-0.165005
-0.264607
1.0098
-0.264878
0.086537
-0.26575
1.0098
-0.265878
-3.06897
-0.267997
1.01242
-0.264836
0.0876259
-0.264406
1.0108
-0.264403
-0.159501
-0.262873
1.01353
-0.264885
0.0879459
-0.264334
1.0112
-0.264541
1.08914
-0.264439
1.01154
-0.263223
0.0887695
-0.264626
1.0119
-0.263991
-0.158566
-0.264035
1.01145
-0.263591
0.0885097
-0.264001
1.01262
-0.263328
1.00749
-0.264364
1.01222
-0.262935
0.0883126
-0.263101
1.0114
-0.262934
-0.157311
-0.262821
1.01283
-0.262891
0.0895209
-0.262781
1.01318
-0.262467
1.09046
-0.262319
1.01312
-0.261839
0.0898103
-0.261785
1.01307
-0.261952
-0.15652
-0.261621
1.01359
-0.261216
0.0906297
-0.26084
1.01387
-0.261264
1.37753
-0.260661
1.01431
-0.260816
0.0912656
-0.260374
1.0146
-0.260398
-0.154052
-0.260029
1.0152
-0.259806
0.0923967
-0.26002
1.01602
-0.25881
1.09376
-0.259213
1.016
-0.258283
0.0936417
-0.258151
1.01693
-0.257769
-0.153295
-0.257313
1.01821
-0.25769
0.0950628
-0.256408
1.01847
-0.256359
1.01471
-0.25647
1.01922
-0.256353
0.0962164
-0.255134
1.02067
-0.254368
-0.14924
-0.254145
1.02151
-0.253621
0.098551
-0.253174
1.02145
-0.251471
1.10114
-0.25108
1.02407
-0.2501
0.102151
-0.249438
1.02604
-0.247832
-0.142607
-0.247333
1.02807
-0.24609
0.106732
-0.244533
1.03112
-0.243034
-0.0940852
-0.241269
1.03542
-0.239253
0.113969
-0.236843
1.04053
-0.233766
-0.126995
-0.230204
1.0471
-0.225742
0.128864
-0.220027
1.05872
-0.212302
1.15922
-0.247389
1.12218
-0.223992
0.113654
-0.0515063
0.93659
-0.339995
0.281681
0.489335
1.43541
-0.446975
-0.231037
-0.10587
1.14862
-0.20723
0.395624
-0.507487
0.912234
-0.219941
-0.212002
-0.55221
0.631452
-0.544288
-0.353342
-0.343691
0.382683
0.145256
-0.546041
-0.00660805
1.18185
-0.708805
1.46472
-0.145454
0.754076
-0.821577
-0.0755832
-0.444227
1.13905
-0.355515
-0.164924
-0.483001
1.11953
-0.412815
0.123013
-0.526117
1.00916
-0.157238
1.51528
-0.552345
0.912394
-0.22555
0.27731
-0.121267
1.74047
-1.09745
-0.403815
-0.0993875
0.594255
-0.537796
0.304585
0.00101239
1.21244
-0.208591
1.04471
0.134313
1.09692
-0.257443
0.238048
0.167415
1.07353
-0.450289
-0.321119
-0.718601
0.622045
0.469896
0.903891
0.437927
0.660291
-1.04758
0.350922
0.95505
0.0479428
-1.06019
1.60175
1.42378
1.07624
0.38951
-0.332471
-1.30793
0.0367811
-0.537481
0.425551
-0.105853
1.51298
0.243348
-0.247987
-0.144659
0.709177
-1.69852
1.51373
-1.50265
2.344
-1.96517
0.855721
-1.99345
2.11502
-0.437882
-0.342135
-0.234774
1.04598
-0.695667
-3.59604
-0.293945
0.853741
-0.537811
0.0229824
-0.417703
1.05922
-0.599509
-0.181271
-0.235243
0.950161
-0.138884
-0.219875
0.0856833
0.636176
-0.343872
1.34477
-0.522166
1.05259
-0.390875
-0.136836
-0.256483
0.846289
-0.225071
-0.0881781
-0.0761374
0.954145
-0.503607
-0.02129
-0.367841
1.05527
-0.345256
0.921991
-0.330637
0.880302
-0.371455
-0.0664309
-0.356223
1.04172
-0.371309
-0.203457
-0.323565
0.961062
-0.265164
0.243904
-0.539043
1.30552
-0.633689
1.1303
-0.130868
0.974883
-0.315386
0.052497
-0.204346
1.03189
-0.320203
-0.195693
-0.246423
0.880143
-0.297067
0.110897
-0.319157
0.989603
-0.284714
1.28396
-0.255115
0.984361
-0.247993
0.00184982
-0.279986
0.979202
-0.285464
-0.215747
-0.0990741
0.905299
-0.345113
0.123788
-0.235942
1.10103
-0.260276
1.11032
-0.326802
0.989758
-0.289079
0.144564
-0.219009
1.06091
-0.259377
-0.144613
-0.141746
1.01998
-0.299718
0.0636989
-0.265244
1.04596
-0.172978
1.06465
-0.295931
0.474484
-0.114661
0.886217
-0.165791
0.265905
-1.08022
-0.845721
-0.378476
0.715475
-0.31637
-0.0165274
-0.348903
0.840406
-0.36046
0.828238
-0.439319
0.807218
-0.517248
0.0216612
-0.296679
0.880795
-0.372655
-0.315277
-0.295686
0.928641
-0.366261
0.141805
-0.732047
0.669525
0.020924
0.285289
0.329874
1.41042
-0.149126
0.14227
-0.317287
1.01155
-0.31944
-0.162072
-0.270528
1.05549
-0.279313
0.170398
-0.249752
0.92283
-0.381497
0.970826
-0.484415
1.07405
-0.398142
0.117312
-0.372214
0.734951
0.528063
-0.384219
-1.76054
-0.364361
-1.36553
-0.453624
-0.313908
0.942555
-0.202172
1.00422
-0.243128
1.12685
-0.138
0.124452
-0.116091
1.09779
-0.34023
-0.131886
0.0289203
1.14662
-0.125437
-0.0624506
-0.0836837
1.57742
-0.7589
1.32586
-1.19607
1.26295
1.05221
1.50007
0.56609
1.14975
-0.260833
-0.0168491
-0.0563281
1.28052
-0.559648
-0.47556
-0.578566
0.918355
-0.610594
1.58605
-0.503157
-0.114635
-1.50025
-0.836
-0.881394
1.06642
0.258582
-0.670256
2.50403
-3.6013
2.43323
3.49071
-0.248033
0.0273988
-0.170156
1.76446
0.605081
2.196
1.10158
0.338803
-0.414179
0.375708
-1.30366
-0.227651
0.417185
0.218897
-2.29333
-2.04074
-0.967737
3.32369
5.41791
5.63451
-7.41866
-18.3202
12.9543
30.1802
-12.7228
-14.4945
-8.15804
-2.45063
-1.20196
-1.8384
-1.86437
0.0310887
-0.270781
-0.531477
0.718835
1.92539
-1.57397
2.35062
-2.79967
-0.65573
-0.330536
2.1934
0.127562
-4.64036
3.05662
-6.80833
12.1401
-19.3516
21.0056
-31.3274
-3.19355
10.4749
12.0337
6.31716
3.65492
1.68715
2.61181
2.31092
1.02261
1.59606
2.36504
3.03976
0.765404
1.08475
1.05401
1.28894
-0.292696
1.48227
-0.54038
2.10607
-1.84142
2.79308
-2.96949
8.30558
-15.9852
31.9758
4.26522
-8.8294
-7.01997
-1.8271
0.482856
0.330363
-1.6766
0.209059
-1.72031
-0.785041
-2.75864
-2.09062
-0.404805
1.78206
-0.471973
-0.1761
-0.499373
1.59475
-0.0265198
0.698441
0.398043
-1.06089
5.48671
-14.4557
30.1639
-15.7961
-15.9775
-2.79105
-0.119567
2.11012
0.67686
-0.888939
-0.342384
0.552145
-1.56682
-0.22247
0.578929
2.67439
3.14465
4.21935
3.82327
4.85253
2.8398
3.28322
2.47343
0.880116
-0.0942232
0.60304
-6.30998
-9.03958
28.1644
2.44804
-23.9645
-10.2543
-2.20328
2.57087
2.42503
4.04806
2.63555
2.7912
1.88691
1.88341
-0.4719
-1.02566
-1.1089
0.494183
-1.7811
-1.13079
-1.62312
0.104106
-1.49312
0.27431
-1.43531
1.50257
2.41857
7.80308
18.5564
-72.3088
-14.3993
-4.80787
-2.36527
-1.22305
-1.96936
-1.32349
-1.21801
0.108692
-1.2977
0.26938
-0.888682
0.525249
-0.989029
-0.340863
-0.419948
0.960103
-0.52906
-0.560079
-0.53809
0.802546
-0.493899
-0.229306
-0.715151
0.653446
-0.619999
