-0.353112
1.3342
0.828278
0.373794
-1.0519
-1.17595
-1.35211
1.04083
0.197364
0.574607
-1.3603
1.30169
0.968371
-0.877601
-1.05493
-0.66689
-0.48724
0.141858
-0.140097
-0.543725
0.358633
-1.10097
-0.623278
-0.437343
-0.00597325
0.56945
-0.716784
-0.0241928
0.345098
-1.23471
0.32525
-0.830791
-1.18283
1.2147
1.31516
0.801975
-0.474325
-1.17751
0.398478
-0.126105
-0.973188
0.0255275
-1.17971
1.15598
-0.632915
0.405331
-0.726233
-0.0146433
0.18553
-0.803856
1.33735
0.779116
1.30235
1.08634
0.345805
1.06884
-1.30534
-0.93857
-1.36706
-0.36694
-0.289551
-0.500387
0.925701
-0.418041
-0.586229
0.15595
-1.04485
0.868315
-1.15147
1.32873
0.524603
-0.822773
-1.40574
1.02001
0.499147
0.730045
0.640584
-1.21129
-0.584009
-0.938409
1.12439
0.246953
-0.472339
-1.17352
-0.600728
-0.390987
0.704802
0.46158
1.01027
-0.196647
-0.995595
0.764094
0.71716
0.144521
0.698776
0.00382964
-0.0430959
-0.156029
-1.4274
-0.989977
-1.31291
0.298798
-0.48607
0.220784
1.06467
-0.695787
-0.314683
0.810735
-0.852707
-1.12393
-0.361323
-0.767988
1.20249
0.955291
0.448379
1.06348
0.581664
-0.897811
1.05653
0.0429406
0.859995
1.04208
-0.399597
-1.15376
-0.697777
-0.182305
0.75706
0.839252
-1.26652
0.085126
-0.100753
-0.67015
-0.847976
-0.298904
1.33539
-0.613491
0.039543
0.522537
-0.16874
1.31813
1.16425
-0.942252
-0.116487
-0.684166
-0.612301
-1.11778
0.372411
-0.0310876
-1.18025
-0.618436
1.25605
-0.803492
-0.975023
0.232297
1.39718
-0.590399
0.340064
0.692828
-0.610315
0.588676
-0.17468
0.455223
0.181411
0.0647601
-1.12821
0.920486
-0.689633
-0.916733
-1.22344
0.310727
0.238377
-1.20234
0.0249037
-0.750906
0.686878
-0.882112
0.589669
-0.257198
1.10858
-1.0097
-0.307412
-0.742593
1.16698
0.857873
-0.590628
0.514603
0.964813
0.210052
-0.0414164
-0.701583
-1.04621
1.36264
1.13854
0.291537
-0.494702
-0.250143
0.768363
1.18146
1.1664
0.541718
0.250568
-1.19186
-0.959868
1.0545
-0.0563015
-1.36703
-0.858542
0.493884
-1.35856
-1.05433
0.383018
0.671354
0.570993
-0.731207
0.520298
-0.877741
-0.476888
0.800074
0.497059
0.940221
0.461082
0.0431927
-1.14064
-0.306496
-0.614699
-0.45651
1.44827
-0.274664
1.01596
0.2167
0.907139
-0.0973096
0.0758903
-0.0369796
-0.808524
0.611616
-0.564218
-1.38464
0.557343
-0.764728
1.31946
1.35936
1.24352
-0.52318
-1.31672
1.38134
-0.183235
1.5037
1.26866
0.763623
-0.839059
-0.339685
0.98791
-0.634539
-0.690991
0.395882
1.12625
0.668427
0.0697222
-1.14514
0.562488
1.32422
-1.0316
0.228948
1.08402
0.599875
0.59925
0.443185
-0.436212
-0.317885
0.852604
0.870542
0.859685
0.765289
0.00899149
0.012619
0.782645
0.295661
0.356246
0.968372
0.964237
-0.585305
-0.599076
-1.2308
0.427542
-1.46642
-0.0398186
0.0539418
-0.777291
0.175485
-1.29242
-1.28251
1.03726
-0.283379
-0.964389
0.346946
0.640985
-0.938244
0.325679
-1.19421
-1.19823
0.422009
0.0451297
0.603683
0.787717
1.26521
-0.379741
-0.388731
0.670265
-0.894613
-0.201225
-1.22476
-1.08216
1.59364
0.591291
0.029639
-0.0815672
-1.1273
-0.843064
-0.58516
0.704861
0.597087
0.404397
-0.499251
1.26882
0.178298
0.0743802
0.0961175
-0.583415
-0.929053
-0.375237
0.593354
-1.41896
-1.01634
-0.766376
-1.22913
1.2143
0.488088
-0.247509
-1.06199
0.101889
-0.128312
-0.860222
0.107274
-0.239422
0.220156
0.432551
-1.06895
0.155168
0.468392
0.199765
0.974813
-0.0202747
-0.927192
-0.990802
0.549572
-0.886753
0.770091
1.38244
0.143026
-0.266374
0.378227
-0.28736
0.206164
1.15559
-0.301377
0.899629
0.85519
-1.15339
-1.28583
-0.959346
-0.834009
-0.927437
0.730375
-1.01137
0.14575
1.03164
-1.2568
1.19944
-0.459518
-0.50647
0.738491
0.544466
1.0708
0.494627
0.527833
-0.607667
-0.670803
0.901113
0.818437
0.763572
-0.408062
-0.111034
0.611051
-0.19632
1.10873
0.824683
-0.24747
0.595917
0.241081
-0.978666
1.0518
-0.0730138
0.693916
-0.369667
0.904317
-0.503127
-1.08042
1.16624
-1.16151
-0.202148
1.36942
0.964938
-0.334486
0.134731
-0.153876
-0.666322
-0.240193
0.551046
0.564171
0.610651
0.300196
-1.44794
-0.0810383
-1.16606
0.27496
-0.0159237
0.61754
-0.525046
-1.11369
-0.812791
1.14157
0.20171
-1.16662
-0.721309
0.762204
-0.741354
1.02039
0.457228
-1.11801
-0.530368
1.57915
-0.255003
-0.074542
1.01291
1.155
1.3817
0.114085
-0.821992
-0.985014
0.713724
0.130524
-0.309184
0.85895
-1.31898
-0.114112
-1.38471
0.0779034
-1.13859
-0.232483
-0.79774
0.720382
0.896182
0.361814
0.966002
-0.387999
-0.434428
1.15089
-0.684688
1.20445
-1.3742
1.42924
-1.10969
1.35298
0.021069
1.42361
-1.20911
0.514524
1.00564
-0.0662476
0.223545
0.325093
-0.199612
0.346303
0.23463
0.86288
-1.33539
0.00724676
1.29362
0.886539
-0.64314
0.0275157
-0.746398
-0.751781
-0.00291235
0.0330688
0.229146
-1.0788
1.73372
1.09413
0.127448
-0.154635
-0.455759
0.954221
0.337062
-0.717238
1.25133
1.03426
0.771695
0.258858
-0.010869
-0.218395
1.22014
0.150559
-1.61572
-0.515697
0.0860937
1.01723
0.923937
-0.977154
0.278201
-0.220022
1.17669
0.332902
0.325742
-0.276127
-0.391283
-0.608125
-0.625558
1.37677
0.880713
0.979996
0.847266
-0.396515
0.624267
1.22632
-0.0618667
-1.23448
-0.236588
-1.14095
1.22877
-0.293763
-0.830556
0.345928
-0.00190084
-0.654328
-0.63669
0.60243
-0.114377
0.637475
0.058023
0.418111
-0.500079
-0.0467112
0.469104
-0.635483
-1.03758
-0.818007
0.675886
0.151197
-0.0463259
-1.00156
-0.913346
-1.32101
0.236371
0.468123
-0.0958575
-0.118616
1.01232
-0.656413
0.281455
0.305149
-0.50712
0.290804
0.722529
0.405938
-1.05259
0.910775
-0.358505
-0.732536
0.0117113
1.11324
-0.706573
-0.652112
-0.0532739
-1.22886
-1.31572
-0.699469
-0.937524
-0.286027
-0.777548
0.298494
-0.764938
-0.125215
0.842087
-0.270605
0.14078
-1.18068
-0.918482
-1.17837
-0.639189
-0.620715
-0.434723
-0.719402
-1.05419
0.308153
-0.564209
0.28073
0.448408
0.669109
-0.8967
1.12322
-0.0483719
-1.02436
1.07983
0.470235
-1.42745
0.16512
0.746551
0.551549
-1.07639
-0.619436
0.119308
0.092097
0.217794
-0.453854
0.173918
0.824134
-1.19619
-0.306832
0.579862
0.882366
0.101775
-0.363134
-1.11317
0.265856
-0.163259
-0.791731
-0.453695
-0.28122
-0.622991
-0.267589
-0.58481
0.00932226
-0.528674
1.16768
0.295782
0.454912
0.425263
-0.397672
-0.50731
0.442513
0.102206
0.364198
-0.455854
-0.985907
-0.222254
-0.216821
0.493295
0.203082
-0.44455
1.0499
-0.0985273
-0.776649
-0.890511
-0.990465
-0.310553
-0.762402
0.102604
-0.159835
-0.529327
1.27199
-0.903274
0.60968
0.174924
1.3989
-1.0149
0.434339
1.30264
0.744156
0.524567
-0.740768
-0.477123
0.387074
0.757412
-0.163435
-0.134231
-0.511819
0.667035
-0.979321
-0.324892
-0.00805801
-0.0271818
-0.901741
-0.385903
0.417603
-0.310754
0.32229
-0.787141
0.326191
0.0497673
-0.550086
-0.0701853
-0.680693
0.00438076
1.65614
-0.382767
1.02097
-0.474123
0.832416
0.518297
0.388995
-0.102305
-0.072667
0.0895698
1.28623
0.954158
0.57825
-1.24269
0.727776
0.656753
-1.11896
-0.41609
0.860913
0.00993747
0.726828
-1.04612
0.800566
-1.12809
-0.0902089
-0.0925951
1.13893
0.158766
-0.047331
-0.459422
0.943803
-0.153821
0.442987
-0.414805
-0.480898
-0.0286721
-0.288408
0.747596
-0.101776
-0.654231
0.999048
-0.440377
0.286917
1.02814
0.0770957
-0.779198
1.02515
-0.386099
-0.513506
-0.778431
0.789308
0.0763437
0.0121384
0.762341
0.347279
-1.10759
-0.294796
-0.753355
0.683184
-1.21282
0.744402
0.617941
1.03093
-0.559091
0.555601
-0.876058
0.841451
-1.18011
0.170329
0.697581
-0.711642
-0.192732
0.736757
0.337361
0.213982
-0.0516021
-0.203778
-0.906831
-0.0327897
-0.201683
1.40616
-0.223412
-0.391457
0.190276
0.860122
-0.949423
0.354558
0.0809502
0.0980161
-0.673167
1.14961
0.535828
0.0597743
0.184984
0.762258
0.217149
-0.899625
0.204746
0.105277
-0.203909
0.670834
0.530681
0.291833
-0.35483
-0.875141
1.52724
-0.269451
-1.04183
0.98145
0.121389
-0.389374
0.158938
-0.673907
-1.38503
-0.00209149
0.607181
-0.902403
-0.128186
-0.0102257
0.104418
0.763106
-0.578684
-0.31525
0.394749
-0.641611
-0.774934
0.20891
-0.583549
-0.464156
0.288949
0.0376064
1.31189
-0.808741
0.162414
-0.206228
-1.30553
0.663307
-0.703272
1.00962
-0.879251
-0.184285
-1.10184
1.172
-0.290785
-0.132385
-1.10699
0.677771
-0.741147
0.850256
-0.888761
-0.753008
-1.05488
0.525054
0.301976
-0.317335
0.815154
-0.240088
0.17973
-0.244178
-0.259656
0.134668
-1.01765
0.082326
1.15827
1.00898
-0.898733
-0.569019
0.477685
-0.46011
-1.24587
-0.169209
0.688529
-0.0639389
-1.25455
-0.646821
-0.184699
0.492315
-0.698956
-0.163769
1.18706
-0.625352
0.413698
-0.806876
-0.267105
0.112285
0.715777
0.930223
0.912039
-0.720201
0.129711
-0.472659
-0.431264
0.90266
-1.12235
-0.526829
0.163341
-0.792365
-0.523742
0.482165
0.231784
0.54362
0.530643
-0.570785
-0.118128
-0.0220936
0.0620673
-0.254124
0.37011
-0.102623
0.284715
-0.080188
-0.146504
1.32974
-0.366529
-0.781883
1.0115
-0.253517
1.15336
-0.0658102
-0.49642
-1.44277
0.147877
0.505492
-0.0271095
-0.621973
-0.647494
1.12508
0.868677
-0.269053
-0.714605
-0.263905
-0.300648
1.09617
-1.18094
0.553639
-0.209294
0.408133
0.536006
0.872549
-0.928652
-0.71196
0.229558
1.38703
0.909114
-0.327764
-0.0305159
0.00309743
-0.901209
1.1453
-0.549161
-0.390622
-0.0521883
-1.00378
-0.77113
0.659057
-0.757966
0.413008
-0.427005
-0.256082
-0.254632
0.0812953
0.832079
-0.275877
0.377954
-0.238657
0.362732
0.745444
-0.100639
-1.15801
-0.0220947
0.388599
0.500457
-0.664866
0.459202
-0.195779
-0.383426
0.911925
-0.900929
-0.504781
0.197864
-0.217417
0.600595
-0.0996604
-0.329236
0.115306
0.059109
0.0303637
-0.376482
0.248831
-0.279327
-0.38793
1.36041
-0.655802
1.03732
-0.140746
-0.393973
0.572614
0.476642
0.660288
0.72283
-0.0641766
0.0600969
-0.0157899
-0.768674
-0.0519329
-0.32182
1.0427
-0.107581
-1.16697
0.733442
0.186269
-0.957269
0.320658
0.595964
-1.17142
0.635344
-0.313203
1.23624
0.726418
0.823025
-0.127717
0.407858
0.36079
-0.830223
0.360175
-0.358325
0.54418
-0.734324
-0.45085
-0.689282
0.0802235
-0.486188
0.658515
-0.84743
0.021008
-0.200611
0.154052
-0.422921
0.548572
0.75367
0.318749
-0.389131
-0.679428
0.85531
-0.806924
1.13378
-0.488791
0.681306
-0.0405624
0.627882
-0.363618
0.513443
-0.56111
0.0588498
0.464983
1.15798
0.190602
-0.34297
-0.357403
-0.230513
0.575601
-0.350037
-0.300328
-0.3736
-0.408759
-0.469956
-0.123256
-0.180693
-0.458055
1.51956
-0.244257
-0.168388
0.329018
-0.597036
1.15151
0.470701
-0.45384
0.393477
1.06391
0.376128
-0.228649
0.359755
-0.621872
1.16357
-0.787612
0.90673
-0.037453
-0.0460077
-0.296798
-0.576948
-0.755766
-0.721161
-0.151374
1.09594
-0.358055
-0.241554
1.615
-0.270293
0.0163833
0.068683
-1.01442
-0.361282
0.448443
-0.039547
-0.526827
0.634006
-0.831845
-0.0430862
0.494336
-0.0307685
0.0920056
-1.09326
0.725733
-0.638253
-0.132024
1.26487
1.24619
-0.0347831
-0.0184416
-0.183107
-0.419116
-1.16004
0.318078
-0.0707701
-0.384509
0.501915
-0.242123
-0.193971
0.214988
0.87854
-0.48519
1.21503
-0.648513
0.00317796
0.364585
0.447687
-0.161943
0.192406
-0.170788
-0.275635
0.821465
0.67164
0.38538
0.160421
0.206577
-0.0325932
0.307136
0.514911
0.0630947
-0.159352
-0.0143763
-0.698581
0.929771
0.166619
-1.15322
0.448409
-1.16163
-0.364759
0.26469
-0.695773
0.513296
0.463672
-0.0663616
-0.194258
0.247609
0.297689
0.925539
0.0442389
-0.00303476
0.485765
-0.194471
0.289832
-0.878704
0.52776
-0.188599
0.748711
-0.694803
0.470206
0.377069
-0.728099
1.0244
-0.482091
-1.39303
0.22212
0.357019
-1.0104
0.37417
-0.354224
0.0324736
-0.694649
1.16547
0.490006
0.623638
0.605122
-0.369246
0.484516
-0.965084
-0.626392
-0.257944
-0.066044
0.434544
-7.57402e-05
-0.245954
-0.560991
0.629587
-0.648121
-0.113999
-0.562939
0.833843
-0.100436
-0.561268
-0.0490772
0.818804
0.394016
-0.254937
0.769116
-0.458186
0.23868
1.1636
-0.327921
0.236977
-0.430746
-0.226871
1.28491
-0.322659
0.585498
-1.22737
-0.36731
-0.988039
-0.0432031
-0.453929
0.99063
-0.147461
1.12146
-0.22737
0.83803
0.123893
-0.0139337
0.452852
0.568861
-0.0610026
-0.90913
-0.251808
1.06073
0.0424217
0.258579
-0.535421
-0.594875
-0.649731
0.555322
-0.252016
-0.301947
0.135144
-0.831903
0.319645
-0.433331
0.704674
-0.396926
-0.311841
-1.33184
-0.109652
0.49197
0.147842
0.370984
-0.468821
0.23729
0.0692082
-0.132784
-1.31744
0.0242974
-0.311032
0.138824
1.29752
-0.948907
0.107669
-0.0962558
0.126746
-0.273828
-1.05317
-0.41911
-0.183659
-0.306122
0.107021
-0.508718
-0.668563
-0.657352
-0.343477
0.726289
0.37318
0.509439
-0.183129
0.0919564
-0.200052
0.734324
0.619186
-0.370241
0.749307
-0.888823
0.576801
0.934441
1.01066
-0.235179
0.092196
-0.392434
0.54197
-0.989542
0.718187
-0.44802
0.208567
-0.388
0.306584
0.0320124
0.237638
-0.456733
-0.775091
-0.714561
-0.56011
0.69741
-0.270851
1.19079
-0.571939
0.0595484
0.452196
-0.0574542
-0.144514
0.371853
0.0741929
-0.410139
1.21047
0.234169
-0.011804
0.311369
0.578708
-1.09642
-0.504232
-0.189238
-0.5432
0.204729
0.110522
0.0500652
-0.309642
0.13973
-0.0359661
0.904225
-0.76508
1.15064
0.0717191
-0.0566402
0.347771
-0.0652536
0.746543
1.09286
-0.229177
-0.101995
0.378154
0.675765
-0.809321
0.534166
-0.00182702
0.00058372
-0.740507
0.750654
0.05653
-0.697088
0.0356921
0.972274
-0.804214
0.569849
-0.430177
-0.0888956
0.702173
-0.484931
0.325221
-0.0741258
0.0595182
-0.678468
-0.164908
0.0723925
-0.488229
0.413755
-0.467268
0.525568
-0.186438
0.619279
-0.772125
-0.55456
-1.05291
-0.422093
0.073375
-0.0686644
0.508081
-0.294747
0.021799
0.241571
0.111316
-0.63056
-0.630199
-0.732535
0.26885
0.0306403
0.0942137
0.727071
0.803615
0.07969
0.309722
-0.73957
-0.728498
-0.553282
-0.449893
0.567711
0.32301
-1.09447
-0.89114
-0.375982
0.403316
-0.429496
0.0358578
-1.21278
-0.330214
0.817018
-0.205486
-1.00612
1.35571
-0.241575
0.251346
-0.140746
-0.084698
-0.233059
0.140034
-0.421109
-0.568976
0.336709
0.896094
-0.405555
0.206785
0.339352
-0.80592
0.584491
-0.183867
0.245535
-0.963332
0.56721
0.697226
0.563033
-0.217341
-0.184639
0.0953871
0.505261
0.639859
-0.0519065
1.02087
-0.15836
-0.0115764
0.0934566
0.433284
-0.392948
0.107039
-0.703378
0.553156
-0.0419747
-1.07526
0.687547
-0.465983
0.880617
0.00193246
-0.0369376
0.0873668
0.302706
-0.344873
0.26966
0.457397
0.0939333
0.0408892
0.499743
0.387768
0.57908
-0.259267
-0.0172442
-1.45531
0.0371804
0.0258713
-0.0707609
0.365496
-0.515145
0.188667
-0.219394
-0.123182
-0.314618
-0.802525
-0.524979
-0.287695
-0.0852149
-0.178345
-0.158336
0.123911
-0.254054
-0.288949
-0.453053
0.0715466
-0.487251
-0.183628
0.132539
0.130327
0.282502
0.171313
0.209225
-0.175009
0.0997001
-1.55582
-0.803068
-0.399389
0.706327
0.236282
-0.604081
1.05186
-0.369351
0.94409
-0.339152
-0.679548
0.164127
-0.490582
-0.0499075
-0.0180622
0.856447
-0.0163644
0.0619733
0.189938
0.00431818
-0.842154
-0.181487
-0.576262
-0.00813362
0.741743
-0.474691
0.516252
-0.274391
-0.407135
0.434982
-0.0861956
1.45085
0.234439
0.291102
-0.539216
-0.558883
0.546914
0.119881
-0.241089
0.220803
0.0180409
-1.14452
-0.349546
0.156205
-0.0721553
0.553466
0.528735
0.690494
0.1107
0.599162
-0.311891
0.742619
-0.175386
0.423985
-0.568739
0.2286
-0.0154556
0.129664
-0.0930028
0.652126
-0.0893781
-0.747361
-1.21584
-0.402342
0.222515
0.0396846
-0.00986584
-0.705214
-0.265825
0.0210443
-0.0242687
0.660874
-0.930021
0.317224
-0.231309
0.0556982
0.407733
0.554234
0.697611
-0.105201
-0.200873
0.886106
-0.246279
0.178184
-0.316698
0.0430632
0.863527
-0.909839
-0.196063
-0.433147
0.135368
-0.359245
0.236259
-0.681459
-0.10695
-0.484947
0.0168632
1.01008
0.318124
0.151142
-0.219763
-0.0348897
0.701489
1.29585
0.237862
-0.0495552
0.180435
-0.324747
-1.18024
0.0665523
0.348071
-0.51473
0.367357
-0.731431
-0.00365055
-0.39381
0.0283333
0.746898
-0.284407
0.257149
0.0398173
0.174856
-0.845018
-0.322219
-0.341052
0.334817
0.00224383
-0.25417
0.300524
0.488254
0.24871
-0.487835
0.451993
-0.741804
0.00642579
0.0369101
0.0694523
-1.04437
-0.173273
-0.844169
-0.160488
-0.644129
0.794609
0.0561646
0.279977
0.00657478
-0.047208
0.326463
0.019499
0.635072
-0.248983
0.776238
-0.0947474
-0.950597
1.32491
-0.258567
0.8983
-0.102942
0.486059
1.01472
0.539264
0.649757
-0.493149
-0.464541
-0.242724
-0.348854
0.106215
-0.0349731
0.690729
0.396886
0.542222
-0.0370275
0.203509
0.431808
-0.27116
0.497695
0.495405
-0.15224
0.451536
-0.52055
0.00391887
-0.292071
-0.633711
-0.180098
-0.488529
-0.60887
-0.366525
0.571813
-0.491271
-0.641051
-0.00625729
-0.31497
-0.357373
0.347116
-0.648952
-0.170698
-0.138332
-0.594912
-0.131164
0.77222
0.148403
-0.287949
0.984075
-0.665573
0.639041
0.536131
0.00572668
-0.0943109
0.0320326
-0.276461
-0.59291
-0.482455
-0.588205
-0.0712179
1.10582
0.533571
0.720488
-0.137149
0.434044
-0.0711463
-0.319437
-0.195382
0.583385
-0.275567
-0.595647
0.011507
-0.416418
0.120264
0.204464
-0.121442
-1.46355
-0.614465
0.0411568
-0.581556
0.0828647
0.992643
0.00828648
0.168959
-0.571968
-0.336065
0.209189
0.119575
-0.279666
0.280437
-0.612974
-0.917603
-0.779132
-0.162156
0.237117
-0.6156
0.343199
-0.299438
-0.133315
0.0256469
-0.172376
-0.23279
-0.201128
-0.227758
-0.081504
0.235213
0.108197
0.770867
0.245914
0.810651
-0.254125
-0.131309
0.911857
-0.0775331
0.654401
-0.205079
0.0678855
0.446185
0.385456
0.464191
-0.0484698
-0.626513
0.0326677
-0.152221
0.0613225
-0.0926285
0.248858
-1.31971
-0.345331
-0.326086
-1.10122
-0.225233
-0.769529
-0.622168
-0.153514
-0.522398
-0.041934
-0.194484
-0.106924
0.103024
-0.640068
0.0588875
-0.721766
-0.730403
-0.123765
-0.568027
-0.463782
-0.365384
-0.750043
-0.328571
0.452755
-0.161278
-0.287271
-0.325437
-0.62266
0.248532
-0.234996
0.276413
0.2075
-0.0647138
0.786523
-0.280676
-0.295114
0.920635
0.420593
0.0207066
0.326635
0.25581
-0.0952439
-0.0683261
0.143104
0.102241
-0.776811
-0.042102
-0.309104
-0.0437464
-0.0617093
0.571755
-0.771506
-0.422529
-0.173193
-0.300445
0.138267
-0.799897
0.163259
-0.0875827
0.138518
0.171103
-0.855805
-0.381313
-0.0302314
0.650595
-0.00998723
-0.00476585
0.0811482
0.0252351
0.571575
0.487285
0.241834
0.150843
0.208637
-0.452848
0.587685
0.273142
0.567106
0.20106
0.36629
-0.136052
-0.12717
0.333322
0.129479
0.0509218
0.20586
0.231
0.915672
0.457608
0.809317
-0.420891
0.566976
-1.41537
-0.433372
-0.309623
0.134267
-1.0426
-0.248349
0.00191745
-0.421255
0.0675195
0.366829
-0.0965271
0.161708
-0.178531
0.0431568
-0.257025
-1.18247
-0.294155
-0.635962
0.745113
-0.549305
1.10086
0.524646
0.037873
-0.162242
-0.162114
1.21118
0.647754
0.761688
0.0959687
0.360488
0.682501
0.897097
0.309971
-0.00828062
0.321138
-1.14497
-0.81553
-0.355663
0.216957
-0.363226
0.278639
0.10859
0.00650978
-0.3165
0.0577083
0.153701
0.253267
0.352521
0.0643588
0.375733
-0.576195
0.607428
-0.0314942
-0.072082
-0.357271
0.323583
0.848849
0.863349
0.0815669
0.434823
-0.372463
-0.409071
-0.878375
0.0130026
-0.628196
0.21894
0.523635
0.792074
0.0266488
0.313565
-0.29351
-0.406571
-0.440742
0.228774
-0.32853
0.0612714
0.816281
0.468741
0.293606
0.187402
-0.60673
0.210444
-0.493433
-0.266852
-0.692013
0.783567
-0.846072
-0.153481
-0.175497
0.297845
-0.392782
0.0099338
0.170927
0.139471
0.15405
0.257906
-0.13633
-0.0363507
-0.0401249
-0.569625
0.398545
-0.349651
-0.150959
0.0373635
0.272135
-0.382401
0.59059
-1.07326
-0.255157
1.75122e-05
0.0401885
-0.58659
-1.18208
-0.570517
