0
-5.51061
4.69837
-10.3618
-24.4831
-5.51483
2.52004
16.8171
14.7868
37.5384
-3.74754
-15.5893
-39.4181
-1.88654
68.8126
13.2888
20.6125
-18.6472
-52.4666
14.2957
6.37637
-2.18738
-41.7177
0.0472311
14.1884
-19.8815
-27.0656
-7.67293
5.7655
4.92181
38.0506
-17.6562
2.77653
-26.5598
-29.1631
9.98202
-15.224
-30.036
37.6593
-21.1592
3.90254
11.6595
-0.442781
26.9784
3.64797
7.71231
-21.8597
27.4131
10.7688
7.69131
-9.0227
52.3003
-32.3062
-27.0774
28.3015
-0.900349
14.6456
52.8451
54.747
-7.93676
43.2904
7.82128
-4.00011
-20.5418
-39.4383
-7.6692
-16.6734
39.6325
0.247412
-0.0191974
-4.55131
2.15235
-11.5608
-28.5147
41.6584
-0.934813
28.3948
-15.6782
-21.7738
14.1843
18.5949
7.26963
5.17873
19.7932
-12.0113
8.88151
7.01088
33.3365
-8.74916
-23.053
23.2958
-33.6793
-55.6096
-22.1429
18.0386
-15.2838
5.9126
51.7809
-0.0936066
-35.4252
28.5247
-26.782
0.313184
-13.0663
-53.3367
2.24713
-44.9611
-14.3602
36.6799
-1.0286
7.28798
-34.4165
-0.230381
-11.5021
16.8858
15.3348
45.4644
16.5658
-12.7082
-61.9282
-28.0424
44.1867
24.9384
-6.95536
36.4004
-26.8606
-5.30163
-1.31478
46.1478
12.6185
-54.7724
15.745
9.07327
-9.27533
-6.79416
-21.2491
-53.5063
-89.2864
4.81778
31.4088
3.10022
10.4788
5.30466
22.9543
-3.87571
-37.6666
40.6943
-51.2565
6.63386
-22.8298
-17.8935
16.9256
-21.1196
21.0418
-17.0452
-26.3509
27.0942
-6.12812
-32.5039
23.7282
-21.1477
11.5494
-4.56422
29.5324
-20.3835
-4.87386
19.2241
-16.7523
8.90078
-12.0366
40.2442
14.1469
-28.5277
39.1909
-39.9155
2.48894
-41.5808
25.8504
-27.0715
7.73683
-9.14401
-0.544842
-7.35756
-47.8763
-4.70243
-5.73999
-25.751
-1.38423
16.82
-9.79517
-32.6458
-48.7584
2.49608
-37.1576
28.3668
41.3674
-0.0557059
-17.8371
37.9148
-1.27697
4.68193
7.63834
26.3668
-1.85704
-8.03115
-12.0002
93.1086
26.3519
-9.58645
19.4502
-15.5635
-44.2244
-27.6353
24.8609
24.5728
-4.78519
17.8365
4.07105
54.1219
25.3142
-26.0795
23.3687
55.6357
-36.387
-28.3371
24.0536
-29.1934
6.81105
-5.4171
0.322924
4.9606
8.83159
5.42656
-32.4809
-12.0148
-31.5035
-85.1796
-18.4113
18.4885
29.2242
-20.434
17.5214
-15.2204
-53.0125
-1.29673
10.5624
-3.02441
-13.4369
5.30787
-14.9904
16.7713
-8.72537
-15.4178
20.052
1.33133
-24.5516
10.0222
4.68074
2.05485
11.6656
33.0328
-2.35794
-55.7315
8.71989
4.72967
-7.2865
-29.5464
4.16218
4.27331
-31.9402
24.3893
-9.51797
7.88636
33.7641
-8.54233
25.5169
-30.7005
38.6268
-40.582
-11.7363
-17.7806
21.5655
-6.92171
12.4432
1.81502
-9.68472
5.35288
-34.246
28.9084
42.9224
24.776
60.1611
1.41011
13.0674
29.2429
14.7178
10.8768
25.2369
-10.3593
33.8564
-5.29499
-33.8958
-17.2437
19.7379
13.8032
18.2832
-17.3327
51.5388
27.8176
23.6203
34.3809
-2.64903
-31.5257
-18.0232
43.7586
-1.32259
-36.8329
-5.13243
16.6877
-22.3266
-29.3317
-2.90817
-24.4804
19.4091
-51.4272
-0.0493436
24.1635
39.1466
-23.7202
-8.6046
-7.79515
-25.1914
-19.421
14.2559
-11.5592
-11.9421
-29.3663
17.8679
37.648
25.3856
-5.38689
30.5783
27.8728
1.71479
49.7561
-33.0982
-20.1493
10.602
-23.7735
48.8918
-34.7375
21.6775
33.1365
-31.8955
-6.37839
-20.2545
-11.8613
-1.17048
83.6584
-34.9043
8.25314
-18.5914
-0.0420582
-12.5393
-33.3056
27.6563
7.26899
42.9357
24.28
-35.7332
23.0762
-3.97464
-32.1937
-0.358099
35.5229
-1.92822
16.6823
3.87499
17.6985
-31.0563
37.9723
15.6856
-46.1004
-9.24356
13.1843
-38.6712
-9.13548
-53.8785
-54.2147
33.963
32.326
24.031
8.08939
-75.1789
-18.6353
35.0949
-47.087
-12.5229
-23.1994
36.2493
-36.6401
3.04829
-22.4323
6.68799
8.15582
22.1848
49.8053
-30.7199
-65.6819
-19.1608
-29.2665
33.7255
11.6151
7.21865
-6.81317
9.94048
4.45783
-23.0176
-31.0634
11.1135
23.7418
19.5312
-3.40132
-7.82769
3.29436
28.9457
-38.1868
-15.6453
18.7621
26.3904
4.66969
-5.35452
41.3818
11.7616
8.02637
32.9066
-13.5799
46.1476
7.45845
-93.1787
25.1536
-30.8902
-13.986
-52.8501
28.6962
-9.72798
13.7279
18.0269
15.4878
0.0380745
39.001
-4.13524
9.38978
29.331
4.99586
14.0868
-17.5264
6.14536
7.30773
-14.6425
-25.7715
-35.8444
-37.2877
14.9587
23.6426
37.7279
-11.4117
2.95617
0.169282
-43.761
32.4351
-5.14048
4.7447
3.60868
-22.945
-36.3889
-28.1181
-7.95082
-29.4365
-13.7095
6.04667
-11.8999
18.1537
-5.63913
-1.14313
-23.1018
-16.8922
-8.08064
-33.7928
-14.7607
-10.3052
-7.78234
18.636
18.3561
45.111
19.1917
-33.8482
40.8803
-44.3088
-13.6555
10.8587
5.87153
-52.2198
-44.4947
-10.382
-10.037
-5.96863
3.19273
-16.5013
-10.9202
-14.8715
-3.36993
33.1475
-3.35418
-17.5478
-60.8644
-18.8915
-31.1816
-27.098
36.1421
37.1373
21.3745
-17.5443
4.76787
-6.68876
-38.7943
24.9061
10.7637
-1.51169
42.298
6.53194
25.6757
-30.3772
-8.4597
-16.7077
12.5282
-32.2854
-20.9182
-27.043
-30.9918
-22.1743
16.6966
-7.04037
43.676
13.5439
-7.71142
0.183071
-47.3702
-25.7378
-25.7081
-3.48611
7.54397
-19.6133
23.9772
11.0243
-3.13319
44.2277
-8.21582
-18.8217
-7.62651
15.6439
1.07458
33.9854
23.9069
38.3651
-1.51289
-27.8305
-67.0621
-5.38928
53.0467
-20.7815
-4.88404
-9.54277
-16.6354
25.2222
-6.47112
39.8566
1.28937
-5.85728
18.79
35.7389
3.7305
-24.666
-0.0496473
22.277
30.4424
-19.4099
12.1845
-19.093
-20.0175
7.22514
-50.8347
-28.1717
14.9613
-0.114966
-5.15987
-17.1093
-50.1193
11.3136
10.6239
24.7629
33.5735
2.04695
-23.8518
-29.5109
27.677
-55.4786
-17.1009
-22.0899
-7.67828
-21.1162
26.405
-17.0756
17.9572
-25.7271
-3.90555
-2.86455
-6.58116
-12.8374
5.64835
-9.35846
-16.1476
-1.83888
-8.35204
40.1576
25.2988
12.2135
9.77751
6.54359
28.1859
-20.4343
60.9428
-86.5681
25.1478
-15.9486
3.64257
23.2635
44.4081
-27.6421
-35.8527
23.3685
10.4088
-45.8184
-23.2912
-15.9164
-1.43063
-6.95232
-13.2568
-19.7286
4.27044
-22.5082
-27.383
8.05343
-0.175313
-38.2455
-28.4768
26.7102
-28.9072
39.557
12.1449
-46.0581
5.28644
33.699
15.2576
5.25666
11.7125
-54.1716
15.2811
-26.2012
-15.5471
2.84545
25.1602
-6.40256
7.04611
-31.6153
24.9742
-16.7978
40.0454
27.2207
-3.67362
-37.721
-34.3712
31.988
7.61328
21.9827
28.4585
46.986
37.7094
-5.02286
-27.8396
-25.259
-29.9113
46.394
40.2971
-19.5846
14.9457
-25.1935
-15.1541
7.30374
15.1746
-11.5231
-14.6862
12.5553
-5.60827
10.5764
-6.1497
16.2957
-21.1207
1.92284
-12.4385
-26.6459
-9.39081
-33.5691
-22.1584
-9.44396
-24.2927
-25.4245
37.1613
-42.0816
-13.1264
-7.60472
-45.9323
20.9222
-21.7696
40.1436
5.67975
-26.9138
-12.0717
-12.4399
-1.9031
-4.99888
-28.6847
-10.4757
-1.4174
-50.1042
-13.2857
-16.4253
11.2428
-34.7176
-44.6791
14.0347
11.8084
4.03453
0.0782409
-3.31748
7.58098
13.4704
-10.9409
21.3502
52.2672
-13.8875
-30.7416
-62.3159
-37.5739
9.12088
-22.2976
-93.0175
46.3928
6.42934
5.99886
-9.77015
29.4505
-10.6118
6.01752
-15.7411
35.1233
-21.4092
8.15108
-16.3411
-29.6418
70.775
-32.8378
-12.149
-43.2321
-21.425
-13.852
6.82889
21.5694
-24.0906
-14.9685
-4.66043
-17.5609
-68.1164
36.0774
-1.50834
8.92709
-54.1053
-4.98885
33.6553
27.8473
-11.7707
4.47898
27.5207
14.0829
5.20803
-13.9255
-10.3192
0.352613
25.169
-55.4602
-17.6205
-22.0895
2.20578
-25.2579
-23.3919
5.75201
35.0148
7.54746
-8.47674
5.05517
12.9699
-16.4446
-26.2958
3.46124
-20.6957
56.6396
-46.5945
5.04132
-25.1675
52.4214
24.0544
-7.43485
48.5842
31.1861
-34.0321
5.13585
30.2618
2.13677
12.687
2.68775
-24.0731
12.8945
1.25468
5.90971
-6.55125
-9.44172
-11.3725
7.54566
-7.60951
40.2705
3.94659
15.4606
14.8062
57.6958
-1.45591
3.19353
-38.1802
-15.5393
62.4097
36.1169
4.77063
9.58972
52.0543
-7.8802
-10.1054
4.33224
17.677
23.7492
7.18676
19.6762
-42.4779
-7.98247
-30.1111
-31.673
4.71564
-11.736
19.0963
-51.5392
-16.8509
-46.9712
18.367
-10.3334
32.9375
31.7671
-28.3364
-61.4667
-31.0579
29.1537
-22.452
-12.6041
-15.5669
10.1075
8.11645
6.27898
1.25145
-4.84524
-2.58494
33.1459
15.0776
7.06884
-0.450366
-39.7653
40.9678
24.7315
-15.3107
-11.1892
13.9951
-26.8545
0.806598
-13.8486
10.4548
14.4662
10.0175
-38.8191
-18.1835
33.3118
10.0193
-59.7121
-29.5474
-5.44693
41.2094
32.4409
73.0735
-19.0573
29.2736
40.5291
-21.7555
29.0013
30.0221
-42.765
-18.5593
-5.69397
10.744
56.3551
-28.3261
24.5676
-5.98947
8.35842
-10.769
12.4145
5.3424
-9.67692
37.2027
7.99724
1.34794
28.4231
-21.5907
6.45977
-37.4085
2.78491
-23.3806
39.1626
0.264807
3.83631
-35.2933
-9.6106
26.1461
2.11503
46.9208
27.6363
32.2609
-45.7532
33.0766
-7.76124
2.64804
-48.6705
30.0018
-0.726309
29.4733
-43.6463
-1.41147
6.43917
31.7394
-58.1018
-28.7654
22.529
-12.9813
-19.4346
-46.1592
-36.021
23.9074
-44.625
-42.3488
-21.6134
-78.976
-16.1936
10.2529
3.94583
-13.7087
28.5159
32.2715
-7.75789
-4.86234
49.983
-4.77426
-17.2278
-8.59753
-43.7761
1.49587
-5.11996
-54.9039
-29.4744
13.7603
7.21697
28.3887
30.2289
11.2486
-5.1113
-19.2682
-2.11787
12.1468
-8.53522
-7.34859
-29.5893
-21.9475
56.5983
25.7948
-21.7471
46.4342
-29.4764
6.9137
4.53875
34.962
-2.88821
2.979
-10.0851
6.76307
9.23463
8.43229
-39.3883
19.2266
45.0214
12.5433
8.9168
-20.4523
28.2621
-23.3256
50.6418
-14.3092
8.91693
-10.2317
-26.352
1.96604
8.61534
-6.18527
42.7363
-25.0649
19.7718
20.2789
17.2727
-6.49225
-5.31384
-40.7882
-27.7057
20.6807
-16.4554
17.4244
-37.2071
11.1672
-45.4737
-50.9953
9.25458
-1.21872
-28.0903
-43.2764
24.7275
0.211583
35.3372
21.7672
43.6929
10.5046
-50.7979
-29.2249
-20.7855
3.817
26.8352
10.8299
12.217
-10.0674
-29.5385
-7.43881
28.8921
-6.60711
38.1755
-36.5311
15.9984
55.6951
17.3996
2.17859
18.5473
15.3144
0.92852
6.67709
-47.6103
-4.32121
55.4062
2.90195
-26.1372
7.32044
1.55909
-13.1221
4.92635
-34.8596
-18.5966
45.1957
28.5075
2.09127
-26.953
-34.427
54.7798
15.7354
-9.47766
-10.3351
0.605468
-41.5982
25.5358
46.5187
-35.121
-36.6777
34.1872
-4.82371
24.0766
-21.8048
-24.7345
20.9365
-5.44836
6.3707
-31.5217
12.9661
7.29205
53.4408
4.0543
-16.2178
51.3261
-16.4277
-15.5049
7.90201
-12.6516
-5.05334
-20.1692
-9.57176
3.44902
-45.2106
-15.7143
-9.50174
26.2173
-3.11566
35.8426
11.1712
9.28585
-0.995268
19.9317
9.8666
-33.6167
23.3407
-11.1591
7.37361
-19.927
2.64795
3.82063
12.171
-24.3479
28.5732
0.348705
25.295
2.94341
16.2468
-55.7057
-31.7745
0.232763
48.2019
-35.6776
18.472
-14.9068
6.66512
-70.505
-1.84128
-1.55925
5.94961
22.1626
34.9056
-30.704
-8.92026
-21.5124
-4.77525
-3.26587
35.369
18.9597
-41.7859
-21.7294
31.2655
-21.5914
18.2832
14.013
-5.37064
-35.3322
22.5327
-39.9156
-48.6104
38.5008
1.11874
-23.8197
4.65008
-42.225
7.4348
33.5219
56.9618
-44.1228
-7.51157
25.1647
-33.5457
-26.8862
10.314
34.7097
1.24346
26.8329
-55.1406
-47.5443
-33.4275
-33.4452
5.12753
-18.4911
13.6687
27.0799
-15.177
-17.4861
-26.3799
49.7851
-42.258
-16.0348
31.5287
18.0494
25.3113
46.2983
31.0083
-6.2416
-20.2649
-19.7214
-24.6836
-21.0195
1.22873
-8.66914
46.4929
-36.5149
-20.0275
-25.5386
-38.2733
-47.7991
34.4539
11.0544
-8.06477
2.53204
-24.4482
2.32181
16.7282
0.567591
-37.5771
-2.05816
-57.4453
25.3146
-8.57358
-10.9614
29.2736
19.5834
23.3247
22.2511
3.39808
-0.722873
15.454
-3.52994
-22.9148
-1.63958
7.29789
-31.232
-11.2648
-40.113
34.6528
-2.72006
12.9898
-12.3277
60.4164
18.862
26.8019
-29.5387
40.2908
-21.6673
-28.6823
-0.445051
-18.0582
-22.5937
5.28182
49.0458
17.1603
-27.537
-24.2942
22.8596
-11.4853
-18.0594
19.4529
-40.5725
-65.3472
18.1825
14.0408
7.95161
-1.08364
11.7977
11.326
11.2048
23.995
-11.1734
11.3654
-6.45608
30.559
-25.8663
-18.2767
-24.604
21.1824
-4.08766
19.2212
-26.0025
9.81839
36.6298
0.0594925
7.57017
-12.3602
-8.24299
-0.125786
33.7922
-6.64245
-8.03932
-12.6654
-6.1665
-3.53649
-49.7902
-32.7358
-11.8125
14.3471
-5.38107
4.41369
24.3811
-38.1395
-5.4552
2.03177
31.3986
-9.80022
-93.4749
53.8621
-16.0471
4.26048
15.8447
35.0619
-2.08286
-6.59415
12.0692
-6.25765
-26.2562
-42.6309
24.4462
12.0783
-23.4379
54.9051
39.9353
59.8644
-28.308
-35.8448
20.3535
-19.4088
-16.4353
-15.666
17.2702
-7.7315
25.0508
11.3018
-52.4949
-6.27606
-10.8447
-10.6337
-55.7505
11.8167
-5.91521
-35.519
37.8598
16.9003
11.9386
-8.59499
16.4789
4.23772
37.6403
6.05922
-13.5353
8.60732
-18.5494
-18.8724
-11.7581
-57.5847
21.7589
-35.4835
-20.0575
5.69755
-30.8817
-4.75635
-18.5786
-14.5607
34.7466
26.9432
39.101
16.7794
-38.9085
-9.97406
-8.04089
5.36172
-42.566
-36.0095
8.32584
25.1888
15.099
39.2331
-8.6239
-31.941
-17.4298
-13.9522
-24.6337
-0.29217
13.8939
-0.355845
13.649
34.2265
-9.79536
8.95623
-26.7019
17.8872
31.2738
-4.89652
-31.6515
-1.30789
23.7362
15.6934
10.2578
-33.9126
30.2897
53.2216
12.4087
-25.607
13.8781
29.6579
-5.52566
-55.2505
-7.62173
-6.08446
22.5016
-37.1508
10.8782
11.4383
-14.3792
-8.85253
40.1972
-15.9151
12.9307
5.8409
4.31753
6.47725
23.7709
-3.37138
-7.49436
-6.31196
7.51483
-23.7746
-0.00778374
-17.109
-36.2824
-8.92667
-32.3372
5.81938
-9.16075
-25.3084
1.93522
-32.8219
-14.1311
-16.4754
-47.7544
-47.8685
-33.9835
-41.3484
0.170391
5.29402
23.4986
-40.0062
-12.8234
41.9292
-35.1035
-8.45465
32.7668
-5.64171
-48.2848
24.9578
54.8357
15.953
1.7573
14.5604
23.5482
-23.9185
-34.9554
34.0895
-33.4469
-35.9175
-32.8645
9.0741
38.4039
1.42047
-65.5665
-10.3578
17.3642
13.1391
2.5313
-13.0785
-15.4253
24.9465
-4.97476
-32.4464
-41.7188
4.32348
-24.2506
11.7715
8.26162
4.14955
8.96276
26.9058
-30.5094
17.9271
34.2876
-18.9343
25.6883
-18.5994
4.66016
18.1691
-11.5606
26.3502
33.8721
10.7471
59.8399
-1.75053
-22.7824
-16.7582
-2.94355
9.68867
3.22621
-29.9929
-11.2492
27.6396
-62.2515
77.6294
9.40676
7.70759
20.1046
18.0176
15.937
17.8167
-6.46008
-3.73649
3.89867
2.91739
-4.18583
-32.8205
31.8008
-3.67976
37.5031
-34.1782
-22.2331
5.99694
-48.9404
63.5818
18.468
-15.1056
-9.75932
22.8626
12.2445
31.0223
-7.79514
-11.5304
11.894
13.4812
-52.4116
37.5376
24.7935
14.7461
11.1297
15.2094
-7.4658
24.0744
-10.3262
-4.96454
3.1599
38.1634
-2.08196
5.25749
-5.68784
-34.8098
11.6043
25.2791
-28.8468
-15.784
-75.528
53.0727
-6.98487
31.2746
28.7343
-17.1486
-20.4616
67.1668
-6.49611
-15.3612
-60.6483
-4.02862
10.3573
-22.4758
42.2341
36.9291
-17.0536
24.1888
-3.87961
-11.8047
-6.47355
28.8019
-0.150078
-0.570682
5.28296
19.5792
-31.5473
-41.1768
-47.7502
-34.3863
21.2352
-13.6799
-22.0371
-43.0446
2.71664
53.319
11.1229
14.7762
-7.74272
-3.63193
-40.8574
36.2964
6.57909
32.6219
1.38482
4.78944
-8.28293
45.1587
24.0827
-39.0938
7.48914
8.7876
26.2275
32.1501
4.79142
36.8702
-0.627431
34.9966
-1.57359
27.1143
-14.5118
-37.8567
34.8639
-5.3806
26.3995
11.5478
-4.51524
-4.40118
27.2639
17.5153
20.6813
-0.485331
4.76561
60.9579
-16.8031
-11.9748
23.9389
32.025
21.5293
-10.3241
-24.1159
8.03354
-4.31846
31.135
5.87569
-12.7926
-4.07619
58.0176
17.2521
-51.0331
9.13411
31.6294
-37.4711
3.92022
-20.6567
-13.5483
-8.14911
-15.8929
23.0097
-8.9338
10.1605
-33.9104
-29.5268
-15.4536
-27.002
-16.6116
6.69724
-17.8374
28.1614
-15.4237
-25.3298
-38.5413
-7.9024
-61.4087
-51.6191
1.69484
-29.6118
-8.73446
2.84101
-9.89106
65.3337
16.5099
9.48184
23.32
-22.0914
19.6637
-8.8654
-11.551
9.45786
-8.38813
-17.4454
-29.528
1.07004
6.09033
21.1835
-40.5305
43.0131
-28.2068
11.5454
71.477
25.5391
2.39894
-8.35947
8.24278
1.41611
-42.1371
38.3182
-5.77112
5.04436
19.8316
4.45629
-10.7777
-44.0522
-25.2199
23.7074
-5.5666
17.0044
-28.494
-3.99476
-2.67862
14.8576
7.44933
-18.3746
4.92271
-35.984
23.126
-16.0371
1.51057
-2.6865
35.431
-27.9217
-20.5159
34.0529
6.76081
20.0468
27.4615
36.8347
-53.7083
3.7277
-32.3487
-10.758
22.4082
-33.3973
8.27854
21.7774
5.69971
-39.9312
-11.2645
-1.4937
-51.4227
-34.4099
33.5823
24.4456
-5.8529
-21.0803
-28.2104
6.00482
-10.6445
31.5515
16.1516
9.29453
21.0784
-37.4409
8.42496
-12.9763
-4.0881
-19.0244
47.5383
1.10334
-4.08478
-38.0871
-36.4902
10.6998
4.93378
-6.49299
7.45432
-4.43364
33.1813
-0.419182
-44.1053
-7.52898
-25.1307
-21.4434
25.4684
-19.9085
-7.4609
-1.87096
-39.4643
31.4238
-35.0758
1.58124
-44.179
39.4989
-44.412
-48.7212
26.5858
-10.224
-33.0307
-23.3781
3.23632
-7.44802
9.36596
54.479
-18.7657
53.5892
29.2383
-20.448
-25.0171
12.631
-28.9992
31.7272
17.5103
-9.7027
-3.45394
-8.00132
-20.4411
7.60714
11.6087
6.12001
14.3959
9.90355
-39.1732
2.05357
-12.7042
36.3851
-21.6637
8.04465
14.2238
-6.09625
18.6598
-39.7822
-3.08245
29.4264
-13.3661
-0.27998
-23.9051
-52.6561
-60.1681
35.7808
-9.47415
-44.8941
-8.39642
-8.93403
-43.5707
-21.4637
-32.163
34.5694
-17.8434
-6.62959
-4.95486
2.63447
-21.0539
33.4624
-2.43818
-35.7579
-15.7769
-26.8273
7.15675
35.9837
-29.4649
32.8007
6.57669
-11.1978
-28.2458
-28.4991
13.4238
-10.8975
-14.795
9.86186
22.7079
8.09351
-5.5585
23.0242
-20.88
10.7591
0.378771
14.6557
43.3032
-26.0856
-20.2369
33.3367
34.862
10.9361
-52.3896
51.3059
-8.79413
-40.5822
-25.2616
-10.6143
-5.39841
10.5295
-37.4005
-38.4485
15.6693
-11.2927
35.8455
-10.028
37.8195
-7.69146
-15.6395
13.421
-35.289
4.135
12.7793
29.4271
-18.4483
-14.4111
6.49348
-5.37396
12.4466
16.4717
-34.5365
23.2025
-12.2118
2.94061
-21.5455
-6.67535
-18.9436
-24.0806
9.81035
27.1509
22.7632
48.5069
30.2557
5.51548
-5.05692
-38.4258
67.8646
20.7506
48.7792
-29.1125
-4.73229
-2.09779
38.5039
-30.4196
0.748421
29.8945
10.7064
15.7232
-2.89203
-40.4344
-34.5929
6.15271
19.094
-29.7135
20.364
15.8987
21.5823
20.1376
-16.2087
3.75322
-26.172
-0.25459
1.29622
-17.6521
-16.545
-34.7257
-39.0023
-5.82032
-45.8922
88.1968
-30.6909
-12.6193
-8.16993
22.0778
50.6917
-8.1297
-38.6395
-45.9673
1.01048
46.7958
38.486
8.06814
-50.5084
-21.9419
8.41645
13.8691
28.3364
-88.5334
48.7161
6.22476
39.6583
34.9702
16.4552
16.1721
-3.45501
-2.12981
22.3914
-6.09179
12.8473
-23.2633
-22.3195
-12.7688
-18.7992
29.5228
-19.1751
-5.55309
34.8299
39.3322
1.45697
-17.918
-11.5466
-30.6255
-1.86282
30.0781
-39.8467
1.95288
5.55889
26.6117
-50.7712
-19.2485
-66.5183
39.7977
5.80367
-6.66691
-30.4241
-47.7355
-19.254
-22.9066
-4.61969
26.737
20.9815
7.92348
23.9713
-2.85589
11.9977
-23.4234
34.5201
-17.7237
-12.895
5.21797
-6.19039
15.2551
18.4457
-29.2017
-12.2216
-3.94222
36.3355
-12.3982
15.7975
6.38837
-37.2961
11.218
-34.8378
14.4045
-15
39.2948
37.3243
-13.5985
6.00768
11.1467
26.0951
37.156
5.6221
-52.6288
52.9088
-11.8187
-33.8766
-32.4755
21.2985
25.1228
-43.7444
-14.4976
0.988122
-9.68462
21.4635
-22.7518
7.92602
-8.26978
-21.7628
-8.5937
15.9771
12.1037
-11.7781
31.7398
30.992
10.8269
-7.65927
-29.9608
29.7541
-35.2489
-3.44909
29.8388
17.2677
36.079
0.823055
-32.2768
21.7714
-5.24981
4.72469
6.71286
18.6401
-34.5596
33.5739
22.1187
42.2147
7.48963
8.33238
44.817
8.41988
-36.4812
59.9215
54.2319
21.3979
0.165401
12.8915
-30.8541
3.41215
41.0364
-18.4776
7.09287
-15.7148
-7.71688
22.926
-35.1004
12.3972
-2.46001
38.2728
-10.2124
-17.3513
-6.98995
-11.1363
-4.7311
21.7601
7.57467
6.19801
9.54899
-17.2374
-31.0663
29.9991
-12.5631
24.5793
17.5839
-28.7119
-54.0128
19.1399
-54.1496
-8.08635
13.4321
0.0038169
23.9735
33.7441
11.1047
-24.5451
50.1887
44.4318
-39.6561
42.1051
-1.50075
33.0349
-30.6433
38.3457
1.34104
8.75037
19.5165
-23.7753
24.2337
25.0819
5.89886
42.5221
-4.83674
-38.2449
4.6013
-6.61965
4.37033
-5.21239
-10.5653
37.0485
37.008
3.84391
-3.30014
-45.4233
19.3287
4.04224
15.5155
-6.6568
38.5117
-22.0876
-10.9366
-15.1905
-29.0359
11.0503
-4.25084
30.6829
20.5259
5.27768
-24.0803
-32.8611
34.314
52.7409
0.88622
10.9019
37.9545
-6.95885
-21.2797
-8.59372
33.0568
-23.8619
10.6111
31.5096
-5.05727
51.9144
-38.5634
-27.8228
-18.0153
-7.69488
-33.7446
22.3034
26.6438
-35.3914
5.14925
0.339051
18.5641
-21.895
37.4372
-3.82706
17.3303
-8.63445
-13.6178
3.05359
7.0603
30.0744
-15.5805
5.86743
-23.9676
26.879
42.9362
8.663
-6.31396
-18.0304
-5.77814
5.80932
-37.0393
41.8568
-1.65198
-9.39277
9.61944
-3.39011
-26.0447
-70.7665
-8.97816
27.0428
-42.1841
42.4164
-19.575
-3.6467
-0.550645
30.2372
14.2203
5.97005
-11.6081
11.6358
8.97682
-18.4786
22.4952
-23.5617
-10.2545
-19.6124
-63.9987
10.9785
-3.71767
10.6184
31.552
1.24246
52.0933
61.9071
8.67087
38.2406
23.1992
13.2382
-27.5499
18.3317
-5.11808
15.9186
24.1688
16.4825
26.905
31.3417
-11.4674
5.19587
-24.8817
16.2729
8.3978
12.9006
17.6256
-3.7437
34.5213
-34.931
-9.65326
50.121
-21.1151
-59.8259
4.71477
10.8514
-8.0976
-32.6483
4.26183
-9.80176
22.4844
10.0019
-24.3657
-31.9125
-24.7839
12.9153
15.0219
-59.5622
-3.4692
0.922898
-21.2852
-17.1478
-27.0355
4.19544
3.03434
-12.2151
-27.584
3.7856
-34.5817
37.489
12.4916
-30.8127
-0.808926
-35.1771
-0.160576
-36.5905
-5.86386
-32.1231
-28.2327
-8.7125
-7.19183
38.7614
-26.4558
-44.4021
8.67371
-4.64761
-0.159257
-33.1131
-6.85331
-31.9607
41.593
3.70502
10.0964
-13.4632
-11.4859
-52.5646
0.963159
46.0427
23.1146
13.9139
-21.0025
37.5606
48.6611
40.1387
29.4723
-22.6239
-5.94593
-0.938075
-0.689251
-29.6454
9.29916
13.8135
4.28987
-24.9151
18.8842
-34.9379
-40.8952
24.7349
-8.99271
4.65797
60.4911
12.5335
3.85537
-64.73
22.95
16.623
-30.454
-30.5987
8.475
-51.0791
77.1749
15.6734
28.3258
-27.2518
-10.7655
36.5239
4.3053
-6.66021
2.77638
-37.0269
-2.98978
6.11658
10.8356
-23.3108
7.84562
-16.0343
-12.1901
-14.355
-24.1293
-36.0266
53.0236
-15.0443
-11.0125
9.69476
6.05566
-32.6749
-10.6365
-24.8371
9.79871
14.2063
-18.3305
-63.0276
50.8732
-6.51929
25.7444
33.5205
-40.045
2.96418
-31.4832
33.2315
3.90402
-2.05239
-2.94799
3.83166
4.8524
-20.8268
-15.9133
-18.6375
-21.1469
-9.44542
-10.9958
-75.7897
62.4429
-26.6088
12.8716
30.2526
-2.89168
-7.51551
4.25237
15.5938
23.3747
0.0703219
-61.3391
-9.30141
-36.1558
-23.8891
14.6591
-19.3727
-3.39644
18.3107
-25.7339
16.847
-33.5674
-16.4143
31.4489
-26.8186
-8.23034
-5.13716
-8.35917
-10.261
26.2348
-1.46724
43.391
31.9785
3.75435
-25.5007
13.8876
13.7304
-3.32091
-13.4439
-16.1518
13.5268
65.489
-4.3928
-38.4136
-7.61451
36.3887
37.6169
34.2712
-33.0576
36.8426
21.8918
-23.2165
-13.8757
-2.77697
-15.49
-53.6013
-19.1777
50.8681
7.14037
-29.7215
10.9402
35.3508
-40.3681
15.7032
40.8162
-23.7437
-2.32813
4.3463
43.0999
34.8088
49.6139
46.287
15.1837
14.5134
32.7287
-2.09048
25.2568
6.75109
-6.0013
31.9592
10.2218
35.782
15.3223
0.761465
23.5683
-10.1068
5.4044
6.18972
0.587086
-23.6975
-6.71131
-5.25158
-7.01955
-13.1609
15.4162
-40.5492
9.45591
14.5653
-11.2597
-10.3862
38.0802
-22.4084
6.14591
8.2518
54.4689
4.21593
-31.833
-15.6127
24.1327
-13.7182
-50.1415
-27.6913
35.395
-7.74492
-13.3997
-23.769
2.98536
35.1397
4.56254
-31.1143
-16.1392
28.0039
-11.0953
8.91279
-31.3244
-11.961
2.06114
-12.1108
1.11899
26.7799
14.1204
14.1189
29.4797
7.83534
-39.3624
-14.2949
-23.0412
-7.68505
35.8527
41.1815
-6.16393
8.07707
7.81733
38.2262
-18.6974
-39.4784
-25.1391
-31.0967
16.2976
21.028
8.21147
29.5063
-7.30103
22.853
35.7065
-21.1749
58.4007
12.7851
17.8391
17.6844
-10.1363
13.4951
-8.24975
-37.7446
-2.81468
-18.0147
9.14091
-11.9608
-18.3248
-36.6568
35.7738
5.27221
-9.47853
56.7157
9.5144
11.398
6.83376
51.367
-13.4456
-26.316
8.107
-17.0378
16.032
14.3409
18.1075
-20.3387
36.415
27.8036
-59.7868
-39.0993
-53.2041
23.6713
-11.7377
-22.7893
44.2028
25.5106
5.54142
-11.3852
6.96903
2.57023
-35.9837
-16.345
-3.70947
15.3692
-53.1193
93.2975
8.64789
-30.5034
-0.377368
6.79078
37.2019
-24.3024
-4.16679
5.44689
-12.4578
15.0843
31.8929
49.3849
2.85728
5.30007
12.0881
6.07274
4.5783
-31.4557
1.07395
8.79204
13.2228
-8.70956
-1.59107
-37.7469
-8.7482
29.2303
-18.6694
4.91186
-19.2517
25.0532
16.1805
24.9252
-32.2479
6.01953
-14.2111
9.28114
-25.2048
-10.0675
-10.1706
-10.9612
1.70945
-6.05151
-15.2511
-17.0911
65.3705
41.6001
-18.0628
17.4078
9.60756
-22.5573
23.546
25.6349
-22.046
-49.2536
-3.88721
22.4914
17.7918
0.694737
29.2987
20.446
-40.3523
29.261
-26.7858
-20.4076
-58.9376
13.2578
-13.9979
1.33365
-35.2925
40.9038
11.349
30.21
-6.56634
2.68745
22.642
2.37156
-16.2509
2.73604
-2.5021
-22.2267
-22.3065
-17.6201
-26.6741
11.3111
10.2714
-24.5095
56.1997
2.50972
35.8851
-1.61561
-17.1863
-2.83252
23.6674
-2.92125
5.87445
-11.8808
-31.3943
47.6947
38.3691
25.5109
21.2832
34.3752
-47.4827
9.32921
-0.377616
20.6766
22.1761
18.2945
18.6242
2.57211
-34.6347
-47.0973
-24.5678
-16.0216
-31.7491
17.0976
42.458
-49.687
26.3337
17.6947
12.4742
-28.3472
-13.3356
19.4412
-3.60196
35.6358
33.7315
47.5432
52.7032
-29.8217
-1.42104
-32.1771
-9.86631
26.3518
31.3329
-24.3878
8.95663
43.5325
-57.7668
-31.1704
-6.82427
42.5104
-5.97729
24.7617
-2.79005
-38.5502
49.1476
37.2612
-22.8695
35.1888
2.54469
-16.8973
-18.3673
20.8495
-30.7335
22.5463
41.7791
-20.6336
-34.9187
4.19012
5.32263
21.5743
8.40016
30.8138
-36.5287
-22.4109
-6.89206
2.97151
3.34578
70.2322
-7.20102
13.229
-18.5573
35.3621
-48.4034
0.71533
32.2008
53.8542
-19.1253
-5.04689
-26.132
-2.17506
-29.1931
25.9059
-12.4055
-3.14338
-1.9776
20.0918
-6.76341
11.2217
-21.4387
33.6354
-14.067
-18.628
1.74944
-8.26693
-10.2484
-33.6299
3.37639
-26.7029
12.3931
15.9611
43.5274
-6.2101
6.46963
17.0871
3.34556
11.0911
-11.0502
14.1491
16.0471
-51.3678
17.2802
-4.8489
-55.5844
-7.08968
-12.0625
32.0312
-6.41953
5.48944
-21.3122
25.055
21.0553
-23.4922
3.67867
-35.4362
35.7826
32.4901
-46.4361
-21.9358
43.8099
-2.84684
7.71947
7.00367
-16.2062
-54.407
36.8286
27.0227
-1.81964
-29.2991
-43.4916
19.2972
35.7024
-3.19918
12.494
-1.60944
-7.51786
26.1456
-3.31462
-55.723
8.71026
46.8123
-7.33706
-1.30585
-15.481
-20.1196
-2.38771
-18.8093
-55.5892
-12.1861
36.1834
-37.1341
7.35873
-28.452
8.57478
29.6109
9.6647
-12.3786
-10.2051
-24.4203
-1.78184
21.9894
28.3529
49.7796
-10.8871
-42.9957
-21.1786
-35.0851
0.785565
-19.6252
44.3253
27.6422
-0.201277
-6.39301
53.0418
45.1368
-11.4146
37.1334
-17.3313
18.4046
-18.1747
30.2208
41.081
5.2771
5.37508
-17.1653
-19.7935
-20.2225
24.8735
-43.7969
7.40639
-6.37977
-1.42344
26.3391
9.34435
-10.2733
12.1293
-50.3816
23.1093
-29.6142
19.5872
-8.97625
-12.6501
-44.8485
-18.2509
40.2839
-9.26411
-7.94558
-5.57648
11.215
-2.78946
3.60603
-32.8357
-1.11009
-6.88852
30.5619
-45.5928
21.6951
-27.501
-54.6739
25.129
30.6463
7.23383
9.23878
-10.4153
1.6926
19.0871
2.23647
-12.0593
-29.2398
-25.832
-6.19928
-10.6346
32.1594
55.6356
6.94977
-1.12167
44.358
9.58788
16.7434
4.45924
-48.8901
6.39239
8.7745
-33.1625
-27.4048
16.3746
-3.11541
-5.26856
19.716
79.0925
21.1956
44.2084
42.1422
-23.9465
36.7039
45.2313
16.6299
12.5648
-26.3753
30.3502
56.6075
-33.1034
-5.2812
0.093232
41.1464
-29.8697
-0.430451
-28.9599
47.6936
-6.22884
4.84688
-35.7391
43.434
-34.3494
-28.371
-47.5175
0.0377553
-22.4557
13.5014
35.9941
-3.66245
-0.598488
-40.1405
23.3792
-2.53409
36.5666
-7.73451
18.6432
-30.5635
-3.32195
-9.20255
-39.5375
10.632
-5.3368
-12.4139
8.94664
-7.77607
6.69094
-24.44
27.4815
-56.159
-8.97244
6.48826
20.4935
42.2794
-30.8494
-30.5844
20.7858
-42.1351
-29.9395
18.7482
-73.7813
-32.7362
-39.902
8.50317
31.4056
59.495
-9.82857
-32.2084
19.1655
38.0333
-11.6768
-14.6579
-10.0877
13.9542
-1.93488
26.4446
-15.27
8.96343
14.0322
-26.4479
-40.2355
40.2045
0.378358
-7.03077
-16.9206
-34.4983
1.49363
3.5668
-2.46633
-6.65153
-5.66972
-7.94665
16.8381
12.5352
21.5686
-29.003
31.9607
61.4768
23.486
-33.7224
-32.7592
12.5241
-17.8994
46.766
17.064
49.7194
-21.1795
10.0535
-5.59926
29.052
28.8152
6.47355
39.8442
-23.494
-9.77597
-24.3301
-20.8927
-5.98318
9.9543
5.36154
-54.0773
-10.9419
-5.52662
-37.2533
-62.3514
15.8743
36.4727
-4.04787
-1.11776
-58.4531
-14.3069
-15.0067
-3.98157
-41.3999
8.41734
-5.11165
12.1165
13.7496
9.24478
-6.05136
-1.84658
-9.91065
25.0186
-2.48078
-13.143
-0.350951
-28.6288
-4.51662
34.4103
-33.9564
-48.9481
7.37276
-22.877
-50.492
26.6684
-1.70762
47.618
-54.5549
22.3971
-1.01209
28.6126
16.9866
-11.8678
-3.7868
9.2207
-6.83634
-32.5312
-3.45559
25.7316
25.7315
-2.15901
23.2233
18.796
52.7811
-26.6057
0.55634
10.4322
15.1165
-4.80463
-13.6652
-29.7236
-4.23868
11.0425
-27.363
-28.993
11.9291
56.7341
-9.44193
0.342424
-34.823
68.4386
15.1105
4.09694
14.3399
23.5198
-23.3702
-6.69236
15.175
21.3093
41.1639
12.0533
30.0323
-72.4794
29.7396
15.7196
-8.87296
19.6493
-35.815
17.0342
-9.13118
10.3374
-29.8806
10.7881
-5.65746
-9.28893
-47.0185
93.3709
22.4381
-8.90923
38.1946
63.2126
29.2657
12.3966
-52.6744
-20.2727
12.0448
-14.0778
-5.88184
5.03347
2.09035
-1.8972
-10.1467
-10.7908
46.2172
34.7896
-11.3459
18.5227
14.9833
46.4414
0.134362
10.6052
27.6133
4.21255
2.89956
11.8962
14.4523
26.1806
-8.1573
-39.9404
23.2226
-20.1131
44.5368
6.45485
11.2202
42.3688
-37.3318
25.5144
22.332
8.31083
21.6859
34.8274
8.47543
26.2674
8.95196
-2.09561
17.413
-19.7075
4.33679
-9.25129
4.78842
-12.0419
15.8592
11.5382
-14.2731
-6.36965
15.9747
23.8304
-15.1973
15.3261
-42.7319
-44.7354
30.1584
24.2021
26.9648
3.25039
-41.1366
-44.78
-26.9961
-21.2479
-7.26223
-31.1152
34.5768
37.5757
1.051
-28.0541
-39.6711
17.1077
-24.7084
32.2599
-7.41362
6.26422
-25.5387
-2.40672
14.1302
24.7063
-13.267
54.5156
-12.9729
-5.93308
-15.2576
-33.1299
-2.44748
46.2305
-12.1424
-37.6024
32.7265
-24.9689
29.1389
35.7052
-2.25514
-8.18868
28.4077
25.4746
-2.01439
21.1147
15.102
7.728
2.20619
12.1293
21.9164
43.0241
-11.4385
-24.3907
34.6908
25.9448
-44.9525
-22.3073
-2.31724
17.8852
-24.4751
85.2438
-62.3944
20.0531
-28.3218
-4.40059
-10.4025
-12.123
-24.8598
-37.9944
8.32178
1.98069
17.0729
7.87284
-5.66124
13.4211
5.60099
2.16261
0.740336
25.8143
-19.4886
17.1227
-24.5923
21.0635
8.09629
22.1075
18.4781
56.0611
-28.0028
29.9808
22.1312
-1.32783
-33.2249
-21.976
-9.0196
-7.42018
51.9612
16.8982
6.37203
0.143236
-10.2966
30.5091
50.264
-8.03777
17.8737
18.1034
-13.9961
15.7118
-32.1297
-20.6096
0.51181
22.7274
-6.55184
-36.5165
-20.1268
3.0485
-6.26915
-41.0742
6.80056
-24.4004
18.0039
9.60637
5.4999
22.7399
-52.8148
9.38427
67.6457
26.5143
0.1654
-39.9272
-23.7482
-33.7543
0.337653
-14.5563
7.35042
18.3183
6.50897
-46.0338
1.61507
-12.3845
-23.5922
19.4395
-6.67194
5.63967
29.8384
27.7867
47.9751
-1.69435
9.18386
-12.4452
-40.7091
10.4673
-16.0584
22.7951
32.0591
26.2734
19.8653
31.8546
-12.9304
16.9781
8.17412
27.2347
-27.5168
-8.89729
-42.4305
2.64537
-10.1972
-23.0564
39.422
6.19713
-6.76225
17.176
-24.5515
-37.6225
-33.282
28.4722
34.5736
19.6228
61.9113
15.894
3.18727
-31.4822
4.21499
13.8915
9.14362
15.6102
-3.23611
6.36104
9.97715
10.2399
48.5842
52.9773
-7.71252
-11.5162
11.3419
42.8388
-42.4039
30.1504
-20.7421
-46.6042
-18.2793
-15.6655
9.97577
11.1146
15.1299
33.3231
8.76152
16.9439
22.7462
-2.66717
4.12897
-18.7739
12.9711
-6.41457
13.7827
30.6281
5.58331
27.7933
35.5238
20.2616
-4.39353
-5.71715
5.31893
-31.5988
46.5302
-1.14943
-1.11866
10.1836
-38.0882
-22.62
-11.4666
38.382
36.5218
26.7728
15.9661
-6.50601
-4.52456
16.1093
-18.4911
-8.82568
-30.5671
-8.64156
3.54451
-38.039
3.64755
-14.5979
-14.1365
-12.5009
9.09219
-27.5782
53.527
14.0693
29.0232
-26.1879
89.7236
-14.6816
-46.3187
12.917
-33.0019
-8.35409
-11.7984
-40.0011
7.34879
-5.28056
-25.6517
-18.1015
14.3279
37.0382
-30.3171
-3.39733
6.63012
3.67064
-19.119
-22.3052
-6.84396
34.1114
24.3956
-7.15984
-10.4124
6.62628
-9.44432
-12.7903
-31.9494
30.0924
18.1758
66.2972
27.8676
-50.2659
-21.4934
-8.32661
-4.36252
21.8791
-2.56724
35.6401
-36.4121
25.6656
13.4791
46.0178
-33.2667
17.7087
73.7893
-9.93144
-24.8389
-30.4727
-31.0718
55.8066
55.8416
6.72417
38.1112
-10.174
9.17352
44.3776
-16.9122
-38.0182
30.7282
-17.6256
-5.05965
-17.9519
1.62582
-36.3
-0.407791
32.5067
3.35095
-22.6774
36.1184
-25.455
-43.3493
-5.10589
-26.721
35.2413
12.2173
-1.49604
15.7503
-11.4579
33.4375
-84.5141
2.29977
11.9195
21.9575
6.21295
31.3702
-33.8493
-20.0682
34.5837
-49.0079
26.237
-10.8864
21.6017
32.9959
-47.9938
-1.36131
-29.1981
-30.5437
4.91132
-24.2679
-36.033
-12.9977
30.311
12.6202
11.4153
-15.9249
20.5841
27.056
7.26929
7.52823
22.2979
-39.3517
-25.3703
0.716294
50.9424
-19.3955
26.7352
4.40938
29.3195
18.9702
-17.8913
5.95025
36.8982
-1.02343
-45.1129
19.0563
24.2984
-3.19656
-37.5667
-23.5241
-28.2411
-50.2419
18.0567
-18.2023
-11.5416
-17.0375
17.8929
34.979
1.29943
-35.5207
9.77334
-25.6888
-10.3566
-16.965
-30.4556
-15.4901
-3.0825
-60.3091
-23.4453
-41.1298
-25.5067
36.453
-5.59913
11.969
-1.68304
-9.75504
9.12958
-21.1481
18.3387
10.4422
40.9102
-38.5157
30.6656
-25.9377
7.60179
-34.2101
-6.3198
10.5324
-24.4006
32.0291
-3.59428
-3.0665
29.4962
6.02584
-3.53522
-8.47837
56.4306
3.239
-31.5605
-11.2551
-1.91378
-3.35323
-9.66144
24.7383
-4.72333
-19.7934
14.7518
8.24468
-16.8643
15.7913
-5.38667
18.8846
3.09845
-10.0385
3.06492
56.4711
14.5017
-16.4764
20.2782
-28.9644
-14.5629
21.0143
85.0922
30.8542
10.3444
31.8117
-9.20824
-8.59047
-4.09865
-0.899746
5.51857
-7.69866
28.5334
-25.8787
29.6716
34.3319
-56.3852
-22.0898
23.0606
-27.063
-55.8571
-3.21485
-17.3846
4.58566
-25.3309
-24.0108
28.1476
45.7
11.4113
-23.2261
7.74096
-28.1366
-92.2606
13.1767
8.04269
2.44933
-24.5249
-7.29319
-5.03568
2.1974
-36.9899
18.3251
1.79847
-41.9306
-26.096
37.4128
-3.6922
47.4728
32.2817
6.63815
-15.574
1.08907
25.2055
4.34972
5.21316
47.6422
3.54919
1.69307
9.3487
-7.62131
26.1714
-24.4394
42.1615
-2.49311
42.0136
-40.0216
27.2615
-15.1377
-39.6351
11.7939
-8.58121
15.1379
-16.9805
5.42918
19.4514
-29.317
5.28027
-11.1822
24.7886
-21.8345
32.2265
5.54353
-27.4409
25.2293
16.0096
-18.3532
23.0824
-15.957
17.396
20.9918
-5.17868
51.3181
-39.8763
40.9035
5.61976
-22.6605
-5.61624
-9.34718
-3.64209
-31.3109
0.622643
89.9486
52.5885
19.2238
5.68419
8.48455
-9.62683
-18.1043
51.3566
-14.7884
-47.9805
0.446232
6.44753
26.9301
-40.3718
6.3859
-25.6649
-43.9325
29.0631
61.7646
11.0221
-22.5706
-48.3604
-16.5105
-16.2794
13.0908
1.04428
35.4734
-7.29599
-0.851448
-36.7739
16.9074
47.4935
-0.283037
54.8468
12.9735
-1.5858
26.8035
-28.2461
35.5892
-3.91836
-53.4305
-5.71237
15.4089
-17.8217
23.0596
55.3892
31.522
-22.2281
22.5954
3.6973
-37.7332
-9.60772
-9.60498
12.0261
-19.9806
-6.08352
-10.8368
-18.7208
-10.4731
21.8631
14.0457
-28.231
-0.107356
-41.4903
29.0727
9.68688
-2.15265
4.24548
0.19989
-2.53465
-39.5418
19.2135
10.2688
40.1001
15.1707
0.896193
-9.8698
-43.4594
5.73219
-58.5906
-52.5534
-13.6071
1.85101
-28.5085
27.0699
28.5556
-53.5153
10.611
-7.14074
-10.4275
-26.581
22.0261
-8.35011
-2.63991
-25.3898
1.1759
-9.46315
-3.11848
23.0841
-37.4957
30.326
15.9592
-9.74324
29.6834
24.7752
-2.71473
17.7574
-34.1948
-2.48289
-5.65346
7.56507
24.357
16.5191
-14.1568
0.650104
40.1144
0.0200812
-7.31261
-14.0308
51.2403
18.2762
-21.7814
-12.7733
-69.0165
1.87644
35.6659
15.0764
2.01898
-37.622
-13.128
-15.1273
-2.5536
3.55045
24.2213
9.94318
-4.83912
3.12493
