0.0703298
0.0117886
0.0263867
0.0301093
0.047579
0.0438837
0.0529748
0.0507108
0.0681969
0.0534869
0.0571373
0.0491697
0.05586
0.0433077
0.0452135
0.0374906
0.0942841
0.0387031
0.0468896
0.0459528
0.0618959
0.0609974
0.0760273
0.0813413
0.108694
0.106838
0.123776
0.125149
0.13556
0.123246
0.123054
0.108077
0.0703298
0.0732209
0.057746
0.0315275
0.01949
-0.0115457
-0.0261904
-0.0489837
-0.0493013
-0.0776708
-0.0822059
-0.094377
-0.0902189
-0.103128
-0.0977037
-0.0993054
-0.0373379
-0.0900953
-0.079619
-0.0779711
-0.061169
-0.0643003
-0.0529578
-0.0514661
-0.0293891
-0.0382609
-0.0261525
-0.0229919
-0.00445
-0.00580455
0.00661797
0.0080845
