-0.0177647
0.0145769
0.0495016
0.0625601
0.0691583
0.0940615
0.0959586
0.0992749
0.126376
0.10352
0.0976528
0.114406
0.0959979
0.0952402
0.100636
0.0833559
0.0716274
0.0955689
0.0824884
0.0848211
0.122416
0.10867
0.131588
0.161667
0.159319
0.169629
0.206227
0.221395
0.203458
0.208375
0.196391
0.161503
0.142802
0.0870858
0.0524375
0.0248041
-0.0114609
-0.0787145
-0.0857868
-0.124603
-0.164844
-0.168922
-0.198437
-0.221223
-0.216462
-0.226085
-0.23038
-0.216494
-0.206536
-0.197694
-0.184355
-0.168684
-0.154915
-0.142718
-0.140165
-0.101464
-0.111263
-0.106458
-0.0665813
-0.0581525
-0.042769
-0.0167137
-0.0130132
-0.011216
0.0125862
0.0222032
0.0189683
0.0144535
0.00695589
0.00756835
-0.0042211
-0.0277417
-0.0380622
-0.0740774
-0.0822158
-0.0851775
-0.120013
-0.118711
-0.117793
-0.130608
-0.0851212
-0.0722636
-0.0648314
-0.0176367
0.00831945
0.0333141
0.0516382
0.109285
0.129707
0.152061
0.189748
0.186469
0.215803
0.225386
0.260018
0.266441
0.292902
0.32257
0.328616
0.345565
0.341491
0.314066
0.283052
0.278732
0.211201
0.205575
0.16492
0.102791
0.0646304
-0.0237388
-0.0617711
-0.0847034
-0.112024
-0.175965
-0.165091
-0.185244
-0.257691
-0.244408
-0.239843
-0.256584
-0.234616
-0.231997
-0.250397
-0.218692
-0.204973
-0.215232
-0.195515
-0.162415
-0.181767
-0.141721
-0.0928355
-0.117532
-0.0489168
-0.0436729
-0.0370957
-0.000186861
0.0258912
0.00263924
0.0640425
0.0890693
0.057572
0.0812348
0.083969
0.0480815
0.0600238
0.0525897
0.013396
0.00908921
-0.00919537
-0.0264663
-0.0309312
-0.056359
-0.0817569
-0.0777274
-0.0932454
-0.0726123
-0.0881934
-0.0856988
-0.0906609
-0.0448929
-0.00740675
-0.0251324
0.00496418
0.0115705
0.0285268
0.0351426
0.0622084
0.0781879
0.0784705
0.0926389
0.0935035
0.1152
0.099951
0.116489
0.123943
0.115732
0.12791
0.130196
0.134857
0.135934
0.162404
0.166193
0.181835
0.195515
0.204942
0.218352
0.263071
0.268815
0.222206
0.237427
0.204075
0.226721
0.155111
0.133943
0.0546856
-0.030403
-0.0298122
-0.110355
-0.115082
-0.177675
-0.145571
-0.204401
-0.210847
-0.260267
-0.264927
-0.246564
-0.260754
-0.256407
-0.244299
-0.234247
-0.20706
-0.19112
-0.169692
-0.144113
-0.176569
-0.120166
-0.120757
-0.0624655
-0.00812629
-0.0558108
0.00668894
0.0287842
0.0551913
0.0357209
0.111425
0.130195
0.136959
0.150286
0.139399
0.122643
0.123806
0.0801006
0.0198606
0.0634227
-0.0103388
-0.0445353
-0.0610892
-0.0571302
-0.119626
-0.118371
-0.145043
-0.144301
-0.149252
-0.142486
-0.150175
-0.0792114
-0.0153451
-0.0695221
-0.000567
0.0286872
0.066747
0.0592713
0.0909123
0.125635
0.158228
0.134209
0.114814
0.148792
0.140098
0.145466
0.145942
0.162224
0.180378
0.217106
0.203867
0.215341
0.274883
0.290425
0.259296
0.225069
0.302034
0.250995
0.240523
0.130265
0.20859
0.0855418
-0.0414121
-0.095061
-0.182332
-0.123062
-0.226659
-0.265748
-0.32943
-0.331317
-0.31219
-0.345583
-0.338124
-0.291445
-0.327821
-0.261194
-0.224411
-0.223499
-0.142372
-0.192544
-0.162989
-0.127404
-0.0610131
-0.0216338
-0.0830208
-0.0278893
-0.0237486
0.047727
-0.00681517
0.0554948
0.0990565
0.123573
0.142186
0.135309
0.151595
0.128873
0.0981699
0.0766445
0.0834301
0.0324406
0.00783014
-0.0679817
-0.0616409
-0.0881961
-0.156284
-0.165794
-0.170096
-0.198895
-0.185683
-0.172791
-0.147747
-0.0948417
-0.135549
-0.0802028
-0.0316123
0.0483414
-0.0143045
0.0557734
0.117607
0.147594
0.175683
0.125087
0.198984
0.206195
0.199049
0.191649
0.235106
0.232047
0.232689
0.245353
0.262185
0.266345
0.309003
0.26477
0.233998
0.358439
0.26828
0.268627
0.163107
0.285056
0.176755
0.0130515
-0.0692848
-0.187285
-0.0783679
-0.228177
-0.318007
-0.333882
-0.37036
-0.383794
-0.390094
-0.395019
-0.327043
-0.371671
-0.365425
-0.270075
-0.196999
-0.157636
-0.243659
-0.129712
-0.138785
-0.0239597
0.0274056
-0.0869453
0.0305696
0.0420494
0.0641694
0.042298
0.100844
0.110804
0.134386
0.132334
0.137993
0.161254
0.15136
0.11543
0.066855
0.100462
0.0653975
0.0165083
-0.0165333
-0.0228136
-0.0842736
-0.114575
-0.151631
-0.142893
-0.213404
-0.181572
-0.17655
-0.0914154
-0.195497
-0.155132
-0.0304861
-0.037008
0.0801157
0.0297367
0.0682448
0.168034
0.185348
0.184038
0.226169
0.248433
0.24221
0.256397
0.258492
0.271462
0.295457
0.242712
0.241117
0.323238
0.269887
0.271684
0.178071
0.201164
0.359378
0.238431
0.263827
0.0512422
0.247549
0.240123
-0.0453709
-0.0584385
-0.223202
-0.153129
-0.199501
-0.351043
-0.386608
-0.319425
-0.435722
-0.461821
-0.379949
-0.379607
-0.445351
-0.371182
-0.34998
-0.179298
-0.162254
-0.287452
-0.135409
-0.146386
0.010257
0.0255474
-0.0945926
0.0394933
0.0372339
0.0770689
0.0472218
0.0573868
0.105128
0.0997267
0.095769
0.113158
0.111532
0.110623
0.0763658
0.0850489
0.055427
0.0213374
-0.0210589
-0.0211957
-0.0444769
-0.105141
-0.113548
-0.109985
-0.121871
-0.175729
-0.136567
-0.191344
-0.0379248
-0.135624
-0.14254
0.0340155
0.00748511
0.109579
0.103636
0.0998162
0.206575
0.236711
0.183364
0.274497
0.301097
0.262108
0.288042
0.342456
0.30757
0.338611
0.246341
0.262504
0.369469
0.24669
0.312103
0.116979
0.149699
0.335872
0.140102
0.228439
-0.0118292
0.169926
0.217398
-0.0968182
-0.0776915
-0.21655
-0.227141
-0.234174
-0.374474
-0.440207
-0.278667
-0.481933
-0.515203
-0.387491
-0.431876
-0.504122
-0.376395
-0.389018
-0.130211
-0.154284
-0.292868
-0.0774707
-0.129332
0.052051
-0.0554235
-0.0406109
0.0728314
0.0356518
0.0821129
0.0859128
0.0577812
0.0738858
0.0855425
0.0375175
0.0743861
0.103384
0.0399204
0.024686
0.0577848
-0.000771862
-0.0261236
-0.0551381
-0.0791229
-0.127323
-0.125819
-0.174615
-0.0957691
-0.128822
-0.244329
-0.109341
-0.160949
0.00413799
-0.112015
-0.126063
0.0978971
0.0882234
0.158148
0.177013
0.170546
0.254105
0.305332
0.175805
0.31656
0.351018
0.270275
0.321188
0.353326
0.33116
0.366008
0.184102
0.298165
0.407926
0.232182
0.363831
0.0681266
0.154226
0.375329
0.107702
0.238195
-0.0227112
0.153962
0.226673
-0.116522
-0.0972141
-0.210897
-0.238906
-0.273762
-0.409429
-0.460701
-0.383097
-0.522082
-0.568124
-0.376068
-0.457886
-0.551093
-0.327288
-0.411692
-0.0655064
-0.126355
-0.267121
0.0116786
-0.0993723
0.0776628
0.0171419
-0.0289273
0.100113
0.0783587
0.0633251
0.0798294
0.0638852
0.0631073
0.0511819
0.0215082
0.0257556
0.0245271
-0.00372388
-0.0159245
-0.0260449
-0.0722463
-0.107998
-0.0894008
-0.11742
-0.200669
-0.146036
-0.201014
-0.0506
-0.0872439
-0.230856
-0.0220593
-0.088823
0.0784502
0.00665477
-0.0295674
0.176291
0.156396
0.154861
0.260454
0.240759
0.278869
0.325747
0.101668
0.311263
0.362591
0.180692
0.286967
0.342925
0.254775
0.340636
0.130575
0.222889
0.370995
0.182477
0.294656
0.0604326
0.148698
0.358026
0.102394
0.245831
-0.0343804
0.114553
0.231086
-0.115619
-0.0911316
-0.165481
-0.297372
-0.290929
-0.405148
-0.5019
-0.41962
-0.497076
-0.573581
-0.270899
-0.386599
-0.518131
-0.205541
-0.316062
-0.0212861
-0.0610518
-0.180582
0.0636651
0.00186502
0.0581435
0.0221758
-0.000940136
0.0526266
0.0376656
0.0198414
0.00987844
-0.00862273
0.0220569
-0.00471517
0.00322658
-0.00400202
-0.0516436
-0.036433
-0.0682949
-0.101967
-0.116282
-0.180006
-0.0792902
-0.1486
-0.275985
-0.147067
-0.247691
-0.00784071
-0.0191987
-0.140616
0.0807059
0.00724646
0.103327
0.180733
0.162136
0.25943
0.299483
0.0643797
0.294601
0.344463
0.215799
0.308412
-0.0027584
0.165112
0.269394
0.121929
0.210854
0.299316
0.114326
0.247481
0.097313
0.180158
0.31229
0.0690098
0.204683
0.0392509
0.228767
0.335886
0.020934
0.147213
-0.0356578
0.0967421
0.241508
-0.128274
-0.158894
-0.165571
-0.331575
-0.324075
-0.251267
-0.427569
-0.523777
-0.465845
-0.562979
-0.0873454
-0.214687
-0.439631
-0.171032
-0.267419
0.0438226
0.0529924
-0.0453075
0.0514487
-8.61207e-05
0.0170177
0.0563201
0.0279902
0.0515348
0.00369127
-0.0226476
0.00269554
-0.00883143
-0.0152598
-0.0198124
-0.00637393
-0.0586718
-0.0461234
-0.0549514
-0.128173
-0.168902
-0.099528
-0.196018
-0.068189
-0.155347
-0.33054
0.00646758
-0.0752056
0.0379501
0.0377866
-0.122871
0.115846
0.170914
0.135601
0.241814
0.211967
0.122667
0.236969
0.0880556
0.285732
0.303619
0.0265403
0.147571
0.273247
0.184139
0.251904
0.0147236
0.0842296
0.232498
0.16865
0.279272
0.011985
0.0955353
0.255364
0.12384
0.298011
0.00785988
0.103678
0.249202
0.0910109
0.261474
0.050058
-0.060792
0.00657484
-0.167764
-0.179773
0.102451
-0.344975
-0.49198
-0.36387
-0.547072
-0.587762
-0.240031
-0.417024
-0.128385
-0.265807
-0.445078
0.0416434
-0.0232685
0.0959563
0.0744481
0.00215454
0.0780807
0.0867397
0.0415983
0.0538472
0.0299266
-0.0158497
-0.0299087
-0.0249496
-0.0459334
-0.0725898
-0.0193351
-0.0521689
-0.00979291
-0.0765702
-0.131184
-0.00859306
-0.0632908
-0.173492
-0.117608
-0.201657
-0.0264122
0.00190503
-0.131034
0.00587412
-0.0787619
-0.0261056
0.145696
0.144503
0.194902
0.186332
-0.0557822
0.171054
0.264741
0.182062
0.253341
-0.0362472
0.0815309
0.173135
0.0785544
0.17317
0.162872
0.0231526
0.120072
0.0486425
0.173821
0.239166
0.0300756
0.139206
0.0702836
0.169956
0.309304
0.0169141
0.0975614
0.0441757
0.256906
0.446157
0.0337097
0.0572072
-0.0500449
0.0240636
0.206124
-0.0235492
-0.292139
-0.134934
-0.511829
-0.571905
0.0235894
-0.269462
-0.649822
-0.416277
-0.56089
0.0116546
0.0431148
-0.105431
0.0430502
-0.0116569
-0.0448191
0.0717766
0.103482
0.043713
0.0236626
-0.00423611
0.00045089
-0.0461114
-0.0710028
-0.125726
0.0144942
-0.0227025
-0.0518448
-0.0546429
-0.117844
-0.153167
-0.0123453
-0.0637442
-0.0592746
-0.146726
-0.315233
0.00221945
-0.0286266
0.0262574
0.00959195
-0.176322
0.0095761
0.155552
0.107448
0.213801
0.187463
-0.0110566
0.187408
0.0565544
0.234324
0.217974
-0.025727
0.0757234
0.00592818
0.15239
0.185745
-0.0236377
0.0517261
0.190216
0.139243
0.226782
-0.0116875
0.0596177
0.254443
0.160667
0.299223
0.0266235
0.0122083
0.13788
0.0707407
0.261096
0.0882648
0.0622333
0.185751
0.0608172
0.251497
0.288459
-0.107641
-0.232931
-0.319505
-0.445167
0.319613
-0.148436
-0.501304
-0.320876
-0.610869
-0.794086
0.0294347
-0.0522012
0.0782597
0.0435235
-0.106788
0.0278506
0.145164
0.0615405
0.124981
0.146695
-0.00704829
-0.0788628
-0.0496067
-0.181551
-0.242821
0.0181312
-0.0629969
-0.016026
-0.100995
-0.191458
-0.0262774
0.00387386
-0.10282
-0.0777822
-0.184368
-0.0634655
-0.0390386
-0.119746
-0.0360401
-0.178396
-0.130917
0.0242318
0.154059
0.210274
0.243215
-0.165211
0.100295
0.248232
0.16684
0.253225
-0.0251534
-0.0106145
0.0675332
0.0506373
0.117055
-0.0298447
-0.00440333
0.089017
0.0865548
0.19222
0.191796
0.00203731
0.117826
0.0999786
0.253844
0.397438
-0.00667115
0.0567121
0.0159504
0.162845
0.381913
0.0193769
0.0338573
0.0144248
0.256329
0.553908
0.139159
-0.0783353
-0.081701
-0.186905
-0.033424
0.207266
-0.250336
-0.722167
-0.637361
-0.803217
0.0462466
-0.0281819
-0.373112
-0.104677
-0.212292
-0.161675
0.0582169
0.186253
0.135813
0.205862
0.01336
-0.0422363
-0.125237
-0.146224
-0.252232
0.0512201
-0.0319402
-0.169652
-0.0888708
-0.192015
-0.13636
0.0191939
-0.0127442
-0.0183738
-0.0898836
-0.210237
-0.0207155
-0.0605488
-0.0468906
-0.140316
-0.377913
-0.0547183
0.0988628
0.104769
0.193022
0.103386
-0.0914639
0.141836
0.0682065
0.212763
0.232429
-0.0335073
0.000965524
-0.0144819
0.0386473
0.0617454
-0.0434161
0.010396
0.00696823
0.161199
0.223341
-0.0585252
0.0248491
0.205514
0.189118
0.323596
0.00791143
-0.000179918
0.163114
0.114031
0.317392
0.0811154
0.0172317
0.124933
0.0992153
0.355608
0.286451
0.04338
0.0589244
-0.0658317
0.0444884
0.56405
0.026624
-0.395415
-0.447076
-0.75834
-0.675999
0.0698246
-0.211316
-0.113381
-0.316288
-0.506788
0.000631398
0.152371
0.0865192
0.153003
0.176785
0.013983
-0.0315531
-0.0685546
-0.231863
-0.256299
0.0504644
-0.0567668
-0.0287783
-0.23291
-0.367151
-0.0433024
0.0420434
0.0123456
-0.0597582
-0.201019
-0.0804828
-0.0066333
-0.0984364
-0.133644
-0.321222
-0.197444
-0.00118521
0.101534
0.151688
0.0900162
-0.244658
-0.0467758
0.217073
0.16034
0.217387
-0.0289477
-0.0267464
0.0397425
0.04551
0.0338595
-0.110762
-0.0109527
0.130365
0.146779
0.230647
0.149013
-0.0509261
0.117447
0.081617
0.206137
0.236742
-0.024884
0.0888441
0.0648315
0.246484
0.371943
0.0183001
0.0650717
0.0345957
0.308786
0.505062
0.133971
4.76251e-05
-0.0080654
0.11878
0.375627
0.309258
-0.0469785
-0.0494981
-0.392669
-0.394558
0.258306
-0.0146655
-0.488239
-0.413517
-0.609636
-0.115393
0.0404179
0.0442353
0.0937319
0.0388774
-0.0724259
0.0115382
0.0554602
-0.0360088
-0.0649168
0.141772
-0.00535005
-0.185516
-0.185092
-0.411075
-0.122993
0.0160563
-0.0481719
-0.0124842
-0.15706
-0.23409
-0.0289931
-0.00622873
-0.0206765
-0.14217
-0.37466
-0.0919551
0.0368662
0.0666443
0.0469737
-0.170119
-0.156744
0.100441
0.100291
0.25014
0.206839
-0.0759333
-0.00076939
-0.00168768
0.0398642
-0.0379726
-0.0725974
0.00102904
0.0138831
0.187971
0.18137
-0.117074
-0.00778729
0.237099
0.226218
0.29815
-0.0209545
-0.0277181
0.164761
0.189148
0.346164
0.0523929
-0.0118104
0.189075
0.195061
0.427704
0.268111
0.0247816
0.0434259
0.0139096
0.240989
0.428652
0.102665
-0.0421371
-0.126021
-0.0952819
0.50612
0.183921
-0.231393
-0.28587
-0.598041
-0.598407
0.0667808
-0.0402567
-0.0182093
-0.125839
-0.241614
-0.0616985
0.0878575
0.0430577
0.0961922
0.182612
0.106189
-0.0498253
-0.0784743
-0.367804
-0.442898
0.0235
0.00127162
0.00696866
-0.201105
-0.337494
-0.152075
0.00615306
-8.68528e-05
-0.0500801
-0.216203
-0.155092
-0.0316664
-0.0666681
-0.0594818
-0.22755
-0.351712
-0.0857484
0.186118
0.217756
0.277279
-0.161649
-0.0503654
0.0839712
0.0688842
0.0763706
-0.013894
-0.0486813
-0.00469196
0.0760579
0.103333
-0.157232
-0.0761266
0.0883287
0.141772
0.278941
0.279521
-0.0520265
-0.0194759
0.0318563
0.132356
0.182146
-0.03237
0.0365132
0.068351
0.266063
0.532346
0.0751668
0.0173351
-0.00239895
0.15076
0.434286
0.266663
0.0450706
-0.00561431
0.0146096
0.273837
0.355158
0.111829
0.00979952
-0.261675
-0.283265
0.27759
0.129967
-0.365615
-0.256055
-0.480562
-0.186394
0.00703519
0.0580387
0.162198
0.145232
0.0214909
0.019023
-0.0390293
-0.0363406
-0.162184
0.167536
0.0474549
-0.176943
-0.126469
-0.395607
-0.272405
-0.0754534
0.0110448
0.0834002
-0.0881739
-0.179165
-0.153736
-0.0231495
-0.0293013
-0.173759
-0.346089
-0.25179
0.022502
0.0143677
0.1556
0.0486287
-0.267123
0.0251762
-0.0184264
0.224152
0.221301
-0.0484717
-0.0407486
-0.0875152
0.0116081
-0.0389201
-0.151336
-0.0281265
-0.0678841
0.263811
0.326875
-0.0269308
-0.0524834
0.0435304
0.157948
0.183075
0.113763
-0.0453444
0.0443888
0.225561
0.33145
0.247989
0.00406826
0.0372326
0.127383
0.21399
0.496908
0.0731463
0.00233426
-0.025888
0.0043159
0.373469
0.141393
0.111091
-0.0377943
-0.0581998
0.437603
0.28049
0.0722162
-0.253782
-0.462332
-0.595669
0.045388
0.0855486
0.00703493
0.0563257
-0.109938
-0.0846072
0.0277617
0.0243672
0.0625959
0.0904562
0.198691
0.0838935
-0.0618333
-0.264166
-0.526868
-0.0884842
-0.0238054
0.0239299
0.046109
-0.192717
-0.137257
-0.105932
-0.0618519
-0.0460086
-0.362789
-0.200539
-0.202728
-0.050804
0.0127368
-0.189331
-0.438819
-0.339262
0.207662
0.0574793
0.259891
-0.0519824
-0.10937
0.0139639
-0.0892698
-0.0954038
-0.159075
-0.144882
0.0674356
-0.0128093
0.205963
-0.135069
-0.123614
0.0665857
-0.059017
0.241669
0.249803
0.0738108
-0.00369741
-0.0590304
0.172908
0.234032
0.0817927
0.0360891
-0.000498266
0.305063
0.396005
0.454149
-0.00480522
0.107453
0.0355896
0.0160041
0.350547
0.040657
0.19958
0.126546
0.193143
0.519526
0.126439
-0.0177388
-0.323473
-0.43113
0.0938755
0.163983
0.0106322
-0.327333
-0.298029
-0.601975
-0.0658231
0.0812554
0.159421
0.244193
0.226425
0.074108
0.0160388
-0.215473
-0.284807
-0.216719
0.0689919
0.03475
-0.119823
-0.052169
-0.481922
-0.0890689
-0.0818304
0.0227682
0.0415131
-0.190839
-0.0500136
-0.118265
-0.039487
-0.0448963
-0.478248
-0.261156
-0.259318
0.0804817
0.114787
0.117891
-0.173155
-0.156449
-0.00578349
-0.0383325
-0.0255201
-0.0823078
-0.127708
-0.0102005
0.0247062
0.0121595
-0.226488
-0.175816
-0.0181852
0.0224676
0.329376
0.0493047
0.0671222
0.0268665
-0.0729784
0.0734985
-0.0709752
-0.0291255
0.163189
0.0240999
0.530056
0.268432
0.298802
0.00974458
0.020987
0.205418
0.387439
0.337601
-0.0344128
0.0866958
0.145717
0.248691
0.310418
0.058807
0.217216
0.181585
0.0670162
0.602405
-0.0658846
0.273415
-0.6649
-0.744343
-0.415153
0.0393492
-0.0489297
-0.0506108
0.105827
-0.186118
0.0351818
0.0362796
0.018267
-0.0645934
0.172482
0.042072
0.106805
-0.394867
-0.312552
-0.486828
0.0126252
-0.185453
-0.0482965
0.0291001
-0.211558
-0.0196819
-0.0501218
-0.178122
-0.161546
-0.450871
-0.119955
-0.147603
0.0568033
0.121305
-0.157314
-0.195431
-0.196147
0.107523
0.0552489
0.136374
-0.0696604
-0.118643
0.011164
-0.0323523
-0.0934718
-0.166057
-0.173855
0.146763
0.0633486
0.215227
-0.0648273
-0.0258889
0.00081628
-0.0788517
-0.0115135
-0.0987152
-0.0902324
0.0584084
0.0227664
0.401982
-0.0303049
0.146301
0.019434
-0.022891
0.499461
0.32044
0.365188
-0.0216791
0.0146919
0.156315
0.143898
0.225913
0.0279878
0.109911
0.565378
0.526853
0.658836
-0.17915
0.13403
-0.342237
0.326557
-0.00446082
-0.239199
0.110376
-0.461646
-0.384572
-0.40948
0.106526
0.00206742
0.22198
0.253651
0.239198
-0.100628
0.130826
-0.37564
-0.112282
-0.279401
0.00960536
-0.00498685
-0.207462
-0.279434
-0.283707
0.00593916
-0.0838492
-0.230764
-0.188441
-0.380987
-0.0267045
-0.255168
-0.0748604
0.0356383
-0.339076
-0.0258055
-0.282811
0.153557
0.143442
0.0318245
-0.0508993
-0.136778
0.018299
0.0223285
-0.0787912
-0.0922028
-0.194558
0.157143
0.115881
0.14851
-0.0841999
-0.106825
0.154614
0.0391694
0.155727
-0.070575
-0.0897256
0.160282
0.0776871
0.263422
-0.086904
-0.00214549
0.215801
0.0481396
0.502189
0.065187
0.233443
-0.0327297
-0.0483162
0.0465632
0.0734715
0.173316
0.0694852
0.074623
0.30627
0.212157
0.43843
-0.0270898
0.0705147
0.518124
0.473921
0.468487
-0.169683
0.11699
-0.436056
0.0468714
-0.209459
0.00907778
0.0830377
-0.122018
-0.0753607
-0.0652745
0.0166113
0.061318
0.0259254
0.150911
0.0395776
0.00665565
0.0592841
-0.300614
-0.0604275
-0.279883
-0.0902211
0.0027383
-0.313643
-0.22426
-0.360989
-0.0162732
-0.0763042
-0.235672
-0.318457
-0.344238
0.0302082
-0.188312
-0.0198984
-0.258724
-0.190534
0.0443976
-0.185897
0.0598273
-0.144254
-0.0795459
0.011921
-0.166798
0.12909
-0.0774711
0.0461258
-0.00682564
-0.0906352
0.186956
0.0886947
0.146645
-0.032373
-0.0561584
0.123199
0.0833069
0.127503
-0.0275656
-0.0353598
0.293639
0.140513
0.42033
-0.0142135
0.280771
0.228233
-0.0346597
0.290773
0.047667
0.261665
0.0471656
0.00294281
0.150134
0.0431882
0.307716
0.127407
0.013179
0.301129
0.193465
0.443981
-0.101358
-0.0616356
-0.162117
0.287789
0.282053
-0.289618
-0.0107966
-0.524065
0.0346527
-0.170037
-0.00235467
0.0522094
0.00992243
0.0190312
0.0394742
-0.0605333
0.0049046
-0.16039
0.0904881
-0.0400854
-0.0977809
0.0334566
-0.388244
-0.0891899
-0.29777
-0.0166184
-0.0343519
-0.343251
-0.170703
-0.32804
-0.00251903
-0.113728
-0.344362
-0.276581
-0.358146
0.0145304
-0.118683
-0.113429
-0.251677
-0.147334
-0.00982128
-0.14755
0.0125597
-0.156313
-0.0571393
-0.0328813
-0.130104
0.0622942
-0.132712
0.0137355
0.0815678
-0.106037
0.160676
-0.0264645
0.127743
0.0482005
-0.078833
0.193056
0.00787609
0.211291
0.0450982
0.00493781
0.387337
0.28896
0.451797
-0.000815774
0.235841
0.188563
0.330217
0.22725
-0.00764045
0.185361
0.163072
0.26651
0.271786
0.0290624
0.351822
0.167348
0.000650659
0.32072
0.0580861
0.498481
-0.303042
-0.213328
-0.38827
0.0908228
-0.0836329
-0.352078
0.0110529
-0.329793
0.0244607
-0.15252
-0.0176451
0.0494144
0.00504846
0.0585253
0.0052254
-0.169639
0.0020693
-0.241756
0.049858
-0.0810509
-0.175061
-0.000283341
-0.244029
-0.0551719
-0.270761
-0.07253
-0.0142019
-0.108081
-0.151717
-0.33816
-0.00238836
-0.0483789
0.0151895
-0.142963
-0.278205
0.0374285
-0.0826474
0.0813568
-0.195682
-0.197789
0.0903531
-0.123087
0.148099
-0.134868
-0.0211601
0.0350804
-0.108951
0.0083628
-0.109292
0.00591487
0.0333505
-0.089774
0.111175
-0.0659628
0.119488
0.00802976
-0.0640818
0.21775
0.011977
0.213038
0.008419
0.00895454
0.435407
0.215335
0.447121
-0.00643526
0.175084
0.216043
0.22511
0.197043
0.0227134
0.153462
0.303298
0.311297
0.356694
0.011618
0.344302
0.242529
0.494996
0.231749
-0.102808
0.378237
-0.317024
0.0511435
-0.38632
-0.0232514
-0.0475505
-0.242484
-0.217789
-0.22511
0.024285
-0.0538448
-0.0135998
0.0427297
-0.0448589
0.0174686
0.0203012
-0.237492
-0.0633965
-0.29698
0.0162356
-0.219739
-0.219957
-0.0143915
-0.258537
-0.0129308
-0.325976
-0.106548
0.0384773
-0.108208
-0.0627124
-0.300379
-0.0713453
0.0060228
-0.0311012
-0.0980028
-0.274938
0.0878509
-0.0308954
0.137467
-0.139088
-0.0637813
0.132876
-0.0541426
0.158447
-0.120801
-0.062527
0.108832
-0.059953
0.125067
-0.0877924
0.0169975
0.0828984
-0.0616826
0.0739652
-0.0663594
0.0371012
0.0935989
-0.0676591
0.143972
-0.029811
0.234764
0.110808
0.0278575
0.109564
0.160384
0.376625
-0.0218091
0.0965145
0.155788
0.0968055
0.170915
0.0450633
0.115533
0.457999
0.289674
0.460985
-0.0189493
0.352327
0.329493
0.447881
0.212884
-0.0259332
0.296441
-0.231837
0.128101
-0.37413
0.0245491
-0.0157877
-0.2436
-0.130521
-0.171332
0.0281705
0.00536186
0.00482938
0.10087
-0.0662442
-0.0875065
0.0378875
-0.315202
-0.16617
-0.379794
-0.00593679
-0.193871
-0.243346
-0.265953
-0.218908
0.00243689
-0.23737
-0.221141
-0.31659
-0.23523
-0.00673839
-0.331368
-0.0816059
-0.294089
-0.0612382
-0.0229037
-0.272979
0.0642173
0.0370716
0.0947938
-0.0473748
-0.128461
0.151571
0.00213507
0.164724
-0.0613547
0.0221249
0.13662
-0.0384696
0.108371
-0.0638171
0.0231786
0.120383
-0.0302741
0.109363
-0.0853713
0.0878704
0.192394
-0.0392801
0.19493
-0.0447506
0.286849
0.238544
-0.00797098
0.16636
0.0934523
0.364963
0.005988
0.0446902
-0.0879346
0.0728672
0.171451
0.0831781
0.0679603
0.118387
0.211169
0.435408
-0.031043
0.2218
-0.0619008
0.323735
0.242338
-0.162461
0.25648
-0.161229
0.145543
-0.283167
-0.0668069
0.0512684
0.0650719
-0.0158012
-0.171888
-0.0215126
0.00492272
-0.0581306
0.0376096
-0.129754
-0.0226858
0.0106554
-0.228518
-0.0269437
-0.304709
-0.0138463
-0.0795504
-0.38682
-0.261312
-0.339763
0.00115428
-0.222131
-0.190438
-0.230037
-0.154455
-0.0193762
-0.257712
-0.260676
-0.342555
-0.134915
0.0475052
-0.309505
0.0406714
-0.192016
0.184073
0.0233788
-0.0985751
0.099305
-0.0432607
0.0998645
-0.00527534
-0.0833222
0.140333
-0.00301706
0.16606
-0.0126372
0.00224476
0.138896
0.0378879
0.129667
-0.0257696
0.0305827
0.227301
0.165663
0.24974
-0.0316226
0.254937
0.318984
-0.00482893
0.219693
0.0164185
0.316052
0.0672046
0.0126127
0.00524089
0.00857067
0.20537
0.168521
0.0370299
0.153578
0.0978951
0.406268
0.00922758
0.104639
-0.0518611
0.203166
0.249556
-0.186359
0.194351
-0.233804
0.199799
-0.113964
-0.246577
0.0805094
-0.0822356
-0.0321342
-0.197161
0.0118493
0.0325472
0.0665909
0.104877
0.0190419
-0.157813
0.0796916
-0.104866
0.0252804
-0.321398
-0.0982571
-0.0704247
0.000143243
-0.111958
-0.310189
-0.0188095
-0.145622
-0.02352
-0.212023
-0.292244
0.0164113
-0.237947
-0.23375
-0.242909
-0.0910641
0.00810465
-0.214263
-0.138831
-0.213024
-0.0141954
0.0189686
-0.16805
-0.00218903
-0.1349
0.104414
-0.00648503
-0.104409
0.0808777
-0.0433819
0.137262
-0.0224373
-0.0603229
0.0795296
-0.0555463
0.129219
-0.0357912
-0.0166389
0.164076
0.0155744
0.205826
0.0370664
0.112882
0.376245
0.29055
0.339069
-0.00638239
0.354972
0.167521
0.252095
0.0136072
0.000470007
0.169766
0.229923
0.281268
0.222402
0.0166976
0.432295
0.145915
0.41548
0.0364434
0.0718617
0.39039
-0.178002
0.0277229
-0.328782
0.109614
-0.207483
-0.348539
0.0720416
-0.136646
0.0283242
-0.124269
-0.0593308
0.0421196
-0.0138461
0.0654912
-0.0898815
-0.208235
0.0516678
-0.100499
0.0216491
-0.2183
-0.181839
0.0181578
-0.105264
-0.0134483
-0.421435
-0.160905
-0.0975822
0.0291023
-0.184725
-0.316289
0.0320927
-0.168146
0.032159
-0.16121
-0.167916
0.0305016
-0.173755
-0.004686
-0.200876
-0.065511
0.0810306
-0.152954
0.00267331
-0.134328
0.051918
0.0495716
-0.105211
-0.0272039
-0.0885415
0.127032
0.0405586
-0.0649059
0.0631677
-0.0557008
0.0934116
0.0205743
-0.087413
0.0780288
-0.0726635
0.251567
0.0220276
0.0700642
0.33986
0.154625
0.355115
-0.000651996
0.235936
0.237307
0.218749
0.0641156
0.00112852
0.136964
0.255349
0.198129
0.238023
0.015973
0.363671
0.275448
0.381664
0.0101917
-0.00187004
0.362607
0.184045
0.424438
-0.093388
-0.0595967
0.162048
-0.449628
-0.207264
-0.459701
0.0244685
-0.327985
-0.0786805
-0.0979719
0.0558407
0.0128544
0.0371292
-0.141525
-0.0449913
-0.203861
0.035063
-0.172894
-0.204424
-0.186366
-0.147972
0.0297263
-0.363141
-0.28836
-0.0223634
-0.0961288
-0.0619664
-0.322108
0.022031
-0.0863926
0.0550025
-0.0622935
-0.150107
-0.0624223
-0.105902
-0.00255096
-0.142693
-0.102207
0.110508
-0.137238
0.0964408
-0.0831715
0.081651
0.049404
-0.0959605
-0.0377699
-0.111875
-0.0032342
0.144939
-0.107228
-0.0066974
-0.081909
0.0781827
0.0576616
-0.0931446
-0.013913
-0.106732
0.173729
0.117278
-0.0264186
-0.0452728
-0.00424542
0.247877
0.0631264
0.0812124
0.00458299
0.119994
0.341538
0.0176012
0.215823
-0.0233452
0.139451
0.0920097
0.0290532
0.152851
0.357881
0.228843
0.310655
-0.00884666
0.409375
0.381413
0.419095
0.123641
-0.0265429
0.41488
-0.0815839
0.220131
-0.392384
0.0106595
-0.073473
-0.334389
-0.169905
-0.149582
0.0222657
-0.0318862
-0.113307
-0.0126751
-0.0996722
0.0393152
-0.0555799
-0.220404
-0.106617
-0.142997
-0.026849
-0.165316
-0.325091
-0.268813
-0.202141
-0.0056026
-0.364655
-0.262297
-0.357628
0.000737385
-0.0107543
-0.239009
-0.122387
-0.263536
-0.015347
-0.0345111
-0.209447
-0.0210053
-0.176089
0.105142
-0.048175
-0.00849745
0.0770341
-0.0748181
0.0194146
-0.0622931
-0.0660452
0.0878593
-0.100184
0.122853
-0.0851127
0.185349
0.10179
-0.0659853
-0.0318823
-0.0604835
0.0248799
0.12488
-0.0928822
0.0989952
-0.0817277
0.320461
0.169224
0.00576135
-2.16671e-05
0.0262399
0.248907
0.116766
0.0860671
-0.00892242
0.0999792
0.236122
0.0237305
0.106481
0.0224247
0.0764375
0.292264
0.0707318
0.246628
0.0324733
0.298944
0.238819
-0.0337045
0.352652
0.124323
0.372899
0.00725197
-0.183961
0.256375
0.0918321
0.0832827
-0.454102
-0.0438991
-0.143122
-0.112474
-0.0295052
-0.0611495
-0.0255402
-0.0268911
-0.133852
-0.0219928
-0.143019
0.00329259
-0.0410677
-0.104022
0.0131641
-0.208409
-0.0127947
-0.233801
-0.458535
-0.355847
-0.21438
-0.000318784
-0.337968
-0.182247
-0.243494
-0.0305387
-0.032042
-0.279916
-0.168837
-0.285783
0.0553841
0.029606
-0.150142
0.0138626
-0.109194
0.0888898
-0.00906214
-0.0632786
0.0341794
-0.0813161
0.071246
-0.00514003
0.0300108
0.13492
0.0436472
0.0471867
-0.0290312
0.0366346
0.106559
0.0378862
0.0621586
-0.0438944
0.141161
0.158903
0.158166
0.0202469
-0.0317951
0.181794
0.17849
-0.00618844
0.102868
0.000778431
0.367221
0.10774
0.0942952
-0.0530197
0.0322018
0.130185
0.0970666
0.0870567
0.0842114
0.0789898
0.332745
0.0637341
0.245414
0.00712366
0.210539
0.151781
-0.051027
0.366914
0.0417212
0.310855
-0.159115
-0.270313
0.118003
0.0812145
-0.00406402
-0.338151
0.00672557
-0.0685729
0.0962529
0.0247845
-0.0952325
-0.0116625
-0.0184969
0.0484896
0.0515891
-0.155045
-0.0423684
-0.071085
-0.0212624
-0.0547763
-0.407414
-0.0228517
-0.367157
-0.0834407
-0.259851
-0.132496
0.0184419
-0.291088
-0.260861
-0.255287
-0.0432565
-0.0224204
-0.218424
-0.0866407
-0.173948
0.0827198
-0.0485865
-0.0743794
-0.0754032
-0.156813
0.0468964
-0.070724
-0.0390426
0.0537518
-0.0575549
0.121971
-0.0820304
0.0490745
0.0846025
-0.0256521
0.0808571
-0.0447072
0.111425
0.127444
0.0426677
0.0688182
-0.0489503
0.119306
0.149669
0.0719419
0.0904064
-0.0264167
0.201072
0.270798
0.24739
0.143489
0.00534111
0.290208
0.178724
0.260844
0.0244009
0.0658634
0.166519
0.173494
0.29613
0.0487635
0.146513
0.158516
0.0467902
0.146177
-0.0141871
0.203591
0.0468778
0.00462564
0.214247
-0.0487416
0.254977
-0.233534
-0.263366
0.170722
0.0057864
0.105018
-0.209269
-0.167918
0.0623036
0.0217737
-0.010165
-0.200031
-0.128081
-0.0396014
0.0713027
-0.0755149
-0.014026
-0.134372
-0.026289
-0.0090536
-0.155557
-0.240427
-0.0837811
-0.206644
-0.00309454
-0.278488
-0.089877
-0.02159
-0.272484
-0.0943393
-0.297788
0.0262441
0.0694847
-0.217312
-0.107481
-0.137334
0.0952003
0.029912
-0.133223
-0.0993877
-0.0978688
0.0767947
0.0432744
-0.0500047
0.0667805
-0.0117748
-0.021241
0.0183334
-0.0729448
0.107464
0.0311218
0.094629
-0.00281
0.0593361
0.113632
0.0851216
-0.0572755
-0.00493495
0.00107076
0.138351
0.118856
0.0537251
-0.0183138
0.148156
0.164979
0.232342
0.0489404
-0.0112834
0.313355
0.105985
0.252677
-0.0525787
-0.00463939
0.184118
0.0606918
0.164714
0.115551
0.00877936
0.344493
0.0788053
0.250714
0.0809951
0.0324779
0.298407
0.00323316
0.136051
0.0707909
0.0806618
-0.221022
-0.28943
-0.439204
0.141771
0.0448086
-0.27607
-0.0280946
-0.113993
0.0458741
0.0174596
-0.216598
0.0432415
-0.127414
0.06163
0.0389391
-0.0753959
-0.0553277
-0.0922394
-0.0706463
-0.0075011
-0.325924
0.00419683
-0.298013
-0.123396
-0.0934024
-0.153342
-0.0326904
-0.296698
-0.205551
-0.189646
0.0174527
0.0177014
-0.134553
-0.198564
-0.104244
-0.0194972
-0.0735789
-0.0718252
-0.121863
-0.143738
0.118965
-0.0359557
0.0807494
-0.0806121
-0.0542732
0.0132005
-0.0397592
0.0178857
-0.0290103
-0.0773294
0.136345
-0.0716607
0.0906847
-0.00502416
-0.08318
0.0722422
-0.0466673
0.10974
0.0531904
0.0124576
0.116028
-0.0511707
0.151831
0.103256
0.000570336
0.16291
0.040983
0.302028
0.343518
0.244477
0.0400152
0.131164
0.161333
0.278955
0.250808
0.118167
0.219522
0.221439
0.219631
0.315934
-0.112346
0.287933
-0.0260678
0.236677
0.387602
-0.0730654
0.20444
-0.203026
-0.325472
-0.13658
-0.129555
0.115516
-0.221851
-0.130543
-0.0731911
-0.0561332
-0.0372315
-0.156653
-0.178909
-0.186599
0.0834365
-0.0465973
0.0616603
-0.18309
-0.146433
-0.0998416
-0.108748
-0.203073
-0.186809
-0.294444
0.061492
-0.242306
0.0294459
-0.169074
-0.126593
-0.0047794
-0.276955
0.0600016
0.0969096
-0.142019
-0.0117707
-0.0948387
0.0162352
0.00155985
-0.0901902
-0.0120148
-0.0670657
0.0478324
0.0554996
-0.0370445
-0.0795038
-0.0211937
-0.100229
0.0505187
-0.111789
-0.0248318
-0.0109013
0.0587572
0.0612569
-0.0320329
-0.0565993
0.0417101
-0.0265027
0.0829994
-0.0107314
-0.0435394
0.123438
-0.0103461
0.0285334
0.0267061
-0.0271257
0.098931
0.0199703
0.0567912
0.103351
0.0200792
0.239281
0.0189104
0.00255058
0.177149
0.0886104
0.168831
0.056891
0.0166232
0.260531
0.079899
0.212163
0.0909087
-0.0133985
0.278701
-0.0355908
0.0970653
0.17543
0.00166196
0.345629
-0.0928601
-0.0473738
0.0342814
0.0233009
-0.138352
-0.130955
-0.28496
0.140335
0.0238852
-0.173839
-0.0516866
-0.205053
-0.0166523
0.00764955
-0.162141
0.0863087
-0.00833816
-0.0570852
-0.0189533
-0.230179
-0.0473673
-0.155452
-0.0815812
0.00766173
-0.211025
0.028547
-0.0311317
-0.217247
-0.00206135
-0.270382
0.0416651
0.0421471
-0.176962
-0.0344753
-0.0305891
-0.0513811
0.0100633
-0.158884
-0.0624863
-0.0127483
-0.0177467
-0.0107688
-0.108941
-0.0475364
0.0113146
-0.0581415
-0.00405192
-0.049679
-0.0630382
0.109508
-0.0375006
0.111368
0.0147022
-0.0242115
0.0361347
-0.0279426
0.0374937
0.0360096
-0.0371419
0.0780586
-0.0579931
0.0459358
0.00497984
-0.0860164
0.0346596
-0.054355
0.0855169
0.0381031
-0.0379294
0.17282
-0.00671384
0.18983
0.233156
0.0820589
0.185887
0.083384
0.145451
0.264536
0.125028
0.147558
0.167358
0.124965
0.213429
0.202611
0.0479214
0.222982
0.00933652
0.165873
0.277583
0.0352968
0.271587
-0.0768442
0.00855679
0.167399
-0.251757
0.112661
-0.189173
-0.0956197
0.0332862
-0.122768
-0.0443686
-0.120996
-0.260507
-0.161387
-0.0195795
-0.133735
0.0356716
-0.144877
-0.0688224
-0.0863934
-0.139358
-0.0906583
-0.237097
-0.205192
-0.00869951
-0.218605
-0.00370517
-0.275646
-0.291142
-0.020151
-0.254327
0.0211783
-0.0540096
-0.152556
0.00560167
-0.173106
0.0110298
0.00638513
-0.0835228
0.0363725
-0.0458161
0.0266378
0.0451121
0.0135602
-0.0257352
0.000141045
-0.0522742
0.0332966
-0.0131118
-0.00456679
-0.0251485
-0.0531511
0.00243258
-0.0578809
-0.00724134
-0.0571765
-0.0410591
0.0464069
-0.0814387
-0.0243903
0.0295658
-0.0731631
0.0890533
-0.0728318
-0.0375203
0.106458
-0.0317938
0.112942
-0.00751752
-0.0401862
0.16841
-0.00780372
0.174956
0.0807177
0.00818835
0.271058
-0.0132222
0.0775192
0.140388
0.0684233
0.222842
0.103969
0.0484421
0.281606
0.129126
0.178331
0.112727
-0.0111135
0.320083
0.227488
0.123088
0.225673
-0.152511
0.231023
0.223982
-0.316002
0.233445
-0.0653449
-0.0101941
0.0905088
-0.198113
0.00635509
-0.0514566
-0.195659
-0.0510598
-0.127818
-0.0145484
-0.0193064
-0.103448
-0.0558924
-0.146335
-0.104079
0.000827602
-0.228819
0.0528577
-0.0167676
-0.164719
-0.00549691
-0.235309
-0.023395
-0.0779285
-0.194463
0.000717485
-0.172371
0.00530683
0.0516151
-0.216408
-0.023052
-0.144896
-0.00643609
0.0693828
-0.115356
-0.0188755
0.00141578
-0.0768217
-0.0218426
-0.0478706
0.00422172
-0.0103069
-0.0629032
0.00431223
-0.0521544
-0.0197674
0.00445124
-0.07094
-0.000406572
-0.036666
-0.0324491
0.101033
-0.0653949
-0.00217043
0.0372962
-0.0368075
0.0629612
-0.0501982
-0.0133267
0.0857561
-0.048058
0.158901
-0.0386495
0.152225
0.160443
-0.0459562
0.233412
0.0513639
0.245848
0.297653
0.0421213
0.103634
0.139011
0.0385626
0.216139
0.0755585
0.163191
0.189823
0.0617734
0.18646
0.136431
0.0220411
0.257094
0.0248353
0.119286
0.246732
-0.0382799
0.283421
-0.189721
-0.146615
0.13934
-0.186467
0.102094
-0.067384
-0.223077
0.0720924
-0.256853
-0.084809
-0.1189
-0.238469
-0.0528945
-0.0493305
-0.10849
0.0190349
-0.0801685
-0.0457672
-0.139574
-0.170178
-0.0120233
-0.121588
-0.106056
-0.0715773
-0.228087
-0.0608831
-0.323967
-0.264362
0.00109153
-0.27773
0.0422696
-0.202174
-0.207991
0.0199635
-0.179762
-0.0423048
-0.0718428
-0.139398
0.0763585
-0.0159544
-0.0408295
-0.0327225
-0.0967294
0.0272707
-0.00861497
-0.0345486
0.0185283
-0.0475085
0.0269703
0.0372333
-0.0803064
0.0123795
-0.0534391
0.0230269
0.0353828
-0.028747
0.0991104
0.0510723
-0.0180602
0.0901545
-0.0681438
0.0929068
0.0551397
-0.00475627
0.102295
-0.0439826
0.109998
0.0742664
0.00838783
0.153404
0.0121348
0.225157
0.265472
-0.00266644
0.238939
0.0185152
0.116957
0.166274
0.0474067
0.175214
0.141736
0.128186
0.161088
0.0420301
0.139109
0.220118
0.0874466
0.259168
0.120091
0.116368
0.269039
-0.114468
0.310787
0.171796
-0.20486
0.196989
-0.177307
0.0912313
0.128435
-0.247482
-0.0375305
-0.158054
-0.112472
0.0385033
-0.180505
-0.0765606
-0.0817371
-0.13729
-0.0278251
-0.0855195
-0.17322
-0.0545113
-0.194908
-0.104332
-0.0448767
-0.190568
-0.0252652
-0.213212
-0.15171
-0.0437761
-0.213077
0.00639987
-0.219223
-0.176146
0.0320888
-0.2164
0.0407521
-0.142608
-0.149575
0.0919866
-0.100481
0.0244172
0.00642608
-0.0459569
0.0195458
-0.0157138
0.00476088
0.0216026
-0.0502855
0.00370165
0.0209778
-0.00782475
-0.0216608
-0.0620184
-0.0110598
0.0169826
-0.0156896
0.0622685
-0.050161
-0.0116818
0.0590546
-0.0251572
0.0458082
-0.0349056
0.0284151
0.107442
-0.0117414
0.105146
-0.0210038
-0.0199321
0.133353
-0.00103412
0.219394
0.0484232
0.0362549
0.237739
-0.0122152
0.17022
0.137688
0.0431013
0.211131
0.0170599
0.173574
0.210703
0.0834695
0.152331
0.0636417
0.0425272
0.252724
0.18738
0.0496309
0.127095
-0.0371494
0.254617
-0.0893829
-0.0822004
0.155193
-0.221597
0.112799
-0.14729
-0.240377
0.0902623
-0.252022
-0.0732309
-0.097045
-0.246832
0.00366905
-0.172771
-0.178242
0.0124599
-0.119936
-0.0199476
-0.104949
-0.200774
-0.0294564
-0.0704821
-0.0589977
-0.0337667
-0.190178
-0.0218681
-0.0285311
-0.123433
-0.054185
-0.208063
-0.00762852
0.00916203
-0.147852
-0.029866
-0.162779
-0.045977
0.00746337
-0.152306
0.04934
-0.0666217
-0.0644662
0.0208405
-0.109311
0.0452227
-0.00154417
-0.0668518
0.014699
-0.0718313
0.0441109
0.0527489
-0.0830128
0.0107522
-0.060477
0.0570291
0.0753303
-0.0382644
0.0705996
0.00631073
0.00949832
0.104401
-0.0368467
0.109332
0.054973
0.00469015
0.118742
-0.0309778
0.101709
0.0556672
0.000651907
0.115407
0.0234204
0.133097
0.102658
0.0214416
0.160926
0.0613581
0.171885
0.186939
-0.0100114
0.124143
0.119014
0.178188
0.234637
0.0183301
0.146703
0.166738
0.116561
0.203863
0.0508548
0.0462145
0.206002
0.0402283
0.134741
0.0610199
-0.0319603
0.193716
-0.144237
-0.0536091
0.0829605
-0.197971
0.0739336
-0.192571
0.0818363
0.0624271
-0.188026
-0.0754231
-0.170614
-0.0616376
0.0338818
-0.108255
-0.155357
-0.134162
-0.110312
-0.0269751
-0.095864
-0.199073
-0.103637
-0.165674
-0.0896453
-0.0560764
-0.227506
-0.0515811
-0.218183
-0.12284
0.00622514
-0.185589
-0.0115352
-0.189124
-0.120169
0.0539843
-0.138876
0.0651836
-0.117183
-0.141859
0.0223732
-0.0320106
0.0595676
-0.0534849
-0.0990238
0.00558219
0.0239982
0.0307387
0.0151063
-0.0346012
0.0110321
0.0553815
0.0258775
0.0415557
-0.00335345
-0.0119158
0.0825397
0.00380576
0.0284832
0.00942457
-0.0247589
0.0737799
0.00671837
0.0625927
-0.0142651
-0.0222196
0.0549374
0.00599678
0.0824948
-0.0183025
0.00789117
0.140802
-0.00155205
0.185937
0.0203603
-0.0296014
0.18649
-0.00392453
0.168515
0.109549
0.0447159
0.140274
0.0139854
0.170148
0.163591
0.0638965
0.0917314
0.0072964
0.163924
0.200763
0.119348
0.0554744
0.0200604
0.01734
0.226809
0.185836
-0.0518686
0.048835
-0.0887854
0.149212
0.12278
-0.21675
0.0666953
-0.167322
-0.0283772
0.0623788
-0.152287
0.0335242
-0.235461
-0.169259
-0.0544334
-0.0968719
0.00684929
-0.117268
-0.181847
-0.0240068
-0.0517682
-0.0432717
-0.072663
-0.199677
0.0181614
0.0213622
-0.0701607
-0.0226573
-0.158744
-0.0242229
0.0102336
-0.0909145
0.0327473
-0.0711405
-0.0379485
0.0270655
-0.0788964
0.0222714
-0.0606914
-0.0542236
-0.0125352
-0.0774452
0.0480215
-0.0100378
-0.0660079
-0.0134705
-0.0895797
0.0611295
0.0277268
-0.0426027
0.00138916
-0.0488936
0.0400928
0.0647974
-0.0431834
-0.0236532
-0.0219166
0.059517
0.109452
-0.0242903
-0.0432158
-0.00426538
0.0138897
0.061474
0.00457954
-0.0034311
0.0340222
0.0340014
0.102567
0.0335497
0.101399
0.0453264
0.0404726
0.140725
0.0738954
0.154564
0.137198
-0.0102183
0.0775608
0.12318
0.168295
0.171886
-0.00601715
0.056881
0.159585
0.104147
0.134632
0.0183305
0.00997619
0.155159
0.0841214
0.125792
0.0182488
-0.0330553
0.137629
0.0295922
0.103263
0.0306286
-0.0432853
0.118721
-0.056255
0.0290436
0.0619987
-0.106796
0.0300888
-0.117723
-0.0878079
0.0304122
-0.109639
-0.0823329
-0.156675
-0.147214
0.0261504
-0.0913799
-0.150189
-0.174515
-0.223061
-0.00886301
-0.0702589
-0.213805
-0.128288
-0.122873
-0.0364359
0.00290932
-0.167638
-0.0583217
-0.151924
-0.0664229
0.0113353
-0.129081
-0.0136628
-0.153405
-0.108192
0.00930976
-0.0751234
0.0142166
-0.134132
-0.103597
0.00934825
-0.0199487
0.0306901
-0.0935276
-0.102523
-0.0108623
0.018882
0.0500315
-0.0715126
-0.0729426
-0.00622479
0.0577187
0.0708404
-0.00130443
-0.0549611
-0.0298358
0.0701142
0.0484621
0.0331312
-0.0203926
-0.0267822
0.102658
0.0389474
0.0661953
0.0218319
-0.00900391
0.104802
0.021222
0.106085
0.0594573
-0.00804994
0.101202
0.0130468
0.116729
0.0878455
0.0069922
0.0936534
0.013656
0.173265
0.0899025
0.0190451
0.0997988
0.00129051
0.172039
0.132328
0.0600612
0.0871634
0.00343678
0.149774
0.208936
0.1352
0.000739045
0.022817
0.111021
0.198825
0.145677
-0.0528267
0.0432415
-0.00442669
0.139839
0.152045
-0.0736023
0.0101408
-0.11318
0.0800861
0.124457
-0.124165
0.0352303
-0.18361
-0.0701796
0.0275826
-0.108474
0.0285398
-0.230667
-0.235287
-0.117081
-0.0596491
0.00691989
-0.217762
-0.287745
-0.218794
-0.0310635
-0.037223
-0.114507
-0.270815
-0.261595
0.00829722
-0.0919491
-0.0171491
-0.176392
-0.0886314
0.0203862
-0.109386
0.0406241
-0.0972857
-0.11512
-0.000333497
-0.119651
0.0645439
0.00439263
-0.135787
-0.054673
-0.118124
0.0753593
0.0587536
-0.113876
-0.0511762
-0.0913757
0.0663389
0.106914
-0.0866579
-0.0682853
-0.0692981
0.104214
0.167148
-0.032059
-0.0458238
-0.00915875
0.115552
0.186282
0.0252801
-0.0138427
0.0685354
0.0553924
0.180307
0.104697
0.0124073
0.114008
0.00692204
0.126027
0.157851
0.068604
0.164208
0.00403828
0.0966074
0.188144
0.0985078
0.194076
0.00298544
0.0393026
0.194745
0.188152
0.206441
-0.0041907
-0.0153138
0.177803
0.133947
0.176908
0.000995541
-0.0346025
0.134553
0.034559
0.124794
0.0192076
-0.0955656
0.0322248
-0.0876864
0.00854651
0.0410582
-0.0759627
-0.082909
-0.190952
-0.122984
0.0207284
-0.0854008
-0.199782
-0.251229
-0.243114
0.00546533
-0.0952633
-0.284801
-0.23956
-0.288915
-0.0468135
-0.00485293
-0.276853
-0.116095
-0.217476
-0.11323
0.0383258
