0
-5.50727
5.29788
-9.55172
-24.4431
-4.91281
1.01059
16.5597
14.8299
36.0047
-3.0645
-15.5179
-39.5626
-2.24974
66.9748
13.2061
20.0011
-17.9835
-50.7755
14.9724
6.44981
-3.00155
-41.3973
-0.21492
13.9196
-19.5087
-26.2629
-6.83343
5.57376
6.07093
37.8454
-17.0738
2.80828
-26.9063
-28.5284
9.72987
-14.0049
-29.9148
37.3112
-20.1263
3.3833
11.4127
-0.201256
26.7849
4.39402
6.81523
-21.3601
27.5597
10.3709
6.51782
-9.30025
51.4676
-31.7392
-25.8231
27.2814
-1.35156
15.4953
52.1175
51.6174
-7.63355
41.9519
6.11619
-5.34954
-20.3934
-38.0441
-5.84817
-15.328
38.8969
-0.422418
0.84889
-4.39051
3.03253
-11.026
-27.6089
42.2688
-1.25148
26.7928
-15.3017
-21.9378
13.8309
18.1411
5.22353
5.18573
18.7467
-12.0675
7.26788
6.38537
30.6612
-9.44726
-22.498
22.6263
-32.8418
-54.7516
-21.7442
17.5185
-14.5561
6.59044
51.2199
-0.957484
-33.7972
27.6471
-25.6367
-0.39475
-12.3735
-52.2431
3.88524
-42.6165
-11.8985
34.3013
-0.667851
7.58301
-32.2282
-0.217618
-10.149
17.9456
13.9867
42.0281
15.5356
-13.6769
-60.436
-27.4453
42.766
24.4707
-7.51301
33.9698
-26.7698
-4.59379
-1.42333
44.2167
10.424
-54.9458
13.5482
6.8801
-8.67491
-7.70198
-20.9375
-53.2105
-86.7609
7.26231
30.5927
3.70499
11.1248
5.00813
23.3286
-2.37786
-34.0846
40.21
-50.2612
8.5819
-22.8561
-17.4375
17.7117
-19.5873
20.6066
-19.0994
-24.9501
25.8126
-6.78632
-31.8863
24.9725
-18.5423
11.6573
-4.77478
28.1588
-19.9774
-4.40403
21.347
-17.3755
9.76529
-11.9006
39.493
13.0375
-28.4152
39.0563
-38.6835
2.60643
-39.7046
27.6356
-27.2618
7.53636
-9.62651
0.834877
-8.78664
-47.2471
-4.80699
-6.64689
-26.3029
-1.81412
18.7249
-12.3006
-33.04
-47.8942
2.15724
-36.0464
28.1463
39.3096
0.557988
-16.6091
37.8223
-1.2888
4.83073
6.21682
24.7775
-1.4298
-8.40801
-11.6444
91.3537
23.4746
-9.63366
18.8813
-18.1668
-42.5401
-25.8047
24.5226
21.9631
-5.17669
17.2296
3.50946
51.1039
22.067
-26.7224
23.614
52.4629
-36.4859
-25.7235
23.0037
-28.7774
4.79168
-4.88457
0.928383
4.85615
9.81905
1.03508
-33.4366
-13.1083
-31.6194
-83.2605
-16.1528
17.947
28.7164
-20.8595
17.3717
-16.3661
-49.2217
0.239771
9.9924
-3.62649
-9.86407
5.60242
-13.5
15.6256
-10.2447
-16.4726
20.5763
-1.45143
-23.2615
9.96051
4.68653
2.18458
11.7258
34.6229
-0.399504
-52.5175
10.2007
6.22545
-7.88984
-27.8804
4.95503
4.27124
-29.8756
23.6734
-7.51093
7.17428
33.6327
-7.24587
24.5088
-30.084
37.8572
-38.4673
-12.1139
-16.1074
21.9774
-4.43167
14.2169
3.24675
-8.57501
4.23025
-30.9298
29.2652
41.8412
24.3735
58.1525
-0.83303
9.75459
28.452
12.8094
12.6886
22.4983
-12.8534
29.5538
-9.42457
-32.455
-16.3173
19.068
17.6875
18.7445
-14.997
51.6662
25.3678
23.3888
33.1719
-11.9236
-36.4209
-16.2867
39.5747
-2.89398
-34.3864
-5.48176
13.7952
-24.793
-27.8982
-2.74286
-21.5531
17.5367
-50.6994
1.24398
22.258
36.3674
-23.9382
-10.1245
-8.91384
-23.2146
-16.9675
11.5398
-12.0816
-9.60719
-25.794
20.9246
37.6935
25.4889
-5.30043
30.6148
24.189
2.36989
49.936
-32.3732
-19.976
9.52705
-21.1535
46.9617
-34.8956
21.7467
30.3624
-30.7987
-6.84437
-18.0285
-10.9379
0.415663
79.4387
-37.5656
7.46281
-22.5102
-0.490618
-12.7496
-29.5897
28.2415
7.97617
40.4616
23.3014
-34.2969
25.0173
-5.95617
-30.8089
-1.06157
33.9716
-2.08111
13.7425
2.65991
17.306
-30.1136
36.1579
12.8109
-44.9146
-8.64589
16.5693
-39.0984
-10.9138
-49.7088
-51.4913
34.0505
34.086
21.1842
1.30484
-75.7302
-19.5411
35.0542
-47.4211
-8.67671
-18.34
33.6441
-38.2785
5.42401
-24.1994
8.4563
7.95123
22.3586
43.2949
-34.9227
-61.502
-20.1283
-27.0559
31.8724
7.90789
4.73697
-7.90003
8.58188
0.684971
-18.6496
-29.3583
19.1141
23.9743
18.6385
-3.23678
-9.81247
4.22698
26.9278
-39.4283
-15.5483
22.1624
27.2294
3.20194
-3.59522
40.9827
12.0926
6.26139
30.2251
-15.2416
44.807
0.34434
-92.3407
22.9275
-32.8327
-10.383
-47.9066
29.1902
-10.2411
13.9716
20.6621
15.5705
4.29119
41.5356
-5.73475
8.89081
28.1063
1.84015
3.83935
-16.3219
14.474
8.33859
-11.4672
-24.4697
-33.9875
-34.0056
18.8957
29.5287
36.6228
-14.2624
3.42395
-0.0966573
-42.7633
32.1112
-3.84628
3.06014
0.534714
-24.8148
-36.9191
-28.2996
-12.6351
-27.2047
-12.5126
4.28867
-10.3845
15.5139
-5.55279
-9.06003
-22.2337
-15.6219
-7.45071
-33.0888
-13.1803
-10.5231
-2.50856
21.6144
17.6467
40.5492
17.9756
-37.6494
38.1788
-44.7306
-16.9981
6.32599
0.707415
-48.0114
-39.0289
-10.592
-9.6855
-4.66734
1.46418
-19.4597
-13.4669
-15.4092
-1.4898
33.0613
-4.66532
-19.0869
-53.8965
-16.5678
-24.4313
-26.551
37.2618
31.9554
16.3613
-20.5083
2.78845
-4.8133
-34.6689
26.8695
9.9601
-0.424785
38.8198
1.9771
20.0728
-31.5716
-9.43843
-16.7266
12.1049
-35.1599
-22.1674
-27.5407
-29.8144
-19.5007
16.0478
0.765722
48.4827
15.9489
-3.87057
-0.265617
-45.6379
-24.4951
-17.1725
-1.62421
9.94363
-19.3996
23.7078
5.51571
-3.75497
39.9294
-11.6447
-19.6431
-7.05261
16.1078
2.42431
33.0672
23.8841
31.4902
-9.97545
-31.5876
-64.9565
-0.407092
51.031
-19.4578
-4.36135
-8.7986
-11.4684
24.6372
-7.20929
37.971
-4.42374
-12.3603
18.342
29.6881
-1.12328
-26.1125
1.56098
23.9432
20.884
-23.7757
0.59169
-20.2508
-23.5358
4.83529
-50.7434
-14.3929
23.3057
2.70813
-3.18628
-16.2422
-47.7228
20.002
10.4924
27.4112
34.9643
2.58494
-28.6861
-28.2459
25.7639
-54.4557
-13.3408
-19.6142
-7.42985
-20.5562
28.4792
-16.9045
18.156
-23.0219
-11.0901
-6.07914
-9.81128
-11.3551
6.40715
-9.30875
-11.0206
-1.5126
-7.05107
44.937
24.0534
10.8502
9.01559
13.1267
25.9249
-21.9413
53.1481
-85.0116
26.1526
-14.3961
6.40406
23.3011
40.186
-35.7863
-38.1411
20.3254
9.05581
-46.916
-23.1915
-20.1659
5.58209
-5.1472
-8.06642
-18.9902
8.23148
-12.9018
-26.2385
5.14319
-4.24644
-43.0542
-26.8279
30.8355
-13.2429
39.2706
10.5724
-45.2408
12.3082
32.3734
13.4144
-0.665143
9.63969
-49.1256
19.4623
-32.957
-16.0303
4.95459
25.0243
-6.53469
2.53956
-29.7995
25.3074
-15.5837
40.6518
26.2962
-10.2067
-36.5303
-31.5376
35.658
7.9184
24.4431
27.6601
51.5093
23.9791
-11.5966
-30.7211
-26.0717
-22.1635
45.2093
29.6429
-29.9195
12.0082
-28.2593
-13.5648
9.75924
15.0357
-11.4872
-11.7561
16.2788
-8.9408
13.1422
-11.8895
13.9173
-25.9515
6.20766
-17.2166
-27.6125
-9.8548
-28.7766
-21.532
-12.5276
-29.4878
-22.9627
35.3775
-41.3203
-18.823
-8.16925
-46.2531
28.2806
-18.013
40.5775
2.78787
-26.5173
-10.1937
-12.4207
5.20792
-6.11344
-35.9009
-10.0679
-3.25158
-51.6458
-5.37215
-16.0645
10.5152
-29.592
-40.2988
26.9927
14.2622
12.3403
0.0177312
-0.770977
9.27268
11.2168
-6.03729
20.5695
48.1483
-13.4387
-34.5323
-55.7024
-33.9998
9.89775
-20.2294
-88.2459
44.4257
-1.09931
9.03217
-4.28707
27.1389
-11.1377
0.314407
-13.9828
32.9189
-27.282
3.43342
-19.969
-30.2405
62.5587
-34.7622
-11.5936
-47.7803
-27.6178
-7.13415
5.30087
16.6601
-23.8355
-14.41
-3.14048
-20.0248
-59.4541
40.1567
-2.09782
6.6127
-45.8436
27.1624
40.4172
28.5984
-13.4494
4.65407
26.2028
14.4123
7.77161
-10.6322
-8.39915
2.79189
19.8573
-55.7084
-11.7164
-20.0372
3.25784
-15.9457
-18.2423
12.8705
37
9.3703
-8.45261
7.32137
14.8858
-11.9844
-16.058
4.78486
-13.7272
56.9131
-42.4918
13.9628
-20.1975
57.3666
24.9264
-9.69084
46.9108
21.9072
-29.163
9.65306
37.0752
4.46405
9.85795
3.27428
-21.3925
19.379
-2.35037
5.97071
-0.806633
0.682915
-12.0033
9.88019
-10.5875
30.9562
0.123472
15.9777
14.1863
54.606
-9.8683
-3.4322
-40.193
-11.9606
59.5218
28.8129
4.26348
5.76597
40.2454
-14.1002
-15.3161
0.698203
6.92287
18.745
-2.63964
0.934641
-43.2889
-19.4187
-34.0416
-39.8859
5.06382
-16.2241
16.9783
-51.4041
-11.1266
-45.7391
20.7154
-6.51828
33.6488
30.8825
-40.444
-57.4327
-28.233
30.7093
-22.1913
-12.139
-12.9435
15.9348
14.0511
3.40969
-5.01922
-7.4224
-8.18752
31.1199
9.49099
9.83211
0.0624159
-35.6467
41.0939
19.3185
-18.6473
-18.529
11.7068
-26.5463
-2.80018
-11.8157
11.8494
14.2403
6.41183
-36.5499
-9.93142
40.4262
10.3841
-57.1385
-22.8279
5.48596
39.5153
30.073
63.2227
-19.0356
23.2351
37.7069
-24.294
21.2562
29.5474
-40.8689
-15.1181
-2.53739
15.7976
54.9284
-34.1847
23.2706
0.45399
9.15755
-18.9779
11.5293
5.16565
-7.51107
26.4131
-8.18374
-2.34786
21.098
-26.1863
0.410821
-36.8886
4.29521
-20.4853
35.8859
2.26361
5.02913
-31.2302
-2.32489
35.9409
1.48383
42.1997
18.8276
25.3502
-59.2645
31.1738
-11.5051
-7.23152
-52.1218
33.1764
-1.83076
20.9219
-47.7777
-4.56455
16.6473
23.9176
-61.3562
-24.2276
13.1592
-11.7487
-24.3833
-40.7814
-28.1727
25.2589
-46.7861
-32.5219
-20.1912
-69.5699
13.52
19.205
9.61776
-5.45258
30.3396
29.3168
-5.98535
3.40656
52.9143
-6.98106
-16.6504
-2.18666
-40.1527
7.3964
10.6286
-52.7497
-7.59837
25.6012
9.70237
28.7646
32.0355
2.42911
-13.8763
-17.5829
-2.55255
19.4463
-6.96784
-6.71655
-28.4094
-14.4369
68.6224
20.2465
-20.1265
46.0234
-24.3036
9.88211
17.0896
40.4045
-0.98421
1.34208
-6.79469
12.2207
8.04552
3.44279
-34.7989
24.5524
40.2895
12.051
6.00754
-22.9224
20.8134
-21.4721
50.9859
-23.8285
5.51778
-10.5105
-24.7012
4.59872
17.7358
0.617442
33.5902
-24.2568
17.4188
20.708
16.0911
-11.0489
-7.18794
-36.0774
-17.6312
32.1931
-14.0389
16.0074
-38.0956
8.08594
-45.0425
-45.4477
15.8712
-6.40448
-30.2036
-28.77
36.3097
4.31677
34.8795
22.218
41.7128
6.77175
-53.6547
-28.2086
-3.40825
8.45419
32.4279
11.0481
7.98635
-10.0107
-28.9577
2.16518
31.9768
-5.35074
38.7542
-37.6714
20.4149
48.7308
4.23013
1.45366
9.76678
13.6129
-3.31193
6.75881
-49.1832
13.0199
51.4674
-3.38666
-24.4579
6.48342
-0.533869
-15.8932
15.8167
-31.7119
-14.2909
47.3366
21.7207
3.40651
-27.1431
-26.3953
52.4687
2.14686
-12.2681
-17.179
-4.38982
-27.9897
41.8919
47.9892
-50.3561
-40.7863
25.2962
-5.65943
24.8314
-25.6825
-24.024
16.4405
-4.72204
5.80276
-28.0899
15.351
0.437169
45.6379
-2.80665
-13.4243
40.3051
-19.5002
-19.7613
-8.33301
-18.5945
-24.6421
-26.8124
-16.2217
-2.28278
-47.5622
-15.5993
-0.608568
20.7482
1.39117
50.1572
12.0591
14.0667
2.13073
20.7442
-13.1101
-31.521
31.1539
-10.4882
9.73087
-19.272
2.14776
4.85538
10.4769
-18.4928
25.9803
-9.94977
19.6408
-8.05948
0.300803
-59.9543
-25.8836
3.39085
45.0028
-34.2989
18.1809
-20.3714
4.21931
-64.3357
0.494167
0.989579
2.9433
18.9596
23.2949
-28.0062
-11.649
-19.1101
0.896923
-1.46467
35.0601
9.48012
-38.6075
-11.3362
31.691
-24.3604
14.13
-4.2435
-18.4197
-34.1206
19.2289
-47.627
-37.8587
37.4844
-4.5732
-11.9037
2.75748
-32.3426
9.81016
41.0127
53.2664
-45.645
-8.19221
25.5476
-51.0935
-28.9083
14.9515
35.6729
1.42277
17.868
-60.169
-37.563
-31.2297
-22.5838
10.17
-12.1954
14.0021
22.9681
-25.6061
-14.8653
-22.7591
48.5687
-39.9074
-12.7046
27.3412
27.1073
25.7456
38.3292
15.262
-23.6616
-20.2854
-20.3572
-30.8985
-18.6408
12.281
-9.00772
42.3055
-40.9457
-10.5623
-23.3845
-36.161
-44.8183
43.3916
1.40599
-9.18826
-0.137474
-25.4921
2.70022
12.7267
0.478472
-38.6613
-0.602445
-56.8079
39.542
-3.48784
-5.3794
42.6842
28.9309
23.7907
21.4592
6.51398
4.39511
1.40083
-5.84013
-22.3207
2.37261
9.61516
-39.9086
-10.4008
-32.2605
29.0476
-10.017
12.0945
-6.42958
62.5645
8.32215
24.9313
-29.1579
39.683
-23.5347
-21.6212
-0.275507
-18.0014
-22.0647
13.6659
35.1367
12.2202
-33.7025
-24.0327
28.607
-17.3846
-19.964
27.9944
-33.5262
-52.9463
17.7989
6.87303
18.5322
3.99899
17.0827
12.0858
12.1903
17.182
-26.4545
-3.0192
-8.88582
21.1784
-26.2319
-21.6907
-23.7859
26.4694
1.83659
23.7114
-0.878596
9.07093
31.0045
-7.52219
3.11947
0.990064
-6.58613
6.53198
39.8849
-26.9091
-9.69154
-13.67
-8.57868
-2.76443
-46.1174
-33.2651
3.53025
20.1853
-6.61083
5.23178
25.0206
-43.8854
3.19051
12.0845
30.3684
-15.6767
-90.6562
55.5487
-20.856
6.60232
13.1282
32.859
5.18453
-7.3771
14.3563
-9.57448
-27.7063
-24.1008
24.5974
13.0256
-18.9631
60.9168
38.7364
59.1871
-31.0813
-32.9247
17.6567
-18.4712
-22.2321
-8.81237
19.0409
-7.72795
22.7903
6.10357
-54.3095
5.59928
-7.12238
-14.3496
-45.7511
21.5263
-11.3573
-34.6062
40.1979
7.49941
9.31842
-4.50945
12.2726
11.3449
35.2803
-7.01563
-3.49417
5.16274
-20.0489
-16.9322
-0.0384097
-56.0148
22.5935
-32.1566
-4.67634
-12.2043
-33.052
11.9895
-7.64151
0.691044
53.067
27.5994
31.6096
3.52169
-40.7562
-10.9159
-6.59984
2.41705
-45.688
-27.6429
9.70633
34.1256
17.7119
34.5062
-7.60387
-36.1168
-26.276
-3.67115
-2.07681
-2.37465
24.609
6.73514
21.0673
43.7313
-12.2925
-0.241619
-15.9784
36.2081
31.9282
-6.58854
-11.3188
10.9303
22.8335
18.4733
16.0204
-26.3199
36.0842
52.3675
6.04467
-34.7794
3.15309
16.5015
-5.32045
-55.5278
-3.16213
4.46425
21.8194
-35.1192
10.4529
11.038
-13.7661
-9.31889
37.0984
-19.2129
9.73629
-3.19545
2.34071
4.94878
22.7323
-18.2181
-19.3498
-9.29864
0.696446
-30.5629
8.43793
-21.5441
-35.2963
3.28482
-29.5305
6.77338
-9.83194
-23.6697
2.65605
-24.8813
-4.62862
-18.994
-47.6191
-34.8425
-13.5844
-37.2241
12.2222
18.3785
22.5847
-25.1111
-8.23359
47.6458
-27.0578
8.97371
51.391
3.28621
-31.0418
48.1732
53.1612
15.2565
-3.63477
16.7538
21.3605
-37.8307
-31.549
34.7083
-28.2117
-27.1512
-12.0887
11.4614
32.9135
-13.0687
-56.5746
-7.16868
19.6588
5.22794
-5.85507
-12.9742
-20.4724
22.9118
-11.1692
-29.9938
-18.8591
10.6106
-11.4399
13.7765
-0.507001
3.29471
11.895
24.7473
-26.0182
28.4236
34.5901
-27.9564
19.8777
-16.8533
16.6599
12.41
13.4481
34.6582
3.54291
11.7553
49.2856
-19.1139
-10.2492
-22.6282
1.27516
17.3686
5.28944
-25.6645
-10.8044
29.1696
-47.9209
79.1192
-13.405
6.45249
12.3229
12.927
13.3626
-6.31155
-10.0481
2.68423
9.01772
8.88002
-3.92029
-30.151
28.1743
-11.3513
15.5612
-33.3812
-8.08938
6.15099
-34.1848
53.285
20.4839
-19.9977
-11.1641
10.7586
13.8656
21.9255
-10.7722
-22.2934
24.7091
10.7466
-45.3617
46.3225
27.5545
14.1346
7.64367
8.8918
-3.76658
31.0686
-7.77997
0.414685
0.967028
41.0514
0.517056
0.299365
-10.9986
-24.4674
14.9415
5.36907
-26.7891
-14.3545
-58.0164
59.5495
-5.95626
32.7332
16.0498
-15.5031
12.9061
70.947
-20.7951
-24.3371
-52.7225
-1.30865
12.8703
-1.40269
50.7266
38.984
-14.0355
17.8459
-4.06928
-3.13138
-2.54979
22.0377
-11.2118
-11.346
-3.49768
19.5496
-32.8741
-40.4897
-27.9618
-1.5875
17.8507
-8.20534
-14.4182
-22.6774
19.7698
53.5599
8.40402
18.6444
2.15118
-1.15695
-35.5884
50.9803
-2.53311
15.0674
3.77487
2.45028
-11.081
40.661
-13.2028
-40.1091
7.15693
1.27257
6.57495
32.727
-3.03483
37.3601
-13.575
19.5929
-6.78662
7.13583
-26.0545
-33.6182
37.0244
-8.42305
15.8736
6.68428
-9.73136
-5.94846
28.4793
20.2306
17.2018
7.42669
8.60047
62.7335
-28.9019
-6.01672
23.4509
31.3847
-2.29751
-19.7375
-34.1387
6.99293
-8.85647
22.2381
-7.27109
-21.2732
-1.65341
43.9152
0.254075
-57.4203
2.90757
23.0011
-47.1994
4.80826
-39.9551
-13.7271
-7.16912
-15.2845
8.62197
-31.8486
2.58762
-44.9393
-31.3539
2.012
-26.2381
-17.7899
22.5777
-3.93915
31.3868
-17.2252
-26.915
-33.8479
13.1999
-45.6555
-43.388
24.6939
-24.2737
-2.75584
3.2657
-5.20546
65.5912
-5.0168
6.62106
20.5271
-18.347
27.9896
-10.2654
-15.4848
-1.99516
-22.2754
-29.5366
-2.97176
1.24127
23.9761
25.2259
-25.9922
43.597
-30.4848
22.6627
69.3785
16.7985
3.65643
-0.605584
-1.72049
-1.65647
-35.976
39.5358
-5.33217
6.47361
31.7586
-17.3229
-19.9999
-41.5949
-6.83743
23.6662
-4.24311
25.5086
-20.3956
25.162
-3.30881
17.2283
-0.269092
-20.494
19.1387
-20.2702
25.173
3.80602
5.84379
2.44299
35.0547
-32.3312
-11.6285
30.6374
-7.53123
21.8246
22.2726
16.3742
-66.587
-1.45363
-35.6658
-10.5995
15.3781
-28.4992
7.07988
22.9881
-0.635647
-47.1341
-11.4544
-6.87043
-34.9474
-30.483
44.8688
28.153
-5.8585
-16.9426
-6.39355
15.5714
-4.32484
39.0569
12.5853
-3.60438
13.8372
-31.4008
11.2243
-2.50416
-10.3922
-18.6834
50.5116
-17.4514
-10.7273
-43.8217
-34.579
8.31128
0.318138
-22.5401
16.2638
-3.55006
3.10554
-18.3597
-42.7543
-10.5424
-22.9551
6.99337
37.0978
-20.0684
-4.27642
-4.62815
-40.814
39.0486
-46.2838
1.27772
-52.6638
48.5728
-34
-46.811
37.0137
-3.71247
-18.4795
-9.41495
4.26389
19.9859
15.569
42.57
-20.0591
48.418
26.8796
-34.206
-17.0197
13.3318
-23.4345
32.5516
17.7267
-6.31621
3.6149
-13.4178
-6.88743
25.6565
-15.2889
-2.77976
-7.42188
5.57893
-38.1388
0.690078
-11.2879
44.0181
-12.7581
7.18645
10.7433
3.3188
18.1212
-25.3487
-2.01157
22.414
-18.57
-3.25287
-38.4266
-48.1892
-60.727
30.6863
-12.7045
-32.6312
-8.57393
-12.779
-41.1469
-8.08543
-31.2617
33.6408
-10.5753
-5.64461
-5.07026
-0.0763434
-10.966
38.3494
-5.75773
-12.0885
-11.5205
6.28941
21.0541
27.3801
-25.2636
39.8469
-3.68088
-8.10742
14.2181
-18.1604
14.0699
-4.02248
-5.72418
5.72275
25.1212
6.70358
4.48971
11.6938
-19.6118
14.6124
2.84179
3.59656
30.2343
-25.4294
-14.3272
37.1874
29.24
-10.9354
-49.6339
25.1773
-34.908
-48.492
-22.5534
-7.58305
-0.781319
-8.81438
-17.5375
-30.8217
14.2874
11.4366
41.8209
-11.9207
35.6577
-15.5855
-9.99079
20.2872
-33.696
5.753
14.6644
25.9046
-17.0506
-11.8572
5.45916
-6.40522
2.82503
14.8512
-30.7939
24.7158
-10.3224
17.7123
-11.1327
-0.754067
2.49712
-11.7997
46.3814
51.6548
37.0559
24.4557
11.2436
4.64936
-5.35051
-35.6609
66.0725
19.0703
44.9833
-45.7167
-2.12485
-19.4843
19.4349
-29.6202
-14.2018
24.6863
-2.20403
6.14374
-7.66141
-37.4313
-22.291
9.49893
17.5567
-30.4562
34.1516
33.7859
-35.0841
-4.80523
-39.3583
-23.3748
-39.6365
-2.1347
-8.8018
-15.794
3.6286
-22.7167
-36.2196
0.572989
-28.8179
69.724
-38.8676
-6.15002
-1.56016
24.5127
50.1236
-5.86999
-38.2334
-32.7718
10.5505
44.7319
35.2092
7.41387
-48.0985
-20.5499
8.04212
15.3449
10.29
-83.1405
64.9856
5.00989
36.6526
32.5001
-0.129309
-8.33293
-9.03051
-30.2889
8.23051
-23.824
-0.970037
-25.1189
-0.71288
21.1152
-0.404599
29.2149
-17.0506
2.52292
40.5123
13.6309
-9.53703
-30.1074
-5.71695
-28.2641
-2.22591
29.1565
-39.8836
8.3917
20.5008
23.2267
-46.9627
-6.66795
-30.5874
44.7833
9.4802
-8.9865
-26.2211
-7.3864
5.50388
-4.92367
15.6639
30.3518
28.8956
14.5444
29.386
-16.3206
3.56229
-30.4735
29.1937
-26.1051
-15.1608
6.81459
-6.583
20.3511
15.6989
-25.8268
-4.77265
-4.15766
40.0392
-7.21109
10.1094
3.72204
-33.3288
20.7
-22.261
25.1081
-13.9538
40.1043
22.7754
-33.8811
22.8743
15.6182
27.1877
1.47921
-21.4186
-51.9915
60.0716
-13.7867
-10.9133
-16.8824
19.9946
18.9308
-43.2713
-1.40973
19.2567
-6.7023
27.9243
-20.7926
31.868
-3.55955
-17.5978
1.1044
27.5281
25.78
-3.2268
39.0748
44.2747
-3.14125
-22.4799
-14.6926
28.1615
-30.7238
21.7102
29.9023
19.0182
28.5847
-26.9108
-18.0227
21.6672
-27.2245
5.48069
7.85344
19.8989
-34.6501
39.5361
22.1846
12.5827
0.373075
6.38472
40.7437
0.326976
-37.8311
59.271
62.4895
-1.38757
2.72074
11.5741
-32.2064
14.499
51.9159
-20.3808
8.6037
-25.2657
-3.2583
29.7156
-26.6871
10.6421
-9.73388
31.9523
-20.34
-26.0516
-5.90209
7.94356
22.4504
24.9624
6.91278
18.542
3.85232
-14.1406
-24.4177
33.78
-11.6909
14.6856
-4.3193
-26.7952
-48.5331
23.0605
-36.1849
15.8074
19.4776
8.80544
24.7057
26.3895
6.29268
-20.8555
48.9949
34.6014
-57.4938
31.4459
-0.74
14.952
-18.309
15.139
-0.0849289
16.2509
16.3574
-6.91443
14.0122
10.613
-10.9911
5.10534
-37.8251
-40.3981
12.7455
1.70879
-11.587
0.387848
-9.98479
40.5406
29.526
2.50168
-5.96128
-35.1826
24.5941
7.51504
40.5108
1.54281
42.1125
-34.8697
-17.9062
13.1961
-8.81746
10.9534
3.35064
45.2717
19.6963
-3.82507
-20.7405
-30.0049
24.2347
53.9796
-24.8114
8.17545
20.3802
-10.5135
-18.751
-13.194
28.8981
-37.1225
5.62663
27.4114
-12.134
34.8112
-34.9621
-20.9999
-5.58391
-10.3146
-21.4974
40.2832
21.0696
-28.9693
30.7373
11.5002
18.7261
-12.9789
36.7222
-8.17282
-3.29454
-11.2591
1.8431
7.59177
38.323
15.6978
-13.0146
-3.32086
-27.8551
23.0197
30.6298
-3.88936
-8.21662
-0.470313
-21.2978
5.6296
-29.5166
30.1352
-6.35139
-9.27669
19.2058
-12.4417
-30.529
-59.562
-6.21246
16.6664
-33.737
49.0581
-12.239
2.54898
-13.3957
28.4724
-47.929
-14.3112
-14.4827
20.9602
11.9264
-2.3052
20.8564
-27.5023
-24.7411
-37.0546
-18.9801
19.4155
-9.52338
28.0335
38.5835
2.20194
58.3793
53.2776
-5.78156
16.6438
20.6543
-4.7369
-22.5307
12.1938
-3.78597
9.1308
-13.3355
24.2202
-19.0877
10.0288
-15.6007
-16.5457
-26.4762
29.8375
9.36021
10.8468
-12.7928
0.357739
1.73198
-50.8158
-11.8069
34.5285
-41.059
-58.9621
12.6312
-0.0643207
-19.1097
-38.258
5.55335
-15.019
16.6702
9.21637
-32.1485
-23.765
-16.9258
24.7155
6.07314
-47.5199
1.54442
1.71969
-26.9521
-11.5259
-24.9834
2.4251
-14.1418
-19.7674
-27.2505
-2.54903
-27.4153
23.614
-15.2919
-32.59
-7.8201
-30.0921
13.4503
-15.9937
-9.38668
-22.4273
-35.12
19.1368
-0.947065
38.7007
-29.5439
-27.5927
30.7971
2.49917
7.0226
-24.7923
1.8408
31.8424
51.7442
5.63647
29.5871
-5.90378
-11.3912
-33.9379
16.9635
57.5352
26.1327
13.5148
-19.7939
55.7702
28.784
14.1368
25.2189
-52.5561
-6.28303
0.394878
-8.96913
-29.5157
45.9452
25.074
4.4938
-23.4002
26.8856
-12.2624
-24.0436
24.5163
-7.68336
5.69855
40.0877
-7.67852
1.99167
-30.2612
37.3377
-11.6927
-44.4339
-27.2538
19.9462
-38.773
77.0917
11.7273
26.6467
-39.6207
1.07671
46.1069
-5.85053
-10.4314
14.9041
-28.657
-7.3058
12.7254
12.0909
-23.752
3.56633
-15.9186
-16.719
-9.9065
-11.8164
-18.6435
52.1757
-31.8865
-8.19437
-24.4892
4.00443
-35.8409
9.45857
-35.7141
21.769
14.3151
-15.4144
-47.4636
62.0665
-11.3268
35.6948
27.3151
-66.599
0.158129
-8.07109
35.4723
3.89386
12.2696
-1.57167
4.06869
-16.7382
-31.4065
0.738769
-24.0286
-23.8547
-11.9239
-14.0127
-16.1333
76.7868
-22.4493
27.0912
29.5806
-0.929788
3.57641
8.21026
-5.45802
28.0022
-59.7388
-65.3373
0.443071
-36.4287
15.6269
14.8189
-31.0877
5.03005
5.52781
-34.4139
14.5577
-15.9011
-3.60043
29.5019
-23.8859
-5.80486
-15.0426
-4.27269
22.167
41.4376
2.94415
38.7493
20.5345
-19.1825
-27.5439
6.98177
23.2582
-9.57888
10.0283
7.76527
34.7755
41.7573
-25.1166
-36.431
22.0835
50.9321
40.5602
44.3597
-31.9828
41.8346
7.91693
-5.28946
-6.82969
-5.58413
7.14108
-32.6029
41.8009
68.9673
12.1802
-18.4102
16.4828
13.4194
-27.1349
20.4176
25.6318
-26.3106
18.156
25.138
44.5286
13.2741
42.5911
44.0905
-6.63682
15.4686
13.7349
-13.3947
23.7426
-16.2075
-5.71741
21.4231
12.7009
32.1159
-12.7628
2.56033
-28.0819
-26.2715
1.32954
-9.56649
-10.5307
4.25293
-7.64554
-12.3328
-7.63546
-11.4789
13.6083
-34.9143
12.8597
19.6523
-5.09467
-11.4352
44.2407
-19.8239
17.1631
4.35638
49.8999
-15.9623
-39.0891
-14.4746
16.7735
-17.6809
5.23381
-7.72144
52.4267
5.77201
-4.31434
-20.571
24.5448
34.6801
-6.15496
-28.8217
4.29716
25.1628
-12.4739
4.54761
-10.4587
-3.00548
16.5619
-7.31825
-8.02192
32.4675
-19.9197
-27.8864
24.1352
4.26807
-35.4881
-2.3986
-11.761
-7.09286
18.7805
27.0543
-11.515
4.74675
-1.56292
35.0632
-30.933
-38.8352
-0.881694
-8.34668
26.7948
26.7755
9.92112
-1.48959
-17.2469
48.6643
19.499
-20.2247
56.3396
14.353
-16.5837
2.28046
-13.8455
8.81071
-29.0484
-18.2662
1.45936
-26.4306
12.7872
-17.6127
-25.3645
-23.1432
34.2768
1.55781
10.8006
56.5573
-11.4137
15.1197
10.7342
18.5201
-13.3792
-30.8584
11.725
-12.1807
11.9266
7.83157
9.48451
-12.3095
42.1121
24.4602
-56.0528
-25.8602
-37.0529
11.6227
-9.24594
-18.117
41.5755
8.57428
3.27695
-6.31388
6.86225
-2.23464
-45.6715
-16.0688
-2.36571
7.28586
-37.1166
74.6628
6.42766
-13.2037
7.21087
7.78937
26.7945
-20.7463
-3.87085
7.94768
5.99177
25.7445
24.5006
26.2394
-3.12818
-15.0984
-1.84796
-10.1216
4.11116
1.2548
-0.0443097
6.50307
15.8073
-35.3946
-21.3906
-36.9925
11.4026
48.7281
-32.3608
4.208
-14.8899
6.50634
-0.783972
5.07829
-43.9961
4.25454
-36.4793
-2.68407
-9.2787
1.96068
-5.35597
0.560261
6.58374
-1.01798
-26.9915
-10.2405
66.9429
42.8586
-18.321
-4.26167
-0.755581
-22.2238
-0.176136
20.3996
-44.7036
-42.3709
31.1326
13.5506
18.4278
7.50989
33.1841
-1.65471
-40.2157
25.8618
-30.5648
-31.5123
-19.6024
19.5138
-17.5009
-12.0249
-33.1077
39.5682
8.45863
21.8546
9.58475
5.65176
21.8196
-10.0102
-21.0725
32.1931
2.77692
-22.5205
-3.87548
-8.26745
-13.9759
13.3274
14.4687
-35.7295
35.9576
0.777662
20.7358
-4.73418
-26.8466
-6.46679
4.5866
-14.4519
-12.6203
3.3198
2.51052
47.2229
29.1393
20.6166
16.3011
-8.25236
-45.4552
14.7724
1.34306
-7.33608
-5.70316
15.6858
-11.7226
-11.9835
-35.5304
-41.5247
-18.5859
6.44487
-35.3888
33.7256
40.3217
-45.3837
24.6629
17.1163
-13.6308
-28.6509
-8.52012
37.9481
5.16223
35.6736
23.6788
42.0661
11.223
-52.5357
-1.62987
-10.4381
-12.2704
2.70589
12.1387
-17.4156
39.3765
28.7579
-46.0933
-15.6164
-5.80193
29.8314
-16.8848
25.3028
-22.5455
-36.5411
39.1171
4.93301
-22.5582
29.1083
-12.9819
-32.0195
0.53242
20.1083
-15.6491
29.9245
28.4757
-31.5077
-33.2885
17.6125
4.58345
9.65959
4.80124
31.2526
-51.9968
-23.6016
-13.5194
12.0288
7.44206
49.9259
-15.3846
-1.01701
-16.6735
31.5669
-45.5905
1.55114
30.1537
17.9203
-25.4925
-10.731
-24.8121
-8.60773
-12.5454
36.7719
-9.22042
10.2914
0.263314
23.6283
2.86073
6.62214
-8.97042
31.612
-42.0719
1.15786
9.27151
1.77169
-9.1873
-22.2547
-6.46985
-25.8875
19.4678
8.87923
-13.5758
-26.6136
4.92199
-19.9006
-12.7612
17.5765
-33.4998
11.865
1.11671
-36.9875
41.0873
-13.6942
-57.5854
18.8337
3.89436
38.3451
-5.81831
7.24323
-20.6206
27.2485
12.5511
-18.8024
-7.2303
-28.5173
31.8643
30.115
-14.286
-4.19064
38.813
-44.1353
5.3749
0.0196465
-14.06
-9.08912
56.2299
27.6689
6.74693
-30.0149
-2.94312
33.0005
42.0426
3.43502
-0.749741
1.39227
-6.94046
26.302
-6.40383
-50.0294
43.018
30.9769
-8.19849
0.275283
-10.941
-20.4815
6.40552
-18.4142
-21.0268
36.2453
31.3316
-18.7143
12.1928
-13.2093
22.2162
27.4371
5.28973
-9.84314
14.5373
-3.45658
6.77536
24.176
12.5675
33.4698
-13.0351
-38.5112
-8.75211
-23.9206
2.95932
7.36194
34.7211
-2.64864
-23.4031
-3.36172
66.4025
35.8439
-7.1174
34.3957
-15.2516
53.6787
-8.16545
24.2925
31.3819
1.89691
-6.84462
-14.4098
-16.4677
-21.3889
26.1057
-43.2915
29.7144
-8.68405
-4.34879
20.3209
-9.56873
-22.3337
11.0059
-35.9952
18.939
-36.1418
12.0619
-9.38125
1.09908
-34.5407
13.097
37.5806
-11.5158
22.4987
12.7568
9.51714
0.838508
8.27069
-14.448
20.6965
-29.5487
34.8461
-40.8186
6.67648
-38.1071
-49.6604
36.7357
31.4604
-13.8024
9.52387
-6.84521
-11.7739
15.4578
-20.238
-4.51637
-21.0221
-5.62791
-1.15278
29.8365
56.058
53.7815
7.81746
-7.31258
21.3935
4.12422
11.1322
-11.3702
-39.8989
-4.29461
0.986691
-46.0175
-4.18191
36.4672
-3.69795
6.25087
23.5926
22.5911
-1.15238
45.2396
-14.38
-31.9881
27.8867
16.7438
10.1435
-7.51276
-51.607
47.969
32.653
-41.5715
5.54574
-22.1591
-8.26898
-47.5479
-3.99612
-18.6757
17.2852
-23.9396
-13.2973
-47.3258
27.0628
-19.1434
-30.2551
-30.9013
12.972
25.9728
41.7569
37.8534
-14.7292
-5.83157
-59.4563
15.8129
-6.10789
11.2002
-21.0639
-5.65222
-45.8124
-15.9728
-19.3774
-40.4614
69.2522
-0.971675
-9.4857
-3.04006
7.67054
7.11092
-22.3917
21.5545
-30.8291
24.2323
5.04485
21.9365
26.853
-42.6328
-53.3999
20.0824
-59.563
-30.2007
23.0744
-75.9095
-33.1382
-8.15276
36.2498
34.7075
47.9138
-7.47809
-26.3118
21.732
-18.6983
-31.606
-14.8336
-14.7068
3.02526
-5.36209
12.2765
-16.9591
-17.7292
-2.28639
-28.6004
-22.2577
40.5699
-8.44051
-10.9746
-23.2621
-45.5271
-8.31149
12.6022
-4.33122
-4.94002
23.8443
4.79097
1.95445
-1.5922
15.3213
-26.9133
32.5555
60.1012
-20.856
-39.6824
0.136178
24.003
-18.1342
29.6535
11.2812
7.04305
-52.3276
6.71486
-12.5294
4.77028
13.575
-10.6811
39.0758
-35.7466
-19.6684
-0.527336
-35.5264
-11.2017
35.2949
3.47663
-31.094
-8.26442
-6.94573
-12.468
-40.1805
15.0826
29.5147
-1.00636
-5.36539
-34.6719
-11.5259
4.79217
-1.44009
-30.777
50.0599
10.2653
34.7215
37.3734
18.9744
-5.43901
-2.76218
28.701
25.8082
-1.18441
-0.509261
14.6183
-6.82867
4.54803
5.50995
-52.2148
-40.6732
27.5235
6.41525
-48.7422
57.1176
15.6636
37.1501
-20.5858
25.1657
7.04685
40.9902
5.69075
-11.6184
-1.69301
5.56417
-1.75115
-6.71152
12.4563
34.3804
-1.29798
-15.458
21.2959
22.4917
40.0742
-34.6492
9.37106
11.3124
17.941
-5.18238
-22.3171
-46.7768
-3.55251
8.06425
-19.1119
8.7598
55.6321
61.5925
-65.317
-5.72614
-15.3415
52.0954
4.5798
-7.40409
6.43962
-3.12516
-40.0608
-12.4525
13.9313
-8.87228
29.0534
1.72239
-2.64913
-51.5672
27.4963
15.1479
-14.8583
16.7193
-21.6377
42.4837
-9.9614
21.3828
-25.3614
40.5673
-15.1031
-17.0871
-26.2145
100.787
29.0958
-0.387411
40.6511
50.2841
12.2332
6.05019
-46.8861
-16.8294
31.6012
-17.4315
30.2734
21.6073
12.9136
20.1122
-12.1072
-2.05216
41.3281
29.7514
-32.8991
22.4764
16.7577
-9.91754
-7.97522
1.78331
2.74709
0.815479
13.6389
-0.578865
23.9007
5.06041
-23.246
-20.5995
27.0804
-28.5557
10.4855
-11.3635
-2.14855
44.3211
-36.0574
21.798
9.33442
3.90929
19.3729
35.0461
-11.0794
15.6063
-13.343
6.10417
9.98602
-42.2305
12.7449
46.3416
8.14584
-4.55652
20.6613
10.9196
8.06054
-2.71377
17.1199
-8.03708
-22.7961
-16.4647
-45.3974
-26.7835
50.1996
2.34497
21.0006
-26.9621
-44.5433
30.3211
-4.16037
-11.9954
-5.18256
-19.452
16.9591
25.9139
-7.92881
-18.6964
-25.7034
10.2062
-18.8497
34.5473
-19.4294
8.36093
-14.7052
8.21147
10.4231
21.8706
20.5057
53.6186
-22.1726
-8.21254
-2.121
-18.3202
-1.70424
40.681
-4.91189
-10.1171
61.6818
-22.0694
6.91727
3.08053
-14.5704
-2.39393
27.6762
57.5609
12.733
13.3925
15.4427
7.57849
-19.513
-32.0402
9.66804
15.0151
-13.4391
-18.5955
20.4016
20.5892
-41.4381
-13.8353
23.2616
39.7419
-24.1231
52.7308
-69.3828
27.6556
-7.53678
5.23611
-29.9239
-8.79356
-13.5814
-20.3862
6.80317
-4.24618
22.6654
-30.4136
-6.33448
8.578
-24.5189
-7.87118
11.4334
40.9204
-23.586
37.5375
-1.92421
19.1819
19.8452
28.4335
30.8015
49.5042
-28.2421
30.018
12.1742
36.9789
-19.742
-18.712
-2.30985
35.2403
-3.36678
5.16519
10.2692
-20.2687
2.4064
-16.1437
15.4654
-16.3659
-23.5508
-10.3544
-28.7959
4.03023
-34.9368
23.539
-0.247264
13.534
-42.123
-42.7237
-4.29886
-13.497
-21.8545
-15.6234
14.7221
19.5652
45.178
16.0984
13.6955
33.4207
-55.7787
24.4027
59.2855
-14.9372
-32.297
17.0636
-1.40835
-24.2076
10.7515
-4.93171
7.06908
1.41998
0.985799
-48.5546
-8.45092
-16.9576
19.8444
35.0982
35.4097
18.1147
37.2102
26.719
43.6393
-13.7968
27.7819
-5.9146
-34.7613
18.4986
-46.0301
20.969
33.226
-14.3521
-5.32765
23.5084
-10.7759
18.5422
-8.87516
-6.72254
-37.0742
-27.7885
-35.8467
33.1044
5.9091
-10.0023
56.1745
-2.8155
-37.4307
5.01815
-27.4076
-15.2578
-0.204718
18.3407
46.6283
19.0978
57.5258
-0.304483
0.175124
-22.5071
4.39643
-27.563
-16.6137
14.8882
-5.78295
10.993
2.47737
6.69135
49.8417
23.398
-40.7114
-30.7786
0.315278
43.3438
-48.2386
11.4649
-0.288706
-45.2288
-14.8478
21.4551
25.5226
0.93829
16.0727
28.6352
9.15423
6.37777
1.42209
-33.754
-0.299041
3.65463
31.4464
-3.05074
18.8262
35.2056
-20.1871
32.4631
27.6102
6.64071
-3.78297
13.0391
25.948
-22.7934
66.7555
-16.1297
30.0341
7.20562
-27.7994
25.381
-0.925969
1.25601
30.7111
29.0572
23.0287
-0.712165
-4.94102
-36.662
-60.1769
-31.6564
-21.062
-7.82271
14.8017
-9.31771
18.4042
-16.7686
-5.08996
-30.9875
-6.99472
-12.6409
53.4827
19.2563
-28.7246
-49.4394
-3.10041
-45.1219
-40.8239
30.9019
-14.0342
1.69487
-3.47623
-25.2435
7.51802
-11.8074
-21.1821
-2.87406
0.1261
23.2483
-33.0421
-0.561488
-2.99924
7.64086
3.98035
-7.83129
16.3485
42.2946
33.3357
-85.148
-30.4534
-4.97685
-22.791
-17.0876
5.87817
29.1674
4.56319
53.4427
-18.7646
-48.2448
11.2853
0.346078
37.5615
2.19884
-2.76654
9.70483
-35.5291
41.0213
13.0722
40.6477
-22.0107
-4.46066
38.1406
-36.4417
-22.3604
24.0314
5.95004
50.0189
53.0936
-4.70503
27.0882
7.35908
-33.5345
16.1372
-25.4094
-12.4143
24.7389
-19.3416
-11.8683
-22.4861
6.39212
-38.9143
-3.00827
39.5582
-0.470911
11.1156
20.9036
-29.1848
-33.1523
8.35316
-28.6359
38.0955
-3.07934
-20.092
-5.25657
-14.2274
11.7991
-71.4991
36.856
15.8628
25.6243
3.15533
27.3769
-38.1609
1.7375
34.906
-32.9495
36.5829
-14.5535
35.7862
29.1053
-25.5444
-4.26338
-49.3957
-18.9698
2.83703
2.96322
-9.51431
8.91078
26.1968
15.5345
-23.341
-29.7327
40.3367
37.5002
3.17415
-22.4423
-3.45067
-46.1343
-26.2271
6.2602
32.457
-10.8195
34.2798
7.51122
22.392
-15.9247
-18.4894
7.54645
22.7642
-15.6888
-43.545
21.9236
-1.18788
-23.4529
-40.1423
47.9592
-1.64001
-27.9365
29.3452
-11.8086
-5.43131
-10.2134
8.14007
10.1764
-46.9098
-35.0364
15.884
-10.7725
3.79506
-47.675
-29.7732
-9.20787
4.11499
-7.26423
0.576368
-37.3025
28.666
70.8723
-35.1609
29.1536
-2.09126
-4.55873
12.891
-35.0544
20.2198
3.63
39.4183
-37.3574
27.8694
-24.8828
2.42215
-20.1822
16.0963
18.6038
-21.753
33.7525
-0.874111
5.4876
27.2094
2.25861
7.59849
-3.56831
70.5846
6.39336
-21.3566
-15.277
-22.1125
-2.06514
-11.5784
9.76147
-23.4514
15.8067
8.93864
4.00198
3.12579
29.1117
-4.62567
39.4119
-3.02324
-0.549293
36.4173
56.458
-30.7007
-18.7781
-20.762
-20.8633
-8.12216
8.10935
42.8475
-12.8582
-18.2603
20.3673
-4.61413
9.14934
1.39929
-9.97641
5.21493
-31.7265
4.77376
-8.24105
42.6029
15.9893
-47.5246
-16.1129
6.58794
-51.388
-51.0343
34.2122
-2.74988
4.13784
-22.7696
-13.4853
20.2325
29.7088
-10.9073
-39.0358
-0.32126
12.658
-45.1663
35.1514
5.92691
6.8968
-6.11862
-7.33722
-4.06867
18.063
-21.093
18.6884
-15.06
-57.2211
9.28389
11.8225
-4.90853
20.3696
17.6715
1.02378
14.1534
0.91287
7.92225
-0.458447
27.9573
39.2525
-2.49428
43.7431
17.1365
3.95153
23.4071
-13.663
33.6478
-6.25085
34.7248
-51.8342
14.4123
-0.212634
-19.2156
17.1386
7.67185
-2.06992
30.9535
-5.96727
19.0507
-18.1221
11.4669
-2.54793
20.8666
-21.8003
-2.28612
-8.29697
-15.5979
11.2653
6.02411
26.0089
26.6334
-29.4999
-4.43613
12.723
34.5607
41.6401
-21.1751
51.4275
5.46891
-41.803
-13.9931
-7.76991
-29.0468
-24.6443
20.9426
50.8931
50.0062
-18.7264
-24.1782
-22.1153
-35.4371
-19.1237
21.2476
-19.8971
-29.3281
1.90118
12.1888
5.74545
-60.207
23.7282
-31.9475
-39.5545
19.6464
32.1116
-12.7099
-33.9034
-49.8779
25.8487
34.3265
29.2939
16.2776
45.3361
-33.5756
-11.022
-25.6909
67.8839
54.4383
-16.7047
35.9398
-6.77832
-21.2524
23.9643
-32.9295
2.1995
-42.517
-50.4769
6.4032
2.75061
-19.6792
21.4408
19.0821
9.12724
-20.9595
-11.2504
-27.3618
-51.027
-20.2623
-9.20503
29.8019
-16.3821
-23.6427
-16.8322
-18.52
38.0286
5.19429
0.813425
-22.409
-8.04312
-1.78914
17.6976
-12.3883
4.24044
1.98094
-4.05117
-30.8947
-37.1413
32.7234
20.468
-7.79831
-51.7959
-26.8759
-25.4314
-40.8601
10.9019
-54.1006
-35.2023
27.749
5.73526
-40.1154
21.6159
20.5459
-28.6858
27.5672
-13.4176
-3.19064
-15.3338
17.5721
-9.66789
14.3536
-5.93183
8.70297
10.5181
-0.92865
23.0215
-53.6768
5.26878
6.10961
-13.6496
28.7417
-8.8059
-2.09272
18.3856
-6.38421
-0.84973
-57.9489
-14.6498
-54.6499
-19.7253
-12.5152
10.2982
11.0215
-16.2202
-18.0447
-13.1506
22.9242
16.2014
-3.81832
-7.16695
-69.2569
-4.2949
-12.1839
-2.76782
-33.7247
-47.4058
43.6593
1.10025
-5.21429
-15.9163
21.3275
5.53986
-16.6533
-8.29684
