0
-2.459
0.519081
-0.394499
0.124455
-0.00423984
0.0515405
0.0127426
0.00850634
0.0387934
0.0121425
0.00486765
0.0163304
0.0314287
0.0156474
-0.00812522
0.00726797
0.00920917
0.00169908
0.00290566
0.0016003
0.0461995
0.0127895
0.00186472
0.00280848
0.00039203
-0.00359194
0.00100751
0.00250754
0.00726408
0.00197258
-0.00118418
0
0.00118418
-0.00197258
-0.00726408
-0.00250754
-0.00100751
0.00359194
-0.00039203
-0.00280848
-0.00186472
-0.0127895
-0.0461995
-0.0016003
-0.00290566
-0.00169908
-0.00920917
-0.00726797
0.00812522
-0.0156474
-0.0314287
-0.0163304
-0.00486765
-0.0121425
-0.0387934
-0.00850634
-0.0127426
-0.0515405
0.00423984
-0.124455
0.394499
-0.519081
2.459
