0
-2.45896
0.519082
-0.394497
0.124458
-0.00423934
0.0515409
0.012741
0.00850919
0.0387916
0.0121416
0.00486747
0.0163296
0.0314308
0.0156449
-0.00812788
0.00726496
0.00920671
0.00169571
0.00290392
0.00159765
0.0461987
0.0127897
0.00186499
0.00280725
0.000393514
-0.00359269
0.00100817
0.00250826
0.00726737
0.00197214
-0.00118497
0
0.00118497
-0.00197214
-0.00726737
-0.00250826
-0.00100817
0.00359269
-0.000393514
-0.00280725
-0.00186499
-0.0127897
-0.0461987
-0.00159765
-0.00290392
-0.00169571
-0.00920671
-0.00726496
0.00812788
-0.0156449
-0.0314308
-0.0163296
-0.00486747
-0.0121416
-0.0387916
-0.00850919
-0.012741
-0.0515409
0.00423934
-0.124458
0.394497
-0.519082
2.45896
