-0.00193787
0.193188
0.380818
0.553383
0.703313
0.823038
0.904987
0.941592
0.925282
0.941754
0.905876
0.824541
0.705319
0.55578
0.383494
0.196031
0.000961304
-0.194144
-0.381716
-0.554188
-0.703987
-0.823543
-0.905284
-0.941648
-0.925058
-0.941702
-0.905582
-0.824043
-0.704654
-0.554985
-0.382606
-0.195088
0
0.195088
0.382606
0.554985
0.704654
0.824043
0.905582
0.941702
0.925058
0.941648
0.905284
0.823543
0.703987
0.554188
0.381716
0.194144
-0.000961304
-0.196031
-0.383494
-0.55578
-0.705319
-0.824541
-0.905876
-0.941754
-0.925282
-0.941592
-0.904987
-0.823038
-0.703313
-0.553383
-0.380818
-0.193188
