-5.45228
-3.47217
-6.40417
-18.5425
5.90235
2.5104
-35.0507
-8.53727
23.1865
-27.2719
0.50668
-3.97284
13.0224
-26.935
-16.5175
36.5397
9.34451
-13.8961
14.0078
-2.48953
-27.7368
-17.9763
7.25505
-10.841
5.80809
2.99235
18.2525
-17.8424
-2.7775
-1.03089
10.9981
5.52992
15.9163
-9.46426
-7.92855
10.1692
1.82419
11.6841
15.6742
-19.6224
-2.37175
-13.909
15.8072
-14.3487
26.0663
40.7206
-2.01495
-10.1743
-17.5189
13.9395
14.5866
-5.67053
20.5202
19.3165
-15.7045
12.1979
-10.0894
-8.30602
-11.2859
7.99733
-43.5653
11.6158
-9.90612
4.23973
-12.2032
-17.1936
3.67339
17.0874
21.1901
-30.9866
-14.0349
-6.09752
48.5197
8.13076
2.5919
-40.3067
2.67596
-10.4251
-17.7373
-25.818
16.6379
-1.88722
10.4768
36.0362
10.5225
-9.49991
-23.6889
42.2285
6.14259
6.29413
17.1436
5.35308
-7.33825
-15.8883
24.2045
7.71891
-33.1674
-22.1108
26.5935
-3.85907
-17.1573
12.6896
-7.0112
-14.788
-2.72677
7.35771
-26.0243
-4.23493
-5.47593
-16.3178
-19.4265
25.9477
7.7983
-3.66371
14.5623
22.7256
10.4477
-9.1353
-15.2034
-6.46293
-5.87892
21.3757
-4.72291
-4.22179
-8.51194
-13.8227
-25.8051
-10.5982
-17.7063
-20.9702
19.215
18.6176
14.5789
-12.0697
7.25418
-28.1181
-27.505
-13.8238
-14.0247
28.4443
-8.87737
13.5778
6.45996
-13.5829
-29.8619
-16.1094
3.67658
0.0765945
18.0632
-10.2125
3.23529
-18.9175
9.3346
-2.62288
18.9927
14.5912
-9.85218
-13.6114
22.8122
5.98971
-3.93296
10.7097
-3.14049
-25.3935
16.8092
11.9463
-9.2244
-0.192985
-16.1658
3.3948
-5.12994
0.961896
46.3695
2.68438
1.59003
23.4974
22.6813
7.85019
-4.71964
15.3267
-23.9942
-8.07616
3.51888
9.05933
34.2934
17.3657
8.81734
-5.55087
-0.315426
28.3683
-6.42592
11.2291
50.7894
-15.2357
-31.998
14.5984
10.9139
-61.5833
-10.4846
-9.13924
-2.5983
-11.3216
-14.4705
17.6954
12.7417
-20.6394
-5.11199
0.117704
-7.0112
5.26259
-9.57253
15.4558
0.382292
15.2442
3.37945
7.38589
15.4207
-2.30186
13.0489
45.4946
-6.86756
23.6338
-20.1827
-10.5844
-5.05637
17.1997
-3.52319
-19.2757
15.6418
33.894
24.3692
-27.6225
19.4101
18.0841
14.6828
-8.59308
-5.50389
10.8194
-5.6515
12.2094
-10.2851
-9.82293
-20.8409
-4.98968
-10.4029
-13.5537
-9.34925
-18.9587
-21.3951
35.681
-10.3648
45.5928
-25.5907
-3.18271
-4.94277
-11.7294
19.7246
18.8638
-23.495
-45.9839
-16.7362
3.12521
11.7116
-18.9713
-15.8266
-17.4999
8.52579
9.13524
10.9567
-4.72506
-27.1912
7.11025
46.021
13.2568
2.7249
-27.2875
-23.1678
-22.8328
-9.29403
-11.4139
-0.88679
-12.0025
18.1309
21.369
-33.5116
38.4049
2.76856
-6.00222
-21.4215
-24.291
-4.18376
-6.64854
14.2797
5.98651
23.4399
11.9855
-11.2493
3.79007
11.8572
11.5554
-3.96631
39.0434
-13.6021
24.7172
-7.53099
-30.9716
0.693109
19.4002
-13.2679
-1.67353
-16.5125
-19.6765
-6.03969
-0.680132
14.9152
-16.2018
15.7434
42.3644
4.52032
34.708
-8.57532
5.9676
-27.093
14.3809
13.4386
39.1855
-13.46
-15.5821
0.913523
-25.7722
-7.26603
-13.387
-5.49681
8.88402
-11.8781
-14.1275
3.8968
-1.86299
-6.07297
23.4662
22.9869
-11.7038
-7.40345
32.3457
17.3257
-2.63193
-9.72349
-2.80248
12.6212
3.46423
20.2577
22.8824
32.8145
-29.0008
22.7666
7.62394
26.5768
-9.67545
-22.6546
31.836
1.71075
-2.63369
-9.73479
5.37708
-15.26
10.0369
-7.64864
-26.6591
3.83857
14.9272
-7.64797
24.2917
-3.48062
-15.3961
-20.8084
37.053
16.7285
-17.1955
-39.9291
-30.6669
11.1844
9.11603
18.6367
14.6906
21.3418
1.96532
18.3841
-46.3634
-28.0817
3.83066
-7.59798
-29.7406
-7.68378
21.4455
-3.69621
-1.80773
-17.6708
23.0535
3.63892
16.461
2.21744
-19.4523
-7.59752
-3.20272
-6.04659
2.3721
-6.08857
-21.8108
6.87063
-8.82766
29.3391
-19.1406
20.2439
19.1375
-4.24284
0.140247
-15.1469
31.0235
-15.5277
-23.4063
5.82317
-12.7048
13.067
3.09549
-22.66
15.4419
10.7857
10.3963
-25.1741
3.91957
34.5928
19.0332
4.98819
4.09409
6.52701
-26.6227
-12.7373
2.26584
-35.5599
2.48666
-6.20438
9.8954
-13.7259
-34.6211
2.35843
23.881
-18.0619
4.97434
9.66951
-20.41
-12.5209
5.69292
-12.9812
38.3456
-12.8093
-36.0621
-1.51453
-32.9337
4.64367
39.8848
1.27145
-4.66675
4.14074
29.9981
-14.5682
12.2962
-25.0114
-21.1678
4.54799
5.53019
-8.61494
29.0507
20.8555
25.7052
-6.20833
46.5664
-16.124
14.1437
2.8963
9.56935
-20.0837
11.0429
-3.84005
28.9336
14.5953
4.65946
6.59336
-24.6165
-3.51669
-4.31528
-19.3561
-13.5044
32.8757
33.1837
-19.263
-5.53619
-7.48078
-8.24777
5.75979
-1.01896
20.7307
-5.5172
-28.3224
5.54965
9.44122
-25.31
6.15807
-2.5074
2.51733
-3.9866
-35.0652
6.86034
-20.419
-8.41304
5.08837
20.9167
-10.4472
6.83311
19.5063
24.969
24.0673
29.8294
18.1396
12.7532
2.19603
-11.0924
-32.3017
-41.5393
-12.4113
2.04667
47.5003
-25.0536
-12.5962
2.53016
8.17168
-17.2595
-9.3275
-7.54239
-5.39188
9.73013
25.4554
23.7998
-8.24936
36.0306
-8.81817
-8.16143
20.1621
-8.20046
30.1064
-18.8712
27.8611
-9.77482
18.9366
45.0151
-30.2614
-7.69271
25.2441
-7.16733
12.1252
-12.9728
-19.3914
2.53617
8.22194
-12.4091
-10.8056
-27.1173
-15.5035
-0.901646
-3.272
25.677
19.7682
6.67165
25.4652
23.5834
2.25012
13.1198
-10.1633
8.75497
29.1128
-9.17763
19.4705
4.16341
21.2638
-27.1968
-34.8832
10.4851
-7.3355
-11.918
-5.09757
25.2427
5.64187
-6.68181
8.42176
1.6273
-30.5635
4.45323
-8.48801
-36.67
23.2852
2.68238
-20.0396
-30.257
13.6275
32.7739
-5.12213
-15.4216
-31.7984
-10.5147
-36.2934
23.5816
-32.0782
0.240563
13.6496
5.69888
-6.38119
10.4758
15.9838
19.7487
2.20314
-10.1745
-37.2769
-13.7242
-11.3737
-16.3202
-36.9852
17.6619
5.65042
13.2809
25.2337
-1.87461
8.39742
31.2997
3.74289
-35.3843
-13.8576
-1.15224
28.1205
3.87766
2.13861
-1.73335
-18.1788
-1.67875
-21.624
8.47344
29.3654
-26.7798
-27.9398
-0.273767
8.45657
-1.08159
-16.7154
-2.99349
-18.5477
5.50599
0.969401
-33.9269
-9.54881
20.7482
-3.32992
6.08717
9.3536
25.5512
-31.173
-5.09052
-18.2532
-4.34565
1.6441
41.0015
-37.3411
-22.5212
-7.37693
-1.379
10.1045
-14.957
11.2778
-18.9658
39.1399
-7.01465
2.674
-8.24406
7.17695
34.1688
6.57782
-5.82473
-17.7376
-37.5387
-15.1334
2.45055
9.56098
8.97939
4.10543
-5.02789
-2.7867
15.8032
-22.7201
15.0689
-23.4039
4.30989
24.1067
-23.5721
5.29578
-37.6957
5.33217
12.2016
-11.3796
0.326933
-31.7557
6.13627
30.1679
-21.7102
-9.30139
12.1681
-14.3259
14.8952
2.22905
34.2764
-8.74606
5.10496
-0.649425
0.0195207
14.2598
12.6996
-19.7311
9.0731
3.66487
2.37209
8.82991
4.31353
-1.80487
16.5088
27.3121
-4.52893
2.31088
16.3981
5.59127
5.49914
-18.3221
-9.09411
11.2482
19.0382
-23.2103
36.2487
-9.77866
24.0846
6.74214
13.9192
9.51306
2.03485
-23.2856
12.3895
-3.61931
-8.23969
14.0467
-6.16307
7.27762
-6.57429
-28.7739
-34.2044
-0.340847
-25.857
-28.9454
-1.7012
-23.828
-6.87545
6.64048
2.05996
-19.7535
18.5115
10.7851
16.2064
-25.4223
-27.9489
-7.19944
-10.7322
7.21137
13.9992
-15.1719
-5.29906
33.7529
2.83861
-37.8812
-1.78963
-34.0231
-8.41246
-29.3641
9.71871
-20.5661
8.44906
0.640923
12.6482
9.48364
16.2537
-4.9323
25.5242
7.77734
19.9895
-33.5743
-16.7243
15.0163
25.8036
4.835
-38.1616
-0.643442
37.4566
-15.4992
15.0716
-14.3999
-4.90973
-8.21703
2.4005
-7.28716
5.60223
-9.38424
-13.0481
12.7743
2.45012
-3.8461
-20.4058
-12.9345
-17.93
-2.67128
-15.3629
7.94346
10.0054
1.36674
-23.6339
-30.0677
-15.5955
7.08695
-14.4584
9.04316
18.5801
30.2309
1.10655
24.341
34.2506
-14.8409
-16.6461
-4.59345
-12.3714
11.7724
11.0471
11.1928
-2.11963
-8.04322
-10.9557
3.23195
24.2628
-34.7459
-4.23039
13.3879
-1.70501
13.1823
3.67626
-30.1475
-38.9913
-11.0104
11.852
10.1291
-6.86992
-20.904
-4.0807
4.77843
-7.83712
-12.8442
-3.76748
13.418
-14.6802
-18.2058
20.7337
37.389
-0.142385
-12.8501
6.85659
19.6459
-2.55336
7.43077
24.0869
0.957454
-6.57703
3.0665
-19.5346
-14.2518
-2.8277
13.2775
9.24926
3.00057
-23.9232
26.8816
-11.7692
27.4408
-27.3431
12.8381
12.7392
-16.3974
20.6114
19.1743
4.13045
-2.87276
15.0725
20.3341
-20.5512
-3.7617
8.54536
-39.9937
-7.63387
2.68358
11.7721
0.777618
-37.8987
-12.1721
-40.0924
36.9783
-10.7367
-2.02523
-15.7377
-41.0127
-5.29843
45.5373
-9.55161
1.51322
23.3417
32.6771
4.76289
-6.0885
-36.9738
-0.296648
-18.4487
28.2642
-1.92022
20.5161
-11.6911
20.414
6.38505
-42.9534
26.4893
-18.5483
-17.119
-23.8781
15.2365
-11.8082
-7.93641
10.8218
3.12657
-18.7282
-3.48615
5.5884
43.5739
-16.1178
-13.5917
-1.98679
8.69997
5.90775
3.35711
10.8966
-21.5594
20.6352
3.10557
17.3479
6.29004
1.54343
21.1313
-27.0747
-0.500894
-3.21261
-12.8965
0.449809
-10.9791
17.2739
-9.28883
-21.1789
-1.93193
7.07122
23.5943
19.9671
-11.3887
17.1096
19.9665
34.3992
-10.403
11.5329
6.19668
1.06963
-42.43
11.62
20.6653
-7.94228
5.97808
-11.2313
-13.8495
-23.1535
-11.9252
-9.30615
10.9839
-20.6065
-31.1428
16.5452
-12.5868
23.0654
16.3784
-38.7986
16.4386
23.3821
-12.8685
16.3318
-31.7094
-20.8949
10.935
-9.23121
-12.3006
-23.5475
-13.8281
-10.5509
6.4125
-7.98549
20.792
11.3197
-42.3749
1.91993
6.40535
11.8386
-9.54244
34.6566
19.9607
16.789
-11.0327
20.023
23.433
6.73177
-2.50375
-21.2422
-9.26619
17.1688
-11.031
0.0697001
-12.9446
-2.97574
-0.282396
-26.6101
21.3382
1.43231
6.19781
17.1063
2.4466
20.5474
-21.7465
10.9144
3.09973
5.70935
8.44852
-2.47601
-14.0104
-16.0522
43.3697
4.98326
-3.93627
-19.0249
3.23236
10.8887
-7.94487
-11.8303
14.8417
-24.6195
-17.6006
-18.6123
26.2396
-43.7572
6.38752
20.4334
-11.7012
20.7236
-1.76412
27.8523
-18.7118
-0.747868
-36.8893
-5.77651
5.34212
32.8161
23.3026
1.10271
-9.5289
45.3961
-5.78898
-41.6005
-15.4969
-2.26578
-10.6172
36.4675
-40.809
-12.5795
-37.8378
0.990167
12.0012
2.69942
-7.87617
-39.6641
9.18813
-3.75238
-20.5606
20.751
15.1222
-3.22365
4.27383
19.6264
20.4758
-16.3524
12.75
12.7393
-26.854
27.291
-12.0884
26.4861
-24.0582
3.25309
8.94999
12.4724
-3.01803
-14.183
-19.5207
3.09726
-6.55624
1.33782
24.3514
7.23657
-2.94291
19.6334
6.82901
-12.8538
-0.0337505
37.414
20.0542
-18.7744
-14.7551
13.6585
-3.31932
-12.901
-7.74717
5.1994
-4.13411
-21.075
-6.95508
10.2608
11.8483
-11.2593
-38.95
-30.0798
3.78709
12.6955
-1.73152
13.5294
-4.30978
-34.6935
24.4776
2.74764
-11.0639
-8.04803
-1.76364
11.192
11.1542
11.3986
-12.1885
-4.44658
-16.1498
-14.1107
34.7824
24.3361
0.965034
30.3496
18.402
8.75065
-14.8287
6.89296
-15.9646
-30.4718
-23.5637
1.71127
10.1992
8.08578
-15.762
-3.27469
-18.1258
-13.119
-20.074
-3.6619
2.31374
12.8978
-12.9193
-9.6466
5.62127
-7.76573
1.91417
-8.15566
-4.96346
-14.4014
14.9862
-15.3382
37.755
-1.04522
-38.0902
5.15417
26.1641
14.9134
-16.7562
-33.1377
20.1487
7.92433
25.3997
-5.21204
16.5241
9.15299
12.5727
0.579652
8.2227
-20.6154
9.50943
-29.5807
-8.5124
-33.6575
-1.65188
-37.2274
3.48314
33.977
-5.58781
-15.2884
14.113
7.2479
-10.9131
-7.1252
-27.936
-24.6917
16.4456
10.7197
18.214
-19.9608
2.07419
6.65555
-7.51798
-23.613
-1.73245
-29.2184
-25.6073
-0.0714153
-34.1646
-28.5337
-5.77957
7.69508
-5.51854
13.9233
-8.25626
-4.20264
12.3332
-23.3316
2.04403
10.1273
14.1053
7.20747
24.116
-9.67336
36.1939
-23.1345
19.4687
10.99
-9.50855
-18.2722
5.5166
5.6011
16.3438
2.2301
-4.41121
27.3232
16.1965
-1.8065
4.33451
8.69465
2.42227
3.62306
8.7862
-19.8705
12.806
13.9842
0.02679
-1.07773
5.27227
-8.86269
34.2931
1.59771
14.8993
-14.588
12.2666
-9.44719
-21.2408
30.2961
5.71465
-31.8415
0.382585
-11.7206
12.5105
5.32775
-37.9477
5.10535
-23.5936
24.2948
4.15642
-23.3759
15.1937
-22.9167
15.6694
-3.16557
-4.90445
4.34887
9.1084
9.79226
2.12787
-15.2017
-37.7066
-17.5613
-5.55451
6.57547
34.319
6.80689
-8.48099
2.37128
-7.28764
39.5169
-18.6811
11.2507
-15.2441
9.66623
-1.65003
-7.20487
-22.3862
-37.1015
40.9406
1.39402
-4.69814
-18.2719
-5.11522
-30.9244
25.964
9.24594
5.87891
-3.20896
20.5714
-9.82983
-34.0838
1.6832
5.71944
-18.5445
-2.5255
-16.0499
-0.986001
8.53472
-0.372719
-27.7779
-26.8244
30.1186
8.24272
-21.5877
-1.48434
-17.9741
-1.73334
2.2079
4.2276
28.1599
-0.943608
-13.6299
-35.0553
4.28847
31.3358
8.12206
-1.8691
25.3467
13.3329
5.90173
17.2529
-37.977
-16.6507
-11.279
-13.9342
-37.1136
-9.63198
2.17046
19.8562
16.148
10.3597
-6.91933
5.60137
13.7206
0.0187288
-31.8558
23.2751
-36.9486
-10.5062
-31.7897
-15.1513
-4.91245
32.5694
13.0604
-30.1992
-20.1341
2.72422
23.6336
-36.5107
-8.16254
4.8117
-30.4838
1.95755
8.65789
-6.58929
5.74147
24.8509
-5.11979
-11.9929
-7.37283
10.6533
-34.7965
-26.7642
21.7705
4.41975
20.2691
-8.95246
29.398
8.87478
-10.1441
13.412
2.42395
23.6744
25.4882
6.59515
19.8509
25.658
-3.26947
-1.26292
-15.7819
-27.0766
-10.9472
-12.2749
8.17294
2.4104
-19.0045
-12.5734
12.4853
-6.8014
25.1118
-7.53647
-30.1549
45.0348
18.8191
-9.84373
27.3448
-19.2343
30.0216
-8.02367
19.8012
-8.28374
-8.73632
36.256
-8.233
23.6845
25.2945
9.4652
-5.69846
-7.81091
-9.43637
-17.2793
7.96078
2.09287
-12.8122
-24.9665
47.62
1.86353
-12.9033
-41.7446
-32.1853
-11.024
2.72664
13.0061
18.7909
29.903
24.1017
25.1948
19.1996
6.52499
-10.5014
20.669
4.35325
-8.79962
-20.7819
6.63206
-35.1655
-3.91158
2.55804
-2.48547
6.22847
-24.9832
10.2466
5.56483
-28.108
-5.13049
22.1166
-1.04464
5.62186
-7.80257
-7.57077
-5.72122
-18.6857
33.3933
32.7148
-13.6556
-18.9391
-4.25728
-3.17409
-24.6616
6.85388
4.88066
14.7476
29.0839
-4.34103
10.9876
-19.8588
9.61404
3.46677
14.4288
-15.5677
46.9087
-6.19569
25.7476
20.7286
28.9663
-8.7508
5.04409
3.81861
-21.405
-24.8905
12.6003
-14.4978
30.1507
4.02775
-4.61095
1.37629
40.1905
3.94863
-33.057
-1.1944
-35.8683
-12.6605
38.3858
-13.09
5.81803
-12.2139
-20.1667
9.94982
4.87959
-17.8479
23.8486
2.43224
-34.6409
-13.501
9.81401
-6.30138
2.07173
-35.8348
2.23255
-12.5565
-26.1697
6.65189
4.19759
5.35233
19.0081
33.8562
3.4014
-25.0144
10.3941
10.9091
15.2283
-22.6379
2.68276
12.9821
-12.8743
5.78502
-24.0335
-15.6064
31.0339
-15.2827
0.147585
-3.91724
19.6096
20.1958
-19.0097
29.3101
-9.15872
6.19744
-22.0041
-6.22951
2.48429
-6.11662
-2.84541
-7.7928
-19.2221
2.393
16.5201
3.63519
23.0175
-17.3993
-1.86332
-3.55644
21.4931
-8.08278
-30.0794
-7.59274
3.7887
-28.0475
-46.3121
19.1378
2.93856
21.5014
14.555
18.4988
8.55032
10.8677
-30.934
-40.3976
-17.0686
16.3861
36.4384
-21.0174
-15.2938
-3.30508
24.3972
-7.51944
14.8378
3.02597
-26.8529
-7.30133
9.8454
-15.3094
5.70404
-9.40899
-2.23775
1.83014
31.1279
-23.0547
-9.46932
26.4884
7.5151
22.6415
-28.9386
32.8609
22.7359
19.8426
3.16575
12.2261
-3.05287
-9.7888
-2.60173
17.6077
32.5061
-7.34211
-11.7127
22.7164
23.1136
-6.58562
-2.33062
3.37963
-14.305
-12.2759
8.69048
-5.71653
-13.4969
-7.6759
-25.5152
1.42163
-15.474
-13.1159
38.9535
13.2886
14.2407
-26.8857
5.86682
-7.97733
34.8264
4.6468
42.2388
14.832
-16.373
14.8008
-0.903944
-5.85463
-19.8835
-16.5228
-1.59235
-13.1534
19.03
0.283772
-31.1701
-7.53058
24.2701
-13.7724
38.8638
-4.06758
11.5022
11.4272
3.68117
-11.1726
12.1479
23.3526
5.28438
13.9949
-6.90469
-4.10543
-24.3021
-21.4164
-5.91767
2.83785
37.9463
-34.0451
21.2916
17.7846
-12.1265
-1.02607
-11.7626
-9.27402
-22.9364
-23.8023
-27.3307
2.81635
13.5724
46.1595
6.87245
-27.5825
-4.88744
10.8231
9.01053
7.70696
-17.7681
-16.0832
-18.9356
11.9664
2.85103
-16.9942
-46.0784
-23.459
19.4611
20.1097
-11.5229
-4.98752
-3.39531
-25.6865
45.5447
-9.78252
35.259
-22.5265
-18.704
-9.34499
-13.6416
-10.6562
-5.02768
-20.6904
-9.72435
-10.0811
12.2842
-6.22133
10.3438
-5.66087
-8.34953
14.9173
18.302
19.4426
-27.6839
24.2394
33.8348
15.8756
-19.2808
-3.23198
17.167
-5.01378
-10.2066
-19.7142
23.6408
-6.13008
45.5154
12.6199
-2.28387
15.6125
7.55996
3.57247
15.0235
0.354572
14.6988
-10.0926
4.83822
-6.77811
0.106912
-5.21719
-20.6387
12.4224
17.6447
-15.1576
-11.4952
-2.92212
-9.73764
-10.8969
-61.352
11.2351
14.8583
-32.1255
-13.9333
51.6359
11.0125
-6.10192
28.5701
-0.0287687
-5.16593
8.80485
17.4265
34.3557
8.85775
3.13737
-8.36519
-23.8158
15.7739
-4.91067
7.80904
22.7638
23.5012
1.05785
2.50164
46.4665
0.671276
-5.48695
3.32828
-16.3914
-0.143322
-9.3095
12.1026
16.2579
-25.4273
-3.27296
10.2582
-4.01969
5.89598
22.6769
-13.6286
-9.53284
14.82
19.0757
-2.87935
9.16685
-19.0787
3.16101
-10.2205
18.2066
0.0213152
3.08485
-16.5584
-29.9658
-13.3856
6.86255
13.7276
-8.8962
27.9873
-14.1027
-14.1713
-27.7033
-27.6647
7.57238
-12.2498
14.5691
18.3094
19.1484
-21.0153
-17.6216
-10.8097
-25.768
-13.5557
-8.48021
-3.81215
-4.74069
21.3795
-5.87173
-6.42421
-15.4455
-8.64677
10.8456
23.0143
14.5668
-3.74578
7.62789
26.0064
-19.7408
-15.9727
-5.25652
-4.01325
-26.1502
7.6654
-2.82462
-14.1801
-6.93835
13.3656
-16.7945
-3.12231
27.2231
-22.1187
-32.7112
7.77035
24.1652
-16.0203
-7.38991
5.0841
17.2383
5.98722
6.11925
41.7227
-23.9617
-9.11225
10.6213
35.956
9.46151
-2.38276
15.8961
-26.2038
-17.8008
-10.7434
2.49688
-40.1761
2.68808
8.72061
48.4934
-6.44573
-14.0968
-30.7796
20.9155
16.9269
3.58134
-17.4497
-11.519
4.1593
-9.4944
11.631
-43.651
8.15709
-10.9245
-8.40438
-10.0648
12.2244
-15.4936
19.1965
20.2219
-5.70678
15.2226
14.1073
-17.5494
-10.0541
-1.98431
41.1465
25.7706
-14.6348
15.3275
-14.0592
-2.59531
-19.4866
16.1099
11.6884
1.41343
9.78628
-8.17284
-9.60177
15.9334
5.4737
10.9535
-0.851423
-2.77122
-17.3402
18.034
2.57095
5.46838
-10.8933
6.75537
-18.1832
-27.6295
-2.24379
13.8999
-13.9493
9.28411
36.5285
-16.6947
-26.7301
12.9647
-4.18304
0.551752
-27.4591
23.3057
-8.24393
-35.0342
2.86118
5.93009
-18.334
-6.56819
-3.42103
