0.999998
0.998889
0.995372
0.989458
0.981162
0.9705
0.9575
0.942193
0.92462
0.904815
0.882831
0.85872
0.832545
0.804359
0.774234
0.742244
0.708472
0.672986
0.635877
0.597235
0.557159
0.515731
0.473055
0.429244
0.384383
0.338587
0.291964
0.244632
0.196684
0.148239
0.0994092
0.0503161
0.00105048
-0.0474043
-0.0965201
-0.145359
-0.19383
-0.241811
-0.289191
-0.33585
-0.381698
-0.426617
-0.470493
-0.513239
-0.554744
-0.59491
-0.633632
-0.670835
-0.706419
-0.740301
-0.772392
-0.802629
-0.830932
-0.857233
-0.881463
-0.903575
-0.923509
-0.941219
-0.956658
-0.969796
-0.980596
-0.989035
-0.995089
-0.998747
-1
-0.998843
-0.995279
-0.989318
-0.980973
-0.970267
-0.957221
-0.941869
-0.924248
-0.904404
-0.882377
-0.858225
-0.832004
-0.803785
-0.773623
-0.741597
-0.707784
-0.672272
-0.635132
-0.59646
-0.556349
-0.514904
-0.472205
-0.428363
-0.383491
-0.337678
-0.291039
-0.243685
-0.195736
-0.147282
-0.0984462
-0.0493388
-8.11536e-05
0.0483716
0.0974832
0.146326
0.194778
0.242748
0.290115
0.336769
0.38259
0.42749
0.471354
0.514067
0.555547
0.595686
0.634386
0.67155
0.707102
0.74095
0.773011
0.803204
0.831469
0.857729
0.881923
0.903988
0.923879
0.941545
0.956942
0.970031
0.980785
0.989177
0.995185
0.998795
1
0.998795
0.995185
0.989177
0.980785
0.970031
0.956942
0.941545
0.923879
0.903988
0.881923
0.857729
0.831469
0.803204
0.773011
0.74095
0.707102
0.67155
0.634386
0.595686
0.555547
0.514067
0.471354
0.42749
0.38259
0.336769
0.290115
0.242748
0.194778
0.146326
0.0974832
0.0483716
-8.11536e-05
-0.0493388
-0.0984462
-0.147282
-0.195736
-0.243685
-0.291039
-0.337678
-0.383491
-0.428363
-0.472205
-0.514904
-0.556349
-0.59646
-0.635132
-0.672272
-0.707784
-0.741597
-0.773623
-0.803785
-0.832004
-0.858225
-0.882377
-0.904404
-0.924248
-0.941869
-0.957221
-0.970267
-0.980973
-0.989318
-0.995279
-0.998843
-1
-0.998747
-0.995089
-0.989035
-0.980596
-0.969796
-0.956658
-0.941219
-0.923509
-0.903575
-0.881463
-0.857233
-0.830932
-0.802629
-0.772392
-0.740301
-0.706419
-0.670835
-0.633632
-0.59491
-0.554744
-0.513239
-0.470493
-0.426617
-0.381698
-0.33585
-0.289191
-0.241811
-0.19383
-0.145359
-0.0965201
-0.0474043
0.00105048
0.0503161
0.0994092
0.148239
0.196684
0.244632
0.291964
0.338587
0.384383
0.429244
0.473055
0.515731
0.557159
0.597235
0.635877
0.672986
0.708472
0.742244
0.774234
0.804359
0.832545
0.85872
0.882831
0.904815
0.92462
0.942193
0.9575
0.9705
0.981162
0.989458
0.995372
0.998889
