-0.403655
1.59337
0.867861
0.332179
-0.959822
-1.10977
-1.6267
0.97097
0.268249
0.607652
-1.24831
1.54489
0.880877
-0.889435
-1.14842
-0.902229
-0.522773
0.150466
-0.178215
-0.804073
0.463945
-1.15057
-0.597622
-0.51297
-0.134837
0.872569
-0.661371
0.0400338
0.218193
-1.23439
0.0613416
-1.12964
-1.2396
1.36537
1.42059
0.988004
-0.485928
-1.20868
0.611421
-0.264305
-1.23968
0.0233913
-1.48574
1.28446
-0.672899
0.42592
-0.691125
-0.163294
0.0233659
-0.973067
1.62268
0.891025
1.4167
1.26953
0.425852
1.12258
-1.39286
-0.910568
-1.44853
-0.582071
-0.282338
-0.685418
1.03381
-0.486393
-0.710542
0.185962
-1.08712
0.933284
-1.17376
1.57732
0.850423
-0.934988
-1.56373
1.04498
0.678908
0.815563
0.898497
-1.41686
-0.54996
-1.23916
1.22345
0.374356
-0.445919
-1.33164
-0.649178
-0.344492
0.818171
0.417944
1.30768
-0.0974034
-0.975514
0.743155
0.911779
0.286715
1.03092
-0.190848
-0.0263996
-0.289965
-1.44316
-1.19539
-1.43559
0.507964
-0.614036
0.0749025
1.08528
-0.585236
-0.248842
0.774517
-0.912896
-1.39672
-0.70686
-1.14972
1.33316
0.862873
0.279414
1.17531
0.844408
-1.00315
1.14619
0.0188899
1.092
1.19799
-0.461149
-1.43201
-0.71051
-0.272096
0.921938
1.06147
-1.52727
0.201903
0.124658
-0.750537
-1.13048
-0.410169
1.31332
-0.548964
0.0691019
0.606394
-0.396945
1.54161
1.63478
-0.809023
-0.0876551
-0.651448
-0.565511
-1.41927
0.573878
0.0882418
-1.28777
-0.626469
1.32234
-0.768421
-1.09361
-0.0572763
1.50845
-0.877467
0.424749
0.822465
-0.696814
0.575571
-0.341277
0.40643
0.313924
0.117025
-1.16403
1.16058
-0.570032
-0.935958
-1.29742
0.332937
0.478238
-1.37394
0.0427415
-0.918261
0.478457
-0.831703
0.442073
-0.304858
1.27794
-1.3585
-0.335953
-1.31695
1.21039
1.1559
-0.746789
0.635903
0.997562
0.219273
0.0188061
-0.846171
-1.18386
1.29048
1.2534
0.325122
-0.371962
-0.390166
0.7154
1.27872
1.33112
0.897267
0.414136
-1.36243
-1.00718
1.07698
0.200492
-1.48565
-1.22039
0.489805
-1.54078
-1.04207
0.22346
0.584446
0.41606
-0.874783
0.629642
-1.0018
-0.498739
0.764158
0.411467
1.13872
0.579168
0.252104
-1.31603
-0.401873
-0.823941
-0.681585
1.42413
-0.255807
1.35148
0.269768
1.07983
-0.113218
0.0995554
-0.12787
-0.935679
0.689265
-0.80504
-1.5453
0.506998
-0.990574
1.29559
1.39447
1.18456
-0.465938
-1.37538
1.39498
-0.257483
1.50511
1.36675
0.916211
-0.635813
-0.36383
1.04989
-0.538722
-1.13406
0.218555
1.28888
0.529859
0.227036
-1.28122
0.467118
1.63501
-1.00729
0.125171
1.17713
1.01979
0.407541
0.438603
-0.327036
-0.516565
0.711408
1.12571
1.2273
1.18091
0.00206858
-0.0271836
0.977017
0.402506
0.594449
0.953455
1.19524
-0.321286
-0.452908
-1.42415
0.309809
-1.32151
-0.046032
0.171545
-0.745698
0.112141
-1.51034
-1.58851
1.08622
-0.524038
-1.27179
0.236325
0.808664
-0.871076
0.437863
-1.2228
-1.46882
0.0880564
0.176455
0.483492
0.818125
1.50157
-0.0201693
-0.390311
0.743419
-0.733018
-0.381119
-1.23265
-1.41947
1.43879
0.912466
0.535031
-0.114515
-1.03948
-1.10566
-0.864157
0.308577
0.761774
0.382815
-0.724565
1.35462
0.591545
0.125737
0.473151
-0.246689
-0.814839
-0.249465
0.713909
-1.54671
-1.21267
-1.39563
-1.43886
1.31115
0.649084
0.0277717
-1.12132
-0.129115
0.124096
-0.82063
-0.112504
-0.22343
0.382911
0.448379
-1.34088
-0.310886
0.364725
0.130752
1.13697
0.52429
-1.01517
-1.22055
0.495491
-1.33098
0.279706
1.54732
0.231629
-0.57267
0.582954
-0.182749
0.0603744
1.50688
-0.283502
1.15733
1.24932
-0.899841
-1.29456
-1.25219
-1.3721
-1.24755
0.596436
-1.20616
-0.54094
1.05764
-1.42982
1.13172
-0.60824
-1.2295
0.796741
0.427926
1.20606
0.772862
1.0266
-0.690913
-1.13927
0.800724
1.0392
1.53342
-0.390632
-0.343195
0.840773
-0.306669
1.25048
0.972127
-0.258887
0.816824
0.813006
-1.12325
1.12446
0.0488422
1.05388
-0.575875
1.08015
-0.105407
-1.51462
1.20611
-1.22069
-0.345792
1.40974
1.4965
0.161947
0.362596
-0.0725557
-0.474884
-0.498411
0.566526
0.843977
0.743668
0.757664
-1.29423
-0.111854
-1.54342
0.171354
-0.0858068
1.15073
-0.58268
-1.30728
-1.1342
0.869038
0.132108
-1.29634
-1.33767
0.703715
-1.24551
1.0942
0.593435
-1.37259
-1.32744
1.50084
-0.299439
-0.3793
1.00672
1.57225
1.41153
0.789365
-0.505542
-1.41245
1.04748
0.155539
-0.352963
1.13828
-1.24349
-0.0574962
-1.52915
-0.191956
-1.40481
-1.10125
-1.22598
0.464129
0.950271
0.306837
1.40141
-0.454122
-0.636786
1.08983
-0.880882
1.42152
-1.71854
1.50352
-1.41879
1.4126
0.029405
1.74399
-1.39325
0.263561
1.41095
0.177715
0.422029
0.475578
-0.185057
0.473828
0.374825
1.31497
-1.34619
-0.774741
1.51494
1.16018
-0.195328
0.341309
-0.676269
-0.798413
-0.167524
-0.272479
0.288811
-1.30117
1.6953
1.40564
0.614811
0.11034
-0.554827
0.914686
0.554797
-1.06036
1.21332
1.17565
1.36044
0.695808
0.352909
-0.244254
1.25236
0.936645
-1.43473
-1.4357
-0.291016
0.913706
1.54057
-1.04713
0.329811
-0.339082
1.48946
1.12217
1.00918
-0.321045
-0.131547
-0.763343
-1.15761
1.25307
1.18885
1.40678
1.51953
0.201237
0.896862
1.41861
0.967052
-0.782713
-0.273485
-1.25423
1.4483
0.299057
-0.942748
0.570846
0.251585
-0.584788
-0.956618
0.539309
0.0288918
0.904929
0.143029
0.99572
0.0708416
0.0408614
1.14247
-0.172744
-1.29144
-1.27641
0.767417
0.362835
0.478312
-1.02312
-1.09303
-1.46266
-0.453987
0.297881
-0.147704
-0.288452
1.0584
-0.547844
-0.166315
0.859552
-0.546872
0.33358
1.00729
1.31718
-1.00732
1.24669
-0.254571
-0.824569
0.12279
1.36445
-0.247389
-0.634805
0.362726
-0.997934
-1.403
-1.18524
-1.08018
-1.02601
-1.22937
0.618198
-1.0243
-0.554917
1.3766
-0.0788295
0.463429
-1.09547
-1.04813
-1.60315
-0.999023
-0.630542
-1.11529
-1.24688
-1.14335
0.0796214
-0.924845
-0.28037
0.125832
0.884014
-1.24701
0.965384
0.388731
-1.17329
1.25612
1.18735
-1.48781
-0.650167
0.922717
0.601112
-0.871636
-0.905119
-0.371826
-0.151174
0.31044
-0.404882
-0.0744068
0.830367
-1.47061
-0.636939
0.602471
1.1426
-0.00572508
0.23024
-1.07898
-0.263646
-0.0553827
-0.851131
-0.766276
-0.308851
-1.35461
-0.555466
-0.734938
-0.479898
-1.06707
1.26044
0.31996
0.6172
0.964724
-0.0385672
-1.06572
0.220481
0.265375
0.792572
-0.277539
-1.05691
-0.709933
-0.285033
0.515667
0.196164
-0.386705
1.47654
0.165718
-0.904327
-1.25864
-1.08973
-0.79004
-0.962659
-0.963858
-0.710095
-0.942848
1.25976
-1.20284
0.195096
0.00187731
1.48209
-1.15875
-0.319512
1.65042
1.07678
0.945476
-0.912287
-0.850559
0.45431
1.24339
0.204932
0.134068
-0.749639
0.803277
-0.958156
-0.580265
-0.166541
0.0462944
-0.948924
-1.04835
0.214876
-0.600632
0.244585
-1.0115
-0.0548574
-0.0489751
-1.29883
-0.509248
-0.950527
-1.24077
1.46391
-0.59941
1.09913
-0.603756
0.703718
0.741738
0.175116
-0.0838373
-0.173058
-0.248084
1.55229
1.00986
1.3342
-1.19961
0.754428
1.46918
-1.03258
-1.29282
0.875474
0.180371
1.20296
-1.20707
0.850587
-0.995783
-0.970915
-0.736739
1.11108
0.468531
0.0666988
-0.361785
1.16618
-0.271522
0.786563
-0.32917
-0.490346
-0.185639
-0.65713
0.89317
-0.107364
-0.613652
1.39272
-0.500501
0.264038
1.32816
0.405745
-1.14161
1.45062
0.39765
-0.632262
-1.07855
1.08203
0.4894
0.141585
1.27547
0.658842
-1.32652
-0.68491
-0.681456
0.709898
-1.45542
0.0668168
0.889965
1.03755
-0.557954
0.864487
-1.25881
1.0322
-1.23264
-0.257888
0.915162
-1.02717
-0.822077
0.59991
0.690826
0.288232
0.587504
0.0336909
-0.77174
-0.524273
-0.895653
1.37884
0.135872
-0.259016
0.00247668
1.4441
-1.04177
0.25977
0.120766
0.403904
-1.48228
1.26211
1.28069
0.197132
0.782195
1.19952
0.532737
-0.929524
0.314137
0.319106
-0.251204
0.692144
1.18526
1.24346
-0.0987089
-1.22318
1.6996
0.901868
-1.30942
1.28007
1.15656
0.0233938
0.0125734
-0.53139
-1.35942
-0.473798
1.05993
-1.53821
-0.595176
-0.230391
0.156737
1.3139
-0.626774
-0.455284
0.672635
-0.0130688
-0.915434
-0.18779
-1.05219
-0.959553
0.122103
-0.176375
1.48685
-0.434381
0.29975
0.31732
-1.50055
0.505171
-1.07972
1.34623
-1.09046
-0.301296
-1.20684
1.58087
-0.0901386
0.122165
-1.35905
0.831842
-0.987533
1.26335
-1.07707
-1.2671
-1.40235
-0.0248454
0.189474
-1.28297
0.892501
-0.120782
0.0261608
-0.237034
-0.385589
0.224793
-1.09526
-0.856198
1.19066
1.41496
-0.600205
-0.670509
0.481708
-0.360788
-1.56349
-0.832333
0.667987
0.500752
-1.56846
-0.811743
-0.901071
0.480461
-1.4636
-1.20375
0.864037
-0.850392
0.463881
-0.841252
-1.09974
-0.436342
0.919557
1.01039
1.10352
-0.308926
0.470891
-0.941824
-0.619071
1.00848
-1.46198
-1.26086
-0.672521
-1.41048
-0.893431
0.399648
-0.068524
1.2318
0.867299
-0.507475
-0.773838
-0.422456
0.256249
-0.638741
0.613508
-0.347966
0.241347
-0.127964
-0.485833
1.58709
0.768331
-1.01823
1.26448
-0.104771
1.35099
0.977796
-0.315988
-1.74323
-0.776197
0.243825
0.468033
-0.760937
-1.02233
1.02987
1.3202
-0.211884
-0.983137
-0.707955
-1.37368
1.47684
-1.13284
0.325543
-0.322687
0.146012
0.570827
0.842557
-0.996222
-1.50753
-0.879842
1.42576
1.05115
0.300163
0.364896
0.469613
-1.13546
1.22056
-0.229758
-0.388888
-0.180243
-1.30697
-0.979119
0.562607
-1.24684
0.41783
-0.838114
-0.237272
-0.515909
-0.159637
0.728277
-0.554966
0.348884
0.010357
0.610854
1.37586
0.562688
-0.926431
-1.37989
-0.481168
0.336881
-1.42041
0.115704
0.325779
-0.491989
0.883662
-1.27448
-1.14486
0.996713
0.169019
0.597829
-0.297452
-0.642063
1.28186
0.770562
0.562887
-0.431205
0.307915
-0.354992
-1.07493
1.45542
-0.979185
1.36938
-0.173949
-0.760487
0.131567
1.16919
0.685816
0.963705
0.482202
0.632528
0.924411
-0.919066
-0.0155692
-0.989321
1.67503
1.31919
-1.42498
0.55912
1.23537
-1.02516
0.274436
1.28543
-1.36511
0.728953
-0.479378
1.37615
1.40393
1.38509
-0.218055
0.877651
0.96869
-0.736028
0.809073
-1.45584
0.210485
-0.854604
-1.25331
-1.34138
0.706774
-0.546578
0.576157
-1.41387
-0.557556
0.35833
0.87315
-0.391283
0.559479
1.17884
0.380311
-0.810293
-1.23653
1.19844
-1.30633
1.2834
0.149605
1.51241
0.96587
1.29983
-0.37616
0.809366
-0.274973
0.0753327
0.466253
1.15011
1.24086
0.580078
-0.348771
-0.19849
0.733624
-0.930414
-1.11606
-0.353265
-0.694961
-0.690654
-0.868391
-1.36474
-1.30387
1.62977
-0.240814
-0.360277
0.720047
-0.726116
1.50099
0.860726
-1.29041
-0.220305
1.22205
1.34968
-0.323721
0.364292
-0.853338
1.51253
-0.879135
1.3361
0.185785
0.35042
-0.0325122
-0.688602
-1.04029
-0.844006
-0.801667
1.09725
-0.640374
-1.21483
1.63499
1.23547
1.2901
1.57963
-1.27524
-0.259746
0.81772
0.429386
-1.17079
0.855869
-0.843414
-0.791147
0.0888788
0.249862
0.0458541
-1.23887
1.22361
-0.914657
-0.926815
1.27094
1.3421
0.918372
0.836477
0.429234
-0.0892511
-1.51913
-0.171675
-0.381423
-0.696311
0.654399
-0.133496
-1.29115
-0.886207
0.729279
-1.1834
1.13212
-0.0834495
0.0594747
0.46711
0.864835
-0.375189
0.719022
0.0873042
-0.477351
1.36186
0.989988
0.514042
0.941722
1.24027
0.630597
0.893695
0.561488
0.365843
0.394508
0.565066
-0.972413
1.23392
0.871857
-1.49561
0.717148
-1.20031
-0.49335
0.694604
-0.897202
1.07182
0.844599
0.0204016
-1.57148
-0.630206
0.691758
1.56575
0.203356
-0.763917
0.263642
-0.191746
0.766135
-1.18594
0.954934
0.144846
1.26705
-0.528763
0.267795
1.14802
-1.25666
1.40362
0.184108
-1.53553
-0.60089
0.589402
-1.56495
0.404485
-0.447107
0.501692
-1.33923
1.21212
1.4607
1.28372
0.635981
-1.29223
0.48194
-1.61173
-1.41909
-0.218488
0.0319504
0.877459
0.552982
-0.245747
-0.753807
1.59101
-0.294115
-0.262195
-0.978778
0.852302
0.492144
-0.97074
-1.20674
0.532414
0.37047
-0.675256
1.44285
-1.24208
0.0154745
1.50076
-0.191182
0.483316
-0.283799
-0.740771
1.55497
-0.432259
1.13321
-1.05839
-0.825067
-1.5045
0.410367
-0.280649
1.19249
0.0728367
1.50931
-1.03552
1.04724
0.778202
0.727532
1.00439
0.494776
0.0411091
-1.3139
-1.45959
1.26611
0.245426
0.819684
-0.436444
-1.41021
-1.20914
0.627997
-0.381125
-1.0474
0.0499087
-1.32413
0.313196
-0.908588
0.876613
-0.61183
-0.128003
-1.66464
-1.09871
-0.33586
0.116121
0.271145
-0.670393
0.610465
1.1503
0.555985
-1.43036
-0.0256592
-1.20618
-0.699228
1.49842
-1.17831
0.0216706
0.197297
0.649366
0.0753696
-1.57012
-0.463374
-0.0856819
-1.44236
-0.453743
-1.54217
-1.31048
-0.237759
-0.962944
0.337111
0.757341
0.847872
-0.993806
-0.885852
-1.04557
0.482933
0.707411
-1.38979
1.53192
-1.38344
0.231651
0.901741
1.0927
0.742107
0.679951
-0.442357
0.908963
-1.15068
1.31998
0.037294
0.97734
-0.262266
0.276158
0.0430823
0.649273
-1.36733
-1.31173
-0.902541
-0.825095
1.30345
-0.730123
1.51273
-0.544949
-1.03366
1.01532
0.563699
-0.0408896
0.122519
0.700328
-0.699923
1.41002
1.27768
0.355104
-1.06164
0.590116
-1.43879
-1.46842
-0.646666
0.134182
1.00733
0.641212
0.618761
-0.177241
-0.525185
-0.442006
1.58011
-1.41986
1.24211
0.130701
-0.106335
0.775806
-0.0563388
1.28517
1.20448
-0.476554
-0.669507
0.338969
1.10693
-0.953876
0.500178
0.303171
0.484984
-1.22078
0.609338
1.16619
-1.05333
-0.731006
1.34986
-0.933679
1.10718
-0.0258434
-0.887814
1.02971
-0.438017
-0.0382182
-0.431722
0.300494
-1.22628
-0.199701
1.40269
-0.779677
0.568431
-0.578846
0.781471
-1.0798
1.36159
-0.185412
-0.962724
-1.46542
-0.812706
0.281332
-0.35647
1.00523
-0.220976
-0.786225
0.386866
0.594897
-0.88181
-0.942991
-1.2555
0.843684
0.526567
0.0623654
1.07915
1.0033
0.239905
0.92727
-0.853424
-1.2923
-0.731217
-1.24884
0.130187
1.12566
-1.56278
-1.13431
0.0517816
1.40527
-0.593886
-0.0175394
-1.27331
-0.660296
1.76059
1.47095
-1.59448
1.34066
0.346944
0.955705
-0.306174
-0.00605738
-0.0699858
0.37311
-1.16273
-1.42909
-0.347803
0.698932
-0.729261
0.686552
1.36849
-1.22983
0.561903
-0.0927661
1.18421
-1.0135
0.801341
1.04729
1.28957
0.443218
0.106492
0.305113
1.09031
-0.00503197
-1.34658
1.36617
0.440363
0.362733
-1.02644
0.482069
-0.331983
0.500999
-1.20799
0.434728
1.508
-1.40933
1.67976
-0.144201
1.09061
0.767335
0.0734575
0.694337
0.995685
-0.37521
-0.451442
0.596042
0.811775
0.813063
0.753761
-0.230259
0.612389
-1.4977
0.132855
-1.73208
-0.551003
-0.441696
-0.496049
0.629796
-0.423367
-0.152193
-0.674279
-0.491929
-0.947017
-1.31023
0.59161
0.509159
0.497869
-0.0406755
-0.329499
1.04425
0.122822
-0.229461
-1.36661
-0.427863
-0.275972
-0.394507
0.396444
0.179044
0.415443
0.871377
0.769423
0.49265
1.35341
-1.89416
-0.945726
-1.38812
0.775469
1.21349
-0.779777
1.27532
-1.51462
1.29363
-0.747959
-1.12035
0.0298652
-0.703504
-0.79116
-0.357074
1.07078
0.0512415
-0.727415
0.429551
0.573784
-0.736526
-0.244582
-1.19407
-0.824945
0.591834
-1.06447
0.291328
0.657851
-1.0541
0.236947
-0.487473
1.54815
-0.0214814
0.916409
0.0571998
-1.28654
0.437848
1.29684
0.395782
0.936655
0.986494
-1.01039
-0.857117
0.325952
-0.0742637
1.09327
1.11519
-0.758015
-0.914023
0.893134
-0.769415
1.01592
-0.227429
0.403935
-1.24757
0.413613
-0.204515
0.0743468
-1.03049
0.774708
1.03836
-1.23212
-1.41019
-1.28111
0.62253
0.217593
0.162832
-0.729713
-0.175592
0.456482
0.0583379
1.39517
-1.14128
0.580815
-0.267309
-0.14417
0.741596
0.574185
1.35547
-1.57393
-1.18077
0.735505
0.12707
-0.846123
-1.43356
-1.14085
1.21578
-0.971795
-0.49786
-0.724558
-0.356565
-1.20748
0.159667
-1.1916
0.835161
-0.600064
-0.0315058
1.11266
0.458394
0.0980746
-0.539741
-0.502208
0.823942
1.46379
0.424769
0.0959579
0.638837
-0.230226
-1.38157
0.305413
1.42383
-1.09339
0.665058
-1.09653
0.232472
-1.16165
0.0427675
0.750014
-0.414062
0.589336
0.909303
1.0824
-0.852759
-0.337579
-1.03554
1.54833
1.21687
0.189699
0.894252
0.00517092
0.224848
-1.18674
0.80471
-1.16073
0.982843
0.583319
0.585232
-1.68538
-0.727552
-0.671401
-0.0970252
-1.14786
1.31784
0.207768
-0.504795
-0.321828
-0.103081
0.776676
0.223251
1.40766
0.13464
1.59298
0.93813
-1.01058
1.49306
-1.18129
0.945653
-0.40575
1.02227
1.13547
0.912109
0.989453
-0.875605
-1.44979
-0.183703
-0.838298
0.635632
-0.319327
1.36506
0.298009
0.737681
-1.23403
1.07088
1.25096
-0.0127415
0.261292
0.316325
-1.49383
-0.0974831
-0.581846
-1.10251
-0.384159
-1.3545
-1.37554
-0.685467
1.52072
0.184299
1.33505
-0.471698
-0.713614
-0.0829624
-0.23185
-1.17043
0.513662
-0.876554
0.298773
0.283327
-0.838797
-1.03155
1.03062
-0.250578
-1.32835
1.63031
-1.19918
0.681441
1.24963
-0.916836
-1.18023
-1.12832
-0.410599
-1.30787
0.660876
-1.06931
0.331474
1.73979
0.848931
0.197605
-0.504287
0.297518
0.0264417
-0.328192
-0.960942
1.09132
-0.281038
-1.02577
-0.313975
-0.2154
1.00629
0.499455
0.659371
-1.62955
-0.423873
-0.081885
-1.37101
-0.623671
0.833881
-1.25237
0.144345
-0.992175
-1.31926
-0.623559
1.83987
0.865504
1.39414
-0.335893
-1.28507
0.173213
-0.17147
0.903915
-1.39851
0.010457
-0.864336
-0.467469
0.94509
-0.0485765
-0.197421
-0.0525461
-0.00321781
1.0837
1.21502
1.25325
0.906463
-0.780406
0.447407
-0.25673
-0.676254
1.08161
-1.30476
1.27694
-0.134462
0.372181
0.538801
1.02993
0.263463
-0.00160463
-1.31092
-0.00463959
-1.05192
0.605761
-0.0969854
0.485937
-1.51388
-1.25034
0.653624
-1.36961
-1.36302
-1.01893
1.58888
0.734749
-0.373131
-0.609128
-0.469926
1.09037
0.171655
-1.21779
-0.939005
-1.00434
0.524732
0.970025
-0.769115
-1.38683
-1.02916
1.91803
-0.585087
0.915531
0.357235
-0.423474
-0.759763
-1.02877
0.655747
0.926311
0.484533
0.0744813
-1.24841
1.7584
0.952794
-0.522112
1.46534
0.209337
0.18807
0.833797
0.672846
0.356701
-1.33912
-0.424651
1.29913
-1.01912
-0.308604
-0.184491
0.064947
0.522743
1.40858
-0.912766
-1.13009
-0.780733
1.465
0.547927
-0.430598
1.02104
1.27708
1.20592
1.14186
-0.774276
0.840775
-0.188828
1.00631
0.686876
0.565148
0.31426
-0.875725
0.301653
1.58073
0.97253
-1.85708
-1.08199
-0.968565
0.98324
0.958675
-0.910518
0.332238
1.18145
0.645186
-0.0993545
0.249477
0.00177433
-0.522171
0.201664
0.637952
1.07639
0.389995
0.640512
-1.40068
-0.0490146
-1.47124
-0.556248
0.661457
1.28751
-1.29466
-0.358995
0.909032
-0.799051
0.0895266
0.751888
0.195604
-1.06916
-0.520593
0.824878
-0.017417
-1.50417
0.759421
-1.34724
0.840673
-0.766609
1.29479
-0.621465
-0.509971
-1.00925
-0.409229
1.26201
1.47583
-0.642696
-0.138211
0.572056
1.1379
0.00303681
-0.547107
-0.294479
0.470458
-1.59486
0.414945
-0.464609
0.903203
-1.17748
0.284239
-0.00421198
0.478161
-1.33575
0.256162
0.283227
0.180466
0.349266
0.56234
0.915017
-0.91699
1.02009
-0.282732
-1.46881
-1.3359
-0.476047
0.969309
0.645282
0.792774
-0.20553
-0.262838
-1.10845
-0.514748
-0.180163
-1.2595
-0.742842
0.648737
0.905586
1.46964
1.37608
0.316113
-0.383327
0.332392
0.476781
-1.291
-0.329484
0.927975
-0.602642
0.0626952
0.188628
-1.22149
-0.720215
-0.576201
-1.4706
-1.28765
1.21816
-0.678113
0.0742932
-0.614911
1.17653
-0.746659
-0.0643143
1.19969
0.963691
-1.04682
0.921386
-0.306922
0.0261866
-1.31117
-1.02197
0.902575
0.0841856
-0.0303777
0.691418
0.673471
-1.16354
0.225486
-1.13265
0.782254
0.367298
0.993622
-1.42974
-1.22894
-0.756265
-0.592838
-0.399383
1.37858
-0.87999
-0.625213
0.853393
-0.178506
0.717522
-1.45837
-0.0418451
-1.35463
-1.19817
1.40721
-1.1159
0.24449
-0.165877
-0.448378
1.35029
-1.34903
0.818064
1.45081
0.221372
0.947386
-1.44082
-0.190733
-0.843253
0.920322
1.26228
-0.985774
0.397061
-0.967349
0.302296
-0.0442585
1.15548
0.193983
-0.541629
-1.1849
-1.02519
-0.530718
-0.729762
1.21694
0.135683
0.142656
-0.886139
1.27203
0.440004
-1.42846
0.736073
0.145208
-1.20235
-0.0969209
0.131354
-0.584079
1.5019
1.01125
0.583818
-0.232739
-0.268211
0.364525
-0.0702119
-1.53955
0.264265
0.905065
-0.12931
-1.42074
0.997915
-1.00253
-0.815791
-0.749847
-0.335945
0.92357
0.115184
-0.614621
1.45713
1.18881
0.983254
-0.915541
-0.0539217
1.4192
0.314784
-1.49556
-1.17914
0.0833542
1.39525
-0.0176345
-0.0559922
-1.10645
0.799152
1.05146
-0.392329
0.858425
1.30171
-1.02801
0.039223
-0.444149
1.12314
0.254464
0.380239
0.706146
-0.293051
1.1297
-0.195258
-1.13086
0.739633
0.91115
-0.567215
1.05811
1.13763
-0.958937
1.22752
-1.39495
-0.954349
-0.634262
1.41196
0.403765
-0.807588
-0.0868441
0.546299
-1.16724
1.42615
1.0924
-0.00707015
1.3651
-0.198172
1.28631
0.18596
0.0647874
-0.96531
1.36894
-0.450719
-1.07396
-1.04584
0.267941
0.236126
0.568384
0.947715
-0.968708
0.739117
-0.768721
1.2365
0.650093
0.0728053
0.43532
-0.689934
-0.067771
0.85991
-0.320706
-0.440695
0.0456503
0.673275
-0.541588
-0.811816
0.637149
0.645268
-1.55384
-0.786599
-0.959024
-0.225114
0.153337
0.915705
0.483424
0.201243
-0.335046
1.04275
-0.272859
1.49053
-0.0908739
-1.20649
0.36658
-0.584818
0.374991
-1.38428
-0.790158
1.22822
-0.851738
0.995396
-0.693
0.456238
0.495461
-0.159939
-0.744857
-0.915948
-0.807497
-0.511271
0.735197
1.71572
0.989133
0.51044
0.855107
0.351166
-1.0014
1.32523
0.460829
-0.0764235
-1.24697
0.159865
0.0336659
1.11764
0.0265702
-0.371728
1.18564
-1.17197
-0.275921
-1.20748
0.972385
1.14575
-0.551339
1.15114
-0.611106
1.15629
0.468306
0.831402
-1.42113
1.4368
0.402877
-0.694565
0.826415
-0.916424
1.03084
-1.42804
0.549485
-0.0948609
-1.47856
-0.818098
-1.201
-0.17052
-0.454608
0.279476
-0.616547
-0.580113
0.776239
-1.04313
1.41462
0.905794
0.517299
0.201335
1.03335
-1.27121
-1.27163
-0.658308
0.81056
-1.32565
0.642823
1.58036
1.02328
-0.27381
-1.18015
1.08144
0.256611
-1.29576
-1.14899
1.50733
0.476662
0.961536
1.05579
0.0697404
-0.333802
-0.292681
-0.593337
-0.142395
0.900007
0.149237
1.15881
-0.333357
0.210433
0.181294
0.373881
0.40732
-1.04541
-0.318384
-1.07463
-0.254046
-0.040198
0.635821
1.18349
-0.0912451
0.561563
-0.320261
0.181027
-1.60639
-0.61888
-0.415112
-0.19076
-1.46845
-0.734307
-0.658262
1.2937
-0.752641
-0.221908
-0.94218
0.596965
-0.961829
-1.02554
-0.0719901
-1.56214
-1.36345
-0.647958
-1.1443
-0.585289
-0.388464
1.16635
0.248392
0.0339045
-0.39396
1.38118
-0.583834
-1.11313
0.552443
-1.11308
-0.345853
0.252362
1.28146
0.125269
0.824566
1.29903
-1.3031
-0.589948
-0.0591636
-0.114913
-0.110017
1.37085
0.483222
0.359458
-0.4975
0.990689
1.11954
0.238317
-1.57627
0.150573
-1.58015
-0.73636
-1.38216
0.445198
0.476945
-1.25972
-0.158807
-0.131536
-0.39773
-1.05495
-0.0100896
0.879161
-1.45024
-1.04729
-0.0408582
1.5662
0.302977
0.451446
-0.381642
0.264088
-1.41231
0.382899
1.33543
0.281523
0.941525
0.127314
-1.20854
1.12273
-1.44359
0.18977
-1.18104
-1.36669
-0.00499411
-0.512929
0.142033
0.211917
-1.40344
-0.975812
0.634493
-0.12205
0.749864
0.547088
1.157
0.548854
-0.199356
0.411378
-0.51255
-0.304265
1.1446
-0.0805503
1.01831
1.11289
0.800207
0.653975
-0.43118
-0.715144
0.28
-0.496066
0.356465
0.555823
0.127754
-0.863957
-1.11844
-0.151774
-1.12931
1.06674
-0.783054
-1.12558
-1.22617
0.668259
0.370072
-0.633066
-1.21231
-0.101388
-0.56799
0.794927
0.292216
-0.345803
-0.680017
1.51193
-0.2671
0.584817
-1.22081
-0.0249675
-1.30909
0.393678
1.48172
-0.576714
-1.44653
-1.03213
0.0238835
-0.855328
-0.915289
0.97221
0.120948
-0.693852
1.30843
-0.887208
1.63872
-0.423639
1.18601
0.257248
1.15402
1.23462
-0.878981
1.32747
-0.566855
-0.434367
-0.527844
0.112934
-1.15011
0.372381
0.298027
0.778649
1.09055
-0.522659
-0.69486
-0.83021
-0.711761
-1.31708
-0.0799386
-0.447082
1.59077
0.218233
-0.527031
0.25293
-1.00149
0.351367
0.472317
0.093709
-0.067986
1.66631
1.07802
0.166675
0.0625407
0.210952
-1.03127
-0.300633
-1.29837
0.135625
0.358101
-0.394461
1.50392
1.32843
0.635257
-0.0704392
1.24581
-1.15443
0.941546
-1.18664
1.00818
-0.683122
1.35051
1.26097
-1.12968
0.156752
1.45516
-0.112097
0.881123
0.0511736
-0.417107
-0.862591
-0.598909
0.916205
-0.303192
0.0823266
0.109181
0.326364
1.28515
1.06199
-0.418352
1.01378
0.517017
0.0406421
1.47947
-1.00022
-1.12628
1.27629
-0.264497
1.03762
0.907284
-1.1748
1.16836
-0.490915
-0.039391
0.211076
0.928076
-1.72103
-0.0586949
0.579114
0.466339
0.0436826
-1.32276
-0.561669
-0.182609
1.01623
-0.682172
-0.534855
1.3844
-1.52973
1.72762
0.0600379
1.01967
-0.911293
-1.31315
1.09005
0.77888
0.692832
-1.12368
0.766716
0.678589
0.461016
0.641823
0.697994
-0.280664
-1.65045
-0.160081
-1.37221
-0.21727
-0.344733
-1.15035
-0.322247
-1.03996
1.14018
0.969505
-1.37744
1.28558
-0.194569
-0.870145
-1.0404
0.0188767
0.780115
0.359929
-1.51518
-0.979392
-0.207267
-0.544452
-0.555772
-0.146917
1.01975
1.30799
-0.228387
1.05114
-0.824053
-0.0997717
-0.762748
0.775108
1.40358
-0.213457
-0.448816
0.352128
-1.1515
1.26319
-0.0760636
-0.245597
0.130331
-0.0213156
-1.19043
0.529146
-0.72064
0.749762
1.01533
0.413323
0.0351504
-0.175581
-1.20213
0.80265
-0.84603
-0.207083
-0.973784
-1.04008
0.467977
-1.37426
0.636686
-0.814666
-1.42989
-0.018748
-1.3121
-0.346692
0.714161
-1.25893
0.88287
-1.50204
-0.490636
0.899042
-0.502313
-1.08519
-0.087757
-0.432189
1.22593
-0.553541
0.881783
1.22698
-0.236337
1.07204
-0.543357
1.10241
-1.36478
0.818237
-0.146318
-0.31608
0.442637
0.450647
-1.49285
-0.96026
0.778197
0.62047
1.35254
0.510729
1.35048
0.26511
-0.944748
-1.06388
0.800693
0.322625
-1.4572
-0.224097
1.20617
0.0854281
-0.293099
-0.380251
-0.914903
-0.24807
-0.349653
-1.3362
0.957126
-0.155665
1.01406
0.923724
-0.965738
0.569316
-0.0464108
0.979773
-1.09132
0.630145
-0.0262281
-0.864461
-1.16891
0.521548
0.664805
-0.664245
0.244781
-0.445593
0.536462
-0.943049
0.920785
-0.790324
-0.439829
-1.45308
-0.934256
0.219089
-0.8398
1.12974
-1.4518
-0.222107
-0.473151
-1.57028
-0.803727
0.103186
0.307427
-0.237114
0.332821
0.346865
-1.16037
0.497711
1.46476
0.118071
0.674698
-0.527873
0.86999
0.836269
-0.0815186
1.14692
-1.56614
-1.51772
1.12905
0.731199
-1.36932
-0.417736
-1.45377
-0.225273
0.952393
-0.060576
-0.58674
-0.328288
-1.34381
0.00333155
1.04775
1.54062
0.974698
-1.29034
1.35417
0.504882
0.632589
-0.391508
-0.426463
-0.673524
-1.2753
-0.651641
-0.554028
0.388228
0.91817
-0.142906
-1.00602
1.77628
1.25231
0.798586
1.23527
-0.0567328
1.00467
-1.75383
-0.659119
-0.797347
-0.846958
-0.63864
0.79411
0.692133
0.209997
-1.06756
1.02977
0.442337
-0.372148
0.435874
-0.774418
-0.222362
1.25322
-0.891667
-0.0635984
1.03064
0.0391623
-1.42636
-1.21713
-1.3014
0.852337
-0.107756
-0.994898
1.45829
-0.129109
-0.743302
0.0599709
0.406646
-1.29243
-0.233232
1.05755
-0.244768
0.124219
-0.253563
-1.19712
-0.846095
0.0278565
-0.615482
-0.447632
1.81658
1.52558
0.861461
0.960099
-0.563125
1.44479
-0.925359
1.70103
1.37634
0.427465
1.5642
-0.00500758
-0.814251
-0.16011
0.123165
-1.14262
0.782458
1.33323
-0.909733
0.781552
1.2703
1.04456
1.00493
-0.353619
1.32878
0.406799
-1.18084
-0.111734
0.240465
-1.08207
0.393279
0.143434
-1.24977
0.104072
0.661503
-0.403829
-1.76182
-1.12522
-0.393181
1.12227
-0.862411
0.516273
-0.790301
-0.445812
0.952979
0.384721
-1.33147
-0.223852
-1.30406
0.119196
0.409855
-1.069
-0.429503
-0.0117124
1.46098
1.13204
-1.47546
0.744515
-0.412784
-0.236299
1.03936
1.2526
1.32942
-0.0393775
-0.673678
0.571121
-0.828561
0.104559
-0.559902
0.329183
-0.894011
-1.0523
1.2772
-1.40171
0.131523
-0.74937
-1.54317
-0.829031
-0.272717
1.53103
-0.520202
1.40505
0.131931
-0.124209
0.0764718
0.204587
0.784424
-0.657357
-0.125883
1.05391
1.27232
0.944716
-0.573025
0.300264
-0.311778
-0.275822
-1.0105
0.0583982
-1.02684
-0.577799
0.981743
-1.1587
-0.99146
-1.17539
1.31159
0.0827596
-0.135953
1.00865
1.04351
-0.573727
0.633732
0.458331
0.542288
-1.19887
0.952121
-0.181568
-0.923065
-0.230931
-1.3858
-1.00994
0.799835
-1.23233
-0.163334
0.214945
-1.06624
1.72994
-0.813854
-0.49563
-0.471966
-0.549554
-0.618575
0.904306
1.55613
-0.736204
0.756935
0.763236
1.00564
-0.433383
-0.582602
-0.174655
0.708858
0.99362
-0.861489
0.00554914
1.52985
0.981209
1.41063
0.438334
-0.659988
0.264017
0.27541
-1.19063
0.445037
0.510956
-0.902121
0.998204
0.322533
0.956596
-1.62952
-0.630834
0.449629
-0.399619
0.87207
0.769313
-1.15849
0.262249
0.243841
0.0299289
1.34466
1.08876
0.564433
0.482206
-0.166976
1.3448
0.461644
0.557742
0.607074
-0.723035
0.847761
-0.957879
-0.245422
-0.176308
1.46997
0.913808
0.329959
0.240938
-0.138775
1.24312
-0.396412
-0.381641
-1.00841
0.846762
0.587319
-0.776107
-1.35984
1.05209
-1.51413
0.859671
1.32762
-0.483128
-0.664254
0.663812
0.740331
-0.0296076
0.809749
-1.58328
0.0975996
0.678495
0.762411
-1.2817
0.797512
-0.125099
-0.556538
-0.967039
1.09186
-1.12184
-0.413076
-0.441605
1.25813
0.45814
0.679116
-0.944558
0.372976
0.0947455
1.09452
0.802261
-1.83347
0.411363
-1.43625
-0.0863848
-0.681386
-0.550728
-0.238038
0.364849
-0.469264
0.77468
-0.699891
-1.05691
0.835796
-0.694659
-0.192424
0.423028
-0.75845
-1.2227
0.0867872
1.44599
0.228372
0.478187
0.0283826
-1.13146
-0.140795
0.50444
-1.35325
-0.499851
-0.365889
0.176477
1.42107
-1.39525
0.149258
-0.787844
1.27832
-1.17313
-0.0894909
0.723049
0.393477
-0.469429
-0.606941
-0.5502
-0.73473
-0.621101
-0.00439114
-0.694875
-0.358257
0.881254
1.09188
0.187505
-1.53923
-0.838072
1.43925
-0.308406
-1.1502
0.589551
0.49445
0.261917
-0.716253
-1.2375
1.52942
-0.627636
0.785701
0.611909
0.180487
-0.604129
-0.444862
0.240326
1.05887
1.21119
-1.3917
-0.499415
1.32224
0.699626
0.998336
-1.1793
0.409547
0.516753
0.307734
-0.627494
-1.31087
0.365136
-0.864075
-0.0829561
1.27794
-0.536208
1.00177
-1.02783
0.339026
0.893737
-1.74783
-1.45681
-0.116362
-0.780426
1.0296
1.32178
-0.387343
-0.805346
0.0116228
0.341724
-1.44498
0.479544
0.397825
0.26755
-0.80464
0.58848
-1.30505
-0.665724
1.36457
0.562037
-1.65095
-0.544759
-0.716509
-0.281975
-0.633787
-0.953022
0.529414
0.951557
0.454894
0.581105
-0.948686
1.79494
0.97293
0.894878
0.941879
1.19586
-0.3726
-0.961591
0.344868
0.630163
0.438008
-0.356129
-1.25143
-0.317266
1.31016
-0.00155108
-0.204177
-0.821026
-0.518319
1.32725
0.258976
0.353763
-0.18431
0.178689
-0.994106
0.580725
-0.246876
-0.334102
0.447726
0.954443
-1.678
0.957359
-0.952375
-0.430488
-1.38737
-0.0526247
-0.00696035
-1.08568
0.356435
1.22078
-1.2624
0.855201
-0.487181
0.356025
-0.952939
-1.08293
-1.09754
-0.987151
-0.217727
1.01065
1.33493
0.686561
0.223258
-1.30155
-0.663026
-0.350328
-0.507137
0.394184
0.332298
-0.344471
-0.164112
1.2172
0.71111
-0.452155
1.08416
0.991054
-0.789145
-0.473192
-0.10777
1.29093
0.840497
-1.47096
-0.0626207
0.111595
-0.203228
-0.644431
1.2581
0.548241
0.928536
0.656075
0.165651
-0.635661
0.242391
-1.28874
0.491586
-1.14016
0.274103
-1.0536
-1.11741
-1.0472
-0.9364
0.656914
0.507459
-0.263089
-1.42007
-0.92789
-1.45799
-0.72241
1.30565
-0.876826
-0.29096
-1.19415
-0.806317
0.404324
0.195758
-0.947324
-1.24935
0.0218557
-0.452245
0.0353895
1.43197
0.444484
0.171311
-0.287513
0.0576493
0.27629
0.625961
0.495093
-0.824511
0.0432392
-0.179873
1.12883
0.136314
-0.180401
-1.25336
0.381698
-1.0982
-0.41698
-0.412077
0.764919
-0.83663
0.0621651
1.12591
-1.05119
0.039422
-0.340028
-1.13315
1.26695
-1.42186
0.340434
0.389574
0.570083
0.640999
-0.709802
-0.972979
1.05929
0.400798
1.0803
1.07273
0.756892
-0.266911
-0.53572
0.885201
-0.251745
-0.738371
1.25611
1.23235
-0.309311
-1.30808
-0.00306381
1.09605
1.20498
-1.16443
-1.17078
1.27657
-0.366528
0.221667
1.12713
-1.5343
0.484455
-1.23474
-0.225655
1.01384
-0.280427
1.17701
0.132989
-0.73786
-0.964403
-0.394544
-0.109984
-1.24471
-0.072241
0.330651
0.663712
0.566231
0.531759
-1.5152
-0.363129
0.734931
-0.151014
-1.21101
1.33241
0.743051
0.0187163
-1.23131
1.20942
0.334793
0.756731
0.906819
0.922149
-0.319291
-0.923581
0.677814
0.446927
0.565723
-1.08916
-0.341684
1.25968
0.830482
1.12976
0.375386
-0.0473302
0.551631
0.967827
-0.20103
-0.138271
-1.28385
-0.196218
0.558885
-1.08617
-0.902984
-0.580821
-0.693873
-0.346568
0.178949
1.23344
-0.0015456
-1.00276
-0.887743
0.935055
-0.0830794
1.27561
0.528459
0.76208
-0.779076
0.511219
-0.701226
1.21055
-0.124764
-0.596373
-0.595836
-0.907054
0.636389
-0.831935
0.526927
-0.593564
0.724177
0.944305
0.42757
0.61237
-1.27475
-1.01643
0.65304
-0.406662
-0.401856
-1.50309
-0.312673
-0.889048
1.62999
-0.570675
0.350975
-0.969442
1.12527
-0.412959
1.69745
1.18189
-0.544854
1.3241
1.69731
0.609818
0.708119
-1.2726
0.196109
-1.4099
-0.907905
1.73957
-0.37611
0.811666
0.823084
0.92912
0.745208
-1.55321
-1.38759
-0.381756
-0.927665
-0.954831
-0.405304
1.1516
0.214108
-0.437345
0.465613
-0.923739
-1.10539
1.31269
0.437532
0.501161
-1.37195
1.327
0.482253
0.231199
0.415588
0.960259
0.17065
0.309949
1.13445
0.520753
-0.223508
0.520126
-0.446816
-0.552546
0.478429
1.40022
0.746396
-0.842187
0.0693378
-0.758994
1.73736
1.05346
-0.00194985
0.854366
0.115205
-0.115084
-1.50717
0.308843
0.696512
0.368153
-0.459847
1.01971
-1.18181
0.0487226
0.475691
0.351758
-0.162668
-0.771467
-0.989868
0.5048
0.178879
-0.956892
0.789226
0.0691225
0.408769
0.507666
-1.17745
-1.0966
1.04364
0.37299
0.504465
1.16754
0.429291
1.04286
-0.630019
-0.208794
-0.513255
-0.928935
0.362853
-0.421332
1.13188
0.109931
-0.0554977
-0.830718
-1.10946
-1.20681
0.0345067
-0.787661
0.948764
1.14313
1.25487
0.0910654
-0.96169
1.24198
1.02171
-1.0633
0.690548
-0.641787
0.851902
1.51563
-1.56134
1.21077
0.0946498
1.31577
-0.221871
0.419184
-1.70332
-0.413283
-1.30301
1.6299
0.572302
0.575187
0.0920893
-1.75379
-0.691833
-1.50889
-0.810831
-0.79381
0.00175122
-0.718276
-0.985599
-0.460818
-0.699874
1.65639
0.817223
0.746121
-0.329713
-0.90723
0.593074
-0.969852
-0.714678
-0.927407
-1.10089
-0.507034
-0.189566
0.575446
-1.33624
-0.562477
1.06924
-1.08506
-0.595159
1.0879
-1.19898
-0.892995
0.183167
-0.754797
0.481568
0.882908
-1.19942
0.320247
-0.0155822
-0.931308
0.635753
-0.638208
0.0389265
-1.20638
0.268118
-0.157417
1.00745
-1.19072
0.0516977
0.337184
0.946613
0.228951
0.55535
0.839129
0.899666
-0.745678
0.0841865
1.09048
1.14914
0.363206
-0.954365
-1.09309
0.00468675
0.661125
-0.297897
-0.102101
1.06475
-0.644995
0.985276
-0.642806
-0.5371
-0.169065
0.569251
-1.28721
-0.405314
1.55744
-1.0321
0.2416
0.0816542
0.212775
0.124878
-0.846786
0.17073
-0.447678
0.351039
-1.06741
0.225464
-0.888448
-0.487383
-0.921469
-0.451184
1.23095
-0.424389
1.37067
1.21941
-0.281619
-1.22502
-0.0968629
0.784206
-0.437539
-1.00525
0.528392
0.770072
0.700906
-1.05407
0.210557
-0.908559
-0.771315
1.12511
-0.9342
-0.625209
-0.716841
1.22534
0.807034
0.300625
0.157171
-1.14422
-0.152362
-0.570642
-1.24361
0.569626
1.3215
-1.69712
-0.520036
-0.606126
-0.223176
1.40809
-0.0481443
0.0420851
0.629196
-0.98121
0.156351
-0.0925464
0.57663
1.26437
0.84988
-0.732586
0.660807
-1.41043
-1.04583
-0.781113
-0.117067
0.238548
0.487318
1.25491
-0.344739
-0.356244
-1.57449
-0.690585
0.407469
-0.161763
0.866972
-1.2988
-0.834556
-0.00147673
-0.584968
-0.805181
0.873415
-1.0696
0.484863
-0.654692
-0.529336
0.291035
0.847507
-0.0813473
0.896095
-1.00462
1.00328
-0.767518
0.879717
0.233223
0.749052
-0.443195
-1.37424
-0.809152
1.34276
0.0149842
0.72472
-0.769494
-0.199425
-0.727855
1.69568
0.709329
1.19102
-0.906932
0.586819
0.600389
-0.284109
1.2346
1.02554
0.564841
0.566193
-0.992224
-0.431235
1.06038
-1.35569
0.671982
0.593566
0.361096
0.713948
-0.787439
-0.608107
-1.16847
0.0967384
-0.184838
-0.241974
1.15088
0.843942
-1.27114
-0.405403
1.13446
-1.62201
-0.989147
-0.353832
0.43449
-1.06561
1.65762
-0.223973
-0.0495536
-0.865958
0.41766
0.520508
0.734519
0.799684
0.295308
0.86074
0.531313
-0.24165
-1.65683
-1.50338
-0.4868
0.698169
-0.215751
-0.0998618
1.33766
0.899139
0.484688
-0.55389
0.337367
-0.991606
-0.89826
-0.587243
-0.470208
-0.0556471
0.90889
-1.21241
0.786588
0.0948983
-0.711152
0.0312814
-0.336014
0.35948
-0.229066
-0.756016
-0.71878
0.978722
1.24593
-0.301091
0.830283
0.449985
0.777385
0.658016
0.0568729
0.147869
0.675562
-0.298936
-0.723313
-1.28398
1.11393
0.371811
-1.42969
0.229175
-0.315836
-0.921414
1.19491
-0.944422
-0.973978
0.430405
0.533717
-1.47775
0.600606
-0.0417498
-1.23112
-0.104803
0.487488
-0.320201
1.58962
0.798221
1.43733
-0.986733
1.2591
-0.779188
-0.929803
-1.3479
-0.990478
0.854491
-0.180549
-0.551186
0.441768
-0.638353
0.500665
-0.129356
1.00411
0.690376
-0.565512
-0.364685
-0.337223
0.845898
-0.719001
-0.90001
-0.821673
0.569528
0.131592
0.974584
-0.850557
0.0681362
1.00436
0.807799
-0.496003
-0.0962465
-0.176251
1.29894
-1.19216
1.3669
0.0234191
-0.323875
-1.59483
0.195357
-0.299979
-0.648268
0.517662
1.42843
-0.264895
0.214314
-1.33094
-0.189331
-0.975531
0.823991
1.18643
-0.252806
-1.48449
-0.0623702
0.345158
-0.0959762
1.06952
0.882993
0.0812961
-0.822893
-0.944219
-1.253
-0.117226
-0.0689347
0.512883
0.510055
-1.28077
0.160584
-0.85487
-0.327255
1.1059
-1.361
0.295166
-0.424139
1.33453
0.355684
-0.671689
0.717804
0.881222
1.33971
-0.812719
1.31591
0.932065
0.655025
0.41395
0.0370787
-0.410787
0.570477
-0.213765
0.392838
-0.255566
0.760335
0.363599
-1.2968
1.15937
-0.165143
0.653576
-0.661534
-0.470048
1.18915
-0.987342
0.760502
-0.534941
-0.0800963
-0.578155
0.219177
-0.704059
-1.31608
-0.355442
-0.894249
1.88912
0.952793
-0.10784
0.42212
-0.53842
0.563426
0.565102
1.24471
-0.788235
0.504093
-1.00547
1.33596
-1.49825
0.324844
0.310512
-0.162041
-1.33612
1.07969
-1.28643
0.157099
-0.871962
-0.646627
0.0813538
-0.498242
-1.08092
-0.983467
0.0404392
0.823198
0.385413
-1.6921
-0.331903
-1.05
-1.32267
1.03778
0.2997
-1.12122
-0.445966
-0.779669
1.49639
1.31369
-1.33495
-0.550557
1.18419
0.374389
-0.740596
-1.54356
-0.917011
0.372499
-0.456546
-1.25885
0.419407
-0.912806
1.07123
-0.61636
-0.975727
0.707816
-0.050863
1.24298
0.272679
-0.720745
0.652809
-0.380242
1.16384
-0.452356
-0.105266
-1.23392
0.39027
1.19384
0.643274
-0.978823
-0.419425
1.02376
1.10001
-1.55034
-0.0443368
-0.481264
1.14773
-1.29065
-0.725374
0.772142
-1.26871
-0.186185
-0.0628606
-0.361006
-0.088853
0.327331
-0.842654
