0
-5.50418
5.30226
-9.543
-24.4364
-4.89698
1.00885
16.5267
14.8283
36.007
-2.98158
-15.5211
-39.4653
-2.26618
67.0001
13.1794
20.0267
-17.9518
-50.7667
14.9767
6.53429
-2.95743
-41.3744
-0.191261
13.9482
-19.2812
-26.2198
-6.84392
5.58355
5.87004
37.6751
-17.1395
2.85266
-26.7755
-28.5731
9.7266
-14.0103
-29.9449
37.004
-20.4658
3.19603
11.2982
-0.193065
26.733
4.35774
6.81711
-21.3813
27.357
10.3283
6.42154
-9.49771
51.5709
-31.6953
-25.7994
27.2898
-1.49284
15.0348
52.0939
52.307
-7.60953
42.1584
6.20196
-4.84731
-20.3638
-38.1218
-6.43161
-15.4833
38.8712
-0.0525629
0.926605
-4.37292
3.08762
-11.008
-27.6657
41.7408
-0.954965
26.789
-15.1843
-21.8287
13.6828
18.139
5.24104
5.53376
18.8169
-12.0835
7.53921
6.53109
31.5972
-9.36861
-22.4296
22.6031
-32.4661
-54.7079
-21.8752
17.421
-14.5854
6.25743
51.2789
0.167007
-33.6933
27.4797
-25.6375
-0.282168
-12.1357
-52.3982
3.08778
-43.2208
-12.8302
34.3388
-0.101956
7.62881
-32.4598
-0.612934
-10.4708
17.7008
14.0912
42.8939
16.2865
-12.9111
-60.4371
-27.3994
42.5702
24.4787
-7.44122
34.4921
-26.8223
-4.62511
-1.06137
44.7092
10.8634
-53.4057
14.2891
7.497
-8.66384
-7.3107
-20.532
-52.9979
-86.7555
5.3435
30.5384
3.80391
10.3264
4.9352
23.3035
-2.42736
-35.3091
40.1648
-50.156
7.71321
-22.5356
-17.2848
17.6457
-20.3378
20.2162
-18.6045
-24.9398
26.0425
-6.51593
-31.8107
23.7506
-19.4072
11.4631
-4.7758
28.0646
-19.7724
-4.34508
19.8576
-16.8906
9.21617
-11.8356
39.108
13.5264
-28.096
39.0585
-39.5999
2.29171
-39.7397
26.615
-26.9853
7.52818
-9.62825
0.435849
-7.7307
-47.2467
-4.72763
-6.02464
-26.1309
-1.77305
17.8776
-11.2782
-32.999
-47.7831
2.77529
-36.2787
27.9997
40.2827
-0.138642
-17.149
37.5422
-1.82522
5.00541
6.26739
24.7747
-1.60434
-8.63081
-11.8103
90.9168
24.3154
-9.36815
18.9122
-16.2377
-43.0276
-26.258
23.9738
22.5781
-5.1139
17.2052
3.12492
52.1111
23.1641
-25.9348
22.4979
52.5825
-36.4219
-27.2208
23.7243
-28.3319
5.2648
-5.1912
1.12713
4.64157
9.56134
2.9581
-32.1368
-12.2036
-31.4588
-83.3477
-16.4918
17.943
28.9245
-20.7018
16.9913
-15.6293
-50.549
-0.0875357
10.007
-3.86126
-12.0468
4.79939
-14.1874
15.7879
-10.1828
-16.4287
20.1189
0.127896
-23.2582
9.49736
4.29729
2.57683
11.7604
32.9392
-1.145
-54.06
9.30175
5.68123
-7.26189
-27.7523
4.95507
3.73113
-30.1676
23.2874
-8.20809
6.81781
33.793
-7.24372
24.5732
-29.8037
37.7289
-39.1078
-11.5245
-16.3064
22.0049
-6.04663
13.0593
2.56731
-9.42786
5.08561
-31.5669
29.2372
41.1905
24.3963
59.0616
0.860387
10.7796
28.3894
12.9179
11.7155
22.9821
-10.9608
32.0194
-7.61711
-33.1791
-16.2036
19.0655
16.0895
18.7505
-16.1285
51.1601
25.7207
23.2342
33.1831
-6.75036
-32.9632
-16.8771
40.8219
-2.70143
-34.541
-5.49719
15.3969
-23.0072
-28.3391
-3.93356
-22.4727
17.6477
-50.6765
0.145037
23.0497
37.3309
-22.5404
-9.91457
-8.78465
-23.5429
-17.7628
12.8425
-11.7883
-10.4856
-25.9532
19.6151
37.565
25.4854
-4.79576
30.4301
25.7215
2.23793
49.2348
-32.3132
-19.9919
10.2638
-22.5177
46.9757
-34.7653
21.3859
30.6368
-30.8389
-6.51173
-19.065
-11.1216
-0.596692
79.6694
-35.9732
7.54781
-20.8048
0.299544
-12.4171
-32.0037
28.5263
7.17531
40.5678
23.204
-35.0546
23.4478
-5.08228
-31.3177
-0.50902
34.0748
-1.80266
15.0737
3.34041
17.55
-29.9905
36.577
12.8661
-44.6043
-9.13276
14.1995
-38.0054
-9.2248
-51.798
-51.5075
33.576
32.8285
22.4324
5.88508
-73.8476
-17.9839
34.0813
-47.3259
-10.7778
-20.7332
34.4521
-36.6612
4.83134
-23.7665
7.59188
7.95571
21.7101
46.247
-31.2221
-62.0072
-19.6696
-27.3348
31.8688
9.64819
6.54695
-7.58699
8.60808
1.68898
-20.2213
-29.4016
15.509
23.4245
18.6686
-3.10223
-9.18802
4.14433
26.9619
-38.4547
-14.8365
19.9022
26.1435
3.45202
-4.40338
40.8362
12.048
7.36366
30.8568
-14.0266
44.7846
3.57589
-91.9777
24.4799
-32.4508
-12.2439
-50.5441
28.7205
-11.2084
13.8887
18.8112
15.7626
1.9255
39.9462
-4.44456
9.41391
28.1998
4.57567
8.85418
-16.8734
9.09721
7.70384
-13.0048
-24.5481
-34.7971
-35.4489
16.6844
25.4567
37.5629
-13.0058
2.88967
-0.109827
-42.7634
32.4402
-4.12929
4.0347
2.21916
-24.2712
-35.7222
-28.2988
-9.65408
-28.1786
-12.9836
4.42152
-10.8045
16.3701
-5.55023
-5.52778
-23.071
-16.2911
-7.85836
-32.9228
-13.7391
-10.5223
-4.50208
19.4672
17.4039
43.2649
17.7722
-34.5126
38.2419
-44.8937
-14.5283
7.61414
4.02019
-48.9169
-41.5824
-10.3924
-9.51235
-5.27837
2.44933
-17
-12.7413
-15.2466
-1.60399
31.5399
-4.40371
-17.2777
-57.6732
-16.9316
-28.0143
-26.4739
35.273
35.3752
18.7469
-18.0566
4.12176
-5.70181
-35.4644
24.6648
10.3404
-0.831391
40.7473
4.33114
22.9428
-31.1921
-9.01976
-16.7269
12.2025
-32.4897
-21.6428
-27.2524
-30.2809
-21.2197
16.055
-2.42983
45.348
15.273
-5.39835
0.308936
-46.303
-24.52
-19.9344
-1.89215
9.11303
-18.4426
23.5592
8.73694
-3.71894
41.0361
-9.9746
-18.8893
-7.36836
15.563
1.62548
33.1141
23.6729
34.9181
-6.89222
-28.865
-65.2868
-3.75793
51.1001
-20.3557
-4.3346
-8.77584
-14.3567
24.4948
-6.34049
38.0566
1.3133
-9.13518
18.2862
33.4284
-0.567216
-25.1931
1.47882
22.1112
25.7158
-22.7297
7.5706
-19.8848
-21.0019
4.85259
-50.8188
-21.9887
20.2053
1.12069
-4.45477
-17.2164
-47.7081
13.65
10.4924
26.0764
34.3971
1.73211
-26.1901
-28.2553
25.8328
-54.4616
-14.1305
-21.2647
-7.89127
-20.3254
28.107
-16.1675
18.1811
-24.8631
-6.30005
-5.52508
-7.29061
-11.5769
6.38743
-9.27597
-12.9187
-2.25007
-6.92638
40.2887
23.9309
11.3024
9.04859
10.2334
27.2308
-21.6733
57.4515
-85.0199
24.6861
-14.592
3.91657
24.1396
41.8231
-30.0469
-37.6158
21.7774
8.96868
-43.74
-23.5593
-18.1058
0.587772
-5.29454
-10.891
-19.083
4.02963
-17.2007
-25.486
7.22924
-2.53498
-40.1794
-26.8806
26.3221
-21.5014
40.1927
11.8599
-44.9033
8.40811
32.3688
14.8773
1.92433
10.3069
-51.7697
17.5348
-29.6551
-15.7916
3.83555
25.0077
-6.93251
5.08552
-30.772
24.8851
-15.6379
38.9668
26.2945
-7.99519
-37.6682
-31.5256
31.9195
7.78527
22.8474
27.6498
49.765
32.9357
-9.31933
-28.464
-25.625
-27.1216
45.1929
32.3149
-23.323
11.8642
-25.9091
-13.7359
7.51907
15.0614
-11.4464
-12.6398
14.9786
-6.85037
12.778
-7.04873
14.242
-20.256
3.51243
-14.9843
-26.6606
-9.6031
-30.9476
-21.0521
-9.82854
-26.5624
-23.4885
35.7931
-41.7859
-14.9902
-8.10745
-44.9917
23.5243
-19.0085
40.2412
4.30273
-26.3999
-10.6146
-12.3808
1.45978
-5.68058
-31.6035
-10.9056
-1.98903
-51.0819
-10.9014
-16.5767
10.2101
-31.6815
-41.3109
20.6168
12.9044
6.54417
0.00883287
-0.846982
8.67632
12.6098
-8.18425
20.7864
50.4539
-13.3488
-33.1998
-58.6751
-34.708
9.60153
-20.989
-90.0153
44.4966
1.06469
6.45839
-5.83485
28.942
-11.2548
2.73404
-13.7419
35.0056
-23.261
4.77277
-18.0066
-28.6582
67.1157
-34.6401
-12.1246
-45.4383
-25.2736
-12.3036
5.40464
19.2176
-23.609
-14.9082
-4.07318
-19.5421
-63.8591
38.0046
-1.81556
6.77382
-51.3133
10.7586
37.9994
28.2811
-12.5221
4.6081
26.6449
13.6976
6.49178
-11.6401
-9.45328
1.65997
22.4378
-55.5084
-15.8672
-21.0621
1.86822
-20.4998
-19.8606
9.24527
34.8127
8.41037
-8.45396
6.89238
13.9399
-14.5856
-22.5506
4.69785
-18.1751
54.5837
-44.2801
9.4127
-21.5556
54.3907
23.6344
-7.56115
46.9337
23.5915
-32.3678
8.52465
33.43
4.09089
11.5014
2.85803
-21.4949
16.538
-0.996916
6.11193
-3.19038
-5.05824
-11.9869
7.37588
-8.20832
35.0962
3.05601
15.8403
14.1741
56.4761
-1.84063
0.167681
-39.5151
-13.6589
61.2944
33.7798
4.2564
7.8761
44.5657
-10.9101
-11.7583
1.6697
12.0122
22.1263
4.27389
10.8065
-43.8015
-13.874
-31.7606
-34.399
4.97606
-13.7544
19.6387
-51.3248
-15.4753
-45.6337
20.1124
-7.73166
33.3327
30.8827
-37.7813
-60.6208
-29.0166
29.5325
-22.2715
-12.0554
-14.4118
13.4268
11.6655
4.07158
-1.77606
-5.15314
-4.53637
31.1486
10.0422
7.1484
-0.443889
-37.8307
41.2607
22.2422
-15.7055
-14.8402
11.3639
-26.4199
-1.10412
-12.0254
9.89344
14.2341
9.3447
-37.8181
-14.1998
35.3775
9.9831
-57.0856
-26.6167
-2.78783
41.2593
30.7471
67.7698
-17.375
26.3735
37.7893
-23.5995
23.4367
29.0844
-42.4272
-16.2009
-3.10005
12.9797
56.0921
-30.5104
23.998
-2.92474
9.0898
-13.4591
11.5596
5.5705
-7.77439
31.8592
1.41543
-1.16124
23.0019
-22.5488
3.28463
-36.8889
3.88242
-22.1341
36.7126
0.835681
4.83247
-32.26
-8.04228
31.1974
3.65553
43.3276
22.5083
30.2726
-48.4446
31.2081
-11.9153
-4.02632
-49.8463
30.3621
-1.72174
24.5028
-43.9412
-3.87939
9.74703
25.3713
-60.6043
-24.6238
18.0563
-11.8246
-21.0484
-43.5562
-31.7186
23.8392
-46.4842
-38.7304
-21.9094
-75.9094
-3.25874
17.2981
9.33405
-9.92924
29.7567
29.4522
-7.88447
0.786014
50.3577
-5.95409
-16.2426
-4.29484
-43.0467
3.11323
1.27944
-52.3862
-17.4197
17.9587
8.31279
28.6226
30.9804
5.98327
-9.31473
-19.6881
-1.81137
15.4595
-8.74812
-7.50505
-28.4084
-14.9021
62.6966
22.2599
-21.94
45.9267
-26.2478
6.76386
11.088
38.5734
-1.642
2.36508
-8.79633
7.6158
8.02932
4.32355
-36.8152
21.9404
43.0844
11.9168
7.4405
-20.3423
24.0981
-22.3701
50.5386
-18.5693
8.09899
-11.4675
-24.7035
2.80875
14.831
-2.75966
39.7553
-24.4472
18.5342
20.3794
16.0764
-8.15942
-6.95099
-38.1955
-23.5057
24.8081
-14.1917
17.495
-38.0066
9.9681
-44.7033
-46.347
12.5878
-2.91585
-28.5951
-37.5944
33.7148
4.07333
34.6307
22.1664
41.6925
8.22576
-52.5477
-29.1844
-13.8935
7.69369
30.6156
10.8648
12.4558
-10.0111
-28.7277
-2.56772
29.5809
-5.43934
38.5197
-34.6589
16.0989
51.7718
12.3718
1.51277
13.1675
15.581
-1.32018
6.75378
-48.5732
4.42049
52.1482
0.469043
-24.527
7.20089
1.25716
-15.0426
9.10315
-32.5692
-14.4841
46.6391
26.4358
3.33595
-27.0731
-29.6739
53.7213
11.0761
-11.9882
-15.4908
-0.32227
-38.2645
34.2937
46.923
-42.322
-36.8256
30.4308
-5.5804
22.874
-24.0907
-23.53
18.6851
-5.1056
6.19929
-30.1796
14.2008
6.06576
47.2079
-1.25467
-14.1462
47.0212
-19.1659
-19.4292
-2.66385
-13.6693
-13.1648
-25.2823
-14.6423
1.99416
-46.53
-15.5992
-2.64262
24.7567
-1.05514
40.9795
11.9575
11.5499
-1.37253
21.714
-0.329073
-31.8096
28.2158
-11.4385
6.76779
-19.2715
2.31746
4.04332
11.0216
-20.4416
26.1832
-5.3069
25.2814
-2.60094
8.04612
-59.2539
-29.479
0.817575
46.3219
-34.331
18.6661
-17.7729
6.34356
-68.1366
0.501164
-0.277248
5.5991
19.5829
28.8258
-28.9369
-9.91504
-20.3067
-2.02915
-1.49291
34.5864
12.974
-39.9074
-16.5444
31.6406
-22.4098
17.9915
9.04863
-13.7253
-34.3702
20.0004
-41.5643
-45.0383
37.5945
-1.18548
-17.4006
2.24927
-38.5671
10.017
37.6663
54.6679
-43.6408
-8.19223
24.8744
-44.0195
-27.0321
10.8099
35.2928
2.01577
26.7911
-56.529
-44.5867
-31.2527
-26.6409
5.5183
-16.5638
14.0115
23.514
-22.9579
-16.3057
-24.7726
48.496
-39.9363
-15.585
28.6858
22.3085
25.5046
40.9461
26.8755
-13.4475
-20.2424
-20.5845
-28.4299
-20.4133
3.96821
-9.00666
42.9389
-35.4159
-19.197
-25.1204
-36.7031
-44.7996
37.4709
8.61023
-9.0738
-0.483248
-25.532
2.24311
14.3583
0.325018
-37.0058
-1.17056
-56.3312
29.7143
-5.14568
-5.25149
33.0436
23.26
23.7215
22.5849
5.87828
2.11616
10.1731
-5.62388
-22.3996
-1.17808
7.95492
-33.8747
-10.6602
-34.8185
31.676
-5.83777
12.1356
-8.48349
59.6649
13.7133
24.9742
-28.8446
39.5855
-21.9796
-26.6231
-0.275901
-18.1415
-21.6762
9.45213
45.1635
12.4821
-32.0395
-23.914
25.8658
-15.1695
-19.0813
24.8465
-37.3554
-59.5504
17.8157
8.12008
13.7136
0.567073
13.5888
11.9249
11.8661
23.8929
-15.3736
2.00096
-8.94472
24.9781
-24.1037
-21.3096
-23.78
23.6144
0.596161
18.9366
-14.5883
9.32388
31.869
-0.542029
5.23388
-8.6828
-6.48894
4.91508
35.564
-12.759
-9.5854
-14.2822
-7.50237
-3.53018
-48.7001
-32.3226
-2.60122
15.1799
-5.89075
4.20025
24.2982
-40.8657
-2.71683
6.8883
30.1971
-13.2312
-91.6722
54.4866
-18.5546
6.12772
13.6611
33.7395
-0.472992
-7.4428
14.0533
-8.89237
-27.1115
-35.0946
24.6123
12.2513
-22.2962
57.3202
40.3132
58.6539
-30.6692
-34.5426
20.2697
-18.4671
-21.3472
-11.4556
17.4834
-7.40059
23.0407
6.71005
-52.5701
-4.41381
-9.19609
-13.4964
-49.9608
13.9049
-7.22679
-34.5048
38.0568
10.2632
9.83862
-6.56797
12.7223
8.35012
37.0822
2.35681
-11.6041
5.77558
-20.4549
-18.6584
-8.27991
-56.0321
21.7131
-33.1839
-12.8814
-1.19322
-32.2027
5.79903
-15.8924
-9.57249
46.7647
27.6236
33.9693
12.9181
-40.6112
-10.7099
-8.12123
5.16057
-43.8574
-32.7314
9.72672
31.1424
14.9492
39.0366
-7.60828
-35.8631
-23.7597
-11.306
-17.3254
-2.19499
20.1758
-0.177797
16.0309
40.7089
-11.7695
2.88119
-22.4088
24.5054
30.624
-6.56922
-18.5432
3.45968
24.7847
16.9354
15.1132
-32.2602
32.814
57.202
7.05893
-32.558
10.6305
23.532
-5.33112
-54.1259
-4.1809
-1.4819
23.0118
-35.322
11.3603
11.8627
-13.333
-7.79186
37.3424
-17.2159
12.7581
2.71867
3.52911
5.14926
22.3154
-10.0151
-15.2496
-7.84252
2.64469
-25.8536
0.870782
-21.6452
-35.2203
-0.806226
-31.8281
5.95162
-9.64933
-25.2552
2.43898
-30.8638
-10.0045
-18.5443
-49.5614
-44.4788
-27.7869
-39.629
10.7175
13.1705
24.3336
-33.6137
-11.0823
45.1482
-31.7973
-0.705889
42.8873
-1.38659
-34.2108
31.7127
56.7693
15.2448
-2.87416
16.4107
23.8913
-29.6472
-31.7076
34.8283
-31.2866
-31.5789
-21.0579
11.5015
34.0006
-1.04779
-62.3356
-8.23498
19.7439
8.14228
-0.445847
-11.698
-19.3897
22.4744
-4.92121
-32.5495
-30.6788
8.9248
-14.4086
12.3999
6.05342
3.37494
10.3551
25.3691
-27.7229
23.2246
34.1898
-24.2999
24.8476
-18.639
11.0849
13.7958
4.7626
29.4824
23.5635
12.6768
52.7012
-2.34924
-17.5104
-20.603
0.0656611
15.5391
4.34558
-27.5763
-10.803
28.0935
-51.2643
78.324
1.97146
6.63101
15.9746
14.6315
16.0115
5.04426
-9.35402
-0.480182
4.49883
5.18933
-4.1173
-30.1784
30.8058
-5.05147
27.173
-33.6327
-12.414
5.5896
-40.6164
60.7758
19.4275
-17.3457
-9.89037
18.3029
13.7751
27.7176
-12.2974
-17.1103
14.4415
10.8354
-49.3074
36.9097
25.6949
15.7682
8.18444
10.1083
-7.19706
25.4988
-9.63573
-1.40862
2.3904
39.5016
0.352278
0.984331
-9.68477
-33.3688
13.9748
14.986
-28.4399
-14.5827
-69.9824
57.2671
-6.0571
31.4308
19.4651
-15.5524
-5.32635
70.1817
-15.7628
-17.0688
-59.1665
-2.86339
12.5291
-9.3151
47.0007
39.7704
-15.6164
20.5205
-3.04042
-7.83864
-0.319984
24.7402
-8.44864
-2.89725
0.213994
19.5739
-32.3724
-40.5353
-41.8238
-19.9822
18.1329
-12.9399
-20.0985
-33.0815
14.3541
53.6946
9.42174
16.1502
-1.78886
-3.55527
-35.9137
48.34
4.5122
27.652
4.06024
3.74946
-7.76635
44.5796
8.5328
-38.0697
8.32769
8.38002
18.5602
32.6939
2.74249
36.1021
-4.02349
27.4633
-5.91425
16.7834
-17.1623
-37.9371
35.0911
-8.04622
19.9237
8.42181
-8.91056
-5.65519
28.1608
18.6665
19.3957
3.08546
7.43292
61.8863
-17.5827
-10.983
23.4506
34.9299
5.33586
-12.4526
-29.9638
7.13856
-5.90674
28.5289
0.690488
-20.8925
-1.91736
50.5871
12.378
-54.8744
8.23473
23.9487
-44.4058
2.57743
-30.8244
-12.3677
-7.92436
-16.3604
16.6168
-23.1066
8.20217
-42.7645
-32.9353
-11.4733
-26.1253
-18.7248
17.0105
-14.241
30.0205
-17.1237
-27.8889
-37.0414
-2.32366
-52.1457
-43.8509
14.8912
-26.1227
-4.80491
2.06898
-7.06117
67.5136
7.2238
6.28041
21.5887
-19.2562
20.4742
-8.3507
-12.3461
3.05652
-19.7813
-24.7505
-20.3194
1.32097
12.7285
24.8411
-34.2935
45.5817
-29.9876
17.9605
70.1644
21.9479
4.01678
-1.75695
2.30505
0.637733
-40.7145
38.1994
-6.03518
6.67092
25.7249
-4.84697
-16.3849
-42.9646
-21.3808
25.1105
-4.24496
19.5153
-21.663
7.24439
2.17086
17.1218
3.0759
-18.9613
9.9898
-26.9832
25.1117
-5.45199
4.76135
3.28836
34.6086
-32.0616
-12.4574
32.8161
2.90311
22.7233
24.9017
33.0387
-60.0003
-1.47168
-32.7699
-9.91648
19.9697
-33.0864
7.11964
22.5365
0.187154
-43.5403
-13.2795
-6.01846
-44.1219
-33.4963
35.7364
26.6308
-6.16004
-20.5969
-20.0728
11.5439
-10.4007
35.8332
15.0035
3.93078
15.5817
-34.1755
11.6935
-8.42956
-3.82901
-18.6834
52.2613
-11.9924
-6.73873
-41.1984
-34.5922
9.9885
3.76786
-13.6255
9.16333
-3.73695
18.2043
-8.14666
-48.8136
-7.30068
-23.3808
-5.78856
31.9983
-18.6462
-5.60249
-4.10741
-39.4989
34.983
-41.6511
1.46445
-49.3315
38.9246
-39.5109
-46.8313
30.2357
-5.69515
-26.9061
-13.9978
4.17401
6.5378
12.2967
52.8499
-19.8418
49.2449
27.8284
-25.0092
-24.0261
11.4237
-25.3269
32.9848
18.7619
-8.48245
-0.0388273
-10.6596
-16.0635
16.458
4.98416
4.34984
-1.02755
7.31692
-39.7533
0.738227
-13.2515
42.5941
-18.1229
8.09714
11.5852
-1.19231
19.2024
-33.5332
-3.92713
23.4104
-14.5779
-2.40515
-30.1329
-49.2711
-59.0534
33.9813
-10.9819
-42.0305
-8.41892
-12.6046
-43.4608
-15.5201
-31.2591
30.8719
-13.6849
-6.87339
-6.37498
0.196026
-16.7109
32.8343
-6.47965
-23.9966
-11.937
-10.3268
14.9664
36.0726
-28.9633
38.9545
-2.02574
-9.92342
-8.79534
-27.7033
14.9048
-8.45708
-8.70478
13.7282
23.5442
7.73652
-1.01625
20.5536
-19.6236
12.5315
2.33691
11.524
36.3487
-25.4466
-15.6477
34.1111
34.0644
-0.960336
-49.8504
40.674
-21.2006
-49.8087
-23.6907
-8.22553
-1.56953
1.49678
-33.3672
-35.7616
15.708
-4.92605
41.222
-7.71176
37.873
-14.1105
-13.9906
17.035
-33.7401
5.15628
13.3434
28.5219
-17.8944
-12.1168
6.53615
-5.46042
8.31976
17.6626
-31.2192
22.5566
-10.586
7.90344
-20.1157
-1.05332
-13.5718
-14.8065
34.1253
35.8615
34.6937
45.4846
21.1452
4.66499
-3.76728
-34.7745
69.2791
21.6421
45.1231
-34.2612
-5.34838
-5.35391
26.8217
-29.9786
-5.34696
26.4899
4.85794
15.3075
-7.3701
-41.6166
-29.4096
9.73931
18.0945
-29.8963
24.4691
25.7451
3.00953
13.4937
-34.599
-8.21338
-37.7297
-2.05174
-3.75803
-17.3082
-11.3322
-28.9256
-36.3028
-5.84874
-40.8623
83.4853
-38.0875
-6.8744
-6.8182
23.0714
49.9167
-5.79629
-37.6402
-43.0175
7.45326
49.6692
36.531
6.69135
-48.2026
-20.0313
8.04478
17.0327
13.6795
-87.2643
57.7935
5.09253
39.5162
34.956
12.5254
1.18043
-8.43239
-14.067
13.5295
-19.8206
12.1373
-25.1173
-18.4014
3.74238
-6.69741
28.1404
-18.4381
-3.94534
38.016
28.5229
-0.279539
-26.8272
-11.535
-30.165
-2.1622
28.384
-41.1552
0.596698
11.1703
23.3205
-52.1143
-16.0668
-53.1264
47.4466
8.73837
-10.9881
-29.6423
-34.7494
-16.9724
-9.65501
8.70821
32.6497
31.4688
9.36628
28.424
-4.47874
8.57553
-26.3704
33.365
-25.4647
-14.6283
5.51409
-6.58139
18.1155
17.6175
-26.8137
-6.8207
-3.7476
37.053
-8.69136
15.2697
6.29872
-33.6968
14.9703
-27.1941
23.5667
-16.7356
40.3391
33.2454
-25.0563
11.3123
12.9904
26.7998
26.6311
-11.8398
-51.976
54.0335
-14.7163
-25.9498
-20.2376
20.0774
20.4382
-42.89
-12.7009
13.2604
-6.82357
23.0487
-20.7583
19.3368
-7.94911
-18.9583
-4.91189
22.7968
20.2976
-11.6606
38.8082
35.3598
6.90511
-15.3013
-21.2845
29.4275
-32.277
11.4065
29.8274
20.1298
30.6518
-7.11821
-26.2987
21.5854
-15.168
3.64787
8.14696
19.8957
-34.1985
38.7033
23.5622
31.0901
7.34631
7.34197
43.4506
5.0469
-38.6213
58.6096
58.642
14.5974
-3.03944
11.5735
-33.3
13.6765
46.3316
-18.3035
8.47117
-20.9749
-6.57254
26.4161
-29.1929
11.2658
-4.20777
35.2892
-15.9908
-17.6492
-5.93491
-7.19705
9.35199
29.1401
4.97951
15.2713
8.89896
-15.1531
-26.5831
31.5044
-12.1054
21.3118
5.55907
-26.8586
-52.6148
23.0497
-46.9412
10.7489
19.067
4.81338
25.4112
34.9686
9.88577
-20.9838
53.6206
43.0843
-44.9725
40.3539
-2.28376
20.7616
-26.4944
28.4705
0.665002
14.3249
19.9134
-15.3542
28.6253
23.3826
-7.20719
28.1252
-28.3193
-40.1137
6.07349
-0.983445
-3.5193
-5.3179
-9.82379
38.1024
33.8312
-0.379608
-2.56262
-36.3694
20.3653
6.29834
27.1442
-5.62277
41.0753
-23.6185
-16.4485
-3.8368
-21.6894
12.6709
-0.263793
39.3064
19.7029
2.60578
-21.7716
-29.0537
31.7795
53.763
-9.63386
6.4349
29.0865
-11.9277
-19.1977
-10.4653
30.218
-30.6627
10.2426
27.8311
-8.29824
40.9042
-46.282
-28.3009
-8.86101
-7.78724
-26.9435
33.0311
21.8232
-30.8517
12.4132
9.23942
18.6464
-17.5141
38.5741
-1.17826
5.65325
-10.9331
-7.35996
8.57786
22.2224
27.4123
-13.4837
4.60413
-24.0579
28.1871
41.4172
-1.08025
-11.6882
-9.49274
-11.5061
6.03199
-31.147
39.8662
-6.79934
-9.27701
15.2513
-10.7936
-27.8793
-64.2282
-6.25374
21.7399
-39.5391
46.9994
-13.4884
1.79736
-3.63496
26.8613
-9.09169
5.04213
-14.155
14.7732
12.0229
-9.20661
22.0807
-27.0853
-14.6315
-29.3034
-47.0165
12.8232
-7.89458
14.8797
39.0099
2.1566
56.1136
54.8581
6.74942
27.0899
20.7354
6.19485
-26.3553
19.879
-4.82744
10.2126
6.16756
16.4736
8.60002
28.9264
-15.852
-8.75718
-28.4131
19.8723
9.36215
10.9847
10.1248
-7.53155
14.1491
-40.014
-10.5071
41.6628
-36.5412
-58.8786
7.88345
1.53819
-16.2807
-37.8665
5.51498
-12.8133
18.5635
4.36549
-23.7986
-24.7476
-25.9271
16.9186
9.38573
-56.5976
1.34568
2.46294
-24.2426
-15.0429
-25.3042
3.45304
-1.69942
-18.5898
-27.2367
0.00600031
-29.3289
32.2521
-8.69155
-32.4588
-6.45253
-34.8992
0.31411
-25.6764
-9.04293
-28.8779
-30.8658
-1.41115
-8.26662
38.5232
-33.9188
-37.2303
17.866
-4.10264
4.49297
-31.906
-0.548926
1.7005
41.8297
5.67191
15.3522
-6.88704
-11.3866
-47.0986
16.1174
55.36
27.0741
13.34
-21.7379
45.3782
48.6377
22.9337
25.182
-38.7903
-9.42985
-4.27914
-3.07115
-29.0322
24.8544
22.5591
7.52038
-25.8026
25.3338
-25.9647
-27.6263
24.5162
-7.3495
6.85337
56.1149
-2.66409
2.06435
-52.9609
31.3108
10.5253
-41.8639
-27.3256
11.635
-44.0436
82.8777
14.2674
26.3945
-34.5661
-5.35207
45.308
3.44907
-8.62382
3.82885
-31.7017
-2.11515
8.27059
11.3686
-21.5149
6.56597
-15.9009
-14.5973
-11.0778
-18.5813
-22.33
52.2266
-20.7077
-12.0674
-1.8263
-0.564433
-35.5317
-0.343415
-28.2586
12.7598
13.4896
-17.6474
-57.7976
57.3358
-6.2869
27.8314
28.3276
-48.1542
-0.87784
-23.5916
33.1423
3.55836
3.8612
-0.332879
4.01553
-1.77655
-29.8233
-12.3442
-21.7936
-23.5646
-12.1919
-11.9683
-55.3823
60.7901
-22.9151
21.1406
31.2297
-1.8745
-6.09041
7.57082
13.5557
23.4405
-36.5882
-62.9071
-2.09121
-39.2889
-1.45814
14.7828
-25.2789
3.89826
15.5845
-33.8622
14.714
-29.2731
-8.88876
33.9426
-24.9414
-6.05306
-10.3361
-6.75233
1.95887
25.8594
2.51544
45.1475
25.1958
-10.0085
-24.132
9.59801
13.2647
-6.40812
-5.7315
-11.5399
31.3575
60.9092
-20.2901
-36.4247
0.134977
49.3798
43.1435
41.3296
-32.0285
41.9864
16.9433
-20.041
-6.95865
-4.97411
-9.33059
-38.6619
16.77
49.7557
10.5587
-19.8481
15.9857
33.0917
-35.3004
21.1245
40.0876
-24.8605
14.1701
12.5664
45.6697
33.8681
46.5413
44.1935
10.2414
13.7759
28.3588
-10.9309
23.8539
-2.02614
-8.0876
28.007
9.05903
32.3975
3.06394
-0.648503
-1.76617
-11.1424
1.68701
-0.909098
-7.52578
-15.5258
-6.77993
-10.7483
-10.3404
-13.4263
13.6086
-39.368
13.2316
15.3677
-7.55117
-11.3603
40.4669
-20.1377
12.4159
6.52821
50.1426
-5.12134
-36.5968
-21.4156
23.3422
-17.7111
-27.5822
-10.8102
50.1199
-5.76448
-6.12721
-20.883
17.7757
47.5111
2.21768
-28.9318
-5.57783
28.2771
-12.4102
5.76135
-14.9304
-5.49099
13.918
-7.82413
0.489195
29.2652
6.83828
-15.7009
24.6137
4.61834
-38.7889
-8.65307
-20.2913
-6.60095
32.2713
31.5501
-13.0997
8.09468
0.994983
34.8075
-27.5014
-38.8372
-20.8266
-11.5451
27.6095
26.9646
9.72904
21.3296
-11.9684
34.355
28.0176
-20.168
60.0915
12.7736
6.10256
16.5306
-13.5177
14.4597
-20.7275
-34.7527
-2.45763
-23.6771
8.26698
-15.2619
-24.8705
-32.0365
35.3595
5.48843
4.38873
56.5288
3.07215
14.0658
11.9645
31.4526
-13.4363
-30.5782
9.41637
-14.4608
13.9575
8.72518
10.8275
-16.2468
39.4451
27.8827
-57.2755
-34.2512
-42.6372
23.9017
-9.4001
-18.2644
44.7773
15.1301
1.6656
-9.39819
7.9373
4.0618
-42.5718
-15.9665
-3.13586
11.618
-47.4756
84.5677
6.22515
-25.3925
4.81745
12.4864
35.0469
-21.2639
-4.91515
6.84794
-2.44417
16.463
27.1177
43.1766
-2.45622
-6.21407
10.1824
-7.09517
-1.3224
-12.8594
0.047041
8.32951
14.7085
-18.0799
-16.1906
-36.8377
-6.47071
38.2658
-17.9909
7.29385
-15.041
23.0302
6.6435
14.3427
-31.2322
4.72975
-25.3054
-0.75325
-28.629
-9.33424
-5.56419
-7.65963
7.10165
2.38605
-20.0225
-10.1406
67.8205
41.3802
-18.3773
13.4708
0.771624
-22.1106
9.01322
20.7121
-34.5156
-46.546
9.96373
18.9101
18.4003
2.57823
31.9294
11.4156
-39.91
26.993
-28.2212
-25.3317
-41.8079
14.175
-16.9795
-3.29756
-34.6539
39.4763
11.1549
23.3436
-1.73515
7.62515
21.5877
-2.44393
-18.7996
14.2153
2.3693
-22.6932
-13.1805
-9.14488
-12.9384
10.4197
14.1184
-23.4478
45.888
0.58994
32.6449
-4.51552
-19.5591
-6.70254
12.8763
-3.33637
-8.46104
-11.5989
-10.0302
47.2765
37.1865
21.4666
20.6545
6.66927
-45.5186
10.699
0.644794
12.4823
2.12242
15.7085
3.86099
-8.34135
-47.6428
-46.5155
-19.6451
-3.52021
-32.2439
28.0245
41.6467
-46.1899
27.0157
14.2745
-4.96742
-29.0137
-8.70069
26.7984
4.325
35.6899
32.6163
44.2675
34.8284
-50.0878
-1.45931
-23.9199
-9.07964
16.8668
30.111
-18.1119
22.8669
36.0665
-57.2252
-29.1629
-4.60175
40.306
-12.6215
27.8242
-7.35087
-35.5319
46.4087
13.8942
-22.5608
32.5531
-10.6987
-31.5692
-10.1198
20.1442
-26.9152
28.205
38.3683
-30.4689
-33.3642
10.2956
6.01025
18.2878
7.98977
30.5039
-43.9799
-24.3287
-14.3515
4.25655
6.82762
64.8895
-15.3313
2.75026
-18.5523
31.9404
-48.7708
3.83405
32.0962
42.8067
-26.6807
-13.4948
-29.8209
-6.81912
-27.5619
31.0035
-11.9002
5.27321
-0.191088
20.7705
-0.750237
11.1799
-18.8368
31.3863
-29.6288
-8.16897
10.3606
-4.46999
-8.96701
-26.4437
-0.392287
-25.8874
18.3117
13.1651
23.1186
-25.0698
5.07276
2.57127
-6.00017
7.07754
-28.9735
11.9832
0.287944
-45.8969
28.8283
-4.23968
-57.1827
-1.02813
-2.30153
39.5774
-5.85272
6.63889
-19.9916
25.9409
15.7245
-20.0233
-5.34616
-37.7675
31.6372
31.0695
-38.7878
-5.63949
47.8096
-32.924
5.83327
0.247929
-17.5386
-39.935
52.2692
25.8705
1.53079
-28.1352
-25.93
18.8368
38.9277
4.22215
5.52794
-2.29894
-7.9851
25.732
-5.55159
-50.0028
34.685
41.0661
-9.38732
-1.81902
-14.5762
-20.3403
-2.23093
-21.1633
-45.3887
23.943
31.7315
-29.8214
10.4979
-19.3034
9.67474
27.6973
8.61846
-13.2443
-0.0731477
-21.2341
5.60495
27.8149
17.9998
39.2859
-9.75554
-39.4729
-16.6377
-27.7406
0.683241
-7.8311
37.5003
17.7386
-16.9345
-4.71963
58.202
39.6982
-11.0509
36.0433
-17.7668
34.1252
-9.50125
39.5837
40.3895
2.39336
-0.548985
-15.9868
-16.0268
-20.8653
25.452
-44.5373
23.9968
1.56507
-0.230822
22.7274
3.79022
-19.7961
11.046
-47.4237
20.8927
-34.8834
14.6561
-9.51141
-10.7961
-40.8585
-2.01449
40.9674
-11.3556
2.91853
5.73845
17.2098
-1.0762
7.1969
-22.5848
13.8309
-8.72587
33.5529
-41.5226
21.1142
-34.4925
-53.1085
29.0468
31.3937
3.63454
11.4676
-7.78596
-1.33409
14.7683
-10.2835
-9.25175
-24.6948
-16.7065
-0.210946
16.3116
35.027
51.2336
15.7648
-2.87912
40.06
10.2733
13.9872
-0.411212
-42.9482
9.55826
12.1862
-43.9895
-21.1057
32.4189
-3.68872
2.92157
27.6739
65.0687
2.78314
45.0927
25.2722
-26.642
35.5877
23.3822
10.6843
5.86687
-35.9554
34.8865
53.1311
-40.3401
-0.880425
-10.5943
9.11289
-35.7029
-3.48417
-29.6406
31.8411
-27.5702
-1.28175
-45.2655
24.8126
-34.2726
-28.4019
-45.0522
12.0859
2.35704
38.234
34.8711
-4.24579
-4.12483
-50.5922
22.1245
-1.47147
27.3052
-18.0599
-1.67325
-32.1735
-10.2838
-19.9001
-40.5894
39.4839
-5.75303
-11.7351
3.68893
1.65402
7.10416
-23.8865
20.2944
-48.925
18.2872
5.13775
25.0489
37.0771
-38.0893
-44.5023
20.1631
-53.9363
-29.5143
19.8394
-72.0106
-32.8515
-27.2471
26.827
48.398
59.288
-8.68337
-25.7461
27.1467
12.3388
-15.5441
-15.1877
-11.8324
8.91684
-1.4666
20.3886
-17.5692
-6.61205
-1.37893
-25.4182
-36.5872
41.4193
-5.13653
-9.63218
-18.9627
-41.147
-4.9302
-0.616643
-2.88815
-6.25403
7.16751
2.48507
19.8385
10.3435
17.4928
-30.9582
34.5158
60.1013
10.0465
-38.2055
-24.1766
21.8324
-18.1078
43.3529
15.8047
31.761
-48.4671
7.03406
-11.5779
18.2457
10.9765
1.44956
38.8264
-37.9288
-18.1708
-22.2555
-26.706
-10.1875
10.2026
-0.155861
-51.2464
-13.8681
-7.44582
-34.5181
-52.0996
14.4472
33.7713
-2.80187
-9.2446
-50.428
-13.1497
-9.50655
-3.83051
-43.2803
30.8371
0.674567
22.8425
29.3337
29.3688
-2.38246
-5.94888
8.06195
28.8821
-0.0445762
-9.99495
7.60605
-18.2198
5.83644
29.1151
-39.1067
-44.9457
14.6011
-3.6657
-48.7716
40.3004
7.05936
49.5998
-31.7994
25.1289
8.89244
37.3508
20.0239
-10.507
-1.69415
12.1738
-3.686
-15.034
0.998973
33.167
26.4897
-6.75297
24.1464
20.5365
42.0141
-32.6785
8.54755
10.766
17.6825
-5.8063
-14.621
-39.9773
-3.68004
10.0938
-22.5289
-4.5353
55.4543
58.2837
-27.1144
-4.33792
-24.338
65.1347
10.733
-2.40491
8.95502
5.81233
-25.6949
-7.04546
13.4839
2.77558
22.4959
9.66333
7.05629
-76.7545
31.1908
15.143
-14.5464
16.0255
-35.4573
35.3416
-9.80499
13.5097
-27.3607
27.0841
-11.9912
-16.2801
-44.2135
98.0403
25.9055
-7.32869
41.2073
63.0631
19.3196
0.45759
-52.6739
-16.403
19.8374
-19.6849
15.138
9.95673
11.5421
18.9558
-5.39073
-9.87403
51.3573
30.8175
-18.112
31.2973
19.6348
27.1408
-8.38294
1.7527
24.3045
3.72304
9.59828
5.26148
20.5312
22.2793
-17.1279
-38.5294
28.4354
-21.8083
35.4238
-2.42492
-0.842487
40.045
-36.0595
21.9933
13.8715
0.45185
19.8714
34.8726
0.657719
20.8883
-7.84023
1.23542
10.5397
-42.8167
4.23945
14.2992
6.49735
-6.00535
19.6689
9.63594
-3.05063
-5.56683
17.0186
13.4925
-21.3818
-7.72898
-45.9685
-28.9323
45.3188
10.6778
26.1946
-10.8075
-44.6323
-17.5154
-11.8494
-19.9673
-2.08524
-24.0562
34.671
27.7063
-4.65086
-28.6142
-29.8734
18.538
-24.1645
33.9978
-11.5009
6.56383
-23.4898
-0.782899
9.02168
21.1069
8.34366
53.6184
-14.133
-9.98625
-12.1828
-22.31
-1.77545
48.5044
-11.7965
-24.717
57.6952
-22.309
30.1311
19.902
-20.3034
-9.92484
27.7219
43.2946
8.73893
28.9866
17.5439
7.41085
-0.483921
-9.32965
4.08485
32.005
-14.6812
-29.9446
24.0201
26.1523
-48.1488
-14.5083
12.567
34.5833
-24.7181
73.7581
-69.8482
18.1187
-18.3311
2.07712
-16.8679
-10.5852
-18.1068
-34.5081
6.6632
-0.745384
19.6221
-14.3591
-7.02875
13.8529
-7.27992
-8.54843
-7.459
27.3273
-26.8836
23.4009
-10.5644
19.2681
12.6395
24.1858
26.9229
52.0951
-28.184
29.3956
13.1192
13.585
-29.868
-18.862
-0.920484
21.9699
43.5188
18.8785
9.34644
0.130585
4.55654
19.2556
43.6656
-15.8881
-4.43473
-0.366309
-13.6091
7.81824
-35.3754
-5.27006
4.6696
21.4459
-22.9788
-41.7444
-23.4126
-15.4591
-14.5051
-40.5637
12.3549
-2.15568
20.7375
9.66507
8.37232
30.4299
-49.7382
11.9075
65.5768
9.65045
-24.7694
-27.6326
-21.2054
-31.2895
7.49216
-7.38035
7.08776
11.2418
3.79693
-52.0463
-6.65666
-16.5063
-15.7758
22.3964
16.5363
18.9286
36.5896
37.0282
46.62
-9.11197
13.2346
-7.12252
-30.3145
21.3514
-26.8714
23.4063
32.6222
13.9222
7.84788
30.5725
-14.8889
18.6697
1.35976
4.80983
-26.2071
-21.8527
-40.2401
16.1495
-3.53157
-19.4918
52.6662
-0.698883
-26.3058
11.278
-26.7754
-32.3004
-9.26224
45.4975
42.0716
19.0711
63.3039
4.00824
-2.30378
-26.2039
10.24
-0.909381
-11.0241
14.9067
-9.8975
9.57343
7.60195
8.68297
49.6317
48.9113
-21.2513
-31.1207
3.55944
43.1052
-51.501
19.7006
-22.8653
-46.3933
-14.9867
2.83248
19.8601
11.6554
15.9694
29.4909
8.69091
15.0447
11.164
-15.4243
-0.116938
-17.535
21.2938
-5.68057
13.9085
34.148
-8.96593
30.0201
33.1758
10.7059
-5.8265
-3.44518
6.56632
-30.8735
60.3833
-11.3701
13.4714
9.83454
-37.9005
-1.37589
-1.26095
32.78
37.9536
28.3751
22.7408
-0.191995
-4.94894
6.39031
-39.2043
-34.4855
-27.9071
-7.855
5.00914
-27.6091
21.2902
-13.1637
-5.96108
-6.3069
4.23123
-21.7608
53.071
17.5995
7.2474
-32.4113
33.1913
-25.0608
-42.2921
13.3351
-30.4487
-1.03277
-9.221
-27.1589
16.6136
-9.57466
-25.0697
-10.0886
3.07352
26.8465
-36.3333
-1.14495
3.9376
5.07952
-4.66252
-12.815
0.63141
45.8232
30.3951
-42.801
-14.9921
4.85869
-17.9545
-16.2656
-11.6734
33.0139
13.1943
57.4764
-8.07471
-48.2449
-16.9323
-9.23998
19.003
10.9656
-2.79215
26.9517
-35.6558
35.1832
14.0401
41.0047
-28.414
11.607
49.6375
-16.9047
-22.6915
-8.43868
-10.7461
69.1177
58.9507
-2.83204
30.6684
2.45583
-8.06441
34.3786
-25.2077
-36.7845
24.7132
-17.2858
-9.01699
-22.1067
0.224223
-41.9378
-2.01263
35.4762
1.26263
-5.48568
28.9824
-26.3905
-41.7935
4.16838
-19.3634
37.7926
6.9922
-15.0381
-0.997049
-39.0819
17.809
-80.1083
18.3468
15.7944
32.8998
4.27977
27.4661
-40.7557
-2.95173
34.9039
-43.2528
31.857
-11.5895
33.948
29.1354
-39.8384
-1.85723
-41.3599
-31.4043
3.11827
-11.5903
-21.7263
11.78
32.8096
14.6753
0.610487
-24.0967
31.751
32.4617
3.94258
-5.38875
5.84935
-37.9951
-26.9771
6.1626
44.4512
-17.1187
27.5676
11.0084
25.9021
-2.44585
-22.2079
8.55322
33.1265
-12.5561
-59.8011
13.0382
14.1713
-24.412
-41.4031
9.42222
-21.9453
-41.3798
29.045
-14.2384
2.6822
-8.58619
16.1282
23.179
-36.5368
-35.0095
0.810378
-20.1472
-2.08044
-39.9387
-29.758
-24.1769
-8.50661
-39.6306
-2.38228
-37.3969
6.31919
56.7336
-10.9494
16.5509
-1.94564
-0.19037
16.1936
-26.7036
20.1107
5.1353
39.6088
-36.0586
29.7234
-26.0191
3.03834
-34.4552
7.49012
11.4414
-21.2882
34.1734
0.912387
6.75897
27.1687
3.92759
2.38607
2.59439
61.6555
3.61364
-25.3084
-12.9722
-13.3454
-1.41461
-9.23347
19.5618
-18.7691
-10.447
13.0958
4.38913
-11.6891
26.5354
-4.627
29.9963
-2.66854
-6.03737
31.1996
56.3186
8.2442
-10.0058
4.52823
-24.8358
-8.40377
32.2933
74.4884
-1.12058
-0.868674
21.9819
-22.4094
-0.55968
3.98191
-2.44648
4.85152
-20.5071
12.0029
-29.4592
30.9273
17.6088
-66.0735
-14.8692
22.5351
-43.204
-51.792
13.8869
-11.1105
4.10763
-23.9615
-16.166
35.1974
39.949
5.00189
-42.7749
0.85464
-17.4743
-84.5745
19.8539
13.9082
6.58853
-7.27928
-4.0483
-5.97158
11.2177
-23.4347
18.6889
6.17072
-50.7939
-10.1479
20.7181
-4.8189
33.2184
24.6413
-2.17708
5.33938
1.08661
16.4227
-0.216695
13.9665
45.551
-2.22197
14.1654
10.296
-0.200033
27.1078
-15.3978
50.1682
-0.357139
44.7372
-43.1586
16.8104
-17.2903
-30.482
11.2329
-0.747434
0.304379
7.45291
3.46418
18.5704
-24.9912
11.0364
5.37115
32.7937
-18.7429
18.1768
-6.19025
-34.8874
18.4431
9.69591
1.39489
27.8162
-16.677
12.327
15.2849
8.38192
46.1557
-30.9763
47.7369
9.66007
-28.9923
-10.3105
-7.83341
-8.38081
-25.8104
18.057
65.7667
50.0018
0.301334
-3.45164
-16.4742
-18.6954
-18.8076
24.6472
-23.8913
-44.2079
-1.42108
11.1516
20.1633
-52.7678
11.589
-26.6106
-39.3121
28.837
47.5485
10.6125
-35.3648
-49.764
-6.16967
7.38163
13.151
11.5957
41.8515
-15.7728
-10.8862
-35.837
45.6628
53.5328
7.52471
56.4673
8.03683
-16.4609
23.7383
-35.8033
26.6646
-19.3672
-65.2584
4.7455
14.6814
-16.7595
27.4825
39.6041
11.9418
-21.0079
9.2659
-9.29172
-60.1768
-19.3194
-9.0821
14.4162
-19.5756
-19.1015
-16.6262
-18.5188
16.2229
13.9968
0.750091
-29.5528
-6.6274
-29.4562
25.4157
-10.3819
-3.10818
1.9789
-3.65286
-24.8443
-38.7326
27.3608
19.0569
28.5495
-23.6691
0.67931
-23.1563
-42.0852
3.27755
-73.9398
-50.2896
10.5769
5.50214
-29.3081
22.8632
24.033
-47.9471
24.6087
1.29969
-6.29161
-21.2532
25.986
-9.77584
10.71
-17.1694
3.35238
4.29604
3.16781
22.9687
-29.9491
21.7465
8.66126
-12.64
28.7621
11.2723
-1.01361
23.3595
-13.0176
-1.10578
-18.8093
9.15741
-25.7168
1.78956
-13.5385
1.56162
27.5966
-23.6544
-15.0934
-13.0124
32.8889
10.2968
-15.4836
-9.53733
-68.9618
0.558349
5.31912
15.8809
-19.1879
-45.0973
10.5871
-4.11769
-1.86357
-8.70296
20.825
-0.235623
-11.0447
1.1455
