-0.00352746
0.0033392
0.0192603
0.0438674
0.0764797
0.115293
0.158688
0.204253
0.252138
0.299857
0.346097
0.389704
0.430628
0.469148
0.503948
0.536391
0.568297
0.602541
0.639095
0.680259
0.727491
0.783535
0.850034
0.926808
1.01486
1.1175
1.23156
1.35146
1.47189
1.59017
1.70292
1.80548
1.89289
1.96025
2.00784
2.03472
2.0397
2.02281
1.98622
1.93214
1.86251
1.77983
1.68659
1.58714
1.48143
1.37283
1.26474
1.16051
1.06035
0.964696
0.875352
0.791788
0.715609
0.646434
0.582983
0.526233
0.475675
0.432373
0.395603
0.367924
0.349007
0.338223
0.334524
0.337276
0.346138
0.358789
0.373084
0.387427
0.400077
0.40635
0.403992
0.391474
0.367736
0.333062
0.287478
0.232231
0.170394
0.105651
0.0394421
-0.0251324
-0.0837858
-0.133629
-0.172978
-0.197732
-0.206911
-0.199392
-0.176767
-0.138684
-0.0852291
-0.0173001
0.0616802
0.14978
0.249113
0.358926
0.478082
0.604347
0.740977
0.892446
1.05649
1.22448
