-14.508
-11.5814
0.444325
-13.3849
47.7317
-4.82268
-4.27293
-17.3949
27.2211
-1.8189
14.0636
8.03084
-3.22607
7.25221
-9.62999
3.62669
6.13151
-5.35748
12.737
-0.545211
6.6782
-2.6525
-11.3962
27.7588
-15.167
-4.56613
12.8231
15.1273
0.792113
-11.6032
12.6293
-23.3012
5.42189
7.52285
3.3837
-18.8406
-4.13727
23.9017
0.0440504
18.3067
-11.0047
9.29175
2.67351
-6.56487
6.95879
12.5998
8.2362
-8.32711
-4.29638
-40.147
-6.06384
-8.39461
2.84353
17.1285
7.54265
-1.37113
-3.44934
32.2503
-1.64064
24.1967
13.5822
-9.37911
18.8875
-0.0671266
-13.4104
-12.4515
-16.5133
21.4525
-0.857057
-8.43532
-3.56549
11.5728
-8.06629
-1.58286
-19.7487
-19.2041
9.67081
7.49356
9.99311
20.3187
-7.55017
16.6134
9.32641
-21.6902
7.48609
-5.30135
-6.90975
5.28668
39.1244
1.14794
6.30614
-9.38008
-4.02031
7.38677
13.074
12.6992
8.0817
13.6455
21.6921
10.9049
24.2025
-6.57519
-7.96895
-4.84367
17.9979
-28.2758
-15.5314
6.63291
5.41983
-4.63415
7.92438
12.1564
21.5589
17.454
-2.72901
10.9988
-8.70227
38.8836
0.643044
22.5372
16.7072
22.2682
-4.65762
-2.59112
1.83226
-8.34577
-9.39792
11.787
-4.41045
-17.2796
-11.6751
18.5558
3.20667
-12.8846
-2.12925
-8.71009
8.39134
8.96025
-12.7323
20.9326
10.903
-13.7695
-27.2717
-16.7408
-0.938624
-1.19167
16.8404
-4.73385
-15.5428
3.47013
3.61482
8.2395
15.3516
-0.520613
35.3608
18.8713
-12.1478
-1.11276
-9.61726
-13.9345
8.89252
16.4812
10.457
20.7371
14.1938
-2.03992
18.1099
-24.1021
-3.23511
-7.86623
10.6873
-20.278
1.43989
-14.1291
1.80584
-3.18751
21.5755
-1.54746
10.8677
21.6284
19.899
2.35571
8.55084
-20.673
-13.0648
-4.2713
9.68587
-0.160978
0.447491
-4.43603
20.4519
0.392279
43.8289
9.36106
-34.4033
-13.3003
-4.86465
-13.898
-25.129
-3.42661
-14.0784
1.51935
-1.44398
15.0499
0.983374
-11.5209
-15.3953
-4.57308
-10.0259
-8.1325
-7.28076
9.76417
13.2879
-0.244296
2.24701
-6.69616
18.3485
-18.9148
1.02487
-22.5082
10.5341
-23.1
1.44917
-5.19943
-14.713
-11.1415
-8.33354
-24.2128
-10.5029
-7.50656
-14.701
-1.32445
18.7684
-28.7395
-1.31598
27.0396
4.6336
15.0338
8.07839
-5.20961
5.30484
6.08188
5.43012
15.7748
6.42141
9.87532
17.0174
-4.44568
-5.57758
-10.791
-2.81729
-0.0959791
24.7305
5.6739
-22.9465
1.34576
11.8915
-11.7115
8.24566
14.7816
4.52725
-19.6324
-6.45831
4.58458
-0.891527
-0.116933
27.5945
12.3809
9.11743
-13.6691
-11.3879
25.78
-19.3914
2.81375
-16.9868
-13.5647
-2.67816
5.15332
21.0623
16.7342
-8.58949
-16.3056
-13.7854
22.1494
-10.3781
-16.9282
-14.9723
13.1981
-9.87268
-26.7951
-17.7544
8.93937
3.04508
14.3785
-1.80861
-22.201
2.96102
11.2519
6.55904
-18.6906
2.26964
11.2951
-5.77991
-3.07635
-26.0073
-2.58093
15.6183
-8.58148
19.1203
-3.52155
-17.8166
-15.019
-23.4877
4.98323
-0.812539
-0.0871072
10.5275
-10.125
-14.19
-4.36046
-9.24978
14.6046
5.48846
10.8074
-26.6417
-1.19067
14.3841
-8.21187
-4.741
-4.74094
2.55067
11.0542
6.99299
4.23969
-6.14642
14.0478
15.8087
22.3365
14.6593
-7.62798
5.14979
14.5998
-27.6789
3.63554
1.5511
-15.8768
43.735
-4.47853
1.18896
9.32647
-4.29956
-14.1635
-9.45334
7.92988
7.46797
-9.98408
2.17048
21.2387
-0.0490242
-30.3574
14.0205
-5.73347
8.25405
-4.72819
21.5152
27.0699
25.1645
14.613
0.443186
-3.11659
-2.90653
0.783123
-3.23721
11.3598
-4.31405
10.3252
0.435349
-11.1863
-4.79478
5.60404
-1.5744
11.6102
21.2242
-16.1191
-19.9936
-21.0736
-5.69413
-25.0279
-2.66315
-13.8905
-3.71793
-15.7534
-7.68248
0.534694
-13.7263
-9.32946
-4.00071
-5.27969
2.37895
-31.8904
-27.848
-11.6195
-11.4451
-0.644941
15.4679
16.8033
0.357398
-3.66235
5.79116
25.2655
-13.8698
17.5298
15.5058
-1.95503
18.3973
-0.370044
-29.6559
3.58603
-10.1258
-17.0178
-26.8745
-2.21379
-12.2736
-18.4273
-6.92412
6.53866
19.1167
13.3282
-15.5307
-9.21285
1.6641
4.95636
1.97464
9.22413
-16.5809
8.482
6.41855
-23.4326
-8.9679
18.923
-16.2644
-0.0292256
-16.2195
22.6685
2.74185
11.5433
-3.71758
17.6733
-0.461542
4.97746
3.51579
-12.3783
19.0892
-8.93867
1.01442
-4.5781
-24.4897
-5.5215
2.29819
19.094
-5.22659
-7.65585
-5.28251
-7.20497
4.47298
-12.4278
-19.095
-2.86341
-14.6016
-18.0883
11.3141
-8.06006
5.95608
-11.8643
-3.72281
13.7511
31.6315
16.2399
-20.7379
-2.90102
-19.5837
-14.0585
9.37877
-1.28735
7.02112
0.461534
-10.1347
4.44696
-3.27056
-3.92303
-12.8071
-8.57641
-15.4437
5.36788
10.3172
-2.16883
-15.0187
-3.71364
13.7998
-6.12567
1.43734
-16.8027
-8.09241
-13.1571
13.8095
-13.7311
12.4781
-15.265
10.2956
-31.6648
-6.40576
37.1046
-20.2832
-20.5718
-12.7218
6.1771
-18.0483
-7.70235
1.60354
1.31196
-1.6699
2.14372
25.4685
6.38964
6.22858
-9.50078
-6.6687
-9.26738
7.84122
-17.6344
-7.02174
-18.9106
-6.89357
-2.12674
25.065
-0.633494
-10.8141
-1.7266
-14.2156
13.2171
-7.80704
1.50025
-20.9099
-8.17592
-12.4881
-0.703199
25.0779
-2.14518
-3.45634
-6.79579
0.0486088
10.3314
19.1244
-3.19217
2.05571
-1.6228
2.96132
3.64231
6.81173
20.3632
-1.39617
-7.28162
-13.2383
24.6232
4.72487
9.91553
-1.24573
23.3707
-5.05056
17.8447
-4.66071
9.78617
1.2038
4.33942
14.3058
3.99853
17.2989
-10.8236
14.9471
-1.65483
15.1359
-17.9789
8.59403
-18.9468
3.93871
-1.23518
-37.0843
-5.8156
11.9311
14.4049
-7.07853
-1.65909
4.61385
9.1772
19.4652
9.80314
10.4125
-4.43986
10.9083
-4.92417
-5.68572
-1.27949
6.65291
-16.0099
8.27901
3.75273
-13.0424
16.0961
-6.77082
-12.9985
4.63566
-5.45668
8.92929
-2.42765
-0.967662
5.32932
-20.695
12.7509
12.2423
-1.74688
5.0151
1.18914
-0.0795863
5.73814
15.1944
14.5784
-13.7177
19.8161
4.85095
-14.167
-6.55723
11.8478
14.4623
-1.46176
-14.9214
-7.71878
-21.3557
-5.69052
-0.853556
4.72212
12.5826
-0.969713
9.39496
7.10165
6.5992
-5.22322
-6.19043
-14.1507
4.11611
0.297666
12.5304
7.51149
15.3016
-2.34999
-2.27513
6.50339
5.22937
-13.364
-5.52097
-14.1324
3.08504
0.452307
-9.78716
-17.5444
6.21736
-8.37021
-0.0703722
-16.3915
-11.8279
3.62169
14.8221
15.2083
0.911946
-20.6111
-1.10658
10.4149
-7.166
16.6014
-12.0367
-11.473
18.5623
-12.4061
-4.74266
-7.52857
-7.30329
0.20997
-10.0911
0.148249
-18.3783
7.88677
0.871006
-22.2559
-8.14522
-37.4944
20.4153
-3.5664
-13.4148
16.7795
15.3745
-17.2323
-14.326
0.822877
12.5435
-6.02342
-28.4129
1.98003
-10.9921
-22.9963
12.5777
-9.86972
13.3997
-7.64783
-1.12223
-2.99124
-8.62928
19.583
-16.2189
28.064
-21.0037
3.23827
11.45
-2.57911
12.4667
-10.5493
17.6015
-15.6136
8.15604
-15.5516
13.8473
8.83088
6.48768
6.4989
21.873
-15.8727
-6.76097
-1.89622
7.38957
-12.4146
12.0847
17.4022
-21.2912
-3.03848
10.306
29.0449
-2.6953
-7.98811
-8.6247
15.6762
4.5799
4.94407
-1.86484
4.40783
14.2444
-17.1104
-21.2535
7.9265
20.5333
15.3656
4.17731
8.58502
5.82957
-3.02907
15.509
5.56385
9.51613
1.09611
-3.92441
-7.24682
-12.4834
5.96202
1.61438
4.75155
6.45513
-21.4796
-24.0495
14.097
18.7052
14.2303
-5.05694
-6.31616
-9.10901
-9.13577
15.5555
-17.0722
4.16088
-8.53029
-10.7816
4.05796
-5.27877
-7.85366
1.14211
-31.7972
-4.72379
-2.45078
-4.97745
-1.54942
15.6355
-26.086
-5.87824
-13.3575
13.9082
-19.6469
-0.196073
-0.533962
19.1759
15.4791
4.69317
-17.7602
-14.6205
-33.2902
16.2028
-2.83086
5.72549
-11.8482
-11.7352
5.17499
16.6534
6.90614
-3.9208
8.20764
12.4602
-21.2595
1.69177
-21.853
-2.88089
-12.8492
13.3778
-8.4635
-1.19022
10.8229
-36.2922
-7.05085
-0.832289
-8.95517
-9.32155
1.65856
-8.97328
4.73929
4.03366
-19.8389
8.95563
3.6959
15.2981
-12.7562
3.15314
1.42698
2.84746
1.14378
14.506
-23.5977
9.46213
-8.15259
-17.6915
16.6347
-3.35538
10.6032
-12.533
9.61999
18.2117
-10.0374
-6.57797
-3.86892
1.5169
4.54849
-19.5834
-5.99262
-21.305
-3.78324
-4.78428
-1.29354
2.1084
11.1017
3.12049
-1.9891
14.3197
0.657808
-23.437
-8.55595
-9.51534
23.6903
-6.05157
6.52908
-22.4418
-1.69262
27.1321
-20.2128
-5.11741
9.88321
-4.41378
4.05992
-2.67042
-24.2878
20.3384
-18.6046
-6.06085
32.8681
3.46072
0.958613
-11.472
10.5094
-4.99703
-8.6498
4.82567
6.26316
13.1839
-12.7922
39.316
0.810219
10.8481
15.7338
-18.9323
-20.394
6.96219
2.14593
-16.4248
-2.27044
0.620545
14.3116
1.91772
0.107382
-6.29397
-4.25664
4.84866
-3.82917
-18.9344
17.2175
10.7868
9.89847
-20.277
19.9579
-11.8529
-9.49586
-7.11876
17.4944
6.01074
11.4152
-11.9235
-4.88862
-11.1526
11.3049
-9.04515
15.9364
6.24659
16.5088
11.9029
-1.85571
-2.54284
-7.0077
3.67059
5.82948
-5.66426
6.31398
-15.797
-0.749756
-11.4526
-7.70527
-5.09676
22.5027
1.81812
-7.55477
7.90931
-4.86561
8.39297
-7.33295
4.86593
5.38255
3.36486
-2.71443
-8.16015
-21.3444
2.02512
-20.3288
-2.12873
7.62547
-31.2289
5.15545
-18.5088
7.32087
-0.50441
21.2541
2.33165
8.76921
1.88658
-0.0583703
-16.8544
-17.4683
14.568
10.5545
-17.899
32.415
-5.73043
-2.77129
10.5123
-7.70199
-18.3711
9.89441
-14.5347
19.3146
19.4977
-7.97094
5.91675
5.43782
12.7721
-0.962551
7.59444
-8.9638
-1.96877
14.1163
18.6816
-7.28086
-15.0086
3.80979
-0.683666
-10.4264
-14.662
-10.2554
11.1268
-17.8235
0.194116
-4.11715
-29.6668
3.15438
-18.3438
4.75862
