0
-16.4155
7.8539
-18.2945
14.8785
7.33169
-4.37536
21.8578
-10.9852
-0.430635
9.32621
15.6195
10.9734
-2.67644
17.6877
30.7069
5.92804
-7.63867
-1.30969
15.2343
2.9605
13.6672
-0.199782
0.0622455
-5.67628
19.0526
-3.246
-27.0329
6.38207
-19.4877
6.40404
15.5686
-4.91606
3.98986
23.8106
-29.7309
14.5078
-3.21371
-28.6174
-6.06634
14.2074
7.64789
8.04876
0.813334
9.04878
-19.7782
-8.07974
-23.3372
3.33134
-22.2937
21.8327
-5.6535
-13.1448
11.0506
-11.732
12.2771
13.4521
12.7349
8.73643
2.03319
-4.51465
12.4482
-5.1399
9.36274
-4.6325
9.45888
14.3033
-22.5775
-8.79515
-3.67504
7.00383
-4.96443
18.5513
-0.154436
13.5235
3.3963
-3.76571
7.18362
7.85004
17.2664
9.22132
-5.75403
-0.0894505
-16.6789
5.01408
-16.4333
-0.815896
-2.54235
17.1134
2.38774
3.44746
-20.0795
-7.19081
-0.568892
20.6486
-21.0087
19.7024
2.63879
-2.02981
-28.146
4.17834
5.85038
-6.30012
-0.0683611
5.27326
6.40186
8.74655
-12.5236
-9.05163
-9.57787
12.7236
1.718
-18.2611
6.32067
33.4792
8.84529
2.89189
21.636
-31.1043
8.17048
-8.50442
-9.46653
-14.6797
-0.870384
5.9375
-12.7815
7.6801
5.11799
15.8929
-31.6116
-17.6793
16.0429
-32.3664
9.64852
5.14181
-3.65419
4.91918
-13.567
-8.97199
27.983
-20.6415
-17.9708
17.6964
-2.38417
15.8577
-25.8273
-10.7943
-10.9228
20.7242
13.3439
-7.563
1.85165
0.946876
-10.7788
-11.6935
-11.4505
-8.1699
-17.2432
6.61926
-4.44334
19.5964
3.25039
-1.75796
-1.51304
5.13168
23.5113
-3.66143
-14.5581
13.292
-7.31635
7.40248
-23.3988
2.23927
10.4455
-17.6476
24.4708
-6.20104
1.08483
-3.01387
-2.81697
-11.3103
16.4015
-9.94905
-3.46065
-23.9956
10.5125
-4.18973
-13.6287
-2.1975
-11.8798
-6.4944
0.358545
-12.1109
-19.0621
34.684
2.01357
-1.92875
13.6031
-16.2177
2.1137
-8.33712
18.0287
-4.58797
27.7802
5.14612
-1.68817
10.2372
7.79058
-12.4071
-18.5177
-4.25013
9.28597
-4.99615
3.43518
-37.8577
8.08472
5.85331
27.0075
17.5051
4.54017
-16.1634
-7.88034
-16.6319
15.873
-17.897
-1.2293
-9.14905
29.9814
-6.74252
-5.11435
-0.706891
-5.95188
-18.1262
25.0247
2.81991
7.29219
10.0919
-5.21281
3.60693
13.4981
-5.21752
23.8284
-10.0581
1.821
9.76903
11.2412
23.2412
10.9231
-8.39421
-28.8104
1.94095
26.6912
6.0997
3.3292
5.37321
-8.43552
7.85214
11.5755
14.8076
14.7024
7.73904
13.0627
-6.48673
10.6752
7.85182
2.6927
9.08397
1.52849
-18.2295
-28.2206
1.52387
24.6255
0.518479
-3.37745
7.28898
4.24546
5.56445
-19.4079
-1.93463
8.1237
25.1316
-13.8591
-16.0396
-14.498
24.8581
-1.30802
-18.3152
6.97918
-5.77319
-4.84461
0.684202
29.3219
-5.06361
-0.967145
-0.922044
-1.04553
-23.7962
6.24935
-14.4971
20.1548
-17.0927
10.4896
-9.79318
4.39706
-9.32768
-17.3395
24.1493
-27.1513
12.5303
-22.9486
-3.54347
-3.0625
-5.1664
6.58328
-20.0113
2.53984
-30.8528
-0.745943
4.39117
-18.5629
15.5841
14.6551
-8.07992
-13.8442
2.2201
24.3104
0.449568
-23.9221
-0.0180666
6.08382
-44.9678
8.45571
-5.88148
18.8841
8.25278
-15.631
10.764
-3.70414
7.79116
-1.80322
3.47707
5.41466
4.81369
25.0874
-13.5682
5.24728
21.3858
-8.22052
12.2279
-6.7875
-11.0573
19.9908
17.9377
0.235284
-13.7766
-18.0912
-7.3339
9.59099
-2.96337
9.9249
-15.4792
7.89694
13.1136
5.79462
-8.75781
8.69877
2.06529
21.1843
10.959
1.70069
7.7147
19.8815
1.86609
3.39263
-8.73543
-2.10791
-12.0629
5.91647
8.14896
15.6531
7.47156
4.30182
-5.38083
8.96441
-6.20764
-8.61873
-11.1166
-11.5805
10.9977
3.68373
20.6379
21.6576
4.25408
-9.05597
-0.333891
20.8676
18.4055
-13.43
22.8254
7.31897
-4.05906
-5.29949
2.45648
1.42898
-2.8044
7.54569
-3.23123
-24.4282
11.9963
-2.58656
-0.0727582
4.63568
-9.53436
2.45804
-12.0175
5.56945
18.3868
-15.7874
10.8905
3.56131
-12.2341
15.1013
-0.0833045
1.36169
7.47164
16.0292
-3.59946
14.5407
8.95533
8.20791
-8.86968
-9.92297
-10.0169
-7.94904
12.2662
-8.07505
-23.2663
-25.3252
21.056
8.45523
-8.48199
21.2553
-4.5947
27.0331
1.36268
14.0417
-8.56013
21.1756
-2.3982
8.03162
-4.86352
-2.53377
4.01303
-5.9653
14.9477
-8.98319
18.2175
-14.5332
3.74951
-5.52469
5.04167
-31.8073
-2.5505
5.50086
15.281
-9.58476
-7.52805
-7.85979
-7.64016
-0.109012
-4.48423
11.5767
-12.3397
-17.7248
-13.8653
-7.65906
-2.95549
9.20159
-27.31
-22.6457
-9.50744
-13.0398
10.9411
-4.793
9.50214
-19.9846
2.51745
-5.98233
7.86779
15.5062
-23.5757
-14.8829
-14.942
2.8538
-5.82689
16.6934
-7.26281
2.87831
3.34059
16.5568
8.84222
14.8413
-19.3523
-11.7337
-8.16705
-8.74455
-16.8484
-13.306
8.42179
-16.3997
-8.94744
2.93632
40.2445
-28.2168
-20.9656
22.5014
-9.71216
16.2721
-14.213
11.8795
-18.9481
-1.94795
-5.96758
13.1075
1.50602
14.4683
-12.719
-9.03779
10.1574
10.7364
-6.95301
-17.0737
-0.0795791
-1.28869
7.60491
6.59233
9.08048
-6.95421
10.9764
6.66053
-3.44566
2.85479
-17.6453
-4.8711
14.7472
0.862116
36.219
19.5244
-13.2611
-21.5976
-13.8125
4.55061
-11.5347
4.01802
-25.6634
-4.8799
4.54421
-9.80056
7.1625
14.5727
-1.8561
4.14248
5.09913
8.64604
19.6633
-8.89232
-11.387
-13.2845
17.9955
11.9248
4.96171
23.2213
-13.8606
13.4256
7.44828
3.28937
13.0655
-11.0419
8.57088
-5.09825
5.21401
-30.899
-0.36814
-8.93012
18.0537
-20.2565
-9.40502
20.389
3.56065
-13.3406
16.4695
-0.44439
1.28536
-6.92205
-11.4303
-2.80675
23.194
4.8846
-16.4513
-22.2903
-18.6325
-2.69476
1.75409
-16.5779
6.81672
11.5781
15.5587
-10.9122
32.7093
28.4116
0.97088
17.2456
5.08016
-17.5135
23.0141
-13.5089
-10.27
-0.887574
6.43263
-8.81765
-26.8019
-26.7161
-17.037
-21.9062
-4.74621
25.2456
1.87472
0.727545
-3.96894
0.32314
10.2279
-5.05638
-5.06471
9.52219
-3.48421
7.53711
-7.21073
16.1946
-0.876707
11.7476
23.9404
45.3119
9.91681
-0.0154722
11.1026
-1.08669
4.23358
19.4054
17.9828
1.81219
16.4623
-0.28724
8.0901
7.00481
10.621
16.8102
26.5924
22.0488
7.92593
-6.14966
-24.0838
-0.143538
-11.0925
5.72994
-28.374
20.5081
18.483
-10.0067
-8.48056
12.0527
-1.62867
-13.5939
-2.71169
12.9676
17.2303
1.99237
5.7196
31.8862
-36.8017
5.44115
-1.57777
-14.962
30.7664
3.87292
-0.115256
23.516
12.7842
-5.16756
-6.77567
-20.5007
0.996374
-0.560675
-2.45644
-12.3704
-14.6704
-5.31134
-4.9944
8.0477
-15.8702
-19.0921
23.2263
-1.389
-0.130117
-22.568
-6.12216
-11.7096
2.81431
14.547
-7.40915
-4.91523
-5.27055
-24.7093
-0.451103
3.09309
19.2795
20.6768
-11.7038
11.218
-13.9698
-19.7428
14.5913
5.54373
14.2508
-2.7098
-11.5388
19.1511
5.43419
-6.90297
-18.2613
14.5169
13.9096
-5.96508
-6.68101
-25.0957
-9.40569
14.4906
18.2128
-14.8502
0.68964
13.0532
29.1224
-17.269
2.10882
15.1579
30.7991
11.578
-9.59701
-13.6901
-11.3538
-0.397622
17.0709
-2.30007
35.1999
-13.8489
6.18414
26.2162
15.914
14.5351
-19.0182
-5.46357
-0.507351
-9.89436
-7.33939
23.2086
13.7105
-0.727122
-12.3634
14.0657
-6.50186
-13.6059
24.5326
18.2808
-13.6818
-5.19235
-3.76842
6.86679
10.602
21.5499
3.49631
1.63012
6.79668
-5.45117
-4.57024
-3.45932
-7.32176
8.72307
4.55311
-8.70009
4.56256
-33.3344
-29.7002
20.538
-21.0282
-21.3963
-7.17934
-11.3741
-16.0892
8.57401
-1.30152
1.2406
8.9829
8.21219
-10.6681
21.5513
-15.3983
17.2617
-1.73755
31.9888
-5.30603
10.9742
3.69981
13.3713
-4.39995
-15.5839
-6.35758
-4.73925
1.26535
-4.24099
9.3598
17.4088
15.2768
-7.63844
-1.52645
-10.5374
2.46146
-12.2122
11.9922
15.7809
5.91379
4.39412
55.3081
46.0167
-13.5271
14.1639
-12.8255
2.91054
5.35628
7.34884
-7.58543
-4.11107
4.65982
33.2235
15.451
25.5613
11.7574
-5.15551
-7.6923
11.4556
-19.9134
-4.05197
-12.7836
8.48455
-7.11579
20.4295
-5.31573
6.07721
-0.563927
38.2071
4.4121
24.9059
15.4143
-0.696333
2.25119
-9.86255
-19.5986
1.91228
11.4164
7.07364
34.988
19.7754
-21.3643
5.30396
-9.16729
-9.28263
-10.2044
-17.6845
8.1355
13.5616
-15.5135
-10.3112
-15.8958
-8.58197
19.4089
30.3139
13.9501
-16.0496
15.0407
1.00654
-10.5339
4.5855
-0.681225
18.1206
12.3561
-16.3248
-2.67522
15.1655
17.1351
-5.01232
8.45742
17.1896
11.3458
15.9815
35.6233
13.5632
10.529
-5.17071
22.4976
-27.7117
7.31428
-4.46
17.8758
4.18019
-9.17482
-10.6898
-14.5876
0.325623
-6.60101
-21.5653
-8.38785
35.2811
-5.25287
4.05499
14.3642
33.2507
5.08981
11.1264
-3.43958
-5.4701
3.54743
-6.37282
-11.3798
-13.3335
-6.34968
9.34614
2.55111
23.3938
-26.7481
-21.2679
-6.70169
0.520955
-17.1859
20.033
7.50997
-14.5605
13.6711
-9.28523
-10.975
-10.4731
-31.1925
-9.03258
10.2999
-0.0772122
14.2314
-8.66789
-2.35348
7.78408
14.5987
-27.2141
-2.15349
3.49197
19.0341
21.1487
-8.14537
21.7865
13.1987
-11.764
16.3377
-26.3578
-7.72016
1.82481
0.948405
-19.6777
-22.4867
-12.7691
-23.9552
25.0078
11.6581
20.5546
10.7229
-2.16608
-6.95462
6.86859
5.85582
-10.2494
20.932
-5.2226
9.89174
-23.0362
-12.8534
11.7818
3.73826
-3.46531
-18.209
22.2391
-9.18295
13.0845
15.1538
-1.07911
-14.0974
-5.19676
26.7748
-23.4862
3.53959
9.81463
-1.11811
9.51326
-10.9414
6.34328
-3.63818
-7.51586
13.9969
-1.44615
11.1237
7.38553
-6.88364
13.8003
-30.8873
4.1027
6.28251
31.6991
-42.0497
-4.39582
-15.9356
-5.34961
