0.0449385
0.00266229
0.0119323
0.0221208
0.0392214
0.0300878
0.0467846
0.0437215
0.0542177
0.0415974
0.0351071
0.0305225
0.0465698
0.0402238
0.0408717
0.0323534
0.0494193
0.0243628
0.0426387
0.0378899
0.0476526
0.0581783
0.0774654
0.0826685
0.11989
0.115222
0.137457
0.146742
0.162881
0.143321
0.148983
0.126005
0.095044
0.0894574
0.0676679
0.0325284
0.0249224
-0.0144273
-0.0278143
-0.050178
-0.058345
-0.0831343
-0.0885317
-0.102758
-0.0995127
-0.11413
-0.11493
-0.115657
-0.0861214
-0.110364
-0.0961136
-0.0812373
-0.0730222
-0.0643854
-0.0457772
-0.0500276
-0.0224078
-0.0325608
-0.0252454
-0.0137423
0.00394183
0.00167451
0.020323
0.0224547
0.0743037
0.0308392
0.0434213
0.0365006
0.0521511
0.0348587
0.022466
0.00822719
0.00300029
-0.028912
-0.0411572
-0.0640849
-0.0545686
-0.0728405
-0.0771502
-0.0770834
-0.0452068
-0.0650376
-0.0425986
-0.035722
-0.0177353
-0.00181194
0.028319
0.0251354
0.0630632
0.0621427
0.0729723
0.0941372
0.108331
0.105771
0.1294
0.134858
0.142709
0.163852
0.18329
0.171812
0.188039
0.178594
0.171968
0.158046
0.1548
0.117935
0.10731
0.0868721
0.0655336
0.0340165
0.0109392
-0.0180344
-0.0219638
-0.0671545
-0.078717
-0.0941275
-0.0974546
-0.119676
-0.12397
-0.136907
-0.113197
-0.125025
-0.121472
-0.119682
-0.104537
-0.112342
-0.0986681
-0.0985446
-0.0631901
-0.0808382
-0.0656031
-0.0551845
-0.0215376
-0.0269452
-0.010879
0.00466617
0.03383
0.0307185
0.0525074
0.0527171
0.0672501
0.0640321
0.0590947
0.0479996
0.0717791
0.0454247
0.0393082
0.034249
0.0296003
0.00731139
-0.00184822
-0.0277526
-0.018208
-0.0395277
-0.0469774
-0.0552447
-0.0478877
-0.0583551
-0.0455322
-0.046333
-0.0454461
-0.0301027
-0.0153678
-0.0152045
0.00446838
0.00663599
0.0107432
0.0158413
0.0366458
0.0200802
0.0351793
0.0382515
0.0476502
0.0478974
0.0571063
0.0471263
0.0765582
0.0590269
0.070609
0.0722593
0.0837558
0.0782865
0.101077
0.104578
0.129353
0.139045
0.156047
0.165488
0.179999
0.156938
0.161076
0.144979
0.170326
0.104572
0.0840224
0.0432044
0.0317567
-0.00542577
-0.036549
-0.0592503
-0.0663377
-0.116988
-0.115406
-0.133749
-0.143128
-0.15243
-0.152571
-0.161048
-0.119605
-0.133165
-0.130895
-0.116145
-0.0955296
-0.100965
-0.0825369
-0.0751669
-0.05633
-0.054018
-0.0332415
-0.0314403
0.00621544
0.013252
0.0355636
0.0538875
0.066444
0.0814634
0.0989522
0.0982215
0.110376
0.0964324
0.092417
0.0811085
0.0808513
0.0474816
0.039948
5.40933e-05
-0.0130504
-0.0305848
-0.0471998
-0.0724823
-0.0582885
-0.0871964
-0.0828673
-0.0812706
-0.0780652
-0.0815188
-0.0602965
-0.0488392
-0.012557
-0.00239281
0.0173107
0.0280504
0.0546246
0.0493096
0.0651264
0.072769
0.0449385
0.0714446
0.0843361
0.0791735
0.0848499
0.0907925
0.104022
0.107879
0.146684
0.141568
0.166124
0.192581
0.205093
0.19151
0.204664
0.189324
0.197637
0.154779
0.128609
0.0925635
0.0746129
0.024998
-0.00730874
-0.0429936
-0.0669567
-0.112236
-0.132169
-0.164912
-0.162536
-0.181295
-0.19049
-0.191369
-0.18539
-0.17305
-0.147689
-0.140525
-0.121348
-0.118874
-0.098537
-0.0936915
-0.0597735
-0.0633997
-0.0585567
-0.0422564
-0.0201351
-0.0155279
0.0109271
0.0198242
0.0576439
0.069573
0.0804364
0.0850112
0.0993783
0.0883459
0.0990433
0.0850149
0.0818117
0.0482585
0.0395669
0.00972304
-0.00385476
-0.0270566
-0.0493354
-0.0682964
-0.0291575
-0.103697
-0.101367
-0.111444
-0.108809
-0.108934
-0.0846551
-0.0830876
-0.0420402
-0.0331514
-0.00665266
0.0139536
0.0399255
0.0435549
0.0731191
0.0857439
0.110752
0.0999341
0.110057
0.111175
0.136157
0.127547
0.146123
0.152134
0.177574
0.177399
0.191779
0.190036
0.21919
0.221762
0.217543
0.213252
0.202695
0.181578
0.161229
0.12369
0.0866841
0.0430105
-0.00194383
-0.0560157
-0.0731601
-0.1304
-0.163754
-0.183826
-0.190916
-0.20996
-0.197026
-0.203533
-0.17965
-0.177228
-0.163656
-0.161058
-0.130455
-0.123299
-0.106597
-0.0907544
-0.0615066
-0.0634297
-0.0325224
-0.027492
-0.00301272
0.0104061
0.0262594
0.0365782
0.0934711
0.0587622
0.072128
0.077686
0.0854287
0.0755719
0.0816003
0.065901
0.0693679
0.0451231
0.0352143
0.00584766
-0.012193
-0.0483636
-0.058061
-0.0807468
-0.0865642
-0.116035
-0.121368
-0.132119
-0.115017
-0.121291
-0.107606
-0.0819391
-0.0471647
-0.0403936
-0.00767434
0.0151609
0.041351
0.0602422
0.0842799
0.0941554
0.113951
0.123818
0.14061
0.16134
0.171191
0.174068
0.192743
0.189331
0.21162
0.194942
0.199785
0.205561
0.241652
0.232849
0.234602
0.227613
0.226869
0.193905
0.169478
0.111557
0.0883694
0.0323189
-0.0220932
-0.0717452
-0.105294
-0.168385
-0.185609
-0.22299
-0.231569
-0.234872
-0.228617
-0.238021
-0.165008
-0.198155
-0.178899
-0.154714
-0.135297
-0.122084
-0.0912468
-0.0825076
-0.0450836
-0.0393638
-0.0233928
-0.0166002
0.0088375
0.0165354
0.0438396
0.0614704
0.0779265
0.0632572
0.0768985
0.0708015
0.0814064
0.064217
0.0464278
0.0383755
0.0344888
-0.00443345
-0.0137924
-0.043398
-0.0580077
-0.0801389
-0.0923568
-0.116201
-0.122322
-0.13518
-0.141487
-0.131963
-0.108818
-0.110367
-0.0709893
-0.0533666
-0.00968239
0.0120602
0.0411823
0.0573674
0.0968799
0.100266
0.124362
0.144305
0.178644
0.164899
0.187747
0.189495
0.212083
0.215396
0.218702
0.212843
0.230555
0.211736
0.212204
0.219158
0.230167
0.22103
0.226876
0.209169
