-4.56284
2.12483
3.53325
5.69448
-1.54741
0.358858
-7.2196
4.08239
-0.752229
-4.1815
10.2798
7.73784
9.44684
-4.3824
2.45415
11.504
2.54389
3.19192
-1.87809
10.4444
-2.6053
-1.67879
2.70149
-4.34413
-0.249923
-6.9599
-3.09586
-5.82742
-9.59257
-5.37662
0.560602
1.28783
0.433632
5.53312
-5.67799
2.39258
-5.84961
2.78458
2.26952
-3.04533
-5.86816
-1.96334
5.199
-0.783444
-1.77791
-7.09058
0.825384
-2.89955
-1.9191
-1.8448
-3.996
4.3871
-3.33741
-0.60719
3.95186
-6.0535
6.64546
1.75428
-2.07985
1.04455
-7.10346
-1.71361
-4.58786
0.723989
-4.86501
1.0781
-4.79642
-0.811009
-6.10648
0.534956
-2.07528
1.14977
6.19621
-6.96116
3.60855
-1.3469
-0.952497
4.06401
-4.16594
-2.42661
-0.512032
-1.41988
1.43757
-7.55012
-2.85981
-2.49137
4.50603
-0.352401
-5.39949
-3.75169
1.35722
3.80437
-5.39013
2.76494
-5.14993
4.3536
1.1558
2.0968
0.557275
-5.89505
-8.20822
-5.92913
-2.99264
-8.39142
-0.0495853
-4.46703
0.526134
-1.95266
-5.55616
8.00433
-3.24914
1.72439
3.44431
13.5318
1.90063
-3.79404
6.95675
6.46188
11.1887
-2.93516
1.2809
3.08429
-5.93612
0.552429
-2.21199
5.02685
2.86393
0.529902
