-0.326349
0.908589
0.34834
0.220115
-0.708931
-0.599472
-0.863672
0.642179
0.103188
0.403896
-1.12966
1.08933
0.6165
-0.697014
-0.701374
-0.933214
-0.474878
0.0627965
-0.107131
-0.557832
0.258756
-0.738392
-0.366933
-0.173479
-0.129033
0.589038
-0.577736
-0.022754
0.218011
-0.772952
0.359568
-0.590981
-0.877873
0.948466
0.920632
0.545142
-0.452775
-0.808679
0.455149
-0.116044
-0.825502
-0.138419
-0.977719
0.841356
-0.466641
0.485116
-0.277516
0.0936697
0.0950377
-0.47394
1.06167
0.667703
0.827583
0.688696
0.131658
0.782857
-0.840889
-0.600708
-1.0274
-0.501963
-0.141212
-0.441209
0.689337
-0.36905
-0.397927
0.0183638
-0.826953
0.707064
-0.780055
0.967591
0.551203
-0.567984
-0.908929
0.635013
0.439473
0.319418
0.423497
-0.917051
-0.326242
-0.636995
0.737207
0.222101
-0.384862
-0.858822
-0.324733
-0.373593
0.575928
0.212063
0.835151
-0.147661
-0.790443
0.58077
0.551971
0.0127163
0.454011
-0.12701
0.0654533
-0.123312
-1.03397
-0.637646
-0.887726
0.3315
-0.295094
0.0898416
0.827772
-0.439495
-0.0799484
0.602193
-0.566331
-0.955489
-0.319769
-0.486477
1.02444
0.523927
0.271076
0.775465
0.479104
-0.59187
0.845959
0.0178072
0.557941
0.576984
-0.424679
-0.736958
-0.471444
-0.00319682
0.652782
0.729003
