0
-2.68429
0.56963
-0.430078
0.137271
-0.015594
0.0518286
0.036166
0.00941533
0.00672133
0.0161722
0.00835311
0.0133145
-0.030582
0.0127013
-0.00232233
0.00911929
0.00236476
0.010989
0.00782479
0.0100778
-0.0940373
-0.0178371
0.0046911
0.00226003
0.00550157
0.0101754
0.00214006
-0.000534439
-0.00779597
-0.0012285
0.00231281
0
-0.00231281
0.0012285
0.00779597
0.000534439
-0.00214006
-0.0101754
-0.00550157
-0.00226003
-0.0046911
0.0178371
0.0940373
-0.0100778
-0.00782479
-0.010989
-0.00236476
-0.00911929
0.00232233
-0.0127013
0.030582
-0.0133145
-0.00835311
-0.0161722
-0.00672133
-0.00941533
-0.036166
-0.0518286
0.015594
-0.137271
0.430078
-0.56963
2.68429
