0
-0.114976
-0.0565909
-0.788225
-0.933478
-0.681391
-0.144751
3.01312
0.0688655
0.760255
1.37815
-0.182905
-8.45307
22.0076
6.53163
4.03577
-0.316832
-1.55138
0.466763
-3.37474
1.02578
0.475046
-0.298371
-0.854864
1.04142
-4.10878
2.44731
1.31989
1.78745
1.26635
0.609559
-0.0451281
0.252698
0.803146
0.893253
0.628882
0.438308
0.206202
0.123525
0.528528
0.55664
0.276821
0.254909
0.366539
0.18731
0.508971
0.440758
0.340705
0.369515
0.375825
0.310433
0.388741
0.351741
0.319723
0.332648
0.300681
0.281255
0.325995
0.288058
0.273103
0.249796
0.223138
0.244911
0.242281
0.256354
0.235222
0.226714
0.225875
0.236211
0.192101
0.252823
0.169719
0.208287
0.213557
0.201575
0.289595
0.236291
0.193783
0.179152
0.169004
0.165591
0.145466
0.212268
0.152143
0.162962
0.145543
0.13495
0.160197
0.223663
0.0379443
0.0728818
0.145986
0.194234
0.184851
0.132035
0.230163
0.143926
0.171193
0.134462
0.118072
0.00233816
0.189801
0.0945325
0.114158
0.105985
-0.118599
0.101441
0.152719
0.0798497
0.111055
0.114076
0.0670187
0.111633
0.141809
0.0947742
0.0694538
0.0647642
0.0817124
0.163103
0.0924796
0.145731
-0.201216
0.043075
0.0968568
0.0913917
0.0872469
0.0851901
0.0852849
0.0839231
0.0841441
0.0827666
0.083287
0.0781906
0.0668516
0.0741826
0.0793696
0.0769402
0.0762377
0.0738304
0.0647882
0.0738654
0.0841079
0.0751844
0.0779238
0.0736391
0.064404
0.068952
0.0594555
0.0173201
0.0461125
0.0784295
0.0656748
0.063312
0.061311
0.0613005
0.0625929
0.0633012
0.0614053
0.0609402
0.0592272
0.0555174
0.017952
0.0166111
0.0706462
0.0385238
0.0847072
-0.058621
0.063949
0.0562652
0.0867404
0.0550308
0.0538718
0.0679504
0.101867
0.071243
0.436208
0.0406335
-0.0182986
0.0410041
-0.0238883
0.0669297
0.0441068
0.0590918
0.0459231
0.0493072
-0.00374386
0.0493083
0.051883
0.056252
0.0477385
0.0478485
0.0479556
0.0456386
0.0424677
0.0424593
0.0351322
0.0239895
0.0412661
0.0340329
0.0442343
0.0448914
0.000328678
0.0973045
0.0377302
0.0341343
0.0292751
0.0310428
0.03269
0.0326491
0.0210488
0.00973889
0.0212506
0.0173603
0.0187528
0.0183193
0.0228233
0.0151943
0.0310201
0.0131608
0.0244026
0.0213855
0.0190649
0.0183869
-0.00439173
0.0196436
0.017593
0.0410991
0.0128722
0.015
-0.0581004
0.0129737
0.0221278
0.0132692
0.0111543
0.0279747
-0.0011892
0.012068
0.00816652
0.0027609
0.00959998
0.007116
0.00829116
0.00648946
0.00591532
0.00655076
0.00566422
0.00444531
0.0137886
0.00386679
0.00487964
0.00361346
0.00352568
0.00355757
0.00085019
0.00102584
0.000722641
0
-0.000722641
-0.00102584
-0.00085019
-0.00355757
-0.00352568
-0.00361346
-0.00487964
-0.00386679
-0.0137886
-0.00444531
-0.00566422
-0.00655076
-0.00591532
-0.00648946
-0.00829116
-0.007116
-0.00959998
-0.0027609
-0.00816652
-0.012068
0.0011892
-0.0279747
-0.0111543
-0.0132692
-0.0221278
-0.0129737
0.0581004
-0.015
-0.0128722
-0.0410991
-0.017593
-0.0196436
0.00439173
-0.0183869
-0.0190649
-0.0213855
-0.0244026
-0.0131608
-0.0310201
-0.0151943
-0.0228233
-0.0183193
-0.0187528
-0.0173603
-0.0212506
-0.00973889
-0.0210488
-0.0326491
-0.03269
-0.0310428
-0.0292751
-0.0341343
-0.0377302
-0.0973045
-0.000328678
-0.0448914
-0.0442343
-0.0340329
-0.0412661
-0.0239895
-0.0351322
-0.0424593
-0.0424677
-0.0456386
-0.0479556
-0.0478485
-0.0477385
-0.056252
-0.051883
-0.0493083
0.00374386
-0.0493072
-0.0459231
-0.0590918
-0.0441068
-0.0669297
0.0238883
-0.0410041
0.0182986
-0.0406335
-0.436208
-0.071243
-0.101867
-0.0679504
-0.0538718
-0.0550308
-0.0867404
-0.0562652
-0.063949
0.058621
-0.0847072
-0.0385238
-0.0706462
-0.0166111
-0.017952
-0.0555174
-0.0592272
-0.0609402
-0.0614053
-0.0633012
-0.0625929
-0.0613005
-0.061311
-0.063312
-0.0656748
-0.0784295
-0.0461125
-0.0173201
-0.0594555
-0.068952
-0.064404
-0.0736391
-0.0779238
-0.0751844
-0.0841079
-0.0738654
-0.0647882
-0.0738304
-0.0762377
-0.0769402
-0.0793696
-0.0741826
-0.0668516
-0.0781906
-0.083287
-0.0827666
-0.0841441
-0.0839231
-0.0852849
-0.0851901
-0.0872469
-0.0913917
-0.0968568
-0.043075
0.201216
-0.145731
-0.0924796
-0.163103
-0.0817124
-0.0647642
-0.0694538
-0.0947742
-0.141809
-0.111633
-0.0670187
-0.114076
-0.111055
-0.0798497
-0.152719
-0.101441
0.118599
-0.105985
-0.114158
-0.0945325
-0.189801
-0.00233816
-0.118072
-0.134462
-0.171193
-0.143926
-0.230163
-0.132035
-0.184851
-0.194234
-0.145986
-0.0728818
-0.0379443
-0.223663
-0.160197
-0.13495
-0.145543
-0.162962
-0.152143
-0.212268
-0.145466
-0.165591
-0.169004
-0.179152
-0.193783
-0.236291
-0.289595
-0.201575
-0.213557
-0.208287
-0.169719
-0.252823
-0.192101
-0.236211
-0.225875
-0.226714
-0.235222
-0.256354
-0.242281
-0.244911
-0.223138
-0.249796
-0.273103
-0.288058
-0.325995
-0.281255
-0.300681
-0.332648
-0.319723
-0.351741
-0.388741
-0.310433
-0.375825
-0.369515
-0.340705
-0.440758
-0.508971
-0.18731
-0.366539
-0.254909
-0.276821
-0.55664
-0.528528
-0.123525
-0.206202
-0.438308
-0.628882
-0.893253
-0.803146
-0.252698
0.0451281
-0.609559
-1.26635
-1.78745
-1.31989
-2.44731
4.10878
-1.04142
0.854864
0.298371
-0.475046
-1.02578
3.37474
-0.466763
1.55138
0.316832
-4.03577
-6.53163
-22.0076
8.45307
0.182905
-1.37815
-0.760255
-0.0688655
-3.01312
0.144751
0.681391
0.933478
0.788225
0.0565909
0.114976
