-0.0286014
0.0105091
0.013948
0.035294
0.0392339
0.0239715
0.047836
0.0553284
0.0660796
0.0600121
0.0345076
0.054926
0.0475532
0.0549099
0.0577643
0.0319217
0.0397017
0.0467584
0.0395118
0.0413758
0.0476556
0.0587129
0.0766036
0.108315
0.0818489
0.061208
0.0996553
0.120925
0.103776
0.113444
0.0983283
0.0975352
0.0849736
0.0546189
0.0326809
0.00141456
-0.00753923
-0.0456892
-0.036326
-0.0646896
-0.0909994
-0.0863104
-0.0990242
-0.132964
-0.119474
-0.12331
-0.116749
-0.11799
-0.112011
-0.0982905
-0.125512
-0.0907198
-0.0901215
-0.0766427
-0.082654
-0.0635208
-0.0549438
-0.0728889
-0.0554597
-0.0194035
-0.0193239
-0.0114865
-0.00153149
-0.014044
0.00229009
0.00235067
0.00782402
-0.00480032
-0.0159005
-0.0216976
-0.0244552
-0.0212503
-0.00214638
-0.0386515
-0.0270347
-0.0545974
-0.0670879
-0.0568841
-0.0654992
-0.0788018
-0.0746215
-0.0434276
-0.0631301
-0.0216237
0.00743545
0.00572355
0.0174411
0.0350325
0.0575537
0.0690157
0.0990933
0.0928732
0.11109
0.109385
0.129297
0.128721
0.164305
0.169229
0.170896
0.176886
0.154733
0.176636
0.182771
0.149401
0.140238
0.144298
0.122238
0.057298
0.0369934
0.00895071
-0.00514834
-0.00528578
-0.0494358
-0.0529115
-0.0751065
-0.0906231
-0.102748
-0.118022
-0.123099
-0.116053
-0.127305
-0.130664
-0.135167
-0.133279
-0.128019
-0.13923
-0.111563
-0.0969328
-0.0888128
-0.0738445
-0.0861279
-0.0810697
-0.0535919
-0.0405923
-0.0502683
-0.012408
-0.0040145
0.00876273
0.0296092
0.0487813
0.0204633
0.0420796
0.0492227
0.0462232
0.040274
0.0244968
-0.0039997
-0.00110526
-0.0139333
-0.0240557
-0.020725
-0.0210873
-0.0393203
-0.0407434
-0.0435393
-0.0353094
-0.0469945
-0.0584808
-0.0618258
-0.0383367
-0.0184774
-0.0416206
-0.0283224
0.0110912
-0.000831855
0.029005
0.0168034
0.0258214
0.0425906
0.0227793
0.0651704
0.0669053
0.0553643
0.0765438
0.071335
0.0528763
0.0720274
0.0589114
0.0553252
0.0569131
0.110464
0.0971052
0.119783
0.123924
0.110854
0.122126
0.129139
0.135677
0.156457
0.163927
0.182314
0.145146
0.125427
0.0913041
0.0629837
0.0830625
0.0120464
-0.0378697
-0.0304527
-0.0470044
-0.0727444
-0.0840762
-0.0981924
-0.124252
-0.113128
-0.0900572
-0.128098
-0.121918
-0.125499
-0.134039
-0.0812739
-0.130993
-0.121132
-0.113211
-0.104764
-0.067284
-0.0656245
-0.0449661
-0.0173079
-0.0201539
0.00126283
-0.0213959
-0.0134698
0.0175965
0.0444243
0.056747
0.0695647
0.0839031
0.0768193
0.0835471
0.0795911
0.0522248
0.0260697
0.0433199
0.00267113
0.00730197
-0.0106314
-0.02192
-0.0526771
-0.0533229
-0.0528914
-0.0825696
-0.0927253
-0.0829708
-0.0849227
-0.0622026
-0.0409961
-0.0491034
-0.0355117
-0.00342687
-0.00521137
0.0420575
0.0309696
0.0414103
0.0814205
0.052822
0.0491583
0.0632882
0.0467155
0.0654868
0.0748113
0.0998211
0.106673
0.121737
0.132307
0.12644
0.140599
0.163594
0.15702
0.175201
0.181276
0.178732
0.180482
0.166433
0.120774
0.0854166
0.0561644
0.020739
-0.0111768
-0.0545837
-0.0773773
-0.117839
-0.119549
-0.15359
-0.158524
-0.169721
-0.176429
-0.181083
-0.185445
-0.137114
-0.139331
-0.162257
-0.122311
-0.10284
-0.117018
-0.0640352
-0.0552529
-0.0679844
-0.041742
-0.0258309
-0.0407715
-0.0224913
-0.0120365
0.0091767
0.0117701
0.0333001
0.0557872
0.0627613
0.104722
0.0913108
0.0659418
0.0840968
0.05933
0.0278067
0.0142236
-0.0153501
-0.0501472
-0.0288527
-0.0803951
-0.0958638
-0.0959107
-0.110302
-0.110087
-0.100948
-0.1018
-0.132704
-0.0812607
-0.075646
-0.0609938
-0.0172437
-0.00287421
-0.00329764
0.0286346
0.0469656
0.0451722
0.0423862
0.0724884
0.0785052
0.0843483
0.0867676
0.117503
0.14052
0.125776
0.143764
0.15185
0.152794
0.176931
0.187556
0.18564
0.189553
0.18985
0.185843
0.204764
0.16949
0.135884
0.11446
0.0740607
0.0144556
0.00828426
-0.0447466
-0.0964449
-0.100687
-0.167119
-0.175645
-0.185488
-0.217513
-0.190381
-0.209029
-0.214307
-0.175915
-0.178399
-0.176458
-0.140873
-0.103928
-0.10767
-0.100422
-0.0614827
-0.0572711
-0.0369822
-0.00953065
-0.00976608
-0.0104046
0.0188635
0.0275131
0.0500839
0.046234
0.0598618
0.0709224
0.104488
0.0691955
0.0674032
0.0655584
0.0534576
0.0388424
0.0374154
-0.0107463
-0.0371205
-0.048409
-0.0983146
-0.0933212
-0.142791
-0.12431
-0.110811
-0.114392
-0.12223
-0.111222
-0.0831628
-0.0912172
-0.0406626
-0.021316
-0.00732925
0.047768
0.0479161
0.0688765
0.0929843
0.088761
0.104121
0.120952
0.128641
0.128639
0.161695
0.178109
0.172828
0.179584
0.185324
0.132872
0.184285
0.197211
0.214833
0.201629
0.213933
0.199494
0.18701
0.173997
0.12454
0.0749392
0.0378505
-0.00687228
-0.0310179
-0.0747017
-0.139099
-0.161268
-0.175185
-0.224956
-0.20908
-0.239055
-0.238949
-0.229471
-0.235478
-0.219122
-0.222034
-0.154585
-0.156253
-0.11493
-0.109634
-0.101806
-0.0500888
-0.0458541
-0.0203408
-0.0223426
-0.0173102
-0.0202322
0.010131
0.0188831
0.0250014
0.0108875
0.0441364
0.0666372
0.0496278
0.0381458
0.0283337
0.0269901
0.0267079
0.0049647
-0.0212797
-0.0756954
-0.04265
-0.0712782
-0.0871862
-0.0876204
-0.144968
-0.143145
-0.129247
-0.100762
-0.107227
-0.0950677
-0.0704827
-0.0507367
-0.0241037
0.00210262
0.0363344
0.0646617
0.0849144
0.0911379
0.122803
0.127351
0.147579
0.17495
0.183868
0.189586
0.201851
0.214302
0.192854
0.208492
0.20693
0.210893
0.188513
0.220854
0.214077
0.197733
0.192295
0.191692
0.175336
0.13217
0.0907658
0.047913
-0.00238522
-0.0465442
-0.085709
-0.145893
-0.187237
-0.20377
-0.232243
-0.246974
-0.266943
-0.276993
-0.254586
-0.260706
-0.253048
-0.203386
-0.167267
-0.150565
-0.121131
-0.107054
-0.0973055
-0.0354084
-0.035519
-0.0318619
0.0134655
0.030507
0.00388776
-0.00581702
-0.00200093
0.0161006
0.0238385
0.0477929
0.0288249
0.0175139
0.0296301
0.0113597
-0.000186137
-0.027185
-0.015396
-0.0754518
-0.0711449
-0.0818652
-0.115121
-0.116837
-0.147008
-0.132959
-0.132849
-0.126468
-0.116001
-0.112067
-0.0724157
-0.0291581
-0.00831343
0.00469976
0.034803
0.043444
0.0979205
0.0951601
0.118523
0.143902
0.169776
0.211889
0.183358
0.199097
0.201768
0.197908
0.27034
0.229619
0.20887
0.247095
0.21399
0.244073
0.229468
0.230293
0.215826
0.21648
0.238176
0.194662
0.16716
0.106543
0.0716843
0.0653471
-0.0520548
-0.111567
-0.142419
-0.205699
-0.222463
-0.267446
-0.306783
-0.334899
-0.304961
-0.268371
-0.285449
-0.238537
-0.188782
-0.143668
-0.107414
-0.118958
-0.0938128
-0.0413968
-0.0469714
-0.0143234
0.0235911
0.0144937
0.00622022
0.023037
0.0212012
0.00313087
0.0118814
-0.0172878
-0.00592542
0.0155944
-0.0101396
-0.0124932
-0.0327275
-0.0503391
-0.0813133
-0.0791903
-0.119975
-0.129899
-0.144927
-0.159728
-0.154832
-0.147069
-0.146798
-0.14
-0.108948
-0.100512
-0.0536984
-0.0159804
-0.00524088
0.0343839
0.0485641
0.0784117
0.106608
0.115527
0.134518
0.143293
0.16317
0.155216
0.16022
0.175686
0.173806
0.183448
0.182263
0.185737
0.205828
0.213292
0.209365
0.217584
0.238779
0.23097
0.238834
0.239924
0.222178
0.207966
0.213188
0.168838
0.137341
0.0967716
0.00740095
-0.025089
-0.11817
-0.188878
-0.219453
-0.273422
-0.286109
-0.294997
-0.285317
-0.293009
-0.262075
-0.230014
-0.212359
-0.157684
-0.0994166
-0.0623443
-0.0445851
-0.0615527
-0.0483519
-0.00942913
-0.00629553
0.00332461
-0.00357367
-0.00445233
-0.00427168
-0.000500855
0.0106426
-0.0277743
-0.00674639
-0.0321166
-0.0346957
-0.0402768
-0.0539915
-0.084934
-0.0923491
-0.117385
-0.13892
-0.155067
-0.185726
-0.2109
-0.216049
-0.18172
-0.129778
-0.125649
-0.0856956
-0.0546413
-0.0360946
0.0169735
0.0616605
0.0915652
0.114611
0.130033
0.146914
0.138913
0.163021
0.154263
0.125693
0.138124
0.142685
0.135172
0.164134
0.148908
0.15473
0.172301
0.15482
0.159374
0.187729
0.202723
0.19429
0.210761
0.204807
0.204492
0.242736
0.22863
0.218133
0.20131
0.185446
0.143746
0.0830445
-0.00418558
-0.077352
-0.13822
-0.188244
-0.239203
-0.263607
-0.281294
-0.313749
-0.278445
-0.278239
-0.250676
-0.21038
-0.178909
-0.130614
-0.0925653
-0.0482864
-0.0331201
-0.0291884
-0.024378
0.0045596
0.0136185
0.0077082
-0.0235948
-0.0112062
-0.00195269
-0.0157486
0.00329574
-0.0667505
-0.0731551
-0.0282236
-0.0542513
-0.07949
-0.0909909
-0.107306
-0.154729
-0.176528
-0.164914
-0.207292
-0.189126
-0.191957
-0.180065
-0.138691
-0.120149
-0.0695407
-0.0412182
-0.0124181
0.0364676
0.0854264
0.103235
0.107528
0.14124
0.124865
0.126062
0.126977
0.142796
0.145613
0.135258
0.114941
0.124276
0.135088
0.122975
0.138797
0.160677
0.168413
0.172536
0.15956
0.159339
0.171318
0.217742
0.222884
0.252051
0.268014
0.280468
0.26606
0.232902
0.208043
0.166852
0.111522
0.0331085
-0.0600725
-0.126239
-0.172348
-0.244837
-0.288352
-0.354139
-0.341166
-0.332687
-0.315147
-0.259989
-0.206458
-0.192434
-0.101713
-0.0774116
-0.0418446
0.0187304
0.023648
0.0249103
0.00260717
0.0120666
-0.0112679
-0.0348054
-0.0494593
-0.0363469
-0.0288863
-0.0393722
-0.0564412
-0.0338095
-0.100343
-0.0897803
-0.0949626
-0.117241
-0.134128
-0.158434
-0.132116
-0.179698
-0.162924
-0.155812
-0.175136
-0.150969
-0.0924253
-0.0599523
-0.031304
0.00304882
0.0127766
0.0612608
0.0855866
0.110018
0.105083
0.123244
0.1225
0.116109
0.111353
0.0783661
0.104832
0.0915945
0.0981226
0.0941723
0.0799581
0.110434
0.133325
0.144693
0.156293
0.146949
0.152058
0.151657
0.170774
0.182103
0.204364
0.252379
0.254259
0.292393
0.301248
0.285448
0.253086
0.218467
0.159593
0.0646711
-0.0258306
-0.124076
-0.178128
-0.267725
-0.32853
-0.360238
-0.37733
-0.365292
-0.316423
-0.279516
-0.206246
-0.148169
-0.0692546
-0.0492791
-0.00555017
0.00845285
0.0280904
0.0325795
0.0131857
0.0196068
-0.0181257
-0.0598701
-0.0774202
-0.0748577
-0.0935654
-0.0847247
-0.0914988
-0.0929142
-0.0747269
-0.082632
-0.123775
-0.145061
-0.138756
-0.174091
-0.177719
-0.184723
-0.169277
-0.146473
-0.113008
-0.112062
-0.0329722
-0.0264373
0.0285578
0.0655743
0.0917455
0.132303
0.108808
0.1281
0.0871382
0.0870934
0.111965
0.0714987
0.073502
0.0837517
0.0886978
0.1058
0.097466
0.0845931
0.12025
0.12179
0.144025
0.179333
0.181864
0.190709
0.20008
0.258847
0.183251
0.177707
0.2058
0.212194
0.293042
0.307834
0.327686
0.340883
0.293733
0.253297
0.182708
0.095951
-0.00319042
-0.118199
-0.204271
-0.303534
-0.363595
-0.398438
-0.415294
-0.377246
-0.347535
-0.256027
-0.156843
-0.0814425
0.0190772
0.0569017
0.0970886
0.08143
0.116012
0.0952403
-0.00194093
-0.0180695
-0.0678581
-0.110439
-0.0995697
-0.143746
-0.185007
-0.118289
-0.113162
-0.124841
-0.104126
-0.116788
-0.130379
-0.126788
-0.142799
-0.211107
-0.197236
-0.198544
-0.200733
-0.0797533
-0.113653
-0.0920942
-0.0223316
0.0208304
0.0672832
0.102819
0.132002
0.115663
0.122544
0.131263
0.091478
0.0860269
0.0586817
0.0748791
0.0530074
0.0359571
0.0457581
0.0697463
0.0787356
0.101024
0.127849
0.122069
0.157909
0.184713
0.249087
0.205101
0.202943
0.200469
0.214504
0.216261
0.214221
0.218837
0.228504
0.289155
0.361891
0.382118
0.345352
0.277187
0.217536
0.15969
0.0302372
-0.101548
-0.256196
-0.324959
-0.370505
-0.407826
-0.426295
-0.4017
-0.342415
-0.205167
-0.112471
-0.0539458
0.0209731
0.0821611
0.118796
0.132264
0.0880091
0.00550682
-0.0520932
-0.0655206
-0.116192
-0.147839
-0.184437
-0.192525
-0.17078
-0.133423
-0.109935
-0.0918139
-0.118863
-0.102303
-0.0988712
-0.12832
-0.158588
-0.191618
-0.198028
-0.235328
-0.202318
-0.169168
-0.122925
-0.0748181
-9.68955e-05
0.0553483
0.101918
0.115042
0.114798
0.105897
0.113321
0.0611066
0.0276845
-0.012284
0.00322645
0.0341336
0.00235283
0.0240323
0.0216987
0.0667493
0.1082
0.138259
0.149188
0.163792
0.169004
0.187912
0.172545
0.177044
0.191053
0.180281
0.196259
0.221712
0.227314
0.232257
0.269381
0.32125
0.357161
0.368169
0.370308
0.316937
0.220568
0.151957
0.0279889
-0.136671
-0.298674
-0.353057
-0.40244
-0.425398
-0.399446
-0.362687
-0.292707
-0.159381
-0.0754613
-0.0114273
0.0447071
0.0918906
0.11882
0.0960805
0.0180521
-0.0285755
-0.0868856
-0.167757
-0.188214
-0.215857
-0.19548
-0.222883
-0.183337
-0.131673
-0.119389
-0.124541
-0.13662
-0.136924
-0.163777
-0.140429
-0.186859
-0.250478
-0.238492
-0.201133
-0.151895
-0.14759
-0.0864551
-0.0242443
0.025872
0.0692665
0.0814389
0.0985182
0.0753225
0.0565348
0.00389171
0.00121153
-0.0190746
-0.0324643
0.00678777
0.0166561
0.0637751
0.0584165
0.0716325
0.0797904
0.134161
0.134848
0.102186
0.121962
0.123973
0.148969
0.151194
0.161899
0.191734
0.227481
0.250061
0.28464
0.29175
0.274477
0.306012
0.313724
0.325359
0.322994
0.281503
0.255742
0.223914
0.160167
0.0537963
-0.0610433
-0.183989
-0.251147
-0.297332
-0.323554
-0.338294
-0.32489
-0.259314
-0.154398
-0.0711544
-0.0365487
0.0212157
0.0577287
0.118563
0.0972588
0.0461514
-0.0223008
-0.0914317
-0.116467
-0.164127
-0.209361
-0.219769
-0.244381
-0.223128
-0.171751
-0.169612
-0.155532
-0.148842
-0.156069
-0.157108
-0.173353
-0.207376
-0.22476
-0.20464
-0.164613
-0.147338
-0.113364
-0.0832203
-0.018043
0.0386641
0.0752021
0.0703548
0.0694142
0.0550758
0.0269883
0.0200582
-0.0363503
-0.0569012
-0.0298257
-0.0174739
0.0214462
0.0612802
0.0850084
0.095113
0.123048
0.129311
0.13095
0.0965833
0.117466
0.121414
0.160246
0.16576
0.165574
0.230214
0.249003
0.292396
0.28629
0.27418
0.286928
0.295203
0.286869
0.28345
0.223645
0.27256
0.289345
0.236151
0.186551
0.0996515
0.0511452
-0.0416032
-0.14099
-0.22628
-0.312664
-0.341309
-0.310869
-0.277307
-0.217529
-0.139564
-0.0333354
0.0424143
0.0750999
0.136917
0.123714
0.0773074
0.0220266
-0.044703
-0.117882
-0.194688
-0.230436
-0.258689
-0.244485
-0.234774
-0.198116
-0.194641
-0.143632
-0.122918
-0.13067
-0.146785
-0.187608
-0.204821
-0.209523
-0.240658
-0.223422
-0.209158
-0.155693
-0.0812091
-0.0074351
0.000305243
0.0574379
0.109859
0.0817292
0.0813954
0.0490624
-0.0204091
-0.0616242
-0.0744001
-0.0671178
-0.0391822
0.0005338
0.0203338
0.0721113
0.119646
0.148805
0.162002
0.135018
0.111136
0.102959
0.0946341
0.0885363
0.113615
0.173009
0.189226
0.258283
0.293743
0.282308
0.305139
0.296659
0.290176
0.259928
0.243864
0.207929
0.212653
0.243547
0.226405
0.224185
0.159271
0.0923903
0.111599
-0.00740537
-0.124466
-0.220273
-0.300628
-0.297598
-0.275155
-0.245895
-0.229416
-0.142732
-0.0126365
0.0532089
0.0878657
0.107395
0.0922353
0.114401
0.0124267
-0.080438
-0.141169
-0.217101
-0.251117
-0.2476
-0.260454
-0.279951
-0.236452
-0.14523
-0.142313
-0.105304
-0.128543
-0.169731
-0.150403
-0.214857
-0.228164
-0.25197
-0.241468
-0.191362
-0.0995418
-0.0505766
0.00211024
0.0471529
0.105975
0.0859516
0.0657539
0.0178691
-0.0273924
-0.0418385
-0.0397776
-0.0703398
-0.0845158
-0.053876
-0.00271087
0.0541574
0.0969089
0.116843
0.103668
0.127393
0.106675
0.0977542
0.067566
0.0559012
0.131141
0.163988
0.201664
0.221122
0.266182
0.298
0.296211
0.298469
0.244442
0.21564
0.215695
0.190269
0.185016
0.183134
0.238757
0.248445
0.280709
0.238481
0.181448
0.0754669
-0.00307093
-0.106291
-0.224466
-0.291577
-0.335456
-0.308583
-0.260051
-0.177765
-0.0755615
0.0163832
0.095265
0.151274
0.173281
0.0993185
0.0178501
-0.0252033
-0.145677
-0.225586
-0.248656
-0.27122
-0.244774
-0.210999
-0.177073
-0.146932
-0.0930906
-0.0594636
-0.0935065
-0.105085
-0.195998
-0.254993
-0.276335
-0.304372
-0.2856
-0.224295
-0.195672
-0.0878554
0.0145646
0.043244
0.0805008
0.0856582
0.0840452
0.0517906
0.000297412
-0.0817483
-0.104689
-0.121074
-0.0839096
-0.0414929
0.000960789
0.0618414
0.112608
0.177693
0.163637
0.136781
0.12792
0.0838014
0.0567229
0.0530744
0.0526976
0.103338
0.163767
0.250525
0.271895
0.309329
0.313734
0.307409
0.279581
0.230277
0.181164
0.162266
0.161195
0.169809
0.198458
0.243863
0.313011
0.336801
0.32173
0.230122
0.122146
-0.00612092
-0.139105
-0.233029
-0.334159
-0.361855
-0.33037
-0.260981
-0.166624
-0.044001
0.0468014
0.135751
0.200647
0.195078
0.108786
0.0175022
-0.0817606
-0.184331
-0.242773
-0.296163
-0.296651
-0.260375
-0.21519
-0.168022
-0.123922
-0.117629
-0.0910377
-0.100781
-0.15576
-0.201055
-0.261432
-0.273003
-0.269104
-0.240153
-0.207486
-0.136237
-0.0517697
0.0358855
0.0837018
0.0895433
0.0611558
0.0304037
-0.0186947
-0.0906264
-0.134989
-0.158008
-0.108412
-0.0554854
-0.0201141
0.0431723
0.113331
0.128342
0.13333
0.131113
0.0963229
0.0526705
0.0105567
-0.0194744
0.0264073
0.0585726
0.127332
0.204978
0.256037
0.317629
0.338636
0.305832
0.282323
0.209525
0.171048
0.110741
0.0856975
0.0997742
0.119041
0.187866
0.224531
0.316495
0.386894
0.392059
0.283221
0.175976
0.0514952
-0.0953792
-0.228409
-0.325565
-0.379895
-0.355636
-0.287666
-0.217847
-0.0906764
0.0431226
0.148936
0.184876
0.170771
0.106744
0.0236818
-0.0868919
-0.190872
-0.245206
-0.264377
-0.273105
-0.215318
-0.178922
-0.164197
-0.0851386
-0.0908842
-0.11957
-0.128147
-0.202193
-0.285168
-0.300923
-0.295023
-0.277815
-0.249079
-0.177481
-0.0871291
-0.0189638
0.00107781
0.00275342
0.0228225
0.0215732
-0.00555983
-0.0273064
-0.10816
-0.134942
-0.10039
-0.0650137
-0.0085977
0.0459543
0.109614
0.103892
0.11224
0.107391
0.0366661
-0.00660656
-0.0204219
-0.0195885
-0.010495
-0.0194343
0.0977182
0.183739
0.255304
0.332774
0.323777
0.328894
0.302817
0.226592
0.149221
0.0738981
0.0826681
0.0889143
0.124978
0.169082
0.220259
0.298774
0.369024
0.411237
0.385193
0.269854
0.171197
0.00739388
-0.154864
-0.291369
-0.359481
-0.356828
-0.314892
-0.21673
-0.133483
-0.0161285
0.106598
0.170027
0.153127
0.104737
0.0139576
-0.0543941
-0.111534
-0.191844
-0.239718
-0.218758
-0.231513
-0.189489
-0.130574
-0.129451
-0.136992
-0.120445
-0.176744
-0.224781
-0.241706
-0.296094
-0.282083
-0.236546
-0.199547
-0.151586
-0.110039
-0.077746
-0.0286305
0.00613009
-0.023164
-0.0288029
-0.0449368
-0.0562175
-0.0751743
-0.0799155
-0.0977453
-0.06684
-0.0188369
0.00948757
0.0511357
0.065696
0.0542903
0.0723447
0.03697
0.0152404
0.0160506
0.0448017
0.0590345
0.0829294
0.125667
0.149589
0.196804
0.261922
0.296612
0.292657
0.271962
0.205509
0.148432
0.124744
0.098392
0.133439
0.135029
0.168849
0.236118
0.27803
0.316007
0.334263
0.340176
0.325069
0.299414
0.202734
0.0541976
-0.0719989
-0.153137
-0.202591
-0.236769
-0.263107
-0.240812
-0.142801
-0.065972
-0.0389812
0.0274709
0.0555708
0.0768098
0.0594899
0.0317365
-0.0672942
-0.105656
-0.129353
-0.150059
-0.153168
-0.216118
-0.21927
-0.171844
-0.170666
-0.227293
-0.208188
-0.200142
-0.18365
-0.169813
-0.177843
-0.211813
-0.198038
-0.140733
-0.102499
-0.0810391
-0.111216
-0.0762795
-0.0621878
-0.0509073
-0.0557543
-0.0594863
-0.0592667
-0.0376029
-0.00857797
0.0130522
-0.0114095
0.0118873
0.0518749
0.0566009
0.0362357
0.0241031
0.0104983
0.0173223
0.0219603
0.0262509
0.0168758
0.0518822
0.134577
0.154723
0.187541
0.224258
0.251443
0.275862
0.262344
0.22401
0.174522
0.13629
0.11648
0.111457
0.1265
0.129007
0.16269
0.219225
0.250044
0.261489
0.261031
0.238124
0.251673
0.263904
0.171724
0.0513037
-0.0380721
-0.109046
-0.17451
-0.203533
-0.242773
-0.22264
-0.130767
-0.0760434
-0.0471386
-0.0231978
0.0209355
0.0435393
0.0413799
-4.76114e-05
-0.0393802
-0.0835849
-0.134036
-0.171171
-0.196742
-0.202248
-0.207882
-0.18441
-0.194699
-0.181947
-0.184023
-0.173995
-0.187289
-0.203069
-0.181581
-0.223426
-0.19096
-0.155562
-0.156007
-0.112559
-0.0961026
-0.075604
-0.0271893
-0.0616142
-0.0409273
-0.0390785
-0.0152312
-0.0448192
-0.0179408
-0.0310849
-0.0366981
-0.0174279
-0.0106616
0.0026353
0.0248261
0.0470064
0.0306726
0.0459751
0.0592892
0.036984
0.0525056
0.0688215
0.11612
0.128308
0.142929
0.194611
0.231885
0.247764
0.253645
0.211582
0.190084
0.149312
0.136073
0.114267
0.09574
0.134033
0.173457
0.193718
0.235818
0.250449
0.266332
0.301752
0.275482
0.219938
0.139996
0.0576751
-0.0404258
-0.0933754
-0.180402
-0.197717
-0.216292
-0.175649
-0.109771
-0.0759199
-0.0554401
-0.0226821
0.0283275
0.00266324
-0.0082552
-0.0726485
-0.0792103
-0.0931349
-0.117552
-0.151449
-0.16468
-0.159905
-0.213944
-0.177965
-0.199795
-0.226367
-0.201482
-0.202253
-0.199018
-0.157268
-0.176296
-0.176144
-0.137396
-0.127105
-0.119653
-0.131104
-0.145241
-0.10336
-0.0870231
-0.0873277
-0.0816543
-0.0281564
0.0126718
0.0301917
0.0449239
-0.00799969
-0.010464
-0.00802575
-0.0135719
-0.00530806
0.0146281
0.0149751
0.0320579
0.051704
0.072943
0.0828165
0.0577237
0.0711524
0.0946785
0.103633
0.114007
0.136353
0.19401
0.226407
0.254649
0.230888
0.203079
0.179877
0.156734
0.107181
0.116237
0.13197
0.159936
0.194197
0.203063
0.232457
0.263493
0.259222
0.244415
0.237774
0.194179
0.0999056
0.0203629
-0.0519449
-0.115432
-0.140547
-0.148695
-0.157897
-0.112093
-0.0947473
-0.104028
-0.0628868
-0.0174163
0.0314089
0.0100786
-0.0166757
-0.0406042
-0.0624902
-0.0847843
-0.127149
-0.148885
-0.158259
-0.194594
-0.188488
-0.190022
-0.207652
-0.184707
-0.179725
-0.210087
-0.14298
-0.15989
-0.171512
-0.173841
-0.174219
-0.156438
-0.168682
-0.146405
-0.15777
-0.0980519
-0.0856669
-0.054623
-0.0364413
-0.00995441
0.00173204
0.012943
0.0255952
-0.0212295
0.00196103
-0.00567418
0.0151702
0.00732541
0.0160684
0.0389446
0.0621431
0.0344168
0.0308278
0.0303292
0.0288727
0.0621387
0.0806397
0.094664
0.140339
0.18151
0.20869
0.238685
0.217654
0.210973
0.175418
0.146981
0.106218
0.0755677
0.0810846
0.127367
0.168706
0.217316
0.245381
0.277416
0.255149
0.238516
0.254669
0.208945
0.162004
0.10889
0.0441873
-0.0256396
-0.0810239
-0.118815
-0.189629
-0.167505
-0.167084
-0.123838
-0.112667
-0.0387616
-0.0285753
0.0276375
0.044005
0.00648569
-0.00689641
-0.0674347
-0.125038
-0.123754
-0.194975
-0.20152
-0.176377
-0.168596
-0.15258
-0.159672
-0.152604
-0.166467
-0.163303
-0.181001
-0.201669
-0.205321
-0.189439
-0.163844
-0.144359
-0.143387
-0.141072
-0.116679
-0.10777
-0.0787411
-0.0521322
-0.0501882
-0.0503642
-0.0103225
0.0114494
-0.00204408
0.012118
0.0119854
0.0208877
0.0496499
0.0538011
0.0147271
-0.00172104
0.00973257
0.0116569
0.0186504
0.0168815
0.0192262
0.0532316
0.0930424
0.105715
0.112523
0.133034
0.183934
0.224589
0.227845
0.227202
0.216253
0.201197
0.162493
0.107552
0.0959462
0.0737838
0.105796
0.16298
0.19656
0.227737
0.236083
0.234853
0.217521
0.21329
0.209728
0.154393
0.0717388
0.024094
-0.0236936
-0.0794148
-0.118225
-0.147555
-0.155485
-0.118658
-0.0892527
-0.0680579
-0.0762579
-0.032558
-0.0391071
-0.0193145
-0.0445906
-0.0661377
-0.0531006
-0.0807588
-0.0994126
-0.107898
-0.158914
-0.222228
-0.187007
-0.191192
-0.220575
-0.208452
-0.18042
-0.175961
-0.131127
-0.121063
-0.140561
-0.134656
-0.179702
-0.169844
-0.144806
-0.139163
-0.158593
-0.103204
-0.0624463
-0.0284836
0.00886173
-0.0106089
0.00257431
-0.00451199
-0.0104052
-0.00549726
-0.00922378
0.00207364
0.026069
0.0519853
0.0430185
0.0348559
0.0183724
0.040297
0.0462378
0.0388697
0.0590441
0.058122
0.0902238
0.0923353
0.123823
0.153341
0.174629
0.221203
0.223243
0.195205
0.17998
0.165618
0.118282
0.114926
0.111829
0.0842765
0.129206
0.180571
0.239398
0.253025
0.248612
0.212749
0.182607
0.178895
0.168155
0.195292
0.148304
0.0965305
0.0616114
-0.00997104
-0.0823836
-0.155211
-0.179357
-0.18633
-0.163463
-0.114571
-0.0592938
-0.00328409
0.0339541
0.0380166
0.0124383
-0.0164028
-0.0833905
-0.111422
-0.121043
-0.159208
-0.166902
-0.178865
-0.209702
-0.200972
-0.161331
-0.169949
-0.174654
-0.183424
-0.191594
-0.192994
-0.178171
-0.176967
-0.144497
-0.120677
-0.10966
-0.10147
-0.0927993
-0.105858
-0.0838082
-0.0709123
-0.0803435
-0.0689595
-0.051152
-0.0250004
-0.036177
0.0169493
0.0186841
0.00545506
0.0113758
0.0168071
0.0251862
0.0259435
0.00596225
0.00559503
-0.00278089
0.0282691
0.0380999
0.0576699
0.0494386
0.0449525
0.0977437
0.0986343
0.149065
0.197629
0.182512
0.233765
0.222048
0.17867
0.122751
0.0849778
0.0866575
0.0671421
0.0888386
0.160944
0.177007
0.216286
0.235901
0.237545
0.207419
0.211093
0.256116
0.227966
0.190258
0.110532
0.0239704
-0.0335236
-0.0854712
-0.160512
-0.213035
-0.213803
-0.139374
-0.0732425
-0.0427119
-0.0422075
-0.00557623
0.0129631
-0.0350732
-0.051271
-0.0755643
-0.136407
-0.0961943
-0.0908756
-0.124886
-0.119518
-0.147064
-0.187134
-0.207028
-0.238457
-0.259029
-0.226167
-0.211623
-0.171842
-0.146402
-0.142597
-0.142466
-0.100394
-0.110025
-0.112952
-0.0985309
-0.130991
-0.111581
-0.0798294
-0.070628
-0.0583646
-0.00732784
-0.00997271
-0.00813795
-0.0241704
-0.0137496
-0.0299357
0.00844635
0.025469
0.040642
0.0393182
0.00627237
0.0391528
0.0203874
0.0146507
-0.00606441
-0.0103065
0.0419972
0.0884565
0.1094
0.1208
0.113548
0.157621
0.185299
0.203295
0.195359
0.146194
0.132905
0.125651
0.0696622
0.0642479
0.114466
0.138065
0.153843
0.199107
0.217325
0.224519
0.214405
0.162241
0.16195
0.189751
0.212325
0.207301
0.171959
0.108589
0.0546749
-0.0375898
-0.137371
-0.217254
-0.228114
-0.21665
-0.133157
-0.072833
-0.0412071
0.0251074
0.025081
0.00877181
-0.0147469
-0.0650274
-0.100631
-0.0841136
-0.0993033
-0.0883859
-0.0930582
-0.14082
-0.164164
-0.201323
-0.261319
-0.274556
-0.23009
-0.209409
-0.144047
-0.0923417
-0.0763857
-0.0740069
-0.0781978
-0.139456
-0.143801
-0.14205
-0.142886
-0.101947
-0.0711292
-0.0317438
-0.00173464
0.0154486
0.00996743
0.0161521
-0.0137032
-0.0460942
-0.0420832
-0.0275653
0.00655878
0.0428133
0.0564618
0.0305517
0.0512987
0.021944
0.00777247
0.00114215
0.0166492
0.030572
0.0862934
0.121386
0.101274
0.111971
0.126949
0.115428
0.140929
0.157539
0.180114
0.197665
0.190985
0.186185
0.140793
0.109366
0.0807787
0.0933753
0.113949
0.158132
0.186108
0.240312
0.243938
0.222863
0.229792
0.202537
0.200372
0.225192
0.18764
0.109675
0.0374534
-0.0531372
-0.0735893
-0.141649
-0.185113
-0.179088
-0.134981
-0.0556944
-0.0171693
-0.0124201
-0.0410372
-0.0317723
-0.000459038
-0.0478992
-0.0649924
-0.0635289
-0.0844444
-0.087724
-0.100532
-0.122063
-0.159014
-0.189088
-0.189026
-0.204241
-0.199117
-0.204112
-0.16498
-0.125652
-0.147104
-0.124046
-0.145508
-0.13946
-0.142683
-0.104692
-0.130608
-0.10916
-0.0870821
-0.0427734
-0.0214077
-0.013623
-0.00888006
-0.0383777
-0.0287128
-0.0526139
-0.0728994
-0.0519731
-0.0124393
0.0635902
0.0513564
0.0574886
0.0387793
-0.00124115
0.00451371
-0.0322572
-0.0216877
-0.0134466
0.0286165
0.0942488
0.125294
0.135058
0.14247
0.159712
0.149176
0.130742
0.13062
0.137796
0.140666
0.168074
0.15632
0.127031
0.10434
0.113776
0.108576
0.148141
0.188589
0.214689
0.2106
0.243489
0.194615
0.197948
0.200558
0.177402
0.219127
0.157026
0.0749141
0.0132749
-0.0536724
-0.127517
-0.164092
-0.17581
-0.194023
-0.132412
-0.0234707
-0.0320031
-0.0246652
-0.0563267
-0.064923
-0.0456653
-0.0806207
-0.0804354
-0.0390594
-0.0359133
-0.0492394
-0.0808832
-0.112533
-0.179397
-0.216002
-0.21324
-0.263997
-0.223302
-0.171202
-0.153494
-0.110467
-0.118542
-0.139717
-0.143019
-0.162747
-0.137959
-0.12124
-0.100319
-0.0891344
-0.0328743
-0.0208457
-0.0344794
-0.0204879
-0.0466849
-0.0356933
-0.024397
-0.0277207
-0.0201396
0.00763476
0.0396933
0.0388731
0.0161266
-0.00821085
-0.0102829
0.0224073
0.01458
0.0207456
0.0401036
0.0500398
0.0648827
0.0890128
0.066967
0.0456759
0.087741
0.0591877
0.0758991
0.153028
0.18134
0.199828
0.193365
0.168249
0.132201
0.12178
0.0754216
0.0702237
0.103747
0.132356
0.18717
0.216712
0.204689
0.232893
0.202454
0.191307
0.197685
0.218175
0.19954
0.189952
0.118587
0.0402785
-0.0275489
-0.0992001
-0.146806
-0.197642
-0.166323
-0.119622
-0.0810364
-0.0435799
-0.0261383
-0.0184809
-0.049166
-0.0435094
-0.0124772
-0.0309879
-0.041575
-0.0480458
-0.0962825
-0.111152
-0.166503
-0.194068
-0.228092
-0.264503
-0.210694
-0.196385
-0.177736
-0.157151
-0.13487
-0.130072
-0.129046
-0.132695
-0.0997518
-0.127467
-0.086489
-0.0522143
-0.0558015
-0.0273509
-0.0571825
-0.0591751
-0.0721153
-0.0601228
-0.0597705
-0.0211434
0.0123231
0.0192747
0.0285311
0.0397059
0.00977191
0.00631912
0.0235334
0.00149592
0.00930669
0.0105563
0.0221802
0.0295332
0.0247383
0.0340703
0.052182
0.0465872
0.0596208
0.0769102
0.0748164
0.0815003
0.095462
0.12401
0.163169
0.16865
0.176536
0.157208
0.130782
0.149433
0.14295
0.12843
0.144111
0.155963
0.181225
0.194416
0.169238
0.159436
0.142843
0.137845
0.14593
0.113476
0.152242
0.163163
0.168624
0.121086
0.047253
-0.0139154
-0.0480755
-0.0737132
-0.0851488
-0.0650333
-0.0611214
-0.0546486
-0.0679994
-0.0813447
-0.110113
-0.130801
-0.132071
-0.0874903
-0.0567657
-0.0476653
-0.0584344
-0.103351
-0.108874
-0.139932
-0.183822
-0.186848
-0.185394
-0.182039
-0.176249
-0.165257
-0.177867
-0.163814
-0.185006
-0.165269
-0.153475
-0.154404
-0.100084
-0.0623598
-0.0210598
-0.0355487
-0.0165128
-0.0455912
-0.0483501
-0.0444142
-0.046106
0.00387295
0.0171911
0.0146491
-0.0293214
-0.0448399
-0.0613556
-0.0442108
-0.0186469
-0.0100656
0.0433308
0.0657203
0.0466393
0.0268658
0.0430459
0.0282744
-0.0232932
0.0079728
0.00692689
0.0315238
0.0593304
0.0823886
0.0794797
0.0741078
0.116376
0.115637
0.15854
0.155542
0.174795
0.147824
0.10386
0.111185
0.106957
0.091355
0.094798
0.122371
0.150232
0.184359
0.1811
0.199894
0.205702
0.168263
0.182197
0.208607
0.185291
0.173961
0.106601
0.0156255
-0.0888016
-0.108979
-0.109443
-0.15556
-0.136289
-0.108888
-0.114366
-0.127342
-0.122024
-0.10975
-0.112662
-0.0819759
-0.0173798
-0.0157546
-0.0193986
-0.0172856
-0.0765271
-0.101458
-0.134286
-0.181752
-0.194794
-0.182064
-0.181796
-0.152711
-0.167202
-0.147447
-0.176684
-0.176519
-0.156477
-0.129169
-0.0632594
-0.0540963
-0.0385182
-0.0374882
-0.0493739
-0.0765439
-0.0800642
-0.0775784
-0.0559244
-0.0314249
0.00553577
0.0101074
0.0466412
0.0109193
-0.0183499
-0.0328302
-0.00333185
-0.000183633
0.00273941
0.0446519
0.0216793
0.0229042
0.0113068
-0.0105523
-0.0080091
0.00277577
0.0246519
0.0861365
0.0591487
0.0496203
0.0702632
0.062594
0.0514652
0.0591801
0.0529036
0.0892349
0.17911
0.214914
0.168309
0.149756
0.118213
0.126032
0.150236
0.157772
0.164302
0.220061
0.221179
0.230538
0.170769
0.123491
0.120739
0.138539
0.170122
0.196643
0.187928
0.140689
0.0590675
-0.0181568
-0.0783001
-0.111952
-0.12197
-0.108152
-0.00604162
-0.0295066
-0.0503875
-0.09136
-0.103561
-0.135296
-0.115337
-0.0517925
-0.0211549
3.15437e-06
0.00554927
-0.0251999
-0.0933521
-0.127636
-0.185942
-0.175513
-0.173401
-0.134826
-0.0910199
-0.114546
-0.138698
-0.182758
-0.185054
-0.18185
-0.135981
-0.0281368
-0.0643991
-0.015934
-0.00552108
-0.03147
-0.0215687
-0.0614371
-0.0675137
-0.0438259
-0.00208393
0.0106811
0.0218846
0.00443363
-0.0671322
-0.0547892
-0.0285732
-0.0497629
-0.0185324
0.018094
0.00793745
0.0638886
0.048432
-0.00516239
0.00965703
0.0126465
0.0388626
0.0348998
0.0514816
0.044087
0.0432531
0.0673516
0.0370227
0.0281283
0.0313215
0.0613695
0.0969476
0.0881366
0.101756
0.121643
0.144142
0.144103
0.107334
0.102101
0.107355
0.13773
0.170913
0.143599
0.160439
0.146919
0.163386
0.224489
0.155738
0.142401
0.132749
0.149839
0.163834
0.1875
0.198147
0.113327
0.0335466
-0.0254582
-0.0660244
-0.0808276
-0.0897501
-0.0924441
-0.0616671
-0.0846031
-0.0980044
-0.0875329
-0.121275
-0.0842209
-0.0819476
-0.0380764
-0.0067823
-0.0288751
-0.0310051
-0.112534
-0.113974
-0.133422
-0.12918
-0.137254
-0.119131
-0.105959
-0.0877332
-0.140268
-0.155331
-0.155895
-0.149637
-0.121072
-0.0855146
-0.0722738
-0.068914
-0.0580016
-0.077997
-0.0809849
-0.0764848
-0.0511908
-0.0443583
-0.00517199
0.000765666
-0.0225813
-0.0254233
-0.0489314
-0.0248473
-0.0429948
-0.0370382
-0.0257143
0.026647
0.0317261
0.0342085
0.0312287
-0.00196217
-0.00990708
0.0175998
-0.00515895
0.010069
0.0200608
0.0201538
0.000829755
-0.0136877
-0.0293959
-0.0301339
-0.0123671
0.00382832
0.0571015
0.057536
0.0593439
0.0582672
0.0750366
0.10978
0.112733
0.142952
0.144994
0.132254
0.124832
0.114139
0.124039
0.150433
0.160171
0.157553
0.121629
0.144967
0.11841
0.123257
0.145784
0.152236
0.187735
0.177431
0.140793
0.0637764
0.0197927
-0.0358507
-0.0548615
-0.0476792
-0.0539027
-0.0519488
-0.034676
-0.063973
-0.110472
-0.0920214
-0.138212
-0.117099
-0.0951337
-0.0599292
-0.0522878
-0.0839252
-0.045239
-0.103544
-0.108892
-0.117804
-0.122795
-0.115961
-0.120018
-0.122798
-0.124006
-0.176386
-0.165471
-0.157016
-0.140349
-0.133932
-0.0874981
-0.0674214
-0.103296
-0.0607631
-0.07739
-0.0729655
-0.0323979
-0.015184
-0.0107827
0.0284464
0.00207811
0.00855724
-0.0176269
-0.0342352
-0.0202114
-0.0132682
-0.0106212
-0.0063322
-0.020793
-0.0314136
-0.0288374
-0.0261784
-0.0149971
-0.0223956
-0.0165499
-0.0513395
-0.0264797
-0.0178881
-0.0101744
0.00282712
0.0122092
0.00917492
0.0282882
0.0562579
0.043138
0.0437267
0.0678122
0.0687623
0.0753242
0.0841436
0.107624
0.137692
0.175648
0.135899
0.120487
0.118632
0.127795
0.148102
0.179136
0.190123
0.155649
0.165922
0.159188
0.144211
0.136921
0.125252
0.173806
0.178303
0.195917
0.168416
0.0790099
-0.000667392
-0.0595713
-0.0573289
-0.0746312
-0.0513002
-0.0113793
-0.044274
-0.0720134
-0.107778
-0.128241
-0.109998
-0.0911009
-0.0586918
-0.0587723
-0.0498145
-0.0644066
-0.0951934
-0.132939
-0.137522
-0.128404
-0.109854
-0.0961651
-0.097293
-0.0958698
-0.140724
-0.129576
-0.143852
-0.157106
-0.13682
-0.116234
-0.091856
-0.0812577
-0.0761989
-0.0815314
-0.085919
-0.0868453
-0.0519618
-0.0334614
-0.00787974
-0.0182588
-0.0231442
-0.0260151
-0.0408065
-0.0301843
-0.0277592
-0.0387707
-0.0492352
-0.0330014
-0.0371176
-0.0396427
-0.0204817
-0.0435078
-0.0413679
-0.0257109
-0.011659
0.0156414
0.0278297
0.00774716
0.0126819
0.00881189
0.019239
0.0259368
0.0406382
0.0557109
0.0460714
0.0613624
0.074082
0.0610413
0.0923981
0.0953334
0.0985241
0.135041
0.171108
0.167255
0.137119
0.104011
0.0976666
0.100455
0.148005
0.170223
0.165662
0.147699
0.135828
0.0925989
0.121023
0.123233
0.147981
0.176025
0.179138
0.178276
0.140677
0.0893896
-0.00641609
-0.0494945
-0.0221565
0.000438295
0.0171226
-0.0141354
-0.0712514
-0.0956968
-0.13079
-0.150674
-0.117275
-0.0955674
-0.0691586
-0.0619749
-0.0445922
-0.0877151
-0.0919207
-0.084387
-0.13442
-0.102577
-0.0951149
-0.0974215
-0.0836739
-0.130824
-0.161469
-0.165925
-0.161078
-0.145526
-0.11899
-0.114421
-0.107476
-0.101669
-0.0803862
-0.116167
-0.120374
-0.101691
-0.0685175
-0.0365014
-0.0316102
-0.0238845
-0.0299154
-0.0481599
-0.0338929
-0.0431723
-0.0223823
-0.0127044
-0.0196763
0.00362017
-2.66997e-05
-0.00559565
-0.0196389
-0.0364201
-0.0171677
-0.0119601
0.0145216
0.0245517
0.0230923
0.0184019
0.0173771
0.0189014
0.00398529
0.0262362
0.0211711
0.0397062
0.0376859
0.0382648
0.0201117
0.0497445
0.0406535
0.0417943
0.087233
0.109077
0.162406
0.140749
0.107098
0.0995295
0.110538
0.100161
0.116023
0.155216
0.137287
0.140016
0.155651
0.145188
0.152793
0.140189
0.143998
0.20062
0.162728
0.138011
0.14259
0.113007
0.092926
0.0308789
0.00207792
-0.0275573
-0.029953
0.0068172
-0.0676373
-0.106574
-0.109713
-0.105517
-0.0857691
-0.137803
-0.128922
-0.0960245
-0.0977624
-0.068272
-0.106882
-0.108205
-0.139586
-0.110446
-0.0941392
-0.128385
-0.110811
-0.124218
-0.121409
-0.0787126
-0.127196
-0.13171
-0.135267
-0.140834
-0.082016
-0.113262
-0.106632
-0.105421
-0.0718953
-0.037216
-0.0384348
-0.0397087
-0.00462116
0.00203874
0.00201167
0.00336916
-0.0316571
-0.00904874
-0.000448734
0.0128598
0.00579308
-0.0110572
0.00604768
-0.0386207
-0.0311346
-0.0369372
-0.0148
-0.0011741
0.00962975
0.0251075
0.0160761
-0.000913011
-0.025812
-0.0150137
-0.00760171
0.0641874
0.0831143
0.048904
0.0433624
0.047167
0.0199428
0.0456319
0.0707929
0.0881766
0.116694
0.149336
0.134613
0.126727
0.125532
0.0923205
0.112588
0.155515
0.168483
0.158885
0.136284
0.141372
0.146923
0.143014
0.120022
0.091583
0.11255
0.135912
0.149226
0.129892
0.0748036
0.069795
0.103473
0.0851232
0.00345663
-0.0159034
-0.0406676
-0.0312283
-0.0518906
-0.0677615
-0.117659
-0.116915
-0.114457
-0.117641
-0.134595
-0.149466
-0.123516
-0.112729
-0.093505
-0.103159
-0.11684
-0.141948
-0.133755
-0.10054
-0.0908536
-0.115262
-0.113685
-0.0975372
-0.113289
-0.117154
-0.149098
-0.10818
-0.0878631
-0.0711557
-0.0748163
-0.132105
-0.101757
-0.0942481
-0.0501416
-0.0532638
-0.0711159
-0.0447788
-0.0493537
-0.0331439
-0.0278305
-0.0673022
-0.0440073
-0.026745
-0.0213998
-0.0254988
-0.00275473
-0.00832058
0.00104192
0.00616447
0.0313388
0.00114205
0.0211904
0.0390494
0.0306838
0.0468067
-0.00819276
0.0174791
0.0226882
0.0458584
0.0435034
0.0366232
0.0618873
0.0311442
0.0528273
0.0428186
0.0319901
0.0683981
0.0717909
0.0490983
0.0652188
0.0748327
0.0909993
0.11192
0.102902
0.0977055
0.0988959
0.0907435
0.118321
0.126799
0.14023
0.0891716
0.132437
0.123783
0.124085
0.132245
0.0961133
0.086957
0.0924539
0.0902946
0.0866822
0.0718045
0.0872153
0.0650269
0.0203651
0.0113556
-0.0241361
-0.0195181
-0.016264
-0.0516066
-0.0534907
-0.0821318
-0.0817376
-0.0868554
-0.0889715
-0.106398
-0.137442
-0.0971327
-0.120329
-0.105212
-0.125744
-0.126147
-0.0989107
-0.109955
-0.10987
-0.12187
-0.133474
-0.137507
-0.102792
-0.123527
-0.11942
-0.120832
-0.101532
-0.0985312
-0.0977179
-0.0972399
-0.0806133
-0.0543189
-0.0523677
-0.0409672
-0.0399876
-0.0548788
-0.0230009
-0.00925873
-0.0222891
-0.03092
-0.03246
0.000599568
-0.00224642
-0.00262088
0.0256099
0.0111699
0.01181
0.0196709
0.0173712
0.0388136
0.025263
0.0485047
0.0396962
-0.00271913
0.0146447
0.00772227
0.0048011
0.0269224
0.0356138
0.0185627
0.0201342
0.00420091
0.0121841
0.0352884
0.0357428
0.0521428
0.0733002
0.0766358
0.0883307
0.124107
0.112923
0.0772728
0.085968
0.0772362
0.0905035
0.0938521
0.112258
0.132597
0.123569
0.0924516
0.109578
0.130361
0.115273
0.130332
0.146622
0.11255
0.133511
0.113577
0.0871522
0.0727144
0.0813493
0.0751527
0.0706304
0.0734649
-0.00447192
-0.02888
-0.0502681
-0.0525843
-0.037043
-0.0325867
-0.0568842
-0.0510753
-0.0623271
-0.117184
-0.132095
-0.142912
-0.13244
-0.0978963
-0.0989826
-0.0994075
-0.126348
-0.101475
-0.108376
-0.114988
-0.086646
-0.0746605
-0.105974
-0.079991
-0.0808968
-0.107731
-0.0867889
-0.0699875
-0.0873683
-0.0694723
-0.0439935
-0.031179
-0.0440047
-0.0415463
-0.0256146
-0.0622127
-0.0391462
-0.0495699
-0.0377859
-0.0194735
-0.0154363
-0.031681
-0.0198013
-0.00844221
-0.0138073
-0.00146443
0.00928536
-0.000907868
-0.00751943
0.0104018
0.00452507
0.0255086
0.0384396
0.0320862
0.0461512
0.0583143
0.0412731
0.0316936
0.00470271
0.0166059
0.0151619
0.0195782
0.0517883
0.0368469
0.0415685
0.0636269
0.0470296
0.0599068
0.0468303
0.0678507
0.0969032
0.0992002
0.0937375
0.0860799
0.0623178
0.0842197
0.108051
0.0899876
0.0959063
0.105337
0.0970751
0.110688
0.0716535
0.0803785
0.0589432
0.072679
0.0925028
0.0932067
0.0716464
0.0669172
0.0658198
0.0644019
0.0563339
0.0542484
0.0321983
0.0279821
0.0611856
0.0546919
0.0524156
0.030859
0.0065542
0.00168799
-0.0223945
-0.0341468
-0.0522389
-0.0567365
-0.0118444
-0.0707577
-0.0558714
-0.0561884
-0.068234
-0.0335455
-0.0751638
-0.105417
-0.0986475
-0.105295
-0.120593
-0.095605
-0.0960957
-0.125889
-0.0982354
-0.0609859
-0.0994313
-0.095204
-0.0857049
-0.080799
-0.0463921
-0.0679357
-0.0678823
-0.0893655
-0.0866776
-0.0648137
-0.0597598
-0.03531
-0.0263911
-0.0419351
-0.0111479
-0.0531616
-0.0500919
-0.0434915
-0.02171
-0.0378064
-0.0150883
0.00654013
-0.00385849
0.014722
0.0294701
-0.0109895
0.0194498
0.00901466
0.00174842
0.0287581
0.00942646
0.0405541
0.0131268
0.00958695
0.0411576
0.0312173
0.0163627
0.0303149
0.0506804
0.0576167
0.0576287
0.0569273
0.0584954
0.0713173
0.0570944
0.0479814
0.0489349
0.0565778
0.0538912
0.0674391
0.093435
0.112194
0.101037
0.0955723
0.0978444
0.104283
0.101213
0.114438
0.104994
0.108955
0.0965918
0.0956255
0.0954087
0.0982084
0.090389
0.112813
0.115528
0.0958071
0.0901981
0.0710936
0.0572825
0.0477272
0.0482267
0.0316229
0.0369718
0.055723
0.0202087
0.0139126
0.018127
-0.016113
-0.0201625
-0.0156324
-0.0668334
-0.0538126
-0.0829422
-0.114667
-0.120206
-0.124046
-0.115016
-0.117419
-0.139765
-0.168616
-0.141042
-0.145896
-0.184433
-0.160264
-0.154538
-0.152335
-0.136775
-0.152358
-0.139628
-0.13565
-0.103186
-0.104054
-0.0938963
-0.0998472
-0.0912261
-0.0939794
-0.0841725
-0.0718036
-0.0404037
-0.0485564
-0.06647
-0.0331365
-0.0561248
-0.0418512
-0.0251346
-0.00739127
-0.0152673
-0.00151601
0.0227176
0.00391637
0.0318933
0.0086946
-0.00751689
0.00495556
0.0161121
0.0301696
0.0557797
0.0563197
0.0687888
0.0719377
0.0943612
0.0883056
0.0870298
0.118144
0.0864483
0.0873794
0.116102
0.104949
0.104413
0.111017
0.0950795
0.111589
0.0855051
0.128508
0.121356
0.112799
0.118378
0.102828
0.0991755
0.094455
0.117617
0.107926
0.0907832
0.10029
0.105143
0.0833503
0.0872897
0.0553306
0.0743857
0.0696041
0.0744715
0.0718786
0.043309
0.0417591
0.0323991
0.0274202
-0.00667823
-0.0446241
-0.0220193
0.00616539
-0.0126385
-0.0355433
-0.0818972
-0.0750353
-0.0920203
-0.0999257
-0.10127
-0.123494
-0.117415
-0.123825
-0.139506
-0.15337
-0.168466
-0.152163
-0.159941
-0.151463
-0.15157
-0.178709
-0.133892
-0.133424
-0.151326
-0.124038
