0
2.06457
4.4564
2.36207
3.78296
0.7374
-8.18917
5.01757
-4.27098
-1.6328
-0.376025
2.60177
4.1471
-1.32284
2.2368
-10.7864
-3.93836
0.400884
0.65448
2.94683
7.3349
-4.37631
6.34024
-5.35441
-8.55357
4.6839
0.971482
-0.518177
-3.52112
6.7367
2.82797
-2.4522
2.35267
4.04566
-2.49965
-4.13738
-0.00767803
-3.58242
-1.19894
-2.04649
2.00466
-1.44442
2.43863
6.30759
2.46551
4.07223
-2.60108
-5.94005
-13.0037
4.22751
5.14153
-0.285678
-7.37175
8.43589
-2.62598
5.47258
-0.537854
-0.191481
-3.76506
2.76009
-7.65995
-5.06456
0.82268
-5.36377
-0.068396
4.50838
-0.459481
4.6881
9.20935
-2.62756
4.36631
0.384248
-0.298846
-4.01366
1.95448
-8.6525
7.23286
-0.329191
-4.41191
-5.09955
12.5104
7.0635
3.37037
-1.77688
-1.41724
-5.83265
-4.03389
1.20144
-1.28563
2.32904
0.691974
2.74542
1.14182
3.70828
4.23657
-4.63283
-2.65043
2.074
-2.66115
-6.14192
4.83743
1.71041
-0.285606
-3.74089
8.10446
7.07841
-6.09305
4.98842
-6.00632
-5.22387
-0.674726
-1.51101
2.36311
8.61477
-2.04649
2.7052
-5.34835
-4.18741
-2.24474
1.79605
4.36396
-5.87609
9.47189
-0.022831
-3.04168
-3.16378
-5.25495
-2.97771
