0.337185
-0.607152
1.15335
-0.356713
0.0477635
0.16208
-0.158779
0.164828
0.071547
0.15626
-0.146619
0.15215
0.0309542
0.156915
-0.143206
0.171035
0.164802
0.167615
-0.147632
0.16607
0.0240192
0.167687
-0.147546
0.167557
0.0846537
0.165904
-0.140096
0.169246
0.024683
0.168747
-0.143937
0.167187
0.337185
0.167187
-0.143937
0.168747
0.024683
0.169246
-0.140096
0.165904
0.0846537
0.167557
-0.147546
0.167687
0.0240192
0.16607
-0.147632
0.167615
0.164802
0.171035
-0.143206
0.156915
0.0309542
0.15215
-0.146619
0.15626
0.071547
0.164828
-0.158779
0.16208
0.0477635
-0.356713
1.15335
-0.607152
