-0.368943
0.79552
0.366307
0.107603
-0.770961
-0.755368
-0.940557
0.682862
0.149418
0.365677
-1.009
0.89752
0.613647
-0.628837
-0.678196
-0.669937
-0.424329
0.0207455
-0.173727
-0.446333
0.189733
-0.755742
-0.441363
-0.283569
-0.0943284
0.541943
-0.62851
0.0147156
0.157361
-0.929479
0.206793
-0.673251
-0.848779
0.913889
0.910357
0.57359
-0.445089
-0.822419
0.354146
-0.147556
-0.772523
-0.0205358
-0.912927
0.821306
-0.484331
0.327346
-0.381241
0.0525509
0.0993857
-0.597598
0.966349
0.551008
0.863638
0.747738
0.135631
0.756729
-0.908642
-0.65073
-0.921421
-0.337192
-0.218997
-0.43467
0.655812
-0.310535
-0.437935
0.0841298
-0.699322
0.619672
-0.821274
0.998414
0.498878
-0.640649
-0.938343
0.677227
0.414713
0.430108
0.45959
-0.904946
-0.288208
-0.728094
0.74498
0.199921
-0.388649
-0.869713
-0.335832
-0.27812
0.513851
0.298531
0.742251
-0.115422
-0.740899
0.467618
0.507562
0.100933
0.492017
-0.0824498
-0.0285318
-0.238544
-1.00041
-0.773858
-0.850194
0.33865
-0.320448
0.0893278
0.805812
-0.530876
-0.146663
0.488467
-0.575317
-0.799086
-0.331413
-0.516441
0.983663
0.655739
0.288358
0.739061
0.535166
-0.624329
0.7875
0.0560794
0.58009
0.663109
-0.498835
-0.822795
-0.502747
-0.0686497
0.652007
0.600931
-1.03882
0.0128787
-0.198972
-0.569012
-0.688512
-0.19737
0.910554
-0.346916
0.08911
0.413766
-0.219023
0.947878
0.770206
-0.615558
-0.0812374
-0.459558
-0.467067
-0.869443
0.262087
-0.0358533
-0.863084
-0.307002
0.830529
-0.543516
-0.601665
0.123574
0.975567
-0.49871
0.390834
0.466248
-0.514125
0.443347
-0.266949
0.26965
0.207606
-0.0200605
-0.790953
0.635341
-0.453722
-0.638847
-0.798706
0.285847
0.320683
-0.917061
0.107108
-0.444701
0.357572
-0.539855
0.471981
-0.132047
0.845023
-0.723173
-0.224567
-0.543009
1.00029
0.712651
-0.446486
0.399421
0.603967
0.0517975
-0.000867644
-0.500718
-0.593001
0.937213
0.757789
0.172791
-0.334171
-0.185335
0.555727
0.779848
0.654904
0.368198
0.0364478
-0.938855
-0.57781
0.761612
0.0182879
-1.04596
-0.679879
0.330333
-0.926958
-0.460006
0.290167
0.455851
0.279994
-0.479838
0.452199
-0.446802
-0.156485
0.611931
0.357642
0.654412
0.203043
-0.00542111
-0.804265
-0.17894
-0.330826
-0.235274
1.04133
-0.120215
0.809122
0.229154
0.490782
-0.0670678
0.0825655
-0.0948748
-0.542784
0.434442
-0.454561
-0.724133
0.463973
-0.36611
1.07354
0.881252
0.639249
-0.375245
-0.761756
0.959566
-0.0317068
0.969972
0.771335
0.435863
-0.535126
-0.190299
0.598464
-0.457067
-0.523682
0.296654
0.845808
0.259081
-0.00569644
-0.711234
0.386008
0.842871
-0.693465
0.200255
0.758156
0.399082
0.281937
0.243078
-0.340574
-0.259881
0.694559
0.573326
0.599875
0.553164
-0.178496
-0.0618555
0.44766
0.127987
0.216432
0.324075
0.335324
-0.662372
-0.498643
-0.871522
0.0193477
-0.914931
-0.0357803
-0.00533304
-0.465577
0.0305753
-0.940749
-0.656809
0.657622
-0.338829
-0.589254
0.178146
0.429219
-0.556253
0.165928
-0.786139
-0.58893
0.309648
0.244106
0.367376
0.466192
0.721197
-0.190343
-0.378592
0.410651
-0.563465
-0.198169
-0.749508
-0.545617
1.04298
0.507253
0.127377
-0.379729
-0.662877
-0.528454
-0.232045
0.287074
0.450846
0.245203
-0.318943
0.825359
0.229425
-0.0974445
-0.0138984
-0.357763
-0.551077
-0.261296
0.267219
-1.03558
-0.633967
-0.627656
-0.432976
0.864128
0.298843
-0.166429
-0.663339
0.104361
-0.0328312
-0.470134
0.0546387
-0.0220434
0.29777
0.166467
-0.722213
0.0402376
0.387231
0.124304
0.615344
0.0652967
-0.691638
-0.554279
0.384673
-0.597373
0.498732
0.838133
0.0513416
-0.144554
0.302223
-0.018007
0.194421
0.695761
-0.256434
0.677599
0.256897
-0.911927
-0.854252
-0.646096
-0.639669
-0.34453
0.49853
-0.548193
0.0545886
0.707223
-0.616665
0.714944
-0.294472
-0.282864
0.698192
0.466175
0.744075
0.380895
0.38312
-0.416051
-0.269969
0.700405
0.604439
0.686033
-0.278075
-0.112389
0.514568
-0.159003
0.796133
0.430103
-0.209249
0.362526
0.217691
-0.645104
0.701364
-0.0759937
0.393629
-0.379121
0.503957
-0.431012
-0.708097
0.685151
-0.663966
0.0215199
0.890273
0.556743
-0.112986
0.0142858
-0.264083
-0.369724
-0.148153
0.383791
0.359499
0.273553
0.0833841
-0.87799
-0.0933507
-0.663312
0.203202
-0.0291839
0.478728
-0.492737
-0.625869
-0.334176
0.531484
0.0232618
-0.677601
-0.396007
0.478539
-0.469638
0.700049
0.200971
-0.642752
-0.242331
0.982019
-0.142485
0.0699948
0.718496
0.693175
0.507279
0.0111324
-0.474606
-0.587354
0.48166
-0.0372744
-0.163727
0.395242
-0.808301
-0.0983624
-0.720631
0.0313703
-0.574122
-0.259744
-0.0900007
0.662367
0.560053
0.257342
0.645057
-0.293217
-0.157719
0.611068
-0.335895
0.679154
-0.64391
0.77661
-0.564822
0.773179
0.0789619
0.596631
-0.658959
0.336442
0.684717
-0.0735098
0.168056
0.193872
-0.117229
0.175802
0.0903503
0.358794
-0.765996
-0.0376016
0.778391
0.330284
-0.295976
-0.0116888
-0.449422
-0.348247
0.0992086
-0.0502187
0.241341
-0.286162
0.981545
0.59238
0.0673499
-0.0950629
-0.208336
0.495201
0.116439
-0.374595
0.725122
0.358656
0.378972
-0.0329159
-0.16372
-0.320896
