0.0780427
0.00648611
0.015901
0.0248473
0.0331136
0.03856
0.0424649
0.0454002
0.060322
0.0482255
0.046709
0.0438923
0.0413569
0.038145
0.0347619
0.0323886
0.0358909
0.0337071
0.0364746
0.0410294
0.0474341
0.0563758
0.0656343
0.0768223
0.1009
0.101995
0.113288
0.11985
0.121061
0.11769
0.111959
0.101096
0.10468
0.0670497
0.0459179
0.0234334
0.00516481
-0.0179723
-0.0383185
-0.0569498
-0.0570842
-0.0838024
-0.093835
-0.101286
-0.104853
-0.108767
-0.108597
-0.104856
-0.0956896
-0.0947322
-0.0894271
-0.0818955
-0.0753773
-0.0681323
-0.0616854
-0.0538863
-0.0371047
-0.0425673
-0.0353609
-0.0260785
-0.0181274
-0.00910795
-0.00180411
0.00523585
0.029374
0.0129301
0.0148519
0.0156795
0.0133286
0.00695493
-0.00251034
-0.0125597
-0.0102739
-0.0342713
-0.0457862
-0.0545703
-0.0603327
-0.0635387
-0.0643163
-0.0608203
-0.0546698
-0.0485237
-0.0367379
-0.0212226
-0.0051854
0.0132662
0.0292256
0.0465851
0.0568702
0.0698739
0.0824807
0.0917386
0.102449
0.112986
0.122226
0.128716
0.153948
0.152632
0.164147
0.16642
0.164999
0.157289
0.152112
0.134635
0.129707
0.102799
0.0743206
0.0527734
0.0222817
0.000122589
-0.0281857
-0.0459699
-0.0504052
-0.0793767
-0.0898258
-0.104263
-0.110704
-0.123791
-0.126315
-0.126103
-0.114137
-0.121887
-0.119804
-0.11463
-0.107387
-0.10387
-0.0942827
-0.0857695
-0.00571894
-0.0732464
-0.0668534
-0.0501008
-0.0372449
-0.0218431
-0.0142071
0.00243209
0.0176863
0.0182275
0.0296136
0.0340684
0.0410063
0.0416391
0.0399691
0.0353242
0.0350516
0.0237743
0.014285
0.00287466
-0.00495663
-0.0155336
-0.0246663
-0.033899
-0.0284187
-0.0443493
-0.0467707
-0.0479841
-0.0454697
-0.0435901
-0.0352743
-0.0318075
-0.0121217
-0.0152389
-0.00988892
0.00375634
0.00833936
0.0212595
0.0250976
0.0349788
0.0449762
0.0339823
0.040326
0.0405558
0.0463307
0.0469552
0.0512296
0.051972
0.054072
0.0628379
0.0638715
0.0701369
0.0747125
0.0830049
0.0886286
0.0953929
0.115267
0.117956
0.131069
0.138176
0.131988
0.13508
0.121284
0.112552
0.131617
0.0746396
0.0527397
0.0140141
0.0045311
-0.0385758
-0.0594372
-0.0914853
-0.0795339
-0.111248
-0.133027
-0.131197
-0.142587
-0.147727
-0.148639
-0.143699
-0.139833
-0.127924
-0.127454
-0.114672
-0.105365
-0.08914
-0.0904755
-0.070139
-0.046373
-0.0613287
-0.0415452
-0.0265982
0.000935914
0.00465993
0.026483
0.0393949
0.0591564
0.0625051
0.0691083
0.0749062
0.074265
0.0733217
0.0659299
0.0510185
0.059135
0.0302327
0.00743185
-0.00331778
-0.0241569
-0.0387972
-0.0547942
-0.0645066
-0.0776242
-0.0714742
-0.0763896
-0.070606
-0.0635107
-0.0443492
-0.0439834
-0.0208487
0.00704353
-0.00516308
0.0210065
0.0352516
0.0531234
0.0517003
0.0681022
0.0736108
0.160547
0.0705379
0.0760544
0.0815637
0.0792437
0.0872222
0.0970289
0.105777
0.1293
0.12154
0.137171
0.160205
0.16687
0.163417
0.142929
0.159766
0.141334
0.107185
0.108133
0.0571093
0.0207911
-0.0358936
-0.0353235
-0.0862964
-0.0965114
-0.11093
-0.149326
-0.16537
-0.175889
-0.171918
-0.179426
-0.175229
-0.149465
-0.153942
-0.142731
-0.123953
-0.126189
-0.106006
-0.0901043
-0.066978
-0.0594138
-0.0619088
-0.0400213
-0.0474935
-0.0217787
-0.00168365
0.0220969
0.0178295
0.0256489
0.058052
0.0554155
0.0687385
0.0731744
0.0729438
0.0709104
0.0612422
0.0644912
0.0413172
0.0195745
-0.0027656
-0.0281057
-0.0364199
-0.0571004
-0.0729069
-0.0611149
-0.0913259
-0.0931228
-0.0849261
-0.094678
-0.0783907
-0.059633
-0.0292836
-0.0225294
-0.0158055
0.0196421
0.0146233
0.043631
0.0630815
0.0866596
0.0834785
0.0855618
0.108701
0.101077
0.117257
0.1246
0.127062
0.130292
0.140106
0.161982
0.15045
0.158982
0.168437
0.167531
0.192887
0.1045
0.156097
0.196095
0.139888
0.0952665
0.0301377
0.0520191
-0.0157577
-0.0691176
-0.124682
-0.104678
-0.161281
-0.195033
-0.18307
-0.202077
-0.204799
-0.199484
-0.20135
-0.19825
-0.153555
-0.161668
-0.139295
-0.118367
-0.085274
-0.0881373
-0.0570316
-0.0203996
-0.0554242
-0.029708
-0.0159742
0.0119813
0.00993709
0.0341438
0.0504915
0.111454
0.0495369
0.0616857
0.0669353
0.0670047
0.0631613
0.0553347
0.037173
0.0553532
0.0178704
-0.00755845
-0.0187332
-0.0475204
-0.0677949
-0.0808238
-0.0955603
-0.118065
-0.108587
-0.117978
-0.102805
-0.085842
-0.0562496
-0.0822952
-0.0443679
0.00230008
-0.0134219
0.030307
0.0637791
0.0938187
0.0727562
0.106401
0.129006
0.13755
0.146321
0.154261
0.16028
0.163806
0.167401
0.16493
0.160194
0.189282
0.16451
0.149853
0.192537
0.195764
0.187624
0.15285
0.163513
0.123246
0.081516
0.133984
0.0606284
-0.00133676
-0.0746273
-0.0890846
-0.154703
-0.171703
-0.157447
-0.206609
-0.230518
-0.237116
-0.232407
-0.221505
-0.203961
-0.192998
-0.188212
-0.158952
-0.12398
-0.121808
-0.0840399
-0.0519951
-0.0182982
-0.0333361
-0.0300428
-0.00190544
-0.00143248
0.0190053
0.0356204
0.0514784
0.0396927
0.0345627
0.0549044
0.0546668
0.0559463
0.0473046
0.0306542
0.031874
0.0156302
0.0174565
-0.0165944
-0.0393713
-0.058386
-0.0738284
-0.0881078
-0.0996519
-0.103756
-0.108152
-0.106922
-0.0911178
-0.0577035
-0.0977749
-0.0653324
-0.032045
0.0143764
0.0436827
0.0583802
0.092739
0.0618724
0.101211
0.124314
0.146879
0.155651
0.154789
0.17115
0.168789
0.184489
0.190681
0.181224
0.183448
0.166237
0.171888
0.195398
0.184486
0.174829
0.155457
0.166248
0.118429
0.0693225
0.113137
0.131266
0.0649941
-0.0172248
-0.0426215
-0.115574
-0.170956
-0.212971
-0.167867
-0.232645
-0.257465
-0.264077
-0.258613
-0.234648
-0.192668
-0.23453
-0.22001
-0.154074
-0.140005
-0.0940614
-0.0581388
-0.0162495
-0.0568622
-0.02278
0.0186491
0.000265296
0.0232898
0.0370385
0.0448584
0.0251904
0.038838
0.0460533
0.0477908
0.0457262
0.0403071
0.0286278
0.0275343
-0.00415785
-0.00679324
-0.0237332
-0.01813
-0.0628946
-0.0766077
-0.0931328
-0.107655
-0.114683
-0.109523
-0.114301
-0.107481
-0.0555898
-0.11423
-0.0764466
-0.0371032
0.0110668
0.0277807
0.077466
0.129889
0.0617557
0.105128
0.136088
0.161351
0.16906
0.175979
0.172973
0.193497
0.192071
0.201471
0.197805
0.200015
0.181976
0.163601
0.1334
0.223657
0.18372
0.159771
0.170245
0.141802
0.10352
0.0445395
0.148104
0.0848148
0.0280775
-0.00709858
-0.0947067
-0.159462
-0.209592
-0.167281
-0.234093
-0.250784
-0.285904
-0.288109
-0.264573
-0.215361
-0.259524
-0.226982
-0.185166
-0.157983
-0.0961781
-0.0497571
-0.00800798
-0.0620481
-0.0213858
0.00887388
0.0318019
0.052525
0.0391682
0.0447602
0.0281537
0.035279
0.0354097
0.0313435
0.0240258
0.00148554
0.00854539
0.00631235
-0.0125629
-0.0357836
-0.0565538
-0.0693834
-0.0781503
-0.0654716
-0.118355
-0.129103
-0.126013
-0.10636
-0.101033
-0.0649418
-0.0277164
-0.0286626
-0.0658484
-0.018893
0.0348232
0.055271
0.0965047
0.126455
0.147698
0.146187
0.150713
0.167196
0.172708
0.175903
0.168462
0.148799
0.1797
0.169524
0.183369
0.183
0.166281
0.148032
0.118178
0.186011
0.172405
0.178311
0.163372
0.143298
0.121397
0.0755761
0.191873
0.133499
0.068032
0.0416146
-0.0500574
-0.130421
-0.199425
-0.137293
-0.218482
-0.275068
-0.298671
-0.285369
-0.286264
-0.231152
-0.277904
-0.239958
-0.191227
-0.13441
-0.0992095
-0.0630585
0.00727651
-0.0539546
-0.0257603
0.00184664
0.0181709
0.0261431
0.0247489
0.0436318
0.00523414
0.00888226
0.0129762
0.0107356
0.00853729
0.00131976
-0.00962175
0.020104
-0.0239189
-0.0429449
-0.0680237
-0.0869021
-0.102569
-0.0965292
-0.0908584
-0.13541
-0.146906
-0.126976
-0.0986561
-0.0609751
-0.00374362
0.0341099
-0.0396146
0.0171179
0.0814591
0.116815
0.144034
0.16326
0.16535
0.151589
0.177004
0.192833
0.163171
0.153124
0.13092
0.122865
0.150436
0.146247
0.149335
0.147242
0.150591
0.118573
0.113137
0.176646
0.158301
0.153674
0.11569
0.166358
0.106483
0.0966232
0.212237
0.13918
0.115234
0.0103228
-0.00515423
-0.123546
-0.160068
-0.0786513
-0.202235
-0.241971
-0.28729
-0.303266
-0.271733
-0.231474
-0.284105
-0.242297
-0.209694
-0.129696
-0.116572
-0.0301589
-0.00555191
0.035723
-0.0212105
-0.0149984
0.0119608
0.00471261
0.0104725
-0.00180202
0.00043906
0.00350536
-0.0182913
-0.011593
-0.0188267
-0.0199609
-0.028969
-0.0242339
-0.0454057
-0.0778589
-0.0714381
-0.100052
-0.0867535
-0.0945674
-0.0555187
-0.135233
-0.140146
-0.0644455
-0.0913561
-0.00426173
0.0110701
0.0690986
0.0119186
0.0397966
0.1148
0.114321
0.156011
0.156991
0.14226
0.164701
0.16376
0.156755
0.147087
0.144363
0.122635
0.0886883
0.130066
0.130719
0.122243
0.133764
0.11764
0.12018
0.0965607
0.168815
0.179723
0.147844
0.155914
0.121787
0.146465
0.102091
0.217126
0.216176
0.0985218
0.0823511
-0.0208791
-0.063296
-0.178071
-0.0972914
-0.1622
-0.272489
-0.299713
-0.318462
-0.328188
-0.226507
-0.197597
-0.255475
-0.187968
-0.159635
-0.0705265
-0.0384285
0.0401758
0.0416392
0.00082404
0.00813741
0.0210061
0.0245192
0.00895394
-0.0108111
-0.031765
-0.0475279
-0.0432273
-0.0253159
-0.0463244
-0.0572045
-0.0448696
-0.0490834
-0.073984
-0.0730807
-0.100065
-0.0985092
-0.109283
-0.0597833
-0.0666991
-0.15195
-0.095239
-0.103611
-0.000599652
0.0128542
0.0704555
0.0799651
0.00135886
0.0994505
0.109814
0.151524
0.14769
0.122768
0.150387
0.129098
0.151189
0.142268
0.109519
0.113592
0.083325
0.122025
0.116706
0.116892
0.124856
0.114767
0.148645
0.108232
0.130735
0.243019
0.147466
0.174628
0.120718
0.167793
0.0988468
0.145417
0.0516856
0.220127
0.216119
0.0433403
0.0773878
-0.0994844
-0.137338
-0.212545
-0.234015
-0.273032
-0.329376
-0.357396
-0.291748
-0.304251
-0.124862
-0.25289
-0.214863
-0.0544912
-0.0817748
0.0273133
0.0358913
0.0597565
0.043875
0.0290519
0.0116741
-0.00617158
-0.0182022
-0.0435532
-0.0442482
-0.0795388
-0.0870283
-0.0715227
-0.0790246
-0.040516
-0.0810044
-0.0397219
-0.0956739
-0.11147
-0.0928918
-0.125302
-0.0841484
-0.119128
-0.0103449
-0.110163
-0.1252
-0.0148217
-0.0131769
0.0769827
0.0878607
0.132316
0.0973005
0.0889361
0.138143
0.133758
0.120855
0.115507
0.0718943
0.115773
0.0916288
0.0947202
0.0915028
0.083454
0.0997041
0.0779449
0.106681
0.147485
0.144123
0.169255
0.142175
0.16428
0.0843753
0.113024
0.189625
0.130434
0.175194
0.113247
0.158738
0.0782207
0.130285
0.296829
0.151767
0.200827
-0.0101663
-0.0161305
-0.175352
-0.237832
-0.154467
-0.3581
-0.378719
-0.36583
-0.38457
-0.212401
-0.218993
-0.310442
-0.106225
-0.0855226
0.0565213
0.0727767
0.0942457
0.0970888
0.0959833
0.0500175
0.0190812
-0.0464656
-0.0687724
-0.0926728
-0.10672
-0.139043
-0.130593
-0.129887
-0.0565267
-0.0716318
-0.0308678
-0.0387244
-0.110246
-0.0721218
-0.111077
-0.0692053
-0.125571
-0.0217116
-0.00524135
0.0780427
-0.118402
-0.087368
0.0460864
0.0496654
0.118657
0.134489
0.0886709
0.158977
0.129071
0.110683
0.108169
0.0516588
0.0559056
0.022369
0.0545211
0.0321956
0.0595385
0.0637488
0.0718405
0.100598
0.0670953
0.13257
0.146475
0.159368
0.176277
0.117784
0.15421
0.0485782
0.152373
0.184476
0.128977
0.189169
0.0908539
0.156103
0.0579457
0.228268
0.305621
0.0736244
0.0977508
-0.0701959
-0.0954674
-0.213915
-0.270454
-0.298673
-0.388459
-0.409027
-0.293522
-0.354899
-0.0821308
-0.22436
-0.174887
0.0281118
0.0374176
0.0914122
0.0965626
0.0744058
0.0895861
0.0657877
-0.0611044
-0.097803
-0.121768
-0.143677
-0.093252
-0.178969
-0.195881
-0.104663
-0.0987761
-0.0286203
-0.0667283
-0.0203562
-0.0429397
-0.0813337
-0.0835896
-0.141706
-0.0931814
-0.13033
-0.00454576
-0.0123779
-0.126835
0.0142006
0.026881
0.136159
0.148942
0.124285
0.133076
0.107249
0.107352
0.115313
0.0468041
0.0274283
0.0115827
0.0344478
0.0130353
0.0620032
0.0538347
0.0834156
0.121137
0.105576
0.135821
0.133142
0.143073
0.172224
0.12281
0.187074
0.0696708
0.118329
0.178678
0.151996
0.203018
0.111249
0.191307
0.0705213
0.171575
0.344974
0.185364
0.246327
-0.0348227
0.0205062
-0.168837
-0.20944
-0.119083
-0.381839
-0.393325
-0.311254
-0.369214
-0.148145
-0.177391
-0.176381
-0.0366859
-0.00395682
0.0881742
0.0907755
0.058409
0.0587403
-0.0174659
-0.0134519
-0.0661533
-0.147357
-0.176677
-0.12333
-0.167828
-0.0526297
-0.157294
-0.172423
-0.0323534
-0.0721741
-0.0258192
-0.0768535
-0.0197692
-0.099497
-0.150517
-0.0825948
-0.184712
-0.0347874
-0.0549161
0.0545754
0.00932347
-0.0145853
0.123681
0.116297
0.142058
0.138329
0.0471286
0.0806422
0.0494642
0.0342585
0.0161282
0.03236
0.013742
0.0448489
0.0778849
0.0761096
0.110654
0.11814
0.107622
0.134384
0.0711449
0.121456
0.108506
0.113
0.154421
0.10677
0.151055
0.0828168
0.201238
0.252049
0.177322
0.235096
0.0979633
0.178549
0.0230879
0.198141
0.271283
0.0452831
0.105199
-0.0931544
-0.0866423
-0.176532
-0.265178
-0.205426
-0.332272
-0.347883
-0.237981
-0.295397
-0.0692489
-0.0823099
-0.138219
0.0148789
0.0316417
0.0729848
0.0891954
0.0329937
0.00999328
0.0390223
-0.0951227
-0.0938119
-0.148411
-0.193979
-0.111641
-0.168498
-0.225489
-0.1204
-0.14394
-0.0526711
-0.0933684
-0.0165316
-0.0563759
-0.137262
-0.0872164
-0.16197
-0.0488679
-0.0907643
0.0219851
0.0117281
-0.108571
0.0749789
0.067053
0.14108
0.139877
0.0747819
0.101546
0.0704899
0.0484567
0.0105389
0.00148499
-0.0157334
0.0320809
0.0732343
0.000970249
0.105653
0.101747
0.124796
0.153971
0.0948041
0.132016
0.20759
0.103092
0.131872
0.116888
0.169943
0.0831501
0.160811
0.0522277
0.227072
0.254914
0.104222
0.204631
0.0448286
0.11323
-0.0207518
0.071833
0.180263
0.0232427
0.102034
-0.101984
-0.110973
-0.124809
-0.224608
-0.22732
-0.277723
-0.353602
-0.181737
-0.242149
-0.0193357
-0.123671
-0.109754
0.0443097
0.0536144
0.0778657
0.0756728
-0.00877284
-0.00849787
-0.0133093
-0.127611
-0.176363
-0.154714
-0.229883
-0.0322382
-0.194448
-0.217458
-0.0819276
-0.114106
-0.0053265
-0.0646533
0.00591068
-0.0938036
-0.15383
-0.0794027
-0.149976
-0.0335402
-0.08014
0.0443943
-0.00759838
-0.0364083
0.125068
0.118419
0.126909
0.140845
0.0472773
0.0836582
0.0328256
-0.00308429
-0.0310072
0.00881977
0.00782099
0.0413231
0.0873848
0.0765788
0.15074
0.165665
0.111507
0.145315
0.0494222
0.0889882
0.0961232
0.0586795
0.113072
0.11204
0.177382
0.0735157
0.162212
0.268628
0.187643
0.268071
0.06521
0.148174
-0.0239916
0.0462341
0.189499
0.0128512
0.114062
-0.0125156
0.0426317
-0.0863578
-0.12127
0.000887068
-0.204616
-0.227663
-0.230941
-0.308388
-0.121546
-0.189523
-0.254207
-0.0880298
-0.0883458
0.0612291
0.0753525
0.048214
0.0521158
0.0793948
-0.0311772
-0.0399464
-0.13064
-0.212319
-0.129221
-0.19793
-0.251988
-0.151746
-0.208876
-0.0441274
-0.0861848
0.0360316
-0.00711077
-0.0562064
-0.102175
-0.149634
-0.0463332
-0.12629
-0.0205526
-0.056003
0.0314902
0.0689929
0.0271045
0.120063
0.118975
0.0906671
0.130373
0.0169894
0.0440047
-0.016535
-0.0018412
-0.0140598
0.0182432
0.0185359
0.0184522
0.0951523
0.115508
0.14929
0.152339
0.0614569
0.119385
0.0316729
0.106184
0.0884394
0.047068
0.11911
0.118244
0.195288
0.0274895
0.177086
0.260188
0.134475
0.20927
-0.00227428
0.0433993
-0.0179751
0.0742148
0.149969
-0.0309225
0.084112
0.00675986
0.070191
-0.0228773
-0.0658135
-0.0328194
-0.222306
-0.25606
-0.201492
-0.318738
-0.0883599
-0.264897
-0.253845
-0.0031218
-0.0079969
0.076969
0.100128
0.0329871
0.0463139
0.0435036
-0.105413
-0.142488
-0.133087
-0.221672
-0.0878929
-0.168681
-0.241389
-0.0481842
-0.0965928
-0.00800525
-0.0505826
0.0154138
-0.0174897
-0.112661
-0.135769
-0.208519
-0.0409987
-0.0920508
0.0199642
-0.00143468
-0.133376
0.119755
0.139735
0.137816
0.140258
0.02134
0.0688005
0.0753123
0.000484759
-0.0541545
-0.0273933
-0.007489
0.0458651
0.0755722
0.00792754
0.130581
0.183817
0.139572
0.192231
-0.00180797
0.0530415
0.103977
0.0618084
0.0633077
0.0258023
0.113302
0.096484
0.218634
0.266199
0.138201
0.237651
0.0760245
0.173184
-0.0337967
-0.0115566
0.107496
0.0361181
0.123197
0.00368999
0.0855272
0.017371
0.0582878
0.222607
-0.03097
-0.0782429
-0.218455
-0.278801
-0.115866
-0.281032
-0.0448649
-0.216393
-0.236434
0.0488691
0.0383769
0.0856708
0.126667
0.0197759
0.0215929
-0.020198
-0.123091
-0.172474
-0.0790886
-0.202717
-0.0530227
-0.217923
-0.241722
0.013087
-0.064697
0.00389079
-0.0424071
0.000106594
-0.0401176
-0.131594
-0.113972
-0.231881
-0.00589247
-0.0390722
0.0346327
-0.00338012
-0.0601302
0.11357
0.155588
0.117318
0.120613
-0.0246854
0.0431167
0.0222724
-0.0186097
-0.067978
-0.00966709
0.0178613
0.0614833
0.106008
0.081183
0.11287
0.186582
0.103569
0.139913
-0.0245287
0.0343432
0.0524363
0.0451055
0.0639988
0.0350293
0.134833
0.0847158
0.268352
0.321986
0.0846932
0.174559
0.0404927
0.110246
-0.0199547
-0.0496065
0.0360044
0.0200844
0.110265
0.0245838
0.0910618
0.0423332
0.118334
0.337492
-0.0884003
-0.0973516
-0.216946
-0.285655
-0.0377448
-0.225884
-0.404325
-0.200763
-0.22634
0.0440237
0.0566114
0.0738926
0.103327
0.154734
-0.00923305
-0.0429653
-0.129486
-0.188038
-0.0268583
-0.135259
-0.273647
-0.160577
-0.203496
0.0233557
-0.017089
-0.00199831
-0.0511767
-0.0981448
-0.0381302
-0.140319
-0.0975155
-0.192447
-0.0105213
0.0097941
-0.125773
0.0269406
-0.0317379
0.0680473
0.124368
0.0626156
0.0876978
0.0166233
0.0224889
0.0074782
0.00819215
-0.0252547
-0.00431766
0.0816145
0.144213
0.125464
0.142293
0.0401191
0.124021
0.0388606
0.0622466
-0.032878
0.0161314
0.0426998
0.0703678
0.104845
0.0191734
0.154289
0.0576347
0.266762
0.320742
0.0218465
0.102212
-0.0186034
0.0247931
0.0224926
-0.0286955
0.0337463
0.0473303
0.13805
0.0337333
0.0906613
0.0213736
0.146486
0.287047
-0.0771501
-0.160739
-0.209269
-0.32771
0.0547521
-0.236018
-0.330084
-0.125549
-0.151173
0.058972
0.0744383
0.0479281
0.0971902
0.123846
-0.0405614
-0.106927
-0.127744
-0.222591
0.0293852
-0.138054
-0.215346
-0.103982
-0.157011
0.0135429
-0.0290326
-0.00835453
-0.115324
-0.172804
-0.0332487
-0.115072
-0.0554052
-0.145824
-0.0277217
0.0251075
-0.0156404
0.056999
0.00962956
0.0162482
0.0669656
0.0249036
0.0364832
-0.0270459
0.0112703
0.0295991
0.0401757
0.0322434
-0.031197
0.053283
0.106013
0.0979002
0.106668
0.00486454
0.0763228
0.0295019
0.0709029
0.0370328
0.0260898
0.109352
0.0991402
0.165495
-0.0180435
0.0834191
0.260436
0.190296
0.270346
-0.0157502
0.0253724
-0.0213836
0.0230062
0.0990964
-0.00140235
0.0601276
0.0587526
0.192761
0.0312136
0.0348421
0.189065
0.0680649
0.235949
-0.0115746
-0.137314
-0.161814
-0.246512
-0.152891
-0.115578
-0.254893
-0.14146
-0.198352
0.0411218
0.0353561
-0.0266866
-0.0140149
0.00750576
0.015103
-0.0338109
-0.0622181
-0.134388
-0.0143094
-0.0696362
-0.150578
-0.116821
-0.211136
0.00988272
-0.0281999
-0.00162518
-0.120128
-0.216533
-0.000955114
-0.0370538
-0.00368237
-0.0883951
-0.0665585
0.0163609
-0.0237939
0.0474512
-0.0333167
-0.031937
0.0417477
0.0218467
0.0424717
-0.0306606
0.00155048
0.044759
0.0575292
0.0763952
-0.0646254
0.0485645
0.0989477
0.0992475
0.109972
-0.0204875
0.0304035
0.00968833
0.0790283
0.0602435
0.000911218
0.0681907
0.0855408
0.165486
-0.0244596
0.0796436
0.191978
0.150185
0.252532
-0.00708803
-0.00665189
-0.0124198
0.0534414
0.108081
-0.00481417
0.0299253
0.0331762
0.12736
0.0481281
0.0347062
0.118959
0.0377013
0.153445
0.0324232
-0.0549563
-0.0732016
-0.149611
-0.0727763
-0.0595071
-0.209311
-0.159593
-0.247191
0.0210929
0.0206998
-0.0506501
-0.0300804
-0.0303735
0.021367
-0.00131072
-0.0261362
-0.0915898
-0.0781048
-0.0416355
-0.120422
-0.105723
-0.193585
0.0108316
-0.0142496
-0.143731
-0.0946032
-0.167258
-0.00515117
-0.0260281
-0.00443584
-0.0718344
-0.193779
0.000823713
-0.0223066
0.0151756
-0.038405
-0.0317458
0.0328468
0.037546
0.0568801
0.000829482
-0.022879
0.0511039
0.0229544
0.047438
-0.0288212
0.021815
0.0715024
0.066981
0.0817691
-0.046477
0.0433038
0.110059
0.0962752
0.091772
-0.0156178
0.0644983
0.0427551
0.125802
0.105035
0.0339082
0.171272
0.1191
0.234118
-0.00441961
0.0197216
0.211445
0.0555377
0.136051
-0.00376823
-0.0056662
0.00396864
0.0748048
0.0411033
0.0304087
0.0963541
0.0505795
0.176191
0.0635357
-0.0247037
-0.0237008
-0.0862615
-0.0295981
0.0045414
-0.181593
-0.129627
-0.244179
0.0452682
-0.0105516
-0.0760858
-0.0259304
-0.0587944
0.0212987
0.00459486
-0.00757234
-0.0777095
-0.0785176
0.001154
-0.0961099
-0.0630125
-0.154265
0.00975611
-0.02892
-0.126752
-0.0947512
-0.183801
-0.00430458
-0.0228682
0.0009581
-0.0864518
-0.159659
-0.00254196
-0.00339207
0.0122409
-0.0492325
-0.0765125
0.0155356
0.00438102
0.0255981
-0.0221075
-0.0442825
0.0432411
0.0321385
0.0657314
0.0106898
-0.00565998
0.0656242
0.0565344
0.0731391
-0.0610544
0.0297391
0.0935685
0.0859801
0.0921062
-0.027486
0.0516966
0.0249599
0.0969931
0.110343
-0.00563433
0.0796007
0.0705609
0.160045
-0.00496155
0.0231165
0.166441
0.0876412
0.179714
0.00253752
-0.0114343
-0.0120283
0.0390405
0.130046
0.0135228
0.0648673
0.0397698
0.147463
0.079729
-0.0035743
0.0519487
-0.00923973
0.0836671
0.0341529
-0.1168
-0.0849049
-0.187964
-0.149234
-0.0209151
-0.130077
-0.0540457
-0.0955295
0.00598639
0.0065692
-0.0289245
-0.0168925
-0.0199943
0.0119115
-0.0592077
-0.0484118
-0.115491
-0.133217
-0.0140235
-0.101284
-0.0730989
-0.172473
-0.0245179
0.0067163
-0.10144
-0.0671559
-0.152856
-0.0209241
0.0206193
0.0180446
0.0100228
