-0.00370319
0.00795754
0.0141859
0.0807222
0.0957894
0.18142
0.141108
0.19137
0.203249
0.314089
0.267275
0.401622
0.276209
0.477495
0.503196
0.661491
0.621207
0.863553
0.775254
1.0876
0.946982
1.01715
0.902309
1.12565
0.880378
1.12196
0.90926
1.36168
1.46339
1.80675
1.66764
2.2286
2.17134
2.59025
2.22021
2.27029
2.02465
2.3244
1.74484
1.85998
1.41424
1.83357
1.71235
1.92772
1.46116
2.04061
1.63826
1.95436
1.18732
1.28541
0.915567
1.4386
0.710147
0.819707
0.0911632
0.546328
0.458286
0.979436
0.492014
1.44129
0.918305
1.33758
0.417407
0.823395
0.542501
1.3707
0.682944
0.886539
0.0643597
0.672691
0.622704
1.34468
0.821164
1.9741
1.29521
1.68033
0.53299
1.00056
0.595094
1.51582
0.705367
0.853531
-0.190188
0.395344
0.328809
1.20011
0.592703
2.06708
1.3977
2.11543
0.818989
1.56958
1.07965
2.58442
1.86141
2.51505
1.31747
2.16978
1.94661
3.38761
