0
2.11378
5.33033
2.37516
4.17429
1.70574
-9.05197
5.52506
-4.06298
-1.50765
-0.492914
2.6816
4.29947
-1.2341
2.37163
-12.412
-3.18256
0.343774
0.935952
3.03129
8.54793
-4.29975
6.98966
-5.72605
-9.37712
5.69757
1.4312
-0.771432
-3.84644
7.47857
3.16187
-3.0416
2.92457
4.72834
-2.57094
-5.00064
0.305024
-3.84175
-1.16607
-1.97702
2.14699
-1.58512
3.2799
6.71965
2.57562
4.26519
-2.7515
-6.40109
-14.1006
4.50378
5.45871
-0.858198
-7.8073
9.3776
-2.89908
6.14893
-0.978009
-0.14639
-4.08373
2.56384
-7.92413
-5.92812
0.87398
-5.53491
-0.0778025
4.67385
-0.748868
5.23684
9.70918
-2.42616
4.74821
0.534877
-0.0925905
-4.67181
1.75803
-9.66513
7.50923
-0.105436
-4.69653
-5.26596
13.5051
7.33914
3.91092
-1.4137
-1.49735
-6.34068
-4.57525
1.06647
-1.43987
2.37843
0.631949
3.24198
0.966476
4.38023
4.43675
-5.55457
-3.16745
2.8746
-2.85482
-6.69375
4.9396
1.86945
-0.890323
-4.78719
9.00903
7.85417
-6.88321
5.43791
-7.12716
-5.84759
-0.876297
-1.64527
2.00414
9.34937
-1.98772
2.71893
-5.83997
-4.14759
-2.47727
1.93977
4.42025
-6.82477
10.3776
-0.103095
-2.79373
-3.67193
-6.64732
-2.87127
