-0.315084
0.851427
0.374698
0.185617
-0.72203
-0.648769
-0.900226
0.718274
0.126812
0.440487
-1.14554
1.05025
0.676437
-0.703253
-0.654522
-0.804738
-0.494247
0.0263346
-0.115933
-0.434975
0.223116
-0.812127
-0.405268
-0.233438
-0.123959
0.580683
-0.591533
-0.00320689
0.244069
-0.869294
0.372178
-0.66779
-0.959067
0.963894
0.938115
0.613562
-0.483898
-0.882009
0.494287
-0.0836204
-0.869999
-0.0722134
-1.00398
0.90482
-0.448462
0.464691
-0.263472
0.0883201
0.12797
-0.554139
1.06782
0.666904
0.843727
0.770647
0.116726
0.825772
-0.859866
-0.661545
-1.05157
-0.452339
-0.16343
-0.500731
0.778336
-0.301625
-0.423892
0.0566324
-0.828517
0.710836
-0.840593
1.07754
0.620643
-0.596419
-0.959169
0.61407
0.448431
0.375136
0.475129
-0.989811
-0.367411
-0.716139
0.721074
0.184827
-0.469097
-0.959788
-0.352599
-0.362456
0.614131
0.321842
0.866805
-0.166634
-0.85651
0.569872
0.571109
0.0410524
0.468934
-0.120629
0.109597
-0.184096
-1.12412
-0.748438
-0.920051
0.36193
-0.32176
0.0801456
0.840717
-0.512059
-0.12769
0.594421
-0.573322
-0.843506
-0.343921
-0.48571
1.0799
0.733127
0.288805
0.839489
0.489635
-0.698139
0.952179
0.018198
0.629064
0.638515
-0.456972
-0.817258
-0.460522
-0.0385469
0.72349
0.707724
