-0.873613
-0.490191
-0.908647
-0.620423
-0.976941
-0.265537
-0.997822
-1.00571
-1.58677
-1.62152
-2.56577
-3.11026
-4.28146
-20.525
12.8394
3.29536
1.20049
0.760859
0.0304352
0.923713
0.872907
2.71785
4.13361
5.35603
3.80728
-6.97118
1.48895
-14.9127
-2.64233
-2.18023
1.26428
2.33912
1.29746
-0.127647
-1.94051
-2.17272
-3.03198
-1.11563
-3.07754
-21.3583
0.80585
8.18633
5.46014
4.04133
3.18485
2.43948
1.21508
0.502125
0.985388
3.23722
4.06274
-1.53844
14.0339
-0.692968
-1.83253
-0.733154
-0.905277
-0.159254
0.721551
0.223345
0.313139
0.369722
-0.718226
-1.47029
0.48229
-6.21967
-7.3504
-3.77184
-1.96152
-0.902765
-0.377524
-0.282798
-0.315522
-0.442594
-0.418588
-0.398247
0.136393
-1.09569
1.03668
1.18632
0.646953
0.681462
0.555325
0.221595
0.161742
0.0385156
0.216493
0.13249
0.262057
-0.32211
0.4453
-0.991253
-0.231347
0.110494
0.186125
0.0884336
-0.0687059
0.354439
0.339116
0.236124
-0.0991688
0.150651
0.507814
0.24429
0.599908
0.0662823
0.136904
0.0211007
-0.222583
0.139927
0.226363
0.101453
-0.00627589
0.0507912
0.237639
0.0991415
-0.336015
0.0654991
0.412448
0.154089
0.173404
0.0944912
0.260872
0.143928
-0.182477
0.132266
0.294599
0.119061
-0.171189
0.236982
0.24089
0.0256715
-0.0167731
0.112707
0.23758
0.105492
0.0907547
0.0829296
0.178873
0.0423963
-0.19977
0.0995163
0.0135249
0.0936811
0.113359
0.112987
0.243075
0.144119
0.0279902
0.174822
0.304979
0.115621
0.172938
0.166339
0.24521
0.155637
-0.0205952
0.0979638
0.212471
0.137028
-0.0632237
0.0984209
0.220068
0.0463446
-0.0148931
0.1523
0.124703
0.119253
0.210612
0.30046
0.199212
0.0837725
-0.000997782
0.0978131
0.507063
0.0866371
0.00973338
0.202758
0.019685
-0.0177262
0.0454366
-0.196978
-0.0208617
0.389754
0.265776
0.0815322
0.111478
0.127458
0.266609
0.21614
0.313884
0.304522
-0.26012
0.14759
0.161617
0.878419
0.679462
0.205212
0.0524638
0.12452
0.0753636
0.076915
0.144445
0.114124
-0.0490891
0.109586
0.106577
0.0753888
-0.199972
-0.0204031
0.106936
0.0788721
-0.0528219
0.090938
0.0896847
0.0383095
-0.0179206
0.0737124
0.0725299
0.0891893
0.00316495
0.196797
0.120189
0.08977
-0.0863398
0.116084
0.193571
0.169861
-0.0957086
0.162766
0.194121
0.087322
0.258508
0.046896
0.0157363
0.0891527
-0.126209
0.0949696
0.103507
0.153637
-0.139427
0.225522
0.193941
-0.0383538
-0.107241
0.0369978
0.0883254
0.0965091
0.0767733
0.0687261
0.0948986
0.107428
-0.0775342
0.110171
0.10718
0.0990098
-0.392926
0.0955918
0.0992526
0.0907968
-0.0671922
0.0990798
0.106884
0.137051
0.0999715
0.129794
0.0709954
0.0942324
-0.0504298
0.0897242
0.085357
0.0824669
0.0287893
0.0815145
0.0538296
0.107099
-0.0866121
0.148603
0.101913
0.128058
0.0734625
0.0943149
0.0939628
0.0613491
-0.0748881
0.0947718
0.109044
0.154096
-0.0738733
0.117793
0.0848028
0.0865973
-0.0420698
0.070943
0.111342
0.113061
-0.258857
0.0856909
0.0904957
0.104639
-0.0867493
0.0966572
0.0705445
0.099887
0.0316091
0.110129
0.0887125
0.0978362
-0.0707874
0.106712
0.0879681
0.0895971
-0.298832
0.0577916
0.064578
0.0877246
-0.039654
0.0655637
0.107691
0.109171
-0.194494
0.105414
0.0516903
0.095329
-0.122744
0.104567
0.0957919
0.0943521
-0.230146
0.0962357
0.135893
0.0811301
-0.0659603
0.114623
0.112502
0.102455
0.0325263
0.120604
0.0951473
0.109846
-0.0704826
0.107567
0.0983789
0.0837861
-0.279753
0.0981681
0.0496218
0.103945
-0.0615954
0.0944928
0.127414
0.0864083
-0.0742831
0.125026
0.086474
0.0565182
-0.0774282
0.104401
0.0947799
0.287693
-0.255931
0.387675
0.113082
0.109577
-0.0753095
0.083362
0.0975034
0.0877122
0.724995
0.0812172
0.0545043
0.0810249
-0.0450267
0.0813535
0.0994468
0.064383
-0.124969
0.101068
0.11224
0.0753666
-0.0748628
0.098383
0.0966805
0.0802925
-0.136666
0.0983906
-0.0291522
0.0855274
-0.0562828
0.0958252
0.10045
0.0790238
0.186103
0.0947029
0.093504
0.096648
-0.0670283
0.105155
0.108505
0.0885258
0.994514
0.0903426
0.0888427
0.0809773
-0.0734643
0.106392
0.0823495
-0.0757459
0.182652
0.0736921
0.492416
0.0816427
-0.0581131
0.0938023
0.0964424
0.00325209
-0.0669895
0.0773037
0.111906
0.0874878
-0.672993
0.0783195
0.0888911
0.124338
0.210411
0.094005
0.0883852
0.0935145
-0.0756942
0.0884758
0.0716048
0.0859736
0.868205
0.111865
0.0859709
0.122734
-0.0758098
0.173929
0.0862912
0.0480641
0.159689
0.0766873
0.0954771
0.110248
-0.0661483
0.0668228
0.0852018
0.117234
-0.194094
0.0954816
0.0767191
0.105868
-0.0932295
0.0777197
0.0989269
0.102435
0.162538
0.482475
0.0425732
0.0939675
-0.112254
0.0569881
0.0616521
0.123059
0.545072
0.0909343
0.0757031
0.112732
-0.0948999
0.0798586
0.0866138
0.0969823
0.156749
0.0858349
0.0862183
0.108069
-0.0721198
0.15135
0.0864388
0.101741
-0.0713339
0.0915288
0.0957011
0.0797589
-0.0789502
0.094407
0.0694519
-0.287576
0.166094
0.0775849
0.0769672
0.0442773
-0.0883193
0.0864699
0.455703
0.0693579
0.540014
0.0730042
0.0915034
0.0852048
-0.0705044
0.063056
0.0784394
0.0798406
0.296568
0.102018
0.0849243
-0.262714
-0.0833265
0.0902329
0.0846913
0.0844774
-0.873613
0.0878115
0.0847417
0.0692289
-0.077065
0.0760458
0.0736868
0.490211
0.153032
0.0895337
0.0696073
0.0897817
-0.0595267
0.0908812
0.0887074
-0.185787
0.0479299
-0.0796546
0.0520637
0.0773844
0.35189
0.081922
0.0856925
0.0868685
0.323123
0.0899643
0.0827107
0.078652
-0.08366
0.0758761
0.0880426
0.0753363
-0.0713339
0.083744
0.0909784
0.052933
-0.0846978
-0.426497
0.0867633
0.0543904
0.328102
0.0747851
0.0479004
0.12734
-0.0862332
0.0921438
0.0778147
0.0885135
0.677366
0.0248381
0.0861514
-0.292536
-0.0920132
0.0696524
0.161305
0.0815032
0.307101
0.0996655
0.0850973
0.0989282
-0.0931003
-0.161735
0.0844181
0.0781345
-0.194094
0.0957624
0.094744
0.0584494
-0.0756425
0.0633768
0.05101
0.0738177
0.311253
0.0844086
0.0524848
0.0925943
-0.0818464
0.0667613
0.0609783
0.0536947
0.675437
0.0621568
-0.22369
0.089196
-0.0825346
0.0524291
0.0790729
0.0778871
0.30772
0.0874894
0.0829419
0.0866735
-0.135214
0.0965365
0.638474
0.0825877
-0.0669895
0.0385776
0.0738426
0.0301822
-0.0916943
0.072379
0.115417
0.0443946
0.300445
0.36964
0.0485739
0.0977163
-0.0920568
0.100239
0.0678854
0.0890676
0.572235
0.0302223
0.0936762
0.065091
-0.10039
0.04449
0.096612
0.0733175
0.31363
0.0791322
0.0790973
0.069024
-0.110843
0.0751552
0.0894019
0.0609236
-0.136666
0.474583
0.0660603
-0.166486
-0.0999254
0.188858
0.0840118
0.0323281
0.353317
0.0559305
0.0432148
0.0832759
-0.0836997
0.129327
0.0998938
0.0770417
0.6059
0.061754
0.0800716
0.0705321
0.0719276
0.0409883
0.0935748
0.0444648
0.323302
0.102447
0.0559189
0.0700452
-0.0734546
0.0236788
0.0608375
0.0631609
0.0637473
0.531217
0.0121184
0.0291425
0.0960394
0.0413088
0.0764348
0.00752816
0.336023
0.12236
0.0134987
0.0547227
0.0659169
0.0642687
0.0528273
0.193441
0.565646
0.0476593
0.0458381
0.0958999
0.061255
0.0211582
0.411536
-0.158381
0.229841
0.0804931
0.0760461
0.0398181
0.0427372
0.0819975
0.080935
0.065522
-0.194494
0.351484
-0.0131759
-0.0286317
0.119295
0.0478175
0.698471
0.0363471
0.33975
0.0193849
0.260479
0.0810459
0.057886
0.0435521
0.0191194
0.0731358
0.810743
0.0458887
0.331655
0.215539
0.0387013
-0.00311464
0.0614098
0.0428964
0.278601
0.0773407
0.0463014
0.0545823
0.0493742
0.0983683
0.0671265
0.0870231
0.39722
0.0622785
0.0500578
0.045463
0.0694925
0.0338671
0.0458972
0.0155797
0.307279
0.0560429
0.0892797
0.107533
0.0661789
0.0631139
0.0173848
0.0460189
0.795554
-0.015065
0.0643764
0.0323046
0.0990356
0.00505993
0.107772
0.00255039
0.268927
0.376997
0.163822
0.0495254
0.0168004
0.0500617
0.033243
0.0117618
-0.392926
0.0523902
0.0372468
0.0187504
0.0565443
0.249134
-0.0369857
-0.0145292
0.296641
0.0616247
-0.0168333
-0.0289027
-0.029059
-0.0852811
0.0230564
-0.493134
0.628449
0.0925964
0.0502722
0.0840169
0.00154787
-0.0298619
0.00741234
0.0272825
0.501863
0.0846469
0.158151
0.0539788
-0.00321192
0.185469
0.0750465
0.0210987
0.148303
0.013261
-0.571593
0.0597396
0.116652
0.026878
0.0308277
-0.0405695
0.189661
-0.057784
0.0144865
0.0382345
0.0332052
0.0199708
0.114777
-0.104978
0.324818
0.193607
0.0888513
0.134767
0.0129601
0.0644333
0.149806
0.0326023
0.369974
0.132427
0.100323
0.37226
0.734054
0.73195
-0.149478
-0.0936757
-0.26012
0.272425
0.191725
0.00685716
0.211396
-0.0999377
-0.0914228
-0.17038
0.6002
0.176283
-0.369622
-0.307253
0.0287904
-0.107417
-0.161586
-0.553972
0.267239
-0.0159237
-0.0330217
-0.0285062
-0.0379253
-0.0892166
0.159884
0.165068
0.247646
0.0147818
-0.0550492
-0.0490252
-0.34164
0.027064
-0.012112
-0.07862
-0.0475451
-0.011274
-0.0644097
-0.108885
0.0672125
0.0476344
-0.0151356
0.00743484
0.289609
-0.0754548
-0.418639
0.150585
-0.0722838
-0.014056
-0.064963
0.0113391
0.54714
-0.224568
-0.129292
0.00237799
-0.190421
-0.185033
-0.0809443
-0.0869976
-0.111382
-0.40368
0.0124433
-0.0730566
-0.0977986
-0.0751823
-0.0433124
-0.182532
-0.171189
0.0330321
0.0235723
-0.0586682
0.0146168
-0.0926616
-0.101593
-0.312726
0.0877889
0.0142438
0.0020088
-0.114545
-0.246838
-0.200414
-0.154353
-0.0114483
0.434783
-0.121887
-0.0407048
-0.296428
-0.217641
-0.245485
-0.0277042
-0.100894
0.399162
0.0952441
0.0922215
-0.240674
-0.285628
0.099413
-0.0121061
-0.176597
-0.30785
-0.542125
-0.383466
-0.1633
-0.367421
-1.24016
0.310857
-0.528399
0.344762
-0.198395
-0.291676
-0.00991285
-0.0167239
-0.0305964
0.0131733
0.341717
0.654793
0.0855565
0.727136
-1.63105
-0.449747
-1.26344
-0.994328
-1.23494
-1.22462
-0.413273
-1.06624
-1.7534
-3.16639
-4.50616
-6.63162
-2.30994
0.48229
-0.814534
0.0167699
1.53005
0.948888
1.24269
1.5379
0.866587
-0.575223
0.0456606
-0.419067
0.90628
14.2429
-4.75904
0.439645
2.91818
0.629899
-0.595828
0.766879
0.951608
0.347659
0.498218
4.77685
4.3668
-7.2604
-23.8304
-1.89598
-0.110203
-1.56227
-2.4627
-1.99858
-0.421793
1.46537
2.17256
1.40035
-2.03613
-2.66844
-16.1208
11.639
-10.5663
3.54089
4.21762
3.18057
2.33671
0.537516
-0.0622647
-1.34973
-0.927488
-0.703185
-2.34916
12.1966
-28.3688
-1.69444
-0.669457
-1.17764
-0.628332
0.238295
-1.04948
-0.778062
-0.353519
-0.51458
-0.596916
-0.276654
-0.162818
