0.556207
1.11943
-3.58033
-2.8757
2.71332
0.66306
0.334297
-0.397161
-0.0206281
0.182989
0.532474
-0.0248314
-0.374856
0.0758272
0.491657
0.0527197
0.159828
0.0564017
0.481104
0.051777
-0.321987
0.0795231
0.482985
0.0402857
0.133531
0.06025
0.492066
0.0430401
-0.340003
0.0795494
0.530856
0.0530204
0.297668
0.054942
0.486536
0.0553836
-0.324042
0.0554513
0.48698
0.0556277
0.142192
0.0556034
0.48781
0.0557231
-0.324127
0.0559666
0.487331
0.0558382
0.175357
0.0560026
0.487344
0.0558984
-0.323384
0.0559898
0.487379
0.0560939
0.142526
0.0559602
0.487378
0.0559953
-0.323412
0.0560325
0.487493
0.0560624
0.556207
0.0560624
0.487493
0.0560325
-0.323412
0.0559953
0.487378
0.0559602
0.142526
0.0560939
0.487379
0.0559898
-0.323384
0.0558984
0.487344
0.0560026
0.175357
0.0558382
0.487331
0.0559666
-0.324127
0.0557231
0.48781
0.0556034
0.142192
0.0556277
0.48698
0.0554513
-0.324042
0.0553836
0.486536
0.054942
0.297668
0.0530204
0.530856
0.0795494
-0.340003
0.0430401
0.492066
0.06025
0.133531
0.0402857
0.482985
0.0795231
-0.321987
0.051777
0.481104
0.0564017
0.159828
0.0527197
0.491657
0.0758272
-0.374856
-0.0248314
0.532474
0.182989
-0.0206281
-0.397161
0.334297
0.66306
2.71332
-2.8757
-3.58033
1.11943
