0.999995
0.995491
0.981388
0.957785
0.924857
0.882834
0.832026
0.772787
0.705549
0.630776
0.549007
0.460798
0.366773
0.267552
0.163822
0.0562413
-0.0544795
-0.0509283
-0.158668
-0.262611
-0.362057
-0.45635
-0.544857
-0.626952
-0.702079
-0.769694
-0.829334
-0.880561
-0.923019
-0.956396
-0.980458
-0.995026
-0.999999
-0.995339
-0.981079
-0.957325
-0.924244
-0.88208
-0.831127
-0.77176
-0.704389
-0.629506
-0.54762
-0.45932
-0.365205
-0.265907
-0.162109
-0.054471
0.0562948
0.0527001
0.160383
0.26426
0.363627
0.45784
0.546239
0.628234
0.703235
0.770731
0.830232
0.881324
0.923633
0.956863
0.98077
0.995184
1
0.995184
0.98077
0.956863
0.923633
0.881324
0.830232
0.770731
0.703235
0.628234
0.546239
0.45784
0.363627
0.26426
0.160383
0.0527001
0.0562948
-0.054471
-0.162109
-0.265907
-0.365205
-0.45932
-0.54762
-0.629506
-0.704389
-0.77176
-0.831127
-0.88208
-0.924244
-0.957325
-0.981079
-0.995339
-0.999999
-0.995026
-0.980458
-0.956396
-0.923019
-0.880561
-0.829334
-0.769694
-0.702079
-0.626952
-0.544857
-0.45635
-0.362057
-0.262611
-0.158668
-0.0509283
-0.0544795
0.0562413
0.163822
0.267552
0.366773
0.460798
0.549007
0.630776
0.705549
0.772787
0.832026
0.882834
0.924857
0.957785
0.981388
0.995491
