-4.56284
1.35716
4.12429
6.19924
-1.67862
-0.347957
-7.41006
4.30495
-0.612472
-4.05786
10.6441
7.03426
9.33347
-4.29224
2.22663
12.2418
3.36609
3.17501
-2.27483
10.9124
-2.82326
-1.95944
2.73341
-5.05063
-0.7014
-6.89705
-2.74863
-5.5622
-9.41031
-5.33731
0.511928
1.41767
0.859398
6.39071
-5.42679
2.50431
-5.94762
2.80335
1.51117
-3.38673
-5.48839
-1.15974
5.13675
-0.577355
-1.93136
-7.46413
0.467853
-2.91993
-2.54717
-1.79854
-4.12341
4.80266
-2.77258
-0.352609
4.14404
-6.17611
6.66334
1.28696
-2.45157
1.5627
-7.31494
-1.54486
-4.25157
0.421087
-4.86493
1.24994
-4.37171
-0.560984
-6.04592
0.591991
-2.15998
0.686204
6.70716
-7.09744
4.25888
-1.71411
-1.14755
4.96772
-4.50969
-2.61595
-0.146965
-1.53558
1.31068
-7.99995
-2.95783
-2.47452
4.28084
-0.247541
-5.60377
-3.66509
0.982134
3.59996
-5.86291
3.01115
-5.11568
5.07543
0.783862
2.28987
0.700541
-5.8704
-8.36052
-5.80182
-3.2048
-8.56496
-0.08547
-4.90583
0.36653
-1.97368
-5.84944
8.80289
-3.23962
1.73664
3.05529
13.9877
2.12218
-4.24577
7.36042
6.08822
11.3325
-2.74037
0.700492
3.63352
-5.41657
-0.608202
-2.83947
5.22605
3.31484
0.9287
