1.85283
-3.49234
11.8713
-8.91183
17.1318
1.56177
0.814838
-11.7464
12.0804
-0.342119
7.13725
4.10387
-5.9851
24.8343
-0.842228
-1.00456
8.26632
11.5769
-7.4958
0.0702527
-7.88787
5.89488
10.1184
5.07811
-5.41255
-15.0433
-11.0876
-0.777422
-4.87277
1.10231
2.51799
12.8344
-2.61053
0.984404
-4.02532
-2.62933
-6.73026
-13.4268
3.7171
5.74496
6.74189
13.9478
6.84998
-7.9011
18.5072
6.94271
-7.61764
10.1895
-2.89123
16.0364
-1.11794
-6.68941
3.10995
-6.27957
-1.74531
-5.34502
3.41668
-7.36256
-9.8456
5.21067
15.5797
-1.44983
4.33624
-9.28501
4.57014
-21.3608
2.02764
1.67904
5.28202
-15.7949
17.5507
-14.6459
6.04035
-1.01318
-17.1731
4.38934
10.3738
16.2067
-8.95879
-12.9334
-2.54737
-0.37652
-3.40764
19.0997
-2.99438
3.45136
-16.8793
-9.09559
14.3787
3.93245
3.61467
7.87138
-8.47719
9.75613
-1.46667
3.43738
22.5562
-29.6023
-13.7057
-15.1475
-17.7166
-5.26834
9.30939
-7.81178
-1.41234
-14.54
1.28918
-2.48579
1.2568
4.0587
6.21749
-5.81385
-6.13585
-11.7735
1.90362
-8.74125
-0.989641
3.19065
5.47853
-4.68299
-0.535411
10.4909
3.54466
12.5271
7.53543
-15.0322
16.9471
-9.1596
-0.941013
-0.0913156
3.58497
2.13331
5.64035
17.9127
13.9392
-19.2398
-2.49852
-6.43034
6.42207
5.47756
0.454257
-6.89085
-10.5757
-11.082
-5.57449
-17.9884
7.38136
-0.312177
-1.08197
1.47112
6.78506
7.79672
1.17273
13.3551
7.43639
-19.1278
-17.0197
-1.15346
6.68401
-3.83414
-16.3209
8.40704
-25.5377
16.9197
-12.7719
-1.92036
1.43152
5.31804
3.55755
2.88296
-4.10317
-20.5934
7.33438
25.9323
-0.71916
-10.0909
-0.60394
8.69356
-9.1837
-1.6941
5.35921
2.2889
7.96562
6.56811
4.06058
-5.92415
4.66344
2.21114
1.43911
-3.13618
5.62846
12.7279
-1.62638
-1.61049
-7.92978
-7.68953
5.49194
-12.8194
6.1397
-2.01087
-8.28826
-6.94682
7.87366
9.02542
-4.9356
-11.5866
6.66316
7.44906
-10.8804
-12.0117
-17.0815
-3.13666
-8.17667
11.807
-1.756
11.2398
2.97996
-5.56154
6.021
-17.8383
-18.314
-10.8386
8.3707
1.34097
11.9806
13.69
17.4859
6.89216
-6.3292
1.86381
4.74963
-10.9986
4.78761
-9.60049
-10.5955
3.00313
10.5188
-2.65429
13.1133
-1.14402
-11.9413
-0.731625
3.23505
-13.1847
-13.2078
-2.73617
-15.3296
-1.30619
-5.97192
1.31598
5.37813
7.96545
9.15426
7.4894
2.70546
-12.5628
-9.83802
-25.3947
-11.8703
1.36831
4.44672
7.17062
4.75529
4.3255
1.01238
5.71894
-8.75829
9.39577
-4.20359
-12.5328
-2.58115
-6.79074
-9.46916
7.3687
10.1961
-7.00704
8.83768
2.228
0.195505
-4.90487
-0.480949
-5.97507
8.39297
-0.334156
-10.6667
-4.84504
8.24392
17.4033
17.0602
10.1979
16.5015
-2.48068
-0.608797
-30.9809
13.6164
-8.67421
1.1962
7.53973
2.36792
11.0212
-8.84213
2.48212
-8.2012
-8.92524
-16.2588
4.297
16.7345
-0.521559
-13.5022
6.66221
4.1284
-6.55145
-12.06
-7.23792
1.02501
-9.8407
-0.744212
-12.7194
-18.7225
-6.1483
-3.22945
16.6194
6.45853
-6.32953
6.93155
6.94518
4.03244
-5.34903
3.82581
6.89957
4.37395
-4.52985
1.86095
7.59217
-8.73301
13.7551
-6.6292
-1.6897
-7.91336
10.1242
19.4545
-5.26756
-7.05221
7.96535
0.896963
-0.41573
0.702953
10.1377
-8.82872
18.0843
-10.7559
9.76775
-21.3717
-13.8894
10.02
7.86029
-15.3501
-13.0522
-4.81709
-1.46988
1.09637
6.23798
-0.117222
9.20202
1.74739
9.65194
14.8815
-15.8511
8.82126
-7.50382
-6.89296
-4.61925
-3.5659
2.01096
-1.06241
-4.34989
2.63515
-24.8744
10.2826
7.04688
-0.188857
-3.06026
8.93448
-5.45424
0.214506
-8.45222
8.19701
-15.8577
6.44949
4.06493
1.17067
8.69588
-0.484637
1.19119
1.12782
-12.9343
5.17975
-8.78024
-2.57088
-7.46273
-0.871602
-10.5891
7.14973
-0.339836
-0.427738
11.0657
10.9178
-8.90829
6.67134
-10.2321
12.4911
-0.895193
-9.10801
-8.86153
-8.52106
-32.1681
7.38401
-0.659004
-3.44638
4.37925
-6.21891
9.63079
12.3503
0.367978
10.4456
-1.37451
-14.4202
0.822952
-14.352
18.5627
11.5026
10.5375
-8.43085
-8.96161
-3.19806
10.2383
10.3598
9.98382
-17.305
1.82723
-3.8704
-18.6686
26.006
-7.19118
-3.51451
-2.29974
17.3717
-9.41203
4.80423
-10.958
-0.507841
8.25224
16.862
27.1389
-1.72617
-12.5098
6.79161
-10.632
1.54345
-18.1943
0.997828
-3.2417
-0.845296
16.1956
-6.10907
-1.35897
-8.66815
2.76537
11.1078
-7.19065
-6.27422
16.6953
9.58759
1.25286
0.508583
-4.83166
-8.58038
-8.17873
4.43072
-8.06104
-2.01886
7.38844
15.2638
7.47098
-10.3247
3.59256
-6.94577
-29.5965
-10.795
7.31198
2.30655
6.29628
-5.09529
9.91324
-21.0539
-1.43762
-0.720126
-3.09965
-0.240807
16.0629
6.15486
-4.994
0.870795
0.0395936
10.9465
-11.8335
-5.48187
-10.6779
7.38502
-6.43049
-1.73607
-6.5799
