-0.406456
1.69052
0.796276
0.261478
-1.19635
-1.21357
-1.62204
1.40485
0.277204
0.787641
-1.437
1.505
1.1474
-0.974874
-1.01283
-1.10986
-0.7269
0.194666
-0.131384
-0.790757
0.333738
-1.33272
-0.666049
-0.556448
-0.0402748
0.823902
-0.951733
-0.0183415
0.44659
-1.51007
0.182329
-1.16556
-1.45986
1.67986
1.7378
1.11818
-0.539717
-1.39759
0.796775
-0.219423
-1.36909
0.127901
-1.5465
1.33901
-0.929905
0.467863
-0.593373
0.187338
0.0700591
-1.10319
1.727
1.00976
1.59221
1.32264
0.339422
1.49662
-1.26856
-0.98961
-1.45815
-0.745198
-0.445868
-0.706882
1.23583
-0.389654
-0.811877
0.15621
-1.21251
1.15855
-1.543
1.80049
0.780272
-0.911089
-1.74474
1.04202
0.743817
1.00028
0.79301
-1.49346
-0.531235
-1.25336
1.06375
0.369988
-0.671635
-1.43278
-0.796891
-0.5359
0.754555
0.365104
1.49512
-0.0396398
-1.18534
0.789039
0.929617
0.293209
0.956574
0.0286486
0.0510637
-0.138565
-1.70193
-1.34726
-1.58191
0.323099
-0.711771
-0.0499101
1.44833
-1.03063
-0.278379
0.896659
-1.07152
-1.52217
-0.861844
-1.16056
1.40791
1.08313
0.296059
1.07955
0.945858
-1.01601
1.27111
0.03592
1.14153
1.40909
-0.675411
-1.52698
-0.733646
-0.162077
1.17458
1.11409
-1.67272
0.196467
-0.251638
-0.845841
-1.35074
-0.654054
1.56365
-0.546422
0.109675
0.70743
-0.46464
1.69839
1.59919
-0.974015
0.0548044
-0.642729
-0.642109
-1.48187
0.348332
-0.0620217
-1.59251
-0.655012
1.38344
-0.834075
-1.25437
-0.0181041
1.53506
-1.02443
0.610294
0.978676
-0.873463
0.824789
-0.501139
0.441295
0.407287
0.150962
-1.51036
1.24442
-0.648704
-1.07218
-1.66649
0.267384
0.647234
-1.63404
-0.0470128
-0.924774
0.472297
-0.989625
0.813462
-0.380176
1.43375
-1.26588
-0.46544
-1.37225
1.3864
1.21474
-0.74627
0.531345
1.0974
0.262164
0.117165
-0.94129
-1.37115
1.49352
1.58408
0.499573
-0.511008
-0.565639
0.869537
1.16063
1.30449
0.844275
0.568667
-1.47111
-1.05549
1.46468
0.322397
-1.74456
-1.33192
0.470374
-1.80975
-1.08153
0.203805
0.50514
0.623849
-0.956371
0.68798
-0.853186
-0.608605
0.808041
0.591756
1.25533
0.56689
0.163454
-1.42676
-0.436784
-0.885175
-1.05567
1.55459
-0.412279
1.43279
0.329015
1.11318
0.0886893
0.309639
0.0721402
-1.05833
0.729526
-0.787485
-1.63119
0.490512
-1.15996
1.56707
1.45726
1.46855
-0.393675
-1.6027
1.49546
-0.16393
1.58974
1.74986
1.07968
-0.777201
-0.468941
1.28945
-0.671369
-1.17935
0.272979
1.6749
0.752289
0.121141
-1.55124
0.268731
1.70948
-1.37337
0.0174763
1.18961
0.92217
0.678342
0.658057
-0.401558
-0.840291
1.02821
1.05806
1.39411
1.46001
0.192125
-0.184631
0.990739
0.661735
0.596595
0.954579
1.47644
-0.555206
-0.426005
-1.33314
0.346133
-1.52052
-0.205569
0.0974401
-0.775054
0.250703
-1.46308
-1.76257
1.22804
-0.406588
-1.30417
0.0314716
0.895387
-1.10976
0.509153
-1.52008
-1.60469
0.090247
0.00664382
0.507245
0.647454
1.86337
0.0834414
-0.504695
0.970562
-0.79424
-0.162803
-1.3239
-1.54396
1.59593
0.962714
0.707748
-0.348526
-1.09315
-1.24017
-0.795299
0.148824
0.810959
0.386139
-0.72477
1.67153
0.870205
0.120541
0.548938
-0.30713
-0.758153
-0.382171
0.92287
-1.63141
-1.19285
-1.68912
-1.51113
1.26112
0.86422
-0.0396479
-1.37596
-0.059191
-0.212617
-1.17845
-0.277408
-0.266752
0.512676
0.607573
-1.52041
-0.496116
0.47603
-0.0327166
1.08698
0.480757
-1.19045
-1.46534
0.547559
-1.76393
0.336379
1.54029
0.0784154
-0.427933
0.623566
-0.109007
0.204828
1.37417
-0.393936
1.61687
1.32439
-1.11332
-1.33605
-1.49118
-1.71216
-1.51906
0.593691
-1.26985
-0.573964
1.27587
-1.73641
1.12214
-0.607799
-1.41445
0.761367
0.335944
1.18497
0.850147
1.15352
-0.65836
-1.2504
0.973716
1.12633
1.65394
-0.500022
-0.616418
0.997751
-0.701691
1.61026
1.34083
-0.222984
1.0015
0.894168
-1.28169
1.32707
-0.0132175
1.0986
-0.526492
1.27717
-0.317252
-1.70267
1.35915
-1.3027
-0.710592
1.63986
1.67098
0.181926
0.484031
-0.122596
-0.770908
-0.714512
0.57973
0.837771
0.966192
1.03626
-1.46969
0.0194474
-1.56149
0.206308
-0.265455
1.15144
-0.597695
-1.33992
-1.15616
0.752022
0.332316
-1.41401
-1.50405
0.645029
-1.49984
1.07693
0.794601
-1.59632
-1.37359
1.72458
-0.225603
-0.418814
1.24218
1.51943
1.77482
0.868958
-0.47981
-1.39375
0.784131
0.245703
-0.326689
1.31728
-1.18811
0.169414
-1.74489
-0.122351
-1.44705
-1.36569
-1.18539
0.646224
0.815807
0.300666
1.73282
-0.30216
-0.649728
1.33473
-0.969994
1.48365
-1.59026
1.64331
-1.65172
1.36394
-0.00456293
1.75654
-1.36603
0.30014
1.65788
0.0813147
0.525937
0.724144
-0.0771644
0.461163
0.444722
1.29505
-1.5836
-0.768225
1.41417
1.40952
-0.123585
0.572307
-0.824194
-1.07793
-0.227133
-0.463895
0.160635
-1.27601
1.56936
1.65042
0.857316
0.0881347
-0.564751
0.929602
0.566632
-1.05327
1.48262
1.06944
1.37245
0.820891
0.490899
-0.199474
1.65295
1.43208
-1.57388
-1.66975
-0.377218
0.911748
1.76455
-1.15811
0.492036
-0.421805
1.675
1.17568
1.0546
-0.217247
-0.351726
-0.899574
-1.6661
1.1334
1.24754
1.8025
1.65128
0.0502904
0.993097
1.50384
1.30152
-0.873798
-0.243129
-1.16996
1.67624
0.354295
-0.9521
0.616272
0.406708
-0.365428
-1.4485
0.612996
0.052813
0.915905
0.147469
1.24286
0.146247
0.155536
1.19385
-0.374808
-1.35531
-1.80211
0.932655
0.371192
0.801848
-1.17774
-1.27764
-1.70544
-0.501818
0.42614
-0.43316
-0.19926
1.24946
-0.597653
0.000993024
0.963402
-0.540417
0.351914
1.30001
1.6213
-1.38503
1.61604
-0.106122
-0.865292
-0.168335
1.83556
0.0548721
-0.564086
0.530543
-0.861748
-1.54745
-1.26533
-1.13225
-1.05848
-1.19099
0.641234
-1.07607
-0.722813
1.33357
-0.266169
0.48931
-1.07847
-1.24025
-1.56188
-1.06364
-0.757306
-1.12788
-1.42847
-1.3858
-0.250918
-1.18906
-0.360291
-0.0792956
0.569646
-1.58703
0.994197
0.590784
-1.4439
1.424
1.40645
-1.50182
-0.651369
1.13518
0.821045
-1.0019
-1.04242
-0.329515
-0.0252608
0.426126
-0.538656
-0.140171
0.818297
-1.54765
-0.793423
0.792862
1.42953
0.116506
0.222845
-1.25119
-0.213895
-0.0591705
-0.826197
-0.927979
-0.307474
-1.74879
-0.649241
-1.02219
-0.610291
-1.37645
1.50481
0.42746
0.659302
0.915275
0.110629
-1.32251
0.19801
0.356876
0.876734
-0.219855
-1.3286
-0.804741
-0.462243
0.488554
0.104718
-0.554084
1.68855
0.313358
-0.999926
-1.58065
-1.27612
-0.887897
-1.10942
-0.952552
-0.846477
-1.01872
1.36487
-1.32234
0.0359003
-0.366169
1.79181
-1.40869
-0.450313
1.56615
1.43542
1.06659
-0.882241
-1.11214
0.72183
1.43991
0.100924
0.321373
-0.678668
0.939608
-1.06756
-0.69987
-0.205858
0.072362
-0.9128
-1.2622
0.416483
-0.695866
0.342058
-1.13953
-0.266371
0.0718566
-1.6232
-0.537164
-1.17802
-1.49231
1.72436
-0.677912
1.12586
-0.786806
0.545074
1.05679
0.354602
-0.161772
-0.337225
-0.44166
1.59108
1.1434
1.5718
-1.42685
0.922341
1.48197
-1.21149
-1.45533
0.858214
0.225898
1.15108
-1.38143
1.04136
-1.13058
-1.09903
-0.99552
0.98781
0.54608
0.0962033
-0.462765
1.26225
-0.395382
1.13116
-0.195926
-0.496316
-0.121119
-0.804975
0.986539
0.0939862
-1.0791
1.47568
-0.456619
0.315523
1.40867
0.464455
-1.20292
1.44423
0.324139
-0.54015
-1.26461
1.2351
0.356769
0.0704536
1.31729
1.02009
-1.26493
-0.678506
-0.920953
0.746684
-1.50386
0.240266
0.914986
1.3676
-0.637509
1.06374
-1.36869
1.19778
-1.22915
-0.26896
1.09288
-1.39401
-0.773494
0.963164
0.887888
0.574096
0.715035
-0.0578793
-0.988605
-0.434534
-1.03515
1.55976
0.387967
-0.401043
-0.0263961
1.55402
-1.15906
0.277493
0.06372
0.228755
-1.79197
1.21923
1.46506
0.123711
0.734089
1.44013
0.683057
-1.18705
0.386262
0.336125
-0.378089
0.783431
1.56939
1.61025
-0.349013
-1.52622
1.75667
1.08096
-1.38849
1.478
1.31596
0.0459415
0.269871
-0.263092
-1.39764
-0.581162
1.18325
-1.82043
-0.744075
-0.45731
0.113798
1.5789
-0.391652
-0.454448
0.888674
-0.127648
-0.931568
-0.22131
-1.3243
-0.995677
-0.0762058
-0.235342
1.57751
-0.51218
0.39406
0.545311
-1.74567
0.664712
-1.19755
1.6816
-1.23823
-0.411959
-1.43196
1.7241
-0.029757
0.398766
-1.55028
0.89847
-1.08028
1.26328
-1.0974
-1.10345
-1.58001
-0.0821278
0.2291
-1.66676
1.01775
-0.0155803
0.0375829
-0.27024
-0.404297
0.135864
-1.1637
-1.05249
1.19729
1.51367
-0.593031
-0.935474
0.439046
-0.142866
-1.73499
-1.22407
0.634274
0.558989
-1.48669
-0.900683
-0.7703
0.636936
-1.64548
-1.2566
1.0168
-1.14077
0.642378
-0.828511
-1.44494
-0.762424
0.780316
1.29474
1.1764
-0.224913
0.501792
-0.898491
-0.648693
1.42028
-1.83753
-1.52516
-0.849388
-1.67512
-0.943796
0.322759
-0.433668
1.29155
1.2139
-0.643989
-0.819147
-0.581696
0.250606
-0.761254
0.418559
-0.0802647
0.122288
-0.333627
-0.820929
1.51706
0.925173
-1.32932
1.26769
-0.190702
1.55374
1.07953
-0.322602
-1.76377
-0.849335
0.179681
0.454652
-0.833984
-1.31045
1.193
1.81593
-0.0686406
-0.98835
-0.754689
-1.67668
1.37799
-1.30369
0.416128
-0.635504
0.0796614
0.718788
1.27728
-1.0837
-1.81632
-1.27483
1.44278
1.3259
0.385855
0.498208
0.642904
-1.17006
1.48933
-0.229043
-0.47552
-0.0230752
-1.55669
-1.02803
0.711671
-1.28246
0.373049
-0.712725
-0.56274
-0.671966
-0.430476
0.879656
-0.622411
0.161512
-0.0652254
0.681207
1.40183
0.733415
-1.08901
-1.81409
-0.902474
0.372997
-1.63412
-0.0539298
0.347238
-0.42334
0.823477
-1.20164
-1.50864
0.789117
0.00417598
0.571153
-0.195003
-0.793552
1.1202
0.982585
0.814215
-0.792008
0.359606
-0.492005
-1.52222
1.48341
-1.33301
1.67674
-0.230268
-1.2552
0.00337285
1.34878
0.861184
1.192
0.451956
0.80069
1.17029
-0.881343
-0.192619
-0.845908
1.58904
1.52493
-1.6482
0.765959
1.25654
-1.1556
0.204931
1.31662
-1.52437
0.736024
-0.77733
1.45003
1.78701
1.43031
0.0046901
1.31162
1.12319
-0.708229
1.25359
-1.50182
0.285473
-1.08908
-1.37022
-1.60654
0.572757
-0.64595
0.622162
-1.49964
-0.579354
0.256156
0.953316
-0.622009
0.297087
1.33007
0.313404
-1.01406
-1.71578
1.22059
-1.70414
1.2481
-0.0246295
1.55373
1.05983
1.72582
-0.470467
0.802623
-0.400133
0.0134177
0.407134
1.36957
1.77993
0.843491
-0.225624
-0.362571
0.905903
-0.977939
-1.27536
-0.289154
-0.818001
-0.68646
-0.917693
-1.63184
-1.78937
1.65642
-0.418086
-0.42595
0.78679
-1.11006
1.5487
0.953226
-1.46508
-0.328254
1.21519
1.54406
-0.0692544
0.46787
-1.22885
1.66798
-0.885011
1.61609
0.576281
0.410136
0.04686
-1.11338
-0.942399
-0.991674
-1.08599
1.07322
-0.61547
-1.44632
1.74175
1.37394
1.49159
1.75877
-1.27805
-0.355324
0.910757
0.4929
-1.29973
1.13967
-1.08234
-1.12449
0.196324
0.342105
0.037288
-1.22566
1.40477
-0.79561
-1.38861
1.33644
1.66889
1.16327
1.18557
0.46954
0.0812183
-1.51824
-0.280539
-0.551036
-0.977617
0.618178
0.0510322
-1.46441
-1.02441
0.623639
-1.5677
1.22281
-0.0718776
-0.212885
0.371031
1.03553
-0.323904
0.867479
0.306234
-0.689336
1.33067
1.10425
0.50052
1.21993
1.34658
0.724179
1.14748
0.653966
0.640996
0.285133
0.901447
-1.14567
1.23311
1.11639
-1.66615
1.12836
-1.21378
-0.697268
0.942449
-1.30914
0.941269
1.19376
0.0704664
-1.6829
-0.770147
0.399003
1.81545
0.483045
-0.65967
0.502772
0.0934187
0.985265
-1.28203
0.909866
0.212765
1.40892
-0.559134
0.575014
1.63801
-1.3849
1.41652
0.603893
-1.49755
-0.804794
0.652136
-1.49891
0.19699
-0.607245
0.581662
-1.66466
1.19671
1.64826
1.46419
0.740292
-1.38772
0.773215
-1.61275
-1.81537
-0.605988
0.199834
0.898779
0.641662
-0.112486
-0.724131
1.61624
-0.390735
-0.264541
-1.27712
1.06369
0.63712
-0.835294
-1.54636
0.581899
0.45163
-0.838999
1.70569
-1.10238
-0.272144
1.65051
-0.187604
0.510267
-0.42477
-0.793169
1.55427
-0.184928
1.50463
-0.98294
-1.01311
-1.5975
0.568905
-0.600213
1.33199
-0.0917029
1.63497
-0.978023
1.41439
1.15094
0.919194
1.03567
0.885003
0.371837
-1.42237
-1.59738
1.60804
0.345257
0.949932
-0.0455864
-1.50747
-1.2519
0.618696
-0.374118
-0.998509
0.0270118
-1.39355
0.392178
-0.809371
1.17011
-0.803594
-0.237642
-1.86021
-1.6124
-0.439951
-0.184144
0.49463
-0.735998
0.651182
1.2798
1.06389
-1.61612
0.0740957
-1.33503
-0.871322
1.63544
-1.32839
-0.104191
0.322346
0.879816
0.162241
-1.84707
-0.627822
0.150732
-1.32902
-0.412811
-1.62063
-1.55319
-0.477957
-1.15589
0.408141
0.819709
1.14836
-1.09776
-1.14587
-1.29347
0.520024
0.633074
-1.65975
1.50753
-1.59077
0.177956
0.797119
1.34251
0.52775
1.01792
-0.399706
1.09291
-1.42581
1.42605
0.134937
1.08283
-0.135104
0.612128
0.144806
0.840172
-1.28564
-1.58284
-0.845504
-1.18143
1.4359
-0.920271
1.75871
-0.514549
-1.24642
1.11325
0.40706
-0.015826
0.0706443
0.871618
-1.04713
1.69377
1.67661
0.52425
-1.08644
0.554061
-1.47644
-1.78432
-0.731863
-0.101685
1.36179
0.630609
0.775962
-0.316186
-0.646254
-0.3643
1.79227
-1.61361
1.30355
0.268602
-0.177888
0.861423
-0.245292
1.27608
1.50764
-0.295658
-0.827531
0.439133
1.4924
-1.04291
0.339323
0.370546
0.632312
-1.3691
0.734679
1.5513
-0.98307
-0.997724
1.7058
-1.09316
1.2262
0.0182139
-0.760067
1.05994
-0.210048
-0.0394338
-0.573024
0.236329
-1.29766
-0.286226
1.51397
-0.866624
0.601594
-0.391224
0.987501
-1.38155
1.75614
-0.0431645
-1.14302
-1.37131
-1.26925
0.155509
-0.405886
1.09122
-0.156343
-0.912326
0.347276
0.864165
-1.16135
-1.14457
-1.57606
0.791089
0.574821
-0.0876189
1.26308
1.06839
0.341172
1.26469
-1.10531
-1.43021
-0.70485
-1.56699
0.202225
1.40766
-1.62465
-1.23935
-0.185409
1.34799
-0.512199
0.0238729
-1.54452
-1.24585
1.59274
1.6055
-1.63333
1.60745
0.475468
1.17223
-0.142636
-0.0875301
-0.109111
0.654406
-1.17829
-1.71985
-0.60457
0.785391
-0.911228
0.575878
1.49203
-1.40671
0.780716
-0.200454
1.22993
-1.20673
0.715832
1.09738
1.47822
0.687401
0.0557202
0.495277
1.29979
0.304608
-1.56324
1.46477
0.746813
0.552654
-1.10175
0.549495
-0.365042
0.483399
-1.44339
0.613822
1.6888
-1.74589
1.60254
-0.207733
1.28761
0.937043
0.134901
0.763664
1.38394
-0.480857
-0.522779
0.68182
1.07533
0.999623
1.13969
-0.124615
0.964939
-1.36569
0.106998
-1.65193
-0.522085
-0.666342
-0.425764
0.618755
-0.421968
-0.303393
-0.717431
-0.583904
-1.02583
-1.48827
0.264297
0.627288
0.523066
-0.251799
-0.435316
1.12265
-0.145273
-0.0512183
-1.79945
-0.628335
-0.543392
-0.312491
0.25219
0.148271
0.355583
1.06437
0.989498
0.835916
1.51399
-1.82545
-1.06614
-1.82271
0.575889
1.42771
-0.989194
1.47115
-1.47007
1.4476
-0.466294
-1.41374
0.120418
-0.883703
-0.756447
-0.780124
0.956224
-0.03391
-0.608552
0.369612
0.706332
-0.668487
-0.280479
-1.21254
-1.15955
0.565936
-1.20637
-0.0982595
0.664577
-1.27149
0.277746
-0.837973
1.5976
0.0447894
1.04675
0.219522
-1.53456
0.361316
1.6385
0.381168
1.20837
1.40083
-0.924217
-0.887538
0.346349
-0.349592
1.17032
1.36728
-0.588367
-0.848366
0.940783
-0.730233
1.10472
-0.203374
0.440117
-1.31281
0.330248
-0.268318
0.263411
-1.25499
0.858374
1.07844
-0.899222
-1.50699
-1.61432
0.506458
0.331662
0.325118
-0.82143
-0.327913
0.511682
0.114791
1.79331
-1.37794
0.631264
-0.170892
-0.247258
0.784202
0.542331
1.68949
-1.50528
-1.38549
0.877499
0.13391
-0.867232
-1.45124
-1.26267
1.53691
-1.00152
-0.607784
-1.01437
-0.280007
-1.34891
0.0977393
-1.5812
1.12566
-0.93259
0.163456
1.29712
0.510843
0.00835723
-0.660509
-0.496146
0.633323
1.77255
0.542554
0.0865271
0.652925
-0.219835
-1.60203
0.241507
1.5065
-1.0745
0.763783
-1.08517
0.143661
-1.40908
-0.261097
0.812199
-0.641614
0.57403
1.08933
1.58355
-0.831641
-0.341329
-1.20099
1.80996
1.45354
0.271706
1.20239
0.133133
0.579034
-1.56892
0.975398
-1.34971
1.10977
0.988069
0.592997
-1.74074
-0.598334
-0.828202
-0.430062
-1.53351
1.39445
0.128845
-0.636026
-0.120571
-0.0542768
0.345641
0.194178
1.56524
0.0516399
1.70322
1.30734
-0.918577
1.45902
-1.32834
1.25064
-0.364407
1.51897
1.2672
1.23302
0.878892
-0.877356
-1.54638
-0.237281
-1.07246
0.739571
-0.626465
1.69311
0.546788
1.24223
-1.2383
1.31524
1.35444
-0.0869927
0.399873
0.831981
-1.17225
0.126286
-0.234733
-1.24782
-0.354568
-1.53213
-1.7457
-1.22009
1.68684
0.214862
1.56172
-0.249328
-0.566717
0.178136
-0.0860715
-1.19132
0.649155
-0.990878
0.464685
0.584016
-1.1463
-1.41076
0.944487
-0.139834
-1.76825
1.80115
-1.44514
0.752667
1.66944
-0.878279
-1.1423
-1.25313
-0.747749
-1.36972
0.600659
-1.53093
-0.0177878
1.75696
1.14625
0.468875
-0.460676
0.277968
0.0999535
-0.323747
-1.20859
1.28298
-0.215115
-1.02687
-0.579636
-0.273347
1.04447
0.765448
0.968209
-1.77024
-0.309572
-0.0715549
-1.7853
-0.91713
0.859667
-1.32955
0.154518
-0.876663
-1.68848
-0.933897
1.8759
1.08245
1.50119
-0.208639
-1.39257
0.267969
-0.289143
1.31386
-1.30419
0.138299
-1.3173
-0.523101
0.777211
-0.194076
-0.566453
-0.240885
-0.137798
1.0634
1.36067
1.52965
0.962985
-0.625402
0.801993
-0.241148
-0.793588
1.23894
-1.6791
1.54745
-0.166482
0.514454
0.442339
1.37821
0.418283
0.351163
-1.3307
-0.0480788
-1.28339
0.686038
0.0778049
0.529528
-1.48159
-1.57442
0.606498
-1.37103
-1.50493
-1.57988
1.4752
0.853974
-0.60692
-0.793951
-0.492977
1.02546
0.652182
-1.1556
-1.17037
-1.43015
0.57608
0.861133
-0.823788
-1.69454
-1.57028
1.65613
-0.766247
0.980046
0.633452
-0.315617
-0.973075
-1.38402
0.286601
0.913349
0.5621
-0.000450253
-1.53421
1.59999
1.07988
-0.601274
1.62489
0.422673
0.169506
0.960882
1.09881
0.441086
-1.34417
-0.685872
1.57507
-1.04082
-0.473609
-0.210678
-0.238091
0.514162
1.62449
-0.825391
-1.21495
-1.14947
1.29399
0.606094
-0.744445
0.924194
1.27775
1.19818
1.3803
-0.865647
0.910043
-0.0515581
1.09167
0.765693
0.83907
0.407183
-1.08535
0.146733
1.90139
1.39029
-1.71018
-1.12578
-1.24076
0.886725
1.22979
-0.980816
-0.0576611
1.27206
0.73439
0.0538091
0.194353
0.0862274
-0.837205
0.272535
0.619861
1.13128
0.581642
0.881779
-1.15568
0.0173836
-1.81934
-0.95764
0.785846
1.68966
-1.33781
-0.542922
1.11171
-1.15625
0.0627554
0.82961
0.268189
-1.24045
-0.439858
0.977112
-0.0487272
-1.69967
0.76173
-1.72917
0.853387
-1.08438
1.60196
-0.455249
-0.491448
-1.29241
-0.715388
1.37618
1.65334
-0.509992
-0.0719563
0.800662
1.3293
0.194955
-0.52024
-0.120486
0.907989
-1.83534
0.294423
-0.503298
1.05064
-1.48119
0.239044
-0.178515
0.622818
-1.46502
0.179419
0.223231
0.345039
0.395288
0.737986
0.865125
-0.68398
1.15322
-0.0883079
-1.49965
-1.43286
-0.590275
0.957088
0.735572
1.04326
0.0657688
-0.367016
-1.32357
-0.531963
-0.159928
-1.35919
-0.823246
0.312995
0.752284
1.78823
1.41243
0.382553
-0.183908
0.444085
0.90026
-1.42113
-0.278987
1.28649
-0.355311
0.379526
0.362331
-1.16354
-0.714818
-0.59233
-1.66761
-1.60931
1.11268
-0.822527
-0.109916
-0.715589
1.62057
-0.909404
-0.093995
1.1206
1.18956
-1.15544
0.985995
-0.0299756
-0.178172
-1.24629
-1.44291
0.812278
0.0751318
-0.380666
1.00078
1.0067
-1.14161
0.525134
-1.4059
0.893279
0.508654
1.64427
-1.43225
-1.59348
-0.722583
-0.769913
-0.849915
1.5323
-0.767754
-0.913618
0.762604
-0.256986
1.06467
-1.61304
-0.017699
-1.70865
-1.58682
1.53608
-1.27539
0.059275
-0.160274
-0.449876
1.44107
-1.64729
0.585404
1.62074
0.0808597
1.45958
-1.54303
-0.13435
-1.05663
0.819912
1.62921
-0.714316
0.448589
-0.896466
0.35829
-0.084769
1.63286
0.404332
-0.544795
-1.35063
-1.20096
-1.10346
-0.797642
1.29644
0.206984
0.115323
-1.29855
1.23755
0.686516
-1.62154
0.722865
0.158402
-1.43122
-0.166662
-0.101602
-1.07019
1.63469
1.29776
0.585008
-0.21821
-0.363972
0.419289
0.211541
-1.50474
0.184401
1.05549
-0.190267
-1.52418
1.04503
-1.1178
-0.856716
-1.19361
-0.580012
0.86062
0.147618
-1.05476
1.38693
1.23862
1.42976
-0.930114
-0.129865
1.57541
1.06965
-1.7226
-1.55078
-0.0522204
1.45585
0.0264769
-0.121583
-1.33428
0.590426
1.00482
-0.525962
0.97694
1.71298
-1.01479
0.0616319
-0.78284
1.16363
0.241787
0.684824
0.954305
-0.220256
1.47603
0.0160584
-1.18096
0.841794
1.00696
-0.643228
1.21799
1.53846
-0.864882
1.71443
-1.13897
-1.13012
-1.12421
1.49193
0.69611
-1.13964
-0.168537
0.309512
-1.43206
1.27631
1.01179
-0.0526063
1.73788
-0.311332
1.62088
0.539928
0.389351
-1.20373
1.38922
-0.200599
-1.29387
-1.62725
0.320835
0.128763
0.848425
1.21176
-1.54357
0.787374
-0.899602
1.27266
0.997682
0.0842066
0.639132
-0.687171
-0.169495
1.14377
-0.210695
-0.504011
-0.0939335
1.0649
-0.4635
-1.13357
0.62535
1.14562
-1.28919
-0.831759
-1.35166
-0.612227
-0.0832406
0.769635
0.500533
0.474785
-0.658505
1.28899
-0.0214989
1.59733
0.305681
-1.33624
0.585034
-0.73055
0.462742
-1.41442
-1.1746
1.09083
-0.788622
1.15933
-0.788089
0.419453
0.648482
0.182613
-0.601437
-0.96944
-1.72169
-0.724727
0.62261
1.39356
1.39547
1.00566
1.00643
0.558139
-0.91077
1.52016
0.64533
0.244041
-1.41762
-0.221062
-0.104569
1.28306
0.287595
-0.437586
1.50166
-1.18173
-0.198726
-1.49046
0.897168
1.58603
-0.67288
1.21636
-0.660234
1.31821
0.980968
1.08957
-1.5533
1.56033
0.695044
-0.797663
1.11952
-0.829383
1.27843
-1.47063
0.837629
0.0468896
-1.32261
-0.837496
-1.74207
-0.138583
-0.711216
0.217237
-0.783308
-0.745725
0.807059
-1.4939
1.53793
1.23205
0.54595
0.261606
1.48173
-1.19973
-1.42842
-1.09042
1.06212
-1.63629
0.37998
1.74366
1.13981
-0.101085
-1.66739
1.20925
0.494134
-1.31325
-1.34134
1.4356
0.602482
1.20675
1.48864
0.218203
0.00570243
-0.0687844
-0.733488
-0.245244
0.877374
0.3451
1.40453
-0.191858
0.375843
0.300943
0.359161
0.689661
-0.916407
0.0628955
-1.36793
-0.431675
-0.177679
0.368189
1.52876
0.475344
0.812387
0.00854606
0.578371
-1.36442
-0.741431
-0.404338
-0.178297
-1.59769
-1.06416
-0.915518
1.79133
-0.586833
-0.13038
-0.959549
0.509543
-0.904546
-1.05608
0.135498
-1.76842
-1.63953
-0.960731
-1.63177
-1.3201
-0.472595
0.890574
0.169779
-0.15451
-0.59716
1.6328
-0.236169
-1.36485
0.513271
-1.30307
-0.65804
0.119908
1.14097
-0.0736552
0.777367
1.53558
-1.38835
-0.690193
-0.548171
-0.355093
-0.472391
1.50454
0.606315
0.396249
-0.627744
1.26321
1.73138
1.09916
-1.86736
0.330447
-1.78836
-0.821739
-1.64976
0.476884
0.577674
-1.27887
-0.5986
-0.267253
-0.459909
-1.37783
-0.358588
0.917747
-1.51205
-1.51613
-0.357052
1.51321
0.440798
0.72838
-0.380392
0.353891
-1.63243
0.614279
1.45195
0.264571
1.18145
0.831624
-1.3721
1.55318
-1.54481
0.081049
-1.2959
-1.66943
-0.306952
-0.896934
0.0690253
0.264457
-1.47078
-1.45682
0.0838237
-0.566843
0.873694
0.480342
1.23517
0.76085
-0.211893
0.605953
-0.818117
-0.628997
0.905859
-0.202779
1.17234
1.21081
1.18173
1.44512
-0.245505
-0.809547
0.220771
-0.470107
0.423575
0.727562
0.530722
-0.577047
-1.20715
-0.101848
-1.36467
1.3938
-0.543695
-1.16794
-1.63692
0.679221
0.506931
-0.507853
-1.60088
-0.284044
-0.569195
0.710689
0.440423
-0.579973
-0.758469
1.8214
-0.302632
0.693385
-1.25195
0.00960113
-1.59253
-0.0158921
1.71136
-0.633022
-1.60446
-1.63206
-0.364015
-1.08253
-1.67804
0.776775
-0.152658
-0.583356
1.45806
-1.27406
1.61626
-0.670893
1.42022
0.315868
1.2163
1.61818
-0.657525
1.54869
-0.41276
-0.418287
-0.528167
0.133835
-1.1408
0.275432
0.0783555
0.770841
1.1569
-0.226147
-0.67512
-0.707449
-1.12596
-1.63108
-0.501937
-0.969738
1.61318
0.266023
-0.527233
0.180692
-1.25578
-0.213956
0.519448
-0.0934677
-0.265983
1.57751
1.36737
0.514687
0.227269
0.511572
-1.00209
-0.27558
-1.51312
-0.0805836
0.161396
-0.93117
1.62478
1.41435
0.882391
0.103428
1.34048
-1.28651
1.12124
-1.32372
0.882651
-0.675795
1.12861
1.62496
-1.29999
-0.19756
1.8138
0.0421632
1.3393
0.249124
-0.559201
-0.815179
-1.09965
0.883174
-0.39137
0.100262
-0.0597911
0.412826
1.2963
1.86379
-0.367984
1.26805
0.844531
0.307935
1.64696
-1.05356
-1.40246
1.26845
-0.0571268
1.21999
1.37814
-1.41125
1.39339
-0.13835
0.0343517
0.414578
1.53072
-1.58345
-0.0089833
0.692078
0.855061
0.569787
-1.28458
-0.797679
-0.563353
0.928168
-0.80136
-0.910499
1.64532
-1.82831
1.62024
0.564376
1.03029
-0.793938
-1.57401
0.788063
1.34654
0.657022
-1.31507
0.982311
0.867854
0.500671
0.778722
1.18604
0.28189
-1.50246
-0.159127
-1.30053
-0.359312
-0.45567
-1.51103
-0.480275
-1.40083
0.92965
1.40013
-1.49053
1.59909
-0.0158713
-0.641039
-1.56227
0.0899657
0.907605
0.600208
-1.41688
-1.55724
-0.26395
-0.448014
-0.81551
-0.812782
1.08991
1.51473
-0.288745
1.3009
-0.643417
-0.264971
-0.848746
0.447343
1.58032
0.402743
-0.359711
0.458072
-1.32079
1.30945
0.0149509
-0.149124
0.399575
0.299197
-1.48228
0.74626
-0.841082
0.83478
1.27701
0.876194
0.14464
-0.0130486
-1.32111
0.973728
-0.814043
-0.0674728
-0.66241
-1.12247
0.566101
-1.5971
0.830115
-0.576767
-1.66629
-0.0302224
-1.5364
-0.804484
0.918516
-1.44326
1.3311
-1.70333
-1.02934
1.01425
-0.716238
-1.43259
-0.494662
-0.669313
1.06792
-0.639364
1.10407
1.34284
-0.0987114
1.37052
-0.447575
1.53539
-1.41491
0.641397
-0.0959331
-0.265241
0.214381
0.795197
-1.64845
-1.26695
0.62701
0.679359
1.50565
0.849217
1.51339
0.70818
-0.889256
-1.39313
1.05423
0.502841
-1.70321
-0.52328
1.66051
-0.139248
-0.187191
-0.160911
-1.08435
-0.296246
-0.619957
-1.53465
0.945871
-0.148544
1.00834
1.13155
-1.16698
0.549998
-0.0969342
1.41624
-0.819784
0.665009
0.474774
-0.787958
-1.38827
0.323355
0.949366
-0.717636
0.477868
-0.381572
0.785659
-1.13023
1.39825
-0.725077
-0.641577
-1.39622
-1.45686
0.121231
-0.76876
1.28293
-1.5775
-0.488764
-0.580327
-1.75582
-1.24372
-0.311237
-0.0446571
-0.454913
0.277516
0.229026
-1.65851
-0.178038
1.66631
-0.0887483
0.478809
-0.656336
1.03481
0.834069
0.150072
1.56076
-1.31959
-1.50136
1.02598
1.1211
-1.40617
-0.891134
-1.80137
-0.568057
0.949364
0.222254
-0.432941
-0.444709
-1.63614
-0.739123
0.605258
1.79255
1.11735
-1.7188
1.3001
0.962288
1.00658
-0.264359
-0.260768
-0.610906
-1.50141
-0.735503
-0.938476
-0.134437
0.804112
-0.0764939
-1.53835
1.65014
1.52183
1.13709
1.80961
0.243184
1.67286
-1.64895
-0.47679
-0.976247
-0.941814
-1.15071
0.457024
0.97916
0.2811
-1.13653
1.18801
0.393614
-0.35567
0.559257
-1.02861
-0.417633
1.51303
-0.818774
-0.197008
1.29513
0.594812
-1.71443
-1.4268
-1.62687
0.318191
-0.123011
-1.3343
1.64789
-0.0564888
-0.772134
0.114543
0.589388
-1.61115
-0.839781
0.991557
-0.128295
0.255177
-0.234036
-1.50861
-1.19931
-0.0718012
-1.00969
-1.64627
1.28531
1.54322
0.933384
1.34357
-0.866473
1.50192
-1.14564
1.70631
1.67221
0.7896
1.57808
0.175092
-0.846833
-0.23072
0.275916
-1.58032
0.626979
1.81029
-0.947801
0.926693
1.4757
1.41603
1.4667
-0.0983714
1.52331
1.00141
-1.20234
-0.00426633
0.762449
-0.813157
0.446522
0.666716
-1.05142
0.139022
0.875629
0.103858
-1.89064
-1.78418
-0.377069
1.34106
-0.955709
0.375993
-0.834021
-0.687919
1.02305
0.630319
-1.4441
-0.325722
-1.73899
-0.0656894
0.608576
-1.14771
-0.656097
-0.491086
1.46573
1.85559
-1.67539
0.979351
-0.38147
-0.473764
0.999683
1.37783
1.44057
0.326534
-0.583126
1.00184
-0.93476
0.168126
-0.596936
0.418344
-0.960084
-1.1639
1.36745
-1.44159
-0.0209222
-0.866614
-1.63996
-1.67496
-1.10873
1.15662
-0.710447
1.65164
0.21591
-0.254358
0.409084
0.120691
0.954887
-0.583339
-0.581692
1.29036
1.63215
1.40542
-0.251107
1.00055
-0.124637
0.0138557
-1.11758
0.178463
-1.24308
-0.640727
1.29452
-1.00413
-1.56876
-1.45252
1.53802
-0.0558154
-0.370205
1.24754
1.28801
-0.737388
0.785667
0.904837
0.420579
-1.16221
1.40144
-0.0374111
-0.870882
-0.421035
-1.71063
-1.2094
0.890446
-1.67792
-0.177577
0.177528
-1.48981
1.8501
-0.899168
-0.649656
-0.783315
-1.11227
-1.58869
0.625873
1.77569
-1.00116
0.470975
0.747146
1.14916
-0.20008
-0.531386
-0.576863
0.601785
1.20355
-1.16751
-0.366974
1.48385
0.89742
1.8683
0.923494
-0.307854
0.299942
0.642638
-1.47083
0.264263
0.757454
-1.14546
1.07603
0.315251
1.41517
-1.77721
-0.928618
0.374969
-0.666872
0.783776
0.877337
-1.26544
-0.132076
-0.0482815
-0.495633
1.489
1.04349
0.815409
0.659285
0.0858338
1.55705
0.691892
0.634406
1.32588
-0.671536
0.981883
-1.09439
-0.501131
-0.44295
1.61524
1.22926
0.651056
0.893246
0.282801
1.66178
-0.0644957
-0.3485
-1.31553
1.01257
0.729318
-0.671341
-1.64323
1.07043
-1.87881
0.5858
1.66008
-0.25865
-0.753946
0.66819
1.0509
0.248898
1.54163
-1.63433
0.212888
0.635658
1.15475
-1.13797
1.09363
0.179324
-0.436904
-1.38443
1.21505
-1.29198
-0.726052
-0.839541
1.33665
0.802631
1.02265
-1.03429
0.602102
0.132918
1.35925
1.33552
-1.67118
0.727414
-1.63331
0.0594552
-0.747834
-0.606988
-0.500163
0.424477
-0.512789
0.737628
-0.199818
-1.48401
0.963235
-0.773224
-0.288918
0.68765
-0.428906
-1.47105
-0.212851
1.73102
0.603711
0.520363
0.381042
-1.08925
-0.274007
0.85036
-1.30804
-0.840987
-0.65183
-0.16298
1.73963
-1.48779
0.0202617
-1.06359
1.48933
-1.24528
-0.144624
0.765638
0.737061
-0.259108
-0.680691
-0.269883
-0.8573
-1.08034
-0.0931311
-0.915675
-0.809779
0.69165
1.75761
0.424041
-1.65759
-1.51588
1.53574
-0.585841
-1.44327
0.459006
0.410293
0.660004
-0.732079
-1.54086
1.62088
-1.07331
0.464842
0.847301
0.415278
-0.613189
-0.753194
0.398377
1.30544
1.58906
-1.36065
-1.29555
1.54794
0.7182
1.43003
-1.04178
0.255388
0.846682
0.70621
-0.322294
-1.78883
0.325481
-0.807752
-0.167389
1.62828
-0.304282
1.18027
-1.21809
0.480864
1.75259
-1.41235
-1.61362
-0.0672375
-1.25871
0.989355
1.64112
-0.4196
-0.773873
-0.208068
0.732831
-1.68277
0.272826
0.186126
0.4624
-0.813803
0.867537
-1.32858
-1.10076
1.38487
0.589066
-1.64127
-0.703121
-1.01453
-0.827485
-0.770891
-1.43081
-0.134769
0.811117
0.537931
0.710955
-1.48652
1.54142
1.31172
1.12862
1.02465
1.34594
0.174158
-0.924715
0.437752
0.834219
0.778101
0.0520074
-1.48857
-0.536885
1.63043
0.228142
0.152142
-0.695407
-0.44384
1.38885
0.556299
1.07523
-0.202718
0.548256
-0.95758
0.692764
-0.36017
-0.0779013
0.614962
1.50115
-1.66328
1.14328
-0.821922
-0.0175655
-1.67803
-0.665388
0.0747761
-1.55637
0.0218361
1.49375
-1.3008
1.07737
-0.274865
0.611126
-0.738516
-1.25762
-1.12974
-1.47339
-1.17656
0.592566
1.34538
1.15814
0.820446
-1.38201
-0.633633
-0.601622
-0.851626
0.0271034
0.12652
-0.566993
-0.555783
1.22344
0.873804
-0.694283
1.57281
1.61347
-0.797923
-0.725512
-0.0462891
1.55036
1.25005
-1.3961
-0.205772
0.124163
-0.122686
-0.966669
1.26562
0.492258
1.03171
1.33527
0.907326
-0.251118
0.281692
-1.05549
0.483004
-1.15505
0.676917
-1.07903
-1.44197
-1.06187
-1.71432
0.900576
0.796095
-0.0611489
-1.32075
-1.53018
-1.86029
-1.12718
1.55183
-0.99082
-0.487556
-1.27776
-1.00211
0.189423
0.254599
-0.740152
-1.60306
-0.386655
-0.944634
-0.837939
1.55396
0.517586
0.198356
-0.213081
-0.294635
0.108649
0.685589
0.722595
-1.24375
0.150708
-0.276231
1.33306
0.399311
0.097259
-1.27873
0.269638
-1.35269
-0.521886
-1.26862
0.835792
-1.0731
-0.453327
1.42026
-0.982859
0.0982767
-0.238476
-1.71148
1.05662
-1.47425
0.0303065
0.190448
0.384844
0.626131
-0.771753
-1.55056
0.869808
0.0321165
1.29405
1.05906
1.07593
-0.0976967
-0.481497
1.10713
-0.152979
-1.17475
1.39077
1.13866
-0.237144
-1.53362
-0.261967
1.08213
1.32769
-1.09131
-1.65503
1.25898
-0.277498
0.0788968
1.53807
-1.65763
0.572511
-1.30724
-0.379466
1.20564
-0.254993
1.78683
0.192841
-0.682645
-0.878731
-0.618472
-0.318723
-1.35963
-0.427411
-0.0981019
0.871573
0.594464
0.596779
-1.64113
-1.00475
0.619233
-0.181455
-1.76456
1.13122
0.932297
0.134552
-1.59573
0.939785
0.363239
1.11678
0.603791
1.16344
0.0841421
-1.19125
0.494669
0.417447
0.915194
-1.13646
-0.909383
1.33809
0.994969
1.59039
0.949315
0.258454
0.372498
1.3548
0.29371
0.34027
-1.1043
0.00110467
0.885291
-0.724905
-1.05607
-0.678376
-0.891858
-0.803864
-0.317381
1.35581
-0.059009
-1.13104
-1.59141
0.824291
-0.324529
1.23711
0.588772
1.18352
-0.774876
0.762488
-0.782282
1.54026
0.398438
-0.511202
-0.789502
-1.04479
0.466654
-1.06777
0.354718
-0.67459
0.527721
1.06574
1.00205
0.736124
-1.11819
-1.39251
0.723265
-0.374952
-0.307584
-1.67267
-0.815347
-1.45943
1.2292
-0.993963
0.347987
-1.63356
0.560936
-0.368419
1.46595
1.33578
-0.57041
1.54609
1.81506
1.21313
1.18237
-0.801365
0.306635
-1.40093
-1.30628
1.79574
-0.548733
0.85806
1.16986
1.12155
1.68792
-0.831177
-1.57787
-0.295887
-1.19166
-1.52172
-0.332664
1.09753
0.271574
-0.70892
0.514712
-1.0037
-1.85538
1.04799
0.513533
0.864312
-1.73196
1.37891
0.214997
0.0320024
0.448386
1.23772
0.213372
0.216728
1.67132
0.751658
-0.23574
0.812238
-0.463491
-0.865515
0.496116
1.54011
1.54692
-0.686418
0.091143
-1.05027
1.98381
1.71698
0.600551
0.985521
0.631951
0.242896
-1.61512
-0.150099
0.553181
0.557595
-0.484823
1.70875
-1.20427
-0.0327086
0.581742
0.672593
0.410792
-0.945709
-1.15529
0.489483
0.422823
-1.19979
0.620803
-0.234774
0.650786
1.01224
-1.33099
-1.67992
0.939452
0.624878
0.744639
1.24056
0.988273
1.47892
0.0151797
-0.195586
-0.34136
-1.27452
0.298461
-0.918784
1.38913
0.273031
0.449273
-0.401597
-1.72469
-1.7906
-0.276437
-1.37844
0.278786
1.27225
1.25574
0.286414
-0.957371
1.19702
1.2313
-1.02495
0.781841
-0.866605
0.866977
1.60766
-1.5654
1.38723
0.475709
1.59951
0.0231252
1.16806
-1.61904
-0.555485
-1.56493
1.60984
1.03714
1.28941
1.36999
-1.46373
-0.431556
-1.48632
-1.12179
-0.963552
-0.085011
-0.950903
-1.38426
-1.08224
-1.19281
1.63049
0.811566
1.6662
-0.333941
-0.792477
0.919634
-0.518306
-0.854111
-0.923025
-1.29661
-1.00945
-0.480275
0.573888
-1.56198
-0.940824
1.1619
-1.13201
-0.529466
1.34677
-1.30544
-1.37744
-0.162256
-0.617197
0.170899
1.13423
-1.18457
0.347003
-0.0542298
-1.40643
0.409403
-0.976851
-0.0334994
-1.463
-0.296406
-0.563011
1.25345
-1.57722
-0.267033
0.052236
0.74571
0.356621
0.65227
0.857213
1.24505
-0.603458
0.218071
1.1799
1.63042
1.35071
-0.495537
-0.937862
-0.0840418
0.920353
-0.138986
-0.138052
1.07827
-0.488465
1.32599
-0.16249
-0.53564
-0.199516
0.847486
-1.39769
-1.13735
1.68996
-1.0442
0.153312
0.391285
0.0515232
0.371665
-0.947628
0.137439
-0.383906
0.397391
-1.11333
0.160346
-1.2208
-0.737073
-1.14659
-1.20002
1.34299
-0.793483
1.60107
1.64532
0.140727
-1.26229
-0.599132
1.05529
-0.49239
-1.44665
0.175875
1.15078
1.00346
-1.10157
0.682654
-0.928344
-0.961666
1.43486
-0.99614
-0.764426
-1.61825
1.21636
1.11553
0.604944
1.00713
-1.14921
0.00475928
-0.534118
-1.57403
0.00547069
1.42548
-1.5919
-0.708488
-1.05739
-0.862861
1.44648
-0.159699
-0.148711
1.11599
-1.20402
0.113032
-0.0890324
0.353475
1.66366
0.957917
-0.444561
1.11747
-1.0226
-1.6715
-1.07343
-0.497372
0.119172
0.591479
1.54477
-0.0519418
0.10101
-1.47798
-1.65874
0.137377
-0.144385
1.31403
-1.17831
-1.46471
-0.285801
-0.826673
-1.48903
0.782727
-1.36829
0.408304
-0.848424
-1.25983
-0.387637
1.03583
-0.390261
0.881413
-1.26496
1.02864
-0.801434
0.708627
0.113882
1.39434
-0.498559
-1.37806
-1.48365
1.00659
0.143177
0.796506
-0.832356
-0.544845
-1.77368
1.63605
0.536308
1.51796
-0.761886
0.479358
0.784028
-0.641539
1.32965
1.40276
1.34932
0.752214
-0.807713
-0.853894
1.69277
-1.63195
0.709918
0.710943
0.463267
1.67565
-0.578415
-0.594213
-1.40258
-0.170339
-0.627766
-0.683065
1.11351
1.41433
-1.20547
-0.436911
1.50376
-1.60132
-1.49303
-1.19132
0.326782
-1.26628
1.71739
-0.164119
-0.0985487
-0.966529
-0.0681733
0.541159
0.900773
1.08736
0.168789
1.42024
1.24027
0.905004
-1.63955
-1.86981
-0.969245
0.632447
-0.187627
-0.446388
1.34782
1.39795
1.28108
-0.898565
0.494353
-0.888527
-1.10188
-0.909017
-0.519737
-0.359063
1.03781
-1.42602
0.887153
0.061571
-0.626459
-0.0189746
-0.669678
0.398026
-0.334383
-1.19616
-1.35415
0.0972482
1.36438
-0.576941
0.884376
0.428576
1.65161
1.14069
0.1943
0.594312
1.34562
-0.403805
-0.676624
-1.69743
1.04831
1.0152
-1.3812
0.227615
-0.0771966
-1.37262
1.63943
-0.972855
-1.38169
0.526397
0.793337
-1.48057
0.700765
0.0546187
-1.55761
-1.00195
0.358573
-0.702811
1.53886
1.04378
1.64513
-0.945064
1.63425
-0.18989
-0.601306
-1.74305
-1.59486
0.75036
-0.0781761
-0.952404
0.330816
-0.853868
0.308671
-0.457063
1.03084
0.927032
-0.0312085
-0.452918
-0.441703
0.911029
-0.538853
-1.1923
-1.30396
-0.0746872
-0.00409472
1.16749
-0.762287
-0.479021
1.06955
1.27355
-0.303711
-0.0626514
-0.697009
1.63146
-1.24515
1.41299
0.553113
0.153975
-1.68043
0.0249048
-0.403674
-1.18249
0.688837
1.52517
0.160962
0.777909
-1.37267
-0.325884
-1.22682
0.585915
1.52815
0.5725
-1.38092
-0.441876
0.183721
-0.362392
1.25449
0.999602
0.22167
-0.425374
-0.903366
-1.35038
-0.447345
-0.419252
0.737715
0.673174
-1.38769
-0.181468
-1.09131
-0.958047
1.05677
-1.66614
-0.326973
-1.06873
1.40396
0.333692
-1.00504
-0.0182285
0.815917
1.41719
-0.870079
1.25653
1.48331
1.3713
0.296012
0.372191
-0.280464
0.958255
0.207602
0.707034
-0.338015
0.765713
1.32069
-1.37358
1.17046
0.225939
1.23282
-0.145514
-0.3086
1.52662
-0.941358
1.10494
-0.193328
0.0313556
-0.677609
0.205294
-0.662868
-1.42752
-0.755548
-1.69933
1.64984
1.53821
-0.283279
0.88367
-0.440538
0.71255
0.992546
1.54967
-0.34263
0.931907
-0.697004
1.64385
-1.74456
0.282545
0.502913
0.710846
-1.28397
1.4457
-1.25026
0.593834
-1.07996
-0.583733
0.143276
-0.197108
-1.21541
-1.22384
-0.236645
0.942514
1.39043
-1.38288
-0.323336
-1.37072
-1.78962
0.57287
0.279006
-1.27185
-0.966871
-1.63765
1.20185
1.52879
-1.40771
-0.905823
1.2358
1.5207
-0.357838
-1.43008
-1.58628
0.354812
-0.380732
-1.68537
0.393259
-1.5648
0.836316
-0.87946
-1.71115
0.450035
-0.270612
1.55487
0.281767
-0.887737
0.736506
-0.615354
1.37059
-0.490021
0.202805
-1.42955
-0.0573436
1.14989
1.00338
-0.952017
-0.92914
1.17178
1.50078
-1.4028
-0.102552
-0.692372
1.21186
-1.31493
-1.06472
0.827398
-1.74892
0.049773
-0.0915982
-0.387776
-0.285959
0.113891
-1.22466
