0.169215
0.0251799
0.0213162
0.036084
0.0454678
0.0408449
0.0537046
0.0669769
0.0474171
0.0476337
0.05116
0.0300849
0.0507952
0.0648694
0.0475455
0.0487743
0.050636
0.0423075
0.044372
0.0537357
0.0423779
0.048393
0.0718027
0.0734967
0.0901921
0.114591
0.118721
0.141144
0.151156
0.158625
0.148655
0.138835
0.131038
0.0925613
0.0673852
0.0324272
-0.00960738
-0.026629
-0.0481362
-0.0790157
-0.0917841
-0.105869
-0.122421
-0.125067
-0.128452
-0.133941
-0.132509
-0.116317
-0.120739
-0.124003
-0.104361
-0.106967
-0.095295
-0.0823705
-0.0818858
-0.0767478
-0.0650206
-0.0548049
-0.0523049
-0.0368636
-0.0328577
-0.0321013
-0.00477282
-0.00648806
0.0139912
0.0200611
0.00781161
0.0172294
0.0215898
0.0126635
-0.00507843
-0.00849271
-0.0249962
-0.0295764
-0.0408191
-0.0559345
-0.0577834
-0.0510335
-0.0674149
-0.0587611
-0.0385273
-0.0515925
-0.0265448
-0.0099091
-0.0147355
0.0262821
0.0330269
0.0292095
0.0523826
0.0707881
0.0736862
0.106255
0.123819
0.11453
0.133994
0.145554
0.143485
0.175899
0.185484
0.175181
0.183676
0.179416
0.163678
0.15861
0.145858
0.118904
0.111694
0.0939999
0.0664147
0.0402484
0.0106582
-0.0131553
-0.0495808
-0.0767904
-0.0995433
-0.121376
-0.13274
-0.137619
-0.152283
-0.154614
-0.142278
-0.150736
-0.147774
-0.125349
-0.13343
-0.1241
-0.109168
-0.119373
-0.082097
-0.0947112
-0.0912964
-0.0766821
-0.0503799
-0.0435371
-0.0343585
-0.00710126
-0.0105231
-0.00381696
0.0161116
0.0125984
0.0205129
0.0336126
0.0123743
0.0198449
0.0316109
0.022212
0.0111483
0.0132425
-0.00303028
-0.00844755
-0.00905496
-0.0332531
-0.0398226
-0.0340141
-0.0495614
-0.0436505
-0.03744
-0.0491402
-0.0331418
-0.0255519
-0.0125146
-0.0107512
-0.0057633
-0.00404929
0.00560139
0.0275473
0.0107232
0.019176
0.0294833
0.0268699
0.0431426
0.0496164
0.0371712
0.0549548
0.0620657
0.0570987
0.0681097
0.0699889
0.0668513
0.0801867
0.082638
0.0932669
0.103075
0.121707
0.122486
0.156192
0.171986
0.175556
0.178782
0.164908
0.149984
0.14095
0.127317
0.0816773
0.050741
0.0210336
-0.0105163
-0.035156
-0.0578173
-0.0849179
-0.105546
-0.12137
-0.141482
-0.150699
-0.158831
-0.168439
-0.174639
-0.169945
-0.154933
-0.157539
-0.153024
-0.125752
-0.134694
-0.11755
-0.11193
-0.111949
-0.0992946
-0.085343
-0.077184
-0.0572933
-0.0334572
-0.016827
0.000162206
0.0355339
0.0366935
0.0603277
0.0883695
0.0791224
0.0857454
0.0954429
0.0698714
0.0703818
0.0660624
0.0395739
0.0258678
0.0147733
-0.0197235
-0.0241843
-0.0311679
-0.0641998
-0.0775669
-0.0712814
-0.0887101
-0.0829883
-0.0815768
-0.0877012
-0.0679911
-0.0402518
-0.0374139
-0.00908215
0.0136104
0.0271845
0.0434958
0.0647001
0.0639291
0.0750227
0.167312
0.0798676
0.0848006
0.0971401
0.0855325
0.105309
0.121938
0.130436
0.135997
0.155922
0.177783
0.190925
0.19781
0.193465
0.182092
0.17696
0.167062
0.136976
0.106647
0.0626251
0.0273734
0.00027464
-0.038243
-0.0695563
-0.0981277
-0.118871
-0.158196
-0.172561
-0.179226
-0.199009
-0.19995
-0.18861
-0.181328
-0.175637
-0.162838
-0.156812
-0.155654
-0.140053
-0.134548
-0.11808
-0.0943631
-0.0925232
-0.0830532
-0.0579253
-0.0587689
-0.0250415
-0.00514479
0.00458883
0.0298282
0.0681608
0.0750054
0.0824313
0.0877164
0.0873633
0.0951248
0.0981293
0.0673783
0.0594245
0.0488761
0.00852191
-0.00789889
-0.0210666
-0.0644295
-0.0683844
-0.0652359
-0.102137
-0.101959
-0.103524
-0.122082
-0.107975
-0.0864666
-0.0840324
-0.0586205
-0.0252884
-0.0182057
0.0281279
0.0381327
0.0470771
0.0782825
0.100717
0.101646
0.120258
0.12603
0.134585
0.146814
0.155236
0.151694
0.170076
0.177842
0.188462
0.185201
0.197313
0.213812
0.217737
0.20545
0.191133
0.180199
0.158081
0.142482
0.0980275
0.0516373
0.0223633
-0.0409588
-0.0807314
-0.107676
-0.154427
-0.185746
-0.202167
-0.222017
-0.227722
-0.221398
-0.234406
-0.224749
-0.195975
-0.191752
-0.181401
-0.160054
-0.147101
-0.131034
-0.0958565
-0.0974017
-0.0757234
-0.0496317
-0.0332155
-0.0141556
0.0127342
0.0200841
0.0431479
0.103733
0.065358
0.0685692
0.0863502
0.0759163
0.0847344
0.0871679
0.0570955
0.0492574
0.0366225
0.00980642
-0.00664964
-0.0376418
-0.0642655
-0.081441
-0.0903167
-0.117843
-0.129381
-0.134396
-0.147664
-0.132872
-0.113894
-0.100678
-0.0650729
-0.0485006
-0.027938
0.0127954
0.0433202
0.057589
0.0894016
0.109019
0.132554
0.155692
0.158919
0.156115
0.186921
0.193563
0.184377
0.205686
0.211692
0.203829
0.214996
0.210151
0.207525
0.220255
0.227331
0.205466
0.201983
0.201273
0.166578
0.137835
0.0880233
0.0361587
0.000155033
-0.0543337
-0.113255
-0.140212
-0.180179
-0.211454
-0.250299
-0.256332
-0.256645
-0.260096
-0.247751
-0.222361
-0.225575
-0.202093
-0.175535
-0.168501
-0.140983
-0.115819
-0.0974378
-0.0833017
-0.0412462
-0.0336938
-0.0102813
0.0138459
0.0145968
0.0483546
0.0693148
0.0530614
0.0600716
0.071953
0.0674425
0.0523736
0.0600284
0.0272767
0.0197375
0.0190413
-0.0173604
-0.0339604
-0.0434793
-0.0851087
-0.0957657
-0.102422
-0.12988
-0.136911
-0.143328
-0.161436
-0.13798
-0.115384
-0.10044
-0.0682977
-0.0279291
-0.0229718
0.0154169
0.0515673
0.0765301
0.100733
0.128041
0.132497
0.160033
0.169523
0.178813
0.191701
0.207215
0.219574
0.233237
0.232513
0.218313
0.217225
0.220366
0.208055
0.204479
0.206614
0.208947
0.193982
0.181338
0.169215
0.142453
0.106274
0.0572821
0.00796928
-0.0469103
-0.102342
-0.162221
-0.191784
-0.232315
-0.274501
-0.281035
-0.291283
-0.282153
-0.271297
-0.257023
-0.246954
-0.221938
-0.181956
-0.163879
-0.147306
-0.101218
-0.0824701
-0.045295
-0.0333795
-0.0237876
0.000567961
0.0242141
0.0342831
0.0501446
0.0619684
0.0532038
0.0606793
0.0654875
0.0411827
0.0434982
0.0370263
0.00813809
0.00523868
-0.00513777
-0.0439464
-0.054025
-0.0731875
-0.106768
-0.116163
-0.133304
-0.159318
-0.155399
-0.151584
-0.161477
-0.14005
-0.0971301
-0.096753
-0.0446866
-0.00930022
0.0137862
0.0453564
0.0847679
0.101652
0.1327
0.151954
0.164977
0.179737
0.196866
0.209051
0.211635
0.234411
0.237592
0.23671
0.243269
0.236032
0.2347
0.229441
0.21748
0.20925
0.208641
0.220907
0.204126
0.176797
0.165159
0.145235
0.108642
0.0621808
-0.0115246
-0.0710352
-0.124572
-0.180975
-0.23827
-0.259322
-0.296171
-0.319538
-0.304056
-0.307545
-0.289907
-0.259864
-0.243654
-0.212262
-0.171181
-0.143935
-0.113452
-0.0775645
-0.0493152
-0.0269938
0.00583851
0.00144498
0.0174903
0.0387834
0.0415221
0.0482591
0.0615804
0.0418845
0.0370602
0.0375849
0.016794
0.0101724
0.00294905
-0.0301344
-0.0509275
-0.0690663
-0.090741
-0.108071
-0.12433
-0.158278
-0.156145
-0.14617
-0.156092
-0.140651
-0.127401
-0.101035
-0.0956052
-0.0624468
-0.0326485
0.00331989
0.0449296
0.0716298
0.121192
0.132798
0.146902
0.170215
0.18769
0.186725
0.202777
0.202643
0.197121
0.213005
0.221693
0.211639
0.226789
0.221895
0.212284
0.216385
0.208988
0.202622
0.20936
0.223215
0.21437
0.214429
0.196997
0.159439
0.144088
0.1312
0.0547309
-0.0130135
-0.0896299
-0.151554
-0.203507
-0.260945
-0.307914
-0.321281
-0.321208
-0.32063
-0.310819
-0.284238
-0.253091
-0.213437
-0.179755
-0.142237
-0.101461
-0.0723231
-0.0378076
-0.0413957
-0.0225612
0.00303844
0.0061634
0.00925895
0.0243174
0.0125435
0.0266205
0.0273587
0.0106917
0.00790099
0.0107857
0.00356886
-0.0206522
-0.0223298
-0.0695544
-0.10043
-0.115633
-0.15538
-0.155582
-0.17553
-0.203401
-0.191411
-0.167787
-0.162843
-0.133686
-0.100074
-0.0705189
-0.0340621
0.029245
0.0552435
0.101014
0.127917
0.143416
0.170092
0.186734
0.168584
0.180308
0.179138
0.168404
0.168823
0.170337
0.163749
0.173507
0.183522
0.188167
0.196561
0.203547
0.195108
0.202301
0.195235
0.187699
0.205658
0.225572
0.231895
0.227448
0.213113
0.188217
0.145832
0.0994433
0.0610169
-0.0244181
-0.0873876
-0.15896
-0.225277
-0.274309
-0.315355
-0.334828
-0.326545
-0.310172
-0.286335
-0.253056
-0.216905
-0.185526
-0.138475
-0.0886387
-0.00120887
-0.0521572
-0.0382107
-0.0314441
-0.0202777
-0.0045724
-0.0146283
-0.00964591
-0.015107
-0.0166344
-0.00364533
0.000908782
-0.0256687
-0.0277856
-0.0231683
-0.0502481
-0.0530705
-0.0769371
-0.128779
-0.131795
-0.13416
-0.159718
-0.163491
-0.164328
-0.183862
-0.153799
-0.11816
-0.108524
-0.0794791
-0.0400512
-0.00863437
0.0482111
0.0821434
0.0889211
0.122698
0.15379
0.157326
0.184319
0.176515
0.164813
0.154329
0.157066
0.141607
0.140553
0.144725
0.14425
0.161538
0.175926
0.17693
0.193968
0.200347
0.212347
0.210237
0.204428
0.220531
0.225835
0.253513
0.280481
0.255968
0.23337
0.200423
0.162679
0.083429
0.00532165
-0.0377222
-0.147333
-0.196907
-0.276488
-0.336207
-0.363531
-0.378152
-0.352102
-0.300862
-0.269817
-0.228412
-0.177203
-0.127619
-0.0786844
-0.024327
-0.0106881
-0.0172686
0.00261623
-0.000554872
0.000719525
-0.00879226
-0.0388697
-0.0494053
-0.035436
-0.0464888
-0.0451514
-0.0599261
-0.084476
-0.0806128
-0.0755322
-0.0938682
-0.111268
-0.129914
-0.15255
-0.153673
-0.143569
-0.165231
-0.156163
-0.143377
-0.124018
-0.0914474
-0.0599135
-0.0401261
-0.00599647
0.0363274
0.0656248
0.106966
0.126699
0.111981
0.144323
0.147827
0.150145
0.147655
0.140678
0.11703
0.124856
0.120947
0.112022
0.122133
0.130503
0.133234
0.166867
0.188358
0.1846
0.23775
0.200119
0.197834
0.207888
0.219465
0.229639
0.267135
0.290707
0.297897
0.303862
0.258361
0.215944
0.147458
0.0760732
-0.0462095
-0.137553
-0.19445
-0.290117
-0.337995
-0.387038
-0.395707
-0.375732
-0.327002
-0.251355
-0.207693
-0.153651
-0.0895976
-0.0504491
-0.0117402
0.0221445
0.00814283
-0.00655819
0.00500075
-0.0307341
-0.0488852
-0.0622257
-0.102676
-0.101213
-0.0830922
-0.0903596
-0.0963428
-0.0962715
-0.119796
-0.118927
-0.109983
-0.143815
-0.162988
-0.163222
-0.192043
-0.170911
-0.163862
-0.153731
-0.130602
-0.0807483
-0.051699
0.00627621
0.0216203
0.0347786
0.0734268
0.0878912
0.097571
0.10932
0.109178
0.0942413
0.104361
0.0989692
0.0837399
0.0977154
0.0851411
0.0916101
0.106525
0.120409
0.129177
0.155823
0.179644
0.193445
0.203756
0.211455
0.203305
0.213612
0.220028
0.211447
0.224817
0.236304
0.262056
0.29756
0.325593
0.308947
0.294102
0.255704
0.167384
0.094785
-0.0334609
-0.152373
-0.289139
-0.353555
-0.377115
-0.433647
-0.444184
-0.415636
-0.34712
-0.233957
-0.148395
-0.068994
-0.0221554
0.0489494
0.0784526
0.100845
0.076833
0.0260861
-0.0120198
-0.0452846
-0.082176
-0.125075
-0.151462
-0.172866
-0.149005
-0.109134
-0.116992
-0.11066
-0.116769
-0.131067
-0.114014
-0.127823
-0.171866
-0.18559
-0.180851
-0.183089
