0
1.03133
-2.85438
-2.47815
-1.05627
-1.02051
-0.775902
0.363024
-0.348356
-0.267026
-0.183643
-0.115617
-0.145652
-0.152581
-0.102754
-0.129329
-0.12993
-0.113548
-0.0917007
-0.0804567
-0.0977932
-0.0855623
-0.0552396
-0.046959
-0.0558306
-0.0531418
-0.0959688
-0.0383633
-0.0586605
-0.0858474
-0.057956
-0.0306172
-0.0396583
-0.0414199
-0.0443279
-0.0409191
-0.0457854
-0.018226
-0.0320345
-0.0313426
-0.041622
-0.0626012
-0.128087
-0.0677333
0.0175086
-0.0312214
-0.0126474
-0.0113406
-0.00991523
-0.00681293
-0.00549841
-0.0280533
-0.0270729
-0.0155931
-0.0126473
-0.0172285
-0.0034616
-0.00166386
-0.015242
-0.00645813
-0.00045988
-0.00289994
6.89924e-06
-0.000710707
0
0.00165136
-6.89924e-06
0.00332139
0.00045988
0.00665152
0.015242
0.00201195
0.0034616
0.0189227
0.0126473
0.0166264
0.0270729
0.0274575
0.00549841
0.00771999
0.00991523
0.0118711
0.0126474
0.0319686
-0.0175086
0.0694818
0.128304
0.0626254
0.041622
0.0322376
0.0322512
0.0206082
0.0457854
0.0417808
0.0448358
0.0433946
0.0396583
0.0308862
0.0584316
0.0884964
0.0586605
0.0390885
0.0955504
0.0527048
0.0558306
0.0482423
0.0559573
0.0880822
0.0977932
0.0807731
0.0934995
0.117103
0.12993
0.129381
0.102815
0.155083
0.145652
0.116521
0.184169
0.272318
0.348356
-0.363514
0.781512
1.04352
1.05627
2.45297
2.81403
-1.07126
