-0.00193787
0.0961335
0.193496
0.289481
0.383375
0.474552
0.56236
0.646247
0.725657
0.800144
0.869286
0.93278
0.990366
1.04192
1.08737
1.12682
1.16043
1.12789
1.08862
1.04334
0.991974
0.934566
0.871243
0.802264
0.727929
0.648658
0.564896
0.477196
0.386109
0.292286
0.196353
0.0990223
0.000961304
-0.0970913
-0.194459
-0.290411
-0.384293
-0.475429
-0.563211
-0.647046
-0.726419
-0.800848
-0.869944
-0.933372
-0.990902
-1.04239
-1.08779
-1.12718
-1.16073
-1.12753
-1.08821
-1.04287
-0.991442
-0.933966
-0.870594
-0.801552
-0.727175
-0.647848
-0.564054
-0.476307
-0.385201
-0.291343
-0.195404
-0.0980511
0
0.0980511
0.195404
0.291343
0.385201
0.476307
0.564054
0.647848
0.727175
0.801552
0.870594
0.933966
0.991442
1.04287
1.08821
1.12753
1.16073
1.12718
1.08779
1.04239
0.990902
0.933372
0.869944
0.800848
0.726419
0.647046
0.563211
0.475429
0.384293
0.290411
0.194459
0.0970913
-0.000961304
-0.0990223
-0.196353
-0.292286
-0.386109
-0.477196
-0.564896
-0.648658
-0.727929
-0.802264
-0.871243
-0.934566
-0.991974
-1.04334
-1.08862
-1.12789
-1.16043
-1.12682
-1.08737
-1.04192
-0.990366
-0.93278
-0.869286
-0.800144
-0.725657
-0.646247
-0.56236
-0.474552
-0.383375
-0.289481
-0.193496
-0.0961335
