2.71568
2.93209
2.87345
3.52844
3.53657
5.7004
18.1122
-5.15762
-3.13862
-2.23823
-0.233861
4.42256
5.50755
-0.181992
-7.95663
-0.213116
1.31382
-1.71588
-1.35764
1.27937
-0.0563244
0.0630841
-0.215364
-1.41126
-0.997921
1.11368
1.47276
-1.22639
-1.36362
-0.13911
-0.139705
-0.597906
0.652807
-0.199269
-0.306573
0.0203566
-0.535014
-0.247643
-0.0194574
-0.0398224
0.466197
-0.0149086
-0.372591
-0.135226
-0.502036
0.0925598
-0.127974
-0.0787673
-0.137368
-0.00694236
-0.263583
0.12916
-0.470462
-0.045169
-0.272187
-0.0140509
0.341518
0.0495181
-0.265394
-0.0302493
-0.51084
-0.0118759
-0.248884
0.0171799
0.556221
-0.0544596
-0.261724
-0.0164779
-0.510454
0.00110912
-0.332769
-0.0584086
0.368539
-0.0137192
-0.221795
-0.0129237
-0.48434
-0.034609
-0.238224
-0.0125835
-0.0306104
-0.0107128
-0.248282
0.00333939
-0.455546
0.00709231
-0.240617
-0.0665091
0.366387
-0.0923364
-0.149286
0.0100114
-0.460995
0.0538459
-0.149918
-0.0131484
0.0631223
-0.00844725
-0.223045
0.0306279
-0.471728
-0.0109525
-0.277724
-0.0277474
0.417439
0.0458294
-0.25834
0.0253001
-0.519377
0.0236122
-0.198822
0.0256895
-0.069574
0.0288633
-0.303759
0.0883954
-0.383524
0.0025928
-0.256008
0.0327525
0.291044
0.0527389
-0.185696
0.0692449
-0.430894
0.041122
-0.188628
0.0345066
1.30943
0.0316056
-0.194804
0.0300514
-0.450749
0.0288677
-0.197196
0.0285031
0.406057
0.0278082
-0.197782
0.0274977
-0.45266
0.0275805
-0.198074
0.0274668
-0.0103925
0.0272558
-0.198535
0.0274096
-0.452904
0.0275096
-0.198455
0.0274468
0.40539
0.0274251
-0.198161
0.0273638
-0.452737
0.0276255
-0.198716
0.0274379
0.0994705
0.0277511
-0.19762
0.0279966
-0.45269
0.0280848
-0.196558
0.027129
0.406488
0.027083
-0.198381
0.0275732
-0.452953
0.0288242
-0.197625
0.0281865
-0.00974226
0.0279276
-0.197305
0.0280581
-0.451958
0.0282144
-0.197216
0.0283622
0.406516
0.0284772
-0.197133
0.0284656
-0.451502
0.0283411
-0.196547
0.0286947
0.659453
0.0285331
-0.197042
0.02861
-0.451532
0.0286672
-0.196105
0.0288448
0.406961
0.0289675
-0.196621
0.0289526
-0.45092
0.0290283
-0.195923
0.0291543
-0.00848566
0.0291032
-0.196047
0.0289484
-0.451094
0.0291314
-0.196133
0.0293159
0.407328
0.0292835
-0.195956
0.0293382
-0.450881
0.0293811
-0.196171
0.0292027
0.10148
0.0295801
-0.195882
0.02922
-0.45072
0.0294843
-0.196023
0.0294989
0.407548
0.0296791
-0.196166
0.0296725
-0.45067
0.0295163
-0.195894
0.0296576
-0.00805429
0.0295616
-0.195773
0.0295849
-0.450649
0.0297312
-0.1963
0.0295243
0.407758
0.0296879
-0.195695
0.029717
-0.450534
0.0297101
-0.195817
0.0297396
2.71568
0.0297783
-0.195817
0.0297193
-0.450534
0.0298077
-0.195695
0.0297489
0.407758
0.0296611
-0.1963
0.0298418
-0.450649
0.0297776
-0.195773
0.0297198
-0.00805429
0.0298994
-0.195894
0.0297279
-0.45067
0.029963
-0.196166
0.0299399
0.407548
0.0298368
-0.196023
0.0298348
-0.45072
0.0296037
-0.195882
0.0299305
0.10148
0.0296419
-0.196171
0.0297828
-0.450881
0.0298188
-0.195956
0.029752
0.407328
0.0298352
-0.196133
0.0296512
-0.451094
0.0295145
-0.196047
0.0296668
-0.00848566
0.0297567
-0.195923
0.0296229
-0.45092
0.0295914
-0.196621
0.0296172
0.406961
0.0295349
-0.196105
0.0293483
-0.451532
0.0293371
-0.197042
0.0292459
0.659453
0.0294559
-0.196547
0.0291355
-0.451502
0.0292715
-0.197133
0.0291557
0.406516
-0.0973539
-0.197189
-0.0973843
-0.451958
-0.0976118
-0.197245
-0.0976969
-0.00974226
-0.0976142
-0.197521
-0.0968232
-0.452953
-0.0980552
-0.198227
-0.0983757
0.406488
-0.0984851
-0.196356
-0.0973279
-0.45269
-0.0975922
-0.197359
-0.0975371
0.0994705
-0.0980844
-0.198413
-0.0975653
-0.452737
-0.0980068
-0.197793
-0.0976624
0.40539
-0.0979423
-0.198038
-0.0975424
-0.452904
-0.0979694
-0.198042
-0.0975168
-0.0103925
-0.0977727
-0.197526
-0.0970646
-0.45266
-0.0976466
-0.197062
-0.0966127
0.406057
-0.0965769
-0.19656
-0.0954473
-0.450749
-0.0949541
-0.193933
-0.0926931
1.30943
-0.0904175
-0.187843
-0.0828451
-0.430894
-0.0558792
-0.184976
-0.0735909
0.291044
-0.0917886
-0.255111
-0.120854
-0.383524
-0.0369809
-0.302627
-0.094456
-0.069574
-0.0989453
-0.197629
-0.0997409
-0.519377
-0.0989464
-0.256866
-0.0771191
0.417439
-0.152486
-0.276295
-0.133248
-0.471728
-0.0933902
-0.221129
-0.130255
0.0631223
-0.136265
-0.147833
-0.0678174
-0.460995
-0.113762
-0.147517
-0.215319
0.366387
-0.189993
-0.238329
-0.113854
-0.455546
-0.120054
-0.245651
-0.131349
-0.0306104
-0.135888
-0.235513
-0.154393
-0.48434
-0.135884
-0.286535
-0.133313
0.368539
-0.1812
-0.397173
-0.116839
-0.510454
-0.138462
-0.325569
-0.171988
0.556221
-0.104152
-0.312248
-0.128598
-0.51084
-0.151159
-0.327957
-0.065365
0.341518
-0.13426
-0.334416
-0.158616
-0.470462
0.00952458
-0.325427
-0.120213
-0.137368
-0.197376
-0.188619
-0.0191884
-0.502036
-0.255048
-0.433321
-0.124672
0.466197
-0.156866
-0.0803279
-0.360818
-0.535014
-0.336059
-0.362029
-0.300565
0.652807
-0.719556
-0.19697
-0.235629
-1.36362
-1.32223
1.41846
0.956834
-0.997921
-1.53087
-0.269197
-0.0305637
-0.0563244
1.13452
-1.42584
-1.8229
1.31382
-0.306384
-7.907
0.0633915
5.50755
4.29419
-0.297418
-2.31868
-3.13862
-5.14256
18.1113
5.54676
3.53657
3.39134
2.80078
2.79882
