0
4.2349
11.2952
-1.33496
3.9185
12.1289
9.13097
8.52817
0.984065
2.48065
3.97846
10.5391
-10.2466
1.1393
-6.68791
-0.787123
8.16447
8.92282
22.8623
-10.5351
2.40081
-2.93174
5.34344
-13.4482
-7.95697
23.2353
8.46888
-3.48635
19.1693
1.01224
-15.202
-2.98333
-5.88907
16.0677
-12.0535
7.00267
3.47814
0.844126
7.80263
9.94371
1.00187
-13.1827
5.84753
4.51997
7.77065
0.707473
4.17893
13.7211
9.16096
-4.21588
-6.93376
-5.32818
-3.60349
17.1626
-0.801948
15.3897
-0.947383
17.7672
10.4682
-21.2138
-11.1636
-22.199
-5.44218
3.49751
-4.72389
-2.36816
-25.6481
0.74578
6.6918
-4.16976
-24.8992
2.7703
9.51475
-4.83558
11.5569
-2.55718
-1.76366
-2.71736
-13.5603
-3.4745
15.1724
-3.84441
-12.9555
-16.2119
4.36289
-2.51305
1.69249
-3.25276
0.5963
5.63351
-13.9437
-14.3067
-8.54296
-0.819971
-2.18758
-2.57775
-5.09186
6.51319
-3.08582
-4.13246
-2.27707
0.520058
-7.0786
3.03411
-7.49128
1.79018
-8.9645
-23.8748
-5.96537
3.5159
-7.85748
-0.843339
-8.21546
-5.92219
5.73359
6.94365
-8.38613
24.4362
6.95806
-0.473885
3.30815
0.090604
2.07721
4.35417
-6.02274
4.8624
5.84583
1.2622
0.219921
13.575
-5.12993
4.83662
4.60616
8.86327
-13.4556
12.5058
-6.8703
-2.36195
8.00636
1.93679
2.2424
0.77632
-0.889243
-3.38109
-14.6759
9.36368
-0.819084
-11.1388
-4.09897
-13.9498
0.288849
-7.72473
-5.88334
8.20194
6.75617
-3.42793
4.40874
-8.32793
-15.9782
6.87497
16.4699
-3.01068
-3.50053
-1.75309
2.77372
-13.0887
-1.2078
8.17973
5.96161
-7.55328
2.60073
-4.86055
-16.4683
10.8982
7.87181
-12.1419
12.7674
-11.251
2.69017
-16.0429
0.29302
10.3419
8.1182
-1.85668
-2.26217
2.80091
1.32966
-8.63327
-17.4803
3.52082
-0.668243
-18.6311
-12.0444
-9.39692
6.51228
10.4626
8.21959
-1.7348
8.76987
4.58693
8.26878
11.9774
9.96183
-1.18142
17.5681
-1.05836
-12.5137
-8.54529
6.6002
-1.87243
-2.64483
-2.24563
13.4788
3.65036
-1.64899
0.911156
-1.80719
4.66701
-18.947
23.62
-5.04946
5.13027
-3.91002
-5.91688
-9.81839
-14.0825
-1.37226
5.19306
6.55444
6.38873
-7.95507
-5.9485
2.59097
-2.98296
-8.25206
0.778734
-3.4159
3.55073
0.123761
-20.685
-9.99849
7.38751
5.21124
1.35691
-0.218514
-13.2672
-5.38411
-6.54704
-7.43559
-3.32399
-2.40328
-9.89129
-4.10775
-7.03304
4.50714
18.3246
6.48334
-1.70162
-6.58566
-3.05956
-6.88131
-2.19795
-5.5673
-7.66485
2.17082
-0.463301
9.84724
9.22552
8.72821
13.2832
-2.84566
-10.0403
10.8403
19.4966
-3.50204
2.83373
-5.61844
-7.29114
8.83353
11.5154
-4.16942
13.0744
8.43218
-1.24381
3.88272
-4.95149
-13.4492
-3.65136
-3.59206
0.663598
-5.24071
-1.49237
14.9002
-2.00188
10.0313
5.21692
3.03702
-6.62921
3.58384
-9.72597
-9.11371
-3.95448
10.2543
11.5782
5.99996
1.61529
4.68572
15.1517
-1.47559
-0.054524
-10.6405
-5.73251
-0.300863
-0.380971
-15.1428
7.58739
-9.48046
-6.60938
-6.10634
0.89105
7.71921
4.43493
-2.55228
-3.6678
10.7243
8.71311
-0.628478
3.76174
1.83041
0.157958
-8.79685
-11.8955
-11.6433
8.83867
4.58163
4.09996
-10.9794
15.8816
3.28791
-28.2735
-5.30962
14.6236
2.26083
4.8862
-4.50023
-12.3723
-7.18247
6.25458
7.51725
-15.3322
15.9241
-0.157194
-0.476612
-4.88634
2.80614
3.77408
8.09694
20.9663
-1.31108
-15.6976
0.276289
0.956717
-8.66764
5.19803
1.32026
7.36308
-7.73599
0.705734
9.82825
12.1006
13.0646
11.1874
5.01255
0.678698
-9.0183
4.73548
8.46757
10.5802
9.95947
-11.7743
-5.82068
-3.65114
2.24301
-9.8303
-1.89404
8.00253
-16.0065
6.2979
1.53308
-9.67986
-4.2555
-8.438
-4.46233
2.60104
-5.9316
-23.7862
-2.59008
-4.17047
-15.5038
2.21891
5.16792
4.4394
-1.2046
-11.4509
-7.31186
13.1169
1.07688
6.33178
4.24685
3.59861
-3.56177
-1.82095
7.11328
11.7687
11.7743
23.6274
-4.28291
-0.0368336
4.45401
-8.76759
10.0614
5.63436
11.6475
-1.43782
-11.7082
4.72982
10.8713
1.50081
0.737227
-3.26779
9.89369
5.66023
-9.211
8.39495
20.1796
-2.97988
-5.21037
-2.3823
4.0489
5.40893
-11.5717
3.93225
0.764945
16.5775
-5.72254
-8.08346
11.9064
19.428
4.63128
6.39541
0.758206
19.9487
1.73389
16.2698
9.90346
0.247532
3.89263
-3.10753
5.45803
-4.13117
-0.911465
10.762
13.4758
0.634184
4.60342
-11.8104
5.1306
0.97133
-16.6031
2.38054
-6.42875
1.4704
-2.49342
-8.65357
-11.7948
4.11534
2.65768
-4.01129
12.913
-11.4271
5.99936
-6.01343
7.7372
2.93151
-8.94447
2.49011
3.67482
-6.6198
9.49188
11.1325
-7.32482
-2.30994
4.63473
14.8736
0.181393
-10.0395
-12.6875
0.061544
7.81534
-17.7815
11.1703
-3.45639
-5.58446
-1.71939
-9.87231
3.59447
-3.07794
-7.05406
-18.5728
7.07494
-16.1852
-7.26882
