0
3.33611
6.36076
2.77498
7.90466
6.64731
3.40915
-9.96393
6.79433
6.23951
0.817126
0.158844
-11.8063
6.57476
11.8191
-4.25685
-6.61027
-9.90435
-1.47229
9.39374
3.28052
-2.66071
8.31715
2.16491
2.62859
-14.573
-6.15202
-3.28361
-3.05158
6.00892
-10.628
-8.4464
-8.0775
-7.37569
-1.69828
-10.0587
12.7215
10.5515
4.00876
-14.9013
12.1227
-1.05571
-2.84819
-5.22941
2.95064
-7.38166
-7.21428
-10.0518
-18.2876
-1.58749
1.38461
-3.95039
-4.21521
0.365797
1.60388
-6.93163
-4.84223
6.94164
1.98301
5.39221
7.14314
1.28927
-12.2032
5.00285
4.82364
-0.877353
6.34891
-18.4452
-1.69824
7.06286
-3.17214
-3.32325
-7.29523
8.74793
2.71782
5.04047
0.250395
-5.19694
7.5972
-5.44394
14.8898
3.21075
-3.92997
1.41143
1.37786
-4.46459
5.70028
-4.98872
10.5738
-1.72371
2.19462
5.20467
-5.31943
1.30764
-9.90802
3.41107
-11.9683
-1.502
1.21309
7.22123
4.20798
9.59819
3.23199
-1.76422
-2.34643
1.94817
12.355
-2.0671
-8.8473
-15.1662
0.327743
5.06873
1.05757
-1.38409
-0.519314
-10.7707
0.856201
-0.119684
-2.85933
0.849045
-5.23939
-1.42268
3.59869
-0.532807
-0.266947
0.715891
-3.01259
-5.55901
-1.18508
7.12384
3.41545
-1.3933
1.97131
4.8132
-2.82647
-1.16058
10.7903
-5.07703
-0.671185
2.2237
-2.27257
7.29446
2.63299
1.42568
-3.07796
-9.85427
-3.09898
13.358
10.1909
5.37969
-7.26871
2.19861
6.3144
1.46153
-0.256664
-11.3624
-1.69374
-7.80084
-4.55243
3.55659
13.7091
-5.64761
10.8479
-1.63906
5.91473
-5.72702
1.00516
4.90152
-9.43218
1.80059
-5.46277
4.87667
-3.71594
0.0687708
5.0773
2.65707
-11.5897
4.79885
-4.10204
1.59113
2.72813
-3.83046
-3.11884
-15.0736
4.91162
3.78442
2.44696
-8.90879
-3.27953
13.8975
-5.36013
-0.858209
-2.65674
-9.31273
8.57196
-0.185549
-5.76059
-10.0847
-0.852544
-6.37071
4.04175
4.83845
2.09853
-4.64001
1.59154
1.03666
0.864895
0.697154
12.2398
10.2428
11.6541
6.55422
-2.92343
9.20124
7.09122
3.04452
-10.6979
15.4094
-3.0409
-4.73944
-15.4453
3.75885
-1.59448
5.53646
5.35388
10.4889
8.00007
-9.38148
-1.08821
2.03333
7.10575
15.7156
-0.923572
3.42244
-9.6395
4.10135
-5.73522
-10.0926
-0.946474
7.5071
9.72391
6.07462
-7.63582
-7.95472
16.9606
0.27286
3.61828
-4.66936
-7.72908
9.07685
-0.747929
-4.38613
-9.62049
-2.55651
-6.85661
-6.20474
