0
0.146991
-0.0384399
0.10124
0.534532
0.695549
0.204117
0.607858
0.381461
1.50384
0.839082
1.25901
1.20933
1.14358
1.39272
2.03756
2.35437
2.91741
3.24336
4.0492
4.95535
6.30115
8.58327
11.5246
21.6144
30.8395
-135.185
-3.37693
-14.2711
-11.8068
-7.62334
-7.26366
-6.42213
-5.34816
-4.58806
-3.07876
-2.62468
-2.0168
-1.60935
-1.03219
-0.752779
-0.94792
-0.482425
-2.30003
-1.76874
-3.2815
-4.45731
-7.70293
-9.80582
-14.0586
-18.669
-6.02416
74.4883
-18.9958
-10.2647
5.85145
4.72935
2.72289
4.05928
4.67646
1.73523
1.9571
0.937925
0.0688596
-1.86618
-2.30472
-2.69848
-1.37479
-3.19362
-0.700806
-0.697584
0.700177
0.966223
3.00544
0.14962
2.85872
4.09222
-9.44096
-46.2786
43.2354
-30.4898
15.0756
-8.18781
-0.317816
-2.48662
-1.36186
-1.6356
-2.00214
-2.44061
-3.18004
-3.18951
-1.54757
-1.61003
-3.13076
-2.12933
-1.22813
0.775759
0.597762
-1.30375
-2.81873
-7.84291
-10.6217
-14.9835
-6.63358
25.9305
-10.5533
8.39359
-2.74838
-0.456361
1.53614
1.05012
0.299873
1.68116
1.48832
-0.985032
0.382564
0.371363
-0.826924
0.819591
0.753999
1.09279
-0.794721
-0.917293
-1.86269
0.280128
-0.797378
2.56997
10.2504
12.8286
23.3602
-11.9043
-1.80724
4.40384
-3.71778
4.39687
-2.35034
4.00094
-4.05347
2.69087
0.521352
1.80149
-2.34748
-0.123741
0.603088
-0.8959
2.38305
0.691238
-0.0808039
0.552259
0.746393
0.841274
1.01094
1.72603
-0.348562
-9.63777
-23.7294
3.71887
31.7264
2.31934
-15.1825
-6.24374
3.22249
4.05099
0.929184
0.428975
-2.02554
-2.45488
-0.763258
0.0238702
-1.01519
-1.05984
-1.51329
-1.73833
-0.474157
0.748795
0.763514
0.509889
0.407598
-0.383752
-1.47645
0.425903
4.35804
-0.569754
-0.171184
0.97118
0.0165899
0.870003
0.227225
-0.226372
-0.76791
-1.41995
-0.764777
-0.537894
-0.231104
-0.314426
-0.0744522
-0.645229
-0.770388
0.0677252
0.384086
-0.55433
-0.229238
-0.454532
0.213999
0.984186
1.38871
0.82672
0.139819
0.185059
-1.05821
0.412479
0.243065
0.128351
0.0174751
-0.0748489
0.283916
0.266146
0.191807
0.053266
0.444654
0.214635
-0.0268283
0.29847
0.182351
0.176987
0.216418
0.162028
0.228617
0.921835
-0.43459
-0.882788
-1.79812
-1.50567
1.00982
-0.249452
-0.264531
-0.239354
-0.400562
0.0785482
-0.199623
0.00986052
-0.0993791
-0.485766
-0.1838
-0.197053
0.0593247
-0.150144
0.198349
0.0326748
-0.292936
-0.103766
-0.269133
0.0867815
-0.28527
0.384565
0.639943
0.164899
0.86809
0.367065
-0.605627
0.153981
-0.0142941
0.0582941
0.122959
-0.0108159
-0.116113
0.0101802
-0.0349119
0.0206623
-0.101296
-0.074343
-0.0844572
-0.154002
-0.0788081
-0.00494456
-0.0570911
-0.0934238
0.0930406
-0.19564
0.0212371
-0.205359
-0.557351
-0.749863
-0.675581
1.22776
0.896475
-0.623825
0.103822
-0.280771
-0.190645
0.0920324
0.27549
-0.0363839
-0.159163
0.0425484
0.004668
0.144982
0.0373411
0.178097
0.0151041
-0.449853
0.0843039
-0.0166123
0.200817
-0.203291
0.20335
-0.0264373
-0.104519
0.123484
0.0384557
0.0277661
-0.00929642
0.241325
-0.1125
-0.0495093
-0.0445886
-0.126059
0.130409
0.0559261
0.172649
0.00183058
-0.257751
0.0984237
-0.0660043
0.104668
0.0211892
0.0798545
0.230565
-0.0501637
0.110388
-0.0520253
0.173411
-0.0391896
0.178684
0.0406613
-0.012851
0.142799
-0.170499
0.132526
-0.121583
0.301469
0.0660778
-0.0647724
0.0322142
-0.0792735
0.0487236
0.0282042
0.1187
0.0225849
-0.058398
0.0972261
-0.0302241
0.192859
-0.0721474
0.138237
-0.0982062
-0.285434
-0.0237138
-0.0500572
0.371844
-0.0214944
0.0472025
0.116089
0.41358
-0.718472
0.635777
-0.394226
0.211496
0.338483
0.0679227
-0.324864
0.269925
-0.0112259
0.121491
0.0377431
0.187969
-0.132184
-0.25794
0.104768
0.199012
0.152673
-0.205094
0.2872
-0.343311
0.186705
-0.541627
-0.256921
0.246484
-0.187273
0.0990846
1.11535
-1.51815
1.19602
-1.74549
1.11164
-0.912786
1.33091
0.0850933
-0.525755
1.2333
-1.3266
0.685063
0.746525
0.426071
0.640594
-0.923296
-0.472659
-1.05912
-0.360374
0.122223
0.693535
1.24303
0.986867
0.531434
-0.89406
-0.189742
1.12113
-0.953257
-0.791021
1.13883
1.50668
1.10983
-0.0610632
-0.623152
0.228466
0.0177132
1.00102
0.338931
0.289855
-0.0127561
0.0593032
0.689788
0.250231
-0.151078
0.365542
0.303316
0.197465
0.285501
-0.397497
0.0280417
-0.0273254
-1.23901
-0.374465
0.648935
0.267288
0.147197
0.0464718
-0.0393934
0.0893096
0.292699
0.142785
0.0042665
0.0587709
-0.119015
0.139912
-0.0902923
-0.104662
0.154569
0.458467
-0.11087
-0.193098
0.0845888
0.0600541
-0.0228303
0.292136
-0.297238
0.137329
0.83911
-0.739697
0.572487
0.13799
-0.186409
0.241987
0.013009
-0.196315
0.23672
0.154931
-0.136572
0.114428
-0.363684
0.265271
0.333114
0.585372
-0.00560457
-1.04926
0.403615
0.892708
0.990052
0.584434
-0.579658
0.00578713
0.133451
0.221266
-0.038902
0.122582
0.172486
0.195921
0.159196
-0.110861
0.137763
0.186609
0.184922
0.0718851
-0.051146
0.143614
0.128416
0.147189
-0.0154676
0.0298967
0.159406
0.152363
0.131429
-0.110829
0.117899
0.154344
0.153615
0.0357051
-0.0309374
0.121567
0.10995
0.131974
-0.0578613
0.0537572
0.127841
0.146204
0.104287
-0.10876
0.0957391
0.131161
0.136406
0.0317333
-0.0335133
0.134399
0.0899961
0.111494
-0.0347581
0.0419979
0.134533
0.181646
0.102309
-0.118203
0.0889235
0.142087
0.156454
0.0264034
-0.0624106
0.0487688
0.11492
0.0874269
-0.0419681
0.07953
0.221375
0.231701
0.144013
-0.0374895
0.110126
0.143434
0.140292
0.0216929
-0.0309674
0.11917
0.166865
0.0742645
0.134987
-0.172658
0.124654
0.205023
-0.0654607
-0.109759
0.130131
0.125454
0.0848285
0.00116503
-0.0405045
0.153275
0.122219
0.0952715
-0.0227959
-0.118263
0.138708
0.141518
0.0850307
0.131082
0.0958972
0.108552
0.134243
0.0449533
-0.0168018
0.120492
0.359216
0.149966
-0.0682166
0.0473324
0.131624
0.112562
0.0885968
-0.106216
-0.190698
0.13709
0.111079
0.106
0.0240525
0.0805335
0.10515
-0.0821846
-0.0726116
0.0308236
0.155648
0.365448
0.0607021
-0.105922
0.0289111
0.100993
0.117566
-0.00830615
-0.0150407
0.102867
0.104727
0.124621
-0.0884726
-0.0168884
0.142492
0.114152
0.168776
-0.178339
0.109904
0.0696386
0.0964123
0.0954492
-0.065011
0.0896668
-1.22198
-0.180521
0.0548391
-0.0553932
0.136443
0.079459
0.0619102
-0.212774
-0.213838
-0.327656
0.262385
-0.0625374
-0.146733
0.0866396
0.0784025
0.130682
-0.120504
-0.408749
-0.945129
0.152505
0.0988188
-0.164219
-0.0541377
0.072926
0.0887765
-0.447489
-1.42098
-0.0781236
0.0844977
0.00955719
-0.201851
0.0323566
0.244902
0.275331
-0.616925
-1.32484
-0.153034
0.158413
0.143513
-0.059072
-0.153083
0.119868
-0.0657921
1.93892
2.81895
-0.21651
0.129674
0.225249
-0.0298387
-0.0393236
-0.110249
-0.0777466
0.0595617
0.111614
-0.0766274
0.0135548
0.0698702
0.0717243
-0.0460651
-0.14197
0.0138056
0.920313
-0.0817995
-0.176837
0.103526
-0.0748277
0.141847
0.0971618
0.45614
-1.48181
-0.147863
-0.0140841
-0.0979178
0.0545721
0.104169
0.123438
0.0154351
-0.0449607
-0.471821
-1.06485
0.18068
0.0360615
-0.0663967
0.0878747
-0.111492
0.115917
-0.216195
1.07706
0.22599
-0.00501037
-0.0553413
-0.148147
0.00634661
-0.0024488
0.136461
0.564625
0.0751376
0.189504
0.0128496
0.0159671
-0.159863
-0.120208
0.0382278
-0.109328
-0.625476
-1.43724
0.0536582
-0.0176015
0.105125
0.221247
-0.0944765
0.0468874
-0.040657
0.148555
-0.0629182
-0.109951
0.111228
0.0490487
0.0111746
-0.20845
-0.0844064
0.0849726
0.0861518
0.0125682
-0.0672216
0.00927424
0.166372
0.0832572
-0.0462086
-0.144129
-0.0725381
0.112636
0.0996864
-0.0488975
0.0157055
-0.0500967
0.105239
0.0630347
-0.109221
0.0609243
-0.0145212
0.0663327
-0.10201
-0.113285
0.00960684
-0.0270622
0.0237702
-0.0686135
-0.114911
0.0663118
0.0616574
0.0502075
-0.0451317
-0.0166811
0.0983109
0.0280337
-0.0264001
0.046338
0.139448
0.300876
0.119943
-0.0441206
-0.0316825
-0.00790429
0.126195
-0.114109
-0.116214
0.0269816
0.0505567
0.114966
-0.056143
-0.0840983
0.0052737
-0.312876
0.00966358
-0.0732617
-0.134787
0.0125501
-0.918934
0.387182
-0.0759834
-0.100293
0.129671
-0.645849
0.625144
-0.206764
-0.0839195
0.095834
0.0443466
-0.077137
0.0853509
-0.1075
0.13815
-0.0784178
0.0798378
0.0819674
-0.0592615
0.0622923
-0.224583
-0.177895
0.0396408
-0.0208144
-0.0192406
-0.076149
-0.0268567
0.00347757
0.0304327
0.0908595
-0.0220988
0.0867629
0.126242
0.0985503
0.0188456
-0.0317203
-0.13328
0.259641
0.0781276
-0.000800967
-0.0253394
-0.148228
0.248188
-0.268864
0.0921373
0.0328641
-0.0366831
-0.03248
-0.139613
0.00588918
0.0440626
0.0128002
-0.0526946
-0.190799
-0.0639586
0.0482497
0.0236042
0.0802258
-0.23234
-0.0707827
0.117568
0.0793066
0.099654
-0.0305584
-0.080864
0.048564
0.0728636
-0.135732
0.0105487
-0.0996444
0.0751709
-0.0740583
-0.0182359
-0.445285
-0.2682
0.0325605
-0.0701442
-0.157809
0.0436305
-0.0334587
-0.317532
-0.292527
-0.033175
0.100217
-0.0893056
0.00926638
-0.0680037
-0.0633276
0.205935
0.0759473
0.0262496
-0.0219981
-0.19604
0.0488913
0.0353069
0.0109942
0.120044
-0.0705516
0.0655597
-0.0266931
0.0415155
-0.00992455
-0.0630505
0.0340232
-0.128378
0.0897458
0.0489323
-0.0408691
0.0336897
-0.111388
-0.0659001
0.0633504
0.0217192
0.0796876
-0.061654
-0.0506456
0.16944
0.0603137
0.0645519
-0.0138813
-0.0162616
0.0932596
-0.0456506
0.0402891
0.0422912
-0.10077
0.0791212
-0.0302582
0.0157357
0.0209053
-0.0952995
0.0254287
-0.0907559
-0.0554897
0.0592381
-0.0125483
0.129223
-0.158669
-0.157245
0.0786283
-0.0479501
0.126515
-0.0653517
-0.100972
0.0987906
0.114637
0.12694
-0.0813602
-0.068924
0.0957813
-0.0150589
-0.0321722
0.0239576
-0.0927765
0.0598488
-0.0815275
0.0224209
-0.023613
-0.071208
0.0203504
-0.0898509
-0.0315905
0.0498369
-0.0454682
0.0659122
-0.112626
-0.039901
0.111045
-0.0202142
0.0835547
-0.0622302
-0.0392745
0.0927281
0.00264871
0.0870905
-0.00730792
-0.0815156
0.089638
-0.0405055
0.0547053
0.0284693
-0.127578
0.0571746
-0.0968509
0.0369208
0.0084568
-0.0914149
-0.000448041
-0.114822
-0.0192813
0.0392005
-0.0672342
0.0747244
-0.0826695
-0.0617765
0.0897725
-0.0224032
0.0801697
-0.0572456
-0.0413725
0.0986116
0.0268378
0.0903337
-0.0146241
-0.0714657
0.0871561
-0.0493186
0.0762942
0.0346261
-0.0966268
0.0488166
-0.080344
0.0343125
0.00932258
-0.0955606
0
-0.10159
-0.00813293
0.0536138
-0.067476
0.0625401
-0.0884511
0.018583
0.089318
-0.0289596
0.0915301
-0.0538802
-0.0319979
0.101512
-0.000874013
0.0966311
-0.0133491
-0.0703135
0.084512
-0.0514693
0.0833445
-0.0503794
-0.101556
0.0417756
-0.0730877
0.0292218
0.0198103
-0.0980277
0.00777464
-0.104096
0.00131847
0.0541487
-0.0836012
0.049279
-0.0708334
0.00214702
0.0914574
-0.0239046
0.0833936
-0.0531914
-0.0229611
0.107929
-0.0084752
0.106418
0.0185823
-0.0585721
0.0627446
-0.0501356
0.0938694
-0.0143653
-0.0921319
0.0367451
-0.0542276
0.0758573
0.0171216
-0.100188
0.00958332
-0.121458
0.0146686
0.0731388
-0.091186
0.0344323
-0.0875647
0.0280926
0.096988
-0.0779043
0.0814226
-0.0402364
-0.0331187
0.16482
0.0475429
-0.00735688
-0.0184458
-0.114846
0.0799959
-0.077526
0.0881958
-0.00336623
-0.0752115
0.0921509
-0.0860977
-0.0205474
0.0639018
-0.0660799
-0.0617855
-0.115783
0.0262906
0.0936902
-0.0511622
0.0696111
-0.0841768
0.00340903
0.0955703
-0.0316467
0.0699463
-0.0498821
0.143495
0.134263
-0.00987527
0.101476
-0.131613
0.0573332
0.0866039
-0.0451082
0.0853987
-0.0331699
-0.0320261
0.0238535
-0.0948844
0.0884452
0.0595623
-0.109682
-0.00267494
-0.0943103
-0.00104594
0.0751657
-0.0619133
0.0194482
-0.0681181
0.0069201
0.0263364
-0.0671936
0.0521224
0.00745058
-0.0236403
0.130019
0.00647537
0.00535965
0.0148091
0.0131338
0.0743167
-0.0727037
-0.0606775
0.0681814
-0.132996
-0.0281138
-0.447855
0.157047
0.0640972
0.30546
-0.212892
-0.0893128
0.0610471
0.831797
0.126926
-0.330595
-0.064754
0.0584992
0.0847852
0.0360948
0.204263
0.043453
0.00232995
0.127092
-0.203177
0.140803
-0.03476
-0.0497733
0.0809979
-0.0764179
0.0838213
0.0498455
-0.0804601
-0.0523849
-0.0213563
0.0256402
0.0679027
-0.0970793
-0.0377096
-0.137325
0.0147929
0.0774152
-0.0908463
0.0465996
-0.27127
-0.313403
0.0973492
-0.0173572
0.0963571
-0.155406
0.17211
0.0824764
-0.0525863
0.140858
-0.0206244
0.00309944
0.0382318
-0.027025
0.152472
-0.108638
-0.205256
-0.228158
-0.0817859
0.0242362
-0.0111051
-0.0155108
-0.178408
-0.0709393
0.0155406
0.0719179
-0.258413
0.0117828
-0.0268812
0.0198348
-0.0194538
0.132572
0.114298
-0.0670726
0.0599142
0.123782
-0.318783
-0.121368
0.0107431
0.091915
0.0206697
-0.151155
0.480852
0.0290709
-0.0945089
-0.061857
-0.105898
-0.154619
0.0467635
-0.140147
-0.0417737
-0.17555
0.245213
0.100517
-0.0991609
-0.00612247
-0.0906744
-0.000882626
0.0438879
-0.0870624
0.0284768
-0.201605
-0.15256
0.119708
0.0412588
0.223011
-0.0214602
0.000728473
0.0370507
-0.0518796
0.124099
0.00529969
-0.0993985
-0.0909832
-0.111149
0.0985413
0.062615
-0.103656
-0.0338411
-0.105557
0.0930564
0.105284
-0.101298
-0.000943244
-0.0653901
0.0473883
0.10485
0.00916755
0.0288912
-0.0914714
-0.0115986
0.116845
-0.141865
0.0485725
0.0290172
-0.0980748
-0.097995
-0.0851824
0.0822985
0.0310454
-0.0981522
-0.122405
-0.139806
0.113239
0.054103
-0.166263
-0.0246558
-0.024272
0.0966792
0.132415
0.0564361
-0.0269479
-0.0845664
0.00119257
0.135118
0.0826049
-0.20626
-0.395391
-0.188447
0.106324
-0.0937049
0.0991464
-0.0722913
-0.0679245
-0.0545466
0.993023
-0.202041
-0.0382416
-0.030025
-0.0590475
-0.150297
0.185401
-0.0220869
0.489194
-0.477436
-0.244756
0.226692
0.0341473
0.0281265
-0.0367193
-0.116107
-0.471772
0.0213537
-0.321374
0.445204
-0.271108
0.0510373
0.15319
0.0871577
0.224603
-0.356358
-0.102424
-0.667068
-0.00712776
0.19293
0.0465214
-0.0938697
-0.281739
-0.342199
-0.556603
0.511702
0.718178
-0.821427
-0.135746
0.122193
0.084352
0.0960581
-0.272678
-0.0697651
0.0588496
0.0971689
-0.00777984
0.0709713
-0.0680373
-0.0272913
-0.19512
0.795339
0.271646
-0.0577965
-0.131209
0.117062
-0.144783
0.343055
0.278325
0.257361
-0.987376
-0.988329
-0.082289
0.0272706
-0.0234404
-0.00597644
-0.100865
0.0892266
0.312556
-0.281836
-0.299249
-0.0350208
0.112261
0.156709
-0.0135739
-0.00700617
0.0972729
-0.404916
0.159803
-0.13817
-0.0888913
-0.0542989
-0.000950336
0.0185681
-0.100376
0.0491836
-0.163417
1.19692
-1.49444
-0.0887802
0.163639
0.0181057
-0.013213
-0.0261751
-0.340246
0.402832
0.0345694
0.184834
-0.322587
-0.0913353
0.0762634
0.181524
0.000261307
-0.168777
-0.0249398
0.0853999
-0.172631
0.0195253
-0.0209169
-0.000429153
-0.0603904
-0.0781727
0.0771542
-0.145669
0.0595853
-0.131649
-0.104239
-0.0145077
-0.0179363
0.0652528
0.131608
-0.0664032
-0.220418
-0.0576804
0.1148
0.0523541
0.0258622
-0.080766
0.0482748
0.0714018
0.0837628
0.0337036
-0.088074
0.0873615
0.190013
-0.0671811
0.0933217
-0.0277078
0.1964
0.0954738
-0.0884269
0.0948904
-0.110416
0.0869596
-0.0275182
-0.164837
0.0876338
-0.0748849
0.10238
-0.136067
-0.0996294
0.104461
-0.00671363
0.113599
-0.0627116
-0.199931
0.143605
-0.0972267
0.0122625
-0.208554
-0.0587215
0.0541329
-0.0959601
-0.0479391
-0.167442
0.027511
-0.0355603
-0.129473
0.11604
-0.0563383
0.0691853
-0.0680411
-0.161101
0.0702956
-0.115168
0.0856749
0.134829
-0.105601
-0.0172048
-0.0164521
0.160182
0.00245047
-0.0240002
-0.0122129
0.0285538
0.103437
-0.016678
0.045803
-0.134568
0.0916343
0.189671
-0.11346
0.119709
-0.134642
0.136901
0.105198
-0.15419
0.113195
-0.14747
0.142525
0.0182681
-0.154035
0.161232
-0.135499
0.0237644
-0.0374143
-0.107038
0.135981
-0.078018
0.0864444
-0.0982447
-0.117744
0.1054
0.000650406
0.141406
-0.147356
-0.0315092
0.0155351
-0.145224
0.166142
-0.151595
0.0757244
-0.0818398
-0.171421
0.135135
-0.188071
0.147385
0.181789
-0.173808
0.0903566
-0.144684
0.202077
0.0633562
-0.0955882
0.164965
-0.265814
-0.0673294
-0.0802531
0.198674
-0.367738
0.325094
0.609458
0.736027
-0.696014
0.247061
-0.532058
0.0509764
0.209374
-0.260634
-0.0160029
0.0450583
0.0662324
0.165777
-0.345098
0.51443
0.263576
-0.188291
-0.504659
0.718111
0.556581
0.404088
-0.21261
-0.438592
0.251207
-0.273702
-0.0217276
-0.0905185
0.219184
-0.458789
-0.101422
0.0602571
0.00215197
-0.176117
0.170152
-0.121087
0.13074
-0.11689
0.318429
-0.304779
-0.332352
0.216767
-0.191911
0.170116
0.0365744
-0.0967181
0.771777
-1.32435
-0.0689969
0.292943
-0.298095
0.0464506
-0.139794
0.285177
-0.0166521
0.012815
-0.399478
0.0975718
-0.171133
-0.3654
0.290074
-0.862307
0.751058
0.707682
0.433084
-0.496507
0.579924
-0.300554
-0.384927
-0.336688
-0.191939
1.45667
-0.393745
0.112733
1.79584
-1.14822
-0.386864
1.24498
-1.10424
-1.36968
1.27617
-1.25677
-1.67324
1.37684
0.100556
0.0228152
-0.401074
1.82711
-1.69709
-1.90196
1.66623
2.04409
1.12261
-1.16369
-0.040856
-0.151068
1.34179
-1.0741
1.38908
0.0692891
-0.00023818
-0.0516193
0.174081
-0.228891
-0.324299
-0.194073
0.126543
-0.205526
-0.0911504
-0.00472426
0.381245
-0.356477
0.180562
-0.0967827
-0.184945
0.191839
-0.205366
0.0706851
-0.147723
-0.0228891
0.0143436
0.11771
0.487072
0.622719
-0.621963
0.0527306
0.200883
-0.213479
-0.376275
0.119464
-0.0546454
0.25149
-0.0908736
-0.303404
0.121863
-0.125508
0.0568237
-0.0321493
-0.119907
0.120375
0.0842628
0.0233324
-0.126215
0.0204582
0.101357
0.112505
-0.0398076
-0.156919
0.426481
-0.199191
0.0879085
-0.047601
0.00194502
0.0612146
-0.0930481
0.162587
0.0425062
-0.165254
0.152452
-0.204301
0.197725
0.191205
-0.191815
0.147004
-0.139446
-0.0742545
0.0585463
-0.130508
0.126766
-0.194011
-0.152316
-0.0202487
-0.0923264
0.0966072
-0.154256
-0.0318527
-0.402606
0.259217
0.162032
-0.0371877
0.21014
-0.300641
0.211493
-0.174875
-0.264604
0.246782
-0.109841
0.147458
-0.121793
-0.178588
0.0574733
-0.0877967
0.187383
-0.0119677
-0.124323
0.222235
-0.0199652
0.0655181
-0.231813
0.00310183
0.081949
-0.245294
0.0615578
0.643868
0.211479
-0.64418
-0.624412
-0.223964
0.530093
-0.472615
0.194758
0.172507
0.176972
-0.215541
-0.0973604
0.0238247
0.108382
0.135173
-0.237842
-0.0849615
0.0259679
-0.124667
0.037328
-0.0737894
0.0399334
0.0157171
-0.0945179
-0.28858
0.260533
0.257667
-0.350474
-0.163502
-0.690499
0.894669
-0.259632
-0.863355
0.653129
-0.335628
0.301274
-0.0186477
-0.309471
0.244697
-0.250036
0.353756
0.166649
-0.320298
0.36985
-0.355715
0.450103
0.158976
-0.161641
0.0731905
-0.135192
0.516192
-0.171955
-0.0111644
0.038233
-1.22642
-1.05571
1.12442
-1.11677
0.00917578
0.0704744
-0.120872
0.0326798
0.247975
-0.121734
0.104664
-0.185905
-0.0667659
0.238239
-0.255868
-0.15274
-0.15711
0.0602996
0.522867
-0.504086
-0.332614
0.708337
-1.07517
0.640901
-0.417137
-0.457535
-1.69755
1.08994
0.296845
-0.978918
0.474905
-0.798334
0.541581
0.344078
-0.453486
-0.102073
-0.515932
0.350433
0.124473
0.0853374
-0.180398
0.265366
-0.366263
0.363288
0.459945
-0.704206
2.3627
-2.20762
-2.55044
-2.70626
2.2262
-0.9108
1.29006
0.560826
-1.4454
1.00685
1.9483
1.75499
-2.11737
0.789626
1.04347
0.167042
0.215109
0.06666
0.167279
0.46997
-2.29472
-1.19592
2.1713
-1.06198
-1.32122
2.11195
14.2491
-5.40249
-31.754
24.0936
31.6435
8.47162
-2.75546
-9.30714
9.63011
7.16717
1.09269
0.325176
-1.26612
-1.32277
1.36829
1.6088
-0.869336
-1.02344
-2.04512
1.22101
-0.770423
1.50543
4.10601
-1.18226
-3.1058
-18.4455
15.4382
17.8102
19.7038
-12.869
13.3354
-11.1973
-14.7154
3.21129
11.9361
1.21648
1.97754
-1.44697
-0.77671
1.33669
2.19846
2.20094
-3.59165
-2.19176
1.42548
-0.440743
-1.1922
-0.602754
-0.358337
0.800604
0.96116
3.51236
-1.31216
15.3498
-28.4489
-14.0448
12.1657
-8.3141
5.08208
3.67528
-8.51479
0.019623
-1.96096
-0.273685
0.87798
1.70297
1.96682
1.1822
1.15942
1.55725
0.843555
0.0310934
0.37228
1.55288
0.406455
-0.96653
0.59739
-4.81216
2.71011
-43.4216
45.9404
0.0980933
-4.56341
5.36098
14.4077
-15.4746
0.236229
-0.672848
1.01299
2.30518
3.202
2.9165
2.56933
0.364411
0.944275
-1.68734
-1.98892
-2.55215
-4.18769
-5.97404
-1.29995
-4.44904
-4.39182
3.66706
23.0916
-33.7954
-49.3393
16.1173
3.0345
18.3395
-0.749188
-9.24594
0.442677
-1.24386
0.0397663
-1.92905
-2.98933
-3.29807
-1.67881
1.50895
1.55023
-2.72613
-3.13962
2.75405
3.20864
2.96208
-0.470615
-2.49482
10.8105
13.0669
9.8069
0.643098
-1.45354
-51.5975
24.378
62.608
-67.3831
0.0149829
-5.19254
-0.891891
4.82433
-1.89172
-1.42017
0.046988
2.27103
3.30578
-1.59244
-1.26353
-1.94064
0.036387
0.406562
-2.54621
-0.611057
0.794607
1.44045
-0.837293
-1.5701
