0.0780494
0.0273686
0.0193274
0.0340824
0.051999
0.0493896
0.0535671
0.0699481
0.0639094
0.059431
0.0734644
0.0502259
0.062483
0.066924
0.0468358
0.0482875
0.0546592
0.0462493
0.0495669
0.0614612
0.0442799
0.0525221
0.0825664
0.0791222
0.0980704
0.12512
0.12171
0.134721
0.138466
0.124714
0.0999449
0.0941133
0.0987693
0.0441319
0.0309345
-0.00569828
-0.0308957
-0.0433668
-0.0579685
-0.0933954
-0.0761521
-0.0950872
-0.121524
-0.110376
-0.120366
-0.129465
-0.135545
-0.128606
-0.126659
-0.1254
-0.0987153
-0.100963
-0.08979
-0.065554
-0.0795002
-0.0607164
-0.0311819
-0.0630003
-0.0417585
-0.0240794
-0.00800231
-0.0190214
0.0118334
0.0124047
0.0324389
0.0394322
0.0218181
0.0333714
0.0245421
0.0153646
0.00638577
-0.00131424
-0.00480426
-0.0251391
-0.0395198
-0.0523941
-0.0498176
-0.04498
-0.0490165
-0.0577561
-0.0465914
-0.0259246
-0.020466
0.00165156
0.0106397
0.0627297
0.0554915
0.0806309
0.105788
0.0798513
0.11693
0.129989
0.143482
0.142329
0.140467
0.158817
0.180333
0.174879
0.177712
0.149192
0.174242
0.162786
0.140608
0.0976026
0.131207
0.0752921
0.0206939
0.0723084
0.0245988
-0.0285371
-0.0705935
-0.0713673
-0.133031
-0.132008
-0.111189
-0.156626
-0.153288
-0.152459
-0.153864
-0.144265
-0.108774
-0.145353
-0.132127
-0.114127
-0.120408
-0.112001
-0.0869253
-0.0832206
-0.0399953
-0.0906569
-0.0814222
-0.0493253
-0.0349261
-0.0208735
0.0140012
0.0376145
0.0185797
0.0172011
0.0466408
0.0409002
0.0498671
0.0550994
0.0257403
0.0355554
0.034987
0.0314061
0.017186
0.01126
-0.00464616
-0.010532
-0.0171629
-0.0300149
-0.018854
-0.0332652
-0.0390589
-0.0332332
-0.0106184
-0.0359887
-0.0218131
-0.0138031
-0.00505617
0.0210843
0.0307086
0.0364331
0.0184551
0.0390648
0.0506917
0.0611023
0.0822943
0.051092
0.0539124
0.0730907
0.0593903
0.074926
0.0689639
0.051511
0.0542988
0.066119
0.0587687
0.080429
0.0700052
0.0757629
0.0859458
0.0954192
0.0942007
0.129999
0.154451
0.131096
0.132768
0.087817
0.0628828
0.0142567
0.111765
0.0521242
-0.0240167
-0.0477563
-0.0843277
-0.10905
-0.135697
-0.146152
-0.0959882
-0.157315
-0.157162
-0.159292
-0.162588
-0.112888
-0.122785
-0.170583
-0.150805
-0.147519
-0.108786
-0.0939519
-0.0394712
-0.0401732
-0.104671
-0.0506027
-0.0268165
0.0031589
-0.00834443
0.0393746
0.0509888
-0.00521844
0.0526675
0.0696834
0.063578
0.085476
0.0893629
0.0670822
0.0853852
0.0836728
0.0561681
0.0399892
0.0629849
-0.00844327
-0.0116173
0.012771
-0.0393459
-0.042264
-0.0262431
-0.0701774
-0.0490922
-0.0222789
-0.078437
-0.0314183
-0.0345492
-0.00955573
-0.00299526
0.0365834
0.048919
0.00237554
0.0668038
0.0635233
0.0809846
0.0897433
0.0728263
0.0812371
0.189962
0.0699596
0.0709813
0.0722321
0.0757097
0.0559909
0.0902506
0.0360006
0.124445
0.142156
0.111491
0.156715
0.0644611
0.099259
-0.0105143
0.0911037
0.109376
-0.0193342
0.0154665
-0.105079
-0.105157
-0.0864906
-0.132124
-0.116899
-0.142024
-0.171084
-0.144893
-0.179891
-0.0483253
-0.192654
-0.2003
-0.127039
-0.193886
-0.0580782
-0.0995374
-0.0119514
-0.0957986
-0.119094
-0.0263644
-0.0508958
0.0431046
-0.0151343
0.0260804
0.0124142
-0.0296501
0.0453611
0.0457203
0.0519928
0.0576448
0.0767518
0.0847303
0.0823457
0.0760384
0.0814273
0.0469937
0.05659
0.0115443
0.0216011
0.0316173
-0.0277039
-0.0309824
-0.0390592
-0.0560804
-0.0244211
-0.0578865
-0.080915
-0.0366663
-0.0578438
-0.0170304
-0.0339003
0.0133633
0.0149514
-0.00997327
0.054554
0.0454653
0.0852922
0.101744
0.0608671
0.110377
0.111815
0.0939156
0.115169
0.0828326
0.115269
0.0288021
0.0885916
0.13159
0.103729
0.172386
0.0705055
0.133657
0.0397495
0.103516
0.21634
0.0491788
0.108936
-0.0396941
0.0317762
-0.0532586
-0.0998921
-0.00677657
-0.120325
-0.117719
-0.116514
-0.173704
-0.128397
-0.181329
-0.197495
-0.160342
-0.226996
-0.107803
-0.213203
-0.015932
-0.051944
-0.184444
-0.0572665
-0.109228
0.020915
-0.00693736
0.03217
0.0209668
-0.0741091
0.0358697
0.0204825
0.0463098
0.0407932
0.0290688
0.0778912
0.13592
0.0631382
0.0739928
0.0335819
0.0586464
0.0248125
0.0453504
-0.00475866
0.00442176
0.00556147
-0.0256627
-0.0361219
-0.0116152
-0.0405464
-0.0140155
-0.0524357
-0.112922
-0.0110299
-0.0411821
-0.020152
-0.0364729
-0.0246561
0.0151244
0.0175765
0.0719864
0.0425813
0.0244988
0.0961496
0.0335252
0.134453
0.130935
0.0384115
0.117133
0.0663706
0.123354
-0.00436348
0.0691069
0.129197
0.099722
0.173907
0.00704154
0.048885
0.00298482
0.122003
0.213997
-0.01293
0.00384624
-0.0443722
0.00163737
0.0656438
-0.0770031
-0.0839968
-0.121866
-0.116114
-0.0065376
-0.143664
-0.064721
-0.239418
-0.233397
-0.0574108
-0.178707
-0.0927199
-0.221734
-0.00829363
-0.0309357
-0.128597
-0.0325109
-0.1112
-0.00767882
0.014283
0.0195849
0.0115794
-0.0619413
0.0288468
0.0322413
0.0425584
0.0591669
-0.0403836
0.0261307
0.0843779
0.0374337
0.0778185
0.00382611
0.0201156
-0.000969304
0.0221809
0.017042
-0.0075174
0.000686306
-0.0401629
-0.0413815
0.0137261
-0.0236225
-0.0572453
-0.0409538
-0.100077
-0.00574372
-0.0121008
-0.00425281
-0.0275201
-0.0984192
0.0125002
0.0510294
0.0791577
0.0789478
-0.0509521
0.0383164
0.136476
0.133431
0.147076
-0.0202598
0.0661982
0.0275847
0.127385
0.157511
0.00922817
0.100252
0.0651757
0.177702
0.0383822
-0.000423472
0.124932
0.0641109
0.175354
0.0428088
-0.0326899
-0.0383529
-0.0418566
0.0947329
0.0725231
-0.0635144
-0.106806
-0.126744
0.105247
-0.042353
-0.0215251
-0.219138
-0.26711
0.0199383
-0.0954145
-0.0531089
-0.197857
-0.0958768
0.00738075
-0.0602167
-0.000644196
-0.0949551
-0.0869484
0.0168101
0.0136729
0.0227204
-0.0252597
-0.0271166
0.0315831
0.0431511
0.0588281
-0.0410135
0.00670761
0.0632133
0.0404454
0.0535994
-0.000520304
-0.00302019
-0.00361783
0.00620925
0.000158757
0.00260552
-0.0132822
-0.0187936
-0.0497124
-0.00895256
-0.00843345
-0.039152
-0.0383186
-0.0927154
-0.0487229
-0.00958911
0.00973324
-0.0164154
-0.0698279
-0.0530394
0.0649883
0.0863028
0.110164
-0.0816995
0.0078162
0.122032
0.128981
0.183105
-0.0273871
0.0119252
0.00879034
0.134142
0.185777
-0.00307236
0.0397407
0.0426384
0.175112
0.102577
0.00960045
0.0591114
0.0288456
0.156671
0.0981327
-0.00653829
-0.0255946
-0.0443728
0.139916
0.0539129
-0.0682594
-0.106305
-0.177183
0.149823
0.0384084
-0.211497
-0.214881
-0.30111
0.0225815
-0.0237366
-0.0178928
-0.160108
-0.287808
-0.0117618
-0.00332842
-0.00918347
-0.058494
-0.152825
-0.0196292
0.0464253
0.0457743
0.011002
-0.0653255
0.01723
0.019544
0.0505766
0.0479749
-0.0131677
0.0301586
0.0176341
0.023633
0.0103804
0.00273316
-0.00659786
-0.00989833
-0.0393578
0.00315667
-0.00671849
-0.012637
-0.0470977
-0.103882
-0.0156117
-0.0126849
0.00679126
-0.0644928
-0.111011
-0.0146845
0.0704027
0.0403534
-0.00225185
-0.0967708
0.0373597
0.0524257
0.134441
-0.0181738
-0.0268309
0.0681282
0.0919918
0.180705
0.0301063
-0.00245403
-0.00415561
0.0833442
0.175496
0.0315709
0.00318834
0.0222804
0.128797
0.169205
0.0318796
0.00778972
0.0170577
0.13573
0.16812
0.0312637
0.00488394
-0.02299
0.121151
0.157274
-0.0369818
-0.078125
-0.195234
0.118631
0.0665252
-0.132033
-0.185963
-0.322939
-0.0501232
0.0178765
0.0182128
-0.150987
-0.262632
-0.109735
0.0132384
0.0298842
-0.0264559
-0.156687
-0.0617374
0.0420187
0.0372186
0.0178638
-0.0482262
-0.0388024
0.00550193
0.0393902
0.0111754
-0.00183367
0.00239659
-0.00453686
0.00660441
0.00545838
-0.0080235
-0.0051765
-0.0275449
-0.065848
-0.0382908
-0.000598487
-0.0172446
-0.0495914
-0.105708
-0.106753
0.00907271
0.00903787
-0.0302652
-0.166177
-0.125805
0.0625011
0.0675091
0.115533
-0.0966767
-0.0567834
0.0202581
0.0917878
0.193778
-0.00668643
-0.0151314
0.0382653
0.085595
0.16329
0.00146367
-0.00575265
0.0597275
0.0930214
0.110059
0.00857858
0.0170173
0.0930315
0.158006
0.143015
0.00373939
0.0119952
0.12713
0.209923
0.182125
-0.0238495
-0.0191334
0.08473
0.219779
0.168846
-0.0545651
-0.113774
-0.0995377
0.116192
0.0613024
-0.130863
-0.202767
-0.292072
0.0105794
0.0173039
-0.0963985
-0.100959
-0.256437
0.0027541
-0.0572668
0.020316
0.0638278
-0.110487
0.0186875
-0.0206347
0.0225681
-0.0375659
-0.0336897
-0.00809263
0.00490224
-0.00740566
-0.00898586
-0.00546972
-0.00960027
-0.0177998
-0.0386149
-0.00856352
-0.0164813
-0.024426
-0.0458313
-0.116422
-0.0187649
-0.0868006
-0.0375652
-0.0327697
-0.159399
-0.00987211
-0.087865
0.0446984
-0.128858
-0.119224
0.0386978
-0.0428056
0.154943
-0.0388309
-0.0141314
-0.00825603
0.00626186
0.202058
0.0325788
0.03607
0.0170178
0.00303555
0.136879
0.0105613
0.0220534
0.0425549
0.0198702
0.142311
0.0036479
0.0782187
0.114424
0.0923517
0.209756
0.00427607
0.0891662
0.114952
0.257843
0.263962
-0.0412239
0.0717196
0.0593379
0.261263
0.237781
-0.00809537
-0.0429021
-0.197805
0.099847
0.0325101
-0.101481
-0.0436372
-0.388552
-0.0659986
-0.0622966
-0.0437298
0.0145305
-0.207504
-0.0403834
-0.138904
0.0469779
0.0555051
-0.0253119
0.0100169
-0.0338954
0.0110751
-0.0105636
-0.0184246
0.00147681
-3.11253e-05
-0.0302896
-0.0180537
-0.0439853
-0.00664905
-0.000552485
-0.0838155
-0.0366586
-0.0785546
-0.0184236
-0.00558617
-0.0972323
-0.0638553
-0.112966
0.00195412
0.0358812
-0.0771346
-0.0386339
-0.165672
0.0810654
0.106658
0.0235135
0.00483368
-0.0736678
0.175349
0.0491123
0.123913
0.0596288
-0.0221932
0.163474
0.0551671
0.104031
0.000957942
-9.00114e-05
0.105741
0.0100137
0.0592139
0.0381376
0.0136113
0.132813
-0.00314094
0.111229
0.0655328
0.00915374
0.190758
0.0181073
0.198988
0.0972515
0.292408
0.264584
-0.0191345
0.231826
-0.00197513
0.272242
0.122371
0.0481316
0.133768
-0.323383
-0.000522332
-0.190408
-0.0390106
0.0272122
-0.212364
-0.106033
-0.246224
0.0241055
0.0247263
0.0121388
-0.0650506
-0.0849876
0.0429841
0.0148918
0.0486859
0.000798406
-0.00769256
-0.0399687
-0.0395909
-0.0603575
0.000888254
-0.0130561
-0.0895009
-0.0721039
-0.0923598
-0.00120151
-0.0241559
-0.108807
-0.0907009
-0.138834
0.0020269
-0.0521523
-0.0413752
-0.106482
-0.185165
0.0541264
0.00452609
0.0705924
-0.0873851
-0.0579121
0.122035
0.0452859
0.153126
-0.0252202
-0.00804435
0.121903
0.0801659
0.133636
0.0220996
0.00708244
0.101294
0.0363762
0.0925069
-0.00136636
-0.00843829
0.132923
0.0492074
0.131777
0.0288717
-0.00220549
0.0908427
0.0579295
0.184264
0.0463863
0.00810607
0.109153
0.0519841
0.276768
0.0704854
0.00354421
0.173179
0.0255836
0.324613
-0.0998529
0.217795
-0.116648
-0.123537
0.12087
-0.422864
-0.126024
-0.459678
-0.00045003
-0.0991439
-0.34556
-0.222234
-0.273646
0.0602278
-0.0420726
0.137449
-0.0425958
0.0194319
0.0150275
-0.0310485
-0.021588
0.0183349
-0.0231307
-0.105966
-0.0201099
-0.13386
0.00262913
-0.115556
-0.0790514
-0.121049
-0.0926468
-0.0109876
-0.092044
-0.103044
-0.130691
-0.137977
0.00809777
-0.154258
0.0780494
-0.0863594
0.0184929
0.0560165
-0.059413
0.12731
-0.0744792
0.0936368
0.117326
-0.0196555
0.117727
-0.0346915
0.0859832
0.0527237
0.0717705
0.0558591
-0.00796862
0.00739275
0.0687761
0.0168119
0.0667686
-0.011702
0.00261363
0.150335
0.0411865
0.181519
0.0132644
0.0434192
0.0251366
0.0809194
0.226947
0.0459179
0.0462008
0.0368724
0.0939159
0.273666
0.0706956
0.0427577
0.051353
0.0894953
0.310676
-0.169249
0.109993
-0.3009
-0.0404387
-0.0303746
-0.44592
-0.27367
-0.463668
0.00904016
-0.20417
-0.203154
-0.209552
-0.0722708
0.0441279
-0.053831
0.0673654
0.0315092
0.0983169
-0.0705574
0.0183037
-0.124849
0.0175596
-0.153109
-0.161732
0.0119122
-0.100321
-0.00752177
-0.142037
-0.0491776
-0.108507
-0.0408424
0.00295204
-0.107722
-0.135697
-0.15866
-0.147462
-0.00339824
-0.188213
-0.120879
-0.181381
-0.0401008
0.0800444
-0.0992275
0.0825311
-0.0417913
0.116166
0.0627878
-0.0275422
0.0150007
-0.0206102
0.0294012
0.0360372
-0.0149622
0.0444427
-0.0215111
0.00398248
0.136101
0.0719066
0.160318
0.0167083
0.0623125
0.188069
0.107081
0.201166
-0.00109688
0.108962
0.222341
0.117665
0.231596
0.0162645
0.114563
0.0153317
0.148557
0.317676
0.0065294
0.12596
-0.0606403
0.165575
0.146637
-0.254866
-0.00810033
-0.389925
0.0306007
-0.290643
-0.37448
-0.36622
-0.242557
0.0704588
-0.241317
-0.00792685
-0.0737711
0.105069
0.00836124
0.0476682
-0.000106172
0.0926152
-0.0111739
-0.0846171
0.0213301
-0.060823
-0.0254174
-0.216115
-0.0561527
-0.0230861
0.0267777
-0.026899
-0.0953057
-0.0557078
-0.124848
-0.0329348
-0.017305
-0.162026
-0.154426
-0.227092
-0.0595673
-0.0312841
-0.199401
0.000363228
-0.129958
0.138665
0.0365785
-0.0351799
-0.0408341
-0.00859369
0.087072
0.00175935
-0.0344993
-0.0303829
-0.023588
-0.005565
0.0844462
-0.0427673
0.0796472
-0.0195092
0.112876
0.133237
0.126171
0.089268
-0.00802228
0.099583
0.174236
0.122381
0.14432
-0.00207574
0.145997
0.304567
0.199104
0.241026
-0.00104717
0.233856
0.036139
0.211459
0.241607
-0.0687603
0.238512
-0.0490124
0.212238
-0.0685099
-0.268404
0.115341
-0.231532
0.0575603
-0.36886
-0.287093
-0.360473
-0.0647624
0.0311229
-0.183662
0.0185866
-0.0382437
0.117423
0.00548492
0.0879445
0.0102761
0.0769087
-0.114751
-0.0685714
-0.013374
-0.0176712
-0.0630652
-0.250129
-0.043598
-0.0736951
0.035674
-0.0510874
-0.108045
-0.0310847
-0.038339
-0.00432861
-0.0326009
-0.181353
-0.0652769
-0.191521
0.0391965
0.0195385
-0.132618
0.0801754
-0.0459011
0.187863
-0.0010234
0.0396186
0.0781393
0.00432295
0.0433108
-0.0110919
-0.049817
-0.0286335
-0.0910678
0.0221114
0.0950506
-0.0657653
0.0278679
-0.0348498
0.178564
0.136962
0.0253045
0.0422686
-0.00591009
0.148284
0.174282
0.163571
0.105141
-0.006373
0.245689
0.298173
0.27099
0.132651
-0.00357416
0.287701
0.104263
0.241468
0.0950247
-0.0503736
0.265177
0.0434204
0.24027
-0.156292
-0.23823
0.150722
-0.102731
0.0617382
-0.405842
-0.227607
-0.335956
0.0185385
0.00628179
-0.128789
0.0456792
0.00964075
0.115397
0.0180162
0.0970421
-0.0286892
0.0529162
-0.164094
-0.0408727
-0.108792
-0.00884797
-0.119665
-0.202783
-0.00620001
-0.143183
0.0109383
-0.0870471
-0.0382179
-0.0398887
-0.071501
-0.0543083
-0.0598307
-0.159181
-0.0416064
-0.17363
0.060736
-0.0188387
-0.0228446
0.135421
0.0230712
0.143947
-0.0371016
0.0600488
0.0278006
-0.00596023
-0.0195973
-0.0254301
-0.0698698
-0.0492252
-0.108949
0.0926681
0.0729609
-0.0394261
-0.0371724
-0.0143499
0.165185
0.0619302
0.019928
-0.0500132
-0.0188183
0.138444
0.143269
0.193417
0.0586892
0.0048943
0.305549
0.239589
0.321669
0.00497419
0.00290332
0.289709
0.13926
0.245699
-0.0321666
-0.04006
0.256274
0.139854
0.210987
-0.150879
-0.179425
0.123335
-0.0260451
0.0325983
-0.334081
-0.166523
-0.0448704
0.0378491
-0.0297145
-0.0631884
0.0721399
0.0501319
0.0471537
-0.00707418
0.0816702
-0.048122
0.033835
-0.196308
-0.0103352
-0.223975
-0.282115
-0.16458
-0.142322
0.031902
-0.224722
-0.107175
-0.0864792
0.000688384
-0.017956
-0.0996382
-0.120976
-0.0685937
-0.140457
-0.0147267
-0.065843
-0.0505083
-0.0471975
0.0399209
0.158944
0.14219
-0.0131744
-0.0227641
0.0757365
-0.00211821
0.0298881
-0.0835599
-0.000920496
-0.0941051
-0.0738454
-0.0417055
0.0779459
0.0906304
-0.024595
-0.0576009
0.0860903
0.0448541
0.0862535
0.00704587
-0.0262882
0.0712738
0.0480395
0.19387
0.252717
0.0333763
0.110717
0.181967
0.236388
0.311897
-0.0493227
0.201996
0.058721
0.144763
0.216937
-0.02606
0.178757
0.103271
0.202041
0.280681
-0.138723
0.0534704
-0.0951074
0.0504776
0.0524185
-0.367156
0.0243997
-0.323526
-0.0473412
-0.0428564
0.0140145
0.129061
0.169119
-0.0268088
0.0101273
0.00872774
-0.133331
-0.156039
-0.0700095
0.00489722
-0.288015
-0.133423
-0.256651
0.0543897
0.0278224
-0.145119
-0.0666395
-0.0652452
0.00287971
-0.0518398
-0.142926
-0.0421515
-0.215208
-0.0327141
0.0350412
-0.226872
0.00944321
-0.142735
0.173742
0.124023
0.0952703
0.00512026
-0.0223346
0.0147238
-0.061595
-0.092541
-0.0336937
-0.0822918
-0.00770848
-0.00185313
-0.0770046
0.194203
-0.0393083
0.222812
0.160749
0.0467884
0.0954599
-0.0164465
0.100896
0.117748
-0.0413452
0.159362
0.029221
0.214658
0.162137
0.0151827
0.278737
-0.0155085
0.0307904
0.187345
-0.00393604
0.139033
-0.019105
-0.00580262
0.205493
0.00894703
0.29015
0.078143
-0.0227734
0.144942
-0.135484
0.0748137
0.103445
-0.346798
0.034505
-0.111821
-0.215838
0.025677
-0.231746
0.171914
0.119955
0.1532
0.0140261
0.0968729
-0.0869561
-0.190505
-0.136445
-0.0993931
-0.188923
-0.146304
-0.254018
-0.233126
0.0367526
-0.181072
0.0670799
-0.0344715
-0.06445
-0.0599265
-0.128707
-0.117159
-0.171688
-0.18638
-0.0300849
-0.139706
-0.0266829
-0.140334
-0.103695
0.179049
-0.0823094
0.031895
0.0149267
-0.00621187
-0.00582132
-0.0875031
-0.0888875
-0.0529263
-0.0339546
-0.0379101
0.0776477
0.180276
-0.0496798
0.028691
0.138934
0.0127752
0.129424
-0.0458004
0.0426837
0.00241067
-0.0223291
0.104873
0.0559258
0.206247
0.114943
0.0238727
0.346564
-0.00693206
0.108495
0.222165
-0.0314257
0.177681
-0.0116222
0.115402
0.162991
0.0442169
0.218546
0.118671
0.35936
0.400497
-0.151556
0.252332
-0.253232
-0.32666
-0.00344982
-0.387676
-0.0995104
-0.224574
-0.367501
-0.100667
0.10294
-0.0416363
0.168433
0.0621108
0.0570356
-0.08478
0.0196394
-0.111133
-0.127164
-0.0028015
-0.291463
0.0222406
0.0171359
-0.202479
0.00135079
-0.0667995
0.00999478
0.00289782
-0.154484
-0.0394312
-0.23356
-0.151408
-0.125476
-0.142484
0.0635259
-0.211532
-0.113423
0.122514
-0.13885
0.060913
-0.0582436
-0.0699632
0.0333659
-0.114232
-0.0256007
-0.102632
0.0138875
0.00209004
0.00417186
0.1327
0.058899
0.0604475
0.152771
-0.0553533
0.0270343
-0.0170394
0.03137
0.0245372
-0.00476274
0.0763761
-0.0316844
0.215707
0.131612
0.191518
0.299497
0.101511
0.0872627
0.190954
-0.0091475
0.0964825
0.0278339
0.0646573
0.106825
0.0666397
0.165485
0.0327249
0.335896
0.0990354
-0.0185194
0.251989
-0.0575841
-0.0775564
0.0863911
-0.368725
-0.0871295
-0.0445387
-0.291969
-0.08368
0.0728977
-0.141832
0.0627246
0.102772
0.0173516
0.0171829
-0.00242623
-0.237132
-0.255113
-0.0041821
-0.290082
-0.00671618
-0.160819
-0.193383
0.0293867
-0.109207
-0.037612
-0.178308
-0.155286
-0.0329477
-0.216936
-0.0583822
-0.0455747
-0.198654
0.0458289
-0.197788
0.0602702
0.116928
-0.105357
0.0729467
-0.0679747
0.00932564
0.0572058
-0.0641724
0.0225421
-0.103043
-0.0723437
0.0454972
-0.0302059
0.105248
-0.0595375
-0.0213166
0.120839
-0.0202531
0.129538
-0.0506988
-0.0349616
0.0969061
0.0463973
0.108088
0.0200309
0.0892017
0.194099
0.117803
0.267584
0.0977515
0.0474487
0.257821
0.0229855
0.130053
0.0530369
0.0137552
0.173823
0.196728
0.26371
0.0549966
0.229884
0.209591
0.210281
0.338081
-0.0592041
-0.062207
0.106641
-0.171467
-0.0182159
-0.147533
-0.324041
0.0747191
0.0103044
-0.084841
0.0403689
-0.0834631
0.0497286
0.0982417
0.0592683
-0.0597705
-0.00191756
-0.0504497
-0.118304
0.0125886
-0.177862
-0.0924121
-0.0224311
-0.167722
-0.0201316
-0.171214
-0.129584
-0.0498189
-0.14603
6.88392e-05
-0.179791
-0.195624
-0.0144903
-0.142823
0.0446891
-0.129803
-0.16858
0.0254479
-0.0288734
0.0525729
-0.101552
-0.114279
0.0300397
-0.0368602
0.073971
0.0241713
-0.0843948
0.09714
-0.0271696
0.117578
0.0734956
-0.05352
0.0800406
-0.0183037
0.0747594
0.0191447
0.00809383
0.11252
0.00309609
0.0211391
0.0555481
0.100023
0.264928
0.0248141
0.039803
0.15142
-0.0362892
0.214725
-0.0191608
-0.0714685
0.0408472
0.0501777
0.155953
0.152666
0.0881618
0.0405318
0.159861
0.26588
0.176048
0.0252126
0.0527529
-0.0212317
0.199476
0.053982
-0.265762
-0.0532174
-0.254439
-0.121052
0.0788633
-0.232338
-0.00652469
-0.058187
0.028594
0.0562053
-0.0223733
-0.0929914
0.0278774
0.0268817
-0.123034
-0.105638
-0.196496
-0.237188
-0.00203497
-0.11857
-0.188033
-0.194791
-0.190844
-0.00789715
-0.0630772
-0.187488
-0.198332
-0.198281
0.003151
-0.0829661
-0.160209
-0.0484212
-0.15584
0.0718846
0.00558638
-0.108749
-0.0394117
-0.0960962
0.0594243
-0.0131315
-0.0717695
-0.00132239
-0.0702816
0.0733889
-0.0137939
-0.0530141
0.054518
-0.0204252
0.119854
-0.00777109
-0.0508868
0.101285
-0.00591421
0.122769
-0.0146227
-0.0281475
0.165383
0.0461128
0.225904
0.154544
0.0468311
0.27388
0.027157
0.220945
0.174742
-0.0653596
0.101353
0.0411426
0.14287
0.0854084
0.0723339
0.20901
0.162651
0.284825
0.0917491
-0.0186014
0.240893
-0.0374829
0.0961089
-0.0285976
-0.281817
0.0124489
0.0910219
-0.116988
0.019369
-0.12922
-0.0259083
0.091898
0.0114228
0.0263171
-0.04515
-0.01495
-0.0218395
0.0268163
-0.125946
-0.16984
-0.12273
-0.0258348
0.000410521
-0.155075
-0.208602
-0.141439
-0.01505
-0.02345
-0.153011
-0.184601
-0.127327
0.00698653
0.0104995
-0.114421
-0.167267
-0.0783798
0.00493336
0.041088
-0.108095
-0.141379
-0.0454959
0.0618843
0.0729198
-0.0718887
-0.0954993
-0.00435863
0.0864965
0.0802661
0.0598769
-0.0764395
0.0351209
0.0872495
0.10156
0.0581441
-0.0309281
0.0642296
0.0965493
0.117281
0.0606685
0.000906926
0.0986731
0.10538
0.049286
0.0997802
0.0791607
0.20187
0.119137
-0.0206254
0.104284
-0.0303177
0.0886297
0.111729
0.0417709
0.0403585
0.0865203
0.204891
0.224458
0.0502922
0.0348956
0.0619587
0.237451
0.219995
-0.128123
0.0214541
-0.188977
0.00811432
0.0702479
-0.197718
-0.0155072
-0.164346
-0.108062
0.0195861
-0.0224841
-0.0162759
0.00751505
0.00492671
-0.0105342
-0.0678229
-0.0844656
-0.0588011
-0.0161639
-0.0233054
-0.175073
-0.18102
-0.220755
-0.0206945
-0.002173
-0.207183
-0.150875
-0.195084
-0.0232253
0.0356988
-0.15066
