-0.00193787
0.19319
0.380893
0.553959
0.705733
0.830372
0.923056
0.980154
0.999318
0.980717
0.924165
0.831983
0.707783
0.55637
0.383573
0.196034
0.000961304
-0.194146
-0.381793
-0.554769
-0.706421
-0.830913
-0.923426
-0.980342
-0.999316
-0.980531
-0.923799
-0.831449
-0.707103
-0.555571
-0.382684
-0.19509
0
0.19509
0.382684
0.555571
0.707103
0.831449
0.923799
0.980531
0.999316
0.980342
0.923426
0.830913
0.706421
0.554769
0.381793
0.194146
-0.000961304
-0.196034
-0.383573
-0.55637
-0.707783
-0.831983
-0.924165
-0.980717
-0.999318
-0.980154
-0.923056
-0.830372
-0.705733
-0.553959
-0.380893
-0.19319
