0.999998
0.995373
0.981162
0.957501
0.924625
0.88285
0.832602
0.774378
0.708794
0.636529
0.558388
0.475235
0.38806
0.297912
0.205968
0.113463
0.0217601
-0.110741
-0.203233
-0.29522
-0.38543
-0.472708
-0.555995
-0.634298
-0.706748
-0.77254
-0.830991
-0.881483
-0.923515
-0.956659
-0.980597
-0.995089
-1
-0.995279
-0.980973
-0.957222
-0.924253
-0.882397
-0.832062
-0.773768
-0.708108
-0.635789
-0.557586
-0.474396
-0.387186
-0.297015
-0.205059
-0.112555
-0.0208673
0.111648
0.204141
0.296118
0.386304
0.473557
0.556791
0.635047
0.707428
0.773158
0.831527
0.881942
0.923884
0.956943
0.980785
0.995185
1
0.995185
0.980785
0.956943
0.923884
0.881942
0.831527
0.773158
0.707428
0.635047
0.556791
0.473557
0.386304
0.296118
0.204141
0.111648
-0.0208673
-0.112555
-0.205059
-0.297015
-0.387186
-0.474396
-0.557586
-0.635789
-0.708108
-0.773768
-0.832062
-0.882397
-0.924253
-0.957222
-0.980973
-0.995279
-1
-0.995089
-0.980597
-0.956659
-0.923515
-0.881483
-0.830991
-0.77254
-0.706748
-0.634298
-0.555995
-0.472708
-0.38543
-0.29522
-0.203233
-0.110741
0.0217601
0.113463
0.205968
0.297912
0.38806
0.475235
0.558388
0.636529
0.708794
0.774378
0.832602
0.88285
0.924625
0.957501
0.981162
0.995373
