0.139037
0.0868725
0.200104
0.870528
0.249384
0.00498349
-0.168731
-0.236555
0.275495
-0.0360784
-0.729733
0.326621
0.405238
0.155444
-0.175761
0.2435
1.10659
-1.03559
0.443499
0.859082
0.487781
0.87031
0.334706
0.447488
0.14875
-0.0906964
-0.0516206
0.347478
0.333687
0.758924
0.0864136
-0.964357
0.417155
0.0150579
0.431166
0.29563
-0.347799
-0.742923
-2.15371
-3.88013
-7.698
-18.2851
-37.0742
-47.685
-10.7419
55.5061
16.1778
-52.868
75.1313
-38.1801
121.157
-120.727
-16.2376
4.53422
2.29382
0.678521
-1.09547
-1.34821
-3.62362
-0.680961
-1.03056
-1.8416
-0.827834
-1.44618
-2.5653
-1.62008
-2.08099
-2.16599
-2.08773
-2.3695
-1.76716
-2.16384
-2.06988
-2.2776
-1.05818
-1.08683
-2.25804
-2.45604
-3.59612
-3.90844
-6.35726
-6.00974
-6.50596
-5.60748
-0.0392634
9.43475
18.2906
11.6389
-6.66692
-11.4636
6.93197
15.0483
-4.80921
-2.78938
12.479
-6.84624
-1.31258
-4.42577
-19.8571
-18.4649
-38.1601
-38.5816
33.5636
42.8617
13.8922
-6.31415
-10.4886
-7.58769
-3.07746
0.16355
1.11017
0.497238
-0.116276
-0.290718
0.554816
2.32335
3.05954
2.54826
2.16095
2.32822
3.07084
3.75739
4.26802
5.34778
6.41524
5.19669
5.17195
3.75396
-0.622308
-1.02251
1.63421
6.18546
4.80063
-2.78918
-3.01125
2.77213
3.46961
-5.72915
0.00778507
6.6962
-4.20876
-0.71274
7.00939
-5.46565
7.91575
0.920239
-1.25818
8.7456
-7.49402
17.0794
-8.6384
8.59053
10.2528
-50.6335
8.09307
42.2069
-5.71621
-24.4582
-0.546501
11.1818
-1.00614
-3.05381
-0.208587
1.3134
1.58481
1.1911
1.81641
0.977905
0.376213
-1.81629
-2.44112
0.89167
4.74323
4.58296
-1.04894
-4.7919
-1.5554
2.51746
4.64015
-4.62366
-3.30625
3.64138
0.100635
-6.67174
-1.13067
6.50777
-9.51629
-1.10685
9.47868
-9.53689
3.40206
4.37863
-5.07885
12.2566
-6.17851
7.51179
-0.364032
-2.12722
-2.62917
-2.42431
-13.2248
9.03761
-25.1466
25.0533
16.591
-16.5124
-9.00277
5.49987
3.13602
-4.05113
-3.17548
1.9952
-1.38254
-0.34594
2.16795
1.10247
-4.00952
-5.93899
-0.0816861
3.07254
1.37524
-3.30925
-1.33123
1.44547
3.58631
-3.32116
-1.96297
5.89719
1.01281
-7.91063
4.56516
4.63392
-6.71762
4.98134
3.61731
-7.97296
6.18877
0.714168
-6.08473
10.3965
-9.20878
7.61613
-4.17469
-3.06738
7.58758
-10.2992
9.57319
-14.8877
18.1873
-16.3065
17.0532
-8.78617
2.44416
14.6782
-31.0227
9.22361
19.7325
-11.8083
-14.2139
10.7474
10.8231
-10.2573
-5.77035
4.83264
4.59875
-3.88082
-2.16367
4.17237
-1.90615
0.594114
1.42738
-1.59747
2.67515
-0.74793
0.894617
-0.655963
0.189796
1.6084
-1.79933
2.60806
-1.68743
1.21655
0.108856
-1.58828
1.73148
1.85087
-3.49326
3.65782
-2.20244
0.244301
2.36261
-4.52675
6.50865
-6.94401
5.7406
-3.11179
3.37428
-2.83024
4.6584
-6.6892
8.95598
-15.3423
20.9477
-25.4685
16.5314
10.2854
-30.0393
27.0448
-11.891
-2.69597
11.6
-11.3392
6.68884
-3.39162
1.40955
1.30697
-2.34206
3.32814
-2.95802
2.78177
-2.4713
2.16519
-1.53742
0.391678
0.344858
-0.824928
1.26744
-0.976734
0.185746
0.458798
-0.590264
0.451787
-0.640502
0.242233
-0.619789
0.366739
-0.436215
-0.70763
0.626329
-0.66083
1.18554
-0.346727
0.609353
-0.52235
0.443506
-0.966241
0.736379
-0.670387
0.0575897
-0.382596
-0.410988
0.671021
1.74341
-2.7822
4.66096
-3.43431
-1.95558
4.2869
-1.67535
-0.0295727
-0.369371
0.0826686
1.72474
-3.78903
5.18845
-4.05514
2.47741
-1.50263
1.70237
-1.70285
1.20016
0.00647589
-1.83023
2.41789
-1.28221
-0.18831
0.887352
0.230084
-1.131
2.3674
-3.0535
1.39853
0.714461
-3.47424
4.35595
-2.33412
0.236827
3.44026
-4.74255
3.18137
-1.71365
-0.501524
2.81774
-2.52576
2.19876
-3.51476
2.96023
0.0706902
-0.21919
0.206103
-0.858366
1.81829
-0.371502
-0.938776
0.435345
0.10844
0.255065
0.937327
-0.753532
0.0837801
1.01187
-1.57831
1.29016
0.399515
-1.91385
2.36749
-0.223179
-1.20909
0.15305
1.33988
-0.229328
-3.00882
3.70312
-0.966848
-2.42804
5.99338
-3.13368
-1.99865
4.74956
-6.06097
1.44369
3.36968
-2.14327
2.59753
-2.28269
-0.869312
-0.207058
1.18924
2.19595
-2.33367
0.14962
-1.73882
4.73213
-0.853919
-1.95497
-1.18319
4.52258
-0.558836
-1.2953
-2.34289
3.42666
0.498515
-3.56514
0.283603
3.42644
0.0891841
-5.07068
0.31621
3.27176
-2.43268
-4.09111
3.98069
2.56839
-5.26488
-1.09129
4.10357
-1.7531
-2.06378
2.5924
-1.33132
-0.0316892
1.89579
-0.0857647
1.18469
-2.48054
-3.33253
2.34138
1.80909
2.88255
1.66149
-3.90109
-1.70338
-1.88578
3.65865
2.37497
-2.83167
-4.22187
-1.3608
4.87059
1.01948
-1.29655
-1.03338
3.17701
1.17685
-0.749266
-2.20125
1.02225
-0.770706
-1.00646
-1.05667
1.10723
-0.667698
0.602292
1.05533
0.258073
0.453333
0.372732
0.52156
-0.587912
-0.641016
-0.0796432
-0.345616
0.0389294
0.956845
-0.00136864
-0.407901
0.132914
-0.436273
0.456093
0.700365
0.155531
0.30817
-0.652241
-0.126857
0.672652
-0.528403
-0.294196
-0.623715
0.923227
2.35103
0.553867
-0.81442
-0.994861
0.0513425
0.657133
-0.315701
0.869133
-0.251443
0.724261
-0.542941
0.349571
0.0173229
0.977502
-0.277085
0.128927
0.425281
-0.0116884
-1.26882
-0.0967462
-0.448058
0.59328
-0.957179
1.50552
-0.270233
-0.0899212
0.975318
-0.785061
0.153928
0.321766
-0.0859611
-0.0478122
0.216871
0.472611
0.12042
0.257037
-0.314063
0.294371
0.583782
0.275348
0.723056
0.519982
-0.528145
0.338809
0.13171
-0.320303
0.230124
-0.130758
-0.129813
0.185517
-0.0228916
0.531367
0.146711
0.411735
-0.118919
0.0437322
-0.449465
0.273453
0.194625
0.182059
0.103265
0.2519
0.62656
0.0703124
0.0769245
0.0505146
0.055682
-0.429621
-0.35613
-0.0367922
0.0111438
0.291202
0.265603
-0.177699
-0.309822
0.101297
-0.0344359
0.169464
0.392519
0.270243
-0.430251
-0.179764
0.369012
0.762715
-0.29486
-0.280852
0.288572
0.498878
0.215855
-0.13082
-0.0809123
0.309312
0.146199
0.136221
0.205052
-0.204269
0.126353
0.173562
-0.031127
0.283339
0.194856
-0.186772
-0.38978
0.394727
0.0370067
-0.502616
-0.0114895
0.665343
-0.205298
-0.356512
0.632975
0.0180556
0.0596998
-0.531608
0.216648
-0.110428
0.134565
0.653377
0.417157
-0.184706
-0.155042
-0.220615
0.120102
0.256809
0.124299
-0.111883
-0.0681426
-0.0921419
0.738966
0.0388725
-0.489071
0.520649
0.344268
-0.397236
-0.131806
0.169458
0.228428
0.585171
-0.052083
-0.28677
0.222593
0.133451
0.303751
-0.179302
-0.0181538
0.372016
-0.31784
0.380644
-0.0572676
0.210529
-0.536492
0.165163
0.542838
0.0814616
-0.587423
-0.0911184
0.180726
0.0807286
0.242357
-0.205579
-0.799256
-0.0798968
0.849914
0.315888
0.0111143
0.0964636
-0.357194
-0.421995
0.602228
0.142069
-0.242885
-0.646272
0.0948573
0.975155
0.685037
-0.398599
-0.0548095
0.789365
-0.540648
-0.523215
0.153144
0.89074
0.302501
-1.1691
-0.506331
1.34324
-0.146499
-0.436575
-0.215733
0.45871
0.852034
-0.819225
-0.243203
0.100912
-0.317589
0.23722
0.207203
0.741703
-0.293586
0.17177
0.0772795
0.310347
-0.137604
0.0639913
1.05317
-0.0716169
0.290206
-0.456308
0.258595
0.0362333
0.572159
-0.155444
0.338257
0.0260169
0.786069
0.224845
-0.462226
-0.579718
1.06685
0.771727
-0.0645747
-1.83682
1.38539
0.350336
-0.429962
0.177992
0.453545
0.635992
0.536693
-0.750805
0.401912
-0.360013
-1.07651
1.71787
0.117883
-1.07809
0.76576
1.73113
0.681696
-2.84433
-0.164024
1.751
-1.0105
0.35297
1.15595
1.69708
-3.09833
0.666875
0.936721
-2.56023
1.14796
0.740847
1.16386
-0.419617
1.65081
-1.66163
0.253456
-0.16192
0.531086
-0.642101
0.86793
-0.676473
-1.15905
0.770508
-1.27043
0.832363
-0.417775
1.58639
-0.810692
0.339417
-0.563058
0.422597
-0.979002
-0.223114
1.8326
-1.82082
1.84505
-0.411862
-0.312421
1.15032
-2.31048
-0.688658
0.737238
-1.32007
1.1297
0.411205
-0.258237
0.752577
-1.52868
0.894581
-0.248046
1.00365
-0.00562261
0.0935106
0.477527
-1.53656
1.13516
-0.212645
-0.399713
0.676983
-0.0342052
-0.426217
-0.479175
0.344193
-0.221359
0.498095
0.00677072
0.189188
0.354831
0.0124197
-0.441094
-0.0354505
0.304665
0.1036
-0.260165
0.461982
0.0713542
0.0148455
-0.368532
0.196087
0.335024
-0.313935
-0.38703
0.470758
-0.419148
0.347483
-0.191073
0.281312
0.130459
-0.0381086
0.0124663
0.630389
-0.239216
-1.09738
1.33007
-0.265034
-0.0212595
0.419823
0.165273
-0.264781
0.195251
0.0724821
0.248497
0.378649
-0.0563261
0.0700686
-0.296174
0.587658
-0.137582
0.230832
0.100624
0.247292
-0.2744
0.383565
0.164718
0.620121
-0.088662
0.0963804
-0.0540282
-0.482714
0.451978
-0.0847137
-0.0529109
0.0139126
0.280176
-0.176622
0.247766
-0.0721084
0.453664
0.0276063
0.0159935
0.096781
0.24181
0.268898
-0.347337
0.157947
0.300505
0.417115
0.220371
-0.369079
0.323169
0.135515
-0.314678
0.189415
0.925335
-0.922366
0.00341655
0.552612
-0.342191
-0.13468
0.358117
-0.169816
-0.283412
0.446757
-0.333914
0.27359
0.221932
-0.289999
0.938353
-0.449761
0.843969
-0.650753
0.497568
-0.299659
0.210055
0.120551
0.180398
-0.544856
0.281534
-0.609581
0.927579
-0.512902
0.602812
0.279181
0.190075
-0.0603951
0.170971
-0.284449
0.698835
-1.2247
0.753956
-0.702564
0.74816
-0.469081
0.385878
-0.0428481
-0.136983
0.0273126
-0.000418058
0.0418974
0.227967
0.0804597
-0.0208475
-0.0257314
0.0531025
0.0636509
0.060705
0.0266272
-0.0731182
0.0950647
0.206526
0.0223318
0.13908
0.0928772
0.0636758
0.0197767
0.0656091
0.144743
0.144779
0.0750468
0.029286
0.105583
0.0562706
0.0950318
0.112921
0.0159427
0.0535795
0.0412056
-0.0883874
0.0623386
0.130885
0.135897
0.0760681
0.0521866
0.0951331
0.0610868
0.0513714
0.0164099
0.0461099
0.0727669
0.0427832
0.0694242
0.0491227
0.0616812
0.0704368
0.0497617
0.021757
0.0611817
0.088912
0.0974132
0.0527542
0.083179
0.0931435
0.0752943
0.0503163
0.057354
0.0525429
0.0578103
0.036244
0.17601
0.0632707
-0.0116681
0.147065
0.0472856
0.102363
0.0705681
0.0562489
0.0540415
0.162132
0.126844
0.0319073
0.224493
0.0987129
0.121563
0.161141
0.0221631
0.0734066
0.0996156
0.12935
0.0302032
0.237192
0.112243
0.0691041
-0.0294191
0.0378321
0.107149
0.0848031
0.0257684
0.0524048
0.158885
-0.00167832
0.281446
0.120119
0.109778
-0.0541719
0.127017
-0.0314349
0.0974871
0.0540867
0.0822728
0.112981
-0.0730501
0.119665
0.12054
0.23704
0.152507
0.139225
-0.0451983
0.0809666
0.0699055
-0.021242
0.500649
0.074734
0.0444929
-0.0531588
-0.0198237
0.00394241
0.11202
-0.0441267
0.141687
0.014761
0.0738726
0.155417
-0.0367272
0.11025
0.174068
0.0574027
0.133741
0.0483959
0.0312256
0.0956676
0.00530094
0.0440156
0.0435183
0.125125
0.0575473
0.166885
0.0823006
0.0898482
0.108939
0.32475
-0.0586346
-0.0151487
0.157927
0.127075
0.154215
0.282339
-0.00323842
-0.142078
0.18035
0.130123
0.0264393
0.0205352
0.154965
0.145529
-0.259748
0.0410344
0.234034
0.0818879
-0.0343096
-0.0287876
0.0440903
-0.372592
-0.177839
0.151681
0.177932
0.0850741
0.10377
-0.00112222
0.212682
0.0174087
0.0191396
-0.00265117
0.017849
0.0485322
0.0617356
0.0829731
0.334387
0.367126
0.0017703
0.0974448
0.00246213
0.0544234
0.103876
0.065201
0.0895062
0.103294
0.0490849
0.0511197
0.0563245
0.386164
1.21432
0.0859891
0.0465401
0.036494
0.0195682
0.19132
-0.0196411
-0.151753
0.0527506
0.0245401
0.225994
0.0935589
0.115361
0.19136
0.0650749
0.458008
0.0931255
0.103491
0.0676196
0.0232528
0.135737
0.0463864
0.552291
0.0840022
0.191727
-0.0386402
0.0479653
0.017788
0.0697166
0.225418
0.103174
0.0667308
0.108065
0.0801829
0.00492856
-0.0488247
0.212211
-0.00103351
0.123565
0.211972
0.0512566
-0.0974143
-0.0618506
-0.0152277
0.0576619
0.058932
0.00840678
0.0927048
0.0248545
0.00787223
0.0447244
0.0623415
0.0358133
-0.00918413
0.0269275
0.0376516
0.0971357
0.0129573
0.137185
-0.00128689
0.0992909
0.137711
0.09481
0.147495
0.0757312
0.0723398
0.110389
0.0909791
0.0564366
0.240568
0.0836231
-0.00463824
0.0202157
0.161394
-0.0157587
0.0648863
-0.000101984
-0.504577
-0.0106131
0.0206403
0.196655
0.329031
0.376512
-0.12006
0.0108986
0.0300177
0.225018
0.0522967
0.0473918
0.0475745
-0.0136758
0.0774646
-0.000574127
0.0548049
0.0282741
0.0593115
0.113198
0.22314
0.278351
0.105016
0.291611
-0.188915
0.16451
0.120148
-0.127903
0.109134
-0.0193495
-0.0119898
-0.0851128
0.134613
0.0729642
0.0536154
0.0898586
0.079557
0.0169672
-0.0678547
-0.209439
-0.0385625
0.105413
0.21802
0.0495818
0.0466809
-0.00585074
0.0257566
0.11405
0.00743394
0.148165
0.0595015
0.199723
0.0103643
0.0645181
-0.15431
0.0110313
0.216263
0.120919
0.124834
0.134314
0.147491
0.245005
0.0804761
-0.0183278
0.0881737
-0.061457
0.0830319
0.0619651
0.117967
0.15189
0.0668268
-0.0504087
0.48497
-0.335071
0.00919709
0.142609
0.228811
0.087688
0.0442927
-0.0381155
-0.00675993
0.0408421
0.0696561
0.0557124
0.0143157
0.0967288
0.00819773
-0.0329644
0.0505118
-0.0179875
-0.354173
0.596552
-0.480832
0.0912473
0.144407
-0.0995808
0.222871
0.194098
0.11328
0.042673
0.125861
0.44588
0.0750276
0.00908167
-0.204795
0.146753
0.0562707
0.00946697
0.170884
0.139812
-0.00864583
0.114865
0.68903
-0.0547718
0.0749538
0.073277
0.151315
0.0697527
0.126674
-0.00722524
-0.263069
0.460853
-0.475021
1.54164
0.14678
0.0816893
0.115821
0.202074
-0.0453277
-0.100701
0.0640874
0.0492613
0.0473647
0.0417477
0.178255
0.287291
-0.0821078
0.047683
-0.0251148
-0.121753
-0.185118
0.215129
-0.0123652
0.045458
0.100371
0.108803
0.131858
0.080292
0.113843
0.0694006
0.115172
-0.0324144
-0.0509685
-0.0134302
0.0163001
0.104666
0.215611
0.210204
0.499004
0.0249554
-0.0343006
0.116331
0.10231
0.0428411
0.102581
0.0174877
0.0170658
-0.0289238
0.0557145
0.170062
0.0765525
-0.0901832
0.0237772
-0.199077
0.274822
-0.0239441
-0.0604954
0.0615168
0.0684433
0.226588
0.0319736
0.113835
-0.120692
0.0306146
0.236349
0.179578
0.0857748
0.027424
-0.043521
0.26895
-0.0113147
-0.214404
-0.046694
0.221929
0.0589391
0.0434985
0.0434003
0.00841917
0.0895513
0.0257651
-0.0307985
0.0225619
0.139967
0.0169063
0.048596
0.0469044
0.0526847
0.317662
0.17519
0.080374
-0.149366
0.179191
0.0783231
0.00239856
0.166191
-0.235934
0.110102
0.198069
0.00842292
0.0768397
0.0136704
0.0685021
0.0634755
0.384302
0.0517975
-0.0115771
0.147077
0.126754
-0.0012286
0.0474509
0.0752038
0.0239395
-0.070834
0.0101692
0.00323691
0.047325
0.203325
0.153388
0.0303015
0.0746394
0.227945
0.0700672
0.106208
0.0398229
-0.177433
0.0669505
0.0354826
0.0811631
0.106343
0.185275
0.0263777
-0.107285
-0.0865652
0.0134395
0.0771694
0.131247
0.0139072
0.0111932
0.0416491
0.111459
0.15685
0.0595802
0.0404753
0.0642531
0.0493533
0.0779464
0.0226632
0.0736265
-0.0131725
0.174772
0.0645
-0.00883386
0.0140785
0.069913
0.0890598
0.0844464
0.00657355
-0.00327587
0.115901
0.179856
0.0355838
0.223228
-0.0830093
0.104527
0.1454
0.207629
0.020898
0.10446
0.0414009
0.0100546
0.0510702
0.0492945
0.189428
0.0314633
0.087768
-0.000557624
0.113324
0.0915927
0.136559
0.108426
0.0132106
0.067197
0.104853
0.079675
0.0342979
0.105232
0.213313
0.0574129
0.0446848
0.0119852
0.043945
0.0866287
0.128924
0.0277658
0.000918169
0.182263
-0.100278
0.122239
0.109316
0.108462
-0.0101
-0.0669738
-0.0418513
-0.0732819
0.162972
0.0816804
0.0996935
0.0977576
0.00567195
0.0584586
0.0408438
0.223069
0.183843
0.0100448
0.0269064
0.195847
-0.227053
0.159302
0.113893
0.17084
0.0812126
0.0636132
-0.3135
0.196584
-0.0148398
0.102961
0.0317591
0.0742737
0.0555305
0.0613966
0.0629693
0.0382753
0.156323
0.473096
-0.00748798
0.152502
0.184831
0.0733081
0.0801101
0.0937733
0.0590082
0.0306538
0.135647
-0.625095
-0.315331
-0.239471
0.0361405
0.0122168
0.0251371
0.121663
0.241424
0.163951
0.116204
0.052789
0.0544445
-0.246339
-0.103732
0.115721
0.0538079
0.0155929
0.0867466
0.179206
-0.64285
-1.35041
0.0728201
0.0712265
0.0745556
0.0408702
0.0914732
0.0444362
-0.148863
0.0213371
0.136955
0.411556
0.131324
-0.0263853
0.167439
-0.223182
0.0250947
-0.030143
0.0127852
0.236493
0.065387
0.0931328
-0.36446
-0.0170308
0.132976
0.0484911
0.108028
0.114253
0.0193767
-0.0233688
-0.0986927
0.217747
0.0898397
0.151619
0.0709027
0.073239
0.192934
-0.054433
0.162024
0.0773806
0.0932215
-0.280094
0.0178501
-0.0884492
0.284676
0.0621151
0.026378
0.0104136
-0.0974203
0.0800438
0.136343
-0.0327075
-0.126006
-0.069918
0.0662452
-0.0218616
-0.0641957
0.107195
0.0458762
-0.00850136
0.109844
0.188027
-0.168053
0.108311
0.098852
0.00753273
0.0101842
0.116876
0.022467
-0.0280693
-0.128464
0.0291246
0.0663385
-0.105053
0.0293946
0.0719397
-0.121345
0.0995764
0.214752
0.0286812
0.0796543
0.0702988
0.130434
-0.0160546
0.147744
0.184338
0.044133
0.144756
0.105447
0.127375
-0.0184494
-0.201955
-0.0666462
0.170795
0.113151
-0.00457364
0.0500123
0.0267549
-0.637687
-0.0957124
0.10785
0.0640973
0.027007
0.206793
-0.00937193
0.070116
0.0627658
0.0519548
0.0492271
0.0497051
0.119446
0.193309
0.0170459
-0.0015592
0.096371
-0.07983
-0.0187719
-0.0125974
0.130459
0.134223
0.521038
0.0765818
0.046125
0.0922905
0.0960608
0.14716
0.0177484
0.257133
0.450697
0.0890652
0.0773225
0.0876375
0.054488
0.0273887
0.248053
-0.0401205
0.115637
0.0845435
0.0478502
0.165071
0.0578931
-0.0128881
0.0148032
-0.03849
0.0111018
-0.0333168
0.0164308
0.144408
-0.0109708
-0.0766359
0.0206041
0.0242982
-0.161732
-0.0521792
0.0270582
0.0722816
0.0121172
0.0712321
0.0931049
0.0220742
0.0565388
0.0668012
-0.00546572
-0.0104039
-0.209263
0.12194
0.0605257
0.260408
0.0367566
-0.00968423
0.160442
0.0829268
0.0168711
-0.0411441
-0.263554
0.00836455
0.126826
0.109441
0.0788341
0.0999427
0.312972
-0.00740575
0.0653726
0.0764815
0.13818
0.0147213
-0.162864
0.106681
0.026984
0.158353
0.0703923
0.199858
0.130724
0.0722662
0.028594
0.00803101
0.237196
0.201316
0.0386454
-0.0252581
-0.0628933
-0.0350111
0.0565298
-0.0480927
-0.0222059
0.252526
0.0495486
0.0100607
0.0543656
0.0416779
0.063011
0.0845055
0.0291048
-0.0303411
0.047716
0.0149648
0.0105646
-0.052182
-0.0006711
0.0397407
0.0448744
0.0226336
0.173014
0.166291
0.126419
0.0046289
0.0149994
0.0802376
0.0513427
0.0407791
0.00180748
0.0389976
0.131885
0.0820943
-0.174765
0.0234617
-0.060757
-0.151705
0.164604
-0.0204447
0.00463496
-0.132629
0.0592641
0.0403071
0.00640488
-0.103337
-0.135432
0.0498139
0.0676873
0.075897
0.0712876
-0.144375
0.0963049
0.0821884
0.0180703
0.193298
0.010838
0.148286
0.0492345
0.0510166
0.0299084
0.105614
0.079694
0.0150831
0.0163191
0.0457395
0.0604207
0.164985
0.201022
0.0390313
0.105431
0.144666
0.0249047
0.0596449
0.036508
0.0938169
0.00624026
0.0884687
0.123288
0.0125127
0.0426549
-0.019197
0.0307237
0.0936887
0.0607991
0.198391
0.0966642
0.0149484
0.00204763
0.0623381
0.0196376
0.0127888
0.0401901
0.0209938
-0.139932
0.015447
0.0393377
0.091147
-0.0208099
0.0518274
0.0477457
0.0883802
-0.0844009
-0.0255832
0.0099209
0.0120036
0.0384487
0.208267
0.0890175
0.105402
0.0949366
0.114733
0.0240441
-0.2454
0.0581168
0.0955326
0.0519344
-0.0304382
0.0412309
-0.0115572
-0.050134
0.108421
-0.00817202
0.0389259
0.100019
0.0930915
-0.0176869
0.0481725
0.0141609
-0.133859
0.0593097
-0.0256911
0.0715089
0.0867941
0.00206826
0.0576406
-0.0247154
0.0448707
0.0242031
0.0400514
0.0328943
0.138231
0.104584
0.0233122
-0.00845129
-0.0326071
0.0304625
0.0342475
0.0875217
0.0570016
0.0478971
0.0466623
0.054807
0.0737662
0.0998021
0.00255238
0.0260082
0.0525875
-0.132879
0.0682197
0.101088
0.0363283
0.0946148
0.0614582
0.027435
0.0951649
0.0780448
0.0461571
0.0730876
0.0101417
0.0157532
-0.0451191
0.0273395
0.0403275
0.0291419
0.0565174
0.0956053
0.0412669
0.0664336
0.070904
0.0655535
0.0631991
0.0337476
-0.00210605
0.0683509
0.053282
0.0742985
0.0166041
0.0324658
0.0569933
0.0521504
0.0411351
0.0181876
0.0830714
0.0334868
0.0340105
0.0647285
0.0677428
0.0246744
0.054617
0.073528
0.0259341
0.0543172
0.0737951
0.0473465
0.0326292
0.100619
0.0396383
0.0269288
0.0437707
0.0612366
0.0303664
0.0612701
0.00852633
0.0900153
0.0237305
0.0583481
0.00912512
0.0630084
-0.011283
0.0570386
0.0358438
0.0821853
-0.0726645
-0.00341652
0.0617899
0.033279
-0.00738458
0.0339155
0.0457315
0.0476113
-0.0155666
0.0109239
0.00523004
-0.0262237
-0.0118055
0.0432528
0.0317998
-0.00981382
0.0792767
0.0357914
-0.0245366
0.0331917
0.0244151
0.022187
0.03586
0.102636
0.0854427
-0.0282867
0.0888944
0.0464149
0.0031344
-0.0179892
0.139147
0.107846
-0.037067
0.06264
-0.0134096
0.058156
0.0287971
0.0444977
0.0460791
0.0660254
0.0159505
-0.0221226
-0.00636572
0.0093574
-0.0698724
0.00583232
-0.226736
0.0227871
0.0198435
0.0298692
-0.034812
0.140787
0.0864589
0.0560204
0.114039
0.0530217
0.180138
0.0789708
0.0376969
0.00855933
0.0463383
-0.0105174
0.060394
-0.00985425
0.0826242
0.0407904
0.0718922
0.00765155
0.0266693
0.105345
0.0202991
0.101405
0.0043743
0.0558065
0.0268258
0.0386914
-0.226068
0.0980839
0.235503
0.0547133
0.013396
0.0441811
0.0594038
0.0620492
0.146449
0.065744
-0.0314242
-0.0150329
0.0155653
0.0467264
0.0449474
0.0763331
-0.00877144
0.0437223
-0.0270581
-0.00143586
0.0148399
-0.0280825
-0.175535
0.0968179
0.090648
0.110999
0.0731564
0.0543716
0.0078615
0.0606106
0.0912725
0.0778696
-0.0238941
0.0863439
-0.041041
0.00301782
0.0643967
0.0433271
-0.0494145
-0.00487616
0.0983849
-0.0117899
-0.183755
0.0780321
0.0450078
0.0554945
0.0519403
0.101692
0.0288861
0.00228874
0.00591575
-0.109014
0.0058892
0.0825955
0.128265
0.0488777
0.0654212
0.0863117
0.0473438
0.052563
-0.0421209
-0.0288906
0.0330351
0.13911
-0.0153741
0.220665
-0.00925546
0.0912902
0.0508328
0.0722713
0.0123468
0.059735
0.104265
0.129598
0.0368122
0.0580688
0.0662054
0.0555037
0.329318
-0.0333527
0.119236
-0.0303783
-0.0406373
-0.178421
-0.0299572
0.0704443
0.0397044
0.0639272
0.111338
0.0732966
0.112287
0.0023315
-0.0940966
0.0346725
0.0357348
0.0738442
0.00220627
-0.211862
0.0774804
0.00116945
0.00929757
0.0388881
0.129274
0.244791
-0.021799
-0.0372217
0.0858365
0.0372878
0.0517566
-0.493514
0.147554
-0.00207968
0.031419
0.0214701
0.0787523
0.0899951
0.038045
0.0654132
-0.0341468
0.0159056
0.321134
0.0161574
0.119571
0.0495928
-0.0762417
0.082953
0.135892
-0.0419568
0.112898
0.00593297
0.0316481
0.110864
0.0591025
-0.0312727
-0.117267
0.0226884
0.217401
0.0256257
-0.0109844
0.0534566
0.086847
-0.0824163
0.174097
-0.0981564
-0.0914448
0.00639062
0.0395056
0.105091
0.0819712
0.0924509
0.0160335
-0.130471
-0.00809019
-0.0207791
0.036978
0.114875
0.0425592
0.136353
0.0784925
-0.017188
0.0366074
0.0623438
-0.016059
0.382031
0.00857168
0.000358306
0.00271193
0.027065
0.0388713
0.1063
0.0957865
0.0701559
0.0265996
0.151298
-0.00306321
0.0671648
-0.0684271
0.0656087
0.0307785
0.128337
0.185412
0.0244823
0.0627826
0.133253
0.165281
-0.748245
0.0708193
0.0316692
-0.00206939
-0.0297529
0.152956
0.0469877
-0.199011
0.0631344
0.0334626
0.00586693
0.0784231
-0.0223303
0.0372368
0.00171089
0.0521778
-0.0113239
0.123212
0.0395853
-0.0514595
0.0612327
-0.00871256
-0.0842639
-0.0497642
0.0871771
0.0486189
-0.0106466
-0.0190767
0.0136716
-0.134083
-0.0225056
0.172537
0.0434829
-0.0405298
0.0473928
0.137758
-0.0277051
0.174136
0.0489895
0.128451
0.0307954
0.00606598
0.0986165
0.0916668
0.0636124
0.0782118
0.0896625
0.108719
-0.0189154
0.0179223
0.0270738
0.0176468
0.10262
-0.00810907
0.09393
-0.0669537
-0.149216
-0.0649929
0.0626948
0.122026
-0.0350318
0.032039
0.0293934
0.557714
-0.0151774
-0.039392
0.123935
0.0848395
0.0501795
0.189322
0.0540517
0.15711
0.0334065
0.0499986
0.109091
-0.0547027
-0.30572
0.208846
-0.0500295
-0.0474531
0.0494403
0.0878522
0.0401839
-0.0102318
0.0638962
0.0127542
0.0855871
0.492787
0.00887145
0.00526299
0.24516
-0.05428
0.0461481
-0.0232952
-0.00912954
0.142906
0.0583179
-0.586035
0.479645
-0.073911
-0.0649616
0.0590707
0.0782852
0.0849728
-0.0783242
-0.00138463
-0.035408
-0.0537297
0.00679335
0.0884263
-0.126886
0.0776002
-0.0136564
0.00623351
0.0250121
0.0994563
0.459177
-1.25457
0.0226064
0.00113657
0.0856969
0.0105824
0.110676
0.0983194
0.0672515
-0.0559486
-0.0452061
0.379225
0.150341
-0.00364131
0.149413
0.0346146
-0.0258006
0.083329
0.0816665
-0.0245382
0.105244
0.000912273
-0.35922
0.00194285
-0.14326
0.0736646
0.0283992
0.000847455
0.0954777
0.041135
-0.113509
0.298723
0.192538
0.0872526
0.184485
0.0470331
0.0481744
0.0654562
-0.0151129
-0.0700193
0.00225284
-0.171209
0.0806821
-0.123803
0.117694
-0.00284935
-0.0323085
-0.00240714
0.118056
0.317983
-0.00970141
-0.0413014
-0.082235
-0.0776247
-0.0460069
0.0272931
0.139012
0.00313105
0.0164364
0.0399788
-0.00387848
-0.037532
0.0594999
-0.00733081
0.0919694
-0.0132355
0.0560514
0.136171
0.0850556
0.0801335
0.0216069
0.0511675
0.176117
-0.00831255
-0.00778002
-0.00257612
-0.129963
0.0556054
0.030364
-0.0704378
0.0467495
0.0861112
-0.006915
-0.00258425
0.109546
0.05345
-0.0204784
0.0286803
0.0469298
-0.0333108
0.0294881
0.0260172
-0.00953882
0.0396706
0.0655951
0.0470353
0.0909894
-0.0344868
0.0561118
0.0216733
0.0731983
0.00136929
0.00682945
-0.0144269
-0.116501
0.0915453
0.108767
-0.00613792
0.0191285
0.0676365
0.0998478
0.0414993
-0.0431693
0.0147771
0.0909175
0.214389
0.0168839
-0.0855913
0.227243
0.0532545
0.18244
0.0195813
0.173951
-0.00739922
0.0291767
0.0824082
0.0457682
0.123474
0.0276493
-0.0572568
-0.0256211
0.0848433
0.77703
0.0666244
0.0379359
-0.152566
0.0223624
0.0375671
0.108416
0.0122354
-0.0144032
0.737812
0.0798436
-0.0127306
0.0100137
0.141872
0.0662924
0.164742
0.0281401
0.097367
0.0550356
-0.0325503
0.0137542
-0.0968333
-0.133954
0.0963171
-0.013258
0.199135
0.00259129
0.225748
0.0141999
0.00597076
-0.0186633
-0.114039
-0.00847407
0.00750303
0.0187001
0.00890947
-0.0831154
0.0871676
-0.0473439
0.159406
-0.17577
-0.19963
-0.144584
0.30891
-0.10477
0.231133
0.229124
-0.0199197
0.001534
-0.0558017
-0.183238
0.0845383
-0.0326095
-0.0760685
0.0243936
0.21265
0.0610287
-0.0462873
0.389885
-0.080717
-0.053764
0.186346
0.0603143
0.0310202
0.110726
0.11762
0.0670165
-0.0724887
-0.0118944
0.032633
0.153358
0.00962565
-0.108623
0.0218088
0.503716
-0.0128964
0.276035
-0.121063
-0.0714745
0.0412284
-0.00726496
-0.00696852
-0.0716001
0.087609
0.0388853
0.0236886
0.0194695
0.0325407
0.0528323
0.0323712
-0.111349
0.10582
-0.165573
-0.219083
0.0193669
0.0845
0.06514
0.273321
0.0248717
0.0190047
-0.0183906
-0.0567188
0.0109433
-0.0173431
-0.0536397
-0.09017
-0.001809
-0.0460876
-0.0127659
0.982606
-0.237305
-0.407859
0.133439
0.162632
0.0565895
-0.0304108
0.0282731
0.0751707
0.152136
-0.200654
0.592845
-0.272948
0.0169978
-0.22946
0.138008
0.0799426
0.125978
-0.0391711
-0.163538
0.567669
-0.050602
0.315592
0.0687044
0.172999
0.0512514
0.0994452
0.109327
0.0132651
0.0741554
-0.211707
0.202015
-0.337529
-0.569893
-0.0710861
0.167724
0.0586607
0.0977391
-0.0350001
-0.0357271
0.0227834
0.0550954
0.0145398
-0.0995732
0.0178091
0.210753
-0.177623
-0.0310701
0.17172
0.00408791
-0.36795
0.653955
-0.0648542
0.0882352
-0.00203219
0.0110804
-0.022632
0.0567444
0.106288
0.0191064
0.0956391
-0.0801106
0.0518734
0.141551
-0.121953
-0.0529109
0.113136
0.0915184
0.177945
-0.238003
-0.0281052
-0.0511384
0.12992
0.00226958
0.125882
0.0266516
0.0877003
0.0876304
0.0753758
0.0703386
0.0947554
-0.012283
-0.0535212
0.0709932
-0.282143
-0.0730361
0.0961816
0.0709931
0.0163057
0.0487306
-0.0259277
0.0455733
0.0208956
0.00275697
-0.031851
0.0803218
0.112228
0.199494
-0.0496769
-0.109577
0.122463
0.271295
0.22563
-0.118119
-0.0693427
-0.020675
0.0173478
0.0826473
-0.0977486
0.0799819
-0.017616
0.0295549
-0.0317992
0.0866693
0.0419854
-0.00847376
-0.0530616
-0.23388
0.238943
0.329542
0.129864
-0.0369135
-0.0609866
0.0291828
-0.00812842
0.0092549
-0.24538
0.254055
-0.0012217
-0.00640647
0.0170903
-0.0340438
0.0900957
-0.00215885
0.0179239
0.0759243
-0.0318034
-0.0394393
0.000808202
-0.0127734
0.0521824
0.00176615
0.00156955
0.0342429
-0.0630654
-0.0778574
0.107379
0.053256
0.0385146
-0.0961656
0.0354507
0.0362121
0.0175702
-0.0205039
-0.0199604
0.0528592
0.0757622
-0.00880323
-0.0840944
-0.0232611
0.101688
0.138226
-0.0281619
0.246966
0.233812
0.142034
-0.00140413
-0.0215828
-0.0873357
0.0524092
0.0407966
0.203511
0.0138843
-0.126744
-0.0349075
0.0512498
-0.0222368
0.00662951
0.126874
0.0511081
-0.0274259
-0.0161657
-0.0582999
0.0380187
-0.00848443
0.242336
-0.0572026
0.0623746
0.0587349
0.0326548
0.0438434
0.0220141
-0.00283826
-0.077515
0.0624239
0.0771189
-0.052323
0.0287675
-0.00146735
0.0781153
0.150278
-0.424665
0.0669808
-0.0192516
0.00340979
0.155587
0.0230919
0.0457015
-0.0404361
0.0169459
-0.06217
-0.0246939
0.152696
0.0753559
-0.284067
0.0100855
-0.0539562
-0.0468982
0.00387746
0.00678409
0.120264
-0.153751
0.12947
0.0241655
-0.127534
0.0568826
0.0960091
-0.0561121
0.116329
-0.290214
0.115344
0.0587139
-0.11854
-0.0449399
0.110645
0.139887
-0.362668
0.0124644
-0.162532
0.0412792
0.0259578
-0.0860575
-0.0876905
-0.00174033
-0.115788
-0.131413
-0.0488782
-0.116337
0.0946724
-0.00338669
-0.013451
0.167593
-0.0329148
-0.0970665
0.0292871
-0.00612322
-0.041427
0.0446095
-0.0405792
0.0268607
0.067561
-0.0695028
0.089012
-0.262681
0.0500908
-0.100197
-0.0819605
-0.00790004
0.0222606
0.0182711
-0.0269907
0.0951855
0.0122591
-0.0308205
-0.0620412
-0.0841621
0.0676468
0.0270804
-0.0182169
0.00369439
0.517404
-0.01905
-0.0266983
0.057155
-0.0172842
0.0431938
0.0171127
0.0487841
-0.12722
-0.0647766
-0.0514414
0.0518064
0.145137
0.0560945
0.0311549
0.203454
0.0323339
-0.0841681
-0.0448525
0.0224017
-0.0853973
-0.0544454
-0.0310638
-0.104919
0.0433688
-0.111943
0.00662147
-0.0393331
0.0283475
0.0703643
-0.0334175
0.148931
-0.0276267
0.00251476
0.0370918
-0.0466205
-0.00703347
-0.114694
0.0605786
0.053523
-0.154859
-0.00269459
0.0199984
-0.0466957
-0.0203605
-0.0163526
-0.043458
0.118597
-0.13835
0.0204258
-0.14254
0.04927
0.0496189
-0.0228912
-0.0640709
-0.0450822
-0.0542709
0.0407299
-0.00383069
0.0492213
-0.0329523
0.0259528
0.00204131
-0.0396084
0.00756276
0.0910502
0.0175101
-0.0153021
-0.0332617
-0.0303031
0.046218
0.0179794
0.000584051
-0.0534228
-0.0366622
0.0450832
-0.0143731
0.0112743
-0.0494834
0.0145702
0.0216065
0.0324783
-0.0636311
-0.0665354
-0.029898
0.0520501
-0.0194928
-0.0341268
-0.109758
0.0453353
0.00426232
0.0286236
-0.0248796
0.0291803
0.102424
0.0478118
-0.157183
0.0193386
0.0532717
0.12308
-0.0140006
-0.00562342
-0.000329401
0.0607686
-0.174221
0.057774
0.00776677
-0.0335131
0.16872
-0.106245
-0.139458
-0.110967
0.100702
-0.108806
0.0912045
-0.202696
-0.181205
0.525899
-0.538439
0.669982
-0.547446
0.761361
-1.17467
0.463867
-0.277769
-0.0880895
0.453699
0.087871
0.464649
0.28553
-0.450493
0.735947
-0.662742
0.125715
-0.527992
0.169619
0.020171
0.0780958
-0.482409
0.431818
-0.5478
0.734986
-0.773389
0.785316
-0.246238
0.257996
-0.00509335
-0.263056
0.46984
-0.388989
-0.173096
0.407413
-0.306544
-0.398968
0.678167
-0.3068
-0.972314
0.841934
0.104531
-0.246367
-0.0483631
0.338937
-0.650378
0.0814942
0.285628
-0.0412334
0.0510216
-0.240584
0.0469302
0.315244
-0.223251
0.138601
0.120035
0.420662
-0.322353
0.155139
0.200708
0.122189
-0.172881
-0.188832
0.0609528
0.0679341
-0.642118
0.110616
0.194092
0.0497987
-0.0977457
0.110449
0.0864584
-0.278806
-0.123606
-0.0399866
-0.113728
-0.134314
0.302314
-0.436159
0.257221
-0.311619
0.0912887
-0.101928
-0.0713454
0.0241299
-0.255263
0.217142
0.27098
-0.0396709
-0.391467
0.97491
-0.94045
-0.167195
0.815638
-0.392616
-0.437504
0.334204
0.130979
-0.508498
0.205858
-0.483242
0.468198
-0.56583
0.0203772
0.377898
-0.290518
-0.111899
-0.0454274
-0.0483726
0.328622
-0.580192
0.09282
0.348474
-0.201006
-0.119006
0.255669
0.264902
0.116073
-0.179324
-0.142918
-0.344659
0.168028
-0.396899
-0.439689
0.536873
0.59774
-0.352061
-0.16968
0.523182
-1.31718
0.301654
0.359852
-0.179547
0.92328
-0.351448
0.866853
-1.23375
0.589578
0.0534684
0.428243
1.06061
-1.58287
0.346779
0.744788
-1.2276
1.04014
-0.0263255
-0.657927
1.56493
-1.35881
1.38322
-0.310845
-0.800594
0.433021
-0.81133
0.612268
-1.08903
1.68072
-0.908501
0.537848
-1.22913
0.593717
-1.40899
-0.707317
0.454105
-0.785641
0.467817
-0.163325
-0.0174921
-1.08879
1.44955
-0.446495
0.495461
0.0565061
0.709676
-3.01496
1.05014
0.536741
-2.39305
2.05936
1.36425
0.153641
-1.48274
1.4138
-0.639158
-2.77393
0.807572
1.9601
0.413067
-1.46477
-0.0422909
1.02836
-1.30513
-0.00495087
0.354321
-0.678497
0.771002
0.466366
-0.398234
0.00635244
-0.372184
0.33269
0.345952
-1.40047
0.204899
0.70172
0.490396
-0.924824
-0.0795456
0.51055
0.797533
-0.196212
0.135972
-0.177197
0.101285
-0.266388
-0.284602
-0.843317
0.145498
-0.0701776
1.07979
-0.693409
-0.0745016
0.08719
-0.212274
0.0562446
-0.111194
0.546883
-0.138445
0.0311072
-0.672706
-0.482421
-0.407536
-0.577531
1.10047
-0.144965
-0.326348
-0.462396
0.167656
0.811834
-0.955702
-1.11338
0.168125
0.587519
-0.32872
-0.675397
-0.373218
0.576376
-0.471633
-0.159394
0.801915
0.655067
-0.651661
-0.647858
0.0906651
0.217451
0.329377
-0.803662
-0.196501
0.0169824
-0.0546886
0.369801
0.268517
-0.783211
-0.825946
0.0540511
0.106104
-0.070033
-0.0498741
-0.0931534
-0.526847
0.128045
0.281267
-0.544743
-0.593472
0.169476
-0.106534
-0.0823323
-0.350058
0.318372
-0.301842
-0.0628971
0.0367176
-0.0824731
0.0626147
-0.388429
0.0974192
0.600556
-0.0781429
-0.126502
-0.256606
-0.491343
0.374808
0.208064
-0.483861
0.159362
0.0506715
-0.0961762
-0.299629
0.00380223
0.0398365
0.304324
-0.0934065
-0.30239
-0.102914
0.0641864
0.561072
0.467324
-0.364495
-0.370529
0.0395761
-0.0659219
0.0814629
-0.0524532
0.245975
-0.588272
-0.21445
0.400797
-0.57331
-0.528463
0.070626
0.0909902
-0.52156
-0.166123
0.181812
0.157356
-0.399863
0.172558
-0.213949
-0.379119
0.127468
-0.0451821
-0.0318987
-0.0262731
-0.291826
-0.0480596
0.0620392
0.123376
-0.741767
-0.59889
-0.0244289
0.342741
-0.2753
-0.237395
-0.455185
0.360748
0.365429
-0.245665
-0.0988607
-0.168666
-0.219276
0.120307
0.222356
0.385729
-0.361231
-0.199517
-0.382692
-0.273123
0.149442
0.229775
0.494772
0.176233
0.576224
-0.17079
-0.195735
-0.133104
0.060729
-0.042158
-0.235351
0.152563
-0.102377
0.324025
0.0739819
0.274176
-0.433946
-0.386743
-0.15025
-0.139285
0.0800284
-0.442005
0.216101
0.193347
-0.519495
0.567937
-0.0546285
0.153527
0.220867
-0.34334
-0.619897
-0.901426
-0.16019
0.36232
-0.364197
-0.268341
-0.182478
-0.212934
-0.0407839
-0.473972
0.134866
-0.0170422
-0.699225
1.10679
-1.58158
0.177047
-0.60796
-0.492776
-0.991026
0.224376
0.516978
0.0425856
-0.088759
0.507924
-0.460632
-0.0907467
-0.654947
0.406032
-0.726386
0.809163
-1.03893
0.512773
-0.6191
-0.615806
-0.712387
0.780804
2.10395
-1.44232
-1.30239
-0.244693
-0.483071
0.741406
-0.766311
-0.674725
0.2436
0.129418
0.43513
-0.659379
-0.70537
0.0233833
-0.49728
0.245229
0.167775
-0.481233
-0.635161
-0.505965
-0.690314
-0.621118
0.835433
-0.0693516
-0.158755
0.322608
0.736521
-0.16858
-1.18125
0.220445
-2.17613
-1.074
-0.0529279
0.472282
-1.43622
-0.241691
2.0517
1.54721
-2.5332
-0.303408
1.19231
3.35623
-4.44944
-3.49652
2.04229
3.99399
1.75213
-3.44731
-1.55922
-3.37365
3.66597
2.62425
-0.756445
-1.22101
-4.10916
-0.940221
2.07562
0.0330073
1.68058
-0.885474
-1.09675
1.61678
-3.23354
-1.46567
3.73938
-2.99055
-2.98977
5.32068
2.72257
-5.3113
-0.251069
3.267
-0.0330821
-4.46435
3.14192
3.15917
-3.2371
-3.24848
1.46925
3.30223
-4.47923
0.866425
0.0897081
3.77716
-2.83747
-1.39488
-0.428676
4.3481
-3.47
0.134234
-1.27841
2.63709
0.101196
-1.05151
-1.68675
0.67116
2.72781
-2.17189
3.40891
-3.081
-5.83062
5.31546
-4.00915
0.453903
4.28542
-3.08897
0.184728
2.62528
-4.09529
2.08223
1.15461
-0.592302
-1.26928
0.962852
2.06835
-2.30438
1.14028
0.22653
-1.6877
1.14922
-0.361081
-1.19598
1.29438
0.251138
0.362748
-0.420869
-1.47353
1.05495
1.41336
-0.871346
0.0639742
0.290003
0.42692
2.41082
-3.85934
2.44568
-2.55288
2.83619
-1.66758
-0.155555
1.53132
-3.41587
3.82807
-0.950642
-1.77699
2.95535
-4.88098
1.18466
0.0972274
-2.42444
2.58328
-1.24166
0.411897
-0.0386422
-1.02644
-0.359457
2.19577
-2.19885
0.494738
0.134867
-1.03706
0.855968
-1.06804
1.302
-2.65591
5.06595
-4.2431
2.50711
-1.05604
0.68914
-0.182797
-1.99967
4.52196
-2.29877
-3.85889
4.09975
-1.79124
0.592897
1.27042
-0.838832
-0.425012
0.198684
-1.55529
0.516294
-1.26535
0.388254
-0.650685
0.701297
-0.446254
0.855554
-1.03569
-0.0634961
-0.327082
-0.844403
0.552125
-0.92691
0.605178
-1.387
0.474453
-0.65242
0.115339
-0.151804
-0.964871
0.946763
-0.727952
-0.220311
0.697679
-1.3486
2.18397
-2.68718
2.535
-2.53815
2.78297
-1.55352
0.167256
2.62894
-3.85128
6.63187
-9.03813
8.99916
1.38126
-14.1173
27.6303
-28.4946
4.53526
23.7006
-27.0739
19.7772
-14.2592
5.40553
-6.27823
3.21144
-0.309809
1.49733
-1.12943
5.32401
-6.8335
6.31675
-5.38543
3.00988
-0.965633
-1.1453
2.22646
-2.84865
1.95464
0.197435
-0.734794
-0.113518
-0.269961
-1.24805
2.06434
-3.20773
2.77885
0.167449
-1.6359
1.73025
-0.166264
0.490181
-1.98176
0.787398
0.596376
-3.56888
3.37281
-1.69422
-3.38303
3.32741
2.46476
-5.98076
-9.8178
9.37524
11.1858
-15.7921
-13.2186
18.5185
9.36381
-29.5951
8.78697
5.46622
-13.3538
17.8289
-18.1906
18.4386
-16.2116
10.3445
-11.9442
10.5156
-4.65473
-0.833446
4.58315
-7.4449
10.1391
-7.63884
3.75703
2.47454
-7.52396
3.93411
2.51969
-5.7195
7.13867
-1.97215
-8.36644
3.27414
4.34417
-4.91157
0.480545
4.0491
-0.548767
-3.31759
-0.667235
1.54418
1.79956
-3.26524
-6.28703
0.31687
1.77793
2.12403
-1.13441
-4.38919
-1.05863
-3.25936
-3.80267
2.12332
5.58866
-8.84494
-16.5815
16.0379
28.6097
-25.5867
6.8559
-9.75183
-5.54604
0.568217
-2.47198
1.33033
2.06845
-3.17422
11.0456
-5.6492
5.48191
0.424653
-5.73262
9.64388
-3.19718
-7.70243
7.67402
-7.05668
-6.85666
1.3463
0.759317
-5.01791
-1.66158
4.80266
0.45633
-4.95953
-2.84853
3.89629
5.28617
2.83
-3.46371
-3.34614
-1.81269
1.45285
1.18307
0.920595
-0.597739
1.24529
-0.263706
-0.513744
-3.68006
-2.49685
10.3637
1.02464
-23.9327
-6.71516
41.8474
11.4323
-51.4076
4.96049
14.2735
-11.4424
19.2318
-10.8389
11.09
-7.15635
1.94883
4.25197
-4.55288
7.67959
-1.59787
-3.37178
6.52598
-5.10795
-3.55969
4.10218
-0.220781
-4.8196
-1.09619
4.82837
4.97008
-3.72667
-2.83127
1.53408
4.27668
5.08238
2.9934
3.70352
0.98299
1.87232
2.16473
1.15572
0.950224
1.9804
1.71347
2.61956
1.54092
-0.330595
-0.431708
-1.05139
-0.142543
-0.237696
-1.15088
-3.21352
-8.94515
-11.381
-7.65685
12.7411
41.5158
35.8185
-37.5393
-44.7391
-18.8892
-22.2469
-4.25756
-7.30432
-3.33372
9.93806
-8.18779
-1.80049
12.5214
5.70898
-13.9198
1.74567
16.7288
6.48725
6.05866
-11.7424
-10.4004
-4.28617
-3.08008
-6.26547
-0.354689
-2.11899
0.199769
-1.67383
-1.03084
-1.77139
-3.17171
-2.93412
-3.15185
-2.47727
-4.14487
-3.61566
-2.25727
-3.67782
-3.31491
-5.0186
-3.09461
-1.18137
-4.98907
-3.57168
-6.58432
-8.1062
-2.87886
-5.49861
-4.11422
-2.00441
1.2292
-13.8201
-120.419
98.7254
-3.16521
67.935
-58.7915
34.3364
21.5299
-57.0626
-55.1548
-25.389
18.3519
13.1334
-2.83776
8.55821
5.77865
8.15266
6.17633
1.48793
4.10162
2.49839
3.03665
3.75545
1.68593
2.86235
2.13827
2.44999
1.23405
0.886162
2.22923
1.81271
2.59548
1.57367
1.22293
2.24908
0.545373
1.4006
0.838487
1.49039
1.433
1.4333
0.468451
0.840266
1.17424
0.664098
2.0172
0.283125
0.78535
0.738334
1.29028
0.164285
0.326961
