0
4.99611
12.3304
-1.72666
4.79265
13.7608
8.35198
9.68733
1.68436
2.97004
5.35046
11.0605
-11.8786
1.09169
-8.22603
-0.60838
8.80372
10.2421
24.6206
-12.8264
3.28738
-3.10093
7.10929
-14.3632
-9.36765
25.861
9.87262
-3.38134
20.6377
1.60867
-15.9648
-3.37534
-5.5718
17.5684
-12.5631
7.48829
4.30737
1.12616
7.91955
9.48503
1.32111
-14.779
5.91802
4.41823
8.10754
-0.22726
4.08863
15.1341
10.7181
-4.32577
-7.88085
-6.20627
-4.48188
18.1339
-0.882556
17.5166
-1.61798
19.5695
10.8672
-22.7467
-12.6084
-24.074
-6.6038
3.87438
-4.28109
-3.02786
-29.1729
0.104114
6.48544
-4.43008
-26.8154
2.82158
10.741
-6.19901
13.1589
-1.81812
-2.85181
-2.31091
-14.3825
-4.48213
17.2607
-3.95837
-14.0564
-17.2685
5.52269
-3.61409
2.42023
-3.7095
0.270748
5.33948
-15.1126
-17.0198
-9.15469
-1.8016
-2.93165
-2.31174
-5.5002
7.3489
-3.99691
-4.59658
-1.42544
-0.0549281
-8.59406
3.77279
-8.47895
1.04443
-9.00668
-26.8248
-6.95787
4.02912
-8.08517
-1.00259
-8.13729
-4.59348
6.84005
8.24337
-9.48278
26.5684
7.46112
-2.54435
3.30405
-0.120063
2.75547
4.56521
-7.07799
5.22246
5.6553
1.14826
0.515816
14.5059
-5.13985
5.25957
5.22909
9.32584
-15.4208
12.406
-7.51779
-3.04959
8.15873
1.79271
1.49281
0.334728
-1.78871
-3.89993
-15.2414
10.5367
-1.71322
-12.2923
-4.18389
-16.1822
0.040043
-9.30357
-6.72823
9.03435
7.03286
-3.33617
5.92944
-9.06993
-16.93
7.86982
18.1182
-3.20518
-3.77501
-2.34449
3.29
-13.5921
-1.38033
8.89026
7.37219
-7.95235
4.02486
-4.87238
-17.0312
11.3022
9.20993
-12.5856
14.3133
-11.7858
3.45398
-18.6082
-0.472451
11.9499
8.8029
-3.0637
-2.9663
2.50228
1.63142
-9.10966
-17.8126
3.54071
-1.9822
-19.4463
-13.023
-10.2626
8.83595
11.8956
8.73237
-1.9623
9.61465
5.45127
9.96708
14.2562
11.4884
-1.83563
18.0766
-1.5458
-14.0958
-9.20791
7.68746
-2.44846
-2.60847
-2.0795
15.6197
3.69329
-1.26305
1.25797
-2.36097
5.22309
-20.9437
24.8303
-5.93072
6.3157
-3.3234
-6.97293
-13.194
-14.8236
-1.73824
5.98859
8.33421
6.96926
-9.82309
-6.63779
2.95834
-3.32288
-9.20944
1.7318
-3.73975
3.77911
-0.0679601
-22.9589
-11.2233
8.18097
5.40272
0.676802
-1.72916
-14.8935
-4.72598
-7.23635
-8.31889
-3.16426
-2.47039
-10.6528
-5.25057
-8.03531
5.19164
21.162
6.66707
-2.0622
-6.62881
-2.48502
-7.5415
-2.07893
-5.51571
-8.11166
2.80597
-0.86047
10.7213
10.5012
9.58602
13.861
-3.51854
-10.1507
10.8286
20.7404
-3.04555
2.08007
-5.8342
-8.35073
9.54727
12.6671
-5.45872
14.8973
8.35133
-2.28992
5.23244
-5.05887
-14.766
-2.79876
-4.21919
1.1773
-6.16808
-1.97277
16.5947
-1.7255
10.1256
5.33555
3.00295
-6.71831
4.24899
-11.4823
-10.6011
-3.41997
11.012
12.1834
6.5414
2.08685
5.88345
16.6524
-1.26871
-2.22582
-12.4093
-6.44064
0.774006
-0.500504
-16.265
8.17273
-9.64716
-7.59267
-5.33014
1.14051
8.051
3.7699
-2.83711
-3.76361
12.0388
9.46043
-1.6967
3.51207
2.3094
0.102773
-9.81111
-12.4776
-12.6957
9.01784
5.07829
4.26271
-12.1547
18.3783
3.22587
-31.3201
-5.05638
15.8951
2.57305
5.92718
-4.84125
-13.5615
-7.24182
7.73859
7.69311
-16.0981
17.5632
-0.754384
-0.73781
-5.1796
2.79633
3.84606
8.9944
23.6421
-0.592254
-17.1062
1.07746
0.565671
-8.91988
4.90968
2.04163
7.96068
-9.39434
1.67104
10.9756
14.0001
14.3466
12.7695
5.24425
0.855543
-9.25367
5.18663
9.41278
11.1131
11.7106
-13.5599
-6.90173
-4.22621
2.23194
-11.9111
-2.38906
8.41107
-16.6498
6.82367
3.22224
-10.7624
-5.01997
-9.549
-5.04628
3.78757
-6.09045
-25.6309
-3.30945
-4.89315
-16.832
3.3622
5.14109
4.13965
-1.40556
-12.3475
-8.16604
14.9643
1.18444
6.84999
4.2301
3.89978
-3.60891
-1.66057
6.76349
13.876
13.6283
25.7
-5.06376
0.614378
5.77675
-9.23411
12.2482
7.01325
13.8388
-1.22979
-14.2026
4.49601
12.4649
1.20668
0.234565
-3.46181
10.4603
5.73885
-10.9454
8.9154
22.6187
-3.64807
-5.84629
-2.92037
5.31259
4.63302
-12.8499
4.99387
1.25776
17.9867
-6.85067
-8.25404
13.0873
21.0124
3.48745
6.41082
0.784841
22.3466
1.7267
17.8554
9.94421
0.433231
4.46149
-2.96544
6.04213
-5.82718
-1.16219
11.3818
14.2153
0.974659
6.01485
-12.9324
5.83145
-0.320686
-18.0577
2.39774
-6.14001
1.79504
-2.66761
-10.1283
-12.98
3.95319
2.25332
-4.48381
14.8278
-11.9938
5.9412
-6.66255
9.08076
4.05281
-11.2519
3.92492
2.96158
-6.04505
10.6709
11.9387
-7.62555
-2.71011
5.44442
16.4682
1.0678
-10.979
-13.5981
0.072168
7.78394
-19.1339
12.6838
-3.63318
-5.77996
-1.7402
-12.2917
5.069
-3.74138
-7.98307
-19.2971
7.56219
-17.6713
-8.55158
