0
3.63555
-0.273048
-3.61705
-4.52891
2.53305
-0.369543
5.70245
-4.82228
0.0313635
-3.17809
-1.25318
-7.01714
0.129978
-1.20667
4.63364
3.54739
-2.71138
-1.36812
-3.91578
0.327968
0.19972
-1.55499
-0.0865963
-5.41828
4.95011
-5.4707
-3.32507
1.97238
-1.34809
-4.69667
0.881388
0.147321
-1.05689
4.4374
1.34389
-2.77503
2.65953
5.89406
-4.80527
5.69676
-0.174497
1.59173
-0.136127
-0.0432782
3.88467
1.72699
2.88071
-3.28183
-5.08677
1.59003
-0.322783
7.31661
1.25434
3.22899
0.336337
5.26554
-5.88227
-0.376703
-3.2251
4.10941
4.18365
0.628087
-3.66959
