0
2.06429
4.45601
2.36159
3.78351
0.73848
-8.18818
5.01698
-4.27064
-1.63298
-0.380466
2.59771
4.14372
-1.32053
2.23721
-10.7899
-3.94415
0.397433
0.651159
2.94145
7.3373
-4.37527
6.34123
-5.34987
-8.5546
4.68464
0.974845
-0.514285
-3.51462
6.73738
2.83032
-2.45232
2.34993
4.04455
-2.49129
-4.13717
-0.0018056
-3.58366
-1.20174
-2.04659
2.00859
-1.44439
2.43148
6.30779
2.47323
4.07579
-2.59576
-5.9308
-13.0088
4.22618
5.14512
-0.285756
-7.37413
8.43514
-2.63009
5.47688
-0.540203
-0.191441
-3.76367
2.76337
-7.64613
-5.06313
0.823807
-5.36986
-0.0760056
4.50803
-0.458006
4.6848
9.22217
-2.62365
4.37109
0.389753
-0.303372
-4.01319
1.95205
-8.6546
7.22732
-0.329359
-4.40691
-5.11363
12.4964
7.06365
3.37087
-1.76213
-1.40719
-5.82853
-4.04615
1.19525
-1.27673
2.32981
0.691208
2.73993
1.15052
3.71079
4.25483
-4.62828
-2.65728
2.07401
-2.66141
-6.1396
4.84409
1.72431
-0.274201
-3.72986
8.09606
7.0848
-6.08523
5.00045
-5.98617
-5.23812
-0.684415
-1.53125
2.31997
8.56608
-2.0463
2.70951
-5.35319
-4.19808
-2.27371
1.79172
4.36538
-5.89176
9.47775
-0.0121203
-3.02907
-3.17195
-5.27358
-2.99594
