-4.56283
2.12484
3.53318
5.69436
-1.54776
0.358706
-7.21928
4.08249
-0.751787
-4.18081
10.2804
7.7377
9.44622
-4.38277
2.45454
11.5054
2.5431
3.19083
-1.8789
10.4428
-2.60816
-1.67974
2.69939
-4.345
-0.250094
-6.96163
-3.09697
-5.82809
-9.59207
-5.37702
0.561014
1.28904
0.433092
5.5312
-5.67883
2.39311
-5.85008
2.78539
2.26917
-3.04652
-5.86831
-1.96227
5.19725
-0.787201
-1.78062
-7.09219
0.826231
-2.8971
-1.91457
-1.84488
-3.99556
4.38828
-3.33635
-0.608055
3.95119
-6.05603
6.64593
1.7528
-2.07995
1.04192
-7.10144
-1.64361
-4.58675
0.72587
-4.86468
1.0766
-4.79743
-0.812784
-6.11046
0.53661
-2.07497
1.15055
6.19613
-6.95968
3.61004
-1.34435
-0.953995
4.06341
-4.16559
-2.86134
-0.51953
-1.42165
1.43289
-7.55015
-2.85638
-2.48888
4.50978
-0.352963
-5.3993
-3.75166
1.35888
3.80382
-5.3899
2.76454
-5.15021
4.35484
1.1565
2.30872
0.555365
-5.89509
-8.56689
-5.92912
-2.99053
-8.38995
-0.0490913
-4.46724
0.532452
-1.94947
-5.54141
8.00438
-3.24465
1.73925
3.45287
13.5259
1.89845
-3.79182
6.97056
6.47247
11.1875
-2.94724
1.27405
3.08382
-5.94689
0.553385
-2.20533
5.0436
2.86937
0.52897
