-19.4869
-18.2918
-4.25893
-26.065
42.3914
-3.52017
-10.3716
-13.7807
8.33033
-10.724
5.1203
9.77919
2.63667
-4.84484
-4.23555
20.1049
13.8352
-5.85638
-6.3372
8.23548
-0.224098
12.5611
7.43538
2.41309
-7.78066
21.5331
23.0366
-14.995
4.70682
-7.14093
-23.3392
13.3462
2.27174
-9.67595
4.2951
-5.33428
25.3194
8.10528
14.517
-16.3702
6.90588
0.32789
-7.41513
5.84128
9.98771
7.92358
-11.2986
0.19187
-46.9725
-3.72177
-16.2408
-16.2269
10.6947
-9.3104
-2.55211
-5.69905
18.9721
3.83325
11.8145
1.17677
8.51738
0.191263
10.8981
-5.36661
2.59197
27.2912
-3.96457
-7.2857
-8.85731
3.90535
-20.6141
2.6034
-15.4335
-0.250354
18.622
4.12014
6.22663
8.17959
-8.06125
19.2512
5.51522
-15.9052
6.72068
-2.94675
-6.77308
5.22302
39.6773
1.8351
7.97927
-13.8522
-9.19974
0.446966
17.5527
-1.14309
13.5128
13.2055
20.5161
-9.3875
18.3558
10.745
-1.23113
-3.48153
12.7038
3.59514
14.6802
2.8877
0.613979
-11.1557
7.11825
14.5077
-14.8117
-23.5174
13.4782
6.39516
17.0032
27.2595
7.03822
15.4055
14.2364
-5.44989
-7.34075
-4.23686
-4.91429
-10.4969
10.0935
-7.38874
-12.8573
-9.21363
19.5066
2.3615
-9.27497
0.312279
-9.22807
9.98172
5.54585
-17.1153
32.9578
9.06383
-12.947
-3.48059
-12.832
14.9407
-16.6647
-2.58983
-17.6862
1.52832
15.1184
-0.232894
5.2314
13.5459
8.08625
0.850082
-7.19547
0.264332
-19.6416
-4.82005
-7.40339
10.9505
6.09466
8.14543
-3.00832
-20.4758
12.1915
-20.092
-9.35204
-4.3003
6.43612
-15.8483
-0.10903
-16.1509
0.170864
-4.24654
18.3712
-3.60336
6.65274
17.8905
15.3765
13.5631
11.662
-10.2766
-25.4894
-2.07098
4.52013
-9.26922
-0.949153
-15.2741
-3.98861
-4.17089
1.59317
-28.31
12.3284
0.432445
-8.57966
13.5419
-8.29223
-1.16646
-15.9704
3.07929
-15.065
0.915034
-3.06912
-11.6725
1.785
7.80905
7.96404
0.0771646
9.01544
15.832
-1.21505
11.8124
-6.66599
17.8199
-19.2676
3.48738
-19.9156
10.6389
-20.7771
-2.19462
4.46514
-16.7012
-9.3727
-12.575
-2.15493
-11.293
-10.0847
-13.5975
-11.6601
-15.152
-5.10299
-11.425
2.4494
6.439
-6.69603
-5.06672
7.91891
-13.1265
18.8958
-2.52657
-7.74156
-3.87094
-5.55441
0.736384
11.7289
14.5124
-7.4624
-11.3987
18.3276
-0.549653
-20.421
9.87354
8.68052
-12.8948
7.76147
12.366
4.19761
-19.7553
-6.97141
5.54556
-0.585575
-2.26255
27.6592
16.8025
7.67657
-21.4958
-15.8645
33.6789
-6.69238
2.53889
-2.0974
-4.69868
4.43051
-14.925
-5.13239
2.76173
28.8495
5.75363
-6.18589
-25.2133
11.4357
11.1164
-8.92476
-0.574093
-9.24274
-6.09578
-8.10699
15.8858
10.6956
-2.26652
-9.3421
21.097
4.90419
8.95008
-24.0867
10.9953
8.16715
-3.70619
-2.31387
-23.0902
0.129365
19.4679
-9.68654
25.3667
-2.42367
-11.6952
-10.2103
-22.7216
7.69889
-8.91077
4.58583
-9.78415
-6.57603
-3.99451
-23.5473
-5.21683
17.1056
2.96656
-7.3719
-14.8307
18.1911
19.7848
-9.2891
0.470056
29.2658
-26.0639
-2.99361
-18.6808
-2.84671
20.3808
-3.55716
10.8856
-5.0098
-12.0598
-1.80514
0.508752
-31.1305
-4.73938
4.40234
-16.6191
37.0412
-8.69773
-2.77212
5.85116
-7.79481
-13.4664
-9.20579
3.69858
0.964433
-20.5463
-11.2265
16.7645
-0.281248
-19.4275
-10.5978
-11.1219
3.19973
-6.15031
-12.1752
1.21228
-4.77314
11.5234
9.57572
-0.638471
-1.78305
15.4592
9.74891
11.7692
4.82326
4.52498
-15.5671
-6.05445
-2.75312
0.202457
10.2541
14.3937
-22.6376
-11.4835
-10.0125
2.81359
-15.3911
-0.975124
-9.95453
-1.87453
-13.0317
-3.24141
4.41936
-9.67424
-2.37965
4.65994
-5.58534
17.034
-16.2232
-23.7299
-15.9335
-14.3216
-7.99232
-0.284864
15.3689
5.44544
-25.1776
2.35041
4.82559
-6.4596
8.1532
-5.41351
3.59475
-16.1141
-14.0305
16.0645
-17.6684
-4.38087
2.06289
-10.2452
-0.315678
-5.36845
-0.0858097
4.72427
20.1125
0.438402
-15.8896
-5.45187
10.9433
10.7701
5.99538
10.0233
-16.783
10.4646
7.17179
-24.5855
-6.74373
19.7656
-17.1894
4.65422
-22.217
26.9328
0.997658
17.5217
-10.2104
25.3182
3.9788
13.1405
5.09992
-6.40414
13.4061
-6.19048
16.1457
-6.13277
19.6897
-4.08589
8.09676
-1.81567
20.9247
-13.5077
-11.3201
-6.22116
5.79162
-2.06021
5.8591
-3.79411
-6.11047
15.6547
-8.29681
15.1497
-0.402247
6.29967
19.0899
31.133
12.8239
-18.3382
-1.08204
-18.1561
-14.6997
11.9335
-0.809039
12.7662
-1.6175
-5.72968
3.15273
6.44772
16.0339
-12.4448
-11.3771
-25.4532
-4.60053
-6.85907
12.4155
-10.8608
-6.9242
-5.18301
7.70331
7.07446
27.4162
4.62122
4.00871
-0.547092
9.65768
-9.03738
-9.70387
-6.99358
1.45691
8.65935
-45.5802
8.71403
1.46854
-7.01855
-9.69444
-9.03245
9.67198
-0.548626
4.01733
4.63163
27.4154
7.06524
7.68053
-5.20677
-6.92702
-10.8574
12.4067
-6.88095
-4.61723
-25.4527
-11.3674
-12.4283
16.0675
6.45021
3.14822
-5.72843
-1.61948
12.7695
-0.810469
11.9303
-14.7092
-18.1586
-1.08891
-18.3401
12.8428
31.1549
19.0872
6.27701
-0.412188
15.1336
-8.29783
15.6586
-6.11544
-3.80184
5.85207
-2.06665
5.78204
-6.22746
-11.3219
-13.5015
20.9201
-1.82684
8.10725
-4.07887
19.7029
-6.14454
16.1323
-6.19424
13.3851
-6.40432
5.0994
13.14
3.97595
25.3097
-10.2161
17.5191
0.990388
26.9174
-22.2252
4.65809
-17.1946
19.7603
-6.74466
-24.6116
7.15574
10.4411
-16.7801
10.0226
5.98585
10.765
10.933
-5.469
-15.9015
0.448671
20.1205
4.72742
-0.0908557
-5.37488
-0.332832
-10.2456
2.03509
-4.3938
-17.6842
16.0546
-14.0455
-16.1245
3.58714
-5.42817
8.14996
-6.45778
4.80528
2.33415
-25.1811
5.45392
15.3584
-0.313066
-7.99471
-14.3209
-15.9321
-23.7066
-16.2049
17.0569
-5.58928
4.66411
-2.37567
-9.67592
4.40407
-3.24474
-13.0191
-1.86189
-9.95041
-0.971614
-15.4052
2.80294
-10.0437
-11.4914
-22.6379
14.4059
10.2583
0.200149
-2.74946
-6.05255
-15.5662
4.52668
4.83243
11.765
9.75202
15.4479
-1.79281
-0.648385
9.5699
11.4922
-4.80239
1.18047
-12.1812
-6.13373
3.20032
-11.123
-10.6046
-19.413
-0.274387
16.7593
-11.2477
-20.5532
0.962291
3.69855
-9.19243
-13.4499
-7.79079
5.85063
-2.76256
-8.69085
37.0653
-16.6256
4.39368
-4.7408
-31.1318
0.516692
-1.80206
-12.0636
-5.00046
10.9026
-3.53735
20.3907
-2.85384
-18.6752
-2.98407
-26.0158
29.276
0.469697
-9.27986
19.7852
18.1905
-14.8333
-7.38445
2.96651
17.099
-5.22198
-23.5578
-3.98765
-6.57912
-9.79964
4.58982
-8.91464
7.70134
-22.7174
-10.1915
-11.6875
-2.41857
25.3741
-9.68877
19.4773
0.11583
-23.0975
-2.30693
-3.70135
8.18331
10.9806
-24.0801
8.96128
4.92216
21.085
-9.35256
-2.26646
10.7046
15.8779
-8.1004
-6.09353
-9.25249
-0.576372
-8.91467
11.1203
11.4023
-25.2257
-6.16022
5.77034
28.8375
2.74325
-5.15612
-14.9239
4.455
-4.69108
-2.08398
2.53568
-6.68938
33.6737
-15.8793
-21.5047
7.67503
16.8062
27.6492
-2.28289
-0.586661
5.54055
-6.98711
-19.744
4.20467
12.3797
7.76482
-12.8898
8.68483
9.86286
-20.4356
-0.549219
18.3311
-11.3926
-7.44555
14.5048
11.7049
0.709964
-5.56224
-3.87276
-7.74201
-2.51355
18.8929
-13.1274
7.92129
-5.08196
-6.70552
6.43983
2.4404
-11.4162
-5.09996
-15.1666
-11.6569
-13.5795
-10.079
-11.2791
-2.12725
-12.5782
-9.3708
-16.6993
4.48398
-2.21386
-20.7729
10.6347
-19.9008
3.49256
-19.2501
17.838
-6.65253
11.8074
-1.20706
15.8406
9.02671
0.0766002
7.95292
7.78882
1.76425
-11.6819
-3.08574
0.901014
-15.0412
3.08085
-15.9611
-1.159
-8.28771
13.5378
-8.59488
0.428018
12.3232
-28.3515
1.56443
-4.16979
-3.99725
-15.2685
-0.942498
-9.26678
4.52029
-2.0654
-25.4883
-10.2694
11.6712
13.575
15.3664
17.89
6.6426
-3.60514
18.3577
-4.24644
0.148768
-16.1553
-0.115137
-15.8585
6.44033
-4.31551
-9.35386
-20.1039
12.1903
-20.4672
-3.00604
8.15467
6.10062
10.9604
-7.39484
-4.82253
-19.64
0.268081
-7.20192
0.851403
8.11058
13.5508
5.23907
-0.219627
15.131
1.53239
-17.6922
-2.59664
-16.6522
14.9495
-12.8191
-3.45355
-12.941
9.06353
32.9618
-17.1244
5.53931
9.98042
-9.23005
0.318917
-9.2598
2.35273
19.5141
-9.23864
-12.8645
-7.38361
10.1016
-10.4921
-4.91646
-4.23036
-7.3345
-5.44578
14.2456
15.4132
7.0602
27.2409
17.0108
6.38185
13.4648
-23.5335
-14.7977
14.5303
7.13631
-11.1535
0.621106
2.90235
14.715
3.60408
12.6898
-3.48077
-1.22016
10.7471
18.3385
-9.40154
20.5196
13.2063
13.516
-1.16292
17.5529
0.439908
-9.20643
-13.8541
7.98612
1.85223
39.6889
5.19725
-6.77586
-2.95651
6.71797
-15.9273
5.51716
19.2485
-8.06367
8.21182
6.23209
4.13185
18.6251
-0.257588
-15.4467
2.59325
-20.6167
3.90844
-8.85359
-7.28291
-3.95258
27.3045
2.58962
-5.37175
10.8771
0.182722
8.52342
1.15914
11.7964
3.83067
18.9557
-5.70673
-2.55282
-9.31909
10.6836
-16.2525
-16.2426
-3.71409
-46.9661
0.223696
-11.2996
7.92948
9.98072
5.84839
-7.41062
0.345751
6.92442
-16.3686
14.5257
8.09992
25.3181
-5.33889
4.27011
-9.67361
2.28587
13.3454
-23.3481
-7.12133
4.69783
-14.9871
23.052
21.5369
-7.78164
2.40527
7.44598
12.5579
-0.227437
8.23173
-6.34428
-5.83429
13.8367
20.108
-4.238
-4.85787
2.63834
9.77318
5.09796
-10.7442
8.32103
-13.7668
-10.3709
-3.49482
42.3788
-26.0996
-4.27456
-18.2942
