0
-14.8485
6.8302
-14.2512
-2.37845
7.24449
-4.03726
29.4152
-19.0909
-2.13787
-5.75505
0.0911624
8.72202
-11.4284
11.8455
14.2791
3.18165
11.5993
-7.77165
5.073
-5.78595
-1.05564
23.9762
-22.1717
7.55068
10.4773
-1.6992
-3.15411
-16.524
16.8395
-9.31143
5.05272
7.68885
11.9162
-33.9914
14.4226
6.21636
-21.8591
5.78155
12.471
9.77192
8.64609
0.509928
9.28947
-17.1051
-7.20814
-19.5268
3.97113
-5.54983
21.5668
6.44292
-7.3472
0.071497
-13.1756
6.25689
18.5276
-12.3546
11.878
-11.7812
-19.6448
11.2262
-19.3499
-14.7735
-2.95858
2.70724
23.958
-9.31234
-5.03158
5.93986
9.60125
-2.11771
-2.50058
-6.68898
-3.15084
14.0813
14.5204
13.7414
20.4256
-1.97228
-0.843264
0.864431
-22.2944
7.89679
-14.8541
1.39378
0.289038
15.8949
4.79403
6.19369
-11.5019
-2.48289
-1.03507
16.1548
-18.8357
13.6086
4.30672
-5.17896
-20.7354
-25.172
-1.8479
0.357101
4.65972
-25.7577
14.0116
25.1679
8.37835
2.2927
17.1157
12.7615
11.9561
7.11344
-2.66301
3.12507
-8.86779
30.6775
-31.6798
15.9433
-6.56601
-4.04862
-21.2411
-4.31166
1.66969
-17.3789
3.35689
5.49526
9.03556
-34.019
-16.9621
13.1792
-30.3302
8.39331
4.54212
-0.500962
2.71422
-15.3876
-4.44963
10.4459
-23.2866
-16.4277
21.847
13.7188
18.9672
2.89204
-16.9097
-10.4168
18.3316
11.7886
8.86541
8.35891
-4.43027
20.7702
-14.1234
-29.4619
-6.69606
-4.56659
-4.03197
23.9336
10.6837
2.07951
8.43136
4.18389
4.60324
-6.6871
-29.2022
6.2506
-13.1679
5.37559
-29.2499
1.15343
6.64583
-18.0406
22.1266
-8.29013
0.630427
-4.83949
-9.80374
-20.8165
9.38886
-12.9414
7.52929
-9.22459
10.2839
-5.25488
-7.16712
-0.19445
5.92819
-16.2015
9.60822
-43.6188
-51.64
1.70597
-1.50596
-11.8355
-12.115
13.8722
-1.72951
18.1002
3.03084
22.2752
-9.59965
-15.9535
-5.52894
-1.41848
-16.3456
-13.3595
1.09927
15.6893
0.611612
1.48202
-30.5681
9.8407
9.89264
24.0094
16.3491
8.00793
-16.29
-1.89289
-16.7116
14.1134
-9.56939
1.88595
-11.1191
32.8674
7.32688
4.82461
16.4517
9.1742
-29.0519
31.719
23.7269
-7.15089
8.49465
-5.63887
-8.20305
8.19587
5.86742
2.10767
10.2978
-0.058829
4.23361
6.3297
-19.0826
-19.2042
-22.7008
8.66243
19.1967
12.5138
-4.33089
-13.4184
-7.60943
9.71621
3.99919
11.6291
12.0083
2.47058
6.80356
-9.89867
4.12947
3.63991
0.505293
-1.86912
-3.09122
-20.6751
-22.4867
-1.54045
-7.68759
7.19588
-10.8244
9.2173
13.0607
14.2652
0.507926
-16.0727
-27.9802
-6.84201
1.14749
17.5435
-24.3558
-14.2028
-3.4047
17.9778
-15.88
-15.34
5.66057
30.6013
-0.986756
6.93628
-6.53148
-15.5212
-8.33535
15.9421
-6.55642
10.4719
-11.3347
14.676
-8.51247
5.19995
-9.40733
-14.1816
23.2463
-20.8915
9.07793
-18.4067
1.62925
3.60511
7.78352
8.05072
-10.0309
6.1651
-29.3557
-2.97687
11.7962
-7.50132
16.7683
0.481491
-1.9564
-24.8546
14.7577
14.0456
-11.0053
2.48709
3.07251
5.11645
19.7793
4.72112
9.44735
-2.84778
7.58027
17.4546
8.27325
5.84457
-12.4982
2.55119
6.84218
-11.1874
19.1547
-15.7827
-0.123681
25.4605
-10.8727
8.66624
-9.13985
-11.9802
18.6551
19.8053
2.06563
-11.7987
-10.0187
-7.85138
-7.49575
-7.83043
29.0276
-13.8797
8.78414
4.81071
20.9089
-2.85663
-9.57501
-21.3237
-18.395
-9.98985
-5.5724
-0.86208
-5.15103
5.2465
-13.0565
3.86287
-11.6195
-6.97032
2.55156
9.88688
-3.11779
2.90418
-1.92868
-15.8414
-23.3012
-19.8933
-11.4194
-17.4019
9.62949
0.264216
16.3233
15.4321
0.0984756
-13.2675
-3.67385
16.191
14.3708
-13.995
11.5991
18.9918
12.9129
5.23572
12.384
10.4588
-5.76515
-5.81407
0.908593
-4.8424
6.83831
-24.5628
12.4503
-6.49708
-19.4669
-1.01676
-26.3854
-30.4184
3.29386
-11.9326
-15.0169
-16.8284
15.5546
-6.60599
-3.98729
10.6652
19.6921
8.76475
13.2665
-9.3448
-2.56919
-11.3172
-9.13746
-9.54741
-5.49053
6.96348
-9.6037
-24.1279
-25.3775
17.5385
0.0324738
-6.96165
14.7882
0.548777
9.05394
-1.39282
2.5529
-3.83291
-1.38232
-2.65486
-1.16359
-10.2789
9.84525
-19.6321
-5.36471
-7.78574
-15.9348
13.8108
10.2521
8.95
-18.0305
-14.9259
-0.906442
-1.79548
5.01327
-20.7721
-14.4655
-0.958215
-9.63739
-3.52085
9.91414
5.37073
-7.45865
-17.2565
-8.38666
3.49903
8.37506
12.2499
-25.72
-18.9549
-5.8501
-9.91405
8.31088
-3.02041
7.34019
-17.7263
4.8409
-9.77
3.14385
14.3258
-3.46843
-4.46541
2.74274
-1.55986
-17.0287
-3.67542
5.86171
8.14371
-16.492
-2.01596
-14.2192
1.16562
-0.641319
15.9241
-13.9019
9.33585
-14.1464
14.1088
-27.823
10.0987
35.3156
-0.0154114
-35.3129
-10.0783
27.8284
-14.1119
14.1458
-9.3244
13.9033
-15.9211
0.66129
-1.13448
14.2265
2.03296
16.4886
-8.15574
-5.86283
3.70081
17.0281
1.54612
-2.75373
4.45268
3.45842
-14.3057
-3.13404
9.78115
-4.83517
17.7279
-7.33541
3.0297
-8.28586
9.91379
5.84496
18.9557
25.6903
-12.2497
-8.33644
-3.46857
8.41412
17.2579
7.46618
-5.37529
-9.88989
3.52421
9.64322
0.96831
14.4688
20.7716
-5.02419
1.78362
0.902773
14.9478
18.0239
-8.9589
-10.2543
-13.7773
15.9471
7.80602
5.36357
19.6388
-9.84903
10.2813
1.1673
2.66185
1.39576
3.82677
-2.53888
1.39603
-9.02936
-0.558212
-14.7782
6.96144
-0.0118504
-17.5332
25.3786
24.1315
9.5993
-6.97332
5.49751
9.55532
9.14081
11.3185
2.5584
9.30879
-13.2726
-8.75225
-19.6839
-10.6453
3.99152
6.61041
-15.5488
16.855
15.0182
11.9186
-3.27714
30.4182
26.3745
1.00674
19.4557
6.49213
-12.4612
24.5576
-6.85915
4.82656
-0.915122
5.81432
5.74184
-10.4707
-12.4098
-5.25938
-12.9554
-18.9993
-11.573
13.9955
-14.3716
-16.1876
3.6793
13.2729
-0.103927
-15.4467
-16.3172
-0.254905
-9.62076
17.4095
11.429
19.8925
23.2942
15.8073
1.92552
-2.90047
3.11551
-9.89067
-2.55208
6.96818
11.6203
-3.85763
13.0703
-5.24267
5.16825
0.865378
5.58078
9.99671
18.4051
21.3113
9.54485
2.83866
-20.9302
-4.81394
-8.78714
13.8714
-29.0405
7.83851
7.5042
7.83947
9.99796
11.7766
-2.07402
-19.8259
-18.66
11.9809
9.13881
-8.67501
10.8603
-25.4296
0.119597
15.7774
-19.1641
11.1793
-6.84525
-2.55302
12.4744
-5.85328
-8.27463
-17.4565
-7.55224
2.84636
-9.4664
-4.72982
-19.7985
-5.0966
-3.06162
-2.48391
11.0105
-14.0391
-14.751
24.8581
1.95642
-0.472885
-16.7686
7.48394
-11.7949
2.98714
29.3495
-6.17317
10.0247
-8.05357
-7.79919
-3.61266
-1.62984
18.4075
-9.06114
20.8903
-23.2388
14.188
9.38721
-5.20257
8.50575
-14.6694
11.3456
-10.4821
6.56304
-15.9307
8.37512
15.5169
6.52076
-6.93341
0.992854
-30.6026
-5.65027
15.3463
15.8786
-17.9809
3.42637
14.2265
24.3415
-17.5554
-1.13163
6.89139
27.9822
16.0532
-0.536213
-14.2792
-13.063
-9.2096
10.8315
-7.19432
7.70457
1.54109
22.4768
20.6744
3.0932
1.88016
-0.517147
-3.64309
-4.12823
9.88588
-6.83946
-2.47329
-12.0037
-11.6214
-4.0057
-9.70763
7.61907
13.4035
4.32883
-12.5102
-19.1962
-8.63988
22.7138
19.2129
19.0703
-6.35853
-4.24057
0.0437057
-10.3053
-2.09456
-5.87518
-8.18701
8.20089
5.61921
-8.49729
7.14106
-23.7512
-31.719
29.0486
-9.19837
-16.4721
-4.83057
-7.34061
-32.8605
11.1284
-1.88648
9.55979
-14.104
16.7192
1.88101
16.2883
-8.03698
-16.3501
-24.014
-9.87559
-9.81832
30.5822
-1.47911
-0.594279
-15.6616
-1.09029
13.3788
16.3556
1.4211
5.52607
15.9474
9.58136
-22.3041
-3.028
-18.102
1.73864
-13.867
12.1351
11.8461
1.52584
-1.69044
51.6358
43.597
-9.63788
16.1898
-5.95279
0.186133
7.14941
5.25304
-10.2877
9.20252
-7.53068
12.9487
-9.37432
20.8413
9.80522
4.83904
-0.634161
8.296
-22.1275
18.0432
-6.66105
-1.14435
29.2437
-5.37795
13.1598
-6.26295
29.1842
6.66896
-4.64065
-4.18557
-8.43128
-2.07926
-10.6835
-23.9328
4.039
4.55908
6.70379
29.458
14.1064
-20.7759
4.43884
-8.36115
-8.86881
-11.7764
-18.3144
10.4157
16.9027
-2.9195
-18.9684
-13.7219
-21.8314
16.4493
23.2903
-10.4265
4.44977
15.392
-2.71212
0.494399
-4.54176
-8.38101
30.3335
-13.1632
16.9691
34.0123
-9.05261
-5.49731
-3.36225
17.377
-1.67603
4.30836
21.23
4.04789
6.56735
-15.9347
31.6967
-30.6762
8.87265
-3.1247
2.6214
-7.13364
-11.96
-12.7621
-17.1167
-2.29095
-8.37785
-25.1446
-13.9931
25.7828
-4.65361
-0.338527
1.85626
25.19
20.7245
5.18277
-4.3045
-13.5938
18.8363
-16.1544
1.03693
2.47853
11.4837
-6.19586
-4.79273
-15.8605
-0.265371
-1.39366
14.8529
-7.89247
22.2768
-0.869291
0.845691
1.94909
-20.4343
-13.7391
-14.5138
-14.0541
3.15728
6.68477
2.49596
2.09286
-9.60096
-5.94074
5.03151
9.30273
-23.9443
-2.68655
2.97671
14.8029
19.3487
-11.2198
19.6509
11.7784
-11.8787
12.3592
-18.539
-6.2563
13.1728
-0.0706883
7.32335
-6.45875
-21.5766
5.51915
-3.96821
19.5251
7.21057
17.1024
-9.30064
-0.520554
-8.65528
-9.77086
-12.4716
-5.76947
21.8674
-6.20291
-14.4187
33.9916
-11.9369
-7.68976
-5.0491
9.29674
-16.8431
16.5338
3.14697
1.71134
-10.4589
-7.544
22.1704
-23.9767
1.07432
5.7895
-5.07035
7.76218
-11.6122
-3.17966
-14.2682
-11.8377
11.4313
-8.71685
-0.0746243
5.76654
2.13118
19.0904
-29.4287
4.03641
-7.24014
2.40483
14.2417
-6.84369
14.8465
