-0.337361
1.21162
0.624815
0.264138
-0.92358
-0.924787
-1.18799
0.984372
0.271242
0.559641
-1.28775
1.26325
0.893242
-0.773505
-0.854705
-0.850583
-0.525202
0.0657572
-0.183025
-0.560685
0.300444
-0.969284
-0.558209
-0.360298
-0.117852
0.765667
-0.807806
0.0377
0.249199
-1.21833
0.289265
-0.885436
-1.16881
1.20617
1.25182
0.829123
-0.525571
-1.08156
0.494808
-0.160274
-1.01685
-0.0121681
-1.25171
1.09983
-0.648245
0.436683
-0.506099
0.0548399
0.125408
-0.846857
1.26234
0.739723
1.18191
1.06166
0.26254
1.13325
-1.10634
-0.816302
-1.22213
-0.468948
-0.299638
-0.614385
0.882762
-0.384313
-0.589658
0.114124
-0.965735
0.812297
-1.14264
1.30918
0.731345
-0.810021
-1.32869
0.847944
0.555523
0.614872
0.728884
-1.14452
-0.379567
-1.03221
0.976557
0.331034
-0.453766
-1.17282
-0.508877
-0.470267
0.617085
0.369713
1.04086
-0.075031
-1.02223
0.572562
0.700352
0.164867
0.729375
-0.0158988
0.0611672
-0.194655
-1.27605
-1.0547
-1.25941
0.365704
-0.499801
0.0243159
1.09526
-0.674574
-0.240397
0.686494
-0.728189
-1.13607
-0.564444
-0.910118
1.15459
0.827986
0.358836
0.997658
0.817003
-0.843135
1.05448
0.106075
0.826256
1.06405
-0.489892
-1.04796
-0.730471
-0.196313
0.854049
0.969215
-1.32516
0.0287042
-0.222168
-0.745908
-1.02094
-0.437103
1.18974
-0.475154
0.0505246
0.545995
-0.366189
1.2683
1.24342
-0.668059
-0.00748717
-0.535566
-0.57918
-1.24561
0.294117
0.00765198
-1.20603
-0.594605
1.09607
-0.700125
-0.954125
-0.0273598
1.30493
-0.693947
0.461811
0.703419
-0.705681
0.613022
-0.356655
0.355975
0.359338
0.0959966
-1.10079
0.901021
-0.481569
-0.843591
-1.23457
0.244245
0.476542
-1.29944
0.032952
-0.735346
0.389841
-0.874798
0.513867
-0.304786
1.17386
-0.975232
-0.426772
-1.03922
1.14133
1.01388
-0.650224
0.429495
0.853278
0.149375
0.0790038
-0.693056
-1.09229
1.0673
1.07672
0.358312
-0.431962
-0.404753
0.607205
1.06758
1.04045
0.75128
0.38216
-1.11726
-0.90876
1.07125
0.286362
-1.31906
-1.07187
0.439388
-1.33066
-0.911501
0.130417
0.516088
0.40818
-0.741169
0.570436
-0.70601
-0.469521
0.662241
0.401833
0.938553
0.423667
0.183947
-1.09153
-0.354915
-0.631336
-0.688386
1.2717
-0.28725
1.05311
0.352771
0.791728
0.00779669
0.206226
-0.0196061
-0.818751
0.597831
-0.590097
-1.27786
0.39121
-0.8677
1.18312
1.22051
1.11556
-0.348981
-1.30218
1.15172
-0.193602
1.25428
1.24594
0.949629
-0.552856
-0.308502
0.944782
-0.49262
-0.888587
0.153905
1.17187
0.526445
0.188249
-1.08291
0.309136
1.3168
-0.967454
0.0493775
1.01427
0.648044
0.529525
0.54424
-0.377502
-0.554581
0.831075
0.832962
0.986346
1.11121
0.0292367
0.00423301
0.801624
0.403124
0.541848
0.794338
1.04895
-0.435997
-0.335439
-1.09047
0.21127
-1.2464
-0.0926876
0.114232
-0.573755
0.244346
-1.26135
-1.24311
0.867241
-0.375486
-1.0023
0.0604473
0.724699
-0.764061
0.329946
-1.11515
-1.20401
0.084078
0.108828
0.369735
0.607384
1.27922
0.0430536
-0.476423
0.793409
-0.616496
-0.164315
-1.13372
-1.27481
1.24347
0.903219
0.526865
-0.244163
-0.877616
-0.923928
-0.67137
0.13343
0.577751
0.430914
-0.591574
1.22183
0.640015
0.145781
0.300065
-0.216713
-0.67728
-0.387571
0.691917
-1.30578
-1.03254
-1.22095
-1.23466
0.95496
0.546664
-0.0696982
-1.07998
-0.0229358
-0.0709679
-0.877955
-0.178116
-0.272629
0.311086
0.36301
-1.22161
-0.336521
0.33846
0.00710507
0.958225
0.427553
-0.905857
-1.15393
0.383611
-1.27321
0.23085
1.18275
0.202152
-0.302057
0.385042
-0.112417
0.122542
1.18644
-0.306234
1.23939
1.08943
-0.817781
-1.15675
-1.07258
-1.29544
-1.0906
0.492176
-1.15202
-0.486019
0.927618
-1.28107
0.845363
-0.586983
-1.02652
0.529663
0.347964
1.01428
0.631751
0.816415
-0.585086
-0.867331
0.673604
0.825846
1.31787
-0.234608
-0.344495
0.743312
-0.428207
1.15795
0.962905
-0.191763
0.673475
0.683288
-1.06734
1.0809
0.0138635
0.877078
-0.483491
1.06282
-0.297554
-1.31543
1.0892
-1.09843
-0.485569
1.20892
1.21061
0.196552
0.353053
-0.139843
-0.555492
-0.460994
0.463901
0.678912
0.783348
0.777144
-1.09895
-0.0144479
-1.18984
0.133396
-0.156421
1.04201
-0.401086
-1.02874
-0.959731
0.702661
0.318493
-1.07218
-1.118
0.540923
-1.14818
0.864673
0.553612
-1.1259
-1.1153
1.30846
-0.33768
-0.34836
0.841116
1.20214
1.30645
0.681005
-0.332827
-1.11888
0.745049
0.157356
-0.203391
1.09239
-1.04542
-0.0200929
-1.31286
-0.0833685
-1.19237
-1.02389
-1.02663
0.401392
0.661016
0.224028
1.24262
-0.33569
-0.575293
0.990605
-0.742024
1.24602
-1.31059
1.26374
-1.22858
1.05051
0.0748826
1.32458
-1.14493
0.145384
1.2623
0.0620416
0.348245
0.525979
-0.121907
0.343091
0.226291
1.07754
-1.2226
-0.587472
1.21138
1.04836
-0.119198
0.323212
-0.597317
-0.837606
-0.0971235
-0.394785
0.225235
-1.1345
1.27523
1.30717
0.532263
0.0979481
-0.511102
0.842843
0.4967
-0.906931
1.10467
0.866377
1.20839
0.606455
0.304336
-0.219053
1.16323
0.983523
-1.22386
-1.27208
-0.331445
0.835013
1.30867
-0.938916
0.2538
-0.319714
1.26456
0.919367
0.908326
-0.0839137
-0.228528
-0.608895
-1.19297
0.98162
0.840594
1.34437
1.33429
0.148916
0.722266
1.19495
0.939298
-0.679931
-0.132576
-0.996629
1.21985
0.28388
-0.729744
0.461747
0.31665
-0.38118
-1.0393
0.462047
0.0549214
0.731864
0.0546347
0.945694
0.138964
0.164052
1.01243
-0.259607
-0.983317
-1.26663
0.68544
0.323572
0.547683
-0.77268
-0.977309
-1.30381
-0.402348
0.242089
-0.2905
-0.167744
1.08667
-0.407951
0.0374868
0.761527
-0.278494
0.328767
0.97372
1.20709
-0.949741
1.14673
-0.0226812
-0.64976
-0.109648
1.29026
-0.0206373
-0.460773
0.357746
-0.699468
-1.14082
-0.997613
-0.99913
-0.934942
-0.970702
0.377808
-0.854284
-0.415782
1.0662
-0.0695514
0.449353
-0.880884
-0.826772
-1.23404
-0.890545
-0.594871
-0.867801
-1.10551
-1.0186
-0.10459
-0.789425
-0.363828
0.00901722
0.511458
-1.23684
0.805841
0.343781
-1.12474
1.00411
1.1316
-1.1796
-0.598769
0.823847
0.667231
-0.849591
-0.781812
-0.347375
-0.0421267
0.318747
-0.352335
-0.100825
0.665212
-1.24643
-0.666234
0.572976
1.06125
0.030549
0.0865405
-1.05471
-0.141286
0.0883007
-0.692199
-0.620101
-0.329536
-1.29054
-0.477951
-0.774893
-0.462827
-1.02221
1.05041
0.250954
0.480712
0.777652
-0.00385783
-1.11088
0.0998159
0.233235
0.658773
-0.184256
-1.00039
-0.580909
-0.36785
0.392232
0.19044
-0.386675
1.30707
0.282658
-0.706775
-1.06973
-0.933594
-0.68373
-0.912671
-0.843148
-0.576775
-0.878367
1.06674
-1.12823
0.0667572
-0.240494
1.29712
-1.04221
-0.273686
1.26168
0.982781
0.851881
-0.651032
-0.885099
0.453312
1.15337
0.15346
0.192923
-0.590979
0.723521
-0.841808
-0.474063
-0.201251
0.0207815
-0.692392
-1.0348
0.298301
-0.567693
0.218562
-0.929038
-0.0505865
0.0877279
-1.20539
-0.438769
-0.982216
-1.17298
1.31716
-0.47726
0.833021
-0.658633
0.487655
0.698983
0.257722
-0.0768182
-0.236865
-0.405605
1.15484
0.889257
1.24905
-1.01051
0.620002
1.17831
-0.856663
-1.16435
0.648059
0.200445
0.917974
-0.969016
0.794438
-0.801415
-0.903609
-0.901155
0.845024
0.444071
0.0623674
-0.379063
1.0143
-0.288473
0.850796
-0.164167
-0.329765
-0.100363
-0.534325
0.665047
0.00679294
-0.718762
1.07438
-0.312523
0.116588
1.09354
0.333029
-1.02942
1.18289
0.343565
-0.442724
-0.969229
0.791151
0.321642
0.0899461
1.05981
0.775638
-0.936962
-0.506605
-0.67541
0.654983
-1.25398
0.188166
0.70511
1.01247
-0.424856
0.863349
-1.04564
0.930935
-1.00071
-0.275674
0.799335
-0.941714
-0.727662
0.598085
0.591212
0.37961
0.52102
0.115143
-0.667439
-0.414504
-0.855956
1.09753
0.224509
-0.266603
-0.101926
1.20222
-0.931573
0.23121
0.0147596
0.299834
-1.29507
0.999408
1.16145
0.175573
0.528129
1.13474
0.556864
-0.93401
0.206156
0.287617
-0.203428
0.635812
1.16711
1.14356
-0.131805
-1.03893
1.30259
0.909837
-1.00872
1.1316
0.994165
0.0495053
0.243796
-0.272616
-1.19559
-0.443855
0.812929
-1.33206
-0.446671
-0.274164
0.101526
1.12776
-0.413478
-0.411929
0.637877
-0.130013
-0.74025
-0.128393
-0.966531
-0.870639
-0.00462698
-0.216471
1.11419
-0.370224
0.217189
0.354984
-1.30948
0.439504
-0.865954
1.23925
-0.944528
-0.230475
-1.11338
1.33574
0.00547954
0.255504
-1.16362
0.671268
-0.780832
1.0693
-0.793646
-0.832791
-1.24578
-0.0751466
0.174211
-1.16788
0.741576
-0.124673
0.065169
-0.15893
-0.266621
0.159642
-0.926113
-0.855144
0.972215
1.19783
-0.342026
-0.615738
0.385624
-0.245554
-1.27479
-0.92389
0.580184
0.425695
-1.27154
-0.746672
-0.721527
0.46174
-1.28985
-1.06432
0.807409
-0.863338
0.410905
-0.703049
-1.07558
-0.689042
0.598072
0.955761
0.88676
-0.276177
0.451712
-0.79414
-0.554838
1.06538
-1.30997
-1.11419
-0.785245
-1.27283
-0.85601
0.224095
-0.209686
1.05626
0.853357
-0.425572
-0.646478
-0.323195
0.242056
-0.623078
0.334265
-0.243399
0.140711
-0.171943
-0.552834
1.2046
0.707963
-0.966607
0.991089
-0.0338119
1.06064
0.803837
-0.201433
-1.28314
-0.62108
0.112492
0.357902
-0.65106
-0.967681
0.901289
1.30122
0.068841
-0.883964
-0.612488
-1.29427
1.11368
-1.02705
0.204998
-0.607353
0.145964
0.406292
0.88542
-0.790143
-1.31341
-0.975584
1.0761
1.00553
0.26197
0.270681
0.442754
-0.872398
1.11384
-0.218381
-0.314046
0.0499716
-1.21739
-0.897503
0.639739
-1.12223
0.277515
-0.684391
-0.297907
-0.567949
-0.386683
0.589912
-0.5442
0.178549
-0.06464
0.440447
1.17307
0.623988
-0.767052
-1.26105
-0.638307
0.255937
-1.20608
-0.00953894
0.259543
-0.445099
0.727699
-1.05766
-1.14109
0.613337
-0.0120835
0.506435
-0.175739
-0.680672
0.859147
0.804196
0.523097
-0.61231
0.243214
-0.374712
-1.09699
1.12168
-0.975986
1.21138
-0.144207
