-0.00193787
0.0960963
0.19319
0.288438
0.380894
0.469696
0.553964
0.632915
0.705772
0.771867
0.830564
0.881342
0.923743
0.957439
0.982181
0.997861
1.00448
0.998185
0.982774
0.958294
0.924865
0.882717
0.832178
0.773709
0.707825
0.635158
0.556376
0.472254
0.383573
0.291213
0.196034
0.0989816
0.000961304
-0.0970531
-0.194148
-0.289358
-0.381793
-0.470545
-0.554773
-0.633659
-0.706462
-0.772479
-0.831106
-0.881799
-0.924118
-0.957725
-0.982379
-0.997969
-1.00451
-0.998076
-0.982576
-0.958011
-0.924494
-0.882256
-0.831642
-0.77309
-0.707144
-0.634405
-0.555574
-0.471395
-0.382683
-0.29028
-0.195089
-0.0980117
0
0.0980117
0.195089
0.29028
0.382683
0.471395
0.555574
0.634405
0.707144
0.77309
0.831642
0.882256
0.924494
0.958011
0.982576
0.998076
1.00451
0.997969
0.982379
0.957725
0.924118
0.881799
0.831106
0.772479
0.706462
0.633659
0.554773
0.470545
0.381793
0.289358
0.194148
0.0970531
-0.000961304
-0.0989816
-0.196034
-0.291213
-0.383573
-0.472254
-0.556376
-0.635158
-0.707825
-0.773709
-0.832178
-0.882717
-0.924865
-0.958294
-0.982774
-0.998185
-1.00448
-0.997861
-0.982181
-0.957439
-0.923743
-0.881342
-0.830564
-0.771867
-0.705772
-0.632915
-0.553964
-0.469696
-0.380894
-0.288438
-0.19319
-0.0960963
