-0.25091
0.901419
0.46398
0.197309
-0.68796
-0.688009
-0.883829
0.732349
0.202229
0.41614
-0.95883
0.93981
0.664879
-0.575319
-0.636349
-0.633188
-0.391508
0.049509
-0.136099
-0.41754
0.2237
-0.721008
-0.415709
-0.267269
-0.0878582
0.570349
-0.600649
0.0284595
0.184818
-0.907089
0.215078
-0.658949
-0.869888
0.89777
0.931259
0.616789
-0.39077
-0.804649
0.36846
-0.11969
-0.755919
-0.00963974
-0.931219
0.81864
-0.482439
0.325039
-0.37657
0.0401287
0.0934181
-0.630289
0.939159
0.550259
0.878988
0.78965
0.195789
0.843739
-0.823009
-0.608028
-0.909538
-0.349329
-0.222639
-0.457298
0.657469
-0.286489
-0.438129
0.0853882
-0.718149
0.604389
-0.850889
0.973768
0.544479
-0.602558
-0.988949
0.630919
0.41371
0.45801
0.54254
-0.85191
-0.283058
-0.768259
0.726198
0.24659
-0.3382
-0.872879
-0.378029
-0.349628
0.459209
0.275108
0.77442
-0.0555687
-0.760809
0.426479
0.521568
0.122549
0.541929
-0.0123997
0.0454597
-0.144909
-0.94916
-0.784208
-0.93714
0.27282
-0.371279
0.0171394
0.815128
-0.50141
-0.17923
0.511099
-0.542398
-0.846039
-0.420488
-0.677549
0.859388
0.61624
0.2668
0.74292
0.60734
-0.626848
0.785109
0.0786781
0.61488
0.792179
-0.363989
-0.779888
-0.544119
-0.145779
0.636019
0.721458
