-0.00318718
0.0948508
0.191962
0.28724
0.379736
0.46859
0.552918
0.631932
0.704849
0.770989
0.829694
0.880414
0.922647
0.955991
0.980114
0.994784
0.999844
0.995251
0.981048
0.957374
0.924476
0.882667
0.832349
0.774021
0.708228
0.635626
0.55689
0.472803
0.384149
0.291809
0.196645
0.0996022
0.00158501
-0.0964304
-0.193534
-0.288759
-0.381215
-0.469992
-0.554249
-0.633162
-0.705983
-0.771999
-0.830585
-0.881166
-0.923256
-0.956455
-0.980427
-0.994943
-0.999844
-0.995097
-0.980739
-0.956917
-0.923869
-0.881916
-0.831469
-0.773007
-0.707108
-0.634391
-0.55557
-0.471394
-0.382683
-0.29028
-0.195089
-0.0980117
0
0.0980117
0.195089
0.29028
0.382683
0.471394
0.55557
0.634391
0.707108
0.773007
0.831469
0.881916
0.923869
0.956917
0.980739
0.995097
0.999844
0.994943
0.980427
0.956455
0.923256
0.881166
0.830585
0.771999
0.705983
0.633162
0.554249
0.469992
0.381215
0.288759
0.193534
0.0964304
-0.00158501
-0.0996022
-0.196645
-0.291809
-0.384149
-0.472803
-0.55689
-0.635626
-0.708228
-0.774021
-0.832349
-0.882667
-0.924476
-0.957374
-0.981048
-0.995251
-0.999844
-0.994784
-0.980114
-0.955991
-0.922647
-0.880414
-0.829694
-0.770989
-0.704849
-0.631932
-0.552918
-0.46859
-0.379736
-0.28724
-0.191962
-0.0948508
