0
4.46682
11.5931
-1.4601
4.15066
12.5892
8.81081
8.84427
1.20714
2.62292
4.39039
10.6756
-10.7266
1.16691
-7.16549
-0.692474
8.34949
9.29292
23.213
-11.197
2.65685
-2.93043
5.82696
-13.6366
-8.34972
23.9243
8.82563
-3.41872
19.4866
1.21744
-15.3585
-3.09982
-5.69815
16.4052
-12.1138
7.10271
3.72381
0.940535
7.75963
9.73927
1.13398
-13.5998
5.81742
4.49084
7.82027
0.39478
4.12644
14.0859
9.56235
-4.25592
-7.2101
-5.56495
-3.8703
17.3247
-0.844613
15.9273
-1.17447
18.1917
10.5126
-21.5771
-11.5705
-22.6248
-5.81915
3.60901
-4.54624
-2.54327
-26.6286
0.54805
6.61427
-4.26551
-25.3053
2.76763
9.85845
-5.17501
11.9977
-2.29902
-2.14144
-2.5414
-13.7326
-3.80346
15.7171
-3.82695
-13.2302
-16.412
4.73683
-2.81511
1.90597
-3.4062
0.481344
5.48171
-14.217
-15.0711
-8.69356
-1.12217
-2.39828
-2.45421
-5.18507
6.74124
-3.34995
-4.29283
-1.95278
0.340734
-7.54278
3.28119
-7.77791
1.49929
-8.88546
-24.6679
-6.21376
3.70284
-7.86651
-0.843673
-8.12072
-5.45342
6.10392
7.28626
-8.65103
24.9235
7.06828
-1.18379
3.25683
0.0493428
2.28256
4.45822
-6.31537
4.9631
5.75071
1.16366
0.332254
13.7797
-5.07661
4.94603
4.76898
8.9348
-14.0384
12.3322
-7.00123
-2.61598
8.01434
1.8489
1.95581
0.551718
-1.20451
-3.59313
-14.7422
9.65027
-1.13685
-11.4115
-4.10577
-14.5208
0.189076
-8.15196
-6.11362
8.40347
6.84816
-3.43403
4.82001
-8.51307
-16.1648
7.16741
16.9028
-3.04602
-3.54071
-1.89561
2.9649
-13.1521
-1.21805
8.31827
6.38169
-7.63487
3.02273
-4.82897
-16.4902
11.0596
8.27194
-12.2291
13.1704
-11.3204
2.93769
-16.7368
0.0899547
10.7755
8.22619
-2.26147
-2.48659
2.68733
1.45212
-8.76753
-17.4027
3.56469
-1.04047
-18.7356
-12.2765
-9.58433
7.17779
10.8437
8.28513
-1.77823
8.97618
4.81467
8.78968
12.6152
10.4045
-1.33394
17.5475
-1.26037
-12.9631
-8.6726
6.90411
-2.06251
-2.58009
-2.1599
14.0448
3.63531
-1.4995
1.01928
-2.02485
4.79217
-19.4145
23.862
-5.39893
5.45286
-3.68074
-6.25991
-10.879
-14.2126
-1.42167
5.41651
7.12554
6.50471
-8.54035
-6.12445
2.66474
-3.1113
-8.51377
1.06867
-3.49467
3.58002
0.0664679
-21.2226
-10.3207
7.62133
5.24481
1.10671
-0.800347
-13.699
-5.16031
-6.70072
-7.6973
-3.18921
-2.3916
-10.0442
-4.40034
-7.31851
4.76973
19.075
6.44056
-1.83049
-6.58937
-2.84765
-7.03209
-2.10213
-5.48869
-7.73993
2.37924
-0.566156
10.0492
9.58325
8.93371
13.3218
-3.07656
-10.0051
10.7708
19.7444
-3.33112
2.53002
-5.6312
-7.56638
8.99443
11.8276
-4.61045
13.5977
8.31097
-1.59296
4.1838
-4.93181
-13.8015
-3.39283
-3.67233
0.786503
-5.38875
-1.61051
15.3535
-1.89658
9.97537
5.18297
2.9603
-6.58981
3.78414
-10.1869
-9.56316
-3.69397
10.3691
11.6284
6.11782
1.75801
5.04019
15.5673
-1.44742
-0.697188
-11.1478
-5.92367
-0.0150995
-0.419644
-15.394
7.76014
-9.47428
-6.88108
-5.838
0.975771
7.7378
4.18496
-2.60367
-3.60638
11.0937
8.86055
-0.980931
3.63398
1.95714
0.124832
-9.04394
-12.0037
-11.9103
8.91083
4.68153
4.15667
-11.3148
16.5453
3.19182
-29.0077
-5.09294
14.9192
2.27551
5.21147
-4.60177
-12.687
-7.06756
6.66728
7.49152
-15.4649
16.3728
-0.344755
-0.632782
-4.95536
2.86267
3.73956
8.29295
21.5866
-1.07509
-16.0738
0.553065
0.843624
-8.68956
5.13106
1.51172
7.58139
-8.19041
0.959579
10.1738
12.6223
13.3991
11.575
5.02352
0.736331
-9.01413
4.90651
8.67776
10.6526
10.4006
-12.2582
-6.12809
-3.806
2.25348
-10.4392
-2.04223
8.06013
-16.1536
6.41046
2.11174
-9.95133
-4.49887
-8.69487
-4.58828
3.00702
-5.95156
-24.2744
-2.80497
-4.41901
-15.8336
2.58233
5.10839
4.28686
-1.241
-11.5895
-7.50156
13.6364
1.18483
6.50734
4.20047
3.61972
-3.47288
-1.73088
6.9621
12.4023
12.2367
24.181
-4.51094
0.10483
4.80392
-8.8175
10.7516
6.08104
12.2665
-1.42104
-12.4537
4.63961
11.2559
1.39612
0.587258
-3.21661
10.0099
5.627
-9.65714
8.53108
20.8415
-3.15597
-5.29068
-2.52026
4.35556
5.13082
-11.9141
4.20707
1.05569
16.967
-6.09722
-8.08397
12.2724
19.7999
4.23162
6.37205
0.736392
20.6453
1.85151
16.6688
9.81871
0.193294
4.04939
-3.09292
5.58235
-4.75752
-1.01295
10.8902
13.6072
0.752574
5.03629
-12.0912
5.26057
0.502953
-16.9684
2.32439
-6.31138
1.58436
-2.5333
-9.04482
-12.0483
4.07244
2.49698
-4.14689
13.4303
-11.5085
5.9053
-6.12913
8.2257
3.29856
-9.6504
2.96422
3.39505
-6.46634
9.73252
11.2671
-7.41811
-2.3273
4.91289
15.2839
0.451826
-10.2405
-12.9401
0.0605589
7.76909
-18.0558
11.6052
-3.43349
-5.61919
-1.79179
-10.5594
4.08357
-3.27555
-7.35289
-18.5979
7.17893
-16.566
-7.68471
