-0.241308
0.932682
0.410142
0.248817
-0.710151
-0.708503
-0.882705
0.88176
0.259459
0.327625
-1.02016
0.924243
0.646993
-0.665358
-0.722936
-0.642083
-0.466639
-0.0154015
-0.15681
-0.458694
0.241868
-0.842866
-0.393685
-0.229287
-0.0877119
0.601974
-0.636493
0.116273
0.205148
-0.99253
0.21542
-0.722355
-0.829271
1.03307
0.953938
0.682038
-0.445039
-0.877668
0.410994
-0.138742
-0.742291
-0.038754
-0.89275
0.962348
-0.488578
0.347003
-0.356576
0.122975
0.183257
-0.603773
1.07024
0.632442
0.848862
0.755822
0.202478
0.780639
-0.965931
-0.773677
-0.896217
-0.31325
-0.17948
-0.439059
0.673426
-0.311192
