0
-0.0905295
-0.073534
-0.778388
-0.793672
-0.822766
-0.151193
3.08606
0.0551651
0.759284
1.40425
-0.199358
-8.6796
22.5722
6.69833
4.12681
-0.331573
-1.59608
0.474414
-3.46658
1.05259
0.495865
-0.310023
-0.880158
1.06606
-4.20144
2.50918
1.35263
1.82779
1.30099
0.624125
-0.045442
0.257768
0.820088
0.91478
0.610961
0.448042
0.211177
0.124496
0.54234
0.567825
0.284486
0.263623
0.377052
0.189983
0.516921
0.449642
0.352107
0.379314
0.379255
0.316283
0.395961
0.360543
0.323986
0.330809
0.30853
0.288104
0.333771
0.299814
0.265567
0.261623
0.25424
0.256719
0.251134
0.265951
0.242843
0.234247
0.228131
0.243966
0.203145
0.253805
0.196666
0.211659
0.218114
0.206413
0.157954
0.232999
0.192143
0.177161
0.169562
0.164883
0.149508
0.215933
0.147263
0.165921
0.147096
0.136282
0.160692
0.227871
0.0385487
0.0740232
0.14176
0.173855
0.186218
0.129126
0.232996
0.143874
0.160399
0.141518
0.137501
0.0953741
0.162138
0.0980645
0.109164
0.107165
0.118183
0.108192
0.150265
0.0992055
0.129121
0.115235
0.0905517
0.120947
0.13677
0.10001
0.0717467
0.0738373
0.0862541
0.17053
0.102507
0.156082
-0.198408
0.0512228
0.103014
0.0951782
0.0944446
0.0933479
0.0921719
0.0911427
0.0900061
0.089003
0.0878027
0.0871494
0.086977
0.0852514
0.0836867
0.0828262
0.0817749
0.0809183
0.0805603
0.0787822
0.0769674
0.0766125
0.0754097
0.0747231
0.0744351
0.073082
0.0728651
0.0750333
0.0718827
0.0684736
0.0685093
0.0677438
0.0669478
0.0660214
0.0649651
0.0640728
0.0632893
0.0625013
0.0615052
0.0611204
0.0629397
0.061571
0.0577862
0.0587144
0.0552414
0.0624997
0.0546403
0.0543503
0.0514185
0.0528544
0.0520736
0.0498609
0.0479397
0.0489198
0.0275191
0.0491
0.0517993
0.04753
0.0503593
0.0448533
0.0451066
0.0435524
0.0435799
0.0427168
0.0462744
0.041193
0.0401863
0.0391056
0.0390789
0.0383532
0.0375994
0.037108
0.0366554
0.0359741
0.0358778
0.0360932
0.0339791
0.0339824
0.0324768
0.0317309
0.03394
0.026931
0.0302159
0.0295178
0.0294372
0.0286306
0.027841
0.0272042
0.0273518
0.0273198
0.0259874
0.0257172
0.0249684
0.0243439
0.0233277
0.0232975
0.0214554
0.0221788
0.0207067
0.0202287
0.0198447
0.0193128
0.0203693
0.0179248
0.0174608
0.0149707
0.016616
0.0158439
0.021087
0.0147526
0.0133688
0.0134747
0.013039
0.0110308
0.0128311
0.0111109
0.0108378
0.0106847
0.00949054
0.00909312
0.00838834
0.0079282
0.00736961
0.00670841
0.0061768
0.00567333
0.00425398
0.00450908
0.00381448
0.00331845
0.00271952
0.00211096
0.001742
0.00112137
0.000542583
0
-0.000542583
-0.00112137
-0.001742
-0.00211096
-0.00271952
-0.00331845
-0.00381448
-0.00450908
-0.00425398
-0.00567333
-0.0061768
-0.00670841
-0.00736961
-0.0079282
-0.00838834
-0.00909312
-0.00949054
-0.0106847
-0.0108378
-0.0111109
-0.0128311
-0.0110308
-0.013039
-0.0134747
-0.0133688
-0.0147526
-0.021087
-0.0158439
-0.016616
-0.0149707
-0.0174608
-0.0179248
-0.0203693
-0.0193128
-0.0198447
-0.0202287
-0.0207067
-0.0221788
-0.0214554
-0.0232975
-0.0233277
-0.0243439
-0.0249684
-0.0257172
-0.0259874
-0.0273198
-0.0273518
-0.0272042
-0.027841
-0.0286306
-0.0294372
-0.0295178
-0.0302159
-0.026931
-0.03394
-0.0317309
-0.0324768
-0.0339824
-0.0339791
-0.0360932
-0.0358778
-0.0359741
-0.0366554
-0.037108
-0.0375994
-0.0383532
-0.0390789
-0.0391056
-0.0401863
-0.041193
-0.0462744
-0.0427168
-0.0435799
-0.0435524
-0.0451066
-0.0448533
-0.0503593
-0.04753
-0.0517993
-0.0491
-0.0275191
-0.0489198
-0.0479397
-0.0498609
-0.0520736
-0.0528544
-0.0514185
-0.0543503
-0.0546403
-0.0624997
-0.0552414
-0.0587144
-0.0577862
-0.061571
-0.0629397
-0.0611204
-0.0615052
-0.0625013
-0.0632893
-0.0640728
-0.0649651
-0.0660214
-0.0669478
-0.0677438
-0.0685093
-0.0684736
-0.0718827
-0.0750333
-0.0728651
-0.073082
-0.0744351
-0.0747231
-0.0754097
-0.0766125
-0.0769674
-0.0787822
-0.0805603
-0.0809183
-0.0817749
-0.0828262
-0.0836867
-0.0852514
-0.086977
-0.0871494
-0.0878027
-0.089003
-0.0900061
-0.0911427
-0.0921719
-0.0933479
-0.0944446
-0.0951782
-0.103014
-0.0512228
0.198408
-0.156082
-0.102507
-0.17053
-0.0862541
-0.0738373
-0.0717467
-0.10001
-0.13677
-0.120947
-0.0905517
-0.115235
-0.129121
-0.0992055
-0.150265
-0.108192
-0.118183
-0.107165
-0.109164
-0.0980645
-0.162138
-0.0953741
-0.137501
-0.141518
-0.160399
-0.143874
-0.232996
-0.129126
-0.186218
-0.173855
-0.14176
-0.0740232
-0.0385487
-0.227871
-0.160692
-0.136282
-0.147096
-0.165921
-0.147263
-0.215933
-0.149508
-0.164883
-0.169562
-0.177161
-0.192143
-0.232999
-0.157954
-0.206413
-0.218114
-0.211659
-0.196666
-0.253805
-0.203145
-0.243966
-0.228131
-0.234247
-0.242843
-0.265951
-0.251134
-0.256719
-0.25424
-0.261623
-0.265567
-0.299814
-0.333771
-0.288104
-0.30853
-0.330809
-0.323986
-0.360543
-0.395961
-0.316283
-0.379255
-0.379314
-0.352107
-0.449642
-0.516921
-0.189983
-0.377052
-0.263623
-0.284486
-0.567825
-0.54234
-0.124496
-0.211177
-0.448042
-0.610961
-0.91478
-0.820088
-0.257768
0.045442
-0.624125
-1.30099
-1.82779
-1.35263
-2.50918
4.20144
-1.06606
0.880158
0.310023
-0.495865
-1.05259
3.46658
-0.474414
1.59608
0.331573
-4.12681
-6.69833
-22.5722
8.6796
0.199358
-1.40425
-0.759284
-0.0551651
-3.08606
0.151193
0.822766
0.793672
0.778388
0.073534
0.0905295
