-19.8907
-10.1262
-6.67403
-4.83387
-9.14635
-42.4927
-19.1259
16.7729
21.4503
-31.8638
-30.5424
22.1137
-66.6928
-15.7205
-17.8191
46.9455
22.93
20.9232
-46.9229
-6.23479
-17.0191
-12.4305
-16.5591
3.53381
9.46872
-65.5958
-49.909
13.3931
-27.276
23.587
62.0291
26.3341
12.1454
-24.1169
-3.33746
-5.41333
9.74795
-31.6572
16.7555
59.7359
-12.1588
20.9325
-9.08907
18.1716
15.5346
-5.39623
-5.71701
5.95048
7.99331
12.6109
21.1996
-12.9497
-15.7119
-16.002
-23.5418
11.336
23.3905
-9.80717
-42.1149
14.8736
14.1526
-14.3306
-14.9158
-33.97
33.9429
31.7297
4.78083
4.1038
-49.0277
21.1968
2.63409
14.6272
-26.8361
-11.2481
29.5801
-28.8266
27.2429
-3.93336
-21.7666
61.9346
-7.53867
-27.5548
-28.1195
17.9096
18.5389
-7.3695
-30.438
-28.6797
-3.36118
-4.3755
46.0947
6.88927
-8.5506
-1.03011
-10.4314
1.68157
-0.562507
-31.6667
-30.493
17.868
20.2312
30.8824
-7.9492
10.2683
42.3368
26.6721
31.0985
33.3588
-33.297
-23.5362
3.39094
39.3025
-4.09296
4.0083
-0.289215
-38.1152
-19.2122
-11.5075
-26.7042
5.60515
-30.8434
-17.3764
-4.92645
15.7725
-31.9579
28.2132
28.7464
-28.9509
-9.47744
17.4159
-38.6579
-21.3791
-23.4644
6.44372
6.19752
14.9857
6.82338
-19.5645
20.8726
-6.04971
-27.3503
25.2544
-12.8724
11.5445
54.9309
43.6453
6.3428
15.5109
38.7234
-30.0965
-33.0074
12.2426
16.8542
36.1269
-36.7756
-37.7052
-9.89013
-10.6209
-16.4755
21.6382
32.574
13.9533
4.62753
9.08104
-2.05253
-3.74016
61.2935
-44.9598
25.947
-21.909
8.91278
18.3906
-27.8119
1.40594
61.8437
6.84709
16.7224
32.6643
-11.7329
-0.621585
5.36643
31.5203
-27.4392
-3.43561
0.369017
-20.9453
-31.1848
-17.589
37.5476
-27.7845
-6.18621
-50.0456
-44.2699
-38.6863
11.229
-41.9325
38.7478
16.9772
5.90849
19.5644
-19.6495
-13.5696
32.2949
5.56086
-10.0739
-4.71908
-3.09201
14.063
-11.8471
-35.9401
-19.7706
31.0886
-7.96941
-8.00918
-13.9996
-9.63227
1.46398
5.17466
-13.9635
-26.611
-42.9575
16.5859
13.9836
-3.58951
44.848
-8.83771
-11.4537
-11.824
14.8831
-1.32253
38.1137
34.0044
-18.8085
-17.6876
-19.6751
24.7584
-6.85999
13.159
24.4228
-3.74987
-17.082
40.2737
6.74031
45.6716
26.961
-16.6145
-12.2657
57.0368
-6.02703
10.404
-13.9262
-17.8165
-29.3141
8.57373
-34.9735
-0.136436
-7.26271
14.2727
-25.1828
-4.41318
37.3541
37.1522
52.7768
-18.4018
23.6158
-10.843
-17.8933
3.0661
10.2567
-7.25417
-19.099
17.4158
-5.91959
-23.4687
-8.57242
12.582
-13.4512
10.1693
32.5688
-38.0958
2.91303
-18.1738
21.9768
11.4187
0.0725545
30.7552
-31.7142
46.7336
3.71426
-8.99933
-8.03409
1.01576
-17.0278
-48.6746
-5.56478
-40.0881
36.0262
13.6974
-21.9716
-36.1894
-38.5554
40.5886
-9.74152
25.1436
27.3975
6.50473
15.1397
11.5547
6.13796
35.3956
-12.4428
-21.6871
-46.5622
36.1011
-30.1005
18.3331
30.1856
19.1079
-6.1958
-8.5233
2.16212
28.4053
37.6943
-6.80302
-12.5428
-14.2482
-30.3939
6.5893
-4.38348
-9.94414
5.78443
47.8177
-1.29159
-39.9529
-16.3213
14.8575
-10.029
29.8546
13.2189
23.1444
-14.3168
9.52032
-30.1714
9.08012
62.7434
12.1887
32.0323
-11.42
12.6296
5.1741
12.2033
8.80095
-13.5087
24.1735
-2.16915
22.7729
-15.992
-6.68709
-0.510439
-50.0527
-41.9226
-17.6695
-0.508431
-10.8301
39.0156
-11.2586
24.636
-10.7642
14.914
20.4025
40.6299
1.81359
15.7357
-37.9602
-19.2852
12.8587
-8.05211
0.108863
26.053
-1.38447
4.71121
6.48886
2.07392
-2.22284
69.8006
-0.818537
-34.4269
61.0995
0.816041
5.68335
28.9761
14.4008
-28.7987
-7.84932
-49.1559
44.1836
-26.8114
15.2789
10.4515
-7.00487
-23.3364
7.38683
-20.5194
54.6419
-26.8755
6.31424
1.20621
-32.1049
35.1416
-38.0707
-6.78748
2.19893
-18.8449
-22.6949
-7.62348
-7.61308
-34.9475
66.4427
29.7673
36.9821
-14.7256
18.5401
10.8533
-23.6686
16.7089
-18.7821
3.25821
-50.2505
21.824
11.6713
-6.19548
17.0764
32.546
5.20911
-8.85659
12.4656
-4.22826
17.5819
-19.1252
-55.0493
-3.01986
-17.1059
39.9864
-5.80705
-5.24658
-26.4183
11.0766
72.0492
-13.9331
31.8059
39.0773
-7.932
13.4057
-13.4669
-49.3009
-37.4635
13.8092
77.3353
45.5139
54.4075
33.1321
17.5999
-18.8147
8.55017
52.5969
5.09568
-3.94922
39.2323
-13.7921
49.2115
-1.58597
37.1917
-12.887
18.7287
-5.32157
0.85733
-1.27781
-37.686
17.0656
-10.0224
-18.1814
15.8854
-17.1254
-6.68857
-49.261
19.7807
7.83442
19.9762
-8.84272
-2.73593
-4.6945
7.21011
8.3141
-8.66842
-14.8724
15.796
-33.8427
-6.21006
28.0989
-23.5537
-24.5515
-10.8437
55.9303
45.5049
-37.2491
-17.0394
1.03748
-18.3178
-22.022
-44.0976
-23.1499
21.6335
30.3244
17.5293
-1.43817
37.7789
-10.5755
35.9212
-26.3439
20.3068
-30.1601
-23.1751
-6.88814
-36.8166
5.89202
45.5201
10.2448
-8.41937
-3.05492
-0.131579
-42.4028
5.48386
-11.1984
6.69623
16.2482
8.58395
-9.58477
-14.7825
-15.4904
15.6799
-16.986
-21.3689
29.2514
17.5616
49.6631
49.9634
-11.1811
20.1593
21.4998
37.6896
-22.7081
11.9495
-22.6811
-18.8139
-57.698
-36.6931
-20.7414
9.3399
-20.2694
-18.9621
13.8312
0.155235
-8.56271
13.3887
16.2908
-31.3391
4.58821
11.4702
3.17857
-12.2912
48.4352
-1.95771
-5.24556
19.6838
-0.565757
-3.38611
-30.1792
-68.8813
-32.2087
-14.7236
-7.57314
-24.3635
-11.5549
21.9635
36.9154
-5.45344
-10.0651
-54.2742
6.66217
-32.7003
0.227679
-7.6322
16.9687
53.7054
-4.20681
36.4082
1.63719
2.39094
74.9946
-19.3537
16.2724
33.1519
53.4673
-21.9519
8.14497
1.18463
25.8206
12.4832
-1.72423
-2.52948
-32.5035
15.8476
5.90634
-33.5072
23.1335
-46.651
-34.2166
-35.0045
3.93874
0.698983
-40.0595
14.7568
-26.1738
-33.3004
24.3457
5.47118
8.02692
-22.2161
48.9516
18.3207
-15.5435
0.151341
2.75715
-18.0283
53.088
6.26456
8.46555
-0.941333
2.70863
-25.3443
-15.6878
19.8994
-20.0019
-7.70742
-49.3909
31.6931
15.6758
28.6883
28.3681
34.1896
54.5346
-16.5829
-15.2969
-38.5036
-48.658
1.08823
8.83214
51.0772
-11.1322
23.0785
-6.75235
14.0639
-7.16801
4.93828
-10.1243
8.44374
16.124
36.8006
-35.5672
-38.7389
-6.92349
-11.3303
2.2835
-22.2582
7.23339
-17.5103
-5.7719
6.67989
2.14936
-19.6394
13.4026
-25.6427
0.0171488
-6.23139
1.83123
15.0244
45.6885
-6.26293
-21.3354
7.55891
-16.1138
27.3294
15.9306
-29.6491
-26.6118
11.6471
-7.39183
14.6876
4.47995
36.0977
8.11395
8.38154
35.1622
-15.6878
45.3725
-11.5994
-79.6208
-37.9513
37.9411
-10.9623
6.44785
-1.96919
42.4189
-14.6269
-20.0448
-24.1717
-14.6382
2.75176
23.0126
-45.8575
-21.9016
-48.7352
5.31074
11.4398
6.67416
-24.9801
-1.88444
40.9114
-22.8251
28.6039
-0.495038
-45.929
1.34865
-10.9774
-42.7939
42.5876
17.5489
-12.6151
1.54152
7.00585
27.3458
0.139222
53.6001
19.5775
6.04285
6.2705
-28.092
23.9558
-9.44696
14.4472
21.1689
16.2574
24.372
-1.24607
-6.28752
23.4963
-18.0576
-70.3231
-61.7231
0.787564
32.7626
-9.79381
5.78807
-47.1628
42.0781
-19.3833
-8.04905
-28.5556
-6.95014
-20.9668
-12.1937
-44.8987
30.923
-22.6661
-60.3436
11.6558
-21.4591
-16.2819
-0.490433
-15.3804
-3.08102
-12.3383
-19.9377
7.9263
-19.1727
-45.9351
23.7296
69.4788
6.57159
11.8741
-25.7095
-13.4086
-39.9803
18.7911
15.4892
29.0852
-0.783553
12.1033
1.13536
-14.8328
22.3151
10.1281
-18.5125
2.21329
22.9602
-7.53231
16.3726
10.7991
4.21965
9.16971
7.54049
23.9489
19.2613
8.34098
6.07336
21.738
3.51824
3.8625
3.80907
4.48097
30.9777
-22.7344
-22.2148
-26.494
18.6419
6.11714
33.1377
34.2738
-9.48962
10.4454
9.72695
37.5451
-37.2332
-6.75951
57.3393
51.1323
-10.7889
24.9334
-22.7894
-70.8852
-0.899436
-3.38644
-8.53879
-7.4257
-13.3336
15.865
-21.073
-28.5407
-28.4772
5.10664
-0.707576
-31.3022
-12.3635
13.6216
18.1675
-34.3223
-54.4496
16.1033
-15.3284
-5.38107
19.379
-38.3748
-5.53684
-49.6135
-7.43407
-28.386
-32.9985
6.43773
9.32629
-28.4977
-21.1496
20.6881
5.87601
-6.22699
-37.8747
1.38093
-19.6514
-12.4719
-7.94778
-28.8633
4.99444
4.49104
20.2822
-19.306
-26.7024
-20.6723
-47.5745
-37.7377
-19.4534
20.4809
7.08553
-9.96972
-13.7226
1.55814
-17.35
-43.0817
0.134255
-7.21695
-29.1605
-3.99243
-9.29826
-2.22668
-8.26352
-5.6028
10.1364
7.99544
29.275
-6.15731
17.8115
-5.21276
-30.1316
-38.5056
-18.4013
24.4361
-23.856
-25.6767
-2.83864
-35.8788
35.6033
-0.182866
26.6919
-18.2627
38.9839
15.119
-6.94371
-0.404508
39.1743
14.5955
-37.8202
-5.17406
-4.48502
47.1875
-44.513
-19.9691
-31.2412
-2.57631
-16.7116
-16.2252
-3.61321
7.34913
-8.7183
-35.3292
14.1912
25.2421
5.92997
47.5833
33.7888
8.28696
-29.4713
-13.6183
23.5029
-41.3227
-41.1448
4.46453
-3.14787
-28.1951
17.5434
-7.77532
-8.61649
-23.0483
-22.4812
36.8922
-16.2858
-0.959528
30.1222
-53.0208
34.0241
-22.8787
15.895
12.4365
6.56508
-20.6318
37.7855
-23.3852
-33.329
-2.18134
24.9174
-0.850272
24.7669
-14.0149
-44.0591
25.3239
3.57562
18.7788
14.4347
14.9233
44.1482
8.34882
-17.4699
44.5775
-5.73546
40.3202
17.9395
-24.0088
7.29285
34.5475
-5.63188
-28.0824
-4.32698
-23.5704
44.1602
4.41276
-11.137
2.32401
-3.41574
40.4351
-32.353
-12.0254
9.70701
34.1149
-22.1046
42.1092
22.5174
27.7604
-0.761764
10.2522
22.2058
23.4527
-16.6301
-4.02769
-4.28196
-0.245701
8.50837
7.09999
-18.541
-21.576
-1.76924
17.8979
-28.3182
-10.5258
2.06745
3.02648
-5.05803
31.5882
29.9173
-21.7689
20.0576
-22.4865
24.4932
27.185
9.75712
12.4611
18.5268
24.5731
25.7662
63.7807
2.88443
3.76248
3.13076
0.64231
27.7748
15.5459
-61.9591
-15.745
-37.1162
41.1872
-5.00508
-17.7797
9.51772
13.1488
31.412
6.78883
-33.4658
11.608
11.4578
24.1438
4.34673
3.73129
0.167414
-12.4826
8.08666
-5.26185
-8.55968
16.2164
-30.4467
49.9277
-17.6219
-2.02925
-1.9805
-33.8126
27.1615
2.83804
6.0387
-13.0054
34.2019
-17.934
21.679
8.51565
-10.437
9.47929
-15.5451
38.0353
21.3193
-26.2591
9.34905
0.282553
32.8588
8.33061
-4.88402
-7.12198
17.0121
-26.2795
-29.8613
-59.6006
28.2692
20.5686
45.6718
-33.8079
-31.4193
-28.3232
-27.7486
35.8733
8.11731
-9.19629
-19.9167
7.49585
3.63185
15.8731
6.95527
-13.9676
-38.4873
7.42829
24.1406
23.3382
-32.9372
-8.53584
-44.0325
11.4849
-31.8778
-57.8552
-34.7401
-14.5468
-45.1817
-8.42863
24.7468
-36.2243
-10.7098
33.6989
18.3344
38.8894
16.5291
30.3133
-46.9076
8.7371
41.6889
8.24676
24.9058
2.538
-2.83821
4.81507
-1.06446
35.9906
-19.3036
-56.1824
-2.02292
-9.98716
0.642146
-21.4808
-3.73845
-18.0097
8.4514
14.8057
4.37097
-7.12918
12.338
-6.61473
-3.14968
3.32588
-46.7915
-11.0073
-6.44182
36.9538
-12.3655
-1.50574
-7.86967
12.6129
2.77115
-3.74062
22.2441
2.63962
8.51096
-9.16989
4.48019
-49.2964
-11.2937
9.30936
5.97948
-40.3168
-12.6813
-18.3094
-22.8645
33.4857
-23.5277
1.82329
-26.6337
20.3281
16.23
1.87096
47.3645
26.171
-56.6826
-29.1736
-23.4622
51.0142
15.9715
-18.8257
8.13661
0.705925
-2.02594
12.831
-6.48312
5.0936
-21.2348
-19.6025
-24.4195
6.28073
-30.0049
-2.81722
11.1794
-13.6697
-45.6679
26.2376
4.59967
-12.2437
-18.5928
-1.87465
-19.6042
5.13277
-19.3304
-19.3116
13.775
0.0190096
9.58323
-28.7148
36.3799
-0.334872
5.93894
-45.813
29.6088
0.678655
-60.2837
-6.59282
-17.5214
-18.3961
-13.6426
6.45383
-18.2272
14.3145
-57.8472
-17.7157
23.941
-20.9967
22.0963
15.3233
24.8769
1.03068
24.6345
34.526
-15.7851
-3.63348
2.07869
10.1714
28.9689
-16.1162
-1.85678
-6.48108
-46.251
-28.7923
-22.8769
-5.10659
19.2579
-15.3193
27.5163
5.15488
18.6946
12.2744
16.9632
2.75755
-1.09508
-17.7678
13.7802
0.140192
-43.1665
-19.6561
-30.5562
13.1408
-10.804
-16.1048
52.7403
46.4148
-13.827
-27.7235
-53.5796
33.6832
3.85931
-1.29417
14.6692
11.4686
-15.0969
-26.7404
-38.8331
-6.20608
-17.6477
21.1397
-37.3682
-2.09325
28.0217
15.174
1.64471
71.8549
-23.4406
-15.8097
-23.8188
-16.3532
23.254
9.21966
7.39395
61.6259
-16.9446
-40.4002
-0.620511
-4.36188
15.8347
-1.59893
-37.6335
34.0459
11.1099
-1.07771
-11.8981
16.75
-28.4655
10.2427
6.14582
19.3553
4.66828
-37.8008
-25.5291
-21.6267
-5.43393
-23.9503
-10.4345
29.8492
10.6823
22.0228
7.88505
-16.903
-1.61686
-14.7506
9.83314
-27.2749
-0.908695
10.8602
47.0021
35.7246
12.3432
17.4612
-9.64995
-27.6904
9.25513
1.17819
11.3009
-23.728
14.6471
-20.308
24.5404
9.33622
-25.4955
15.2423
15.9916
-9.26587
-21.7017
-1.8864
-37.9264
-0.930437
9.55485
-45.0128
26.5918
12.7525
-19.6592
25.0919
-3.59934
5.40401
-12.6894
34.7015
7.68761
-1.8529
5.90566
30.244
-48.8567
-41.042
50.7445
8.93181
-9.4697
31.9104
-0.836247
-7.9942
-3.04639
15.5507
-40.2776
3.0966
-1.70855
-14.0973
-35.4663
-27.9626
26.6094
0.433767
18.2505
19.3152
-20.2255
-43.648
-4.09538
13.6934
-28.6773
35.5986
20.5694
-1.60334
53.7102
-19.9294
-40.8867
15.0922
27.9646
8.94793
9.04057
57.6852
14.7048
-24.0928
40.1539
42.5823
21.0224
3.29808
63.6956
-12.2317
-25.5647
-37.5886
-9.18597
13.6649
-3.57147
-4.75853
16.6053
14.4775
23.8699
-19.6011
10.5323
4.16386
-9.74861
-9.68242
-0.651158
-4.51296
-1.2925
-18.2339
-4.87105
24.8
-15.5931
-17.5663
-9.9224
-14.3158
-37.3092
38.8824
-12.2594
8.14924
45.0095
-16.5594
0.0645251
-22.7126
8.44003
-3.40455
11.0156
13.0351
-13.5927
-11.7647
11.9669
-12.522
-4.37533
27.7282
3.097
-8.66836
3.38785
0.10657
26.8822
2.17536
-4.94365
16.0801
44.6301
26.6744
42.2275
18.8722
20.9009
-28.1963
13.2864
40.4926
-21.3321
27.4517
6.41897
47.7307
10.4035
18.724
-5.68721
-11.2286
-24.2629
-13.4784
36.0578
-1.86102
-18.4366
-21.5406
26.0996
-49.0621
-5.62462
-11.634
-10.8722
4.46422
4.97742
23.3123
-13.5045
-22.3113
-48.4983
4.47704
-6.60342
2.59436
2.27128
7.14171
-45.9868
-27.1567
-14.3132
6.58887
-46.1816
73.6155
24.3298
-58.215
26.9763
-31.0803
-59.9103
50.5147
-42.306
16.0099
36.5454
10.2365
-1.44265
9.98665
4.23477
1.70999
8.07117
-21.2967
-35.0194
-30.9362
-14.7935
20.3664
-27.8004
-21.05
17.7959
12.7046
37.3552
0.193064
-7.25125
-14.7905
-15.2691
-35.6767
12.2015
50.6788
-21.5487
8.91341
-29.8625
31.2074
-11.6185
-2.15365
-55.6492
45.2688
-28.9621
7.37875
-55.9647
19.5587
-15.1828
-3.75161
-2.85953
10.3774
17.6305
-15.5679
-15.4025
11.4395
13.0856
18.9722
24.9986
-17.3846
17.8161
44.6877
-18.6634
-3.06548
36.8705
4.93802
-21.7287
22.0314
11.1924
-4.85574
-11.6054
11.8624
-5.05559
-19.1628
5.82873
32.1342
53.9566
-15.8758
-9.74553
-8.72529
-19.5495
0.83901
38.7059
2.90629
46.557
39.8789
-24.7086
21.8798
27.2003
31.7113
-26.6764
-26.889
-3.2689
1.18731
-38.9442
18.5678
8.65986
10.6613
36.9565
-39.2482
3.5097
16.3701
10.0077
-11.8057
-15.5157
-5.68363
16.9425
37.9464
3.98957
-11.1547
29.769
-24.0826
-20.5191
31.024
-14.3799
-9.72924
7.0261
-18.5402
13.5946
-21.4632
-0.561386
-59.6594
7.96126
-28.4965
16.3769
-6.90203
9.09338
-38.4943
-31.9078
-24.2275
-23.5502
1.16698
-19.8272
-34.8877
1.55262
-18.8309
-15.1909
1.43469
6.28498
-5.8708
17.9591
13.9883
36.173
-0.813799
22.4335
-25.8462
35.9934
-46.9778
31.212
-16.4881
-20.0745
1.29426
-21.5421
0.756695
-19.7515
12.8167
-20.3249
-0.860377
8.73496
-12.611
-21.0805
2.76195
25.5435
-48.1445
11.6497
16.628
9.50557
-14.4525
-33.0344
7.28645
-27.7542
-46.0992
51.7105
-68.8704
-42.7542
43.2109
5.77305
29.6596
-5.95508
-6.77936
-1.99844
27.642
13.0244
15.99
35.3796
-6.37217
-7.41181
-58.4875
-16.8586
-3.44223
-46.8508
-14.157
-4.81308
16.7515
29.4261
9.11844
2.69425
-33.7574
-44.2903
-72.9174
14.5607
-20.613
38.7085
17.0397
4.49382
5.15844
-37.275
11.4091
-5.25493
18.8628
-0.154775
52.9268
-31.0778
18.6337
-22.105
11.3247
10.3251
-21.1214
54.0701
-2.95661
-38.9525
5.48253
10.3533
-20.3009
9.97143
24.537
23.4522
60.148
-6.10919
23.7122
-16.7896
-28.6432
30.3072
6.25089
11.3067
57.2331
3.46971
24.2914
10.5667
-8.86979
12.0004
-8.81207
-29.3923
53.4194
-8.22246
14.4264
-14.2741
-8.25002
-10.5675
-13.5547
-19.1304
8.87987
-22.8748
24.0632
10.4751
-13.4934
-4.40494
-40.8561
44.1802
-43.3127
-17.6489
20.7729
12.3353
-7.43854
43.8661
-2.39766
-12.6007
39.8198
10.3875
-30.792
0.881555
45.3304
15.8568
48.7682
-2.44908
-17.0015
43.2332
-31.1871
20.9294
-4.63885
-0.226066
-19.2304
-0.639499
-40.5054
17.0444
3.19069
-69.4359
-29.3781
-15.1777
-46.4643
12.714
31.9037
43.3556
-5.52618
31.6272
-6.39072
-43.5152
31.0675
-28.4233
5.04356
-55.1382
-5.597
27.8984
10.7769
-3.09093
23.4869
4.99701
-21.6005
6.96167
64.5472
-12.9481
2.62733
-7.91866
-33.5551
45.1056
-24.7275
-5.74677
-3.99374
11.2279
-14.081
23.867
0.848079
58.4459
-25.8854
10.1387
49.5406
-7.10087
-7.14058
-65.0835
20.9551
2.71314
-20.2648
-26.7387
26.6695
23.8545
-2.23252
-27.6392
37.613
21.5337
45.363
18.3867
-20.3846
21.6604
24.7648
-19.191
54.7453
-40.8129
-35.8426
12.4784
-0.495347
-13.3624
-11.3669
-34.692
0.0356833
-0.943644
-32.4511
17.9515
-15.397
-11.851
-55.7142
0.619376
21.4969
-21.5891
20.1444
20.193
38.8364
11.2165
-6.0502
-3.4519
34.2977
-28.557
-6.80799
65.4469
11.2552
-11.1558
14.4414
4.28587
-19.8946
4.11319
-3.36117
35.2517
-13.4361
5.84621
3.86139
-1.10491
-22.8476
-1.063
2.29189
-7.33177
0.582107
35.2558
7.16807
13.974
-37.1911
-32.5516
-43.6672
5.03444
3.83111
5.493
-52.4292
4.68862
-16.2559
-36.4819
21.7369
13.4267
-1.72722
2.57902
-20.53
-1.61253
23.6121
7.99879
-25.6428
-4.40303
8.51598
4.66984
8.69787
-15.0274
-10.5933
-23.2903
-14.2069
7.75232
-19.863
-1.95997
-8.91817
29.2373
14.0091
25.0348
-11.8726
7.19023
60.6071
36.1181
-0.317389
-4.06378
-16.7807
21.6687
-21.6672
0.140402
30.4712
-19.7045
-6.61177
25.1044
-21.9876
-5.53466
9.32113
-46.7984
-13.2234
17.8235
-23.3223
14.8427
2.47659
8.35191
-14.0948
-2.02398
-18.8638
6.03303
72.7588
-12.9696
-5.42103
-57.7492
-28.4698
-27.8765
-49.9954
-35.7981
14.3089
15.2766
11.7099
-2.06742
-28.9772
-4.56744
-24.3873
-19.7966
17.5894
-24.8595
-24.0265
17.3246
33.4933
9.66427
-11.1745
-25.7889
0.655764
13.4511
39.1898
12.9361
-21.9104
-20.9788
21.826
-33.7983
-42.0384
9.82472
-25.7222
-4.74208
9.99183
22.1681
-7.1079
-34.4978
-48.3096
-32.5216
-30.1145
-57.4053
-2.68014
-10.4299
78.3024
14.2162
-24.7415
1.10734
-18.1153
6.17188
2.48114
10.6102
-22.072
9.9652
-4.31508
-44.3497
9.76144
3.72848
-34.6515
24.5342
-12.4222
-11.7091
41.2729
-10.137
-17.2922
30.2396
-15.3067
1.83357
-24.6638
34.0448
60.3882
6.69976
-21.9309
32.5912
14.1109
22.6004
0.673809
-4.01888
-17.4352
2.88504
-18.3079
-24.1953
-5.98265
-7.38497
8.29803
10.4262
7.33248
-9.45512
-23.8529
3.44664
21.0144
0.558322
-20.1213
13.8527
-2.86458
4.5388
30.5067
-32.4764
-12.3074
21.7062
-53.1105
8.16778
9.52993
3.83937
-30.398
-31.7139
-29.8782
2.18904
22.2208
32.0517
4.63787
-11.0521
-0.447861
1.70698
-28.1162
15.1951
4.13947
1.66583
-16.4354
36.5011
-8.2516
8.4557
-21.7829
1.16841
21.9565
-12.5614
11.2133
70.8262
-0.27842
-23.8081
36.9054
-11.617
-18.4547
10.5199
37.0399
27.6737
-8.42918
-15.0307
11.8073
-3.60962
-54.505
-10.9984
-12.06
13.4326
-31.1109
-3.42923
-2.94067
-21.2094
-9.6633
-16.6242
12.072
15.2424
-37.8926
-38.976
55.9875
-16.2009
21.637
17.3635
-18.5292
20.819
45.6223
10.188
37.1814
-28.3548
-1.84979
22.0377
20.5263
-33.0603
-16.1036
-2.12276
27.0546
-65.9649
0.579692
-7.03947
51.2908
20.6502
-28.481
59.1632
5.44696
21.5759
-12.1995
11.5652
-0.861617
1.44566
-24.909
49.2301
-36.52
-0.420004
-11.5667
-12.7663
63.4651
3.47327
-25.8531
7.6679
12.8226
6.36546
12.0848
19.2856
3.41594
-53.76
8.19981
-28.0066
24.4729
-33.0608
-1.44903
27.1504
-0.619455
33.5566
29.482
10.6486
-44.5687
-5.13403
-28.7651
-67.2649
1.20331
21.5539
-43.7979
-0.202224
-15.162
-2.82723
-8.0725
23.5175
-32.255
56.3651
-23.5052
-5.51512
40.8737
17.4537
37.5669
4.61259
-21.3736
12.9911
41.3791
-19.3313
-8.03925
46.715
-9.9678
11.1297
12.9581
-9.09423
-49.4548
36.2976
-40.7077
-8.46656
-6.53474
19.1172
29.2496
-19.8727
9.07187
-18.1151
-11.4293
-9.55996
-3.46732
-9.38256
0.877667
-15.8531
51.808
-22.1519
-8.77099
9.39091
-16.7207
18.3312
15.6575
3.22472
56.2715
16.4439
-5.75871
36.8723
-21.4152
-14.6935
22.9989
-9.78236
70.7235
6.44458
26.0713
10.6195
-29.1277
15.7368
7.63293
-37.3228
-3.51543
56.4442
-18.2025
13.6545
19.8646
-10.3685
20.1248
-23.5638
53.0786
1.77121
18.117
-6.1057
5.06793
-39.3152
-6.72884
14.032
9.78063
36.4081
-15.9776
4.72909
-55.8854
-36.9551
-23.2725
3.82033
17.7794
30.9981
12.6559
-3.95029
-6.83659
-41.2534
0.972557
-19.4817
-58.1523
-14.3382
-7.63963
37.3101
15.9457
-8.91358
33.755
-7.70481
-11.4994
-6.90408
18.4884
12.733
22.6034
-48.9169
-67.2963
47.2678
-25.6235
-20.4203
9.24277
-40.0198
-9.0001
10.3946
21.4851
2.569
-43.4435
19.5081
-10.7185
-13.1818
-7.60693
12.1404
7.03102
-15.0809
9.25907
-17.4912
0.517799
-19.7282
-0.073941
-21.2155
-16.2755
28.9971
-46.0778
47.8155
-28.156
23.7306
-7.04704
34.3686
14.956
23.403
-6.13454
10.2849
-1.59926
-18.8791
-16.1105
-1.15673
-34.4923
-26.0577
1.24155
-11.9924
-22.4987
-32.0989
-44.0606
10.9635
-14.86
26.7475
-28.1211
4.47471
-51.1283
-12.6009
-22.8021
0.335502
-16.7515
12.9156
-12.199
-17.2518
32.3009
-28.2901
-15.8176
34.9058
-16.6566
5.12145
28.9622
17.8352
-7.03411
-17.2679
-8.46389
10.6492
7.95932
0.305668
-39.2724
36.3461
21.1149
-17.5816
8.19729
-40.7715
2.99704
-7.52121
-32.0271
-14.2743
29.6902
30.8533
26.9602
-25.5573
44.037
35.9952
-3.7649
34.9696
5.54492
-20.325
9.51323
-14.3055
-11.6265
49.6024
42.1072
12.7906
-16.5114
-0.290041
3.20212
-23.5125
8.60121
17.7435
12.1148
-20.3878
4.27603
48.3429
0.104544
-12.0265
34.8197
15.388
-18.2557
23.6448
19.216
20.4523
8.68655
-16.4819
-18.3555
15.4182
7.89923
-2.01799
-10.8191
-7.86473
20.5955
-47.4142
9.80569
-24.3055
46.7571
-55.6296
-6.88051
-13.3691
31.4329
-28.9792
9.70259
-20.2502
53.9543
-0.966427
-41.8401
-11.3525
-14.9635
-10.2729
9.16379
31.5106
10.6876
13.0026
-14.4948
-15.0899
13.9464
-10.558
-29.2572
-34.8389
-13.8723
-11.6758
-0.585666
14.8573
7.30808
-6.09114
8.95514
33.316
12.7005
-38.1979
47.2032
-56.5317
-31.31
26.6705
-72.1607
30.5514
71.553
-44.2703
7.87165
-2.27297
-29.903
-43.9886
2.812
5.49763
2.87268
-4.97372
3.08165
-50.0997
-24.0216
-16.1872
12.1586
7.83864
5.211
-10.1881
-16.3277
-7.87272
-54.5266
11.7796
-21.5769
-12.8648
-13.0988
34.8695
6.9554
-25.4302
-5.29784
-14.4448
15.4547
9.35675
47.4295
14.2145
26.137
-14.1986
29.9701
15.9368
-23.0872
15.8478
17.25
38.2949
24.8866
32.3312
19.4519
-10.1851
5.52297
26.0319
-10.4714
17.9937
-13.8799
8.924
30.0538
-19.6548
1.65575
1.43723
-28.5723
-5.98016
8.80174
20.3197
-4.45425
-2.18539
-19.2927
-3.67551
-12.8919
47.6536
-7.27552
-9.65031
36.2235
-25.4163
-11.028
-9.20414
-9.10335
-12.6471
28.6898
-4.52685
-22.6693
-6.26259
-5.06161
0.937649
-3.33431
-7.79974
6.7319
12.6723
-16.7291
24.1733
6.85188
15.219
-16.475
-8.71175
16.7411
-4.2302
-43.2739
-24.7856
4.15569
54.1917
7.16941
23.5009
35.1477
37.5933
-23.5141
14.4674
52.9531
6.95468
10.5802
21.7406
11.9094
-42.6106
-26.7674
57.0632
-4.99338
13.4274
31.1446
-24.5526
11.1612
11.3777
-63.5308
-23.9389
19.3906
16.2721
-4.33677
25.1579
-31.2988
-26.0154
-14.6289
-6.71939
8.05828
-41.6685
25.8946
-1.40281
3.56974
-7.6805
31.6406
-2.80278
4.10934
47.4771
-33.5999
-55.4559
28.8655
-10.8087
-4.31837
7.54997
32.3357
-0.757493
11.886
-6.49348
29.6611
-19.8179
3.72598
24.1344
-46.5347
12.3697
-2.19726
-31.3723
-9.24135
-26.4304
-15.1072
14.5699
9.08571
-19.2896
17.1979
30.9039
-24.8273
12.9982
-23.2111
14.648
-2.28463
-1.32218
-40.0403
-13.7065
13.2561
15.339
42.1914
48.5622
6.39615
-2.09883
-22.8686
4.89965
-10.9302
12.5779
-20.2857
5.99402
18.7421
0.321879
39.2226
-11.7032
-29.6173
-1.70037
-18.2572
-25.3479
-35.3149
7.32739
17.1762
8.36938
16.9326
-19.8633
24.42
-14.7878
-3.22692
4.29827
41.5165
-45.7267
12.9945
15.1855
-10.6845
7.88122
-39.9625
-25.6371
65.5043
8.22832
7.48295
17.0143
-4.12678
-20.9498
-5.24657
-25.2367
74.1583
9.344
5.33303
23.547
3.17709
-38.1422
26.522
-15.795
-8.81072
-33.0987
-24.04
-25.8388
2.25427
12.4807
0.616005
4.06873
32.3405
-53.341
-21.0841
-7.22507
40.6394
50.2467
-14.228
-11.8674
13.4181
-34.4173
-25.954
-42.9037
0.867172
7.25201
-24.8962
4.75722
-0.127349
19.3358
14.0321
18.3589
1.70683
26.4331
-12.4097
13.5573
-1.28309
-26.4333
-24.0725
-42.2211
-4.08216
1.89883
-15.6939
24.3258
7.04983
1.7444
-1.5991
-18.5301
28.0472
20.6722
6.25846
25.1478
21.7413
27.9514
-20.2886
11.7498
-8.25077
-57.5916
17.7506
-18.7065
8.19201
-13.9768
-23.7475
-18.475
5.69748
-59.5872
-18.2423
28.7469
-49.8462
13.5082
3.87574
51.0809
-29.4633
11.7143
-2.96083
12.0254
-8.902
-24.0533
0.246743
-14.7879
-0.867155
-27.8817
-28.4921
16.646
26.4572
-45.3112
-15.1849
14.4185
4.64415
-21.7848
3.72496
-23.8727
-19.5386
-10.8158
7.42223
-8.27333
10.6867
-2.97414
-8.13436
16.6659
-13.7943
21.5699
52.8789
-23.781
-13.9689
-51.7861
44.3999
51.0814
6.3245
13.7294
16.9206
-23.6704
13.1032
-27.6328
32.4158
-15.5816
-10.4051
-0.618408
-40.5907
10.0072
11.9344
-22.6421
-50.0496
15.1238
-7.55334
2.39478
5.56688
26.1921
5.96413
8.03922
8.179
-6.23447
7.4587
-7.51338
31.4012
-2.48074
-8.91098
-51.2138
-4.51922
-0.547279
13.3458
10.5854
-9.89857
7.48184
4.12829
1.38388
-20.8192
-9.53335
-16.4146
16.291
-9.72026
1.29187
-52.7925
-24.1372
38.5037
-5.51183
13.0177
-0.0963709
-2.76598
23.5152
5.84111
35.6651
-3.92729
-41.259
40.0338
10.825
34.6325
15.5456
27.9257
-19.7182
-38.2238
27.449
-24.2656
-27.2356
-19.8483
-42.0911
-50.7925
-32.8575
8.07601
-40.7242
-9.05481
-39.1755
22.2157
31.837
16.8826
-22.3146
-19.5587
2.07069
17.1767
4.76804
4.87517
-27.7123
-9.79782
7.32691
35.7976
-33.7514
-39.2067
-32.5378
-34.4812
29.246
28.0491
49.9808
-65.3195
-25.5331
-28.6932
23.218
-18.7512
-4.00259
5.58935
32.1704
4.50242
-0.446711
-30.6209
21.6151
41.7411
-19.4708
7.50279
-13.1452
12.0145
24.8543
-6.16146
31.6246
-17.4224
17.3902
8.51688
17.9003
-35.894
6.19237
-1.07859
-21.3286
44.3173
-33.2666
17.736
-6.45387
-5.37576
9.92035
-16.0859
-2.957
2.77051
2.4264
10.3614
8.9566
20.8086
-38.9974
5.67873
32.3544
21.739
3.97954
-14.0708
-3.36341
42.1334
-54.7473
-0.160648
-53.6096
21.7912
27.0166
2.36582
2.58247
10.6071
10.8083
55.0438
21.121
27.0749
36.9148
6.27605
8.06822
26.8287
18.714
-21.9187
9.83604
-32.5032
36.8783
26.4612
-1.28023
-7.38234
15.3211
-10.141
-28.0618
19.2611
-13.9822
-19.3564
-9.81859
9.15988
6.14812
0.0698226
-6.26516
-8.78219
-10.0535
15.0502
19.811
10.2965
3.61296
32.8078
15.4924
41.504
-20.7469
35.5644
13.2926
4.91321
-23.3749
39.9786
-2.49452
-3.5037
-9.65515
12.4634
35.1385
-19.4936
-5.19484
-29.8125
15.0368
33.9657
9.25858
-22.7704
11.8039
41.9632
-20.3157
46.6723
-23.0287
11.581
41.8719
6.46165
21.4407
18.425
2.30203
36.8353
-41.8999
-31.8557
14.9545
-3.36532
26.0198
-10.1248
-12.2118
-28.7967
31.4006
-17.9014
7.44651
13.491
-9.84801
-28.4873
35.7985
-48.3418
26.019
28.4829
-15.168
41.0913
-33.5042
-20.1012
-8.85
-5.08422
14.4158
-31.3372
-7.78454
4.22277
-34.9167
-43.0275
28.3195
-11.3235
-34.1535
14.5668
26.7089
32.6539
2.87286
27.4202
11.2556
-32.8355
-5.60382
6.67141
-4.06861
-19.4199
-12.0459
4.99436
-36.0473
-20.5098
-22.5978
40.7351
2.05719
-6.73371
-39.034
27.1805
40.8393
1.75237
-12.0193
1.12812
39.5543
-24.2872
32.1378
1.37099
34.3382
-37.3798
-3.89208
-23.0406
-24.0693
29.0921
-17.2309
-29.5995
-34.5942
-2.39445
21.1814
10.9363
28.4674
2.88014
3.07062
-11.4079
-10.0093
-1.1209
-5.43099
-9.96923
-23.4091
-5.3847
1.90464
-36.7725
-9.03379
5.14662
-18.012
-7.57844
5.56544
13.298
-23.8975
-37.3685
-45.4623
-23.514
-30.4719
-18.3764
15.8009
4.20907
6.64366
-13.9546
-8.82646
-21.7278
-26.0927
4.17057
-32.4568
8.67132
-3.37672
15.5952
-17.4774
-23.5768
11.217
9.31371
-34.5615
-31.8174
-3.43041
-50.5307
-2.1798
-36.203
17.8741
-7.34595
-12.6316
21.0935
-47.4433
-25.943
12.8007
9.71422
-2.95806
-34.957
5.91432
-1.25998
-26.9931
-33.259
-19.5648
24.8033
-21.9299
6.93585
-18.9848
1.96193
4.04159
-78.5097
1.08053
19.8281
-13.4635
55.0558
53.6294
1.41611
-31.9752
35.9052
3.19533
5.60971
-22.5008
39.3935
19.3154
0.12206
24.1405
-28.602
-12.9643
-27.2085
39.1393
5.31196
-2.0126
2.42056
5.30636
33.5126
5.6226
8.89976
22.9825
22.4958
5.99912
4.09916
3.99462
11.8904
9.64872
-16.546
14.7225
11.8362
-19.0162
1.89307
31.988
-32.7311
-5.57478
16.2958
0.972132
27.8994
18.6793
27.7482
-39.6536
-14.8153
-20.7746
17.7651
0.288404
61.7331
27.8992
-42.695
-20.738
0.396292
7.49397
-12.1034
-6.03548
-17.8719
2.39208
-8.48042
-17.8732
20.3396
-73.2504
-21.8745
51.4179
-55.0769
-22.9397
-21.5277
-6.68146
-22.3287
-5.19331
-33.7732
36.824
-48.9771
1.83194
-8.22854
32.962
-15.5153
-67.7048
-74.0182
-21.4972
22.4975
-8.94086
-4.15152
27.4543
12.5911
21.8242
3.15079
0.400966
21.9064
-30.3177
6.72549
3.40762
28.9945
49.5697
-0.190533
32.6939
10.6321
0.669642
-11.8043
25.1057
46.5397
-40.6898
-4.31508
9.80634
-32.3127
7.87161
33.7993
-26.4502
40.512
22.1585
-23.23
-7.71724
4.61056
4.77475
-23.6805
-20.5143
-53.0731
28.4181
2.33429
-8.52102
-22.4162
-20.5963
-2.24555
41.328
0.664882
12.5985
-12.0098
30.5025
-35.7379
-82.0713
-7.64876
52.333
-15.4861
40.015
4.97639
8.59384
38.6564
5.76723
8.30949
3.11697
4.46151
-21.579
-33.2392
32.6669
32.5558
-25.4897
10.5594
-12.296
12.5333
40.7438
7.34402
-5.40609
-9.09876
-9.5719
-21.2155
4.39139
-18.4017
-0.0266641
9.66159
-5.01299
-18.7238
2.18374
-18.8121
6.27995
-12.8747
-5.49005
-41.6901
-32.7745
42.8815
15.556
10.0036
-9.02284
5.14399
1.89846
15.3272
-1.03354
21.2182
-16.6465
39.2688
9.25772
9.0705
-51.2691
-41.0889
-24.7126
-0.824372
42.7406
38.0513
22.9088
32.6958
11.0794
47.3213
-56.065
-12.8854
-18.9067
19.4953
-17.7445
-31.8155
0.203593
-6.26144
17.274
0.65149
53.9502
-12.8032
4.28572
-8.9667
-8.85701
27.2412
46.5675
-18.429
16.1527
8.25735
20.4559
-33.4846
-27.9649
7.97281
-36.1024
-2.36877
2.53652
-25.7274
-29.191
-48.6071
22.7697
-26.5335
7.2246
23.0507
-33.5993
-9.99588
-0.796202
9.01506
19.3577
6.14387
10.8241
-23.6612
57.7207
26.8403
17.7635
-23.9179
74.3933
-2.68354
7.24461
29.2786
-1.92729
54.9165
5.13336
7.71931
-4.34366
-14.4274
4.55152
-46.3608
-10.4875
9.79534
35.0795
13.8361
-9.289
-25.1311
-6.87353
-12.91
-45.2584
-77.9312
-30.8927
6.17482
-1.18053
4.47851
-6.46286
-7.32888
46.2581
-15.6729
-1.84078
-2.35826
14.5066
-23.6736
16.3239
12.6082
-5.79891
2.61361
3.30298
-19.6911
-14.3332
9.30714
-20.7919
-35.1482
-56.6165
-22.0363
-29.6428
17.7227
-18.4218
41.9154
24.3726
12.7033
-14.7945
41.4499
49.824
3.24938
27.2023
-33.748
-17.0305
-2.02233
-2.05072
-17.0541
-9.047
4.54661
8.46497
15.5878
-16.0224
6.43862
-37.8078
3.9538
-4.70314
-1.21912
9.2356
43.35
-6.57322
-37.8844
-1.57436
-21.8495
-29.9322
25.3498
-24.0156
32.7782
-4.60655
40.0814
-5.41373
18.1641
25.1476
19.3462
-16.3068
-47.2608
-22.5144
-20.8119
3.16638
-9.06025
-28.24
48.8677
69.9167
-8.83329
-32.6528
-17.2897
26.7167
-1.10199
-31.9036
26.5802
-23.6173
-5.3496
1.76241
4.30323
-9.67777
-0.837316
-16.2945
20.767
8.98627
21.01
-41.9212
-5.45541
-24.2651
9.02611
-21.2331
-15.0565
13.0924
-43.1111
7.0648
-1.99351
-6.47757
25.4736
-16.9171
26.5924
0.917142
51.4791
-16.4883
38.4171
5.28292
-0.795708
48.665
-6.53229
-19.7298
12.3031
33.3526
53.3498
38.2096
75.3239
39.1728
-43.766
-54.8219
15.1856
12.4315
-14.0821
34.677
35.855
-6.43371
74.7147
22.1875
-26.0901
-14.6298
1.30018
34.1741
-4.15069
-0.587574
-52.9335
-32.0598
37.5198
0.776906
14.0248
3.14877
-0.136319
39.3773
19.9174
-4.20488
13.5606
18.0591
-56.7817
7.75229
-8.74005
12.0789
-19.9013
16.3006
15.8802
-0.288755
35.7529
22.6402
47.2876
-34.265
-0.209677
-4.87522
-17.1875
-13.5354
2.4356
1.33869
-27.2668
32.2028
-33.0306
0.568714
1.32197
-30.0347
49.1569
-34.2403
9.46437
-8.46236
-6.45621
11.8648
-3.3962
-33.8949
45.388
-52.8581
-3.21033
-28.305
23.3393
20.1237
5.46528
-3.66842
71.9261
-34.9445
6.55038
76.1356
-12.2304
4.40537
11.0939
3.35726
-1.36023
30.1893
0.204168
-4.54377
15.919
-20.2418
-39.0914
16.6567
4.24123
32.4559
10.4684
14.0171
-17.8819
25.7562
-16.3967
41.9996
3.52606
-8.04494
-30.4765
-41.1971
-39.5876
5.88448
5.00567
-9.46487
24.4729
-1.73992
13.5258
-14.6198
21.6089
7.02663
-6.45208
7.71459
-15.3544
26.2376
9.35351
53.1487
5.53801
-28.096
1.37001
-17.4785
13.7223
13.7555
19.5333
-2.76089
12.1499
0.843938
-35.1463
-2.93484
51.0774
-7.44802
-5.32654
2.37321
5.07688
-35.1814
-11.4228
-1.16464
5.40899
37.9193
29.8487
-6.91694
-3.13848
4.08896
23.1977
29.787
5.19058
-33.2558
51.8371
-43.9751
-20.7434
10.1044
35.9196
-1.28874
12.6448
21.8805
15.4188
26.6198
19.8389
-2.53341
36.8967
-42.2158
-34.8333
-30.6254
20.0159
43.2808
-39.4422
-3.12988
-44.8702
-23.5259
10.7034
7.81952
-1.50608
-10.5496
34.4641
-29.9848
24.0094
-3.16991
12.4484
20.6278
-29.077
8.36954
-40.5923
37.3551
10.2458
-13.8795
4.32405
-10.0204
-31.7578
0.351288
10.5846
-21.257
-2.04174
3.11578
6.26339
-14.6243
-14.5347
25.9512
-25.6473
49.1692
41.1337
33.7432
-9.84992
-27.154
19.9558
-1.07564
2.28
-33.7713
7.6992
-20.8467
-22.8062
-12.1
11.8055
-7.69446
53.9024
-20.1215
-24.9329
23.2768
40.2691
14.1227
44.3923
-14.4292
13.6244
26.445
23.172
-0.600529
8.1207
-21.0486
-22.9002
-15.9115
35.2376
34.9159
-1.32611
10.2274
-3.36379
-12.7618
-12.0779
45.7489
-12.0986
9.84834
14.7849
-31.4349
-31.0531
3.52094
-0.0214204
1.9721
-12.399
-12.1739
-11.6686
-11.0256
21.2865
-10.8048
-36.5165
2.22392
15.5023
-31.1936
-18.7078
0.621915
14.8546
30.9562
-10.2335
-22.3091
22.8023
7.02768
16.6798
48.2527
-32.6172
7.50736
-65.6005
-42.8083
-39.7054
-8.01076
-20.7099
46.4864
-25.6117
-23.5994
-23.5527
3.19858
4.74262
-19.5216
25.2705
0.882077
1.5662
-11.1859
45.6187
23.2034
17.4443
59.1122
8.64707
-34.8658
18.2202
9.22209
-27.9066
25.4163
-43.325
51.3233
-12.9561
-3.90151
4.7527
4.27615
12.6422
33.5706
32.4666
-21.864
-15.0126
-10.8254
-19.1518
-38.3907
39.0857
14.5995
8.79411
-25.2634
-27.6476
29.6274
3.78881
3.78928
39.351
55.2156
6.552
-12.2053
24.0718
-19.8105
-3.51205
12.4282
-65.8009
-1.58379
28.8782
14.9349
0.230815
-18.2547
-19.7254
-35.601
23.8237
1.72959
-30.109
29.2708
41.7942
-28.8761
20.8731
-0.233359
-16.2284
-22.5557
-0.691145
-7.75335
-14.7449
-8.50966
-45.5286
7.18374
-12.8321
-8.07713
35.3552
2.76825
-25.6184
-43.9079
38.5607
17.172
28.7019
59.9191
19.6899
-15.1755
22.0729
18.8762
45.3169
-24.3117
-41.957
1.79528
2.91638
-16.143
3.7535
-5.88889
3.52897
45.4478
10.8352
-4.82566
-30.6373
-16.844
-7.67813
17.4968
15.8955
-22.6883
-6.95215
-0.414681
59.0936
-23.802
-6.57432
26.688
-31.1579
14.4248
-18.8758
-32.6385
11.5165
1.85689
26.7023
-47.6
-7.77199
7.15738
34.1077
47.3743
-34.9047
-5.38459
-5.54718
21.5387
15.2082
-35.7427
-20.9957
31.4112
0.994276
-23.1778
-9.30773
-25.5363
-8.97025
22.6489
10.0981
-2.0432
3.35967
-2.30852
0.403163
13.59
9.86808
-13.7151
20.0789
-16.4312
58.2891
15.7141
-32.2449
3.83417
-18.2138
-5.69848
-12.3269
10.3344
28.7839
58.2036
17.4176
-17.4578
25.2959
-68.6276
-69.7818
15.6584
8.02471
-14.0672
-11.4009
-16.4548
-1.24688
-34.6982
24.8434
32.6097
48.6027
-8.37155
-6.48093
-61.408
39.0817
-23.8748
-25.0114
17.5995
12.8337
-13.3304
-43.6237
-6.74272
-2.92995
3.19621
-8.33891
