0
-5.58555
4.6655
-11.6108
-24.8614
-6.17455
3.9698
17.6673
15.1678
39.6653
-4.76556
-15.8204
-40.7433
-1.50839
72.185
13.7563
21.4941
-20.4601
-55.5614
13.8133
5.92267
-1.75246
-43.281
0.136274
14.976
-20.9389
-28.195
-8.36227
6.26474
4.28525
39.3917
-18.2141
2.74795
-27.0868
-30.4809
10.4436
-16.8002
-30.7679
39.1334
-22.4097
4.74661
12.3552
-0.450172
27.9981
3.41466
8.66908
-22.9692
28.393
11.3846
9.2271
-8.91958
54.2654
-34.2587
-28.9531
29.8719
-0.636858
15.066
54.9999
58.2895
-8.78916
45.5313
9.30845
-3.51923
-21.3442
-41.5468
-8.88984
-18.2448
41.3815
0.409433
-0.784986
-4.61042
1.53489
-12.5034
-30.3145
42.6427
-1.42265
30.1754
-16.7213
-22.4217
15.4316
19.7453
9.01879
5.27481
21.1309
-12.2106
10.0233
7.30777
35.2089
-9.08024
-24.3183
24.1743
-35.9986
-57.732
-22.7732
19.1386
-16.0138
5.62852
52.9552
-0.822633
-37.7596
30.1042
-28.5496
0.694232
-14.382
-55.1067
2.20064
-47.4956
-15.1199
39.6641
-2.01266
7.60167
-36.4787
0.475465
-12.6205
16.9184
16.8045
48.4145
16.9429
-13.2302
-64.9231
-29.4431
46.8005
25.8746
-6.5511
38.8765
-27.9005
-5.99766
-1.73737
48.2871
14.4252
-58.3432
17.891
10.3416
-10.4572
-6.63805
-22.6859
-54.9379
-94.2077
5.07808
33.5051
2.55782
11.2164
6.18579
23.368
-5.07483
-40.2371
42.4014
-53.2117
6.41451
-24.2595
-19.5329
16.9495
-21.8306
22.5286
-16.7533
-28.5241
28.4833
-6.38869
-33.7414
25.0569
-22.553
12.3063
-4.36441
31.5373
-21.6795
-5.46884
20.9053
-17.7525
9.50561
-12.6729
42.5562
14.9752
-29.738
40.2529
-41.2551
3.17664
-43.7401
26.5144
-28.0037
8.44193
-9.02231
-1.4278
-7.59096
-49.5967
-4.61327
-5.92017
-26.6082
-1.2962
16.693
-8.82874
-33.6091
-50.9289
1.77048
-39.2455
30.3928
42.6772
0.48586
-17.6902
39.5874
-0.190448
4.41444
8.83895
28.8371
-1.88705
-7.86286
-12.2871
97.9002
28.2239
-10.9165
20.1253
-16.0909
-46.7777
-29.3924
26.9986
26.7975
-4.8843
19.1534
5.11067
57.4534
27.1894
-26.4761
24.3548
59.4557
-37.8832
-29.3385
24.6218
-31.2985
8.11079
-6.06118
-0.516695
5.80807
8.4484
6.52163
-34.6538
-12.7413
-32.9064
-89.1381
-19.2402
19.5959
30.0076
-21.3031
18.9866
-15.2927
-55.5716
-1.00046
11.3435
-2.32561
-14.4804
5.76541
-15.4187
17.8774
-8.20703
-14.347
20.7624
1.85536
-26.5011
10.8585
5.66622
2.22975
11.8297
34.8802
-3.30861
-57.2112
8.41371
4.33487
-7.45334
-31.7721
4.30754
5.19623
-33.8281
25.6
-9.97713
9.33048
34.1589
-10.1247
26.7665
-32.4245
40.3465
-42.4293
-12.431
-18.8042
21.4206
-6.55227
12.3447
0.900891
-10.1904
5.60051
-35.5503
30.1004
46.3626
25.6466
62.4048
2.08143
14.0157
30.2604
15.6938
11.0641
27.5725
-10.7322
35.99
-5.8212
-34.8503
-18.3394
20.8698
12.8378
18.2159
-18.7644
54.2008
30.1403
24.6871
36.0048
-2.66878
-32.3286
-18.9357
45.8923
-1.08324
-39.6741
-4.47351
17.3462
-23.2116
-30.8048
-1.7061
-25.4687
21.1749
-53.2085
0.360026
25.5954
41.297
-25.0804
-8.04922
-6.85841
-26.5649
-20.6274
15.0074
-11.9988
-13.6392
-31.9425
18.5543
39.3979
26.245
-6.13388
31.6468
29.7827
1.49637
52.2223
-35.5454
-21.1887
11.0938
-25.2587
52.1218
-35.3569
23.2471
34.9045
-34.1971
-6.25262
-21.707
-12.5298
-1.90121
88.5663
-36.9781
8.29314
-18.4849
-0.417591
-13.3501
-34.36
28.2645
8.36929
45.5505
26.2216
-36.7755
24.3594
-3.46636
-33.7587
-0.559966
37.5133
-1.80729
17.6573
3.93145
18.5786
-33.3882
39.9504
17.3343
-48.669
-9.59673
13.2078
-40.6903
-8.96491
-55.5814
-56.9654
35.699
33.309
25.6421
7.96166
-78.4898
-20.0155
37.4135
-48.4475
-12.7025
-24.6923
38.9373
-37.7477
2.21298
-22.0313
7.77911
8.33918
23.6453
53.122
-32.5413
-69.7013
-19.595
-30.8086
36.2894
12.9553
7.23411
-6.5879
10.5828
5.91414
-24.1218
-33.0244
11.6372
25.3544
21.2361
-4.12914
-7.72293
2.88631
30.9695
-39.6634
-17.4249
20.0602
27.882
6.15416
-5.70846
43.3627
12.2531
7.84612
35.1847
-14.4359
47.7524
8.25771
-98.4675
26.6137
-31.2682
-14.9815
-55.8868
30.412
-8.32391
14.504
18.8141
16.2091
-0.272717
39.7473
-3.75259
10.1963
30.3579
4.76318
14.9933
-18.6328
5.65678
7.90656
-15.8463
-27.1654
-37.3627
-38.4145
16.4404
25.2083
38.7237
-11.7061
4.01217
-0.396597
-45.761
34.1441
-5.6877
4.39723
4.3043
-23.8936
-38.5952
-28.6315
-8.61719
-31.538
-14.3791
7.17891
-12.2912
19.5397
-5.99813
-1.11542
-24.2834
-17.3853
-7.95087
-35.1853
-15.3763
-9.87521
-8.14732
20.1517
20.0558
47.3894
19.0374
-35.6708
43.6927
-45.7611
-15.1399
11.7547
6.27769
-55.2354
-46.0164
-11.1229
-10.7845
-6.39928
2.83732
-17.6051
-12.1185
-15.5108
-3.66563
35.5694
-2.24507
-18.8327
-64.2006
-19.9189
-32.6165
-28.1536
38.4036
37.5657
22.3396
-19.0317
4.67223
-7.89545
-41.0134
25.7652
11.257
-1.70643
44.0542
7.04727
27.2033
-31.6335
-8.42802
-17.2925
12.3732
-34.3625
-21.742
-28.3933
-31.6956
-22.7312
17.916
-8.0474
45.8943
13.4209
-8.03895
-1.05397
-49.5628
-27.578
-27.0022
-4.18582
7.13731
-20.8929
24.6751
11.5796
-2.866
45.6071
-8.09077
-20.3725
-8.00372
17.6459
1.65932
35.8827
24.7411
40.8609
-0.886242
-28.8546
-69.4814
-4.56068
56.25
-21.6179
-5.30475
-10.4051
-17.8035
27.2251
-7.10252
42.1677
0.862806
-6.24133
18.7728
36.9522
4.64206
-25.6956
-0.247776
23.2016
32.6154
-20.2841
13.2608
-20.2887
-21.8712
8.64875
-52.3963
-29.6177
15.468
-0.799646
-5.04181
-17.7255
-52.7204
11.7071
11.3293
26.0295
34.761
2.21787
-25.0029
-30.6451
29.6369
-57.4589
-18.1097
-22.3017
-7.5998
-22.5097
26.4414
-18.4554
18.2703
-27.3279
-4.07137
-3.04761
-7.21179
-13.4608
5.54823
-10.2194
-17.5641
-1.37438
-9.50062
42.3519
27.2695
13.2543
10.225
7.11957
30.0899
-20.8008
64.2214
-91.1185
26.2586
-16.5136
3.54218
23.3222
45.6364
-27.9316
-36.7534
24.7245
11.829
-48.9089
-24.3426
-15.8965
-1.96633
-7.71098
-14.4036
-20.2579
4.71403
-23.7414
-29.7324
8.40243
-0.491645
-39.9651
-29.3592
27.8338
-29.388
41.2836
12.3742
-47.8415
5.39846
35.8633
16.0039
6.34884
11.7492
-56.0656
15.0512
-26.0995
-16.5035
2.11296
25.6931
-6.84535
7.5222
-32.5541
25.4554
-18.2645
42.4834
28.6835
-3.9659
-38.5516
-36.8521
34.1373
8.28029
22.3801
29.9651
48.6355
39.3718
-5.70022
-29.1542
-26.7988
-31.5108
49.0454
42.4401
-21.1611
16.9995
-25.8524
-16.1468
7.69172
16.3841
-11.6983
-15.6504
12.412
-5.12837
11.1143
-7.16889
16.3977
-22.5346
1.34265
-13.108
-28.3174
-10.9259
-35.648
-24.2292
-9.57639
-25.0122
-27.597
39.1373
-44.4209
-14.1807
-8.42017
-48.6036
21.4979
-22.7407
41.1885
4.83127
-29.1905
-12.1279
-13.2802
-2.44138
-6.05375
-30.0143
-10.7738
-2.17269
-51.6431
-14.2325
-16.6649
12.5075
-37.2049
-46.3395
13.5032
11.5623
4.31406
-0.0333897
-4.43604
8.20879
13.4654
-11.4805
22.746
54.5915
-14.7208
-31.9404
-65.8686
-39.2334
9.41557
-23.5458
-97.4773
48.9045
5.85538
6.26271
-10.3925
30.5499
-10.4572
7.75079
-16.7284
35.6815
-23.4472
9.17511
-17.3822
-31.5368
74.2074
-34.3118
-12.7672
-44.9331
-20.9321
-14.2707
7.57363
23.0924
-25.505
-15.6212
-4.71078
-18.328
-71.6888
37.4681
-0.96195
9.51748
-56.5804
-4.56955
35.1762
29.392
-12.3766
4.90995
27.8463
15.2251
4.45918
-14.4161
-10.2208
0.239085
27.2446
-57.9493
-18.7322
-23.6749
2.95363
-28.1204
-23.9177
5.85542
37.6694
7.72841
-8.56168
5.90596
13.912
-17.3729
-26.9212
3.96885
-21.5315
60.2992
-49.5477
5.42698
-25.762
55.3544
26.9596
-8.10677
51.1674
32.3631
-35.5057
4.90263
30.988
2.78542
13.9542
2.78532
-25.2162
13.3068
0.984044
6.60687
-6.57963
-10.5794
-11.1499
8.44321
-7.76056
41.3483
3.88832
15.8994
15.5893
59.725
-2.03271
3.36786
-39.8253
-17.2019
64.853
37.8053
5.18519
10.2308
54.5121
-8.01204
-10.7212
4.57806
17.9452
25.5906
7.96712
19.9125
-44.3464
-8.44292
-31.4535
-33.7392
4.24456
-11.9935
19.1456
-54.2361
-17.2901
-48.8309
18.8581
-11.3699
33.2951
33.1095
-29.4786
-64.1355
-32.137
30.2177
-23.6098
-14.1242
-16.7042
10.552
7.67863
7.5453
1.65197
-5.50603
-2.74728
35.3531
17.0845
7.99472
-1.19299
-41.6589
42.2007
25.8933
-16.0648
-12.1356
14.6917
-28.951
1.28831
-15.1241
11.2973
15.2972
10.4028
-40.5825
-18.5624
35.1867
10.9596
-63.0695
-31.6879
-6.32928
44.3964
33.961
76.5334
-20.1154
30.9254
42.9835
-21.9952
31.1126
30.742
-44.7995
-19.3789
-6.70867
10.709
58.798
-30.3057
25.7182
-5.82598
8.39508
-11.7545
13.6371
5.56937
-11.4468
38.7187
7.79758
1.24092
30.5914
-22.7051
7.75635
-38.7861
3.36731
-23.9191
41.4371
0.109463
3.24744
-36.9662
-11.5396
27.802
2.22181
49.6203
29.0847
34.1053
-48.5802
35.2246
-7.561
3.32333
-50.5676
30.5599
-1.09858
31.0718
-44.6748
-0.364355
6.07768
33.9343
-60.127
-30.7695
24.1922
-13.8766
-19.3422
-48.2751
-38.1735
24.8004
-47.3218
-44.6096
-22.5578
-82.6951
-17.0144
10.5069
3.42696
-14.1214
29.2694
34.2027
-7.26923
-5.85407
52.7134
-4.84008
-18.3527
-9.95547
-45.4283
0.918406
-5.21731
-57.6251
-30.1477
14.0166
8.56135
30.0431
31.4722
12.623
-6.04498
-19.8795
-2.811
13.1134
-8.76062
-7.12303
-31.6867
-23.014
59.2063
26.8928
-22.0747
48.785
-31.3977
7.53051
4.63597
36.0182
-2.79972
3.73674
-11.4634
7.98976
10.5694
9.24516
-41.2509
19.6924
47.5068
13.1476
9.12035
-21.4373
30.0897
-24.4548
52.3034
-15.4528
8.88542
-9.76265
-28.8531
1.93353
9.01334
-6.24417
44.5764
-25.3103
20.8039
21.161
18.4308
-7.36462
-4.89418
-43.1871
-29.4277
21.5512
-17.4593
17.8048
-38.611
12.0522
-47.8981
-53.4118
9.31173
-1.32959
-29.292
-45.2509
25.5722
0.24464
37.2788
23.1077
46.622
11.7045
-53.4064
-31.1186
-22.1943
3.72509
28.1381
11.216
11.2816
-10.6138
-30.8361
-7.80202
30.0656
-7.02199
39.6063
-38.96
16.4466
58.1744
17.6627
1.80383
19.9127
15.805
2.142
7.04314
-50.4343
-3.96394
58.4372
3.3265
-28.3787
7.15343
1.80126
-13.8069
4.91655
-35.7811
-20.3945
46.3883
29.4838
1.34326
-28.258
-35.6561
57.3662
16.2269
-10.2951
-11.2228
-0.0445758
-43.8185
27.3206
49.4937
-36.874
-38.5249
36.0579
-5.0173
25.57
-22.3714
-25.7213
22.8874
-6.16113
6.85791
-33.051
13.2778
7.24711
56.4733
5.44289
-17.3605
55.3133
-17.2147
-15.7081
8.23958
-13.2319
-5.58698
-20.6625
-10.3336
3.41348
-47.8639
-15.8871
-9.91305
27.3702
-4.14892
37.0542
11.2937
9.50753
-0.35369
20.766
10.8628
-35.4765
24.2056
-11.545
8.92337
-21.0694
3.81233
4.58686
12.6673
-26.8325
30.4421
0.839141
25.8747
3.43732
16.3433
-57.5225
-32.6731
0.304662
51.347
-38.0935
18.8329
-15.8703
6.49286
-74.3957
-3.0821
-1.68118
5.50606
23.7327
36.5292
-32.202
-9.23245
-22.7131
-5.84765
-4.35657
37.2148
18.6938
-44.234
-22.6074
32.2646
-22.5665
19.3353
14.8528
-5.38896
-37.2536
23.2449
-43.7976
-51.1647
40.5699
1.44227
-25.331
5.05682
-44.0796
6.90473
35.1715
59.999
-46.6373
-6.90273
26.7031
-35.7857
-28.4552
10.6359
36.999
0.0681263
27.3763
-58.8085
-50.4192
-34.9155
-35.1397
5.74877
-18.4587
13.5421
27.9641
-13.9437
-18.6937
-26.9732
52.976
-44.746
-16.8256
32.8928
19.4993
26.427
48.1722
32.0734
-6.42579
-21.7244
-21.0553
-26.7801
-22.5869
2.02613
-7.96473
49.0465
-39.3386
-21.1709
-26.1759
-39.8825
-49.0844
36.5354
11.7876
-8.76457
3.48641
-25.8657
2.3656
17.8946
0.438232
-40.4849
-2.00855
-60.1673
27.1106
-8.55838
-12.0357
30.5838
20.9754
24.4585
22.5692
3.74247
-0.550042
15.6053
-4.16991
-24.4665
-1.48343
8.27382
-33.7254
-11.867
-42.4701
37.0197
-2.69814
13.6147
-13.8659
62.5723
19.8097
28.2315
-31.1169
41.6727
-22.7064
-30.5001
-0.718663
-18.6002
-23.2115
5.10106
51.1874
17.9278
-28.6288
-25.3689
22.9229
-11.9918
-18.2761
19.0259
-42.9481
-69.7363
18.9702
15.2408
9.2495
-1.33718
12.7584
11.9524
11.6157
24.0977
-11.8683
12.597
-5.34505
32.5569
-28.0259
-19.2127
-25.6967
22.5577
-4.04873
20.8034
-27.9905
10.0749
39.0066
-0.604935
8.20853
-11.8541
-8.80859
-0.875226
35.6448
-7.31468
-7.92108
-13.1934
-7.29886
-4.33733
-52.675
-34.2994
-12.8022
14.3369
-5.26865
5.07234
25.4909
-40.319
-5.34032
1.54643
33.2887
-10.1516
-97.762
56.1191
-16.528
3.02146
17.2243
36.5946
-2.19606
-6.05667
12.4919
-6.61506
-27.6462
-45.8215
25.4844
12.8125
-25.2584
57.7836
42.4885
62.4936
-29.3464
-37.5307
21.4829
-20.524
-17.0211
-17.3977
18.3329
-8.35192
25.6476
11.7062
-54.4045
-5.54308
-11.0517
-11.1984
-57.6307
13.2005
-5.9495
-37.4451
40.0374
16.8059
13.7199
-9.41567
17.8352
3.16651
39.1116
6.40242
-12.4458
8.92334
-20.0777
-20.6346
-12.0759
-60.1004
23.4658
-36.4174
-21.4645
6.33678
-32.1241
-5.76196
-20.2437
-14.3271
36.0279
28.4762
40.9465
17.1476
-39.6469
-11.1268
-8.2883
5.52576
-44.7249
-39.5814
8.42194
26.9145
15.9169
39.8227
-9.69265
-32.8963
-18.2935
-14.9418
-24.9914
1.60124
13.7571
-0.0281907
13.9563
35.7713
-10.2775
9.06118
-28.3189
17.9353
32.6356
-4.46874
-32.4525
-1.59182
24.6977
17.3166
10.4245
-35.4788
32.2833
55.1839
12.8185
-27.0266
13.9738
31.5876
-6.15164
-58.7496
-8.10291
-7.35215
23.6205
-38.2664
11.0664
11.5158
-14.9756
-8.80947
42.4681
-17.9007
12.6678
5.06281
4.44725
7.57074
25.5882
-3.24572
-6.9933
-6.63318
7.19617
-25.4264
0.0669373
-18.602
-38.1161
-10.2476
-33.8553
6.46415
-10.4802
-26.3725
1.20852
-33.9536
-14.8215
-17.1944
-49.1743
-49.5319
-35.7738
-43.6561
-0.0893965
5.79413
23.9332
-42.3438
-13.2714
43.9647
-37.8798
-9.53537
35.5181
-6.19581
-50.851
25.8632
57.4234
16.7743
2.39002
14.6326
24.5731
-25.7524
-36.6978
36.3693
-34.8301
-38.0925
-33.7755
10.0906
40.7967
0.68227
-69.6151
-11.2091
18.9571
14.0354
3.0263
-14.6549
-14.7785
26.5648
-5.7423
-33.7078
-44.1198
4.34818
-25.293
13.057
9.09814
4.35745
9.45901
28.6644
-32.2322
18.7713
35.9177
-20.1065
26.26
-19.163
3.96317
19.093
-11.9994
27.6907
35.4557
10.7332
62.611
-1.99333
-24.2234
-17.2794
-3.26388
10.1278
2.82904
-31.0098
-12.2763
29.3084
-65.233
81.7567
10.037
7.57573
20.6005
20.8549
16.3993
19.0271
-7.06059
-3.73652
4.32889
3.44344
-4.37218
-34.9892
33.2545
-4.69133
38.9614
-35.3049
-23.7946
7.02001
-52.2125
67.4238
19.087
-16.7108
-9.50288
23.004
12.4066
32.287
-7.84649
-12.2114
13.1404
14.7621
-54.3428
39.9559
26.4284
15.2266
11.6791
16.2522
-7.21186
26.3317
-11.0461
-5.6723
3.34637
39.6641
-3.42234
6.9076
-5.41747
-36.4242
11.5647
26.5997
-30.3321
-17.9189
-78.4073
55.5117
-6.98144
34.1139
29.9666
-18.7552
-21.6242
70.3127
-6.79817
-15.7925
-63.0306
-5.12819
10.7493
-23.1605
42.9238
39.36
-17.7064
26.102
-4.0874
-11.8938
-6.96891
30.5627
-1.06443
-0.92251
5.50257
19.3363
-33.2923
-42.9297
-50.6655
-35.0785
23.1185
-14.6783
-22.1054
-46.0819
4.06788
56.0988
11.3555
15.4514
-9.11414
-3.83025
-43.5085
37.757
7.30706
34.2536
0.713198
5.50116
-9.36595
46.5377
24.8531
-40.5036
6.64186
9.1461
27.1696
32.8707
4.45012
39.3984
-1.64239
37.3854
-1.68517
27.938
-15.1989
-40.246
37.5434
-6.20031
27.3958
12.8838
-3.75803
-2.89706
28.4658
17.7237
20.6969
-0.188333
4.96328
63.5214
-18.3398
-12.1157
25.1836
33.8406
22.8411
-11.0644
-25.378
8.23027
-3.51581
32.4507
5.62789
-12.8692
-3.86026
61.1211
17.8016
-53.5346
10.2042
32.6456
-38.197
4.22753
-22.0703
-14.6086
-7.35754
-16.6977
23.9591
-8.99191
9.91288
-36.7798
-31.2332
-16.1912
-29.6815
-17.4483
6.90225
-19.7045
30.1779
-16.3468
-26.579
-41.5079
-9.28018
-63.8169
-54.2362
1.61478
-30.9791
-8.80021
3.18374
-10.0736
68.7653
17.555
9.75535
24.1634
-22.9219
20.7321
-8.66126
-12.4714
11.1323
-9.70731
-17.919
-31.0494
0.598324
6.5222
22.4208
-41.7095
45.6689
-29.3532
13.1753
74.8451
27.5099
1.02674
-9.26749
8.38301
1.19804
-43.6668
40.6506
-5.96014
4.17716
20.0698
3.73172
-10.9907
-45.9049
-27.4765
25.3638
-6.75777
17.7948
-30.003
-4.00793
-2.76061
14.9593
7.6402
-18.9764
5.36428
-36.8706
23.9932
-17.2284
0.740527
-2.84375
37.0251
-28.5486
-21.1874
36.7627
6.91869
20.8049
28.3095
38.7475
-55.9694
4.0035
-34.1517
-11.3907
23.2504
-34.9347
8.91162
22.7215
5.65486
-41.6138
-11.638
-1.36853
-54.5333
-36.1826
36.4229
26.266
-7.39163
-22.4491
-29.0824
5.96435
-11.1105
34.1982
17.8185
9.26763
22.0053
-38.9749
9.41158
-14.2232
-4.2626
-19.6474
49.0715
1.99887
-4.3678
-39.8581
-38.9784
11.6438
5.19281
-7.08204
7.7
-5.15045
34.6075
-0.794845
-47.6461
-8.12901
-25.1439
-22.7583
26.4541
-21.6657
-7.7509
-2.23117
-41.2675
33.0835
-36.5618
2.12712
-45.7298
42.3774
-45.4386
-51.6334
26.9445
-11.5048
-35.2641
-24.5032
4.03129
-7.18526
9.86248
58.1813
-19.7819
56.5927
31.3958
-21.1947
-26.3391
14.041
-30.1187
33.2315
17.8527
-11.5463
-3.07973
-8.5979
-22.0731
7.61392
11.7381
6.56813
14.9504
9.82072
-40.404
3.10847
-12.6219
37.7443
-22.4412
9.63178
14.2531
-6.21304
19.695
-41.8505
-2.36785
31.4451
-15.2808
-0.950775
-26.7066
-54.3138
-62.6163
37.8648
-9.43268
-46.8768
-9.05456
-8.44267
-45.5821
-22.6122
-33.9687
37.187
-19.4731
-6.55892
-4.42654
2.37238
-22.9976
35.3049
-1.50657
-37.9727
-16.3114
-28.5208
6.13136
37.3454
-30.6585
34.5684
7.1218
-12.0116
-30.4827
-29.0873
14.3434
-11.2414
-15.3024
10.023
24.1842
8.60069
-5.95871
24.131
-22.2997
11.9047
0.576038
15.8419
45.6746
-28.1723
-22.6846
35.1506
37.858
11.5028
-54.5804
53.2791
-8.68442
-42.8399
-26.7682
-10.7499
-6.46207
10.4494
-39.8177
-40.3343
15.9553
-12.3001
37.831
-9.78486
39.6711
-8.19473
-16.7112
14.9688
-36.9131
4.25849
14.0776
31.0135
-20.0967
-14.9546
6.08734
-5.84726
13.7803
16.0863
-36.9003
24.8093
-13.0825
2.01356
-21.7165
-7.63281
-19.7366
-25.4785
10.048
28.2556
24.3868
51.1629
31.4736
6.00489
-4.14651
-39.5299
72.1487
20.8934
51.2156
-31.3908
-4.92358
-3.01285
40.1064
-31.5314
1.10589
31.4287
11.507
16.0353
-2.51843
-42.4122
-35.9288
6.67917
20.8544
-31.0155
20.5203
16.1371
22.2288
21.3408
-17.1706
3.55828
-27.0688
0.450026
0.75621
-18.5863
-18.9666
-35.485
-41.6189
-6.63795
-47.9233
92.4312
-32.5087
-13.8267
-8.16888
23.4732
53.8679
-10.5491
-40.5317
-47.8309
1.01066
48.6886
40.4067
10.5073
-53.8929
-23.2858
8.50874
15.1991
29.8119
-92.8306
51.2106
7.1174
42.3817
35.9044
18.6532
17.1632
-3.25394
-3.06111
22.9771
-5.97866
13.6971
-24.5972
-23.066
-12.8952
-18.9099
30.5609
-20.953
-6.05775
36.2628
41.3456
0.875378
-18.3621
-12.461
-32.1752
-2.32567
31.0651
-41.5766
2.84728
5.66991
28.6065
-53.2378
-19.2471
-70.7188
40.9514
5.07949
-7.14136
-31.6625
-50.3657
-20.8075
-23.7403
-4.24159
28.0233
21.732
8.92173
24.2851
-1.90816
12.7406
-25.0975
36.8102
-17.4049
-14.1833
5.59505
-5.95182
15.8328
20.3123
-30.6809
-13.5425
-3.97421
37.9547
-14.0349
16.7383
6.74293
-39.1283
11.0402
-36.7541
15.6293
-14.9829
41.261
39.8083
-13.6309
7.03812
11.1164
27.5584
39.1394
5.34495
-54.6782
55.3482
-12.425
-36.8083
-34.4143
23.7456
27.0797
-46.195
-15.3362
0.695745
-10.7076
23.0011
-23.7547
8.20138
-8.86202
-23.012
-8.70556
16.4204
12.6604
-12.5161
32.787
33.533
11.7789
-8.1168
-31.601
30.9618
-36.5057
-2.25064
31.6737
17.9135
38.3867
-0.0505878
-33.8554
23.7199
-4.99841
4.19329
6.64402
20.3402
-37.3304
35.3894
23.1553
44.0967
6.82351
9.135
46.8147
8.21304
-38.6973
62.2206
56.0486
23.9059
0.928628
14.6749
-32.9118
2.68032
43.1221
-19.6818
7.23667
-15.7714
-9.31341
23.9522
-36.5234
12.3796
-3.59703
39.4588
-10.1747
-18.0455
-7.34558
-11.2295
-4.52772
23.4136
8.05965
5.98196
11.4554
-17.7982
-32.6735
31.2131
-13.9383
26.0058
18.0367
-30.7994
-56.8675
20.1171
-57.8889
-8.63807
13.2368
-0.535885
25.1955
35.7831
12.2317
-25.0814
53.1356
45.2517
-42.4601
43.5107
-1.87689
34.2571
-32.2654
40.1405
1.64221
9.11887
21.3443
-24.6502
25.6968
25.1423
6.52147
45.8992
-4.81103
-40.2088
5.28764
-6.66127
4.65053
-5.50241
-11.3558
39.5801
38.6827
4.18473
-4.32951
-46.9329
19.9102
4.26749
16.8821
-7.47919
39.9904
-23.1918
-10.9421
-16.8617
-31.5235
11.5271
-4.07705
31.6793
21.8853
6.88183
-26.0397
-35.679
36.0966
55.9508
0.726439
11.3037
39.5288
-7.04042
-22.3689
-9.26966
34.7325
-24.9672
11.25
33.2406
-5.47336
54.1976
-40.5302
-28.4988
-18.716
-7.83922
-36.4796
23.1964
27.5319
-37.0283
5.41403
1.17809
19.9267
-22.6472
38.3615
-4.25568
17.8966
-8.90033
-13.8347
3.06253
7.16906
31.827
-16.1864
6.89465
-25.7096
29.2657
44.699
8.8509
-5.583
-18.1773
-4.92482
6.05818
-39.3957
43.2832
-1.26838
-9.65733
10.5918
-1.97627
-27.9775
-73.892
-10.2522
28.2315
-44.72
43.6739
-20.8275
-3.9592
-0.00187408
31.6874
14.5977
7.19148
-13.1211
12.6877
8.65751
-19.5209
23.3393
-24.3415
-10.6469
-20.721
-67.4273
11.3685
-4.02211
11.0603
33.1053
1.38422
54.7366
64.3782
10.1255
41.1629
24.6304
14.0733
-29.5931
20.1324
-5.35666
16.743
26.7387
17.3534
28.6134
34.1047
-11.3856
4.92114
-25.9253
16.9619
7.66024
13.8737
18.6525
-3.90251
35.2189
-36.0905
-10.832
52.6543
-21.8505
-63.0842
4.51593
11.0296
-7.84202
-34.0555
3.43843
-10.3651
23.5793
10.7603
-25.8394
-33.9118
-26.1558
13.0839
16.3918
-62.2667
-3.71552
0.52021
-21.3256
-17.308
-28.3492
2.73094
2.43157
-13.5419
-28.4899
4.72383
-37.0639
39.8133
13.1938
-31.6664
-0.955871
-37.632
0.862538
-39.0891
-5.51291
-32.8298
-29.2732
-9.20668
-6.26643
40.0432
-27.2139
-45.736
9.76589
-5.60914
0.482617
-34.6591
-7.58864
-33.1062
44.2943
3.8916
11.7124
-13.9727
-11.8902
-55.3592
-0.182893
49.237
23.2568
14.9423
-22.5388
38.5091
51.6313
41.9043
31.1545
-22.4983
-6.2095
-0.651257
0.272786
-31.4799
9.97571
14.0053
4.43098
-26.8759
19.6545
-37.4088
-41.6877
25.3745
-9.38119
5.59713
62.8035
12.6301
3.96208
-67.8748
24.239
17.9354
-31.7711
-33.411
8.62496
-53.3983
80.2041
17.8824
29.9952
-28.7708
-10.6281
38.414
3.95647
-8.41762
4.14793
-38.3713
-3.31555
6.75423
11.6562
-25.2882
7.72989
-17.0475
-12.6381
-14.9852
-25.6455
-38.3905
55.0832
-16.4087
-12.0468
10.2799
6.00811
-34.0232
-10.7402
-25.2051
9.61136
15.5945
-18.9608
-66.8395
54.2305
-7.71535
27.5465
34.6613
-41.631
3.93683
-32.8036
35.233
4.2322
-2.62955
-3.41996
3.89463
5.40721
-22.0293
-16.5068
-21.399
-21.6191
-9.35048
-11.7739
-79.8179
65.4513
-28.3393
13.8514
31.2704
-2.44274
-7.90741
4.62139
16.0424
24.5697
0.252841
-64.0317
-9.46196
-37.575
-24.9716
15.2079
-20.407
-2.63737
18.9491
-26.3082
17.834
-35.1259
-17.0165
33.1351
-28.7182
-8.7719
-5.51519
-9.27169
-11.4006
27.3323
-1.11272
45.7116
33.2584
4.56888
-27.2908
13.0264
15.1975
-3.78583
-14.3203
-17.9017
14.5816
69.6781
-3.63045
-40.8428
-8.567
37.5359
39.8624
35.6819
-35.2431
38.7945
23.6181
-24.3046
-14.0615
-3.60277
-16.3177
-55.9779
-19.8697
53.3789
7.65106
-32.3509
12.2483
38.1213
-42.3131
16.137
43.0115
-24.071
-2.73569
4.61437
45.6101
36.7026
51.2903
47.9436
15.852
15.1872
33.727
-1.36075
26.5208
7.76819
-6.50351
33.4657
11.6002
37.5359
16.7763
0.735216
25.2149
-10.0675
5.75229
5.85996
0.364543
-25.4578
-7.79004
-5.42037
-6.29023
-12.9249
17.2662
-42.8224
9.37896
15.1894
-11.3102
-10.4612
39.2768
-23.5646
7.43516
9.10981
57.9185
4.74085
-33.8788
-15.5238
25.4086
-14.0754
-52.0971
-29.892
36.9815
-7.86586
-14.8517
-24.699
3.30694
36.0716
4.14659
-32.5616
-16.1411
29.6495
-11.2106
9.39078
-32.7145
-12.1651
1.84176
-11.9441
-0.695455
27.541
15.0436
14.935
30.1712
8.71446
-39.9401
-14.9721
-24.783
-7.65194
39.4032
43.3094
-6.29557
8.28828
8.59351
39.1125
-19.1941
-41.3361
-26.458
-32.2605
16.0623
22.9766
9.39598
30.8604
-8.01325
24.2746
36.6797
-22.6862
60.8696
13.234
19.5182
19.1721
-10.4867
12.4416
-8.66585
-39.1444
-1.66633
-19.5108
9.9929
-13.7463
-18.1734
-38.8968
37.7099
4.92791
-10.9116
58.6188
10.1648
11.7549
6.15078
53.2934
-13.8184
-26.894
8.72568
-18.1008
17.6383
14.8278
19.3023
-21.4795
38.3672
28.8633
-62.5678
-41.6041
-56.0479
25.4662
-12.4716
-23.8624
47.3826
26.8864
5.92916
-11.9296
6.58074
2.69323
-37.4927
-17.6274
-2.36767
15.8046
-55.4229
97.7792
8.98174
-32.2344
0.186357
6.59644
39.5306
-25.4542
-4.78814
5.33702
-12.221
16.4341
33.4285
52.2516
3.66123
6.37416
12.5777
5.82838
5.23333
-33.1931
2.01233
9.35396
13.0728
-9.34393
-0.990925
-40.185
-8.94703
31.2908
-20.1068
4.71685
-20.3442
26.2237
17.3077
27.2478
-34.3274
5.07416
-15.5249
9.8284
-25.4337
-10.2886
-10.894
-11.7307
2.07943
-7.3011
-16.3265
-17.7372
69.7752
44.027
-17.533
17.5769
9.98854
-22.8307
24.5061
26.5249
-22.823
-51.3792
-3.80071
23.1566
18.1294
0.966218
31.2901
21.5159
-41.6752
30.807
-28.2176
-21.399
-61.0138
14.808
-14.8183
1.18189
-37.7551
43.2068
12.1088
32.527
-7.57356
2.41752
24.3532
3.10061
-16.3356
2.70727
-2.71193
-22.4885
-23.504
-18.948
-28.0176
12.2647
10.3754
-26.2754
58.8033
2.48282
38.5112
-1.44518
-18.3573
-3.00746
25.1492
-3.81175
6.41466
-12.8243
-33.44
48.9295
40.0291
26.3673
22.695
37.0771
-50.235
8.58436
-1.03434
22.1767
24.0867
19.7086
19.9191
2.57709
-35.8269
-49.1339
-25.5972
-17.5476
-33.0521
17.9535
44.9162
-52.9843
27.0668
18.9358
11.2585
-29.1639
-13.3264
19.472
-4.19932
37.4539
35.2376
50.4187
56.3157
-30.4895
-0.425613
-34.2279
-10.0737
27.9179
33.5394
-26.0823
8.52815
46.0188
-60.8381
-32.7345
-6.47538
44.3163
-6.57398
26.3339
-3.06793
-40.6143
51.7878
41.2349
-23.6791
37.2833
2.33512
-17.821
-19.2513
21.5343
-31.7245
23.4071
44.3092
-20.6258
-36.5654
5.36336
6.2647
22.7214
8.82041
32.2777
-38.3112
-23.9632
-6.34903
3.20363
4.60415
74.146
-7.0577
13.9531
-18.9562
37.6534
-51.4487
0.873859
33.0615
55.5934
-19.1359
-5.5714
-26.7344
-2.72491
-31.1793
28.4034
-12.965
-3.85609
-3.01097
21.2343
-8.26695
11.9048
-22.5115
35.4937
-15.197
-19.0312
1.21699
-8.5462
-10.2447
-34.7501
4.28263
-27.9789
12.5543
16.039
46.0876
-6.41351
7.03063
17.5054
3.82431
11.5752
-11.5293
14.3346
16.818
-55.2109
18.3815
-6.21031
-58.7559
-7.01716
-12.3815
33.4774
-6.87264
6.13836
-23.3208
25.9291
21.6567
-25.1218
3.81033
-37.4001
37.5784
34.2431
-49.4165
-23.5351
46.2838
-2.38429
8.77452
7.62861
-16.5696
-56.9139
38.5913
28.4971
-1.07821
-30.2255
-44.5111
21.1625
36.6798
-3.31888
13.1605
-1.8051
-7.44172
28.1665
-3.92157
-58.797
8.64894
49.717
-7.71684
-2.46177
-16.2805
-21.4925
-1.92122
-19.1381
-58.0643
-12.5968
38.6575
-38.431
7.90846
-29.9643
9.01553
30.8335
10.1552
-11.3527
-10.5812
-25.7255
-1.63563
23.4073
30.0689
52.18
-12.1453
-45.5195
-22.5852
-37.0175
0.856113
-20.4298
46.4094
28.8335
-0.0759123
-6.33838
55.6003
47.5754
-12.0757
38.8423
-17.5174
19.5338
-19.0339
31.9686
43.7619
4.85131
6.02142
-18.2378
-20.5529
-21.3141
25.0592
-45.5488
7.56276
-6.63148
-1.45041
28.7441
8.86799
-10.2945
13.1996
-52.0309
23.8354
-31.5733
20.5683
-9.17953
-13.0536
-47.1782
-18.6433
42.1099
-10.2783
-9.17549
-6.59713
12.8525
-3.40679
3.50704
-33.9874
-0.792552
-7.49297
32.6101
-48.2476
22.0433
-28.7258
-57.1653
26.2751
32.5517
6.90524
9.83339
-11.4059
2.3374
19.7571
2.84321
-13.5997
-30.4804
-27.1946
-7.55333
-10.7151
32.899
58.3995
7.13635
-0.570766
45.9984
10.9232
17.6206
4.54514
-51.7787
7.43952
8.35086
-35.1087
-28.3629
16.9075
-2.55563
-5.33276
20.4238
82.8008
22.1134
46.2633
44.7026
-24.8015
38.8565
47.3719
16.4703
13.4824
-28.409
32.5044
58.6236
-35.3097
-4.80334
-0.876789
42.0976
-31.4451
0.0514674
-29.378
49.5961
-7.19888
4.3796
-38.0631
46.1178
-36.3279
-29.7201
-50.1723
-0.0555779
-23.9258
15.5423
37.7075
-3.13268
-0.515905
-42.4104
23.9122
-2.86476
37.9697
-9.059
19.731
-32.9493
-3.48254
-9.04948
-41.1039
12.3976
-5.56009
-13.4977
9.79171
-7.84018
6.50101
-25.4048
29.5053
-58.7019
-8.8845
7.5809
21.6391
44.3198
-31.5596
-32.8606
20.7939
-44.6893
-31.5503
19.6575
-77.2606
-34.1858
-43.0967
9.60604
33.5908
62.8395
-10.5616
-33.9707
19.5429
39.7552
-12.2278
-15.4995
-10.8103
15.1909
-2.60966
28.4218
-15.8674
9.73093
14.8297
-27.7296
-41.4451
42.0461
1.16569
-7.96971
-19.061
-36.7457
1.5378
4.2352
-2.95984
-7.95459
-5.13467
-8.11052
18.0071
14.1059
22.8127
-30.0246
33.1538
64.1529
24.569
-35.082
-33.2313
13.5037
-18.5662
48.4414
17.5524
52.3398
-21.3496
10.1968
-5.00539
30.7287
29.9411
6.8953
41.2943
-24.1967
-10.8117
-26.2163
-21.141
-6.21206
10.4932
5.33635
-56.6042
-11.6071
-5.99733
-38.8936
-64.7348
17.5656
38.0623
-4.26996
-0.674303
-60.6029
-15.4004
-15.5575
-4.02376
-42.6044
8.59358
-5.91882
11.9134
14.8699
9.58729
-6.81809
-1.57201
-10.1293
26.0626
-2.55932
-14.453
-1.03458
-29.3537
-4.39471
35.9296
-35.2593
-51.6539
7.99778
-25.854
-53.2892
27.4153
-1.96079
50.6561
-57.9908
23.3294
-1.29289
29.4326
17.9772
-12.5257
-4.64426
9.43411
-6.99387
-35.0941
-3.44927
26.4803
28.5568
-3.04029
24.5737
20.0273
54.9631
-28.9258
0.718462
10.3395
15.6221
-3.95862
-14.8062
-30.3751
-4.66529
11.7264
-28.8569
-30.2429
12.0332
59.332
-10.0619
-0.268688
-36.0937
72.0659
15.9124
4.10394
14.9785
24.8958
-24.7119
-7.27752
15.7408
20.8138
42.8764
12.5873
31.4034
-75.762
31.7159
16.831
-9.92731
21.6665
-36.544
17.9531
-11.1228
10.1695
-31.0048
11.5548
-5.94362
-9.07881
-49.6861
97.8253
23.6581
-9.17899
39.9537
66.578
30.2556
13.1119
-54.9722
-21.7263
12.5485
-14.1613
-6.59286
6.44045
2.4138
-2.04312
-9.68216
-10.244
47.9842
37.1778
-12.8806
18.9537
15.9065
47.6306
0.99071
10.9612
28.8702
5.38789
3.38296
12.5866
14.5986
28.6035
-7.56766
-40.9906
23.8756
-20.6455
47.3214
7.1808
12.151
44.6816
-39.3309
27.7444
22.7904
8.44742
23.6523
37.0403
9.85179
28.0014
9.56321
-1.64251
18.652
-20.0158
5.18852
-9.89951
4.14138
-11.9751
16.6934
11.6461
-15.4243
-6.76959
17.1486
24.3348
-17.179
16.5339
-44.8527
-47.319
31.7553
25.653
28.2355
3.81918
-43.0792
-46.2718
-28.4713
-21.7646
-8.36543
-33.1819
37.0791
38.6945
1.31603
-29.4618
-42.0167
18.4271
-25.0858
33.2771
-7.83781
6.81961
-26.1016
-1.72755
14.9049
24.5616
-12.9785
56.4381
-13.1213
-6.91671
-15.9538
-35.2635
-2.23382
48.2291
-12.4627
-39.2506
33.4142
-26.01
30.078
37.2595
-2.11134
-8.56277
30.7191
26.4433
-2.44047
21.788
16.4538
8.53631
2.7736
11.8801
23.0278
45.8416
-12.9391
-25.7932
35.8253
26.106
-46.2167
-22.3386
-2.25691
18.4947
-25.6106
89.6261
-65.7545
20.3639
-30.675
-4.80498
-10.8053
-13.0926
-26.7795
-40.0586
9.51206
1.80698
18.5546
8.69735
-5.52692
14.0802
6.21601
2.38507
0.77744
27.4568
-19.9364
18.4822
-24.4748
22.2304
8.00576
22.3209
19.45
58.1941
-29.9151
31.1501
23.4484
-1.50832
-34.3815
-23.0005
-9.62635
-7.65834
54.803
17.5171
6.37414
0.811206
-10.4026
32.134
51.8769
-9.41357
19.8457
19.3153
-15.0985
16.3552
-34.3797
-21.3331
0.61455
23.6381
-7.53426
-37.8488
-20.2045
3.35966
-6.0971
-43.461
7.42925
-26.4166
19.2497
10.4557
6.05036
23.5767
-56.1211
8.79315
70.177
27.4071
-0.422546
-42.1316
-24.4271
-35.6447
0.0688975
-16.5165
7.59671
19.9131
6.43506
-47.5293
1.29771
-13.0342
-24.2362
20.6977
-6.2552
6.79994
31.4002
29.7277
50.2223
-0.568354
9.52016
-12.412
-42.9906
11.5389
-17.3776
23.2047
33.043
27.6736
20.4937
33.9283
-12.8381
17.5421
8.22468
28.5088
-29.2576
-9.51393
-44.224
3.04731
-10.6272
-23.8713
41.6837
7.22299
-6.83518
18.7366
-25.7574
-38.0842
-35.5488
29.6697
36.2666
20.6638
65.2782
17.2134
1.80053
-33.8362
4.4978
14.8775
10.2977
16.76
-2.87895
6.68391
10.7457
10.9559
50.2453
56.0524
-8.13613
-12.4924
12.6125
44.1632
-45.3248
31.7302
-20.7489
-49.1655
-20.0014
-16.9697
10.2135
10.6587
15.7669
34.6291
8.71488
17.4341
24.1364
-2.66145
4.47743
-20.1198
13.2977
-7.65515
14.4311
33.0463
6.09787
28.2647
37.7081
21.1342
-5.15901
-5.51608
5.83217
-33.2907
48.7291
-0.748817
-2.00759
10.565
-39.1285
-24.1877
-12.7845
39.4857
37.9786
28.2528
17.2492
-7.12383
-3.98901
16.8394
-19.6416
-8.668
-31.6634
-9.25625
3.16824
-38.7833
4.08464
-15.2462
-14.7704
-13.2337
7.68789
-29.3028
56.5937
15.0654
29.4805
-27.6904
94.7112
-15.9602
-47.8902
13.6898
-35.2833
-7.78356
-12.1696
-41.9905
7.61125
-6.9888
-27.0056
-19.3571
15.9658
38.4421
-32.3099
-2.98804
6.44188
4.51388
-20.7174
-23.7095
-7.24298
36.1281
25.5085
-8.6076
-10.9318
6.40967
-9.50595
-14.2294
-34.1315
31.7328
18.5843
70.4538
29.4769
-53.6185
-22.8389
-8.6346
-5.44959
21.7497
-1.89278
36.9077
-39.1058
27.3808
13.612
47.2685
-35.5106
18.9439
76.9496
-9.93013
-26.4805
-31.1661
-32.7388
58.669
57.6665
6.44581
40.2024
-9.96575
9.45921
46.7504
-18.5841
-40.0633
33.0001
-18.5736
-4.85472
-18.7656
1.61387
-38.3753
-0.278103
34.1202
2.81748
-23.9311
37.3966
-27.6096
-45.841
-6.28792
-27.2039
36.2973
13.0084
-1.3039
15.4275
-11.6612
35.4726
-89.3852
3.06126
12.6394
23.2395
6.11344
33.6754
-35.7448
-21.4348
35.1031
-52.2983
27.7561
-11.3204
22.6467
35.4533
-50.4985
-1.02265
-31.1424
-31.606
5.33693
-25.3654
-37.8203
-13.8586
32.9144
14.1584
11.8577
-16.6915
21.8915
28.4644
6.31848
6.86656
23.6461
-41.5385
-27.1022
0.259271
52.7556
-21.1936
27.9014
3.40299
30.8079
19.8031
-18.4267
5.50871
39.7488
-1.68899
-47.3195
20.0262
25.0165
-3.39067
-39.3844
-24.5878
-30.4209
-52.8956
19.4443
-18.0812
-10.4522
-18.3392
18.9895
36.0414
1.71302
-37.6079
10.1155
-27.9409
-10.3297
-17.9918
-31.7359
-16.5634
-3.88266
-62.5322
-24.1961
-44.3163
-26.4155
37.9695
-5.58282
12.6716
-0.711722
-9.45069
8.89654
-20.9181
19.3772
10.832
42.6351
-40.2975
32.3878
-27.4171
9.14974
-34.7778
-7.71264
10.9176
-25.612
33.9105
-4.77961
-3.2076
31.7782
6.15262
-2.99878
-8.22312
57.8935
4.06742
-33.3011
-11.3027
-2.03468
-3.94178
-10.4007
26.7391
-5.31384
-20.4533
13.5636
7.65407
-17.8576
16.1853
-5.92164
19.9301
2.52162
-11.0186
2.86779
59.1786
14.573
-17.9576
21.1535
-29.7081
-15.4854
22.0135
89.0413
32.3421
10.8894
33.9237
-10.3328
-8.11123
-4.88783
0.0390744
6.16632
-9.08901
30.5879
-26.6374
30.7647
35.7727
-60.2856
-22.8843
23.2402
-29.1827
-59.0533
-4.26637
-18.8685
4.68103
-27.2656
-26.0444
29.8636
48.4675
11.8921
-23.9356
8.90685
-30.1537
-97.03
13.6004
7.8769
2.48491
-27.0006
-8.34164
-4.8959
1.10645
-38.5931
18.2039
1.48729
-43.1394
-27.8879
39.5472
-2.99055
49.4719
33.1703
5.68688
-15.3849
0.786471
26.1014
4.48203
5.15963
49.2146
3.78514
2.50608
9.26446
-8.28129
27.0435
-24.9331
44.3192
-3.18751
43.5419
-41.4644
28.299
-15.9313
-41.884
12.4666
-9.15759
16.502
-18.4264
6.19493
20.5365
-31.3214
5.10783
-11.8916
26.4238
-22.9433
33.5455
5.73828
-28.7516
27.4057
15.6638
-19.8763
24.0671
-15.8427
18.9306
22.0529
-4.88975
53.3562
-41.0919
43.5054
6.70578
-23.1679
-6.49958
-9.9888
-3.14249
-33.4267
0.659213
94.8176
53.9816
20.3929
5.48026
9.61306
-10.8735
-20.0953
54.5884
-16.7706
-50.3665
0.993794
7.16738
27.986
-43.1376
5.91635
-26.702
-46.5151
30.782
64.6926
11.4667
-23.5014
-51.6575
-17.9951
-16.1954
14.1194
0.339678
37.6269
-7.60823
0.183594
-39.7284
17.7037
50.0578
0.0422234
56.851
14.2811
-2.22138
28.494
-29.6872
37.8573
-3.34338
-54.6555
-5.48094
15.9064
-18.9945
23.8157
57.5329
33.6856
-23.0237
23.8049
3.63048
-39.8824
-10.067
-10.7742
12.3619
-21.3403
-6.18197
-12.8926
-19.8758
-11.7751
22.7092
14.9068
-29.9961
0.355056
-42.461
31.3152
10.3966
-1.55591
4.57703
1.03074
-2.82669
-41.2911
20.7216
11.774
42.2791
15.8769
0.289394
-11.3582
-45.7399
6.17038
-62.3295
-54.6149
-13.9711
1.57603
-30.1134
28.8899
30.4001
-55.7414
10.6806
-8.69823
-11.1095
-27.6099
23.0319
-9.02677
-2.22594
-26.1745
1.15223
-10.0619
-4.00482
24.5202
-38.9794
30.9375
17.5882
-10.3607
31.1384
25.2687
-2.70231
18.2929
-35.3127
-1.4145
-6.168
8.29164
25.3132
17.5021
-14.9132
0.620104
41.498
-0.235085
-6.81696
-13.5641
54.2722
20.1207
-22.7633
-13.3041
-72.3721
1.40508
36.8147
15.3749
2.89792
-39.7564
-13.3997
-15.8063
-3.88553
3.95055
24.723
11.2952
-4.82799
3.09614
