0
2.06503
4.7004
2.32026
3.91027
1.06763
-8.41567
5.1213
-4.164
-1.55518
-0.405694
2.61229
4.14217
-1.27537
2.27088
-11.2716
-3.63947
0.367336
0.744234
2.92836
7.67854
-4.30484
6.50744
-5.43689
-8.76555
4.98434
1.12359
-0.57099
-3.60634
6.94955
2.92544
-2.64025
2.5387
4.22992
-2.48309
-4.38743
0.0947209
-3.64315
-1.1802
-2.01197
2.0645
-1.47966
2.71712
6.38292
2.50224
4.11422
-2.63726
-6.03383
-13.2889
4.27344
5.2244
-0.492069
-7.44867
8.67702
-2.70757
5.64733
-0.698361
-0.131186
-3.84618
2.65064
-7.67993
-5.30436
0.812034
-5.3858
-0.0773099
4.52756
-0.54246
4.82828
9.317
-2.53174
4.48064
0.415983
-0.214169
-4.20949
1.87484
-8.92953
7.25915
-0.243543
-4.49117
-5.1368
12.7239
7.08965
3.51013
-1.62235
-1.43336
-5.9725
-4.19056
1.13422
-1.34309
2.30689
0.673553
2.88656
1.09622
3.91457
4.27281
-4.89384
-2.8182
2.35031
-2.71365
-6.27984
4.82348
1.74259
-0.48957
-4.07265
8.33533
7.30637
-6.3131
5.11824
-6.29993
-5.39804
-0.751519
-1.57089
2.20736
8.76335
-2.02329
2.69439
-5.45746
-4.1432
-2.35
1.84694
4.35896
-6.14819
9.70916
-0.0269094
-2.91435
-3.32637
-5.70282
-2.92017
