-0.00370321
0.00669324
0.0161765
0.025006
0.0328301
0.038793
0.0427652
0.0456054
0.0477463
0.048359
0.0468879
0.0440794
0.0411096
0.0382046
0.035031
0.0324008
0.0318629
0.0336398
0.0366584
0.0408308
0.0471582
0.0558393
0.0657558
0.0762153
0.0881593
0.101685
0.113548
0.119978
0.120745
0.118104
0.112735
0.102885
0.0873934
0.0680055
0.0474406
0.0263755
0.00463215
-0.0167562
-0.0364751
-0.0541898
-0.0698489
-0.0828313
-0.0925465
-0.0995865
-0.105038
-0.108323
-0.10801
-0.104475
-0.0998938
-0.0953066
-0.0898887
-0.083174
-0.0760005
-0.0694622
-0.0632778
-0.0566698
-0.0499566
-0.0434931
-0.036502
-0.0281729
-0.0192677
-0.0109957
-0.00366067
0.00290425
0.00843818
0.0122928
0.014382
0.0148947
0.0127806
0.00680739
-0.00222146
-0.0123666
-0.0229462
-0.0342325
-0.0455267
-0.0548986
-0.0611735
-0.0649175
-0.0664572
-0.0645565
-0.0586318
-0.0499255
-0.0390804
-0.0253776
-0.00907841
0.00757947
0.0228545
0.0378353
0.0536853
0.0683886
0.0794379
0.0884572
0.0987938
0.109811
0.118515
0.125873
0.13675
0.151741
0.163991
0.167626
