0
0.000919451
0.426223
0.0929551
0.248687
0.465418
0.45171
0.678579
1.02593
1.96497
2.40665
4.6745
9.73162
-54.4331
-11.1037
-6.36069
-3.79002
-2.55363
-1.19263
-0.110723
0.698906
1.2677
-0.156566
-2.65612
-7.41143
-13.9018
54.5632
-13.1472
3.86033
3.80407
1.788
1.10581
-1.39514
-2.84269
-2.77863
-0.084629
1.02447
0.273212
1.00996
-7.9928
-22.0372
-8.60145
-3.93946
-2.88834
-2.84191
-3.23663
-2.69659
-1.82921
-0.270205
-0.665725
-6.6039
-5.31976
4.47533
7.39728
2.07618
2.66339
2.78136
1.96854
1.91315
2.32821
1.33379
1.80467
1.80796
2.90269
3.63818
5.37631
-1.03266
-3.4166
-2.67517
-2.5033
-2.08289
-1.78768
-1.48336
-1.48473
-1.77623
-1.24702
-1.72579
-1.96665
-2.52716
-0.778977
-0.530153
-0.657499
-0.589979
-0.589813
-0.60074
-0.440575
-0.403093
-0.344118
-0.418123
-0.249589
0.246397
-0.0664539
-1.09518
-0.936802
-0.773969
-0.705183
-0.6112
-0.489595
-0.540636
-0.526845
-0.497832
-0.389372
-0.346792
-0.66722
-0.218144
-0.0747506
-0.286257
-0.335546
-0.403154
-0.311742
-0.31962
-0.286575
-0.312723
-0.294214
-0.258053
-0.411037
-0.281
-0.571544
-0.405029
-0.299561
-0.305421
-0.276546
-0.267999
-0.327781
-0.310963
-0.284627
-0.277632
-0.36463
-0.287407
-0.294219
-0.127854
-0.206017
-0.251313
-0.259178
-0.269565
-0.227846
-0.211801
-0.188372
-0.247322
-0.359524
-0.262127
-0.195305
-0.300518
-0.410453
-0.322988
-0.233895
-0.239703
-0.237081
-0.335854
-0.281228
-0.642248
-0.227648
-0.0213789
-0.237277
-0.21048
-0.182375
-0.152059
-0.201834
-0.229143
-0.208048
-0.216804
-0.294985
-0.254017
-0.228005
-0.213608
-0.201236
-0.307238
-0.245595
-0.346165
-0.266992
-0.101495
-0.183133
-0.216588
-0.218738
-0.17994
-0.134026
-0.0897618
-0.248801
-0.28324
-0.028693
-0.297345
-0.181928
-0.645207
-0.525038
-0.0795646
-0.186691
-0.212642
-0.365022
-0.412846
-0.305458
-0.141903
-0.0236225
-0.289445
-0.33556
-0.610513
-0.511645
0.296004
0.504085
0.22803
-0.0987194
0.0654981
-0.00842658
0.191444
-0.0652046
-0.113522
0.0479194
-0.0355022
0.294866
-0.0364063
-0.197115
0.544883
-0.155374
-0.0887269
-0.1787
-0.0777015
-0.19869
-0.117002
-0.0403096
-0.134345
-0.152224
-0.212441
-0.103407
-0.106532
-0.125743
-0.109321
-0.0900974
-0.0633645
-0.134918
-0.0690966
-0.143215
-0.106782
-0.025792
-0.218528
0.00206688
-0.179296
-0.105426
-0.0162599
0.00655639
-0.112117
-0.076905
0.014585
-0.00529952
-0.542012
0.0545095
-0.201606
-0.0147363
-0.128835
-0.111251
-0.0995157
-0.107667
-0.103596
-0.104905
-0.104126
-0.105285
-0.105309
-0.101278
-0.102287
-0.0996128
-0.102633
-0.0995341
-0.102708
-0.0939352
-0.107042
-0.0925576
-0.107025
-0.114104
-0.0567728
-0.0932293
-0.0948576
-0.0846364
-0.102572
-0.0945822
-0.0947783
-0.0847321
-0.0595336
-0.0976688
-0.0687769
-0.1402
-0.119316
-0.0976728
-0.0857822
-0.0887103
-0.100519
-0.0811705
-0.0889565
-0.0454531
-0.102984
-0.131636
-0.0932256
-0.179204
-0.0858777
-0.0421884
-0.0868966
-0.0783558
-0.0989201
-0.0692581
-0.0379008
-0.0843599
-0.083208
-0.0661977
-0.112163
-0.0893522
-0.0901265
-0.0690468
-0.0733753
-0.0698844
-0.0691634
-0.0881464
-0.0807339
-0.0799488
-0.0910273
-0.0833109
-0.0340309
-0.0523238
-0.0550902
-0.0897159
-0.105541
-0.133216
-0.139045
-0.183691
0.0872017
-0.00329781
0.0607854
0.0379376
0.0921803
-0.0954756
-0.147102
-0.161525
-0.846226
-0.0451404
-0.152593
-0.00816435
0.081343
-0.563375
-0.068859
-0.0667198
-0.191205
-1.95948
0.0222196
-0.0219817
-0.0727597
-0.0576413
-0.0816147
-0.0660241
-0.0844062
-0.218577
0.3379
0.0244738
-0.0695523
0.0342815
-2.00984
-0.177088
0.000565819
-0.0395217
-0.0638255
0.25427
0.0551338
0.0175718
0.185474
-0.3064
-0.140815
-0.131873
-0.107348
-0.244622
0.044694
0.0249729
0.0134742
0.0432031
-0.0229837
-0.015809
0.120487
-0.0456006
0.00081984
-0.00983869
-0.024592
-0.0346157
0.0272069
-0.0109904
-0.0195443
-0.0147457
-0.0265699
-0.0199767
-0.0286942
-0.0201469
-0.0223626
-0.0229036
-0.0174419
-0.0234894
-0.0211342
-0.0134664
-0.00599305
-0.0153688
-0.0278512
-0.028232
0.00792121
-0.0127148
0.0186782
-0.0818801
-0.0490782
-0.121615
-0.0315238
0.0134343
-0.0263559
0.0107967
-0.0701102
0.00992037
0.00715579
0.661551
-0.0419955
-0.0261395
-0.0183459
-0.0249906
0.101585
-0.0523989
-0.0217836
-0.220544
-0.0445677
-0.0196814
-0.0768088
-0.0412887
0.0280025
-0.00838952
0.0168573
-0.0833297
-0.0687659
-0.0489495
-0.0277026
-0.0274474
-0.0459762
-0.0682356
-0.0162488
-0.00277922
-0.0215485
-0.087961
-0.036464
-0.0927121
-0.0173761
-0.381812
-0.0141166
-0.0137056
-0.0249619
0.020581
-0.0205052
-0.0419018
-0.0232771
-0.00163787
0.0186965
-0.0217594
-0.0693351
-0.00546121
0.021988
-0.014913
-0.0252489
-0.00546845
-0.0265014
-0.0143826
-0.0117787
-0.0249548
0.207438
-0.0176114
-0.0182711
0.016345
0.000290578
-0.043627
-0.0259594
-0.00609216
-0.0111812
-0.00560012
-0.0259802
0.0236319
0.0117764
-0.0136656
-0.0061625
-0.0102866
-0.0021629
-0.0110585
-0.00767585
-0.0759382
-0.0111111
-0.00306153
-0.00543632
0.00208662
-0.00900702
0.00267192
-0.00312091
0.00307554
-0.0058941
0.0356237
-0.022583
-0.00491992
-0.00556054
0.0187882
-0.00125064
-0.00435319
-0.0299578
-0.00697413
-0.000960495
-0.0133461
-0.00326688
-0.000519441
-0.00279625
0.00285182
0.00022894
-1.16213e-05
0.00153761
-0.00171807
0.00290723
0.00217638
-0.000797847
0.000988181
0.00133065
0.0037846
0
0.00216503
0.00287237
0.00517563
0.000797847
0.00147677
0.00259597
0.00399199
-0.00153761
0.00296151
0.00556044
0.00522717
0.00279625
0.00607669
0.00763473
0.0245739
0.000960495
0.0109406
0.0294021
0.000786165
0.00125064
-0.0205548
0.010048
0.00476787
0.022583
-0.0350624
0.00439849
0.00813073
0.00312091
0.0203617
0.0102658
0.0100488
0.00543632
0.00650426
0.0119673
0.0955187
0.00767585
0.00958511
0.0101115
0.0139913
0.0061625
0.0243179
-0.011123
0.013287
0.0259802
0.0139651
0.0200956
0.0187863
0.0259594
0.0654719
0.0119799
-0.011896
0.0182711
0.0187116
-0.206944
0.032906
0.0117787
0.0160665
0.0256282
0.0214513
0.0252489
0.0052365
-0.0114847
0.00917978
0.0693351
0.0195917
-0.0238506
-0.00191106
0.0232771
0.0539411
0.0154236
-0.029505
0.0249619
0.0246402
0.0259071
0.413548
0.0173761
0.132184
0.0470783
0.0759879
0.0215485
0.00872372
0.0172339
0.0713798
0.0459762
0.0335407
0.0313181
0.0513452
0.0687659
0.0727691
-0.0157852
0.00374706
-0.0280025
0.0581319
0.0890827
0.0129977
0.0445677
0.179462
0.0393803
0.0651101
-0.101585
0.0146361
0.017392
0.0289829
0.0419955
-0.687494
0.00112279
0.00905807
0.0701102
-0.0225587
0.0139035
0.0150191
0.0315238
0.141271
0.050305
0.0866587
-0.0186782
0.0176921
-0.00311162
0.0300882
0.0278512
0.0150772
0.0113589
0.0216243
0.0211342
0.0283909
0.0203351
0.0302225
0.0223626
0.0259136
0.0322483
0.0245188
0.0265699
0.023958
0.0228851
0.0131177
-0.0272069
0.0430622
0.0252173
0.0224367
-0.00081984
0.0469116
-0.115519
0.0308193
0.0229837
-0.0320771
-0.00859557
-0.0161803
-0.0445356
0.266708
0.108984
0.135003
0.140815
0.308539
-0.196278
-0.0255302
-0.0547957
-0.267703
0.0939591
0.0629093
-0.000565819
0.197497
2.01875
-0.0589393
0.0702969
-0.0260488
-0.349609
0.267652
0.0844062
0.0792935
0.0924753
0.0732204
0.0746059
0.0472124
-0.00405371
2.0313
0.191205
0.0618225
0.0554344
0.505664
-0.0800736
0.0231364
0.169001
0.0736302
0.846226
0.152565
0.143859
0.0770192
-0.092774
-0.0342735
-0.0507984
0.00719947
-0.0872017
0.206832
0.134695
0.166032
0.10639
0.0892218
0.0659928
0.0355734
0.0340309
0.0889066
0.0891618
0.0880976
0.0817399
0.0915786
0.0780108
0.0726805
0.0733753
0.0770848
0.10803
0.100701
0.112464
0.0596085
0.101297
0.0985601
0.0379008
0.0697633
0.109787
0.0898036
0.0887282
0.0607288
0.0840554
0.166022
0.0932256
0.157784
0.103804
0.0488093
0.0893294
0.0924699
0.11655
0.0970174
0.0857822
0.102022
0.112309
0.128193
0.0706554
0.0984892
0.0621319
0.104561
0.0947783
0.0990799
0.107679
0.0944922
0.0963066
0.0953831
0.0679079
0.114912
0.107025
0.1031
0.107762
0.0977683
0.105232
0.102948
0.10735
0.106087
0.102287
0.104127
0.106709
0.106395
0.10493
0.107482
0.1129
0.123689
0.0995157
0.111325
0.13027
0.0254207
0.206002
-0.0508085
0.545159
0.00597887
-0.014585
0.0770805
0.119259
-0.007599
0.0180223
0.108226
0.183922
0.0192328
0.218528
0.0274818
0.118267
0.124542
0.0725594
0.134983
0.085632
0.107991
0.109321
0.136384
0.107726
0.121254
0.212125
0.157391
0.123777
0.0531603
0.117002
0.212998
0.0809889
0.204071
0.0849488
0.155221
-0.540577
0.199726
0.0364063
-0.303879
0.0322782
-0.0515192
0.116989
0.0734045
-0.16282
0.0333168
-0.0654981
0.0950003
-0.227829
-0.532227
-0.27685
0.550244
0.632207
0.353335
0.289445
0.0294537
0.14975
0.331303
0.415583
0.374306
0.226487
0.211271
0.0795646
0.530022
0.642638
0.179283
0.296342
0.0277927
0.293046
0.231634
0.0897618
0.137332
0.177266
0.228077
0.21968
0.190548
0.113695
0.286252
0.346165
0.251495
0.308691
0.202207
0.216866
0.227744
0.265355
0.304007
0.216804
0.208461
0.228557
0.205938
0.160759
0.185476
0.220268
0.23944
0.0213789
0.232807
0.639753
0.280754
0.351611
0.247138
0.262517
0.245265
0.322988
0.413396
0.305226
0.215912
0.256076
0.353519
0.258876
0.222924
0.211801
0.228637
0.278904
0.273693
0.259784
0.219273
0.138258
0.309331
0.287407
0.366486
0.281879
0.295129
0.311272
0.336546
0.283053
0.276772
0.305421
0.311422
0.406433
0.567301
0.286214
0.399519
0.261582
0.29166
0.312723
0.295651
0.315094
0.326595
0.410887
0.328349
0.293862
0.0920481
0.218144
0.675231
0.355389
0.399639
0.511189
0.54438
0.552502
0.496919
0.6112
0.708145
0.779222
0.940372
1.09713
0.0307085
-0.244056
0.245045
0.418123
0.358413
0.408069
0.450912
0.608173
0.60445
0.623442
0.703106
0.530153
0.806194
2.54718
1.93673
1.70914
1.22241
1.73373
1.4225
1.48336
1.76953
2.04672
2.42153
2.5803
3.14891
0.581764
-5.87112
-3.63818
-2.9266
-1.83208
-1.82651
-1.33541
-2.31406
-1.89695
-1.94829
-2.78136
-2.65599
-2.07774
-7.26891
-4.24876
5.61964
6.85231
0.867253
0.270205
1.88603
2.78927
3.41474
2.96067
3.13618
4.34943
9.12195
22.0372
7.58949
-1.29477
-0.533297
-1.14396
-0.0865604
2.59552
2.60026
1.39514
-1.15598
-1.88476
-4.02601
-4.10021
12.5043
-54.5746
14.6996
7.41143
2.72329
0.282673
-1.12764
-0.6157
0.273401
1.40957
2.8127
3.79002
6.50216
11.5225
53.5326
-10.27
-5.21583
-2.7386
-2.22323
-1.02593
-0.756582
-0.565404
-0.594662
-0.258249
-0.223636
-0.583058
-0.206669
