1.22628
3.0622
-0.783493
1.92652
-0.168257
-0.884282
-0.000394752
0.00255561
-0.0932003
-0.0909559
-0.0714979
-0.0989371
-0.0973954
-0.100815
-0.11376
-0.0988855
-0.09713
-0.118632
-0.105753
-0.0787561
-0.117081
-0.0932625
-0.0958867
-0.101771
-0.11554
-0.0914035
-0.0965339
-0.0776417
-0.0953243
-0.0764302
-0.0902924
-0.095857
-0.0941023
-0.0782768
-0.0987776
-0.0989482
-0.0921648
-0.0850811
-0.0866333
-0.0677975
-0.100602
-0.0930224
-0.090976
-0.0568933
-0.0903663
-0.0856721
-0.0831132
-0.0945432
-0.0913973
-0.096449
-0.0880976
-0.078527
-0.0913972
-0.112465
-0.0831129
-0.0880836
-0.0903661
-0.0748149
-0.0909755
-0.0750998
-0.100602
-0.0857188
-0.0866332
-0.0671588
-0.0921642
-0.0965361
-0.0987768
-0.0603537
-0.0940997
-0.113779
-0.0902912
-0.0585069
-0.0953225
-0.0955615
-0.0965318
-0.100305
-0.115538
-0.119691
-0.0958843
-0.0753387
-0.117078
-0.0966747
-0.105748
-0.100709
-0.0971277
-0.09647
-0.113757
-0.0828868
-0.0973879
-0.116848
-0.0714943
-0.0730295
-0.0931921
-0.0153597
-0.000382319
-0.886679
-0.168217
1.90861
-0.783486
3.08012
