1.85285
-1.81178
11.3681
-10.5462
16.9907
1.71425
1.17137
-13.076
12.8265
1.87591
6.6248
2.23158
-6.02871
24.6459
1.09675
-2.02169
8.72006
12.988
-7.77858
-0.793827
-8.62252
5.74436
11.2421
5.82787
-6.02818
-14.7296
-10.8664
-2.32501
-4.33886
0.645264
3.40981
11.6478
-3.10949
2.74948
-3.82755
-2.67638
-6.70752
-12.4582
3.35315
4.86309
6.65398
12.7351
5.42947
-8.02579
18.6173
8.73871
-6.95118
10.3317
-3.62371
15.736
-0.741276
-6.92594
4.34373
-5.40363
-1.29598
-4.79093
4.10526
-6.61805
-9.65039
5.15623
15.8306
-2.28313
4.67986
-8.89927
5.17494
-21.2292
0.468222
2.24091
5.68527
-16.7041
17.7822
-14.7873
5.13474
0.553616
-18.2251
3.2223
11.0196
16.8531
-8.46279
-13.4947
-3.13055
0.31993
-2.57053
17.7401
-3.70068
4.3684
-16.4062
-9.66543
14.1869
4.45874
2.94914
7.78761
-9.89468
10.6029
-1.54217
3.49729
22.003
-29.5324
-13.7071
-16.6506
-17.0877
-6.74293
8.26545
-9.14661
-0.807028
-14.5202
2.49727
-4.55942
0.932874
4.81446
7.66916
-7.23789
-6.46267
-12.5977
3.04493
-7.95737
-0.644445
2.89732
5.26816
-3.14883
-0.99222
9.61258
3.05768
12.3696
8.34665
-15.7645
17.1456
-8.39567
-0.704537
1.73416
4.30657
1.36654
5.34287
18.7807
13.8223
-17.9199
-2.3973
-6.29278
6.20159
5.58164
1.62021
-6.81425
-11.7988
-13.1501
-5.43115
-19.0008
9.0615
0.0690625
-1.46076
0.360348
6.89928
5.80903
-0.147653
14.2598
8.2404
-18.2142
-18.586
-1.47627
5.49081
-4.39195
-16.4522
6.4695
-24.9657
17.294
-12.3913
-3.87608
0.457302
5.65239
4.02959
3.10398
-3.75411
-21.6431
5.92353
26.4568
-0.784827
-11.4374
-0.187848
7.6837
-9.15844
-4.26229
5.19683
2.45539
7.80236
7.80497
4.61568
-4.63312
4.5026
1.52651
-1.27807
-3.61166
4.48662
12.9285
-2.13014
-1.17186
-7.13064
-6.84388
5.29094
-12.2771
8.55635
-1.75446
-9.01001
-6.25537
8.54781
10.2153
-3.37441
-11.634
6.86496
8.3141
-10.2555
-12.2624
-18.5545
-3.93112
-7.4039
11.2707
-1.88711
10.4868
4.06325
-5.79514
5.71021
-18.2896
-17.8245
-11.5144
6.32878
1.15048
10.433
12.5204
18.3987
8.06958
-6.15428
2.85682
5.34985
-11.7394
4.88635
-10.0226
-10.2682
2.89439
11.4263
-3.54381
12.5196
-1.11684
-12.432
0.538918
4.07702
-13.6244
-11.6397
-2.47439
-16.5981
-2.93871
-6.98957
2.48424
3.6973
6.45303
8.98313
8.01433
3.8194
-11.135
-8.26799
-26.1311
-12.919
0.168372
2.65136
8.06966
3.91914
5.03279
1.45375
5.26863
-7.76057
9.37419
-3.16084
-10.9972
-3.33744
-8.72508
-9.11411
8.46953
9.66766
-6.18147
8.88348
2.85093
1.473
-4.82394
0.0934468
-6.44654
8.48244
-0.320359
-12.0097
-7.04487
5.28773
15.4419
18.1426
11.6334
17.195
-0.891395
1.11427
-31.5797
13.2515
-7.54187
2.05485
7.48866
2.69942
11.2682
-9.42204
1.93412
-8.06248
-7.162
-17.4539
4.69525
16.6146
0.23128
-14.163
7.14688
4.55899
-7.72124
-12.7465
-7.63186
-1.74657
-8.41372
-3.06893
-14.6039
-19.6754
-6.367
-4.1667
16.6798
5.67505
-7.79304
7.12969
7.33189
4.16609
-5.51916
2.28797
7.34997
2.20688
-6.55932
0.383024
9.55072
-8.90489
14.0233
-6.74945
0.256638
-9.62449
5.04511
19.3831
-5.36369
-5.98859
7.49972
0.220716
-1.38263
0.529869
9.74477
-9.56717
16.1836
-9.94589
11.3475
-20.1759
-16.2972
9.79846
9.57807
-12.6728
-13.8266
-6.46428
-2.67473
-1.77508
5.26869
1.05571
10.0112
2.37308
9.93967
15.95
-15.1819
7.75553
-3.0145
-5.94533
-6.04087
-2.51064
1.57211
-1.65456
-3.42552
5.37172
-25.9272
11.1484
6.98901
2.07034
-3.27477
8.66168
-5.98804
-0.231072
-8.19651
7.62991
-16.4205
5.00445
4.5562
0.426594
8.24467
-0.0721818
0.993638
2.54871
-15.5193
5.10559
-9.9523
-4.00944
-8.68098
-1.80794
-10.7603
5.73865
-2.29454
-0.129104
12.1446
13.2834
-7.71163
6.91655
-8.81633
11.7815
0.842936
-6.37284
-7.44577
-6.10589
-33.4698
6.11697
-0.225061
-5.32312
3.09383
-7.25612
9.85945
12.7271
0.0702963
11.5669
0.862869
-13.4793
1.41787
-13.4565
17.7531
11.1229
10.3686
-9.63056
-9.84124
-2.83903
10.3219
11.7405
12.2423
-17.9507
2.29187
-4.00272
-20.4945
26.3718
-4.77677
-2.67369
-3.42191
20.2515
-9.7321
6.44409
-11.0095
-0.449469
9.23328
18.8284
30.9026
1.02409
-12.5373
7.5513
-10.8634
2.24885
-16.8943
1.39748
-3.44017
0.853673
16.52
-4.65517
-1.61215
-9.39862
2.07389
9.406
-7.85433
-6.23012
16.948
9.66119
1.72076
1.91749
-4.90076
-6.62615
-9.3318
5.29928
-10.2691
-3.17123
6.08147
17.1847
9.15808
-10.7736
4.8451
-5.99044
-30.4882
-10.6721
7.47945
1.9255
7.28058
-6.82695
10.7567
-21.1003
-3.45428
-3.48794
-6.78945
-0.781382
13.981
7.06619
-4.42174
0.569543
-0.342058
11.8577
-11.4587
-6.5794
-12.2288
5.10551
-7.23831
-3.95463
-8.24112
