0
2.11381
5.33036
2.37523
4.17425
1.70562
-9.05196
5.52486
-4.06288
-1.50756
-0.492545
2.68207
4.29966
-1.23422
2.37188
-12.412
-3.18244
0.343939
0.936417
3.03163
8.54787
-4.29992
6.9894
-5.72666
-9.37699
5.69741
1.43074
-0.772213
-3.84634
7.47837
3.16205
-3.0416
2.92449
4.7282
-2.5707
-5.00131
0.305069
-3.8419
-1.16585
-1.97721
2.14668
-1.58471
3.28041
6.71974
2.57455
4.26368
-2.75344
-6.40189
-14.1005
4.50492
5.45847
-0.858659
-7.8062
9.37817
-2.89859
6.14951
-0.978468
-0.145924
-4.0836
2.56433
-7.92305
-5.92852
0.874369
-5.53526
-0.0777656
4.67326
-0.748219
5.23579
9.70913
-2.4252
4.74786
0.535267
-0.0932605
-4.67079
1.75779
-9.66542
7.50956
-0.10555
-4.6963
-5.26683
13.5059
7.33984
3.90871
-1.41102
-1.49997
-6.33981
-4.57424
1.06591
-1.44028
2.37854
0.632823
3.24146
0.965635
4.37991
4.4349
-5.55511
-3.16625
2.87446
-2.85563
-6.69435
4.93739
1.86964
-0.891724
-4.78843
9.0094
7.85418
-6.88367
5.4361
-7.13135
-5.84757
-0.877677
-1.64221
2.00304
9.34926
-1.98759
2.7188
-5.84031
-4.14723
-2.48346
1.93704
4.42229
-6.82417
10.3782
-0.100869
-2.7936
-3.67154
-6.64916
-2.87292
