0.556205
1.06216
-3.55841
-2.85551
2.69502
0.666378
0.343285
-0.388214
-0.0198842
0.176029
0.55196
-0.0334304
-0.363535
0.0806593
0.521115
0.050491
0.159869
0.0636105
0.444507
0.0571494
-0.328519
0.0771035
0.484685
0.0247274
0.134773
0.0944398
0.539843
0.052238
-0.355976
0.0714271
0.544176
0.0579415
0.297666
0.0540789
0.470736
0.0657871
-0.300388
0.027706
0.484258
0.0544558
0.140531
0.0616475
0.437655
0.0960264
-0.28703
0.0598999
0.49177
0.0487902
0.175317
0.0711345
0.482005
0.0273822
-0.356893
0.0535001
0.475291
0.0765623
0.142203
0.0408526
0.463702
0.0479387
-0.321161
0.05281
0.486772
0.0569807
0.556205
0.0569807
0.486772
0.05281
-0.321161
0.0479387
0.463702
0.0408526
0.142203
0.0765623
0.475291
0.0535001
-0.356893
0.0273822
0.482005
0.0711345
0.175317
0.0487902
0.49177
0.0598999
-0.28703
0.0960264
0.437655
0.0616475
0.140531
0.0544558
0.484258
0.027706
-0.300388
0.0657871
0.470736
0.0540789
0.297666
0.0579415
0.544176
0.0714271
-0.355976
0.052238
0.539843
0.0944398
0.134773
0.0247274
0.484685
0.0771035
-0.328519
0.0571494
0.444507
0.0636105
0.159869
0.050491
0.521115
0.0806593
-0.363535
-0.0334304
0.55196
0.176029
-0.0198842
-0.388214
0.343285
0.666378
2.69502
-2.85551
-3.55841
1.06216
