-14.508
-11.4382
-1.27404
-13.3482
46.7257
-4.03694
-3.46767
-18.7753
27.0247
-2.28672
14.2067
8.49525
-3.31472
7.13819
-7.85845
2.95128
6.82943
-4.40557
10.39
-0.756781
5.72862
-1.43941
-9.66165
27.7028
-15.9387
-4.50833
12.6192
15.2071
-0.471719
-9.78306
13.0447
-24.4943
5.05275
8.60854
2.32692
-20.361
-4.01442
24.6541
0.321487
19.724
-11.7174
8.89231
2.68775
-7.09579
7.54665
12.5641
7.84315
-9.86264
-4.38843
-38.7441
-6.04937
-7.65836
2.07034
15.8872
9.91673
-2.37831
-4.20451
32.5842
-2.06391
24.266
14.1164
-9.26222
19.0839
-1.38949
-12.4697
-12.1679
-18.6618
19.9162
-0.536633
-8.58653
-3.74388
12.0047
-7.10335
-2.04097
-20.1184
-20.6884
9.58397
9.39438
11.4058
22.1117
-7.44489
16.6662
10.118
-21.7815
8.45654
-4.64613
-6.14713
4.42526
37.8657
1.78027
5.93336
-9.30169
-4.83663
8.41534
12.2254
9.62963
9.85048
12.5489
21.2023
9.492
22.3655
-6.98144
-8.00826
-6.45593
17.4411
-26.9441
-15.8
7.70378
5.01818
-3.89123
7.51207
13.3151
22.2934
15.9496
-3.44067
10.3307
-9.25386
39.1788
2.58304
23.078
16.5344
21.9173
-4.04913
-2.1299
1.83008
-7.64227
-11.2806
11.7744
-6.18845
-16.8242
-12.3906
19.1274
2.88089
-14.3162
-2.75288
-8.7916
7.20789
9.49258
-11.8275
20.8963
10.9542
-13.9785
-27.2939
-17.7635
-0.574696
0.558832
15.3974
-6.08617
-14.7524
5.29666
3.37144
8.54635
14.3188
-0.653787
33.7006
17.1314
-11.5393
-0.412125
-9.8131
-12.8015
8.43024
14.9999
8.43618
19.9275
12.9235
0.0247146
19.8288
-23.8927
-2.55745
-9.48441
9.34842
-20.7685
1.96689
-13.6179
4.09428
-3.31795
22.0477
-0.841551
10.2345
20.3157
19.3182
2.14187
9.06888
-19.1511
-10.8602
-4.65793
9.58758
0.568264
1.90494
-3.56587
19.811
1.25406
43.4795
9.67676
-33.2057
-13.9295
-5.5752
-13.0409
-22.7694
-4.49689
-15.2565
0.963567
-0.375233
15.2884
2.00559
-11.175
-14.0584
-2.63469
-9.99073
-7.33168
-7.37771
9.75797
11.2688
0.572871
3.27864
-8.46185
18.2288
-18.821
0.0308791
-22.3814
10.3355
-24.5252
2.5498
-5.16556
-14.096
-9.48982
-8.53432
-25.6878
-11.6155
-7.12601
-15.3592
-4.24712
16.961
-28.3523
-0.544984
25.6926
4.97038
15.0403
6.42238
-3.85498
6.94234
6.07371
5.57143
16.188
6.22829
9.85443
16.7131
-5.68763
-6.04314
-11.244
-1.81039
-1.31866
25.4822
4.70118
-21.9721
1.50337
11.2028
-12.8973
6.20755
14.6792
1.97896
-18.8496
-4.99105
3.47383
0.135008
0.524505
28.0378
11.0501
9.99053
-12.958
-11.0323
25.69
-18.5881
3.11734
-16.9257
-13.8524
-0.904341
4.9667
21.0224
15.5392
-7.697
-17.243
-12.543
20.2647
-10.4394
-15.161
-13.6032
13.9217
-11.2774
-27.8839
-16.7088
9.65212
1.12562
17.1016
-2.18268
-22.879
2.03149
12.0114
6.4893
-18.8102
4.22953
12.1523
-4.2898
-3.46522
-24.5451
-2.36942
16.2245
-6.47512
18.1799
-2.51952
-17.8654
-14.1622
-24.3183
4.77713
-1.56513
-0.361838
11.6417
-8.71835
-12.6191
-3.93274
-8.73391
13.6666
8.23305
10.1752
-27.2197
-0.610304
15.1343
-7.92174
-6.2558
-1.94188
3.20467
11.0242
6.54443
2.43213
-4.96624
14.8588
16.8155
19.933
12.3379
-7.80946
4.7142
16.3861
-27.8598
2.70659
0.446274
-15.9339
42.1656
-2.25037
1.88372
10.055
-5.10723
-15.389
-10.581
7.28669
5.81978
-9.04691
2.22743
20.9787
1.22804
-31.281
14.1021
-6.5963
8.15721
-5.14518
21.5479
27.4295
24.8727
15.3869
0.891875
-4.11963
-3.04775
-0.365663
-3.30092
10.6032
-2.9725
9.06223
-0.20741
-12.1363
-4.49706
3.23657
-2.33146
13.1741
21.1253
-16.1807
-18.1256
-18.5517
-6.64813
-25.0983
-1.98048
-14.1737
-5.24907
-16.7498
-8.23506
-0.430849
-13.5591
-9.4047
-5.54764
-5.46844
2.59333
-30.5964
-27.9535
-11.4863
-10.3579
-1.26777
14.4856
17.7843
0.878076
-3.18766
5.01708
25.3183
-13.7522
15.4119
15.0702
-2.301
16.7073
1.37527
-29.5371
3.8885
-8.79159
-17.8376
-27.0844
-1.96591
-12.896
-17.9383
-6.86007
5.7982
19.2131
10.4399
-15.266
-9.11149
1.48392
4.11181
1.27186
10.9683
-16.4714
7.93758
6.97333
-22.243
-8.91461
20.4443
-16.6435
3.18893
-16.3496
20.7212
4.29379
11.5076
-1.90944
16.5416
-1.71654
6.65945
4.80535
-10.8452
16.5675
-11.0576
0.139603
-4.92239
-23.5325
-3.98143
0.681493
19.4482
-6.05968
-7.46402
-6.0628
-6.23147
4.6595
-13.6072
-20.5417
-3.28596
-15.6806
-18.3427
11.9456
-10.55
4.44038
-12.0319
-2.37849
12.5522
30.7407
14.0635
-20.0578
-2.34656
-19.791
-13.515
9.25496
-0.368422
6.14648
-1.06082
-8.86589
3.12208
-6.16087
-2.57754
-12.5088
-8.40939
-14.1588
5.11262
9.77082
-3.65974
-14.112
-3.17223
10.5057
-6.66303
2.17244
-17.5441
-6.9324
-13.7759
13.4035
-12.4372
12.9793
-15.2556
9.3074
-34.1104
-5.87719
35.9005
-19.0503
-19.8083
-14.1814
4.73214
-17.7842
-8.39284
2.09287
1.79294
-0.941856
1.04142
23.3763
5.94692
6.69638
-9.72679
-5.9361
-8.51193
7.93763
-18.5117
-7.60674
-17.4203
-8.80108
-1.9039
25.3783
-0.340718
-10.6236
-1.26293
-15.1755
13.0515
-6.38354
1.84033
-18.9364
-8.19104
-12.5272
1.6966
25.381
-2.74185
0.848559
-7.86372
0.879145
9.67245
18.7503
-3.40329
1.40342
-1.37443
4.51556
1.82162
7.05876
20.0128
-0.736393
-7.68931
-11.8883
24.6992
5.36755
9.79441
0.353652
24.3344
-5.56528
19.7055
-2.92024
10.4421
1.64493
3.9602
13.9547
2.90727
16.8975
-11.9376
14.0794
-1.90137
13.1283
-19.4254
8.17763
-18.4348
3.4286
0.0917662
-36.924
-7.18061
13.7888
13.8313
-5.88907
-2.77935
6.51553
10.1238
18.2894
10.1011
10.9986
-3.35834
9.83401
-5.58708
-5.91885
-0.892049
7.0994
-15.0754
8.44787
3.77108
-13.7324
16.8837
-6.16824
-14.4494
3.86212
-6.58669
9.17239
-2.53392
-3.41034
5.73407
-18.8953
12.7984
11.5011
-1.08963
7.64945
-1.25657
2.15654
5.31524
15.046
13.7529
-13.2658
19.2884
6.04293
-14.4127
-7.13308
14.1565
14.8179
-3.06991
-13.8315
-9.30157
-19.7636
-5.18634
-1.10887
3.67409
12.0358
-0.648527
8.97084
5.74624
8.07832
-4.51015
-4.73295
-13.9247
3.63369
2.17786
12.1291
8.32517
15.0845
-0.91002
-2.63272
6.35581
6.30038
-12.1112
-6.50422
-13.2214
3.81472
-0.947704
-9.00384
-17.0576
8.1082
-8.73536
-2.24427
-15.4949
-10.7446
3.69366
14.417
13.7571
1.07361
-20.3118
-1.9962
10.0269
-6.81434
16.2812
-10.1052
-11.2062
15.9783
-10.7733
-4.28508
-5.92305
-6.28272
0.0531908
-9.81578
0.545308
-18.0921
8.40695
2.57728
-21.0781
-7.55296
-34.7533
20.1471
-3.31447
-12.5362
16.6017
15.6393
-16.8761
-14.1331
-0.470638
13.0671
-6.34482
-28.9042
2.04326
-10.119
-23.0351
10.9932
-9.94916
12.5191
-7.16176
-2.41085
-2.22335
-6.97778
19.3006
-17.004
29.8125
-22.8625
4.40514
11.3986
-2.59819
12.1649
-9.50137
15.9446
-13.9461
8.27965
-15.6301
14.4438
8.73864
7.58602
7.21058
21.0625
-15.3524
-4.29144
-2.57968
8.14258
-12.4255
10.6815
19.5761
-21.546
-2.11732
11.9758
26.2287
-1.8565
-7.29099
-9.09522
15.5085
2.86182
3.84908
-1.04733
4.16509
12.2909
-14.8678
-19.3184
9.62958
19.0885
14.9545
4.63123
9.37595
5.30533
-2.03611
14.3781
5.01699
10.5425
0.652841
-3.64469
-9.03262
-10.6359
8.47175
2.60744
5.24814
4.61291
-21.9324
-22.9301
15.4367
17.6029
13.8431
-5.65342
-7.6391
-8.17755
-8.99429
15.4255
-18.8859
3.5218
-7.29555
-11.1792
4.15112
-8.00038
-7.71206
2.55349
-31.3518
-5.3589
-0.488176
-3.32284
-1.08008
16.0043
-25.4594
-8.62183
-14.8936
15.1502
-19.2154
-0.169322
-1.34575
20.4801
14.6149
3.11262
-19.3138
-14.0531
-32.566
16.1918
-3.6034
6.24481
-10.4591
-10.7064
4.92626
15.9953
7.4267
-6.10871
7.11088
11.0731
-22.1758
-0.0206669
-21.3074
-3.29841
-10.2644
11.7786
-9.02481
-3.17593
10.8752
-33.3603
-7.77798
0.367221
-7.07088
-9.67713
3.48687
-10.2012
5.32175
3.23517
-17.2985
8.05206
3.13431
14.3292
-14.5309
2.26076
0.417273
2.04808
3.22871
12.8959
-23.6438
8.903
-8.47256
-19.8152
15.1703
-2.89134
9.71329
-12.0484
7.68201
16.9437
-12.3077
-5.18829
-4.73462
2.11025
5.19613
-19.2957
-6.8445
-18.8366
-3.14908
-5.54536
-2.79068
2.65709
11.8171
4.11126
-3.68045
14.7287
0.277315
-22.2334
-8.02925
-8.65793
23.0054
-7.19612
6.86951
-22.1835
-2.80053
25.5526
-20.2839
-6.44891
9.59776
-6.37583
4.86944
-1.38626
-24.216
19.119
-16.3794
-4.82379
32.5848
3.42279
0.327763
-11.6268
11.3414
-5.69579
-8.6608
4.30726
5.97958
12.1982
-13.5947
39.9991
0.582174
10.2112
18.5614
-20.5971
-19.5573
7.64808
2.20821
-16.7124
-0.0299779
1.74771
13.329
1.18735
0.20493
-6.86416
-5.44424
5.25009
-4.45032
-19.2547
18.7321
11.3221
9.4844
-22.5396
19.7091
-11.3079
-8.56205
-5.99995
18.602
5.09078
11.56
-9.20529
-5.13782
-12.158
11.8157
-7.08516
16.944
6.46172
16.5054
10.0418
-1.25209
-4.57413
-7.55164
3.70167
5.14743
-6.75006
4.90235
-17.5074
-0.895336
-12.2883
-6.22661
-5.16069
23.2136
2.73328
-10.0872
7.28745
-5.09248
8.18028
-8.09843
5.37515
6.34163
1.59302
-2.4537
-6.50233
-21.581
1.19037
-21.5236
-2.63323
6.21221
-31.9318
3.9713
-19.7705
10.0195
-0.258281
21.7214
0.649543
8.06325
1.00263
0.797578
-16.3062
-18.418
13.6767
8.05243
-15.4251
32.7883
-5.85975
-1.88575
12.5414
-8.74845
-17.8406
9.26964
-14.351
21.9458
19.8099
-8.77928
3.62165
6.34675
12.0013
-1.81943
6.72859
-9.619
-2.33683
13.1691
16.8081
-8.11099
-15.1012
4.67293
-0.0672638
-10.0012
-11.8052
-10.3955
9.56355
-17.4929
2.77863
-5.21041
-29.0367
4.31419
-18.0232
3.00936
