-0.873616
-0.257745
-0.261158
0.369175
-1.44961
0.22347
-0.976618
-0.532438
-1.41169
-2.58235
-2.69348
-3.05425
-4.39782
-20.8954
12.8599
3.40272
1.18828
0.755291
-0.127268
0.919817
0.822702
2.6081
3.67616
5.22663
3.68953
-6.83967
1.4028
-14.3422
-2.4435
-2.08247
1.19753
2.28233
1.26346
0.0155307
-1.77125
-2.15284
-2.79072
-1.25737
-2.97277
-21.0033
0.733255
8.37422
5.35533
4.12371
3.12811
2.55042
1.09553
0.665801
0.971434
3.66649
3.91018
-1.09957
13.6518
-0.21311
-1.84173
-0.0699295
-0.877852
0.309864
0.659713
0.568173
0.427219
1.07844
-0.746166
-1.03194
0.464982
-5.48226
-7.32104
-3.36805
-1.95023
-0.674485
-0.512084
0.183163
-0.309159
-0.132823
-0.501274
-0.086175
0.218852
-0.964275
0.901085
1.55935
0.592534
1.03586
0.299692
0.754752
0.0788411
0.447307
0.106056
0.110044
0.254565
0.0517645
0.330543
-0.413328
-0.386415
0.37505
0.00455031
0.539884
-0.0470259
0.48475
0.121161
0.290446
-0.0140402
0.550467
0.350641
0.598127
0.580744
0.579807
-0.0625284
0.376016
-0.364091
0.397964
0.225257
0.61038
-0.0450248
0.529714
0.209927
0.501542
-0.0177832
0.426569
0.208834
0.629758
0.273418
0.578452
0.0430267
0.452509
0.254485
0.592325
0.0908882
0.510479
-0.170807
0.525506
0.10483
0.259363
-0.0424539
-0.0396003
0.0415816
0.661187
0.00955446
0.1301
0.140441
0.324231
0.340184
0.461277
-0.185598
0.793152
0.144937
0.473125
-0.00509953
0.299627
0.0659592
0.442522
0.288596
0.412726
0.209951
0.438707
-0.0359868
0.509891
-0.0432878
0.450389
0.117412
0.493755
-0.0748835
0.145919
0.0211701
0.26283
0.0769388
0.289832
0.135824
-0.00685002
0.200243
0.210655
0.193529
0.061415
0.0961135
0.100961
0.104054
0.0714031
-0.00498082
0.214534
-0.0642436
0.127076
0.154568
-0.26343
-0.140423
0.590506
0.510216
-0.372757
0.0207349
0.24361
0.398592
0.248765
0.469466
0.42422
-0.279768
0.104598
0.155469
0.647196
0.626046
1.24734
0.14082
0.0873272
0.0294124
0.109697
-0.376797
0.0353032
0.0348532
0.19356
0.0983122
0.344274
-0.24352
-0.0511017
0.102083
0.208934
0.220418
-0.275442
0.0806531
0.0965929
0.0659027
-0.186932
0.668523
0.0788807
0.142033
0.0563691
0.159712
-0.0229938
-0.118899
-0.0575484
0.0150979
0.191229
0.0784551
0.523419
0.0613622
0.0570418
0.337709
-0.32402
0.105017
0.270615
0.0534988
-0.0350026
0.028317
0.371348
-0.17423
0.277742
0.407997
-0.0635668
-0.243475
-0.0419214
0.175994
0.0609983
0.103675
0.166132
0.206057
0.00700173
0.0948342
-0.0168261
0.0647047
0.102217
-0.392928
0.03099
0.273663
-0.0624591
0.144093
-0.0085722
0.270155
-0.11771
0.159302
-0.0836116
0.383239
0.106717
0.0968254
0.217544
-0.00258721
-0.0196704
0.0652098
0.047254
0.600221
0.214758
0.0595719
-0.0318502
0.430082
0.0671751
0.0967589
0.0880769
0.216431
0.189815
0.466087
-0.102099
0.149016
-0.82737
-0.0268222
-0.165462
0.295813
0.197814
0.147543
-0.0272483
0.11507
0.118124
0.292726
0.202959
0.216858
0.152979
0.622867
0.0806314
-0.472364
0.0882217
0.0444258
0.18342
0.248194
0.0486633
0.150667
-0.0780698
0.358559
-0.0054792
0.113214
0.486142
0.0900311
0.164315
0.0397349
0.193076
0.0462904
-0.179564
-0.166543
-0.0170173
0.480305
0.0993807
0.792555
0.289508
0.467638
0.440834
0.172021
-0.00874499
0.338096
0.117527
0.0909411
-0.228668
0.594365
0.214529
0.0739174
-0.335315
0.190059
0.00624996
0.267488
-0.243465
-0.301515
-0.310362
-0.0459018
-0.081156
0.782523
0.175478
0.222599
0.403622
-0.0087496
0.047279
-0.00419829
-0.0385523
0.313261
0.741
0.392503
0.16354
0.41981
0.00326741
0.0287105
0.138615
0.24008
0.0546577
-0.116719
0.0381166
0.27619
0.283066
0.0963641
0.11482
0.437852
0.066344
0.114752
-0.0598984
0.179881
0.151163
0.227042
-0.0477344
0.532535
0.144698
-0.0362612
0.0876506
0.297657
0.196277
-0.13705
0.097454
0.232221
0.229546
-0.310873
0.0686478
0.130778
0.119684
0.0258684
0.111145
0.197151
0.0548564
-0.206834
-0.248896
0.30553
0.0274539
-0.0141872
-0.0392863
0.368613
0.169353
-0.0659134
-0.168875
0.177665
0.890834
0.265723
0.377983
0.65258
0.338075
-0.0550525
-0.115609
-0.121571
1.00098
-0.13213
0.0652381
-0.116625
0.222121
-0.840424
0.0621967
0.40816
0.0356592
0.163516
0.15943
0.299271
0.0283365
-0.232736
-0.442377
0.126295
0.0856134
0.0889353
0.355681
0.1402
-0.483288
-0.300933
-0.590997
0.27375
-0.145355
0.0244809
0.262539
0.411896
-0.146277
-0.315346
0.20028
0.551185
0.116472
-0.185088
0.392574
0.371257
0.181588
-0.170109
0.323852
0.220815
0.117648
0.221151
0.00529692
0.457726
0.0146461
-0.353875
0.131393
0.274269
-0.273824
0.037681
0.00227088
0.144617
0.223003
-0.334997
-0.516541
0.531607
0.130908
0.188979
0.196145
0.238448
0.0424801
-0.363632
-0.414153
0.173206
0.120946
-0.0667684
-0.091793
0.131615
-0.188135
-0.0966007
0.0943176
-0.0127404
0.757713
0.136416
0.109624
0.235748
0.585383
-0.158662
0.347333
-0.089353
-0.0931058
0.03377
-0.235847
0.208042
-0.0500305
-0.233512
0.0833249
0.310782
0.252158
0.133207
-0.0903135
0.286863
0.0674573
-0.205034
0.0630805
0.262292
0.0356462
-0.873616
0.0760961
0.249726
0.0820168
-0.226285
0.102172
0.101835
0.0978746
0.133207
0.00798905
0.146806
-0.0413335
0.0323756
0.0433155
0.120174
0.34197
0.03377
0.173517
0.356262
0.0486287
0.204572
-0.0930295
0.22926
0.110469
0.136416
0.127501
0.0339864
-0.0309281
0.031062
-0.135747
0.184148
0.105081
-0.0667684
-0.0221032
0.323058
0.158993
-0.0574618
0.0943496
0.101569
0.260598
0.188979
0.234152
0.440965
-0.402475
-0.087992
0.257484
0.269862
0.174684
0.037681
-0.268432
0.388945
0.0303267
-0.12848
0.0954633
-0.26753
-0.0434794
0.221151
0.00268465
0.30826
0.150192
-0.0715176
-0.200624
-0.0268015
0.0889473
-0.185088
0.0458046
0.440741
0.198502
0.0224254
-0.137877
0.470662
0.00692475
0.0244809
-0.0699608
0.245191
-0.186666
0.0228605
-0.40474
0.101281
0.738408
0.0889353
0.0755381
0.332238
0.634067
0.224885
0.128514
0.0731451
0.284889
0.163516
0.128659
0.133534
0.022203
-0.667026
0.214076
0.157895
0.00294146
-0.13213
1.16536
-0.0139594
-0.0456255
0.115056
0.0706498
0.174934
0.00360622
0.265723
0.706837
0.203677
-0.112016
0.300686
-0.0401814
0.410283
0.00739425
-0.0141872
-0.0349568
0.189533
0.13847
0.287888
0.0852061
0.213993
0.162529
0.0258684
0.176185
0.122782
0.0304327
-0.202758
0.160773
0.0383023
0.0655137
-0.13705
0.0925856
0.461146
-0.0989854
0.229961
0.0335076
0.210436
-0.583611
0.227042
0.185485
0.507617
0.120799
-0.238023
0.065145
-0.278081
0.00115826
0.0963641
-0.397179
0.116433
-0.0887208
-0.0930939
0.0467453
6.80983e-05
0.151695
0.0287658
-0.109147
0.421247
0.206717
0.0451039
0.266638
-0.396949
0.112479
-0.00419829
-0.0423886
0.473564
0.268876
-0.173313
0.37123
0.420571
0.00624121
-0.127552
-0.197556
0.136914
0.257349
0.00486055
-0.0928175
-0.166626
-0.274803
0.0739174
0.140619
0.677149
-0.424747
-0.132295
0.255409
-0.0195617
-0.0957889
0.247803
0.261693
0.167974
0.431185
0.566808
0.0405457
-0.329853
0.129711
-0.166543
-0.210402
0.0950779
0.351027
0.163947
0.0842142
-0.355174
0.0749838
-0.138359
0.0487001
0.255217
0.0113508
-0.00221747
0.112772
-0.025357
-0.0204982
0.0444258
0.123866
-0.364636
-0.014645
0.331963
-0.0307081
0.22549
0.192493
0.205997
0.101215
0.0055279
0.0163165
-0.315211
0.0277567
0.103745
-0.381509
-0.0268222
-0.690759
0.202916
0.018401
0.324676
-0.0910659
0.123992
-0.103734
-0.158431
0.129618
0.623912
-0.119493
-0.14564
-0.0149648
-0.12722
0.195072
0.0652098
-0.0064995
0.214937
-0.0183442
-0.241895
0.0065389
-0.19666
0.29183
0.0717181
-0.0790778
0.276234
0.1346
0.207955
0.197887
-0.131641
0.137611
-0.392928
0.0574643
0.104335
0.159053
-0.234865
0.274828
0.421199
0.581302
-0.182009
-0.111543
0.0532504
0.455081
0.0939163
-0.135036
0.244036
0.138273
-0.17423
0.31903
-0.152638
0.0594316
0.0402917
0.203317
-0.189549
0.0955253
0.27587
-0.0503551
0.285302
1.20184
0.229407
0.133587
-0.833236
0.0422077
-0.118899
-0.251984
0.250215
0.379726
-0.0740388
0.282863
0.307905
0.00296395
-0.121198
-0.0443606
0.0571361
0.159751
0.248403
0.128013
-0.669644
-0.100431
-0.24352
0.268111
0.103521
0.0895463
0.155509
0.237225
-0.776319
-0.0101512
0.0147576
0.056799
0.272928
1.32552
0.623467
0.52679
0.363531
-0.162445
-0.279768
0.536561
0.355099
0.137907
0.114929
0.0445718
0.0127035
0.486323
0.345834
0.737895
0.0180791
-0.258494
-0.0536783
-0.155786
0.176017
0.0447957
-0.00498082
0.0450154
0.11414
-0.0915292
-0.159007
0.0594376
0.205843
0.214199
0.0614347
-0.106759
0.423962
-0.00877573
0.0815643
-0.340169
0.109468
0.536547
-0.0748835
-0.408479
0.0787265
0.0116683
-0.170966
-0.0287814
0.0977545
-0.106908
0.00597526
0.0527456
0.399037
-0.0138204
-0.215981
-0.139039
0.141867
-0.368766
0.144937
0.207639
-0.03396
0.205098
0.101154
0.0241213
0.409125
0.0351614
0.0609956
0.0451974
0.118191
0.195113
0.0349534
0.0635417
-0.0182756
0.0786623
-0.170807
0.113656
0.220275
0.12972
-0.0836208
0.0531553
-0.316968
-0.173608
0.0808788
0.331989
0.185351
-8.65161e-05
-0.252823
0.0592129
-0.134703
-0.00581913
-0.0450248
0.216145
0.346225
-0.222769
-0.861779
-0.227181
-0.102302
-0.45865
0.621135
0.177082
0.263922
0.0923646
0.0108756
0.00642146
0.0690318
-0.0789062
-0.0470259
0.181028
-0.336733
0.100489
-0.61519
-0.822336
0.247537
-0.413008
0.19563
-0.205898
0.206279
0.0975397
0.0137694
0.131625
0.39237
0.448605
0.592534
0.898852
0.742961
-1.41224
-0.217758
-0.537131
-0.684982
-0.72339
0.146272
-0.292757
-0.480341
-1.1728
-2.39147
-4.08521
-7.14448
-5.25011
0.464982
-1.04924
-0.645221
1.2254
-0.126707
0.77074
0.495847
0.12097
-0.932959
-0.596883
-1.2513
-0.107577
13.8442
-2.02864
3.11839
2.79379
0.971434
0.227849
1.0773
2.30272
2.92315
3.6386
4.39252
5.80395
-0.0582197
-21.493
-2.92847
-1.28685
-3.02832
-2.49963
-1.98982
-0.390251
1.26346
1.90723
1.51951
-2.54226
-3.07586
-14.4685
3.88852
-7.25685
3.52302
4.68718
3.44502
2.27957
0.632033
0.267991
-0.336791
0.035387
1.18828
2.50232
12.4223
-24.6122
-4.53831
-3.03247
-2.44035
-2.27698
-1.07795
-0.973742
-1.07277
-0.0993282
-1.45895
0.0699837
-1.2422
1.09066
