-0.00193977
0.0961287
0.193494
0.289476
0.383373
0.474547
0.562358
0.646242
0.725654
0.80014
0.869285
0.932776
0.990364
1.04191
1.08737
1.12682
1.16043
1.12789
1.08863
1.04334
0.991976
0.934566
0.871246
0.802265
0.727931
0.648659
0.564899
0.477197
0.386113
0.292287
0.196357
0.0990232
0.00096488
-0.0970903
-0.194455
-0.29041
-0.384293
-0.475428
-0.563211
-0.647046
-0.726419
-0.800847
-0.869943
-0.933371
-0.9909
-1.04239
-1.08779
-1.12718
-1.16073
-1.12753
-1.08821
-1.04287
-0.991441
-0.933966
-0.870595
-0.801552
-0.727175
-0.647848
-0.564055
-0.476308
-0.385203
-0.291344
-0.195406
-0.0980518
0
0.0980518
0.195406
0.291344
0.385203
0.476308
0.564055
0.647848
0.727175
0.801552
0.870595
0.933966
0.991441
1.04287
1.08821
1.12753
1.16073
1.12718
1.08779
1.04239
0.9909
0.933371
0.869943
0.800847
0.726419
0.647046
0.563211
0.475428
0.384293
0.29041
0.194455
0.0970903
-0.00096488
-0.0990232
-0.196357
-0.292287
-0.386113
-0.477197
-0.564899
-0.648659
-0.727931
-0.802265
-0.871246
-0.934566
-0.991976
-1.04334
-1.08863
-1.12789
-1.16043
-1.12682
-1.08737
-1.04191
-0.990364
-0.932776
-0.869285
-0.80014
-0.725654
-0.646242
-0.562358
-0.474547
-0.383373
-0.289476
-0.193494
-0.0961287
