0.169218
0.0248965
0.0215125
0.0364444
0.0445754
0.0408281
0.0542887
0.0663497
0.0473744
0.0479741
0.05108
0.0299019
0.0511683
0.0645809
0.0474369
0.0483434
0.0508107
0.0424604
0.0444582
0.0535767
0.0426232
0.0485051
0.0713399
0.0740518
0.0892892
0.115128
0.118196
0.141124
0.150538
0.158264
0.148233
0.138593
0.131365
0.0919768
0.0677309
0.0323889
-0.00936993
-0.0263565
-0.0475864
-0.0792402
-0.091538
-0.105038
-0.12219
-0.124207
-0.128144
-0.133571
-0.131559
-0.115994
-0.119945
-0.123653
-0.103733
-0.106345
-0.094934
-0.0819242
-0.0813076
-0.0766866
-0.0649713
-0.0550536
-0.0519848
-0.0365531
-0.032017
-0.0317007
-0.0043024
-0.0062018
0.0139555
0.0203858
0.00729114
0.017889
0.0210524
0.0124856
-0.00534663
-0.0093527
-0.0251398
-0.0286682
-0.0410164
-0.055919
-0.0576931
-0.0515177
-0.0677627
-0.05836
-0.0386434
-0.0514599
-0.0270285
-0.0102771
-0.0140986
0.0264203
0.0320118
0.0287849
0.0526311
0.0710781
0.0733699
0.105269
0.123221
0.114499
0.133553
0.144888
0.143176
0.17514
0.185138
0.175014
0.182619
0.178645
0.163191
0.158163
0.145695
0.119148
0.110865
0.0939147
0.0656043
0.0406385
0.0105028
-0.0126966
-0.0498399
-0.0754056
-0.0991328
-0.120642
-0.132231
-0.13678
-0.15196
-0.153574
-0.142107
-0.150104
-0.147897
-0.125104
-0.133276
-0.124232
-0.108431
-0.118743
-0.0808224
-0.0950028
-0.0906364
-0.0777039
-0.0511561
-0.0444241
-0.0349382
-0.00760794
-0.0104365
-0.00379898
0.0166717
0.012745
0.0209166
0.0339061
0.0121116
0.0204026
0.0314121
0.0224958
0.0104599
0.0132394
-0.00309285
-0.00873009
-0.00932039
-0.0326493
-0.0393288
-0.0347843
-0.0490473
-0.0438625
-0.0374814
-0.0492865
-0.032762
-0.0258286
-0.0127051
-0.0114644
-0.00643306
-0.00502499
0.00539406
0.0253783
0.0109696
0.0174923
0.0298378
0.0247766
0.0435619
0.0471191
0.037214
0.0523539
0.0619931
0.0545735
0.0674411
0.0674792
0.0659068
0.0766419
0.0821252
0.0908947
0.102604
0.119666
0.122809
0.153234
0.171003
0.174173
0.177604
0.163494
0.150924
0.141042
0.127342
0.0809721
0.0510594
0.0219981
-0.0101068
-0.0349306
-0.0558116
-0.0821785
-0.105987
-0.120385
-0.1398
-0.151529
-0.157998
-0.168481
-0.173856
-0.171478
-0.154707
-0.159316
-0.153762
-0.128021
-0.134565
-0.119506
-0.112592
-0.113386
-0.0992755
-0.0877369
-0.0794569
-0.0607124
-0.0330414
-0.0191618
-0.00146995
0.0308622
0.0373818
0.0568242
0.0856609
0.076178
0.0849362
0.093516
0.0692122
0.067947
0.065235
0.037627
0.0255107
0.0133126
-0.0194392
-0.0248649
-0.0327013
-0.0644558
-0.0774993
-0.073538
-0.088899
-0.0854995
-0.0819127
-0.0898319
-0.0689229
-0.0447177
-0.0376007
-0.0113561
0.0117433
0.0241644
0.0434619
0.0614249
0.0616506
0.0708854
0.166481
0.0772059
0.0827485
0.0940713
0.0853987
0.102776
0.120332
0.127418
0.135961
0.153157
0.176341
0.189847
0.196728
0.192965
0.182652
0.177486
0.167211
0.137684
0.109398
0.0659462
0.0274877
0.0010083
-0.0365861
-0.0661198
-0.0979424
-0.118111
-0.157059
-0.169839
-0.178941
-0.198368
-0.199261
-0.189204
-0.181668
-0.177087
-0.163922
-0.157975
-0.155516
-0.14247
-0.135304
-0.123361
-0.093361
-0.0947594
-0.0848585
-0.0623271
-0.0581313
-0.0276867
-0.00730479
-0.000213414
0.0293614
0.0634198
0.0734719
0.078503
0.0868171
0.0849908
0.0936736
0.0959996
0.0672215
0.0583307
0.0488016
0.00865575
-0.00849689
-0.0216365
-0.0634351
-0.0687746
-0.0653123
-0.103351
-0.102693
-0.106204
-0.12118
-0.110074
-0.0891017
-0.0889631
-0.0581347
-0.0284652
-0.0223118
0.0214721
0.0379425
0.0439735
0.0746372
0.0958594
0.100481
0.116309
0.123955
0.129175
0.146766
0.152226
0.149471
0.167982
0.176941
0.186961
0.184493
0.197314
0.213013
0.216158
0.206932
0.193193
0.180243
0.158883
0.14469
0.104096
0.0523976
0.0257048
-0.0353261
-0.0735015
-0.107441
-0.15524
-0.182117
-0.198631
-0.220262
-0.226962
-0.220379
-0.234535
-0.22409
-0.198028
-0.192119
-0.184021
-0.159299
-0.149158
-0.134111
-0.101477
-0.0963095
-0.0784249
-0.0535914
-0.0404596
-0.015208
0.00827736
0.0164417
0.0361435
0.102466
0.0630832
0.0665786
0.0835111
0.0763257
0.0820594
0.0861687
0.056821
0.0493152
0.0358357
0.0102451
-0.00521221
-0.0373649
-0.0640246
-0.0810651
-0.0911936
-0.117157
-0.131121
-0.135008
-0.148973
-0.133997
-0.119564
-0.104789
-0.0731535
-0.0480481
-0.0316423
0.00828736
0.0353584
0.05497
0.0842169
0.10277
0.124411
0.155406
0.155678
0.153084
0.181991
0.192287
0.180756
0.20235
0.207576
0.202761
0.213148
0.210255
0.206709
0.220599
0.22862
0.209582
0.208771
0.201459
0.167939
0.141701
0.0956111
0.0401138
0.00603561
-0.0455504
-0.100672
-0.139492
-0.178182
-0.206443
-0.245638
-0.254689
-0.254145
-0.258427
-0.247264
-0.221986
-0.227425
-0.204317
-0.179191
-0.169249
-0.145735
-0.121034
-0.106497
-0.0831597
-0.0460484
-0.0365204
-0.0155805
0.010566
0.0090179
0.0417206
0.0641571
0.052792
0.0567978
0.0675466
0.0649737
0.0521451
0.0589597
0.0280168
0.0193657
0.0184433
-0.0182413
-0.0332984
-0.0431903
-0.0847229
-0.0977117
-0.102879
-0.127926
-0.137231
-0.144685
-0.162478
-0.143551
-0.117567
-0.108463
-0.0772667
-0.0404396
-0.0226157
0.0107602
0.0456028
0.0678905
0.0973773
0.122985
0.126149
0.150766
0.168567
0.175436
0.189057
0.202506
0.216893
0.230367
0.230548
0.219469
0.216798
0.219682
0.208565
0.207033
0.209521
0.212645
0.201499
0.193013
0.169218
0.142897
0.110629
0.0654859
0.0142238
-0.0379278
-0.0889362
-0.145449
-0.191592
-0.23025
-0.271852
-0.276882
-0.289454
-0.282311
-0.27127
-0.2596
-0.247217
-0.224909
-0.185718
-0.169305
-0.151036
-0.107778
-0.0904717
-0.0564289
-0.0331796
-0.0266228
-0.00277986
0.0164888
0.0308364
0.0429098
0.0579582
0.0508436
0.0594127
0.0638663
0.04042
0.0415417
0.036135
0.00784631
0.00622057
-0.00402426
-0.0436588
-0.0555739
-0.0726201
-0.106417
-0.116418
-0.134792
-0.161446
-0.161239
-0.151305
-0.163355
-0.144503
-0.106229
-0.102148
-0.0550756
-0.0183833
-0.00182211
0.044993
0.0788907
0.0948582
0.125115
0.146949
0.157668
0.171712
0.18788
0.208792
0.208559
0.231655
0.234995
0.234546
0.242998
0.238813
0.236685
0.229572
0.216101
0.210544
0.210772
0.223553
0.209793
0.186221
0.178842
0.145842
0.111855
0.0689713
0.000265281
-0.0615412
-0.113404
-0.164633
-0.220579
-0.258989
-0.294741
-0.316873
-0.304596
-0.30651
-0.29116
-0.262462
-0.248229
-0.211056
-0.174199
-0.149259
-0.120503
-0.0816768
-0.0568975
-0.0345268
-0.00358426
0.0021209
0.0148273
0.037109
0.0358003
0.0449594
0.0596882
0.0419118
0.0353117
0.0377741
0.0155387
0.00976311
0.00312225
-0.0295824
-0.0491121
-0.067345
-0.0892037
-0.107839
-0.125989
-0.157754
-0.161505
-0.14768
-0.16034
-0.147327
-0.135065
-0.099718
-0.100021
-0.0684075
-0.0421569
-0.00437287
0.0305461
0.0556538
0.102418
0.132716
0.142197
0.165149
0.181195
0.183681
0.196262
0.200214
0.191219
0.212494
0.218715
0.209669
0.224023
0.222061
0.21321
0.218705
0.211692
0.202457
0.208811
0.224548
0.219315
0.220282
0.206381
0.172672
0.16219
0.130527
0.0579478
-0.0047386
-0.0769102
-0.14424
-0.189377
-0.245554
-0.292299
-0.320049
-0.319855
-0.320186
-0.311142
-0.284004
-0.258639
-0.219749
-0.189042
-0.142246
-0.106169
-0.0766391
-0.0446214
-0.0440641
-0.0295358
-0.00673216
-0.00159367
0.00901279
0.0210264
0.00924378
0.0241008
0.027611
0.00998547
0.00675202
0.0114368
0.00380415
-0.0219513
-0.0229734
-0.0677786
-0.0991845
-0.115368
-0.153629
-0.159512
-0.174816
-0.204019
-0.19576
-0.174854
-0.170405
-0.14424
-0.113508
-0.0925592
-0.0342229
0.0206704
0.0477127
0.0884021
0.119893
0.131029
0.158058
0.173318
0.168533
0.17676
0.176148
0.163833
0.166591
0.169162
0.15984
0.169761
0.183158
0.18603
0.194
0.203068
0.195655
0.204263
0.197113
0.194234
0.207481
0.224992
0.23397
0.231678
0.222634
0.196592
0.168768
0.123486
0.0612874
-0.0157511
-0.0790534
-0.141118
-0.21372
-0.256282
-0.304311
-0.325328
-0.323376
-0.311023
-0.287452
-0.254939
-0.2202
-0.19127
-0.147324
-0.101205
-0.000376332
-0.0569841
-0.0421126
-0.0373886
-0.0230876
-0.0105241
-0.0192853
-0.0151491
-0.0157302
-0.0192857
-0.00584012
-0.00141142
-0.0255837
-0.0306348
-0.0229371
-0.0495733
-0.0534946
-0.0766903
-0.128293
-0.134632
-0.135574
-0.164199
-0.168408
-0.176144
-0.185308
-0.157911
-0.12629
-0.116684
-0.0911938
-0.0529113
-0.0314287
0.0251606
0.0818055
0.0789304
0.115359
0.140057
0.150147
0.170329
0.169496
0.15843
0.152528
0.153952
0.137291
0.137268
0.140839
0.140296
0.154138
0.170291
0.176701
0.191009
0.198661
0.212183
0.211072
0.205654
0.223695
0.234829
0.25618
0.28086
0.266671
0.240777
0.217274
0.178534
0.114096
0.0352772
-0.0378802
-0.133144
-0.188613
-0.257659
-0.325812
-0.352735
-0.374006
-0.354
-0.300398
-0.271986
-0.23393
-0.183887
-0.135362
-0.0865061
-0.0389119
-0.0193597
-0.0171002
-0.00135499
-0.0021518
-0.00208564
-0.00995608
-0.040294
-0.0507704
-0.0404564
-0.0461832
-0.0471365
-0.0589934
-0.0829088
-0.0797872
-0.0769831
-0.096282
-0.112908
-0.129243
-0.155606
-0.155742
-0.150518
-0.168994
-0.167462
-0.153869
-0.146225
-0.0966095
-0.0623343
-0.0518349
-0.0158154
0.0185219
0.0518753
0.0844536
0.110497
0.111953
0.135404
0.141254
0.140765
0.143159
0.136026
0.113885
0.118904
0.119725
0.110002
0.116785
0.124571
0.127389
0.160019
0.180484
0.178103
0.236427
0.199396
0.197852
0.210756
0.219648
0.232121
0.268321
0.303122
0.303597
0.304438
0.272728
0.227982
0.175355
0.0973
-0.0027914
-0.10172
-0.194755
-0.274007
-0.330641
-0.37377
-0.392844
-0.376963
-0.333337
-0.263695
-0.210101
-0.157555
-0.0975295
-0.0554508
-0.0191824
0.0157149
0.00387519
-0.00838113
0.00438895
-0.0305183
-0.0492769
-0.0598019
-0.100495
-0.10384
-0.087229
-0.0896638
-0.0946196
-0.0980984
-0.120992
-0.119429
-0.110115
-0.145904
-0.16755
-0.169453
-0.191207
-0.178084
-0.169563
-0.168306
-0.139118
-0.101994
-0.0695801
-0.0190925
0.0130147
0.0298979
0.0606438
0.0791305
0.0833763
0.100863
0.0932995
0.0836198
0.104257
0.0906122
0.0803106
0.0879883
0.0830024
0.0831566
0.0988543
0.106962
0.125021
0.151112
0.174255
0.188957
0.198913
0.207616
0.20238
0.213948
0.219901
0.211546
0.225444
0.238104
0.262555
0.307452
0.334393
0.33883
0.30613
0.258091
0.194244
0.111776
0.00545842
-0.126277
-0.243344
-0.327695
-0.375352
-0.42365
-0.441935
-0.419805
-0.352793
-0.252629
-0.163355
-0.0913897
-0.0287754
0.0457728
0.0748364
0.100018
0.0800132
0.0307278
-0.00291588
-0.0378226
-0.0813138
-0.122525
-0.151154
-0.173322
-0.15006
-0.117562
-0.120353
-0.112822
-0.116884
-0.132347
-0.117646
-0.130879
-0.17896
-0.192491
-0.201715
-0.20928
