-0.249412
0.900178
0.4562
0.192345
-0.689235
-0.682142
-0.878745
0.739875
0.205667
0.418859
-0.962145
0.938711
0.668502
-0.572652
-0.626611
-0.640644
-0.39086
0.0475018
-0.138484
-0.421296
0.217274
-0.720918
-0.417121
-0.263892
-0.0915122
0.576091
-0.609519
0.0299276
0.187666
-0.91751
0.223317
-0.65929
-0.868026
0.903862
0.935352
0.619319
-0.397022
-0.801875
0.372291
-0.121166
-0.756993
-0.00987057
-0.939329
0.816269
-0.48967
0.326255
-0.371682
0.0470443
0.0912083
-0.627872
0.940092
0.547969
0.874945
0.791111
0.192016
0.846876
-0.813978
-0.603573
-0.909752
-0.35039
-0.220072
-0.456482
0.659329
-0.28815
-0.440137
0.0830427
-0.715808
0.602802
-0.858034
0.977287
0.550907
-0.599778
-0.988662
0.633885
0.411612
0.449595
0.540154
-0.851107
-0.269768
-0.765361
0.717623
0.251259
-0.34189
-0.881005
-0.377438
-0.358581
0.455406
0.27498
0.767861
-0.0570522
-0.766003
0.425308
0.523027
0.122965
0.535364
-0.0129621
0.0462362
-0.149263
-0.951177
-0.787865
-0.936995
0.273758
-0.364066
0.0165751
0.824952
-0.50637
-0.176423
0.510464
-0.545121
-0.841047
-0.423011
-0.674277
0.868225
0.62695
0.268075
0.742077
0.616148
-0.623287
0.79049
0.0809774
0.610277
0.793561
-0.376447
-0.774525
-0.547992
-0.142611
0.644751
0.72826
-0.994514
0.0165088
-0.179723
-0.569188
-0.768126
-0.323826
0.886434
-0.352691
0.0336492
0.408506
-0.280749
0.94107
0.920476
-0.491998
-0.00320696
-0.392879
-0.434926
-0.935711
0.213313
0.0049057
-0.902799
-0.440024
0.813486
-0.518933
-0.712226
-0.0117181
0.977522
-0.522833
0.348035
0.519575
-0.532243
0.463763
-0.271269
0.267373
0.265554
0.0741007
-0.822574
0.669778
-0.356862
-0.631808
-0.92526
0.185169
0.363346
-0.973443
0.0219521
-0.54153
0.287606
-0.6585
0.395125
-0.230856
0.883126
-0.715753
-0.317497
-0.777872
0.865973
0.756858
-0.485466
0.319094
0.634597
0.106851
0.0635178
-0.522022
-0.805212
0.794378
0.800832
0.273507
-0.326255
-0.298932
0.452458
0.792374
0.767336
0.555919
0.279839
-0.831169
-0.673058
0.814262
0.216134
-0.99328
-0.804221
0.324608
-0.992256
-0.672422
0.0824029
0.378364
0.308804
-0.557262
0.431194
-0.512319
-0.342822
0.491012
0.29903
0.696714
0.305298
0.145598
-0.812449
-0.262234
-0.470325
-0.506814
0.949976
-0.212474
0.784286
0.266795
0.586401
0.00530702
0.162934
-0.0138991
-0.612715
0.446703
-0.445066
-0.954414
0.298599
-0.652718
0.90293
0.910678
0.835465
-0.263005
-0.979157
0.858188
-0.136503
0.925862
0.927927
0.708433
-0.412699
-0.23034
0.699159
-0.364681
-0.663835
0.116618
0.882306
0.399261
0.140036
-0.801362
0.22523
0.97505
-0.721162
0.0466227
0.758085
0.480998
0.391067
0.414159
-0.287816
-0.411888
0.627187
0.616448
0.736434
0.824086
0.0218164
0.00753739
0.595139
0.298026
0.403415
0.588076
0.765141
-0.34197
-0.246016
-0.802665
0.141335
-0.929908
-0.0597682
0.0739672
-0.419807
0.183558
-0.944337
-0.914753
0.650639
-0.27927
-0.743319
0.0463505
0.544685
-0.565208
0.238183
-0.834924
-0.895196
0.0548754
0.0867253
0.27114
0.443351
0.945877
0.02054
-0.358521
0.596222
-0.461822
-0.121196
-0.837259
-0.964452
0.927127
0.678471
0.408009
-0.202463
-0.660608
-0.688456
-0.499042
0.092904
0.43179
0.322331
-0.438322
0.91618
0.480247
0.10789
0.208815
-0.168626
-0.497509
-0.292283
0.51255
-0.981034
-0.771924
-0.910396
-0.901848
0.697987
0.410255
-0.0663197
-0.815058
-0.0243704
-0.0535912
-0.656804
-0.138964
-0.211144
0.241093
0.27213
-0.910636
-0.263585
0.261827
0.00164786
0.71045
0.305745
-0.687942
-0.868957
0.281468
-0.946874
0.176298
0.868774
0.150827
-0.223088
0.287613
-0.0808918
0.0986255
0.876948
-0.230365
0.931133
0.804184
-0.607624
-0.857594
-0.806199
-0.968415
-0.815194
0.365617
-0.858156
-0.360598
0.686132
-0.968901
0.627234
-0.436955
-0.772266
0.4111
0.263406
0.746318
0.466897
0.595087
-0.444987
-0.647052
0.524887
0.620127
0.988646
-0.160246
-0.257411
0.557673
-0.320906
0.861709
0.720745
-0.150634
0.499481
0.499047
-0.79568
0.803262
0.00860459
0.651971
-0.368884
0.809878
-0.24681
-0.977573
0.810022
-0.812059
-0.354496
0.905211
0.904349
0.159495
0.26588
-0.115279
-0.421117
-0.336235
0.342242
0.508924
0.589067
0.56508
-0.808818
-0.0102952
-0.879843
0.107848
-0.118857
0.780563
-0.310467
-0.760334
-0.719271
0.507669
0.23655
-0.799995
-0.837566
0.400012
-0.86362
0.645348
0.425884
-0.84382
-0.827224
0.958584
-0.257446
-0.260255
0.642844
0.900069
0.966866
0.502907
-0.233706
-0.833909
0.560826
0.118768
-0.158501
0.792968
-0.789082
-0.00907975
-0.972426
-0.0568538
-0.893366
-0.755651
-0.770562
0.322393
0.486793
0.158479
0.922704
-0.25309
-0.426824
0.740357
-0.550469
0.930012
-0.972243
0.947856
-0.92126
0.786269
0.0628606
0.969508
-0.857706
0.0933027
0.94668
0.0425153
0.254716
0.396433
-0.090942
0.251205
0.163111
0.810046
-0.918267
-0.444139
0.894913
0.774035
-0.0898421
0.244033
-0.431736
-0.62991
-0.0722568
-0.290688
0.179916
-0.835538
0.948213
0.983834
0.38849
0.0726723
-0.378158
0.619268
0.368423
-0.670485
0.815494
0.639962
0.906577
0.443461
0.213446
-0.171541
0.864201
0.746038
-0.878404
-0.947676
-0.272648
0.624091
0.955254
-0.713346
0.187566
-0.250912
0.932261
0.690771
0.665179
-0.0533555
-0.180603
-0.453285
-0.899903
0.728924
0.615496
0.999358
0.99709
0.0993858
0.528165
0.893967
0.701737
-0.485367
-0.108068
-0.738691
0.911031
0.208357
-0.531309
0.351039
0.246215
-0.296676
-0.788516
0.347945
0.0482502
0.54389
0.0373086
0.719374
0.128535
0.116384
0.729601
-0.220519
-0.723052
-0.952572
0.51412
0.25197
0.39947
-0.575261
-0.746379
-0.975933
-0.312457
0.180706
-0.229802
-0.115171
0.812288
-0.304971
0.0202386
0.570432
-0.202623
0.243369
0.716437
0.891225
-0.726304
0.853628
0.00145833
-0.472228
-0.0788171
0.939479
-0.0310786
-0.365564
0.25536
-0.504849
-0.826187
-0.734565
-0.733837
-0.703498
-0.707505
0.28085
-0.639133
-0.316649
0.790364
-0.0457513
0.313942
-0.663105
-0.613789
-0.919559
-0.664944
-0.445796
-0.647141
-0.814748
-0.755762
-0.0729668
-0.593043
-0.284838
-0.0145344
0.370464
-0.909164
0.60384
0.249175
-0.836441
0.742884
0.865173
-0.869312
-0.459814
0.625927
0.474254
-0.640957
-0.578022
-0.260693
-0.0344749
0.247146
-0.264497
-0.0747692
0.478844
-0.932966
-0.509297
0.428486
0.796195
0.00126596
0.0539364
-0.794406
-0.103465
0.0775892
-0.508908
-0.458332
-0.248589
-0.961772
-0.339334
-0.579588
-0.350612
-0.791265
0.756676
0.202206
0.363407
0.567661
-0.0109597
-0.830062
0.0576649
0.16924
0.505287
-0.15189
-0.755689
-0.424824
-0.272268
0.291208
0.139424
-0.294326
0.973046
0.199727
-0.544451
-0.797056
-0.69289
-0.501486
-0.682442
-0.613696
-0.426146
-0.6353
0.799784
-0.841969
0.0411677
-0.199336
0.971018
-0.776599
-0.174732
0.943654
0.732864
0.653765
-0.472785
-0.683636
0.357275
0.855724
0.114327
0.153314
-0.439008
0.550573
-0.60975
-0.359276
-0.153843
0.0130873
-0.511112
-0.779962
0.221852
-0.428194
0.16443
-0.694442
-0.0302529
0.070745
-0.895057
-0.328777
-0.748189
-0.827547
0.996213
-0.347877
0.612954
-0.495472
0.338247
0.52445
0.191132
-0.0554549
-0.176113
-0.304151
0.849461
0.661401
0.939227
-0.740329
0.472101
0.857643
-0.644788
-0.864623
0.465418
0.13875
0.704736
-0.732149
0.590106
-0.606226
-0.672191
-0.705195
0.61346
0.329521
0.0420617
-0.273551
0.762679
-0.218369
0.641126
-0.12226
-0.241357
-0.0645195
-0.38949
0.495504
0.00932487
-0.536564
0.787751
-0.229362
0.108267
0.818555
0.228358
-0.767187
0.88385
0.271182
-0.318872
-0.737629
0.60877
0.238999
0.0696431
0.786063
0.58948
-0.682545
-0.366472
-0.493627
0.486243
-0.935528
0.131555
0.521652
0.765993
-0.314087
0.636951
-0.772303
0.693927
-0.741441
-0.212385
0.608055
-0.699902
-0.50715
0.460592
0.444159
0.287126
0.391347
0.101377
-0.487369
-0.309726
-0.622124
0.824188
0.162639
-0.197248
-0.0889415
0.895346
-0.680585
0.181647
0.0151988
0.212091
-0.963138
0.733098
0.855391
0.119199
0.401347
0.849494
0.41
-0.699873
0.149879
0.21198
-0.155663
0.501465
0.876434
0.840387
-0.100986
-0.781426
0.952954
0.709427
-0.754105
0.847101
0.737913
0.0212773
0.160673
-0.168917
-0.894747
-0.344193
0.580987
-1.01005
-0.331609
-0.211562
0.0740628
0.8546
-0.281545
-0.3084
0.488606
-0.110839
-0.570552
-0.0866313
-0.721136
-0.667565
0.0115458
-0.157204
0.822963
-0.262002
0.163672
0.266916
-0.966854
0.321732
-0.632119
0.922577
-0.714633
-0.170749
-0.841128
0.992532
0.0266666
0.187652
-0.874389
0.502763
-0.576007
0.792553
-0.557022
-0.607429
-0.919218
-0.0457768
0.118038
-0.879981
0.552892
-0.0860278
0.0489372
-0.111445
-0.200241
0.11964
-0.696006
-0.642504
0.712769
0.908274
-0.269311
-0.460794
0.297479
-0.187006
-0.95079
-0.706853
0.42034
0.284527
-0.959137
-0.545662
-0.526731
0.355901
-0.953198
-0.811947
0.584704
-0.63798
0.308461
-0.528355
-0.780703
-0.541511
0.453463
0.695291
0.644644
-0.199989
0.335157
-0.604651
-0.427206
0.796766
-0.930313
-0.823242
-0.591626
-0.938272
-0.67831
0.147993
-0.136827
0.760237
0.621511
-0.322663
-0.474873
-0.244204
0.1908
-0.452738
0.238092
-0.170165
0.0992018
-0.12408
-0.43037
0.884677
0.545498
-0.731388
0.72741
-0.0359286
0.787831
0.608843
-0.149557
-0.950678
-0.472991
0.0685801
0.263762
-0.487625
-0.727082
0.67003
0.973225
0.0693573
-0.662725
-0.474273
-0.948345
0.817509
-0.763025
0.159389
-0.473056
0.111266
0.30963
0.648917
-0.589632
-0.98187
-0.703555
0.767959
0.76937
0.203323
0.202855
0.321631
-0.646833
0.820703
-0.151945
-0.255294
0.0726528
-0.927196
-0.659841
0.484542
-0.828086
0.204001
-0.499067
-0.230573
-0.40244
-0.294746
0.450078
-0.430325
0.126821
-0.0280807
0.28983
0.876645
0.471967
-0.594072
-0.924769
-0.489164
0.208203
-0.90896
0.045033
0.172725
-0.322191
0.536601
-0.776626
-0.843084
0.427064
0.00324117
0.372031
-0.127016
-0.536624
0.62832
0.61445
0.404474
-0.463598
0.188532
-0.28865
-0.835998
0.836437
-0.7053
0.887843
-0.0832584
-0.633964
0.116944
0.72092
0.468986
0.621079
0.312731
0.36546
0.694505
-0.516428
-0.0251825
-0.546709
0.982088
0.903398
-0.922017
0.361969
0.841213
-0.64199
0.141304
0.845536
-0.936787
0.3991
-0.443455
0.88877
0.939781
0.888038
-0.0820885
0.738784
0.682732
-0.33017
0.623064
-0.916346
0.186802
-0.506439
-0.757784
-0.83709
0.373511
-0.302965
0.452636
-0.87267
-0.397688
0.0627941
0.597006
-0.369511
0.28044
0.777829
0.211313
-0.533042
-0.958882
0.762755
-0.983922
0.738036
0.0376887
0.903603
0.597371
0.996682
-0.315519
0.543104
-0.188181
-0.0424554
0.269328
0.735525
0.970879
0.503194
-0.138311
-0.184144
0.469018
-0.560581
-0.762617
-0.290612
-0.432908
-0.401077
-0.529703
-0.928054
-0.921186
0.952666
-0.131661
-0.220051
0.345125
-0.560076
0.912041
0.547557
-0.827237
-0.154855
0.787081
0.895267
-0.0730661
0.242212
-0.660848
0.982109
-0.535688
0.895753
0.321438
0.196465
0.0638563
-0.568618
-0.636203
-0.554663
-0.580719
0.543944
-0.269785
-0.943862
1.00583
0.74831
0.860315
1.02642
-0.647875
-0.205109
0.509586
0.351544
-0.678468
0.635112
-0.536195
-0.552061
0.0890486
0.182794
0.175153
-0.81561
0.762445
-0.475346
-0.744294
0.822703
0.904988
0.726691
0.628158
0.293647
0.146218
-0.823609
-0.191772
-0.255354
-0.477842
0.458072
-0.02455
-0.841369
-0.559674
0.393899
-0.860592
0.710343
-0.0164478
-0.0233084
0.163676
0.658247
-0.297351
0.343848
0.148859
-0.468824
0.796164
0.583951
0.323751
0.717065
0.72937
0.409246
0.688237
0.377808
0.378174
0.233524
0.465023
-0.690663
0.752119
0.805388
-0.975673
0.676138
-0.753891
-0.325637
0.49769
-0.679212
0.612931
0.639706
0.036365
-1.00007
-0.462655
0.21392
0.966158
0.296241
-0.491878
0.263136
0.0913836
0.585313
-0.793116
0.531407
0.0707387
0.896093
-0.321143
0.265552
0.893187
-0.798565
0.856929
0.41931
-0.869734
-0.388253
0.41478
-0.860906
0.169005
-0.296525
0.244124
-0.895359
0.744078
0.953495
0.966093
0.503483
-0.78971
0.542594
-0.955837
-0.953874
-0.345185
-0.0587727
0.545049
0.353618
-0.0963717
-0.452887
0.998865
-0.171385
-0.0812574
-0.672957
0.602159
0.410771
-0.582743
-0.862158
0.39133
0.310319
-0.446578
0.893372
-0.68596
-0.124379
0.882941
-0.182641
0.285547
-0.207248
-0.431368
0.971638
-0.192643
0.82835
-0.581448
-0.561828
-0.922263
0.261904
-0.274839
0.744629
-0.0674449
0.927846
-0.631668
0.761011
0.544972
0.547677
0.664962
0.558709
0.168287
-0.705875
-0.927314
0.833649
0.242587
0.545168
0.0166792
-0.781497
-0.740335
0.369417
-0.099432
-0.595004
-0.033456
-0.874898
0.169112
-0.452592
0.597596
-0.349645
-0.0816716
-1.00299
-0.863315
-0.198271
-0.0513139
0.200253
-0.43562
0.376593
0.712748
0.600914
-0.946057
-0.0344249
-0.796602
-0.546458
0.972372
-0.732127
-0.00537076
0.235033
0.429171
0.0745754
-0.960342
-0.345426
0.0143059
-0.820904
-0.307036
-0.925406
-0.811273
-0.229578
-0.724736
0.213571
0.363469
0.593539
-0.569553
-0.660254
-0.829541
0.293287
0.398062
-0.936941
0.897739
-0.910956
0.151361
0.376919
0.757196
0.412354
0.615581
-0.32348
0.637013
-0.835021
0.767644
0.0976432
0.645052
-0.0916719
0.282191
0.0660877
0.452342
-0.820557
-0.880749
-0.524136
-0.688149
0.774297
-0.579178
0.9591
-0.333704
-0.615279
0.534222
0.319088
0.00662508
0.0952646
0.437955
-0.559353
1.01927
0.97859
0.297645
-0.637984
0.368822
-0.874523
-0.943055
-0.448564
-0.134617
0.750162
0.469001
0.501905
-0.166976
-0.31028
-0.225342
0.977433
-0.922306
0.771172
0.155916
-0.113483
0.435501
-0.0153655
0.728861
0.797785
-0.2104
-0.451658
0.20693
0.843651
-0.600543
0.242015
0.267179
0.511679
-0.736226
0.441955
0.848295
-0.684617
-0.539122
0.948962
-0.632714
0.703309
-0.0479301
-0.507826
0.745662
-0.0828424
0.0234183
-0.260555
0.193915
-0.68549
-0.251393
0.946641
-0.471778
0.315287
-0.341255
0.546269
-0.742516
0.944674
-0.119893
-0.509579
-0.860881
-0.691408
0.0351818
-0.302246
0.652531
-0.148316
-0.505456
0.24544
0.44268
-0.670804
-0.658542
-0.945439
0.515208
0.318529
-0.041753
0.663785
0.612916
0.142774
0.768309
-0.630787
-0.772342
-0.461916
-0.904899
0.0704066
0.85512
-0.904398
-0.735106
-0.149169
0.86998
-0.363993
0.0091863
-0.892614
-0.724214
1.02224
0.948387
-0.983121
0.875858
0.282617
0.706795
-0.0879722
0.0209029
-0.012667
0.301203
-0.701073
-0.937459
-0.452941
0.409258
-0.589649
0.302631
0.935037
-0.807127
0.350711
-0.159725
0.739261
-0.636267
0.348583
0.687224
0.89073
0.359228
-0.00582202
0.233773
0.735398
0.171873
-0.943639
0.849521
0.377797
0.398186
-0.563797
0.321112
-0.208934
0.308507
-0.784
0.346411
1.02594
-0.916637
0.972948
-0.191822
0.756984
0.574492
0.132162
0.483874
0.759255
-0.256837
-0.354408
0.364171
0.623173
0.503338
0.629393
-0.113523
0.569183
-0.734218
0.045696
-0.966014
-0.340899
-0.259718
-0.201713
0.369384
-0.221029
-0.130228
-0.513431
-0.254772
-0.531299
-0.848654
0.277914
0.329657
0.238704
-0.0649248
-0.219828
0.732845
0.0190813
0.0250924
-0.953054
-0.298012
-0.25277
-0.170283
0.156024
0.0601168
0.178548
0.528469
0.616587
0.444626
0.836018
-0.903732
-0.621109
-1.02476
0.280496
0.773038
-0.505955
0.847075
-0.877937
0.876156
-0.20773
-0.801103
-0.0345343
-0.493071
-0.421769
-0.41234
0.616185
0.107928
-0.370622
0.243614
0.446579
-0.47573
-0.164407
-0.755666
-0.680068
0.365343
-0.623161
0.0455797
0.403721
-0.797641
0.159331
-0.515434
0.914689
-0.0434743
0.61159
0.0769917
-0.914525
0.309482
0.893421
0.20249
0.636771
0.783896
-0.577824
-0.578132
0.23972
-0.200226
0.684592
0.739611
-0.277102
-0.523379
0.552501
-0.438855
0.650216
-0.164428
0.377935
-0.814107
0.268537
-0.0951495
0.156026
-0.666454
0.492099
0.798761
-0.553901
-0.821848
-0.976439
0.325851
0.213291
0.0782985
-0.519106
-0.211118
0.197635
-0.023259
0.962586
-0.718131
0.394264
-0.170529
-0.146693
0.441491
0.361955
0.972503
-0.694949
-0.791654
0.408564
0.147936
-0.500594
-0.830075
-0.800759
0.786248
-0.638
-0.348233
-0.551642
-0.280601
-0.854406
0.0394014
-0.892517
0.640901
-0.527502
0.0661444
0.782174
0.304807
0.0610986
-0.335371
-0.32569
0.269171
0.992764
0.28186
0.107485
0.452373
-0.024325
-0.87871
0.0697966
0.910078
-0.67217
0.379778
-0.610365
0.077973
-0.807101
-0.16171
0.515057
-0.310767
0.335365
0.612022
0.890339
-0.571238
-0.198368
-0.694254
0.894802
0.854571
0.0612615
0.6719
0.026248
0.28634
-0.833632
0.509796
-0.749995
0.688982
0.582819
0.381757
-0.925906
-0.377154
-0.478258
-0.282303
-0.76002
0.87212
0.0807393
-0.400406
-0.191744
-0.126958
0.231039
0.0496312
0.815531
0.000207474
0.963656
0.693021
-0.577235
0.855549
-0.786675
0.632293
-0.246576
0.742156
0.727259
0.608014
0.61776
-0.449134
-0.820658
-0.204306
-0.653648
0.387231
-0.352479
0.964938
0.252544
0.648921
-0.739485
0.704207
0.81915
-0.0149856
0.255165
0.487106
-0.627033
-0.0228971
-0.20298
-0.701694
-0.233689
-0.87842
-0.953026
-0.71984
0.941003
0.0916637
0.913542
-0.111214
-0.353683
0.0405883
-0.109861
-0.795019
0.278518
-0.56988
0.22985
0.295558
-0.648985
-0.885228
0.590896
-0.0652079
-0.86005
0.994123
-0.904866
0.330344
0.965733
-0.614957
-0.732417
-0.759816
-0.402241
-0.773386
0.38519
-0.819292
0.0782104
0.968943
0.618018
0.2383
-0.368596
0.242747
0.0498426
-0.176555
-0.758296
0.788901
-0.0657534
-0.611701
-0.273707
-0.192061
0.672276
0.48131
0.479263
-0.995519
-0.128276
0.00724354
-0.969647
-0.407998
0.529565
-0.734093
0.0648524
-0.573986
-0.96543
-0.577254
1.00121
0.593916
0.895914
0.00298283
-0.773726
0.0775357
-0.0755285
0.6578
-0.802245
-0.0150345
-0.709916
-0.296673
0.473048
-0.0780832
-0.273027
-0.223365
-0.0169926
0.584351
0.786485
0.914495
0.549048
-0.355678
0.350689
-0.150132
-0.496042
0.673648
-0.932228
0.805384
-0.0643774
0.276205
0.320525
0.781605
0.30395
0.282438
-0.886834
0.0266215
-0.708296
0.500568
0.0398316
0.320922
-0.914023
-0.7969
0.451192
-0.846699
-0.82895
-0.967741
0.91361
0.480997
-0.324147
-0.409365
-0.316986
0.569039
0.343088
-0.648402
-0.64838
-0.813058
0.268906
0.524879
-0.513037
-0.940473
-0.818555
0.875811
-0.393935
0.521639
0.258989
-0.258725
-0.59077
-0.697107
0.239062
0.526531
0.276468
0.0565553
-0.827022
0.970605
0.543669
-0.439084
0.990451
0.23459
0.152946
0.472112
0.634421
0.245724
-0.744067
-0.285934
0.869629
-0.562039
-0.288508
-0.106783
-0.136611
0.196745
0.864
-0.502704
-0.768228
-0.709361
0.771952
0.292575
-0.409872
0.611406
0.700135
0.689357
0.864982
-0.52438
0.524911
-0.0847155
0.696234
0.455084
0.577146
0.383807
-0.652506
0.131622
0.939022
0.887373
-0.862508
-0.672871
-0.755858
0.415486
0.584484
-0.572606
0.0415706
0.694654
0.469329
0.110827
0.174983
-0.0242864
-0.423474
0.138854
0.355343
0.733978
0.257553
0.59045
-0.683164
-0.0632875
-0.998485
-0.519938
0.478312
1.02319
-0.815303
-0.142289
0.599738
-0.61528
0.0981293
0.456544
0.249403
-0.608069
-0.321504
0.570858
0.0431159
-1.01285
0.523766
-0.93273
0.497711
-0.609459
0.900546
-0.277287
-0.329328
-0.683322
-0.378285
0.726205
1.00971
-0.259007
-0.0816091
0.430162
0.791105
0.228656
-0.239824
-0.200183
0.348578
-0.994698
0.241295
-0.282831
0.584612
-0.817082
0.154767
-0.0377374
0.251812
-0.863146
0.170601
0.11734
0.125379
0.202954
0.363974
0.583514
-0.451508
0.63419
-0.0266954
-0.828096
-0.89587
-0.326708
0.623733
0.423911
0.59613
0.0878008
-0.158053
-0.711637
-0.330203
-0.150074
-0.827781
-0.490867
0.218928
0.440883
0.964772
0.858984
0.190155
-0.197202
0.30418
0.619267
-0.796909
-0.227531
0.70164
-0.166305
0.147013
0.112439
-0.651688
-0.235211
-0.289031
-0.952812
-0.996928
0.705665
-0.479713
0.0274159
-0.367621
0.897123
-0.504485
-0.201293
0.742769
0.618493
-0.656725
0.629686
-0.0478398
-0.0609332
-0.70845
-0.81811
0.470891
-0.00352801
-0.114058
0.439544
0.541083
-0.645929
0.224591
-0.71235
0.510918
0.34376
0.965153
-0.912602
-0.916793
-0.478627
