-0.335231
1.20991
0.61319
0.25894
-0.926719
-0.916885
-1.18071
0.994594
0.276442
0.563855
-1.29399
1.26085
0.896868
-0.770425
-0.842724
-0.861274
-0.525421
0.0632776
-0.186237
-0.565567
0.294978
-0.969133
-0.560953
-0.354714
-0.12213
0.774309
-0.819655
0.0392416
0.250971
-1.23271
0.301975
-0.886566
-1.16735
1.21624
1.25748
0.832874
-0.532592
-1.07775
0.500614
-0.163175
-1.01747
-0.013488
-1.26128
1.09804
-0.658021
0.437583
-0.499604
0.0649113
0.123107
-0.844992
1.26178
0.736497
1.17578
1.06116
0.259061
1.13974
-1.09657
-0.813103
-1.22333
-0.471026
-0.296788
-0.613371
0.886022
-0.386417
-0.591715
0.112214
-0.96085
0.810346
-1.15083
1.31491
0.742904
-0.806246
-1.33133
0.850652
0.553368
0.60541
0.720019
-1.14642
-0.362515
-1.03119
0.963825
0.340896
-0.458318
-1.18417
-0.505267
-0.477769
0.614409
0.372679
1.03311
-0.0743403
-1.03168
0.569131
0.702987
0.166552
0.717744
-0.0187628
0.0583485
-0.19229
-1.27798
-1.05948
-1.25715
0.367466
-0.490797
0.0252946
1.10755
-0.683829
-0.233848
0.685458
-0.731044
-1.12976
-0.569298
-0.911283
1.17165
0.838369
0.363457
0.999186
0.831246
-0.837186
1.0615
0.108472
0.822941
1.06318
-0.505418
-1.0427
-0.736399
-0.18744
0.865013
0.978274
-1.33534
0.0210194
-0.242964
-0.765171
-1.0292
-0.434791
1.19227
-0.473568
0.0458767
0.548945
-0.373069
1.26553
1.24317
-0.666866
-0.00148824
-0.529802
-0.580246
-1.25635
0.285058
0.005538
-1.21335
-0.596209
1.09495
-0.698959
-0.95051
-0.0242425
1.31704
-0.70264
0.470581
0.698033
-0.715584
0.624429
-0.364465
0.361008
0.358898
0.0959093
-1.10579
0.899582
-0.480431
-0.847526
-1.24099
0.245366
0.486683
-1.30785
0.0322044
-0.729459
0.39114
-0.884059
0.523853
-0.30761
1.18811
-0.965447
-0.429548
-1.03867
1.16009
1.01352
-0.652551
0.423925
0.852372
0.145689
0.0817817
-0.698467
-1.07742
1.06199
1.07621
0.370312
-0.437614
-0.399429
0.602305
1.06669
1.03234
0.743114
0.377623
-1.12344
-0.905195
1.08855
0.289129
-1.32638
-1.07787
0.436518
-1.33832
-0.909293
0.123963
0.513217
0.410927
-0.748541
0.579382
-0.692697
-0.467218
0.66507
0.403813
0.937694
0.412333
0.181669
-1.08874
-0.356863
-0.630101
-0.677484
1.27193
-0.288897
1.06084
0.360794
0.78439
0.00651334
0.216758
-0.019714
-0.824774
0.601793
-0.593686
-1.28123
0.398794
-0.858776
1.2012
1.21996
1.11994
-0.351426
-1.31399
1.14518
-0.178172
1.24919
1.24693
0.950752
-0.550518
-0.305224
0.941266
-0.494015
-0.891427
0.15703
1.18478
0.527886
0.180507
-1.07981
0.306969
1.31503
-0.971699
0.0569376
1.02343
0.646771
0.527776
0.556727
-0.383766
-0.558356
0.836969
0.83067
0.9868
1.11251
0.0335844
0.00970307
0.794217
0.409469
0.540663
0.782225
1.04457
-0.448703
-0.344162
-1.08977
0.195791
-1.24941
-0.0850139
0.104765
-0.5603
0.241881
-1.27395
-1.23065
0.872711
-0.386403
-0.996215
0.0519424
0.731485
-0.761844
0.32551
-1.11772
-1.19843
0.0881373
0.110493
0.362575
0.606571
1.27758
0.0397893
-0.483071
0.794471
-0.612214
-0.159697
-1.12998
-1.27609
1.24358
0.911364
0.541898
-0.25637
-0.881912
-0.924127
-0.660665
0.11787
0.578345
0.429983
-0.596695
1.22564
0.641085
0.135564
0.291888
-0.21822
-0.67821
-0.395041
0.692407
-1.32065
-1.03923
-1.22856
-1.22705
0.950536
0.550224
-0.0842772
-1.09651
-0.025513
-0.0776079
-0.884785
-0.184299
-0.277555
0.319607
0.369169
-1.22385
-0.335865
0.348775
0.00501249
0.954789
0.427128
-0.916308
-1.16322
0.384189
-1.27916
0.231697
1.17122
0.198034
-0.302033
0.388923
-0.105909
0.120109
1.17848
-0.309208
1.25462
1.09678
-0.815694
-1.16236
-1.08134
-1.30541
-1.08998
0.497797
-1.15836
-0.493776
0.930801
-1.28611
0.842617
-0.595356
-1.03007
0.524876
0.344885
1.01022
0.634692
0.80727
-0.592029
-0.86096
0.677673
0.825312
1.32717
-0.226574
-0.352381
0.749513
-0.427668
1.17112
0.972482
-0.203611
0.67405
0.685295
-1.07165
1.08815
0.0114853
0.880839
-0.495129
1.08293
-0.307173
-1.32173
1.08762
-1.10137
-0.50064
1.21015
1.21052
0.1951
0.352964
-0.148705
-0.568159
-0.462381
0.452939
0.685251
0.785092
0.765504
-1.09922
-0.0131577
-1.18321
0.138861
-0.157939
1.04516
-0.40492
-1.02381
-0.958603
0.697033
0.326403
-1.07533
-1.11664
0.537475
-1.15755
0.868223
0.557422
-1.12936
-1.11812
1.30221
-0.347431
-0.349321
0.855295
1.20816
1.30872
0.688122
-0.327494
-1.12022
0.748016
0.156563
-0.202654
1.09018
-1.04775
-0.0184706
-1.31578
-0.0787347
-1.19443
-1.02206
-1.0216
0.40818
0.657436
0.22893
1.24311
-0.332415
-0.573235
0.99375
-0.741637
1.25048
-1.30359
1.27294
-1.22853
1.04927
0.0843224
1.30832
-1.15163
0.13965
1.28123
0.0627044
0.345186
0.530425
-0.120719
0.337006
0.220946
1.07323
-1.22738
-0.583304
1.20756
1.05799
-0.11311
0.322286
-0.595219
-0.848009
-0.0913918
-0.395548
0.233196
-1.13592
1.27881
1.3235
0.53022
0.0984782
-0.511734
0.843771
0.501151
-0.902356
1.11502
0.866612
1.21428
0.616463
0.288598
-0.229482
1.16471
0.981159
-1.22486
-1.27647
-0.336456
0.834169
1.30436
-0.954253
0.255161
-0.319895
1.25522
0.923464
0.90444
-0.0760814
-0.231491
-0.610721
-1.18734
0.986828
0.846717
1.34517
1.33869
0.143993
0.710143
1.19086
0.939664
-0.686549
-0.126566
-0.987566
1.22422
0.28396
-0.725917
0.468373
0.317212
-0.374346
-1.05483
0.458777
0.0647843
0.731658
0.0442159
0.954609
0.146379
0.174273
1.01415
-0.270853
-0.981453
-1.27397
0.69088
0.322677
0.562446
-0.770874
-0.992168
-1.3117
-0.405497
0.248887
-0.30301
-0.164473
1.09257
-0.400305
0.0270817
0.763972
-0.270971
0.33136
0.973113
1.20793
-0.957853
1.15206
-0.0154024
-0.659013
-0.116402
1.29393
-0.0150784
-0.464053
0.355935
-0.694119
-1.14412
-1.00412
-1.00738
-0.944184
-0.965282
0.375552
-0.859644
-0.410856
1.06362
-0.0874689
0.448226
-0.883161
-0.811469
-1.236
-0.893791
-0.600984
-0.873004
-1.10418
-1.02244
-0.106863
-0.800662
-0.367645
0.00853718
0.499453
-1.24443
0.801916
0.343226
-1.13061
1.00924
1.13703
-1.18204
-0.595492
0.837794
0.664314
-0.853357
-0.778034
-0.340792
-0.0404277
0.333314
-0.348238
-0.0978124
0.655589
-1.256
-0.668975
0.583863
1.06578
0.0214331
0.083379
-1.06321
-0.138889
0.0940781
-0.690128
-0.620483
-0.330271
-1.29348
-0.468021
-0.780544
-0.459029
-1.01637
1.05163
0.254804
0.482411
0.773091
-0.00573552
-1.11598
0.0970341
0.232383
0.664274
-0.186197
-1.00953
-0.576801
-0.359569
0.401372
0.189097
-0.378146
1.31494
0.279417
-0.713876
-1.07356
-0.932072
-0.671879
-0.908715
-0.843981
-0.585308
-0.878527
1.07403
-1.12518
0.0679198
-0.23625
1.29051
-1.04914
-0.270991
1.26151
0.985157
0.848694
-0.655028
-0.899532
0.460531
1.1576
0.159942
0.197021
-0.59299
0.727139
-0.851935
-0.483429
-0.205977
0.0219188
-0.688935
-1.03824
0.303329
-0.56851
0.22243
-0.930589
-0.051786
0.0994352
-1.2063
-0.437642
-0.985435
-1.18259
1.31993
-0.477012
0.829357
-0.656596
0.484842
0.715477
0.257765
-0.0728424
-0.245633
-0.418603
1.15723
0.892496
1.24454
-1.01492
0.620217
1.17936
-0.851969
-1.15669
0.647011
0.194996
0.920261
-0.97492
0.794863
-0.79961
-0.901996
-0.925091
0.84833
0.44679
0.064396
-0.378088
1.02464
-0.293589
0.862703
-0.174597
-0.324377
-0.0867394
-0.531451
0.661311
0.0112248
-0.721044
1.0754
-0.311724
0.117269
1.09659
0.330128
-1.03338
1.18994
0.340494
-0.444129
-0.968115
0.793591
0.31987
0.092809
1.0604
0.758937
-0.932461
-0.500584
-0.679535
0.656855
-1.25784
0.18344
0.713886
1.01916
-0.431165
0.876889
-1.03801
0.935312
-0.997398
-0.276866
0.808474
-0.950235
-0.727579
0.604471
0.595631
0.384372
0.520754
0.119237
-0.664016
-0.41323
-0.857976
1.08504
0.22948
-0.264701
-0.105928
1.19724
-0.92812
0.232567
0.0161197
0.298746
-1.29063
1.00569
1.15055
0.156728
0.526719
1.14716
0.56077
-0.940672
0.212154
0.282783
-0.198365
0.64699
1.17877
1.14003
-0.129227
-1.03384
1.29881
0.924273
-1.0088
1.13339
0.995089
0.0402816
0.232706
-0.274449
-1.20462
-0.450779
0.804724
-1.34074
-0.448746
-0.279005
0.113071
1.14148
-0.429099
-0.414653
0.643124
-0.129531
-0.748575
-0.129056
-0.976232
-0.879105
-0.00483611
-0.219044
1.10611
-0.36073
0.216838
0.349948
-1.30916
0.430293
-0.860844
1.25085
-0.96347
-0.230282
-1.11047
1.34478
0.0128348
0.260543
-1.16833
0.6672
-0.776133
1.06724
-0.786321
-0.830805
-1.24607
-0.0746331
0.17173
-1.18243
0.752376
-0.124386
0.0653961
-0.143116
-0.268547
0.166744
-0.935477
-0.855372
0.981174
1.19733
-0.330732
-0.611336
0.3792
-0.246566
-1.27668
-0.923998
0.587491
0.422245
-1.26495
-0.745053
-0.712738
0.470737
-1.29231
-1.06124
0.813968
-0.860257
0.411448
-0.706274
-1.07228
-0.688315
0.612691
0.965173
0.887412
-0.28087
0.462847
-0.80165
-0.564395
1.07257
-1.30993
-1.11651
-0.790914
-1.27075
-0.860178
0.225129
-0.208228
1.0636
0.853667
-0.423957
-0.642933
-0.314915
0.26251
-0.616734
0.337737
-0.24818
0.13927
-0.173955
-0.556427
1.19523
0.706163
-0.9702
0.992487
-0.0394202
1.05627
0.794892
-0.208969
-1.27181
-0.620447
0.106331
0.365934
-0.648323
-0.96741
0.900768
1.30409
0.0574985
-0.890311
-0.632301
-1.29973
1.11219
-1.02584
0.207996
-0.617728
0.152073
0.409253
0.886943
-0.785504
-1.32055
-0.978036
1.08429
1.0132
0.26288
0.270796
0.439336
-0.871114
1.11823
-0.22854
-0.321332
0.0539929
-1.22923
-0.894513
0.647051
-1.12672
0.279385
-0.682708
-0.300504
-0.560266
-0.384388
0.597266
-0.549726
0.182054
-0.0604436
0.426515
1.18213
0.625751
-0.77234
-1.25203
-0.644967
0.263099
-1.20679
-0.00243899
0.259915
-0.443944
0.724731
-1.04382
-1.14234
0.620694
-0.0043734
0.503325
-0.176314
-0.686303
0.855668
0.815283
0.525261
-0.62152
0.248239
-0.385074
-1.10474
1.12817
-0.975339
1.22163
-0.145162
-0.847194
0.11621
1.01437
0.629802
0.824514
0.421957
0.504842
0.945907
-0.682998
-0.0274033
-0.737815
1.3079
1.18638
-1.24454
0.549851
1.15067
-0.858526
0.185373
1.13225
-1.25986
0.531588
-0.544425
1.14788
1.27296
1.20327
-0.0755688
0.987881
0.928293
-0.492368
0.890715
-1.2601
0.259612
-0.724583
-1.02893
-1.13169
0.533063
-0.423083
0.603779
-1.1699
-0.493299
0.104549
0.787797
-0.484467
0.332332
1.04661
0.303692
-0.728609
-1.27663
1.00246
-1.29313
1.00734
0.0820028
1.19225
0.809682
1.3337
-0.407983
0.724201
-0.264277
-0.0552312
0.349269
0.997317
1.30038
0.723453
-0.227571
-0.221085
0.610369
-0.714092
-1.05871
-0.390336
-0.575116
-0.544157
-0.713985
-1.22459
-1.30253
1.32352
-0.177845
-0.319229
0.47766
-0.767831
1.21019
0.763066
-1.1101
-0.220892
1.01109
1.19476
-0.087531
0.305747
-0.905813
1.32892
-0.717599
1.20977
0.414541
0.292852
0.0288097
-0.730785
-0.866837
-0.749725
-0.835862
0.746523
-0.397422
-1.19148
1.26618
1.04145
1.15574
1.32125
-0.889762
-0.266613
0.693613
0.523089
-0.927673
0.859825
-0.748932
-0.736719
0.10245
0.250973
0.21798
-1.09308
1.01765
-0.630113
-0.989228
1.05634
1.23195
0.98031
0.830047
0.419595
0.130734
-1.11151
-0.248465
-0.354031
-0.640481
0.612077
-0.0115532
-1.12596
-0.751803
0.49134
-1.12965
0.94476
0.00290309
-0.0518152
0.254185
0.885231
-0.418095
0.480832
0.178612
-0.623424
1.02435
0.8118
0.431022
0.952126
0.979899
0.55847
0.910577
0.537096
0.488118
0.319697
0.682311
-0.936929
1.03579
1.00027
-1.27973
0.880778
-1.0003
-0.444244
0.670243
-0.922096
0.855315
0.895913
0.00701955
-1.33844
-0.568891
0.307651
1.29603
0.356077
-0.648357
0.352097
0.122652
0.760198
-1.06607
0.704634
0.10867
1.2314
-0.437666
0.349512
1.16093
-1.07992
1.1665
0.500437
-1.16545
-0.535911
0.571532
-1.1729
0.228227
-0.407441
0.324473
-1.21502
1.01343
1.28086
1.25203
0.676398
-1.00178
0.698346
-1.27254
-1.28898
-0.490319
-0.0366216
0.731408
0.499061
-0.143491
-0.604454
1.33595
-0.195481
-0.13699
-0.90695
0.796568
0.523532
-0.77079
-1.12648
0.493453
0.421741
-0.602368
1.21025
-0.934066
-0.175009
1.19596
-0.221859
0.364993
-0.26929
-0.608116
1.31072
-0.238875
1.07173
-0.720904
-0.776762
-1.25422
0.418576
-0.35637
0.979945
-0.0712996
1.25948
-0.840979
1.01144
0.730314
0.730407
0.928197
0.699655
0.329012
-0.995405
-1.25378
1.13555
0.319368
0.789764
-0.0519872
-1.03644
-1.00966
0.501539
-0.191794
-0.804187
-0.0240618
-1.18122
0.22444
-0.608042
0.810015
-0.521048
-0.117322
-1.32348
-1.1402
-0.285444
-0.0515469
0.267866
-0.560452
0.506115
0.971453
0.758169
-1.24658
-0.0564053
-1.06317
-0.70181
1.30841
-0.957562
0.00457131
0.320559
0.543298
0.154954
-1.32981
-0.464031
0.0474493
-1.12472
-0.41007
-1.25406
-1.13268
-0.262883
-0.988698
0.187624
0.50798
0.806852
-0.803813
-0.902284
-1.0651
0.370572
0.557806
-1.24416
1.17665
-1.20417
0.117321
0.564952
1.00906
0.572786
0.820236
-0.42728
0.841201
-1.13677
1.05374
0.128624
0.854728
-0.12795
0.394646
0.0721356
0.624975
-1.14202
-1.18556
-0.677641
-0.912956
0.998222
-0.749251
1.27978
-0.451285
-0.849946
0.781474
0.42915
-9.74495e-05
0.145066
0.58321
-0.735747
1.34471
1.2858
0.401062
-0.809334
0.473569
-1.15918
-1.25811
-0.641438
-0.0997928
1.00463
0.622111
0.658482
-0.210669
-0.41651
-0.336347
1.31617
-1.23931
0.985136
0.206703
-0.169008
0.610082
-0.0353658
1.00166
1.08243
-0.209428
-0.605899
0.258864
1.10523
-0.779555
0.335201
0.358187
0.633648
-0.992283
0.578307
1.09664
-0.872228
-0.705758
1.27595
-0.865139
0.945791
-0.0303095
-0.675422
1.00301
-0.137765
0.0390912
-0.37597
0.250769
-0.907329
-0.291288
1.27646
-0.653338
0.423108
-0.465837
0.736242
-1.00075
1.26162
-0.134858
-0.718179
-1.15702
-0.891836
0.0524436
-0.445613
0.886192
-0.189378
-0.676602
0.315666
0.548062
-0.898737
-0.897201
-1.22314
0.647293
0.441885
-0.078736
0.924802
0.824564
0.225507
0.987147
-0.792123
-1.05336
-0.624075
-1.1924
0.0844845
1.18243
-1.24471
-1.01816
-0.118958
1.16705
-0.502695
0.0148161
-1.22907
-0.936722
1.30604
1.24687
-1.33601
1.22252
0.381742
0.989376
-0.133105
0.0469781
-0.0253437
0.449735
-0.985828
-1.26437
-0.517629
0.552007
-0.817526
0.482348
1.27491
-1.09293
0.471927
-0.151654
0.99887
-0.874231
0.525339
0.92088
1.20697
0.500449
-0.0214322
0.317787
1.0008
0.179207
-1.27726
1.16567
0.511971
0.476485
-0.759689
0.429998
-0.283215
0.416681
-1.0509
0.427572
1.34206
-1.22634
1.27255
-0.253598
1.00181
0.757718
0.184184
0.642955
1.0237
-0.263606
-0.466421
0.460386
0.82377
0.70288
0.789639
-0.174944
0.843897
-1.04318
0.106764
-1.33221
-0.47958
-0.362879
-0.274663
0.523093
-0.30304
-0.153389
-0.723176
-0.33297
-0.730155
-1.15104
0.287965
0.455345
0.325986
-0.102269
-0.32209
0.979873
0.0416197
-0.0471106
-1.28175
-0.427182
-0.312921
-0.272681
0.221906
0.0825896
0.29968
0.7164
0.849704
0.593379
1.20938
-1.30398
-0.823731
-1.32842
0.39238
1.06242
-0.692577
1.15202
-1.18536
1.16982
-0.391609
-1.0809
-0.0432988
-0.670795
-0.567975
-0.520382
0.816569
0.110806
-0.50099
0.303643
0.579349
-0.613577
-0.231179
-1.01223
-0.85941
0.491545
-0.861656
0.0688493
0.570714
-1.05336
0.185828
-0.645074
1.2413
-0.0437796
0.822387
0.129374
-1.22545
0.365791
1.22689
0.27241
0.868931
1.03646
-0.739076
-0.769149
0.30675
-0.239968
0.908405
1.06165
-0.40069
-0.709883
0.756319
-0.603633
0.859592
-0.211395
0.452753
-1.08775
0.340818
-0.139825
0.231445
-0.885883
0.635085
0.972535
-0.767637
-1.0854
-1.27191
0.388511
0.291451
0.114228
-0.717991
-0.283745
0.24885
-0.00529185
1.30378
-0.985418
0.523546
-0.260005
-0.194112
0.58122
0.500676
1.31324
-1.01295
-1.0738
0.594916
0.215671
-0.624271
-1.13183
-1.11021
1.06553
-0.836154
-0.475075
-0.741571
-0.397126
-1.14777
0.0677428
-1.15491
0.820636
-0.723511
0.129389
1.03391
0.40738
0.0901667
-0.465963
-0.44756
0.456061
1.33276
0.428325
0.14948
0.611671
-0.0976016
-1.19309
0.165974
1.22731
-0.876147
0.503351
-0.809235
0.0986037
-1.08423
-0.136547
0.68391
-0.409563
0.456965
0.806749
1.15987
-0.721077
-0.279144
-0.933131
1.33837
1.14976
0.104375
0.90967
0.0389458
0.32731
-1.11141
0.68688
-1.00422
0.874653
0.760608
0.552218
-1.25432
-0.524275
-0.636924
-0.37589
-1.10359
1.19109
0.141752
-0.531686
-0.27524
-0.143068
0.270987
0.039248
1.11853
-0.00310052
1.3185
0.949169
-0.79237
1.15044
-1.04157
0.853234
-0.323357
1.02401
0.991107
0.815647
0.757703
-0.5334
-1.13038
-0.266522
-0.873937
0.530683
-0.427493
1.29258
0.378659
0.863764
-1.00125
0.991038
1.14389
-0.0481309
0.279573
0.713033
-0.882328
0.0114782
-0.280576
-0.961633
-0.363771
-1.17111
-1.27896
-0.978362
1.25407
0.141412
1.25981
-0.19356
-0.512197
0.0205273
-0.163988
-1.07148
0.382198
-0.773681
0.326527
0.415674
-0.949269
-1.17894
0.770788
-0.117572
-1.18452
1.33407
-1.2073
0.531545
1.28852
-0.715105
-0.974666
-1.03476
-0.535212
-1.06523
0.517676
-1.16741
0.036965
1.34338
0.846557
0.30191
-0.516656
0.329487
0.0668543
-0.189361
-0.996573
1.04045
-0.129986
-0.812934
-0.353075
-0.230619
0.881605
0.632164
0.719519
-1.32322
-0.217171
-0.0490552
-1.30023
-0.6408
0.694868
-0.972832
0.0925008
-0.766203
-1.31068
-0.691091
1.30385
0.810103
1.22972
-0.0409542
-1.04912
0.129193
-0.108342
0.935318
-1.07499
-0.0306984
-0.944101
-0.464418
0.638043
-0.0646286
-0.326556
-0.286417
-0.106817
0.78272
1.0643
1.22633
0.768169
-0.487814
0.506295
-0.175234
-0.656845
0.915801
-1.25127
1.07951
-0.103548
0.370545
0.429734
1.07472
0.371541
0.296522
-1.1662
0.0410571
-0.945121
0.642248
0.025242
0.472226
-1.24595
-1.12019
0.582265
-1.13832
-1.14511
-1.30647
1.23273
0.626449
-0.407431
-0.547043
-0.406026
0.742927
0.429995
-0.842438
-0.880654
-1.08158
0.450512
0.707045
-0.634029
-1.2949
-1.11992
1.25734
-0.555573
0.728995
0.351763
-0.317071
-0.791908
-1.00262
0.329632
0.740269
0.393699
0.0764412
-1.22625
1.27424
0.806506
-0.560179
1.30771
0.275845
0.2187
0.663887
0.845121
0.408783
-1.00671
-0.432473
1.15141
-0.737399
-0.350703
-0.169346
-0.169642
0.299198
1.1972
-0.712079
-1.0094
-0.803403
1.05252
0.39667
-0.577884
0.854881
0.968972
0.927534
1.11141
-0.676173
0.684888
-0.101246
0.930229
0.614295
0.739724
0.412993
-0.877183
0.129924
1.30147
1.17115
-1.23688
-0.897269
-0.993742
0.59386
0.837368
-0.778414
0.0145251
0.926094
0.632976
0.117793
0.236589
0.0220966
-0.560438
0.178013
0.504128
1.00258
0.362335
0.702528
-0.907996
-0.110787
-1.32078
-0.674983
0.62742
1.31947
-1.08724
-0.254087
0.806498
-0.803009
0.155646
0.623155
0.317336
-0.842741
-0.377519
0.767058
0.137898
-1.33571
0.70329
-1.25117
0.658566
-0.806092
1.22086
-0.353914
-0.464241
-0.947449
-0.518307
1.02149
1.3268
-0.360232
-0.139298
0.591419
1.04364
0.240973
-0.302787
-0.231039
0.510107
-1.34138
0.339283
-0.387451
0.781415
-1.10746
0.236303
-0.0497152
0.379744
-1.16714
0.227342
0.171177
0.161003
0.277074
0.481037
0.81429
-0.623808
0.866089
-0.0142567
-1.14517
-1.18243
-0.439985
0.775119
0.564848
0.783799
0.0498274
-0.17661
-0.954827
-0.468753
-0.180853
-1.10234
-0.742538
0.266276
0.643878
1.35062
1.15976
0.367788
-0.217254
0.353553
0.757961
-1.03138
-0.244129
0.921288
-0.308481
0.182471
0.227777
-0.850584
-0.367104
-0.443968
-1.27635
-1.26842
0.887737
-0.613534
0.0545891
-0.544379
1.19921
-0.655854
-0.181036
1.00589
0.919901
-0.847414
0.808329
-0.12368
-0.0583517
-0.992442
-1.13876
0.626076
-0.00358784
-0.169894
0.615031
0.710737
-0.913816
0.300765
-0.973184
0.689042
0.436218
1.21895
-1.17297
-1.20197
-0.587379
