0
-0.0498389
-0.0616352
-0.276804
-0.486258
-0.950839
-0.638413
-0.619247
-0.0235234
-0.835733
-1.4122
-1.76846
-1.77418
-1.85142
-2.26038
-2.52337
-2.43923
-4.0844
-3.74051
-4.43446
-4.99302
-6.15115
-7.52395
-12.7011
-25.0375
-78.7828
71.8849
14.1216
6.38842
4.98488
3.25597
3.6176
2.93935
2.97697
3.95201
3.70077
3.54143
3.8941
3.73298
3.92505
3.48384
3.82715
2.2268
1.96799
0.484982
-0.868333
-4.2328
-6.6039
-11.1002
-14.2991
-2.94724
61.223
-21.5374
-0.96953
8.92703
5.53341
4.82687
6.61512
5.28259
3.56392
3.34707
2.10069
0.369318
0.495116
-1.39707
-1.34598
-1.72913
-0.620124
0.73981
1.29626
0.8477
2.67617
0.417313
-0.395339
-2.77433
-16.9905
-34.5334
55.8489
-33.151
18.6516
-6.27578
2.65199
0.130199
0.968658
0.869622
0.582529
0.0113143
-0.523196
-1.23753
0.246817
1.58926
0.505223
0.789909
1.09011
2.88636
4.27595
3.63997
1.78517
0.217615
4.16191
13.1072
8.64038
-26.9123
8.17544
-6.06783
1.64151
-2.87714
0.777405
-0.893682
0.546265
-0.12999
-0.0437884
1.04878
0.304194
-0.628084
1.31754
0.817571
0.0385193
-0.447017
-1.01916
-1.27767
-1.04998
-1.18804
1.72063
6.21394
13.8577
23.0276
-4.1441
-11.242
9.93637
-9.42236
7.43541
-4.47706
5.67281
-3.60184
-0.161816
-0.661263
1.4274
1.19745
-1.99827
1.02446
-1.91765
-1.96841
0.121576
-1.16455
-2.52546
-1.56314
-0.285561
-2.64454
-6.48203
-5.8421
-0.769181
34.2298
7.84818
-23.223
-7.01932
5.56555
7.41916
4.47485
0.38092
-1.58561
-1.71848
-1.24945
0.230507
0.880868
0.120369
-0.668981
-0.530781
-0.91181
-0.344242
0.33241
0.637612
0.432605
0.67477
0.638501
-0.441698
-2.46808
0.193139
4.40826
-1.92886
1.08518
-0.185118
0.153856
0.679753
0.756256
1.39014
1.57151
1.03069
0.195936
0.696421
0.372389
0.349811
0.823962
1.09862
0.863709
0.521076
0.583502
0.745815
1.24451
1.5806
1.57762
0.82726
-0.059604
0.345023
-0.911365
0.696878
0.421001
0.303956
0.0976114
0.323398
0.410897
0.37772
0.381906
0.115919
0.251791
0.322135
0.182902
0.238687
0.195458
0.222823
0.183912
0.270602
0.307766
0.489999
1.16774
1.37686
1.82063
0.47994
-0.0947332
0.416007
0.47705
0.122272
0.142053
0.161086
0.262938
0.290982
0.234216
0.46805
0.421644
0.174972
0.250521
0.130605
0.3033
0.189549
0.226675
0.098305
0.0384004
0.0358815
0.123479
0.511306
0.746117
1.16965
0.86543
-0.207721
0.303545
0.0304263
0.363982
0.290391
0.349379
0.151428
0.055902
0.219149
0.226997
0.337457
0.112
0.271851
0.399192
0.253222
0.229945
-0.0335174
0.198576
-0.0117714
0.153456
-0.257138
0.0151505
0.484008
1.1165
1.15584
-0.0252333
-0.369458
0.476804
0.341244
0.368219
0.0809131
0.382843
0.216281
0.226004
0.0966301
0.432496
0.249268
0.226494
0.0933123
0.0530754
0.151219
0.258269
0.240969
0.143525
0.0706255
0.299225
0.104087
0.164596
0.123649
0.460583
0.321873
-0.143601
0.274875
0.0519921
0.300682
0.217535
0.262039
0.079174
0.00335157
0.192811
0.244334
0.159461
0.0414202
0.324529
0.203312
0.0676091
0.232383
-0.000653863
0.268127
0.248644
0.236075
0.00803173
-0.0273114
0.185062
0.319725
0.179997
-0.219273
0.230646
0.0866714
0.18946
0.0773628
-0.0181924
0.219328
0.145302
0.0792878
-0.00769424
0.320783
0.231998
0.1732
0.171494
0.00548899
0.42288
0.290536
0.124279
-0.028093
-0.152907
0.343076
0.202333
0.0482039
-0.156418
0.0240293
0.194034
0.0884928
0.14484
0.110471
0.168046
0.505285
-0.0608952
-0.108035
0.358397
-0.0590415
0.29856
0.000101089
0.227329
0.143493
-0.164041
0.162033
0.0309446
0.107796
0.10819
0.366296
-0.167774
0.156505
-0.566687
0.00296855
0.121535
-0.0136344
-0.194401
0.3511
0.232199
0.751177
-0.401866
-0.0742272
0.650648
-1.08453
2.05475
-0.907702
0.146398
1.20761
-0.637234
-0.655279
-0.321099
0.0546417
-0.288947
0.684673
1.18214
0.535995
0.496942
1.10218
0.155332
-2.28295
-1.25097
1.17479
-0.660861
-0.978883
-0.0510123
0.500059
0.76497
0.730719
-0.324694
-1.04421
-0.209063
-0.307333
-0.273037
0.0982585
0.501262
-0.0575645
-0.224904
-0.118106
0.120906
0.0173361
0.0753607
0.0282818
0.258452
0.365821
0.484792
-0.263867
0.604558
-0.143643
-0.56412
0.0258579
-0.350272
-0.0572449
-0.174846
0.336617
0.00644135
-0.182805
-0.152303
0.0748807
0.0420862
0.208351
-0.272862
0.0695734
0.279992
0.219834
-0.157544
-0.324772
-0.433145
-0.163401
0.293139
0.357529
-0.443972
0.0199015
0.920428
-0.701757
0.480795
-0.246829
-0.246333
0.531583
-0.0847381
0.127348
-0.547984
-0.171132
-0.111119
0.0187966
-0.0714251
0.707837
-0.184967
0.0994816
-0.276317
-0.417315
0.216064
-0.528485
-0.717319
-0.474593
-0.01991
0.157781
-0.276458
-0.0653453
-0.132713
-0.103778
0.0247375
-0.157588
-0.0861548
-0.177666
-0.0600698
-0.00337768
-0.140582
-0.100449
-0.174833
-0.0766802
-0.0195069
-0.151167
-0.107489
0.091464
-0.0977269
-0.0380399
-0.161821
-0.123961
0.0722761
-0.109648
-0.0239562
-0.166867
-0.141393
0.0532216
-0.127308
-0.0606729
-0.16253
-0.0359248
0.0410469
-0.14998
-0.0847453
-0.166268
-0.0569956
0.0133344
-0.147455
-0.0884324
-0.168989
-0.0866736
-0.0118068
-0.148838
-0.114292
0.0474434
-0.0958467
-0.0361332
-0.156497
-0.135032
0.0948358
-0.102047
-0.0339496
-0.193845
-0.0404819
0.0511516
-0.141789
-0.0432497
-0.146639
-0.0539628
0.0297074
-0.167545
-0.0913112
-0.164472
-0.0844785
-0.0042026
-0.144744
-0.0969862
0.104123
-0.0982199
0.013332
-0.163593
-0.119815
0.124268
-0.145312
-0.00507605
-0.162567
-0.146062
0.0476744
-0.135489
-0.0403726
-0.215652
-0.054197
0.0341684
-0.161839
-0.0772904
-0.160552
-0.0724199
0.1738
-0.150998
-0.0858772
-0.152202
-0.0982955
-0.0165416
-0.145116
-0.105981
0.0829599
-0.110854
-0.0352787
-0.0520246
-0.12074
0.0709069
-0.130209
-0.0421774
-0.145139
-0.140257
0.00190902
-0.14009
-0.067344
-0.157037
-0.0565293
0.0467488
-0.125184
-0.0656804
-0.215471
-0.0892881
-0.0022682
-0.140115
-0.108814
0.0988543
-0.144261
-0.0472854
-0.142925
-0.106621
0.073952
-0.130979
-0.0473541
-0.167489
-0.0345784
0.051967
-0.116693
-0.0339944
-0.149449
-0.0402001
0.109342
0.0268575
-0.799068
-0.482763
-0.0665375
0.0130665
-0.194977
-0.15363
-0.146906
0.00964481
-0.445038
-0.0967597
-0.0229297
0.0513926
-0.104499
-0.0175579
-0.125015
-0.104268
-0.088479
0.488992
-0.256169
-0.0732125
-0.119047
-0.0106664
-0.152701
-0.0980833
-0.200402
0.669773
0.168225
-0.125576
-0.130973
-0.157961
-0.149096
0.0324619
-0.0522652
-0.15384
1.03752
-0.302974
-0.0720189
-0.0587295
-0.143456
0.132621
-0.19078
-0.236976
0.33738
0.193423
-0.0389106
-0.169469
0.000572413
-0.180032
-0.115846
0.0297482
-0.156587
-0.0728834
-0.130877
-0.115447
-0.00302029
-0.133364
-0.137089
-0.100817
-0.296855
-0.806173
-0.635468
0.0183343
-0.0391872
-0.156618
-0.0367175
-0.185798
-0.0202599
0.376452
0.584925
-0.121938
-0.274782
-0.148037
0.0713383
-0.108015
-0.0669642
-0.10648
-0.150654
-0.40117
-0.083271
-0.0436449
-0.122327
-0.0232825
-0.0774956
-0.145854
0.0575036
0.693879
-0.0493394
-0.0859728
-0.122098
-0.104072
-0.00165212
-0.0725251
-0.20344
-0.504128
-0.589479
-0.0854641
-0.117334
-0.0353821
-0.0806351
-0.13738
-0.0123357
0.0411621
-0.0495458
-0.227862
-0.163109
-0.0714544
-0.163949
-0.121977
-0.0907637
-0.1703
-0.0770363
-0.122141
-0.0861816
-0.0515195
-0.0945014
-0.0944278
-0.172467
-0.0989813
0.0512685
-0.15795
-0.106017
-0.138441
-0.132032
0.0220622
-0.144862
-0.128035
-0.162957
-0.0903508
-0.00361121
-0.126047
-0.131133
-0.119987
-0.108847
-0.020665
-0.125587
-0.138419
-0.100707
-0.121456
-0.0355684
-0.112729
-0.143346
-0.027455
-0.125755
-0.0397301
-0.0506399
-0.131159
-0.0470175
-0.137923
-0.0570612
-0.0924133
-0.139816
-0.0760412
-0.151494
-0.125926
-0.147395
-0.145569
-0.0709459
-0.134254
-0.103346
0.113956
-0.111032
-0.0975975
-0.151284
-0.0903769
-0.0969496
-0.103594
-0.10935
-0.138275
-0.133539
0.0865079
-0.106688
-0.125797
-0.148416
-0.15059
-0.0448495
-0.0797431
-0.14491
-0.128176
-0.0795133
0.719483
0.062418
-0.137593
-0.0774448
-0.109294
-0.0231704
-0.112822
-0.112349
-0.0936441
-0.131786
0.151033
0.109185
-0.144788
-0.0646728
-0.14768
-0.0611691
0.00579321
-0.116556
-0.0904703
-0.135313
-0.0423996
0.250494
-0.117391
-0.0913359
-0.128576
-0.0825361
-0.0420737
-0.138051
-0.116558
-0.134321
-0.135865
-0.171988
-0.126645
-0.124601
-0.134126
-0.148336
0.0659866
-0.16615
-0.139819
-0.122532
-0.130039
0.0200997
-0.108382
-0.140199
-0.127631
-0.116086
0.00565863
-0.0805012
-0.130903
-0.0935458
-0.130363
-0.0368733
-0.0482802
-0.139168
-0.0755959
-0.0324833
-0.0358683
-0.0430548
-0.135838
0.125716
-0.125676
-0.0580612
-0.0294172
-0.12177
-0.0555145
-0.133977
-0.188617
0.0761105
-0.100384
-0.0817503
-0.137529
-0.0705706
0.00357446
-0.0847994
-0.106106
-0.133494
-0.0881805
0.0391721
-0.107697
-0.131391
-0.138264
-0.118622
0.0371651
-0.110919
-0.107945
-0.13726
-0.115731
0.0723669
-0.0913299
-0.135559
-0.119092
-0.124429
0.0210128
-0.0691053
-0.134756
-0.101773
-0.133419
-0.0143503
-0.041906
-0.135717
-0.0309634
-0.149323
-0.0262742
-0.0564282
-0.123303
-0.0809414
-0.127188
-0.0250736
-0.0161109
-0.10831
-0.0566355
-0.120389
-0.0755817
0.0266973
-0.106327
-0.0430025
-0.13804
-0.0681932
0.00965856
-0.0359162
-0.116955
-0.127454
-0.0856531
0.0459104
-0.0704602
-0.125315
-0.109058
-0.0914923
0.052765
-0.0490575
-0.119547
-0.120657
-0.100432
0.070538
-0.0808706
-0.116307
-0.123865
-0.124644
0.0965167
-0.0556
-0.124575
-0.108414
-0.121774
0.00799346
-0.0470936
-0.120998
-0.0940191
-0.123557
-0.012944
-0.0306201
-0.122918
-0.0820638
-0.135911
-0.0276847
-0.000620171
-0.109132
-0.0653727
-0.124905
-0.0463255
0.00816925
-0.105642
-0.0617722
-0.132137
-0.0597124
0.0219972
-0.0771791
-0.0317127
-0.135283
-0.070353
0.0486261
-0.0643603
-0.127145
-0.131491
-0.0917623
0.0647045
-0.0442132
-0.133524
-0.127562
-0.094032
0.0810648
-0.0238645
-0.134244
-0.116718
-0.109685
0.0971532
-0.054156
-0.12813
-0.10533
-0.12094
0.10737
-0.0370782
-0.123059
-0.101458
-0.126698
0.12111
-0.0152973
-0.111549
-0.0880225
-0.131935
-0.0152444
0.00274055
-0.098099
-0.0720388
-0.133575
-0.033291
0.0239295
-0.0927088
-0.05718
-0.128412
-0.0516511
0.043742
-0.0765735
-0.0384791
-0.133165
-0.0656632
0.0511855
-0.0584555
-0.0200909
-0.132777
-0.0815244
0.0689813
-0.041196
-0.133158
-0.12734
-0.0978904
0.0861911
-0.02037
-0.132222
-0.121571
-0.0988632
0.103794
-0.00220233
-0.129901
-0.111837
-0.113601
0.113676
-0.0280615
-0.123765
-0.101113
-0.127104
0.127274
-0.0141471
-0.117898
-0.0942646
-0.128901
0.128373
0.0106543
-0.10056
-0.0807159
-0.135114
-0.019279
0.0304309
-0.0791641
-0.0627098
-0.137347
-0.0263583
0.0517078
-0.0761013
-0.0502482
-0.12547
-0.0605522
0.0589019
-0.0525398
-0.034478
-0.132859
-0.0569746
0.0771281
-0.0452231
-0.00697906
-0.130617
-0.0852767
0.100848
-0.0295296
-0.132315
-0.126373
-0.0991158
0.108452
-0.0065057
-0.144969
-0.12232
-0.103471
0.129618
0.0161414
-0.122863
-0.119767
-0.111984
0.140171
-0.00163603
-0.134503
-0.0891993
-0.115211
0.136145
0.0102048
-0.0971801
-0.0634637
-0.134217
0.135365
0.035319
-0.0786462
-0.0784999
-0.133102
-0.0273725
0.0484756
-0.0623652
-0.0526971
-0.109341
-0.0444361
0.0697383
-0.0499316
-0.0358388
-0.148495
-0.0563546
0.083581
-0.0356145
0.0188979
-0.13417
-0.0764425
0.100357
-0.0218482
-0.0249798
-0.132844
-0.0939196
0.0952795
-0.0056977
0.0168031
-0.165488
-0.170256
0.138586
0.018377
-0.134091
-0.171634
-0.122267
0.133667
0.0510455
-0.145795
-0.105485
-0.122617
0.120353
0.0559671
-0.0984042
-0.0821922
-0.169572
0.125016
0.0341278
-0.122871
-0.0276496
-0.133282
0.139544
0.0548455
-0.0669233
-0.0696125
-0.157187
-0.0441779
0.0408258
-0.054591
-0.058827
-0.147397
-0.0472645
0.0851325
-0.110469
-0.0303235
-0.130685
-0.0537927
0.131212
-0.0214711
-0.0111809
-0.098929
-0.0887477
0.118844
-0.00422043
-0.0218477
-0.136773
-0.100216
0.118579
0.0107071
0.0947446
-0.130279
-0.0958757
0.114125
0.0141654
-0.117449
-0.119806
-0.129497
0.140891
0.0679452
-0.0550869
-0.0886365
-0.118088
0.149235
0.0630078
-0.0717117
-0.0812383
-0.125818
0.134099
0.0359249
-0.305856
-0.0254551
-0.155015
0.120846
0.095673
0.134064
-0.0165338
-0.123514
-0.0309731
0.0689752
0.0129817
-0.0459305
-0.122109
-0.0331376
0.0912435
-0.143012
0.0409478
-0.149828
-0.0698476
0.0951974
-0.0330781
0.10457
-0.12431
-0.115954
0.132365
-0.0220933
-0.177452
-0.133821
-0.122922
0.156553
0.027849
0.189979
-0.110466
-0.108804
0.135436
0.0504097
-0.111326
-0.157193
-0.136101
0.156566
0.0784909
-0.258396
-0.0983407
-0.134951
0.125928
0.0642216
-0.0921867
-0.0631582
-0.14211
0.135364
0.0686451
-0.0617359
-0.0639813
-0.148507
0.120331
0.0878441
-0.0171637
-0.0435879
-0.145582
0.102659
0.101649
-0.0255279
-0.0278999
-0.140196
-0.0552859
0.127717
0.00266051
0.00144881
-0.149843
-0.109345
0.169525
0.00325012
0.0117266
-0.116453
-0.10122
0.140376
0.0210897
0.0135857
-0.118387
-0.125174
0.159574
0.0253071
0.0213901
-0.104842
-0.0643296
0.224952
0.0287071
-0.0795729
-0.140377
-0.157144
0.131155
0.0352653
0.00620446
0.731271
-0.0484424
0.126397
0.10026
-0.0583799
-0.0237585
-0.145333
0.245738
0.356938
0.441941
-0.143604
-0.114536
0.129616
0.16478
-0.0365255
-0.0366861
-0.0468566
0.556203
0.0589499
-0.0191702
-0.0502229
-0.13486
-0.0688354
0.131508
0.112948
0.867768
-0.263742
-0.0700995
0.135033
-0.0510436
0.00491905
-0.0472448
-0.0390425
-0.0623882
-0.757094
-0.0466732
-0.139937
-0.0884843
0.179414
0.00706029
-0.0248365
-0.108094
-3.2436
-1.24042
0.184153
0.151915
-0.160192
-0.115218
0.105271
0.122829
-0.0605335
-0.0931502
-0.143886
0.109057
0.237571
-0.0122281
-0.00383341
-0.248685
-0.0163518
0.717204
0.136173
-0.106645
-0.0455403
0.156063
0.0784693
0.0723108
0.137786
-0.2115
0.70945
0.147224
0.0286934
-0.01389
-0.0784475
-0.103227
0.102771
0.162672
0.0794307
-0.240214
-0.132326
0.157936
0.159905
0.0554428
-0.0935863
-0.105237
-0.0398535
-0.55986
0.0882536
-0.114094
-0.157055
0.131337
0.152234
0.0585109
0.0746439
-0.349458
0.381464
-0.0208857
0.0999477
-0.0233142
-0.151833
0.129132
0.154911
0.0414228
0.211112
-0.033941
0.185016
0.133583
-0.0259948
0.0310068
-0.140635
0.107025
0.190147
-0.0357739
0.0327852
-0.144044
0.105444
0.146843
0.00153148
0.0433916
-0.173987
0.0610133
0.147695
0.030375
0.0858759
-0.155972
-0.163884
0.151824
0.071231
0.117764
-0.1194
-0.139816
0.135256
0.0730579
0.135736
-0.119077
-0.169424
0.0503932
0.0945644
0.144708
-0.138203
-0.175291
0.0985163
0.118732
0.133098
-0.15176
-0.139432
0.0716317
0.132552
0.156559
-0.104318
-0.176254
0.0255778
0.130067
0.079055
-0.145378
-0.141279
0.0148036
0.153393
0.0291736
-0.0900145
-0.129371
-0.0213128
0.150111
0.111909
-0.035635
-0.102796
-0.0545512
0.15806
0.174268
-0.0702795
-0.0752228
-0.0470026
0.153416
0.155883
0.00442863
-0.0590751
-0.158737
0.182686
0.160751
0.0183687
0.000624418
-0.113774
0.179142
0.15898
0.0309147
-0.00161231
-0.127725
0.185894
0.14838
0.0997272
-0.0195428
-0.15079
0.15975
0.165689
0.108396
0.0257957
-0.158996
0.160316
0.163191
0.125016
0.0444845
-0.170579
0.144454
0.165923
-0.0649883
0.0884144
-0.168351
0.133139
0.145929
-0.0150707
0.108903
-0.181563
0.098369
0.119927
0.00219095
0.118479
-0.178111
0.0826203
0.138349
0.0244775
0.137358
-0.175879
0.060818
0.117826
0.0419886
0.146486
-0.178715
0.0415637
0.0956156
0.0624475
0.151579
-0.172926
-0.184236
0.0889971
0.0778191
0.160525
-0.228895
-0.172093
0.0468478
-0.0192969
0.184462
-0.111607
-0.0898675
0.342878
0.184496
1.26701
0.230487
-0.207721
-0.443079
0.112724
0.611894
0.00672448
0.0945664
-0.295637
0.426103
0.15667
-0.0574902
-0.179369
-0.427806
0.00249207
0.657595
-0.0369501
-0.404432
-0.494048
-0.201471
0.268856
0.195269
0.338076
-0.182066
0.121732
-0.034023
-0.165999
0.00766826
-0.318659
0.278861
0.205657
0.0733722
0.0642689
-0.435138
0.0599111
0.0856488
0.197538
0.355631
-0.0552366
0.0850316
0.176509
-0.106902
-0.672895
-0.503215
-0.294148
-0.172689
0.66996
0.592991
0.0555565
-0.127487
-0.178788
0.151664
0.424761
-0.045351
0.273393
0.150134
0.286987
0.0622573
-0.135547
0.432368
0.334645
0.210489
0.522933
-0.56715
-0.523127
-0.657798
-0.490582
-1.43349
-0.569018
-1.01632
-0.531577
-1.25043
1.65396
-0.277078
-0.390588
0.24758
1.03537
-0.0486437
-0.0120184
0.383198
0.594022
-0.304911
0.516109
0.77968
-1.36388
0.536725
1.30982
-1.49014
1.06614
-0.486405
1.87899
-0.852677
1.86038
-0.284172
-0.154583
0.215765
0.169224
-0.0975356
-0.572361
0.165368
-0.469693
0.410431
0.217623
-0.195522
0.253923
-0.567372
0.3053
0.0165433
0.0355363
0.0650959
-0.531075
0.281291
-0.0553241
-0.0982885
-0.164249
-0.467504
0.632056
-0.106966
0.684006
-0.0794702
0.0453674
0.387691
0.329431
-0.23436
0.0323615
-0.295386
0.392257
0.36667
0.0625644
0.191371
-0.426752
0.207087
0.154887
0.151053
0.292983
-0.25365
0.153845
0.159082
0.195006
0.294272
-0.248667
0.196018
-0.0753095
0.482111
0.0895795
-0.425081
0.245409
0.0669532
0.191578
0.355174
-0.361134
0.104068
-0.0972016
0.236449
0.230122
-0.239648
0.0766058
-0.0064317
0.315382
0.315045
-0.316072
-0.0510397
-0.17891
0.2815
0.288537
-0.268247
-0.0385616
-0.256688
0.167977
0.364769
-0.476943
0.0495028
-0.278229
0.233666
0.284847
-0.361959
-0.0756917
-0.245502
0.284878
0.298604
-0.264885
-0.226972
-0.284317
0.216516
0.134322
-0.230505
-0.323717
-0.426913
0.329875
0.20781
-0.260433
-0.313717
-0.573922
0.282196
0.25575
-1.20585
-0.588446
-0.612464
0.418012
-0.855935
0.004933
-0.184833
0.192266
0.185955
0.179869
-0.183268
0.181576
-0.431328
0.447544
-0.0406252
-0.0422277
0.36019
-0.419087
0.307005
-0.0508351
-0.0542066
0.349337
-0.468811
0.411438
0.231291
-0.163485
0.127253
-0.615541
0.401752
-0.114535
0.547366
0.283308
0.304473
0.132875
0.0838482
0.0865979
0.314871
-0.257535
0.419215
0.0704279
0.277209
0.4724
-0.217997
0.269482
-0.0434
0.221461
0.278731
-0.18379
0.344787
-0.126595
0.545464
-0.0821514
-2.02605
0.364021
-1.23236
0.927042
-0.142055
-0.092073
-0.278315
-0.314797
0.267699
0.156581
-0.180459
-0.0195029
-0.151525
0.278737
0.161485
-0.455718
-0.0630794
-0.531062
0.338657
0.0997874
-0.506073
-0.116631
-0.593803
-0.535169
0.190705
-1.60139
0.455257
-1.25658
1.31288
-0.0298405
-0.174589
-0.49283
-0.584109
0.960387
0.0196948
0.304343
-0.707571
-0.214415
0.503524
-0.0868735
-0.410969
-1.32336
-1.44642
0.634031
-0.883567
0.527852
0.174552
0.304076
-2.0306
3.60824
1.67061
-1.0617
2.69794
1.49651
0.410912
0.488008
0.462939
0.0675369
-1.04384
-0.0669851
-0.688909
-0.604446
-0.16325
1.2347
-0.475735
-1.02508
-1.32834
0.155105
3.98954
0.214472
7.255
6.93655
0.470682
-0.111697
31.1743
25.9241
11.4087
19.2257
-4.30989
1.21813
0.328506
-2.13886
1.83202
0.735208
1.87986
-2.58756
-1.5856
-2.16931
0.157387
2.63867
-0.209165
-0.189427
-1.09121
2.16837
4.83833
-5.59378
13.4632
-3.09034
20.0065
-21.5865
14.9477
23.7151
-3.25416
-11.5276
-6.64119
-0.789739
-1.47871
1.39903
-0.834208
0.796114
0.387842
-1.71752
1.19851
-2.14654
-0.248908
-0.759383
-2.47145
-0.473297
-0.0630608
-0.241237
-1.88089
-0.726832
6.48836
-1.9061
18.511
-30.1622
9.5985
-2.10621
-1.52149
-6.64516
2.26994
-2.23266
-0.218178
-3.37382
0.32135
1.88246
0.767788
2.42813
-0.979851
0.965384
1.86161
0.185063
1.08467
-1.60732
0.607708
0.831459
-0.552414
-10.4776
-8.40567
-3.47998
28.0799
-20.6223
-7.35645
5.24387
-4.49718
-0.550202
1.04371
-1.19948
1.471
-0.208888
4.18644
0.812455
2.30255
2.11939
-0.385109
0.130119
-2.7084
-2.3142
-1.97335
-6.18855
-1.65806
-4.46971
-5.16803
3.0868
13.0776
-20.1386
-52.6375
10.0744
7.44495
5.42113
6.75262
2.31271
1.67036
2.01292
-1.7293
-0.13459
-2.85604
-0.698389
1.49405
-0.210015
0.116304
-2.25304
3.3154
5.02571
3.34735
3.46987
-1.3819
8.03218
8.94608
2.46452
0.57724
57.6169
-42.9313
-53.575
-11.5146
-1.63958
7.20648
-5.55258
-1.13246
3.77341
-0.0977478
2.75653
-2.2728
0.193496
1.56503
0.987131
1.58197
-1.49442
-0.939829
0.497111
0.696129
0.603653
-0.627599
0.338199
-0.187757
0.565574
