-0.0400523
-0.0113891
0.00311567
0.0429331
0.0135654
0.0201296
0.0595904
0.0621903
0.0698335
0.0551422
0.0214146
0.06089
0.0656515
0.054498
0.0560927
0.0277483
0.0293966
0.0317504
0.0295357
0.0150725
0.048309
0.100546
0.113358
0.168714
0.152059
0.0941479
0.166141
0.198377
0.191473
0.15284
0.151807
0.157932
0.135736
0.110494
0.070135
0.0373272
0.0297815
-0.0544856
-0.0191044
-0.0594978
-0.123966
-0.0939938
-0.101691
-0.182554
-0.12021
-0.158597
-0.153833
-0.133928
-0.135859
-0.095402
-0.167467
-0.10762
-0.113435
-0.0791259
-0.104173
-0.0498003
-0.0352396
-0.0292509
-0.0304957
-0.00523425
-0.0004319
-0.0242747
0.00418335
-0.0239095
-0.0010207
-0.0284537
-0.00510203
-0.00955323
-0.0141794
-0.0376496
-0.0530989
-0.0369713
-0.0372444
-0.0860904
-0.0782989
-0.0889764
-0.101141
-0.085393
-0.114619
-0.122818
-0.124108
-0.0656165
-0.0802443
-0.0311396
-0.0257942
-0.0288706
0.0115621
0.0608143
0.0865592
0.0993618
0.107872
0.11447
0.136345
0.127348
0.160523
0.13041
0.18169
0.211327
0.233114
0.210927
0.187861
0.235345
0.214892
0.229383
0.169631
0.142738
0.103969
0.0978682
0.0132017
-0.0329593
-0.0372315
-0.0450803
-0.0709941
-0.0992765
-0.132779
-0.108889
-0.158356
-0.169519
-0.140699
-0.152411
-0.147333
-0.153161
-0.133224
-0.153452
-0.122405
-0.154096
-0.148738
-0.0923896
-0.0759731
-0.0548034
-0.045477
-0.0572001
-0.0271875
-0.0063037
-0.0121573
0.0277707
0.0608168
0.0517077
0.0585369
0.101469
0.0742183
0.0397494
0.0653241
0.0224129
0.0214781
0.0125526
-0.0130547
-0.0440371
-0.0575888
-0.0409597
-0.0471526
-0.0597205
-0.0934918
-0.0705498
-0.0589105
-0.0470091
-0.05593
-0.0567701
-0.0787546
-0.0391438
-0.012494
-0.0531173
-0.0339151
0.00853461
0.000701752
0.023857
0.0390988
0.0376604
0.0480248
0.0336117
0.0850566
0.0560059
0.0571151
0.0627884
0.080641
0.058788
0.0803599
0.0510377
0.0932753
0.0755658
0.138705
0.131999
0.146536
0.160478
0.170487
0.176491
0.179662
0.184969
0.168926
0.16838
0.210393
0.165795
0.134649
0.104804
0.041162
0.0439686
-0.0153387
-0.0889989
-0.0554289
-0.115568
-0.15123
-0.120409
-0.129211
-0.204981
-0.166915
-0.123913
-0.179235
-0.171376
-0.16003
-0.182136
-0.0714835
-0.153494
-0.135446
-0.0823106
-0.110459
-0.0922211
-0.0574005
-0.0133673
0.0235845
0.0129258
0.0703685
0.0173857
0.0279653
0.0297635
0.0708853
0.0874844
0.0660959
0.0788416
0.0766884
0.0809225
0.0670462
0.0537133
0.000832613
0.0507981
0.00201333
0.00860824
-0.0466279
-0.0341797
-0.10177
-0.0958028
-0.0795718
-0.13208
-0.132633
-0.102229
-0.10123
-0.0458264
0.00739482
-0.0541277
0.000734054
0.0359266
0.067742
0.031148
0.0487754
0.112478
0.135149
0.112034
0.069007
0.0936456
0.0944564
0.115445
0.0957158
0.156318
0.127855
0.168325
0.171806
0.185929
0.192965
0.227238
0.191652
0.147728
0.242405
0.199148
0.187204
0.119918
0.15655
0.0541196
-0.00959562
-0.0733969
-0.127702
-0.0689114
-0.147274
-0.190426
-0.211108
-0.244179
-0.243142
-0.195288
-0.215089
-0.208839
-0.206027
-0.1977
-0.167936
-0.2075
-0.150044
-0.146194
-0.113516
-0.088221
-0.0398065
-1.13031e-05
-0.0576503
-0.00316332
0.0041979
0.036633
-0.0192562
0.00770004
0.0126487
0.00022861
0.0789066
0.0532513
0.0613247
0.0546054
0.0436798
0.0453973
0.0691059
0.0193109
-0.00612668
-0.0750184
-0.0550609
-0.0764816
-0.133504
-0.157369
-0.159166
-0.154777
-0.166347
-0.117704
-0.0929751
-0.0906563
-0.0856752
-0.0472903
-0.0127405
0.0542895
-0.0476191
0.0372023
0.101469
0.109215
0.134175
0.0681812
0.153873
0.160933
0.153495
0.123674
0.17986
0.218002
0.178025
0.191374
0.198889
0.178411
0.216381
0.214686
0.174032
0.261709
0.191643
0.208862
0.163152
0.227403
0.126182
0.000759715
-0.0261115
-0.156721
-0.0512753
-0.132713
-0.252427
-0.200849
-0.274684
-0.26894
-0.248241
-0.272414
-0.23615
-0.255121
-0.248664
-0.189801
-0.158587
-0.155442
-0.19154
-0.0971508
-0.110118
-0.0541837
0.0511872
-0.0347455
0.0423125
0.0546345
0.0415669
-0.0030139
0.0203993
0.0160065
0.0221529
0.0520225
0.0405036
0.0566477
0.0780973
0.0768468
0.00104734
0.0485844
0.0215616
-0.00541926
-0.0383045
-0.0699505
-0.0813472
-0.101001
-0.147816
-0.136655
-0.217213
-0.138516
-0.130458
-0.0358751
-0.138078
-0.139838
-0.0422536
-0.0334704
0.0770446
-0.00275208
0.00708378
0.133477
0.149631
0.145575
0.192124
0.209508
0.195088
0.18294
0.180413
0.194375
0.188844
0.19921
0.173803
0.248972
0.213219
0.172761
0.154452
0.172136
0.279647
0.20685
0.215721
0.0588923
0.21063
0.209909
-0.0388411
-0.0363613
-0.153471
-0.12984
-0.10676
-0.240065
-0.28617
-0.23007
-0.276172
-0.312487
-0.258439
-0.294135
-0.308642
-0.254018
-0.264683
-0.130929
-0.144152
-0.230029
-0.0867044
-0.0821237
0.0175291
0.0311575
-0.014466
0.0570744
0.0469772
0.0657195
0.016586
0.0131457
0.0471219
0.0233175
0.031862
0.0117291
0.0453696
0.0659298
0.0350256
0.0429311
-0.0109379
-0.00369094
-0.0212294
-0.0406855
-0.071177
-0.145791
-0.101491
-0.0905917
-0.103208
-0.147233
-0.130699
-0.138928
-0.0232342
-0.0693308
-0.118228
0.00894054
0.000330071
0.0774547
0.0466673
0.0499007
0.157787
0.187431
0.147528
0.217435
0.249263
0.176725
0.21942
0.221961
0.224314
0.224398
0.186255
0.214567
0.257597
0.19882
0.254104
0.114302
0.136141
0.303883
0.129784
0.178248
0.0141891
0.171668
0.208772
-0.0337515
-0.0368594
-0.160694
-0.14425
-0.149159
-0.241729
-0.276059
-0.19626
-0.295786
-0.317393
-0.276845
-0.306693
-0.354475
-0.281569
-0.284151
-0.090634
-0.103402
-0.214112
-0.0484726
-0.0763733
0.0541784
-0.0288835
0.00700682
0.0795784
0.0556026
0.073212
0.0710204
0.044581
-0.0116387
0.0101577
0.0107617
0.0308449
0.0374735
0.0250717
-0.00641116
0.0122411
-0.016965
-0.0302488
-0.0471977
-0.0553809
-0.127569
-0.104873
-0.128913
-0.0646536
-0.0969132
-0.203334
-0.0774395
-0.0752172
-0.011859
-0.0836822
-0.0927649
0.0671508
0.0699289
0.0881077
0.110888
0.106363
0.180315
0.248663
0.127311
0.238503
0.271167
0.217307
0.26242
0.231551
0.210265
0.244973
0.140772
0.238236
0.302379
0.162707
0.277678
0.0723164
0.126274
0.272798
0.0989834
0.178281
-0.0162147
0.17328
0.174273
-0.074038
-0.0551341
-0.169576
-0.110619
-0.18355
-0.278177
-0.286021
-0.225598
-0.334619
-0.369684
-0.260563
-0.344674
-0.366901
-0.176278
-0.316918
-0.0477558
-0.0783322
-0.183973
0.055758
-0.0729549
0.0532838
0.0580524
0.0290106
0.0557429
0.0645365
0.0468821
0.0474609
0.059122
0.088524
-0.0144179
-0.0150312
-0.0208312
-0.0202313
0.00771917
-0.0436847
-0.0370956
-0.0995347
-0.105919
-0.0768674
-0.120699
-0.164026
-0.119632
-0.155428
-0.0153343
-0.0807134
-0.17534
-0.052965
-0.0763563
0.0643617
-0.00729705
-0.0340645
0.115829
0.0924907
0.119828
0.177499
0.159417
0.184794
0.254917
0.0932909
0.210484
0.272592
0.123573
0.18951
0.237078
0.165992
0.193967
0.0960916
0.125305
0.227259
0.160734
0.219965
0.044714
0.12423
0.274926
0.0756492
0.191315
-0.017782
0.0727115
0.172527
-0.0973184
-0.055218
-0.118873
-0.222018
-0.162688
-0.284102
-0.350187
-0.27676
-0.331133
-0.407279
-0.183308
-0.277923
-0.398405
-0.154292
-0.231057
-0.0187705
-0.0516002
-0.119585
0.0719864
0.0248384
0.0501919
0.0547614
0.0766273
0.0474735
0.0754163
0.0323357
0.014694
0.0224673
-0.000702981
-0.0128006
-0.0249499
-0.0252035
-0.0607219
-0.0344809
-0.088945
-0.0795622
-0.0954891
-0.153847
-0.0598159
-0.133553
-0.21222
-0.108594
-0.186389
0.00588382
-0.042649
-0.0999222
0.054766
0.00368726
0.0794836
0.0914543
0.111766
0.175228
0.206362
0.0471812
0.225094
0.25228
0.161709
0.239072
-0.00259251
0.123696
0.196029
0.080846
0.147327
0.218557
0.0519889
0.152396
0.0732944
0.105568
0.21635
0.0282096
0.178022
0.0531225
0.180493
0.262277
0.0239799
0.10519
-0.0123919
0.0852682
0.166788
-0.0865004
-0.103614
-0.119563
-0.238224
-0.236451
-0.197806
-0.275056
-0.389234
-0.322454
-0.406784
-0.0892656
-0.155601
-0.330929
-0.155246
-0.204432
0.00842921
0.0443835
-0.0403914
0.0572205
0.00616238
0.0188462
0.0440359
0.0280711
0.0537295
0.00597334
-0.02023
-0.0222836
-0.0159594
-0.00918893
-0.0326998
0.0155234
-0.0717689
-0.077002
-0.0534843
-0.104785
-0.146261
-0.0463486
-0.143851
-0.0567246
-0.116955
-0.273343
0.0208855
-0.0371629
0.0307521
0.0172157
-0.0852517
0.103067
0.146163
0.0909004
0.180638
0.183429
0.0689275
0.194578
0.0635262
0.216304
0.225555
0.0379117
0.120723
0.206978
0.139089
0.17071
0.0222105
0.0753956
0.184991
0.105686
0.186205
0.0145834
0.0559514
0.184289
0.081219
0.197889
0.017867
0.0820003
0.211502
0.0869693
0.200549
0.0293044
-0.0171931
0.0107967
-0.120525
-0.133406
0.0840126
-0.253496
-0.340826
-0.267104
-0.41763
-0.397331
-0.207785
-0.274259
-0.117161
-0.222518
-0.33659
0.0426499
-0.0433504
0.0626428
0.0311854
-0.019575
0.075054
0.080202
0.0213462
0.0493004
0.0361517
0.00250943
-0.0283303
-0.0331998
-0.0765161
-0.0680388
-0.00597382
-0.0696161
0.000670494
-0.0810063
-0.158654
-0.00103681
-0.0586364
-0.156515
-0.111554
-0.162176
-0.0159246
-0.0160645
-0.0974525
0.00810137
-0.06735
-0.0198179
0.13424
0.123806
0.178945
0.169534
-0.0475767
0.13094
0.208796
0.124302
0.220243
-0.0475702
0.0787346
0.145597
0.0646141
0.141296
0.120197
0.0433223
0.0944155
0.0538561
0.145968
0.170437
0.0191314
0.116442
0.0423156
0.151591
0.230411
0.0115888
0.0654328
0.0295081
0.195193
0.340309
0.0161324
0.041958
-0.0112402
0.012584
0.182751
-0.0253161
-0.192078
-0.109986
-0.345618
-0.379691
0.0107901
-0.201633
-0.435572
-0.312806
-0.432014
0.0179476
0.0353366
-0.0807951
0.0520141
-0.00197923
-0.044511
0.0757568
0.102179
0.0387021
0.0532049
0.00226837
-0.00622795
-0.0250764
-0.0720908
-0.108835
0.037722
-0.0377522
-0.0496336
-0.0616338
-0.12316
-0.131479
0.01717
-0.0505883
-0.050451
-0.116073
-0.267897
-0.00032723
-0.0183762
0.0187465
0.00785403
-0.136971
-0.0033318
0.171547
0.0727041
0.165531
0.131735
-0.00834298
0.155414
0.0402332
0.187638
0.142163
-0.020103
0.074744
-0.00704733
0.110719
0.13781
-0.0263136
0.0598137
0.138678
0.116583
0.199715
-0.0190176
0.0621779
0.202546
0.132414
0.237626
0.00526627
0.060066
0.0930318
0.0422195
0.210789
0.0532645
0.0531875
0.139886
0.0433273
0.215662
0.209877
-0.0812694
-0.171484
-0.21084
-0.320782
0.230856
-0.0950588
-0.373053
-0.25014
-0.446592
-0.570461
0.0440283
-0.0425146
0.0435128
0.051358
-0.0588161
0.0383551
0.0977533
0.0494571
0.106846
0.149431
0.00933484
-0.0609393
-0.0427006
-0.127977
-0.14844
0.0297036
-0.0890304
-0.0270254
-0.105026
-0.172757
0.00802389
-0.0213088
-0.0955079
-0.0825252
-0.151129
-0.0200631
-0.0675221
-0.11475
-0.0429909
-0.154638
-0.0662088
-0.0270347
0.0655984
0.129921
0.146163
-0.114538
0.0642474
0.195068
0.132433
0.176142
-0.0278995
-0.0169036
0.0601012
0.038721
0.089237
-0.0194423
-0.0243901
0.0523931
0.069651
0.142856
0.152357
-0.0092063
0.0940843
0.089936
0.210004
0.36708
-0.0364321
0.0524621
6.50469e-05
0.140984
0.278975
-0.0138098
0.0365927
0.0194851
0.185667
0.410772
0.119999
-0.0506089
-0.0676287
-0.106669
0.0232076
0.154668
-0.17409
-0.527398
-0.450733
-0.569306
0.0496587
-0.0228062
-0.259936
-0.0770162
-0.126428
-0.113079
0.0166803
0.139909
0.10058
0.148355
0.0102432
-0.027236
-0.111958
-0.0914919
-0.136674
0.071094
-0.0222228
-0.127666
-0.0880182
-0.16312
-0.0733517
0.00673106
-0.0144892
-0.0434065
-0.107272
-0.168131
-0.0181045
-0.0492628
-0.0132653
-0.0831243
-0.308261
-0.0334234
0.0388713
0.064374
0.110857
0.0458779
-0.0658891
0.108598
0.0592875
0.132165
0.142037
-0.0110991
-0.0162495
-0.0118811
-0.00715718
0.0291387
-0.0385675
-0.00203546
0.0151976
0.0881923
0.151472
-0.0614806
0.0280889
0.163743
0.165461
0.229257
0.00396708
-0.00820283
0.118231
0.10243
0.230891
0.0653381
0.0109322
0.0811893
0.0548069
0.254741
0.184144
0.0330927
0.0264168
-0.0634238
0.0650587
0.383474
0.0239081
-0.256156
-0.30985
-0.514631
-0.463208
0.0453849
-0.154415
-0.0905826
-0.206203
-0.321508
0.00274544
0.0917132
0.0491343
0.121681
0.144467
0.0260135
-0.0334333
-0.0658221
-0.117349
-0.134821
0.0348042
-0.0269256
-0.0359481
-0.147572
-0.256643
-0.0285309
0.0357817
0.0136448
-0.0854442
-0.178644
-0.0400448
-0.0185009
-0.083611
-0.0858796
-0.249837
-0.133395
0.0312351
0.0596279
0.0841419
0.0446409
-0.192356
-0.03545
0.16517
0.102102
0.155703
-0.0191815
-0.0216745
0.00988657
0.0585595
0.0146247
-0.0784664
-0.00352366
0.06837
0.106688
0.183786
0.100571
-0.0235559
0.10173
0.0337808
0.153502
0.183057
-0.0245712
0.0680348
0.0326172
0.173217
0.272485
0.0260689
0.0501941
0.0376254
0.229682
0.344748
0.104331
-0.0110108
-0.014538
0.0607496
0.246416
0.197715
-0.0410726
-0.0245119
-0.274927
-0.284935
0.180268
-0.014405
-0.340939
-0.267495
-0.436896
-0.103028
0.0230992
0.0633673
0.100016
0.0571582
-0.0550834
-0.00890847
0.0628781
-0.0272384
-0.0135487
0.109121
-0.0244551
-0.10974
-0.132301
-0.296165
-0.0418211
0.00959242
-0.0391162
-0.0268503
-0.116478
-0.158398
-0.0090645
-0.023866
-0.0223824
-0.124372
-0.294833
-0.0516116
0.0374252
0.0550891
0.0343895
-0.131325
-0.0944376
0.0445853
0.0463585
0.170706
0.116781
-0.0629119
0.0192551
-0.00569901
0.00865424
-0.0354246
-0.0584117
0.00872761
0.0242679
0.129769
0.11026
-0.095243
0.00656273
0.193906
0.169614
0.212214
-0.0216925
-0.0111116
0.133678
0.139692
0.257438
0.0298626
-0.00417772
0.125462
0.14123
0.3051
0.206095
0.0436781
0.0280204
0.0117597
0.154909
0.288298
0.062123
-0.0278149
-0.0846998
-0.087325
0.323132
0.129871
-0.153207
-0.194196
-0.402311
-0.418043
0.046326
-0.0215797
-0.0225725
-0.0909932
-0.155575
-0.0492241
0.0750219
0.0296022
0.0803326
0.156841
0.0604649
-0.047752
-0.0472898
-0.198894
-0.272977
0.035457
0.00202762
0.000111025
-0.135133
-0.185138
-0.0854095
0.0139084
0.00276674
-0.0734289
-0.175241
-0.115139
-0.0398853
-0.040592
-0.0353997
-0.161766
-0.243821
-0.0381554
0.132602
0.159968
0.190132
-0.14205
-0.0428808
0.0317025
0.042645
0.0489575
-0.0253348
-0.0302967
0.000467379
0.0270803
0.071559
-0.103241
-0.0573192
0.0557719
0.116245
0.201612
0.200292
-0.0342562
-0.0138208
0.0332396
0.114402
0.139598
-0.0159391
0.020714
0.0527519
0.201239
0.399604
0.0622467
0.0145416
-0.00591514
0.116907
0.274176
0.178128
0.0351128
-0.000632942
0.0166868
0.172016
0.2384
0.0649144
0.0117078
-0.185555
-0.206618
0.193475
0.0921236
-0.222196
-0.152271
-0.342351
-0.127146
-0.0121515
0.0581786
0.136804
0.135155
0.0242934
0.0110064
-0.0245577
0.00046189
-0.118407
0.136454
0.0484983
-0.128281
-0.0881546
-0.257423
-0.160757
-0.0633587
0.0138952
0.0800599
-0.0827113
-0.121547
-0.102477
-0.00332357
-0.00400087
-0.163783
-0.274666
-0.161982
0.0178315
0.00113503
0.113261
0.0441546
-0.190716
0.03155
0.0157391
0.137508
0.162587
-0.0342251
-0.0296961
-0.0475315
-0.0042703
-0.0296739
-0.0982208
-0.0273286
-0.0525261
0.176485
0.214754
-0.0118331
-0.0286568
0.0601891
0.139284
0.147785
0.0866038
-0.0201076
0.0417494
0.141311
0.226743
0.208147
0.00645327
0.0518362
0.0701198
0.122022
0.362184
0.068987
0.00457838
-0.0344207
-0.0235933
0.246053
0.101861
0.0805339
-0.0437962
-0.0642788
0.269018
0.172652
0.0399677
-0.142615
-0.308361
-0.435327
0.0523296
0.0750656
-0.0135204
0.076714
-0.0942831
-0.0766951
0.0236231
0.0159167
0.0356995
0.0788985
0.144177
0.0566059
-0.0482856
-0.197514
-0.360172
-0.0479635
-0.0188217
0.018748
0.00977737
-0.179751
-0.0886167
-0.0637209
-0.0732717
-0.0213495
-0.236523
-0.132595
-0.125684
-0.0274349
0.0195699
-0.117305
-0.315767
-0.246773
0.16331
0.0300023
0.18449
-0.0330655
-0.0675022
-0.00833064
-0.0655656
-0.0642092
-0.11525
-0.107232
0.0608294
-0.0251568
0.151004
-0.0729765
-0.0722005
0.055178
-0.037479
0.160138
0.197439
0.0653973
-0.00727475
-0.0261283
0.0980273
0.158253
0.0515544
0.0406959
0.0123919
0.228044
0.290609
0.341607
0.0206327
0.111061
0.0343683
-0.00221906
0.259435
0.0420567
0.150211
0.0810997
0.128174
0.345995
0.0894768
-0.00351639
-0.25059
-0.345744
0.0275211
0.134053
0.0133299
-0.210627
-0.188134
-0.418746
-0.0547355
0.0711448
0.11428
0.18733
0.137528
0.0641049
0.0112768
-0.137092
-0.211346
-0.151673
0.0691329
0.0270227
-0.0764453
-0.049193
-0.350687
-0.0547175
-0.0655279
-0.00702138
0.0133095
-0.194555
-0.0609605
-0.0796042
-0.0286299
-0.0275196
-0.361732
-0.206673
-0.203458
0.069564
0.0861518
0.0495368
-0.134564
-0.121738
0.00166969
-0.0130332
-0.0202669
-0.0878032
-0.11915
-0.00656421
0.016274
0.0114233
-0.172406
-0.127977
-0.0160975
0.0295664
0.223302
0.03985
0.0616325
0.0325948
-0.057994
0.0427537
-0.0579404
-0.0137374
0.112572
0.00243926
0.335064
0.183521
0.201757
0.0257194
0.00253193
0.105613
0.274694
0.239124
-0.0283407
0.0816131
0.105092
0.159641
0.209023
0.0282637
0.134282
0.128986
0.0409882
0.409964
-0.0293533
0.174827
-0.503537
-0.51039
-0.300794
0.0322227
-0.0393863
-0.0433022
0.0963827
-0.130631
0.0287754
0.0131284
0.00107624
-0.03151
0.121705
0.0278723
0.0662485
-0.274508
-0.219516
-0.343726
0.000256994
-0.116791
-0.0757505
0.0381877
-0.149546
-0.0208009
-0.018507
-0.13899
-0.103062
-0.327961
-0.0770862
-0.0999962
0.0347546
0.0782264
-0.15183
-0.150774
-0.16366
0.0797239
0.0508728
0.114915
-0.0561455
-0.0966146
0.0271198
-0.054948
-0.0754605
-0.13749
-0.149224
0.0909214
0.0534023
0.166796
-0.0460468
-0.0298318
0.00453518
-0.0290473
0.040262
-0.0514071
-0.0445204
0.0376193
0.0413611
0.323768
0.000175383
0.0997013
0.0044704
-0.0164
0.36725
0.215364
0.266249
-0.0134437
0.0193791
0.099799
0.109881
0.171115
0.0345906
0.102331
0.427352
0.381533
0.459836
-0.171644
0.0806536
-0.236878
0.217063
-0.0268882
-0.200891
0.097695
-0.332153
-0.281356
-0.298266
0.104829
-0.00611468
0.16677
0.178649
0.171371
-0.0638039
0.10044
-0.268927
-0.0785716
-0.19573
0.00862473
-0.0394547
-0.167613
-0.216142
-0.223233
0.000164617
-0.0911096
-0.200013
-0.163875
-0.285129
-0.0309297
-0.16977
-0.0618898
0.0318288
-0.251447
-0.00668536
-0.22884
0.088176
0.113863
0.00403326
-0.0325132
-0.107847
0.0358016
0.0272433
-0.0376345
-0.0408054
-0.162266
0.107373
0.0756122
0.120862
-0.0716742
-0.0824367
0.105492
0.0195947
0.14204
-0.0770833
-0.0418573
0.128049
0.0577708
0.229013
-0.0681763
0.0101373
0.154102
0.0363298
0.377513
0.0588011
0.1703
-0.0376491
-0.0348599
0.0223782
0.103221
0.125051
0.0563383
0.0459774
0.226059
0.169402
0.328156
-0.0344344
0.0599242
0.360168
0.335554
0.349134
-0.131251
0.0618437
-0.317477
0.022287
-0.145639
0.035403
0.0778314
-0.0855161
-0.0361673
-0.04036
0.0102457
0.0335882
0.00672343
0.110295
0.041403
0.00120754
0.0640393
-0.224345
-0.0410308
-0.194543
-0.0937709
0.0261576
-0.22415
-0.158506
-0.262225
-0.00687589
-0.0811322
-0.158506
-0.223363
-0.246747
0.0253071
-0.114418
-0.0420692
-0.189428
-0.147361
0.0272104
-0.139678
0.0310474
-0.134264
-0.0649675
0.0241221
-0.121738
0.103117
-0.0371337
0.016217
0.00693671
-0.0826215
0.154165
0.0755639
0.117225
-0.0168846
-0.0257455
0.102315
0.0509002
0.101545
-0.00493147
-0.00404024
0.220447
0.109726
0.326977
0.000144997
0.203775
0.177995
-0.00751257
0.233052
0.0302207
0.203084
0.0417357
0.00741506
0.104384
0.047066
0.233298
0.0903199
0.0127638
0.220227
0.130451
0.322468
-0.0861771
-0.0351718
-0.12792
0.215284
0.198067
-0.229851
-0.0438006
-0.381138
0.0255662
-0.113807
0.00323021
0.0592069
0.00237937
0.0176113
0.0190302
-0.0550036
-0.0127267
-0.100938
0.082051
-0.0350685
-0.0988507
0.0101896
-0.289374
-0.0648282
-0.219483
-0.0134323
-0.0290461
-0.239347
-0.102114
-0.233178
-0.00441133
-0.0804855
-0.265834
-0.20988
-0.251207
0.0133324
-0.0761878
-0.100931
-0.189059
-0.120053
-0.0176932
-0.0958475
-0.00902281
-0.107695
-0.039488
-0.00521898
-0.111067
0.0242764
-0.115692
-0.0105997
0.0536382
-0.0992321
0.152879
-0.0106182
0.101941
0.0402262
-0.0532414
0.143805
0.00728337
0.144156
0.0297876
-0.00884669
0.295315
0.208207
0.330133
0.0170787
0.169757
0.146783
0.258735
0.186022
-0.012758
0.157913
0.126272
0.215245
0.191255
0.0191106
0.263914
0.114901
0.000538605
0.228776
0.0562527
0.364303
-0.216503
-0.155754
-0.283429
0.046476
-0.0609744
-0.25793
0.00741266
-0.230825
0.0286779
-0.105549
-0.0353719
0.0513407
-0.0122686
0.0518349
-0.0137203
-0.0966002
0.00180241
-0.171459
0.0339176
-0.0517131
-0.131438
-0.0269195
-0.189735
-0.0423748
-0.214739
-0.0508108
0.00998773
-0.0845219
-0.111184
-0.255841
0.00946292
-0.0285022
0.0225292
-0.0953218
-0.209908
0.0285738
-0.0400511
0.055961
-0.146743
-0.175072
0.0863312
-0.0666842
0.131881
-0.105289
-0.025718
0.018972
-0.0926107
0.0052578
-0.0908023
0.00502306
0.0247656
-0.0609415
0.101475
-0.0158182
0.102065
0.0162939
-0.0168395
0.163734
0.040641
0.144282
0.00975428
0.0446388
0.287833
0.20752
