-0.272013
-0.566791
0.939637
-0.802796
-0.068601
-0.406042
0.965317
-0.679671
-0.711308
-0.331635
1.19348
-0.460128
-0.610961
-1.04643
0.454864
-1.01555
0.445642
-1.49681
0.0505806
-1.12409
-1.29269
-1.7545
-1.32445
-2.3175
-4.82649
-14.3142
-71.8199
18.5072
7.77269
2.3917
1.5198
-1.36753
0.224615
-1.47684
0.0651643
-1.8055
-1.12526
-1.79004
0.511242
-1.07852
-1.02041
-0.461636
1.96361
1.86425
2.58337
2.65395
4.09874
2.40641
2.58644
-2.1832
-10.2485
-23.953
2.75155
27.9235
-8.94519
-6.29029
0.630587
-0.0365661
0.907686
2.47289
3.2851
2.86926
4.86387
3.85308
4.20888
3.12059
2.73911
0.633192
-0.193603
-1.56647
0.509926
-0.271965
-0.822995
0.616224
2.01782
-0.109578
-2.83112
-15.8194
-15.7298
30.0114
-14.3659
5.48855
-1.01332
0.683416
0.710175
0.364668
1.581
-0.195443
-0.158571
-0.0914981
1.80533
-0.0519082
-2.10175
-2.37072
-0.83829
-1.41502
0.228319
-1.33587
0.386095
0.886342
-1.79911
-6.49743
-8.83229
4.38657
31.818
-15.5171
8.23845
-2.63635
2.76877
-1.46388
1.61563
-0.176851
1.43846
0.0644756
0.790373
1.45396
1.17577
1.11018
2.3923
2.75917
1.63436
1.45673
1.98941
2.91746
1.68011
4.07384
5.6195
12.3369
10.409
-3.2216
-31.7864
21.1557
-19.2368
12.696
-7.3249
3.40644
-4.62997
0.539077
1.5776
0.0259854
-0.663628
-2.41844
1.73011
-1.13028
1.95082
1.09987
-1.14548
0.15203
0.0192244
-1.5494
-2.33752
-0.801046
-2.42063
-7.80294
-14.8223
-12.7769
30.0283
12.8698
-19.0222
-7.20222
5.60656
5.76006
2.69655
-0.575233
-2.05842
-1.91002
-0.396101
0.56947
-0.2731
-0.885275
-0.116393
-0.0955774
0.485343
1.46583
1.47998
0.948573
1.75733
0.0532756
-0.501325
0.147797
3.54951
2.72477
-4.12359
2.90534
-0.702584
0.58302
0.337394
-0.555846
-0.598398
-1.19279
-0.719662
-0.0199955
1.59312
-0.271146
0.293005
-0.254904
-0.255645
-0.182311
0.478604
0.30881
-0.108469
0.114006
0.660835
0.89479
1.6789
1.37068
0.665431
-0.906768
1.30738
-0.41774
1.137
0.32045
0.173818
0.0992771
0.535494
0.448421
-0.323923
0.0962165
0.54006
0.361002
0.347095
0.210202
0.603814
0.125552
1.00948
0.156671
0.377576
0.0752439
-0.2195
-1.0042
-0.931379
-1.39192
-0.355367
0.933559
0.150953
0.0113246
0.270485
-0.0338499
0.574664
-0.139664
0.96405
-0.062919
0.541404
0.100023
0.425527
0.025004
0.470762
0.087793
-0.14976
0.0730037
0.468608
0.0322651
0.32946
0.137136
0.858305
0.694047
0.283865
0.37057
0.0485415
-0.354796
0.299564
0.000678353
0.266667
0.0398787
-0.333722
-0.0356947
0.0741912
0.00125397
0.0453626
-0.170054
0.00799292
-0.068857
0.845796
-0.021771
0.00160085
0.0535782
0.0753294
0.0210204
0.113102
-0.0581359
-0.730021
-0.62472
-0.260111
0.197734
0.874096
0.408386
-0.0839848
0.0565496
1.05756
0.0786382
0.490535
0.0903493
0.0905069
0.011324
0.414201
0.27563
-0.147602
0.102915
0.510253
0.162395
0.0623769
-0.0133831
0.442667
0.0289719
0.991345
0.0281502
0.553576
0.15546
0.128417
-0.150266
0.308739
0.10256
-0.265516
0.00606959
0.360297
0.130295
-0.0353023
0.165022
0.314303
0.231297
1.27992
0.136993
0.167872
0.0025778
0.146445
0.0289228
0.219661
0.206477
-0.211041
0.0148545
0.222456
0.142013
0.070819
0.0290795
-0.0671994
0.240008
1.13132
-0.266702
0.393094
-0.222498
0.260231
0.0837634
0.0565314
-0.00937485
-0.210425
-0.0184074
0.128841
-0.0501442
-0.0957992
-0.121064
-0.0461306
0.0188562
0.907535
-0.0404456
0.0814077
-0.0518618
0.0345711
-0.194203
-0.131758
0.242993
-0.568042
0.122084
-0.105126
-0.0235518
-0.17323
-0.00622894
0.213
-0.186925
1.34562
0.00112555
-0.662119
0.434397
-0.268865
0.144637
0.0681955
0.0899367
-0.660238
-0.329582
0.308155
-0.00815715
0.0590346
0.14881
-0.0550339
-0.0857636
-3.67782
-0.369154
0.09446
0.101344
-0.346004
-0.133923
1.21321
-1.6577
0.385428
-1.62706
1.63341
-1.15414
1.52961
-1.35604
-0.303784
0.020201
-0.259151
0.59371
0.634793
0.254487
0.362557
-0.146411
-0.908306
-0.982377
-0.861007
0.805292
0.0978498
1.78704
1.67138
-0.738225
-0.85721
1.14834
0.352534
-0.431765
-0.221738
0.805427
1.04509
0.746969
-0.332826
-0.321205
-0.830417
0.0823987
0.149756
0.626426
0.29152
0.114928
0.278477
0.0634732
1.05982
0.14015
0.199969
0.183734
0.541648
-0.15707
-0.337861
-0.356504
-0.887695
-0.966879
0.79687
0.179382
0.00571337
0.0659879
0.0433793
-0.143964
1.50066
0.211239
0.0792973
-0.0975214
0.352529
-0.083781
0.231039
-0.138795
-0.627477
-0.0350782
0.573152
-0.133916
0.029758
-0.665172
-0.20031
0.241073
1.55728
-0.339743
0.27256
0.37018
-0.410919
0.440636
-0.455297
0.0297017
-0.807012
-0.239261
-0.309083
-0.208301
-0.126979
0.140367
0.000454584
-0.148067
0.39701
0.144093
0.21114
0.241794
-0.034835
-0.256682
0.518344
0.827861
-0.0275815
0.0225384
-0.0688321
0.302347
0.214198
0.121212
0.154352
0.0948058
1.17013
0.1657
0.115738
0.14253
0.238179
0.0597019
0.128921
0.129729
-0.417918
0.114455
0.0839867
0.158497
0.24602
0.0896893
0.136773
0.108746
-0.0940849
0.112428
0.0839137
0.130192
0.228682
0.0923849
0.0631135
0.125928
-0.36471
0.654036
-0.269557
0.500705
0.240726
0.101711
0.0832897
0.088137
1.07205
0.0940476
-0.0887142
0.238517
0.285686
0.100821
0.135513
0.0931884
-0.413659
0.0898138
0.144264
0.0965125
0.238687
0.0394447
0.0969443
0.0969682
1.0245
0.102543
0.0503061
0.136575
0.292635
-0.0300918
0.145876
0.0951438
-0.353898
0.067871
0.0248346
0.180751
0.289399
0.160445
0.0928355
0.171839
1.08745
0.0578635
0.0994146
-0.00914585
0.289203
0.0531888
-0.0122309
0.165726
-0.238723
0.0866563
0.153508
0.155533
0.234446
0.0789056
0.0525234
0.0616653
1.39493
0.139153
0.0189669
0.20902
0.219814
0.139323
0.14019
0.0573446
-0.0343645
0.104415
0.0441639
0.0847127
0.547211
0.288286
0.62614
0.113273
1.07145
0.0547603
0.0630517
0.0743725
0.164475
0.0650011
0.102023
0.078502
0.293086
0.128553
0.024395
0.0865251
0.117434
0.124159
0.0797139
-0.050253
1.04261
0.0733763
0.16487
0.107006
0.235587
-0.014999
0.100711
0.113001
0.454382
0.0699281
0.135964
0.0316945
0.277514
0.233595
-0.0019874
0.0690052
1.15379
0.0740858
0.152512
0.141347
0.212525
0.2175
-0.134715
-0.0448333
-0.0522143
0.0844776
0.104918
-0.0059525
0.203158
0.0987173
-0.0100809
0.345222
-2.95105
0.130309
0.0533539
0.183328
0.311734
0.02909
0.0586321
0.111392
0.0695002
0.0623339
0.135573
0.129623
0.217027
0.0820897
0.780208
0.0186816
0.922579
-0.0865586
0.083094
0.0205136
0.291326
0.146379
0.106778
0.113422
-0.0276477
0.40896
-0.01677
0.108935
0.455274
0.0572614
0.0568643
0.166935
1.01472
0.142411
-0.724005
0.0259067
0.186096
0.184131
0.127123
0.0689436
0.00913424
0.0969486
0.0531916
0.171646
0.270353
0.142748
0.0166247
0.0926191
0.987481
0.0373105
0.0595012
-0.106402
0.340679
-0.0728797
0.119794
0.0998198
0.363638
0.167758
0.136824
0.0387685
0.235985
0.0281258
0.060858
0.0987144
1.4006
-0.076801
0.0468563
0.09576
0.259106
0.400329
0.113221
0.0747745
0.184169
0.042018
-0.54902
0.100119
0.216486
0.143334
0.115723
0.070044
1.06008
-0.00052084
0.120921
0.109596
0.267429
0.0889072
-0.20066
0.148727
0.0534363
0.138402
0.0947812
0.0951017
0.25064
0.0698276
-0.10518
0.134399
1.0598
0.0757805
0.0994286
0.114543
0.341303
0.11422
0.0574427
0.0919981
0.13597
0.0397061
0.103971
-0.022068
0.240735
0.0429408
0.0858708
0.0822189
0.826793
0.0852944
0.0697993
0.0844433
0.258189
0.0289468
0.0749468
0.21286
-0.171776
0.108586
0.0782286
0.12647
0.233801
0.0664041
0.0931861
0.329741
-0.26812
0.0556324
0.0700814
0.0726193
0.195387
-0.0281055
0.142962
0.0117588
-0.293336
0.0885077
-0.102442
-0.056679
0.141236
0.12957
0.0703509
0.0448586
1.34614
0.0668668
0.139095
0.0808826
0.0367916
0.0281781
-0.164895
0.0708467
-0.161215
-0.118803
-0.0135447
0.0689504
0.216639
0.0929011
0.0578081
0.12691
0.994603
0.139767
-0.555621
-0.0294122
0.27757
0.0534812
0.253694
0.0731926
-0.206689
0.329468
0.0198541
-0.0503541
0.296013
0.128999
0.679027
0.0798594
1.33893
0.0774307
0.135981
0.125673
0.264714
0.0770106
0.111247
0.097505
-0.316463
0.00729771
0.0897681
0.110845
0.158339
0.121913
0.166338
0.0663805
1.34636
0.0890974
0.0855248
-0.164094
0.188907
0.0888867
0.10186
0.0957482
-0.485447
0.123293
0.0905892
-0.0281123
0.188081
0.141647
0.126114
0.0687227
0.803605
0.104015
0.206028
0.179348
0.32721
0.102394
0.108347
0.0524851
-0.265108
0.0890502
0.115901
0.266905
0.253534
0.181284
0.117364
-0.0358121
1.00057
0.167297
0.064403
0.109215
0.348549
0.119558
0.0108105
0.147177
-0.249558
0.109213
-0.259295
0.120793
0.201614
0.184392
0.0782506
-0.0476476
0.526133
0.150004
0.234835
0.161111
0.300191
-0.0788719
0.0624565
0.228781
-0.249829
0.267741
0.110274
0.0487922
0.108017
0.235916
0.0515094
0.101197
-3.04024
0.0398325
0.151556
-0.256465
0.55071
0.0400624
0.0988061
0.0462383
-0.270733
-0.454227
0.0782086
0.0996237
0.234175
0.153288
0.457717
0.107132
0.575839
-0.0666052
0.0968431
0.0994398
0.48524
0.0320395
0.0669522
-0.161318
-0.113051
0.0725987
0.0560474
0.0816788
0.163739
0.0301471
0.033398
0.0812068
0.970901
0.120977
0.103118
0.0762203
0.202777
0.0321572
0.0508366
0.0781832
-0.230774
0.0823993
-0.108147
0.408163
0.225364
0.136942
0.101993
0.171558
0.5069
-0.0416582
0.0892947
0.215018
0.233845
0.113
0.0686666
0.0423353
-0.241379
0.0680404
-0.117134
0.0527742
0.231233
0.15369
-0.213146
0.0422408
1.37078
0.221486
0.438345
0.10249
0.168934
0.112508
-0.0517413
0.105946
-0.256027
-0.0104021
-0.357754
0.0781632
0.174254
0.018742
0.0669297
0.000632897
1.08928
0.104036
0.0498717
0.118826
0.235816
0.152559
0.192871
0.0779488
-0.151453
0.115316
0.0407211
0.0179064
0.237719
0.0615698
0.0609898
0.0904167
1.00647
0.0544146
0.0523363
0.0488682
0.193655
0.0525713
0.0621924
-0.00348742
-0.211218
0.0317468
0.0386929
0.0975247
0.208673
0.462174
0.0587436
0.0632747
0.359248
0.116116
0.0770476
0.091287
0.213846
0.0981905
0.0793534
0.105609
-0.239876
0.0565485
0.10861
0.121557
0.213004
0.0925813
0.0988662
0.0787251
-0.272013
0.0900823
0.0758591
0.0990017
0.213007
0.121523
0.108583
0.0565712
-0.221216
-0.458197
0.0714089
0.0981878
0.211722
0.0667246
0.0770378
0.0777995
0.387344
0.0798799
0.0587519
0.0652082
0.195012
0.0975305
0.0228732
0.0315266
-0.23156
-0.00349937
0.0628668
0.0761041
0.193655
-0.305475
0.0295985
0.0467961
1.00647
0.12246
0.0899413
0.0589986
0.248532
0.089829
0.0457334
0.1153
0.060899
0.0917215
0.19287
0.152578
0.23168
0.0309128
0.0498554
0.10877
0.358585
-0.00362626
0.0574242
-0.00583635
0.142499
0.0925932
0.0953961
-0.0479368
-0.0436112
0.105938
-0.0718427
-0.283519
0.155715
0.144335
0.0555374
0.251734
1.37078
0.0613581
0.0514646
0.147856
0.213478
0.102613
-0.159502
0.0680705
-0.0220826
0.0724185
0.084608
0.10788
0.202673
0.181689
-0.180033
-0.0590523
-0.231944
0.18878
0.101968
0.135173
0.281119
0.0534165
-0.130041
0.101621
-0.0354904
0.0781728
0.103902
0.186379
0.213794
0.0889326
0.0974052
0.10351
0.970901
0.122557
0.0424736
0.0203039
0.17084
0.131754
0.0371916
0.0725944
-0.00587766
-0.0203826
0.103501
0.0319646
0.257624
0.049827
0.101743
-0.15153
-0.290374
0.0970284
0.0840088
0.0571027
0.195554
0.130404
0.0498271
0.00881749
-0.249747
0.0462557
0.0447077
0.0588701
0.538537
-0.0152833
0.589344
0.0334548
-3.04024
0.0828583
0.0669168
0.266652
0.173683
0.0761868
0.10172
0.267758
-0.00848289
0.231038
0.0584791
-0.105777
0.244992
0.0467774
0.110791
0.107526
-0.227064
0.076521
0.0876512
0.241001
0.233374
0.120828
-0.134053
-0.0937183
-0.0257886
0.138434
0.0940174
0.0983866
0.247675
0.130577
0.0998309
-0.0266088
1.00057
0.0920166
0.0724485
0.329418
0.219564
0.330157
0.041666
0.0890387
-0.0133679
0.0159378
0.0759781
0.105813
0.294152
0.040656
0.216363
-0.424946
-0.150608
0.10515
0.110097
0.0839706
0.150095
0.0150268
0.0857392
0.128424
-0.223703
0.0957344
0.0959708
0.0992397
0.174932
-0.157147
0.175703
0.0817276
1.34636
0.152243
0.166098
0.0336134
0.158389
0.110995
0.133986
0.00730686
-0.148728
0.826626
0.165359
0.0747728
0.592027
0.131201
0.109999
0.0661112
0.164916
0.0459918
0.675069
0.0653072
0.289375
-0.0330888
0.0273536
0.420101
-0.00968668
0.0703072
0.050854
0.0830461
0.241335
0.0390263
0.0359987
0.128212
0.994603
0.119137
0.0897747
0.101006
0.201654
-0.121865
0.0578445
-0.11881
0.0458682
0.145927
0.167995
0.0190633
-0.136358
0.0740585
0.135857
0.0873096
0.16351
0.0721846
0.0702372
0.0811835
0.300871
-0.0695252
0.130754
0.0379685
0.0382695
0.0117696
0.154666
0.129728
0.253021
0.0255591
0.0854575
0.0927865
-0.26812
0.0883393
0.133333
0.0840625
0.238201
0.0467207
0.063939
0.108156
0.0295998
-0.0167823
0.066834
0.0439581
0.214117
0.129553
0.0698417
0.0568724
0.0465245
0.0951917
0.138554
-0.0719691
0.280423
-0.0348603
-0.00657861
-0.0190513
0.106153
0.100833
0.0956235
0.104346
0.167281
0.0524316
0.0661153
0.0186882
1.05961
0.190143
-0.127764
0.153546
0.241511
0.188147
-0.316228
0.134876
-0.0343295
0.172409
-0.170465
0.496624
0.0508658
0.133446
0.12052
0.0294592
0.145772
0.551894
0.133035
0.0316482
0.112229
0.107892
0.254761
0.194577
-0.0462039
0.0693434
0.0953756
0.416149
0.170415
-0.019962
0.0160405
0.124607
1.4006
0.0678453
0.0403277
0.555757
0.125844
0.0267809
0.122783
0.167751
-0.540122
0.0877853
0.131072
-0.0652023
0.127564
-0.0361615
0.0603752
0.100462
0.0541187
0.0884414
-0.111779
-0.0340425
0.202752
0.178141
0.0639399
-0.117753
0.0465918
0.184104
0.0357373
0.292443
0.0761966
0.0617041
-0.470418
0.135816
0.962723
0.203234
0.107777
0.0990651
0.225078
0.137526
0.0017823
0.422314
0.0257497
-0.204925
0.103147
0.138231
0.114922
0.0532306
0.0886435
-0.0943176
-0.0269447
0.0127702
0.0891083
0.194085
0.125563
0.107231
0.103925
-0.00796692
0.400214
0.111256
0.0999283
0.0680132
0.192533
0.235646
0.0537274
0.126244
-2.95105
0.301203
-0.00632904
0.0663679
0.00636359
0.0209097
0.102232
0.084475
-0.163243
-0.151085
-0.0570377
0.205727
0.156161
0.109294
0.148368
0.0883597
-0.0102861
0.167019
-0.0238645
0.187012
0.24881
0.0991622
0.103374
-0.255628
-0.0113753
0.119453
0.102396
0.119365
0.094469
0.0909713
0.121623
0.0939268
1.32204
-0.252085
0.0471415
0.1077
0.0220538
0.0439465
0.0644856
0.155722
-0.117005
0.0653092
0.651946
0.0582639
-0.138081
0.0105546
-0.028449
-0.00464905
-0.0336638
0.145739
-0.0330138
-0.0281638
0.029186
0.0830615
0.0460169
0.0567639
0.0107428
0.0700567
0.0118454
0.0342155
0.121769
0.199618
0.0118669
0.199201
1.39493
0.0952631
-0.180216
-0.0537435
0.311922
0.132315
0.150185
0.1012
0.139016
0.150787
0.532137
0.060021
0.214371
-0.0990032
0.118216
-0.00112943
-0.0339394
0.120488
0.101795
0.120842
-0.252995
0.18504
0.0190984
-0.0219222
-0.0138326
0.107578
0.0513474
0.0410033
0.172636
0.159115
0.103079
0.0275505
1.18197
0.0344135
0.110985
0.1571
0.13806
0.100246
0.113899
0.100747
-0.094245
0.12382
0.147185
0.109602
0.0724456
0.142356
-0.10382
0.194569
0.216872
0.124118
0.109541
0.0927445
0.118074
0.09708
0.150683
0.449364
0.0297849
0.13856
0.288262
0.160115
0.0994696
-0.179192
0.119704
0.118917
-0.0940849
0.111264
0.0888066
0.116266
0.102605
0.11847
0.182055
0.101841
-0.118655
0.0829659
0.143517
-0.194977
0.150736
0.115636
0.13688
0.0450873
-0.0123759
0.0961136
0.16887
0.122484
0.128108
0.268012
0.0757961
-0.0152054
0.41138
0.844863
0.46647
-0.0426082
-0.230539
0.201484
-0.183577
0.170067
0.0853325
-0.15347
-0.313306
0.162317
-0.282094
-0.194124
-0.71337
-0.247555
-0.150261
0.0188322
-0.419267
0.493169
0.0671266
0.295235
0.245938
-0.347086
0.419227
0.309672
-0.213329
-0.664377
-0.169925
-0.0573625
0.712192
-0.1514
-0.0206188
-0.739125
0.133659
-0.0456259
0.0557364
-0.140222
0.0890321
0.285118
1.50066
-0.143379
0.0529474
0.124556
0.258101
0.19285
0.875337
-0.93816
-1.0032
0.221222
-0.314767
-0.0863285
0.521891
0.223349
0.230101
0.0320181
-0.0518167
0.448604
0.323754
0.103579
0.250271
0.704131
0.11495
-0.0842642
-0.143133
-0.327545
0.0742589
0.666885
1.10392
0.447232
-0.444898
-0.693568
-0.353669
1.16647
-0.776463
-0.927281
1.68044
1.66242
0.171664
0.636803
-0.371079
-0.772638
-0.88072
-0.0888241
0.341111
0.251578
0.530267
0.399675
-1.03665
-0.114094
-0.375378
-1.27752
1.47592
-1.14708
1.47561
-1.68275
0.970148
-1.65932
1.17879
-0.276097
-0.835068
0.204541
0.0771523
-0.258291
-3.67782
-0.0807194
0.00240674
-0.193
0.432276
0.0210774
0.439
-0.328979
-0.078192
0.133782
0.0954611
0.199549
-0.197583
0.523112
-0.718377
-0.116545
0.279369
-0.150072
0.21259
-0.00877787
-0.227706
-0.560772
-0.0193943
0.0608631
0.0938702
0.337483
0.00426112
-0.145771
0.0132851
-0.0161219
0.128785
-0.00683428
0.130179
-0.16389
-0.0500276
-0.0588352
-0.0215937
0.00102943
0.101827
0.0718537
-0.0597372
0.0835901
0.0333742
0.0655706
0.237719
-0.212827
0.351142
-0.0896652
0.101206
0.572204
-0.0829012
0.0152996
0.0744385
0.152197
0.105026
-0.00719041
-0.00932552
0.218252
-0.173908
0.129847
0.106181
0.0712455
0.219575
0.10967
1.27992
0.201981
0.0239708
0.222119
-0.00814722
0.340413
0.0148668
0.0120944
0.0971068
-0.0540066
0.211541
0.0438351
0.218514
0.201563
-0.228208
-0.0362609
-0.102811
-0.10502
0.115055
0.00554401
0.172653
0.205674
0.112411
-0.0444022
0.322899
0.364171
0.0941392
0.0849991
0.0681319
0.0465772
0.101658
0.149845
0.897771
0.0553843
-0.404158
0.4205
1.35165
-0.0386581
-0.707249
-0.745629
-1.04962
0.0183541
-0.362994
0.0106007
-0.196181
0.032627
-0.371316
0.585507
-0.182803
-0.115732
-0.379625
-0.195134
0.0575718
0.0811866
0.0710483
0.0702333
-0.222714
0.0578515
-0.0350004
0.0347681
0.160413
-0.442007
-0.225645
0.377035
0.283865
0.621264
0.527536
0.174474
0.200787
0.177311
-0.195421
0.0725406
-0.144684
0.0261888
0.116385
0.0408665
0.221692
0.182994
0.202221
-0.100969
-0.156682
-0.217146
0.269367
-0.0454322
0.205209
-0.00352699
-0.225062
0.761782
-0.219275
-1.23642
-0.837812
-1.10947
-0.500889
0.430662
0.300831
0.165112
1.07889
-0.05412
0.294408
0.18647
0.169937
0.22304
0.218683
-0.140204
-0.173358
0.364947
0.215902
0.106224
-0.158653
0.0878028
0.639216
-0.409264
0.330576
-0.881567
0.36355
1.42411
1.48145
0.75988
0.269312
0.153025
0.225279
0.304303
-0.24563
-0.153445
-0.551714
-0.108934
0.0188983
-0.18709
1.59312
-0.15496
-1.08911
-0.717376
-0.888603
-0.416009
0.0542297
0.595803
-0.441379
2.72847
-4.3501
2.74223
3.34107
0.532393
-0.845586
-0.309978
0.700225
0.912571
1.30352
1.50664
0.580184
0.0233982
-1.04099
-1.09521
-0.298119
0.938922
-0.594292
-1.65686
-2.13359
-0.381079
2.76036
4.86403
6.92181
-7.38547
-20.7298
10.7658
28.294
-16.4445
-16.4971
-7.50911
-2.42648
-1.17069
-2.90506
-1.30256
0.391934
0.180612
-1.18789
1.11446
0.893005
-1.47123
1.38693
-2.55132
-0.527369
0.558096
1.30191
0.044449
-5.01852
3.32952
-7.24308
13.1471
-19.7794
21.0122
-33.5629
-5.29498
10.409
12.6929
5.56421
3.70951
1.84474
2.99266
1.44454
1.45899
1.52627
2.40649
1.95979
1.29073
1.29449
1.63885
0.430036
0.341742
0.263311
-0.234181
1.20176
-1.39494
2.86446
-2.51239
7.46431
-14.8405
29.7194
6.06773
-8.59342
-5.23471
-1.29409
0.663539
-0.905895
-1.55954
-0.607117
-1.19556
-1.2532
-2.16578
-2.14866
-0.180083
0.834457
-0.593511
0.0940071
0.213227
0.833657
0.225743
0.374626
0.582471
-2.37705
6.48281
-13.6993
28.2286
-18.3191
-15.7954
-3.13857
1.16864
0.887837
1.08832
-0.951908
0.0230242
-0.323677
-1.20974
-0.131631
0.869875
1.72641
3.55422
4.20888
4.10778
3.87515
3.09447
3.43011
2.87696
0.0531005
0.267446
0.597172
-5.75068
-10.2286
26.9991
2.91949
-23.0718
-10.6633
-2.205
0.665988
2.3563
3.76306
3.26939
3.08739
2.37316
0.603528
-0.847544
-1.26528
0.271366
-0.0033531
-0.805811
-0.835784
-1.87934
-2.04768
-2.01963
0.897839
-0.057598
2.17598
3.71762
6.42164
11.5747
-73.237
-14.5625
-6.01091
-4.63239
-3.08759
-0.959725
-0.138304
-0.324756
-0.0259128
-1.60152
-1.25557
-0.917074
-0.378515
-0.338803
-0.424145
0.116691
0.153616
0.323295
-0.645743
-0.272261
0.631748
0.244631
-0.132384
-0.738763
0.59832
-0.25841
