0.0780419
0.0277973
0.0189251
0.0326994
0.0527654
0.0483968
0.0535149
0.069333
0.0638953
0.0585303
0.0722775
0.0482795
0.0626476
0.0652812
0.0455796
0.0458568
0.0546128
0.0451603
0.0469077
0.063486
0.0455658
0.0527959
0.0826238
0.0755258
0.109114
0.123685
0.123312
0.134504
0.143126
0.130393
0.112189
0.10438
0.0981166
0.0531545
0.0334973
0.00590378
-0.0245432
-0.03079
-0.0490711
-0.0765003
-0.0686071
-0.0939308
-0.113137
-0.10853
-0.114655
-0.124519
-0.13363
-0.125868
-0.123301
-0.127992
-0.101016
-0.104044
-0.0953896
-0.0755818
-0.0808551
-0.0744176
-0.0451808
-0.0636036
-0.0590144
-0.037301
-0.0246402
-0.0254751
0.00279902
-0.00266406
0.032146
0.0334109
0.0145872
0.0302634
0.0239495
0.0166802
0.0100711
0.000603121
-0.00876834
-0.0262495
-0.0442992
-0.0528644
-0.0558319
-0.052617
-0.0665467
-0.0639312
-0.0430272
-0.0528251
-0.0265705
-0.0121895
-0.0171364
0.030858
0.0449874
0.0583994
0.080512
0.0748401
0.0963141
0.110169
0.133346
0.137033
0.134558
0.157737
0.183227
0.186027
0.199525
0.184572
0.178802
0.183048
0.174024
0.147589
0.157371
0.123492
0.0963618
0.0775164
0.0583946
0.0155081
-0.0104225
-0.0339901
-0.0713014
-0.0857336
-0.108726
-0.143338
-0.143545
-0.144627
-0.149347
-0.145233
-0.12546
-0.146708
-0.134821
-0.114907
-0.131551
-0.121928
-0.112509
-0.117408
-0.041074
-0.0995568
-0.0938258
-0.0805703
-0.0552074
-0.057326
-0.036903
-0.0119856
-0.0026041
-0.00369137
0.0237995
0.0255124
0.0406328
0.0465173
0.0175707
0.0332708
0.0482936
0.0352072
0.0197916
0.0163132
0.0124131
0.00015502
-0.0142258
-0.0322866
-0.0277824
-0.0338522
-0.0478322
-0.0546501
-0.0403136
-0.0396611
-0.031619
-0.0290946
-0.00401443
-0.00525363
0.000394068
0.00155909
0.0134641
0.0322171
0.0340535
0.0338824
0.0505959
0.032044
0.0491911
0.0696707
0.0503219
0.0684897
0.0815175
0.0648633
0.0817277
0.0720898
0.0612377
0.0794668
0.077433
0.0720859
0.0844099
0.107533
0.117936
0.130919
0.158738
0.15997
0.172438
0.15572
0.134212
0.134607
0.133331
0.0742326
0.0365449
0.00741077
-0.0111925
-0.045466
-0.063515
-0.0901597
-0.090972
-0.117431
-0.129763
-0.145023
-0.151175
-0.153272
-0.170803
-0.169923
-0.152149
-0.167047
-0.160957
-0.140332
-0.141329
-0.12996
-0.109557
-0.11272
-0.0836142
-0.0669117
-0.0600319
-0.038798
-0.0206083
-0.0110131
0.00633175
0.0425489
0.0529395
0.0621154
0.0986595
0.0776137
0.086431
0.092686
0.0641227
0.070422
0.0780597
0.0331874
0.0190571
0.0134865
-0.0198036
-0.0311306
-0.0329105
-0.0711364
-0.0676554
-0.0621004
-0.0806171
-0.0696909
-0.0545335
-0.0676963
-0.0439121
-0.0224994
-0.014753
0.00233821
0.0349316
0.045203
0.0659335
0.0827218
0.084364
0.0800159
0.19111
0.076879
0.0707717
0.0844031
0.0713088
0.083116
0.104853
0.110545
0.125701
0.139806
0.17024
0.182446
0.199839
0.197457
0.181534
0.182195
0.173886
0.126506
0.0882606
0.0505547
0.0160201
-0.0111068
-0.0453005
-0.0834521
-0.0872443
-0.11669
-0.154537
-0.173022
-0.17039
-0.2046
-0.198987
-0.191869
-0.181163
-0.188083
-0.17648
-0.173778
-0.162316
-0.141446
-0.136313
-0.108077
-0.0674424
-0.0826946
-0.0709659
-0.0530004
-0.054631
-0.016414
0.00888972
0.0149276
0.040675
0.0628679
0.0657606
0.0805955
0.0808582
0.083213
0.0853566
0.082389
0.0736972
0.0519768
0.0406877
-0.00224836
-0.0168093
-0.0348609
-0.0563117
-0.0605863
-0.0525231
-0.0825343
-0.0790435
-0.0820645
-0.0985934
-0.097776
-0.0753627
-0.0586821
-0.0382382
-0.00793162
0.00808711
0.0366806
0.067753
0.0746013
0.0928896
0.109404
0.11488
0.105305
0.112281
0.118611
0.111387
0.125706
0.132374
0.143748
0.17799
0.188946
0.189381
0.219807
0.238364
0.220447
0.210359
0.186054
0.18907
0.147596
0.122218
0.0691147
0.0360219
0.0122977
-0.0510446
-0.0928844
-0.100535
-0.159478
-0.173975
-0.196139
-0.225182
-0.230471
-0.233824
-0.249576
-0.231661
-0.212867
-0.203879
-0.176006
-0.150753
-0.131363
-0.107624
-0.0777846
-0.0848551
-0.0735828
-0.0505746
-0.0435123
-0.0193229
-0.00166719
0.0239858
0.0424942
0.139465
0.0620271
0.0678428
0.0895781
0.0812594
0.0849017
0.082783
0.0497844
0.0463484
0.0320655
0.0108192
-0.0209056
-0.030635
-0.0438939
-0.0668227
-0.064688
-0.0877723
-0.106539
-0.10963
-0.130162
-0.11722
-0.103415
-0.0939497
-0.04574
-0.0233199
-0.0118177
0.0341735
0.061125
0.0717696
0.10284
0.121941
0.124791
0.148027
0.134418
0.126341
0.153917
0.16545
0.156256
0.192538
0.204778
0.212168
0.22554
0.225279
0.227479
0.228488
0.223984
0.199451
0.182915
0.182396
0.147233
0.12132
0.0718253
0.0356867
-0.0220994
-0.0635967
-0.118877
-0.132874
-0.171682
-0.214925
-0.252548
-0.268431
-0.257976
-0.275979
-0.269631
-0.219945
-0.232221
-0.193731
-0.165639
-0.160142
-0.125348
-0.108722
-0.0909246
-0.0793925
-0.0540459
-0.0384098
-0.0282501
0.0185251
0.00721202
0.0451545
0.0660833
0.0449647
0.0612227
0.0766654
0.0656265
0.0508394
0.0501504
0.0182649
0.00763152
0.0215516
-0.0262545
-0.0335735
-0.0282507
-0.0701299
-0.0758328
-0.08072
-0.106352
-0.0997969
-0.123033
-0.139288
-0.124833
-0.10153
-0.0825197
-0.0594678
0.000898204
0.0139005
0.0304926
0.0783072
0.0934107
0.120956
0.127965
0.131515
0.147731
0.150384
0.15561
0.157294
0.174734
0.199634
0.213338
0.226462
0.219139
0.230273
0.242883
0.223452
0.216513
0.214986
0.201208
0.175798
0.165901
0.0940278
0.120328
0.102012
0.0386942
-0.00432544
-0.0758746
-0.105211
-0.18375
-0.193528
-0.22689
-0.28827
-0.286032
-0.297719
-0.301407
-0.277055
-0.261255
-0.247159
-0.217812
-0.178802
-0.155931
-0.13854
-0.0904512
-0.0843407
-0.0431488
-0.0263038
-0.0383827
-0.00576871
0.0174967
0.0376075
0.0449548
0.059143
0.0494244
0.0710071
0.0568797
0.0425865
0.0321273
0.0227475
0.00534692
-0.00378309
-0.0165088
-0.0303488
-0.0479246
-0.0637521
-0.0840767
-0.101496
-0.113214
-0.124289
-0.138105
-0.142404
-0.140087
-0.137293
-0.0836194
-0.0857662
-0.0295492
0.00693247
0.0494179
0.0781018
0.0962571
0.121704
0.138135
0.164306
0.162809
0.173421
0.174255
0.190922
0.180309
0.207743
0.22172
0.222778
0.241387
0.244833
0.242472
0.260945
0.238585
0.212817
0.218512
0.21527
0.200177
0.154199
0.1452
0.13382
0.0891884
0.0601137
-0.0415308
-0.0727446
-0.147575
-0.191174
-0.254535
-0.259128
-0.303078
-0.332852
-0.317359
-0.320278
-0.289011
-0.263884
-0.251934
-0.195194
-0.166516
-0.142443
-0.0995957
-0.081592
-0.0504465
-0.026745
0.00301308
0.00752703
0.011596
0.037104
0.0404061
0.0540469
0.0544243
0.0396035
0.0307657
0.0340489
0.0136546
0.00260625
-0.00924401
-0.032253
-0.0557345
-0.0647359
-0.0835473
-0.084849
-0.103687
-0.126044
-0.133843
-0.11468
-0.139037
-0.115989
-0.102708
-0.0534769
-0.0736582
-0.0554018
-0.0127528
0.0205577
0.0755305
0.0822305
0.141859
0.16883
0.151372
0.180423
0.179905
0.174732
0.18539
0.184384
0.164096
0.194436
0.198727
0.195315
0.22027
0.223671
0.213187
0.224417
0.210368
0.229126
0.216671
0.220798
0.226133
0.197998
0.194549
0.140743
0.12556
0.131546
0.0385894
-0.0186146
-0.112061
-0.148347
-0.236769
-0.273099
-0.318256
-0.331313
-0.335839
-0.325806
-0.318095
-0.281409
-0.245764
-0.204888
-0.179681
-0.13692
-0.0894205
-0.0738836
-0.0344825
-0.0381127
-0.0118392
0.0140567
0.0016561
0.021561
0.019853
0.0110735
0.029011
0.026366
0.00791724
-0.0016711
0.00347475
-0.000595531
-0.0342157
-0.0363523
-0.0847908
-0.102646
-0.111661
-0.145438
-0.137412
-0.138973
-0.185155
-0.157404
-0.142358
-0.128885
-0.108816
-0.0573746
-0.0485812
-0.0146469
0.0638022
0.0691913
0.121916
0.147096
0.175916
0.187362
0.203888
0.197043
0.173273
0.172266
0.151612
0.151951
0.147156
0.144085
0.149233
0.177669
0.182233
0.182627
0.196054
0.20484
0.205038
0.213381
0.195874
0.22879
0.227005
0.216984
0.22593
0.192437
0.159706
0.0932655
0.0795369
0.0411959
-0.0612033
-0.0986647
-0.192921
-0.250473
-0.301048
-0.324519
-0.355801
-0.324885
-0.31747
-0.29174
-0.259738
-0.213984
-0.192975
-0.128334
-0.079943
0.00524751
-0.0420212
-0.0296502
-0.0259398
-0.0157057
-0.002515
-0.00295002
-0.000921707
0.00648393
-0.0102579
-0.00288062
0.00687406
-0.026593
-0.0440987
-0.0404003
-0.0577485
-0.0658015
-0.0947769
-0.124809
-0.130293
-0.131524
-0.13595
-0.159675
-0.144445
-0.125966
-0.137634
-0.0930649
-0.0751072
-0.0302678
-0.0143427
0.0226444
0.0719654
0.10811
0.119412
0.146668
0.184058
0.178155
0.201579
0.187731
0.163114
0.162727
0.155126
0.133396
0.121597
0.134707
0.128753
0.145433
0.163913
0.161977
0.183055
0.208426
0.219976
0.221883
0.21911
0.242117
0.231278
0.259032
0.273928
0.227546
0.20893
0.15276
0.124715
0.0418371
-0.0348439
-0.0513791
-0.182344
-0.229194
-0.314116
-0.342669
-0.383337
-0.391024
-0.349515
-0.285029
-0.28026
-0.22808
-0.188686
-0.12273
-0.0668023
-0.0167566
-0.0145278
-0.00793583
0.0135995
0.000228646
-0.000737082
-0.0119374
-0.0262771
-0.0406501
-0.0297411
-0.0246256
-0.0394339
-0.0605136
-0.0853256
-0.0766337
-0.0826958
-0.0943443
-0.117256
-0.121394
-0.147011
-0.148128
-0.122998
-0.155771
-0.144738
-0.111584
-0.0885754
-0.0568222
-0.0320062
-0.0109558
0.00908718
0.0646779
0.0797595
0.140726
0.142133
0.129959
0.173404
0.172455
0.169359
0.168537
0.153686
0.121498
0.127157
0.132447
0.101679
0.110847
0.124485
0.133815
0.15707
0.179362
0.178955
0.284581
0.209334
0.215701
0.224408
0.244014
0.252155
0.258258
0.25408
0.296251
0.259724
0.190223
0.189322
0.0877393
0.00297922
-0.126642
-0.179495
-0.253761
-0.333535
-0.35681
-0.400591
-0.40076
-0.369498
-0.328443
-0.244077
-0.185597
-0.161786
-0.0827578
-0.0410196
0.00885627
0.0258206
0.0247274
0.00812604
0.0328167
-0.0273967
-0.0417267
-0.0495334
-0.0856955
-0.086817
-0.0778509
-0.0888483
-0.0760156
-0.100743
-0.123691
-0.126542
-0.113086
-0.151818
-0.153505
-0.156243
-0.185408
-0.144963
-0.155845
-0.14103
-0.101694
-0.0388359
-0.0508544
0.0269022
0.0741055
0.0467702
0.0918596
0.108689
0.126198
0.109771
0.134996
0.128289
0.125673
0.119431
0.105487
0.0989594
0.0953615
0.0857336
0.0950951
0.113328
0.134747
0.141307
0.180175
0.192163
0.198709
0.218489
0.213285
0.230979
0.234636
0.223253
0.243207
0.245661
0.260485
0.260263
0.304406
0.270797
0.247077
0.235726
0.123308
0.0248625
-0.115843
-0.180591
-0.329114
-0.395717
-0.381752
-0.451071
-0.451052
-0.399881
-0.34959
-0.225641
-0.13116
-0.0499325
-0.00801031
0.0467965
0.080486
0.0907019
0.0837048
0.0221879
-0.0189672
-0.0448615
-0.102202
-0.129952
-0.143927
-0.158954
-0.144078
-0.0996442
-0.109461
-0.113192
-0.104088
-0.135264
-0.112384
-0.118239
-0.13936
-0.179349
-0.167571
-0.139279
0.0780419
-0.147815
-0.102287
-0.0352255
-0.0128599
0.0701171
0.103753
0.138663
0.129506
0.123934
0.139155
0.0949099
0.0976873
0.0891216
0.0696852
0.0681282
0.0591671
0.0471577
0.0488294
0.0702627
0.0732899
0.104854
0.13272
0.143084
0.190412
0.194869
0.202198
0.227098
0.223324
0.224639
0.226994
0.246907
0.29114
0.253968
0.266574
0.282925
0.341193
0.329508
0.272379
0.151308
0.202722
0.103681
-0.083335
-0.145907
-0.317299
-0.404447
-0.450709
-0.435771
-0.46344
-0.40367
-0.329463
-0.209065
-0.091016
0.00166472
0.026449
0.081194
0.125845
0.119101
0.0685052
-0.00811656
-0.0922491
-0.119408
-0.148105
-0.184786
-0.186202
-0.205994
-0.177974
-0.114086
-0.0917593
-0.103276
-0.113225
-0.0890892
-0.0890494
-0.120274
-0.150557
-0.207499
-0.198397
-0.162534
-0.128696
-0.127234
-0.0770271
-0.0114502
0.0241205
0.120472
0.126433
0.150361
0.125026
0.0995393
0.113239
0.0608461
0.0175615
0.0117106
0.032773
0.0146433
0.0495736
0.0485775
0.042367
0.0972534
0.139829
0.146513
0.150341
0.160581
0.1703
0.208223
0.222889
0.192162
0.208837
0.221863
0.237123
0.249858
0.24431
0.268912
0.278344
0.308226
0.356219
0.341412
0.29978
0.175424
0.179654
0.0385143
-0.0654692
-0.143041
-0.330468
-0.407004
-0.446019
-0.419288
-0.402919
-0.352874
-0.21706
-0.142285
-0.0307655
0.0413183
0.0790047
0.0998474
0.102599
0.0751724
0.0365657
-0.0698378
-0.139554
-0.178935
-0.210483
-0.212584
-0.230723
-0.222137
-0.177037
-0.1123
-0.1015
-0.0886655
-0.119603
-0.127293
-0.126785
-0.159175
-0.176546
-0.228219
-0.22969
-0.165588
-0.0858548
-0.107133
-0.0104079
0.055424
0.0836027
0.131253
0.136053
0.110866
0.0720568
0.0585528
0.016676
0.00633196
-0.00605626
-0.0384348
0.0151307
0.0278714
0.0821575
0.100468
0.121698
0.122691
0.139409
0.161681
0.122039
0.116521
0.143549
0.178849
0.177829
0.200871
0.225982
0.246506
0.3052
0.300902
0.28887
0.309926
0.289186
0.284154
0.34619
0.281271
0.237452
0.152784
0.166133
0.0436991
-0.0607331
-0.224457
-0.233467
-0.328901
-0.381194
-0.377845
-0.37816
-0.34719
-0.240046
-0.159026
-0.0735216
-0.001696
0.0345433
0.0974594
0.0982182
0.0730923
0.0304931
-0.0693437
-0.0972134
-0.13632
-0.212329
-0.246053
-0.253699
-0.250739
-0.212746
-0.156753
-0.14984
-0.119018
-0.121545
-0.122939
-0.139859
-0.145898
-0.174443
-0.166849
-0.17036
-0.148133
-0.0952093
-0.102971
-0.0173036
0.054569
0.135238
0.123714
0.0994956
0.115904
0.0744421
0.0464844
-0.00168879
-0.038893
-0.0637735
-0.0367251
0.0112821
-0.0055435
0.0613356
0.0974861
0.143858
0.15231
0.157112
0.161573
0.237571
0.11626
0.14783
0.18947
0.172016
0.208288
0.236883
0.265643
0.322185
0.312357
0.27651
0.294132
0.28864
0.257719
0.189775
0.22627
0.218283
0.194179
0.235125
0.122781
0.0237345
-0.090127
-0.102824
-0.244139
-0.316785
-0.341114
-0.374416
-0.351024
-0.276434
-0.235516
-0.130677
-0.0315691
0.0363892
0.0898006
0.111062
0.0728791
0.0530404
-0.0199351
-0.0998769
-0.189723
-0.204118
-0.277447
-0.282022
-0.264388
-0.24292
-0.196412
-0.137878
-0.13336
-0.111644
-0.0821698
-0.125773
-0.156342
-0.161457
-0.177986
-0.203148
-0.161793
-0.123296
-0.135228
-0.0293897
0.0312651
0.112109
0.124928
0.117566
0.125979
0.107638
0.0270264
-0.0183384
-0.0468075
-0.0908064
-0.0609665
-0.0134073
0.0355838
0.0729165
0.125344
0.15548
0.163577
0.17247
0.145489
0.149172
0.113262
0.0880365
0.138221
0.152664
0.193396
0.241694
0.279288
0.302346
0.325738
0.333619
0.309117
0.278337
0.257223
0.184272
0.210851
0.167634
0.154525
0.233935
0.166897
0.0852694
-0.0163319
0.00471474
-0.104991
-0.234853
-0.334495
-0.316368
-0.345634
-0.310593
-0.282936
-0.223479
-0.130703
-0.00183807
0.042172
0.0742812
0.0918037
0.0717974
0.0198182
-0.0258252
-0.144506
-0.20932
-0.262027
-0.275079
-0.281275
-0.253009
-0.237817
-0.170404
-0.132714
-0.0865657
-0.0694324
-0.0163302
-0.14081
-0.15871
-0.155039
-0.216831
-0.200833
-0.167687
-0.0951891
-0.0680014
-0.0119647
0.0548071
0.0709242
0.121373
0.127812
0.10799
0.0495603
-0.0144202
-0.0343992
-0.0595962
-0.069229
-0.0456994
0.0134128
0.0152836
0.112483
0.1723
0.134581
0.154939
0.169732
0.164589
0.127281
0.109756
0.102322
0.136007
0.204124
0.237632
0.262942
0.291769
0.309072
0.318425
0.273248
0.26389
0.204801
0.157011
0.187269
0.167938
0.165806
0.147349
0.215416
0.217176
0.139076
0.164324
0.0218006
-0.119363
-0.258692
-0.29795
-0.393602
-0.389441
-0.357233
-0.290371
-0.196066
-0.0592505
0.00607693
0.0860621
0.125752
0.149451
0.0429281
-0.031538
-0.136312
-0.192389
-0.270222
-0.298147
-0.289296
-0.259602
-0.210643
-0.149441
-0.122844
-0.0671359
-0.0634091
-0.0645241
-0.115541
-0.194518
-0.225311
-0.25535
-0.226056
-0.204452
-0.117786
-0.144683
-0.0225555
0.0955302
0.0826335
0.111184
0.120267
0.0942656
0.052148
-0.00539211
-0.0726186
-0.107208
-0.0923248
-0.0627748
0.0145277
-0.00333876
0.0908747
0.178891
0.219087
0.218304
0.178153
0.148825
0.105254
0.0899395
0.0842197
0.0802085
0.123982
0.194318
0.272481
0.304936
0.32851
0.322569
0.291489
0.285834
0.189097
0.147023
0.167603
0.148845
0.146088
0.144857
0.207938
0.234141
0.228219
0.241729
0.166338
0.027313
-0.139855
-0.199679
-0.360821
-0.435386
-0.418393
-0.355994
-0.280805
-0.164955
-0.0676512
0.0575679
0.141009
0.152894
0.137647
0.0337239
-0.0681696
-0.124266
-0.241971
-0.304957
-0.310822
-0.324886
-0.259857
-0.173861
-0.174168
-0.101997
-0.0698946
-0.0618893
-0.0954285
-0.149905
-0.223525
-0.260835
-0.252263
-0.242066
-0.153086
-0.165828
-0.0808888
0.0357397
0.120963
0.112481
0.114832
0.0994058
0.0395933
-0.00216003
-0.0541841
-0.0992105
-0.117515
-0.0769874
-0.00268276
-0.0209197
0.0876043
0.144225
0.212772
0.211713
0.172168
0.157388
0.0963239
0.0518455
0.0518921
0.0730383
0.085754
0.173393
0.263097
0.31516
0.362973
0.364516
0.302018
0.292028
0.223529
0.131206
0.0549902
0.107648
0.0954399
0.127354
0.174643
0.217231
0.275099
0.271162
0.364565
0.231191
0.058196
0.00419792
-0.212959
-0.367551
-0.456394
-0.429799
-0.386354
-0.266071
-0.2102
-0.0904049
0.0701308
0.132676
0.14847
0.107949
0.00807274
-0.039512
-0.155572
-0.257635
-0.294051
-0.28729
-0.283035
-0.233055
-0.144376
-0.115504
-0.089591
-0.0675753
-0.0910749
-0.128418
-0.182557
-0.241524
-0.273739
-0.264241
-0.198339
-0.232299
-0.140733
-0.0467193
0.0469601
0.0477757
0.0685401
0.0810203
0.0153885
-0.0194838
-0.049123
-0.0534883
-0.0938264
-0.0312822
0.0311339
0.0580632
0.0690135
0.131851
0.177876
0.17139
0.154154
0.0919984
0.0456166
0.0479568
0.0234555
0.0577769
0.0807287
0.160658
0.264219
0.346008
0.37292
0.36436
0.34765
0.310495
0.213375
0.121881
0.0421927
0.0952812
0.102791
0.129281
0.159825
0.221851
0.269197
0.28696
0.384143
0.301816
0.17826
0.13131
-0.115645
-0.294657
-0.417777
-0.408369
-0.4122
-0.321483
-0.204352
-0.100772
-0.000568691
0.0916584
0.135915
0.122327
0.035432
-0.0712695
-0.117205
-0.219756
-0.269609
-0.268444
-0.273855
-0.240746
-0.179824
-0.158848
-0.136916
-0.106485
-0.13473
-0.176843
-0.200518
-0.221465
-0.253929
-0.228342
-0.171001
-0.182148
-0.135707
-0.0623399
-0.0109447
-0.0164873
0.0221643
0.00887761
0.0155139
-0.0262399
-0.0547202
-0.0375062
-0.0455421
-0.023305
0.0148308
0.0766964
0.0226779
0.0600923
0.121492
0.091645
0.10845
0.109768
0.0758913
0.0482738
0.0695521
0.109053
0.119998
0.175787
0.202165
0.270284
0.299735
0.32617
0.309296
0.293161
0.207754
0.149154
0.0998206
0.107815
0.115734
0.137981
0.164804
0.250158
0.270555
0.262942
0.332811
0.302277
0.253592
0.13664
0.0784829
-0.099265
-0.236444
-0.169486
-0.253347
-0.32214
-0.311976
-0.260944
-0.155664
-0.0412988
-0.0476746
-0.0276668
0.00494334
0.0252594
0.00421094
-0.0713595
-0.137873
-0.0443735
-0.160527
-0.181295
-0.222826
-0.231729
-0.220664
-0.195263
-0.164174
-0.178377
-0.234256
-0.201761
-0.1789
-0.16463
-0.162044
-0.127865
-0.193559
-0.135899
-0.0580366
-0.0991575
-0.0631749
-0.0179006
0.00358955
-0.0412575
-0.0334022
-0.0355125
-0.0481639
0.00850999
0.0257059
0.0650117
0.00728652
0.0414298
0.106418
0.119361
0.0962657
0.083936
0.0793639
0.047891
0.0726205
0.0689626
0.0891656
0.137765
0.183984
0.220326
0.203514
0.260507
0.284644
0.296885
0.286708
0.198451
0.146127
0.159964
0.128705
0.115591
0.119649
0.152445
0.177636
0.226206
0.283311
0.269544
0.2454
0.199103
0.219527
0.128896
0.00597061
0.088105
-0.0789303
-0.165714
-0.255834
-0.288841
-0.293521
-0.245544
-0.146966
-0.0784234
-0.0809578
-0.0351794
0.00501529
0.00925525
-0.0379887
-0.0873498
-0.0892517
-0.153113
-0.167205
-0.205543
-0.222616
-0.215165
-0.20813
-0.208269
-0.190925
-0.174613
-0.195638
-0.182693
-0.169054
-0.146645
-0.198358
-0.196353
-0.161261
-0.149533
-0.106228
-0.0627274
-0.0057964
-0.0659774
-0.0268486
-0.00446663
-0.00208307
0.0125912
0.00456987
0.0188214
-0.0475864
-0.00699483
0.0183132
0.048879
0.0634049
0.0672628
0.110946
0.0756767
0.0804696
0.0807785
0.113124
0.100425
0.115153
0.160378
0.101153
0.151522
0.203712
0.236321
0.269601
0.2845
0.248312
0.342917
0.212201
0.158018
0.110902
0.11663
0.103984
0.124255
0.151537
0.233906
0.253504
0.251558
0.265481
0.228778
0.173764
0.0650509
0.143175
0.00872876
-0.119688
-0.159477
-0.243103
-0.300506
-0.275413
-0.211392
-0.159587
-0.0943622
-0.0809428
-0.0449705
-0.0307247
-0.0459344
-0.0464241
-0.103967
-0.135014
-0.131625
-0.171537
-0.184008
-0.186687
-0.203388
-0.209657
-0.210593
-0.203027
-0.196124
-0.203018
-0.166067
-0.20397
-0.15871
-0.151562
-0.1305
-0.108945
-0.105555
-0.0548591
-0.12612
-0.110494
-0.0711054
-0.0339075
-0.0454853
-0.0143441
0.0518396
-0.0311497
-0.00370482
0.025998
0.0449892
0.0436751
0.0653681
0.0573176
0.0397309
0.0640126
0.0620103
0.0969304
0.101585
0.122711
0.141433
0.131616
0.126685
0.130894
0.146706
0.148671
0.180476
0.230109
0.241704
0.280146
0.248591
0.201095
0.193102
0.139876
0.0991247
0.091754
0.144181
0.164885
0.2049
0.2173
0.219788
0.201335
0.146054
0.250218
0.195452
0.112456
0.0688603
-0.0727998
-0.146762
-0.207057
-0.168823
-0.230687
-0.22892
-0.173975
-0.115434
-0.0999766
-0.0863751
-0.037443
-0.00475842
-0.0295413
-0.0599623
-0.091342
-0.139175
-0.141197
-0.140445
-0.188251
-0.196953
-0.191953
-0.217431
-0.190557
-0.139007
-0.220738
-0.19598
-0.164916
-0.135224
-0.11533
-0.089322
-0.0796112
