-0.237948
0.958281
0.343333
0.279465
-0.692286
-0.712604
-0.865391
0.850072
0.229158
0.253754
-1.01488
0.918711
0.60084
-0.642097
-0.683005
-0.691113
-0.423515
0.0135583
-0.162794
-0.501423
0.259729
-0.790337
-0.35474
-0.264983
-0.0712819
0.654017
-0.612525
0.0920185
0.207483
-0.941576
0.247676
-0.660369
-0.828944
1.05733
0.979792
0.663967
-0.42054
-0.834845
0.418934
-0.0899967
-0.756483
-0.0294802
-0.862653
0.930112
-0.479662
0.304639
-0.378238
0.079814
0.138017
-0.633248
1.06486
0.601848
0.823543
0.756912
0.183935
0.668603
-0.951169
-0.694306
-0.891782
-0.333694
-0.186036
-0.376921
0.585962
-0.304393
