0
3.90474
6.62732
2.55537
9.66995
7.27817
3.56733
-10.9466
7.6286
6.83642
1.67243
0.609426
-13.7669
8.03577
12.9188
-4.25135
-5.72101
-10.6661
-1.57577
9.8326
3.48997
-3.33841
8.76259
1.68093
3.10903
-16.3113
-7.15036
-4.14634
-3.5008
6.8193
-12.0993
-9.81081
-7.77432
-8.91441
-2.06341
-11.0696
14.7656
11.2169
4.10624
-16.2401
13.6662
-1.09758
-2.66702
-6.26608
2.80692
-7.81189
-8.00928
-11.4088
-19.9203
-2.40598
2.08696
-4.62262
-4.37032
0.559648
1.42206
-7.11943
-4.84489
7.43919
1.84175
5.52668
7.64962
2.17909
-13.454
4.74456
5.71001
-0.852162
6.97294
-20.8136
-1.73389
7.95973
-4.30078
-4.14512
-7.10853
10.0337
3.21559
4.81667
0.37832
-6.18533
8.91679
-5.25813
15.9805
4.15585
-4.51833
1.28135
2.39894
-4.74592
5.98492
-5.87418
11.5568
-1.79485
1.64796
6.00705
-6.09107
1.23845
-10.3944
3.58092
-12.8713
-1.00114
0.949026
8.1118
4.89643
11.2942
2.94847
-1.66743
-2.40398
1.74592
14.2269
-1.95584
-9.93848
-16.6483
0.40194
6.60525
0.0336372
-2.09992
-0.50064
-12.054
1.10528
-0.273375
-2.98152
0.940302
-5.86919
-1.66534
3.79467
-0.612952
-0.540433
0.904618
-3.71604
-6.26434
-0.949812
8.24937
3.45724
-1.16025
2.14331
4.92643
-2.98514
-1.51562
11.166
-4.82837
0.105221
2.30884
-2.79941
7.39809
3.00869
1.21979
-3.10126
-10.5491
-3.03584
14.8493
11.2825
5.92439
-9.24255
2.94466
6.47273
1.90376
-0.696108
-13.2396
-1.66051
-8.72752
-4.48874
4.15523
14.7829
-5.24461
11.5895
-2.33628
6.76559
-6.46478
1.41985
5.31348
-10.4647
1.66558
-5.6567
5.20535
-4.04147
0.609456
5.30102
2.97526
-13.4533
5.06358
-5.1438
2.49377
2.70235
-4.10008
-3.02869
-17.057
5.62688
3.97964
2.74876
-9.18456
-2.45521
15.7514
-6.14902
-1.07524
-3.45761
-9.28375
10.9612
0.0471752
-6.59642
-10.2234
-0.961274
-6.99437
4.14772
5.20181
1.99834
-4.54818
1.35026
1.65955
0.00135851
0.987761
14.408
12.2343
12.9382
7.605
-3.92517
9.62225
7.56536
2.07771
-12.9719
16.8213
-3.93009
-4.47742
-16.9643
4.46526
-1.57323
6.5265
5.58602
11.3828
9.36845
-9.77431
-0.567452
2.07907
7.5107
17.0109
-0.868791
3.02682
-10.5477
5.0182
-6.11209
-10.6622
-0.734786
8.98595
10.3908
6.33192
-8.98135
-9.66508
18.8841
-0.667477
3.43682
-5.83001
-8.22786
9.48746
-0.790784
-5.39449
-11.8779
-3.05638
-7.33453
-6.24966
