0.16134
0.110872
0.480874
6.00071
-2.66152
-2.5841
-4.44449
1.91404
4.33942
1.4415
0.149106
0.672951
0.74906
-1.26684
-0.717653
0.00863503
-0.0739309
-0.286097
0.235943
-0.233623
0.487132
-0.35839
0.10414
-0.157279
-0.733216
-0.245913
0.216214
-0.22662
0.403574
-0.20773
0.194773
-0.209063
-0.00761341
-0.216488
0.195955
-0.256064
0.435154
-0.20363
0.194794
-0.209294
-0.63433
-0.22098
0.209515
-0.218742
0.452431
-0.211657
0.173942
-0.195406
0.00119133
-0.194528
0.185839
-0.225764
0.447611
-0.230345
0.185304
-0.177997
-0.661783
-0.223694
0.257983
-0.209335
0.471988
-0.295118
0.180986
-0.211891
0.0627263
-0.211625
0.199003
-0.205631
0.436738
-0.209307
0.196071
-0.202821
-0.661035
-0.196749
0.213495
-0.202206
0.43668
-0.203029
0.200265
-0.195294
-0.00837876
-0.207568
0.200968
-0.208847
0.445826
-0.183191
0.188207
-0.194122
-0.660852
-0.20378
0.19805
-0.20104
0.43488
-0.198788
0.207402
-0.203704
0.0254151
-0.199625
0.193375
-0.204237
0.440113
-0.199979
0.210753
-0.185927
-0.632648
-0.204371
0.200451
-0.207332
0.439355
-0.199295
0.196243
-0.211416
-0.00693913
-0.19403
0.206777
-0.196687
0.443446
-0.208106
0.204437
-0.208032
-0.647715
-0.198709
0.203867
-0.197976
0.437872
-0.203383
0.20203
-0.202515
0.16134
-0.202515
0.20203
-0.203383
0.437872
-0.197976
0.203867
-0.198709
-0.647715
-0.208032
0.204437
-0.208106
0.443446
-0.196687
0.206777
-0.19403
-0.00693913
-0.211416
0.196243
-0.199295
0.439355
-0.207332
0.200451
-0.204371
-0.632648
-0.185927
0.210753
-0.199979
0.440113
-0.204237
0.193375
-0.199625
0.0254151
-0.203704
0.207402
-0.198788
0.43488
-0.20104
0.19805
-0.20378
-0.660852
-0.194122
0.188207
-0.183191
0.445826
-0.208847
0.200968
-0.207568
-0.00837876
-0.195294
0.200265
-0.203029
0.43668
-0.202206
0.213495
-0.196749
-0.661035
-0.202821
0.196071
-0.209307
0.436738
-0.205631
0.199003
-0.211625
0.0627263
-0.211891
0.180986
-0.295118
0.471988
-0.209335
0.257983
-0.223694
-0.661783
-0.177997
0.185304
-0.230345
0.447611
-0.225764
0.185839
-0.194528
0.00119133
-0.195406
0.173942
-0.211657
0.452431
-0.218742
0.209515
-0.22098
-0.63433
-0.209294
0.194794
-0.20363
0.435154
-0.256064
0.195955
-0.216488
-0.00761341
-0.209063
0.194773
-0.20773
0.403574
-0.22662
0.216214
-0.245913
-0.733216
-0.157279
0.10414
-0.35839
0.487132
-0.233623
0.235943
-0.286097
-0.0739309
0.00863503
-0.717653
-1.26684
0.74906
0.672951
0.149106
1.4415
4.33942
1.91404
-4.44449
-2.5841
-2.66152
6.00071
0.480874
0.110872
