0.612157
0.809684
0.557334
0.520858
0.647236
-0.745173
2.7307
1.51354
1.24963
1.8711
-0.890097
-3.60567
-2.45494
-1.49196
-1.8615
1.55907
3.95729
-2.65435
-0.725405
0.213156
-5.41099
-1.5079
1.81637
0.405108
1.13479
1.36634
2.80114
4.72555
-2.8582
3.20599
2.01866
4.14856
4.53636
6.17065
-4.5112
2.55967
1.08376
1.35963
2.28241
2.30764
2.4066
-0.738701
2.25474
0.506876
1.38474
0.490802
1.33886
1.74416
0.642334
1.16153
-0.0163258
0.511606
1.10493
0.916605
0.0881993
1.34206
1.21218
-1.44997
2.79097
1.23591
2.73529
1.62889
-2.54828
1.6094
1.82148
0.105852
0.0867533
-1.55296
5.41177
2.60486
-0.958516
-1.08882
1.28758
1.9945
9.43137
6.87942
-13.0572
-17.1625
38.2732
9.95753
-62.4424
80.0056
-57.1975
54.7557
-54.8982
63.7711
-53.9354
48.7788
-20.3429
-8.79024
52.2651
-43.2831
11.7006
50.4087
-52.2969
20.4643
71.0945
-26.8104
-35.5816
116.051
114.409
-23.2043
-121.677
-68.007
-17.8122
11.526
5.72695
1.83222
0.323807
4.82042
0.815221
-2.07978
-3.32928
-0.559347
0.565776
-3.66426
-6.43034
-2.04906
1.52249
-4.31409
-3.66113
-6.37709
-2.03401
-5.30359
-3.76351
-4.8258
-0.351684
-2.5137
-4.50429
-3.04345
1.2948
-0.278948
-2.70757
-3.30008
0.495867
-4.07323
-2.13028
-4.9678
-2.1685
-3.35088
-1.24682
-3.0376
-1.12352
-2.18603
-2.81982
-2.65817
-0.473102
-1.04146
-2.49116
-3.39751
1.16974
0.0245762
-4.1894
-2.05156
-1.10217
0.759048
-0.992997
-2.76266
0.0736619
0.542811
-2.64303
0.838144
-5.36988
7.32139
-7.36428
9.26098
-9.84665
12.7394
-4.82545
1.81374
6.692
-6.77963
14.1525
-10.4058
8.80231
4.34101
-7.13239
17.4429
-12.908
10.0575
4.12268
-8.69669
14.0655
0.659021
-5.46667
11.9162
-3.93914
-3.99599
10.9812
-3.94798
-6.85247
5.59922
-2.39559
-15.2061
-4.97094
-4.09539
-20.0235
-25.999
-17.9632
-20.2031
-37.7089
-50.5932
-39.6828
-1.4479
31.6017
48.6214
41.7739
28.7518
12.9673
1.19435
-6.82014
-9.51707
-10.5578
-9.26006
-7.04663
-5.93155
-3.67007
-1.36683
0.295124
1.72445
0.761264
0.23328
0.74665
0.424362
-0.4558
-0.624805
-0.00230956
0.558522
-0.0424069
1.19285
3.76435
3.18454
2.3199
5.01104
2.57165
2.22691
2.63464
5.56286
-0.596956
3.42364
6.77819
-0.391099
6.8126
0.163907
6.65632
0.99072
6.03469
1.73074
5.93843
2.00374
3.98279
1.20297
4.38598
2.08705
2.60066
5.01134
-1.80346
5.80198
-1.6631
3.44904
-0.0156949
-3.42186
5.19136
-3.00681
4.17037
0.761462
-3.16942
2.75061
-3.32804
-1.21988
2.84598
-4.81242
2.51126
0.952727
-6.37098
3.50521
-0.369858
-5.60835
6.05484
-1.08783
-4.28699
5.26232
-0.620665
-6.0158
6.0525
1.80857
-6.00939
7.11128
7.35584
-6.41321
0.658354
9.26091
-1.84376
-6.76285
8.17324
9.01954
-7.91305
-5.49098
16.3268
15.6099
-7.47477
-15.5748
8.11076
26.1466
9.71901
-30.0439
-49.5468
-33.9541
7.63407
39.5845
42.1342
20.7528
-5.62711
-21.1118
-23.6277
-11.9214
-1.66249
11.4219
10.1991
6.58213
-1.51305
-4.20149
-2.34364
-1.54073
-1.07163
0.783286
1.47576
0.235786
2.20113
-0.956607
0.252267
-1.61436
1.33632
-0.457863
0.789729
0.470536
0.0689521
2.48647
-2.12571
3.15786
-3.31825
2.40229
0.504836
-1.86937
3.96541
-5.01845
4.23115
-0.776453
-0.821181
2.22937
-4.93125
5.53934
-1.48093
-1.92286
1.83579
-4.99715
4.05553
-0.392018
-5.09313
2.4818
-3.61646
0.0726305
3.29178
-5.90951
-0.158215
-0.0543433
-6.42127
4.57263
-1.07227
-9.35965
6.4297
-0.621014
-9.69743
5.305
-2.13995
-8.4326
9.37507
-1.60616
-9.31218
6.889
3.02967
-6.49665
4.55671
6.79703
-4.87153
-1.50625
11.8053
0.719222
-5.85298
12.8471
7.13889
-9.69937
-0.383095
8.97038
-2.62361
-12.4163
-2.42165
7.76635
-2.5823
-20.0751
-12.5331
8.99517
8.49426
-15.0395
-24.9776
-8.62221
24.7067
34.9968
15.7635
-4.13299
-16.6797
-15.405
-8.41731
-0.371345
5.26489
6.69046
3.54942
-2.34312
-4.24688
-1.93998
-3.20028
2.15682
1.91026
-1.59675
-1.43964
-4.82008
-1.10453
-3.08224
2.59792
-1.93722
0.65155
0.218882
-3.77476
4.16212
-6.0627
1.08892
-0.570522
-3.69613
2.68094
-2.51516
0.874635
-0.256255
-3.29649
4.52237
-1.77909
-0.684652
1.42292
-4.54188
3.89588
-0.0377597
-3.18305
5.43733
-2.19691
-3.05201
5.53573
-3.40503
0.955007
4.94027
-7.73621
2.76827
5.07637
-7.22658
4.99617
3.95397
-6.70157
4.83304
4.33533
-8.04458
3.54434
5.68109
-7.95367
3.63634
5.66943
-8.36731
0.809707
8.84973
-6.26757
-6.20975
9.7715
1.73069
-9.15512
5.26348
7.54999
-10.8712
-3.94029
10.7875
-3.49907
-9.78488
7.93495
6.85042
-10.5586
-5.9258
9.62641
3.1833
-14.944
-5.26827
17.9468
6.07154
-16.4172
-6.56452
17.4555
14.4836
-8.99011
-20.8883
2.59042
24.2558
13.9137
-16.2788
-30.3099
-15.2373
9.02849
23.952
19.0662
4.72935
-11.815
-18.0273
-14.1362
-5.13366
10.5981
13.7829
9.93027
-2.40102
-9.61678
-6.0839
-5.61957
3.55584
4.32455
4.03289
2.6997
-4.55744
-3.89817
-3.32985
-1.78383
4.60231
4.13975
1.8225
-2.35351
-4.53264
0.557664
2.09924
3.43347
2.15208
-1.4728
0.0296716
2.89439
-3.22792
-0.964059
1.57209
0.914907
3.08965
-1.0303
-3.20435
0.171995
-1.04071
1.99496
4.16804
-2.18371
-2.1605
2.64455
-2.13987
-1.71739
3.78394
0.710351
-0.977734
-0.346944
-1.14393
-1.90608
4.58672
1.80888
-4.54739
1.89388
0.64188
-3.55629
2.9065
3.49597
-2.83728
-2.23601
3.77846
0.111009
-3.52768
2.56315
0.765404
-4.65869
-0.432842
6.21768
0.36874
-7.24615
1.08474
5.95133
-2.8287
-2.93705
3.77164
2.65267
-4.70038
-3.0926
7.92425
4.33085
-8.53492
-6.54634
9.53712
8.73815
-10.4572
-15.1269
6.9282
20.1645
1.08994
-25.0584
-18.2283
15.2117
32.2171
9.19749
-27.9767
-29.3322
3.34844
26.3877
17.486
-12.0271
-22.2012
-3.12518
14.622
11.2573
-6.99583
-9.99927
-1.57033
6.90928
4.67331
-3.33843
-6.13732
2.20731
4.91956
1.24516
-3.25196
-2.17598
2.72998
3.09664
-2.04026
-4.36807
0.191865
2.51459
1.61314
-2.39648
-1.27693
1.97535
1.68554
-2.91536
-1.51067
0.560852
1.96218
0.855325
-1.28758
-0.612196
0.115632
1.56205
-0.0667461
-0.798221
0.012036
0.0353134
-0.0585266
0.211841
0.062572
-1.2511
-1.53651
1.30029
1.56687
-1.03967
-1.47827
0.148814
1.33194
-0.619579
-1.14853
0.582629
1.87449
-0.0951816
-1.6263
-1.32139
1.53424
0.0980523
-1.44819
-0.630712
0.526165
0.944625
-0.928895
-1.38941
-0.576329
0.321151
0.314953
-0.341775
-0.230392
-0.411266
0.990622
-1.37398
-1.22553
-0.118255
0.402768
-1.00265
-1.79022
-0.179515
-0.374715
-0.309587
0.983089
0.961818
-2.44902
0.766254
3.6798
1.24558
-3.78029
-2.99317
3.30724
4.31065
-1.8482
-3.44313
-3.40458
-1.94199
-0.644825
3.99602
3.31521
-1.47403
-1.06439
-2.93757
-3.34468
-2.23206
2.11497
-0.643353
-1.83453
1.72518
1.71274
-3.82363
-0.164103
4.66707
-1.63904
-4.54017
2.58854
2.90731
-2.1286
-1.2953
3.38021
2.93457
-1.22641
-1.63917
1.82465
0.196721
-1.59689
-0.736609
0.546863
-2.37276
0.232373
3.30662
-1.23163
-0.725852
1.55271
-0.0223579
0.0765973
0.921786
-1.3073
0.111888
0.769545
-1.27304
0.156723
3.18153
0.228775
-3.14344
1.74406
1.15104
-2.4156
0.0248422
3.35151
-2.72219
-0.84103
4.13992
-1.89241
-2.52438
4.13952
0.214765
-3.86821
3.26196
0.714395
-4.4692
2.29341
3.76678
-3.2919
-1.12969
3.96681
-0.952019
-2.99411
3.34325
1.17461
-3.11467
-0.832959
2.00006
0.871543
-3.03667
0.807986
2.78399
-1.99844
0.265506
-0.0558037
-0.175193
1.49037
0.222566
-0.21215
-0.870856
1.75542
1.52764
-2.73502
-0.576471
2.24002
-0.919496
0.724485
0.189741
-2.38729
-0.491294
0.631366
0.449415
-0.36352
0.829248
1.07551
-0.969328
-0.49465
-0.369854
-1.08646
0.652844
1.97036
-1.44167
0.285771
0.609783
-1.52522
-0.28799
1.6551
-2.1006
-0.367856
2.10273
-2.96718
-0.8615
1.50139
-0.879926
0.193942
0.0885977
-0.653715
2.08663
-1.22545
-0.0921576
2.87145
-3.11434
0.309469
4.5313
-2.75483
-1.03859
4.5007
-2.69907
-2.85811
6.07692
-3.51885
-2.4361
5.88324
-1.42263
-2.67905
4.6696
0.36541
-6.09831
4.67726
0.938885
-4.87519
2.40216
0.89996
-1.49321
-0.639288
1.21287
-0.0193767
-2.32493
3.5647
-1.09222
-0.729876
0.3791
1.65333
0.252367
-2.68803
2.92981
0.249988
-1.02298
1.24392
2.4525
1.37795
-2.55154
-0.948882
4.27152
-3.23316
-0.231204
2.44524
-2.06404
1.49338
-1.78819
-1.24127
3.44026
-2.70755
-0.620903
1.35284
-1.31423
2.82043
-0.178746
-0.469471
-0.237886
-2.83756
0.485194
0.306536
-2.78786
4.67079
-0.109627
-3.96678
2.23092
-1.98939
0.520284
4.91954
-6.31587
3.59433
-0.423824
-2.83574
1.81924
-0.346025
-2.81703
5.58843
-4.93654
1.4792
2.89145
-4.70899
2.49251
2.01236
-5.43431
4.96906
-0.976733
-3.0499
3.77369
-1.45747
-1.27892
2.98274
-2.94117
-0.604152
2.71406
-1.17372
-1.04825
1.73502
-1.3513
-1.92594
1.44637
-0.225781
-0.698864
-1.216
2.80684
-1.93282
-2.21598
3.9139
-3.17032
0.467318
2.26438
-0.962904
0.961381
-2.0009
0.842295
-3.78585
1.75342
1.38104
-3.48707
2.54886
-1.84283
1.46459
-3.2811
0.0716304
2.87117
-4.20471
3.0547
0.51018
-2.36973
3.17172
-3.49908
3.51868
-1.12149
-2.57325
4.68214
-4.55776
1.52499
0.753046
-1.72235
1.48639
-1.71444
-0.916143
2.51139
-3.22938
1.05856
0.613879
-0.834508
1.61361
-2.41175
1.023
0.566903
-1.20363
-0.747347
1.20708
-1.26016
1.13665
-1.09976
-0.428042
0.655537
0.104035
-0.977071
-0.389951
0.414378
0.0365474
0.949493
-1.6376
0.371099
0.33414
0.451183
-0.86218
0.565685
-1.51909
0.355254
0.208657
-0.768036
1.16838
-0.861569
0.221233
0.49395
0.0752664
-0.0758086
0.286286
0.0570233
-0.575999
1.30225
-0.278161
-0.152828
0.141841
-0.0454604
-0.176929
0.291388
0.829048
-0.688924
1.10998
0.492591
-0.776141
0.647243
-1.13901
-1.15492
-0.123719
0.765367
0.0530332
-0.651296
0.441252
0.643725
0.869734
0.368785
0.151719
-0.538702
0.466527
-0.950714
1.51906
-1.47313
0.817399
1.45997
-1.8164
2.10544
-1.91269
2.44943
1.47661
-0.860268
0.405312
-0.822637
0.843572
0.248708
-0.842497
1.00681
0.330812
0.328568
-1.20895
0.608334
0.434722
0.0283502
0.313244
0.582053
-0.329303
-0.205634
0.367449
-0.358028
-0.354166
-0.332797
-0.509494
0.529149
-1.02403
-0.408798
-0.701336
0.112514
-0.565963
0.157983
-0.111948
0.173073
-0.842914
-1.56855
1.57961
-0.117402
-0.529305
-1.34775
-0.505085
0.556028
-0.100578
-1.41735
-0.321287
1.4952
0.355326
-0.677221
0.284892
-0.158191
0.321895
1.36055
-1.33306
-1.28033
0.534258
-0.791033
1.46626
0.457409
-1.33304
0.38458
0.140376
-0.0955855
0.500907
0.0852339
-0.494326
0.263612
-0.373737
-0.111506
-0.667978
-0.357985
-0.688379
1.07815
2.251
-0.105027
-0.763506
1.16823
-0.840883
0.523316
0.0345097
1.98859
-1.13922
0.922628
0.779357
-1.25632
0.409509
-0.0466883
-0.597599
-0.0286706
-0.0138575
-0.6155
0.252132
-0.0271555
0.630902
-0.13046
0.217805
1.57702
2.26601
0.705634
4.36023
0.145445
-0.272666
0.622145
-0.414924
0.363844
-0.201273
0.404218
-0.125654
-0.0520023
-0.00150342
-0.142676
0.0683501
-0.874756
-0.678541
2.12178
-1.20746
-0.00812585
-0.148968
0.139353
-0.186145
0.261953
-0.0446287
0.602202
-0.648875
0.411305
-0.271742
-0.160891
-0.2588
0.691954
1.2661
-0.012888
-1.22041
0.448389
0.318285
-0.30499
0.555242
-0.796185
0.250409
-0.152353
0.0497577
0.0631495
0.165966
-0.618072
0.665659
0.400972
0.520806
-0.241434
0.190139
0.143118
-0.709518
-0.154593
1.16211
-0.530712
-0.286867
-0.213204
-0.716318
-0.283074
-0.245129
0.796484
0.00612859
0.103316
1.17319
-0.621177
0.178861
-0.22773
0.241274
1.08734
-0.322224
-0.908337
0.464879
-0.0674422
0.446483
0.414169
-1.38784
0.824281
-0.254428
0.395748
-0.19557
-0.200937
-1.32792
0.703853
0.0172031
0.358703
-0.143311
0.241543
-0.123322
-0.361208
-0.396601
0.584643
-0.18304
-0.446399
-0.30164
-0.101571
-0.387019
0.174195
-0.202197
0.0671666
0.208168
0.0774054
-0.306723
-0.954476
0.464655
-0.274127
-0.0181257
-1.17791
0.173339
0.522247
-0.431674
0.310864
0.566909
-0.0930707
-0.414801
-0.173429
0.0752888
0.434878
-0.491822
0.692384
0.459775
-1.72986
-0.233345
-0.391786
-0.517994
-0.0609006
-0.0741248
-0.0174617
0.1556
-2.31029
0.403572
-0.044604
-0.959705
0.505244
0.774163
0.109405
-0.442824
0.979455
0.128366
0.34953
-0.122027
-0.23368
0.607671
-0.433156
-0.0317077
-1.63705
-0.0837961
0.0323161
0.190822
0.0224277
-0.327339
0.092406
-0.546276
0.0423238
0.256053
-0.0358875
0.291798
0.11697
-0.302311
0.697305
-0.730447
-0.071334
-0.236503
-0.369146
0.258491
0.322763
0.00962717
0.171005
-0.426725
-0.409245
0.0449262
-0.0481202
0.0816361
-0.0392221
0.0884125
0.0428763
-0.255486
0.489245
-0.520049
-0.0355393
0.16878
-0.132971
0.173077
0.0300904
-0.233305
0.00632305
-0.0116916
0.155223
0.157487
-0.376794
0.56479
-0.130553
-0.472574
-0.115749
-0.0501399
-0.251223
-0.128856
0.442291
-0.457992
-0.225872
0.242625
0.158452
-0.384919
-0.521701
0.30573
-0.400492
-0.785243
0.861188
-0.224959
0.126509
0.209762
-1.19818
0.317659
-0.280149
0.350373
-0.0175462
0.370621
0.402591
-0.47908
0.431461
-0.0828436
-1.26366
0.286361
-0.995853
0.585588
-0.525457
-0.226218
-0.16058
-0.0984729
-0.262816
0.381418
-0.0317839
1.85714
0.647886
0.100253
-0.71274
0.516364
-0.825533
-0.556623
0.634501
-0.652446
0.164794
0.356411
-0.622632
-0.322575
-0.174648
0.753228
0.507839
0.241499
0.464998
-1.10668
1.59132
-1.47546
0.867264
0.821368
0.32384
-0.979401
0.802788
-0.48501
-1.33666
0.516603
-0.333848
0.0979553
0.875198
-0.408089
0.619076
-0.565743
-0.170535
-0.110042
-1.45713
-0.361421
-0.53721
1.65005
-0.231215
0.826586
-0.343389
-0.600795
-0.033075
-0.646613
-0.00257226
0.530355
1.64939
-1.22881
0.897975
-0.144394
-1.0854
-0.170326
0.0446351
-0.13718
0.186932
0.0684153
-1.54388
-0.00201402
1.53496
-0.145269
0.147279
0.113953
0.249695
0.107954
-1.48317
1.38183
-0.499847
-0.185658
0.536616
-0.19897
0.522356
-0.343126
-2.06825
1.75206
-0.551942
-0.829726
0.887742
0.324779
-0.181478
0.627618
0.294961
1.19763
-0.599876
-0.425343
-0.453121
0.00689398
-0.727169
-1.02887
-0.583895
-0.779326
-0.168877
-0.283284
0.853088
-0.920547
-0.108698
0.370974
0.116294
-0.939861
0.677864
-0.48417
0.325541
0.729664
-0.214199
0.423032
1.04646
-0.374356
-0.00311952
0.317797
0.349008
-0.913508
-2.43827
1.38545
1.28665
-1.17449
0.694791
-0.436776
0.150983
0.33468
-0.218647
-0.37033
0.821482
-1.27042
0.509285
-0.866284
-0.243779
-0.217626
-0.700661
-0.147937
0.626784
1.69959
1.02019
0.572714
-1.27757
1.15978
1.39033
1.35074
-0.18456
-1.72486
-0.624275
-1.66565
0.908697
0.8016
1.25738
1.38071
0.247637
-1.70442
-2.80095
1.34691
-2.27087
2.69664
2.23748
-0.284836
-1.47031
-1.24348
0.581061
-1.0824
1.29016
1.36014
2.25431
-1.39527
-3.13097
1.17377
0.187884
1.01562
0.687789
1.47613
-3.25252
-0.913607
1.25705
-1.50895
2.28764
1.06983
1.28937
-3.77408
-0.739652
1.02797
1.21889
-0.989713
-1.89336
0.900411
-0.157433
0.162253
-0.0299334
-0.168033
0.183411
-0.147416
-0.510199
0.361535
0.773757
-1.20507
-5.66573
-1.45148
-3.30996
-1.96103
4.03627
-0.354241
-1.62716
0.0591573
0.54813
0.56413
-0.371781
-1.90645
1.65449
1.83943
0.104759
-1.90264
-1.05427
1.13042
-0.770384
-0.276088
0.355572
-0.0160504
-1.24694
-0.138224
-1.94964
1.55656
2.50549
-2.24394
-1.38257
1.25216
1.16921
-0.35137
-0.267442
-1.47955
-0.525389
1.41406
4.22941
-4.59481
-4.19386
0.54856
-6.05568
-0.0596704
0.974393
-0.156348
-1.55399
-1.0462
1.0904
0.978963
0.173836
-1.05377
-0.346141
0.440977
0.906863
-1.22546
-1.77218
0.30738
0.107284
-0.681527
0.15376
0.250463
2.5163
-1.69126
0.177561
-0.503607
0.221975
0.500136
0.202994
-0.357555
-2.10076
0.38739
0.706631
-0.228505
-1.00954
-0.194328
-0.693003
-0.184071
0.694085
-1.13884
0.474345
0.355924
0.484797
1.65446
-1.79697
0.861744
0.255463
-0.823915
-0.160065
0.665459
0.710474
-0.463502
0.300698
0.0753652
0.14353
0.0574231
-0.0289482
0.189571
-0.567454
-0.302249
-0.755654
3.2007
-0.634963
-0.044301
0.995374
-0.222168
0.124672
0.38758
-0.0282274
-0.44764
0.331356
-1.13431
0.194946
0.293088
0.101564
-0.803248
0.443735
0.640299
0.829786
-0.749243
0.564757
0.248816
-2.18441
-0.800368
-0.889623
1.30822
0.200708
-0.16299
-0.469332
-0.422383
0.726256
0.420647
-0.720065
-0.523095
0.163907
-0.106174
0.0630965
0.385901
0.249174
-0.15249
0.0340441
-0.817389
0.16006
-0.225643
-0.452224
-1.9025
-1.33125
0.092446
1.20281
0.472759
-0.233114
-0.111889
-0.206322
0.16804
0.832217
0.443939
0.156879
0.918156
-0.338553
-0.524896
0.915066
0.216356
0.366719
0.369389
0.457117
-0.101304
-0.476392
-0.357873
0.170352
-0.432459
0.516258
0.872055
-0.470262
-0.6072
0.510023
-0.450255
0.452723
-0.770827
0.819743
-0.442121
0.277411
0.240966
0.0808034
-0.789439
-0.352856
0.354583
-0.162777
-0.161895
-0.187287
1.14955
0.851416
-0.685506
-0.443569
0.935346
0.238263
-0.385345
-0.917634
0.779876
-0.198186
-0.108709
0.405501
-1.04466
-1.3776
-0.106489
-0.262265
0.179404
-0.230908
-0.743092
-0.311219
-1.86786
-0.481654
1.116
0.558003
0.564575
-0.0577717
-0.246015
0.960193
0.417361
0.31204
0.357795
0.65798
0.418236
0.736446
-0.628442
0.015321
0.494681
0.08547
-0.208679
0.101451
0.807984
-0.34534
-0.477508
0.17807
-0.59373
0.708446
-0.1268
0.532222
0.261737
-1.05322
-0.323294
0.407025
0.335864
-0.0186751
-0.427466
0.238213
-1.51947
0.271594
0.860738
0.863168
0.137284
-0.931683
0.0473976
-0.000527219
0.559519
0.372402
0.681483
-0.728716
-0.120125
0.0413971
-0.244402
0.318092
-0.655702
1.48695
-0.475186
-0.511052
-0.432917
0.368358
0.137681
-1.05273
0.115753
0.103464
-0.312504
0.214748
0.242716
0.389181
0.488653
2.76229
0.74382
-0.833805
0.056732
1.02271
-0.141353
-1.01425
0.03246
-0.510843
0.294302
-0.0563738
-0.24914
0.130619
0.12072
-0.194106
0.0566531
-0.453447
0.162887
-0.225409
-0.314667
-0.0198675
-0.249701
-0.778382
0.991222
0.526835
-0.379122
-0.450848
0.538578
0.405888
-0.465841
-0.491344
-0.00280311
0.133009
0.529405
-1.03702
0.947549
-0.497922
-0.741924
-0.261767
-0.276854
1.15311
-1.4111
-1.00177
-0.167018
0.842677
0.135579
-0.932452
-0.551432
1.33454
0.0105536
-0.656429
-0.257039
0.166911
0.314964
-0.00287999
-0.26037
0.114012
0.199833
0.299606
0.110133
0.177427
-0.311651
-1.43987
-0.505298
0.605452
-0.0175047
0.121852
-0.260469
-0.225541
-0.114001
-1.351
0.0269295
-0.059835
0.0128704
0.861252
0.208281
-0.303497
0.0800516
0.049558
-0.0899661
0.373368
0.385201
0.604938
-0.093381
0.398634
-0.239526
-0.536344
-0.426181
0.473569
0.381521
-0.400243
-0.202563
-0.136549
-0.0194199
0.0149244
0.197183
0.148953
-0.380157
0.083687
-0.0355689
-0.134526
-0.0702332
0.154893
-0.125201
-0.258765
0.089086
0.0767277
-0.0742401
0.250738
0.319709
0.136789
0.152262
0.260669
0.283237
0.21868
-0.289582
-0.0442901
-0.00583843
0.0858505
-0.167365
0.136392
-0.00552134
-0.0766854
-0.217481
-0.0442319
-0.0442897
-0.162064
-0.430099
-0.250791
0.138709
-0.0243701
0.0213445
0.0291985
0.159445
-0.0202033
-0.00966021
0.0212592
0.0222069
0.134611
0.0982662
-0.20435
0.0288881
0.0762675
-0.0996067
-0.15322
-0.00640421
-0.0102493
-0.0360162
-0.0487418
-0.0867185
-0.0336089
-0.0059542
0.163115
-0.0434558
-0.130647
-0.0127336
-0.0061009
0.174892
0.314553
0.264028
0.057225
0.073801
0.375694
-0.0230873
-0.0479048
-0.103755
0.246862
-0.209272
0.0671585
0.0182449
-0.0455394
0.177618
0.0227619
0.228067
0.581505
0.108078
-0.054803
-0.15401
-0.0348901
-0.419403
0.102147
0.120017
-0.0873335
-0.0988826
0.282536
0.15117
-0.109283
-0.234066
0.360413
-0.0722766
0.111637
0.113977
0.374847
0.364308
0.0822807
0.272784
0.0782859
0.0650424
0.047219
-0.0920727
0.0398324
0.115373
0.216299
-0.161541
-0.517344
0.316236
1.38847
0.0507972
0.358084
0.605246
0.14879
0.443022
0.445684
0.315332
-0.105067
0.115121
0.129061
0.135389
0.0139552
-0.317474
-0.0651114
0.143676
0.0803184
-1.1227
0.578454
-0.0383618
-0.300369
-0.157359
-0.188784
-0.335358
-0.461806
0.0527364
0.111313
-0.0193043
0.332447
0.240651
-0.16533
0.354922
0.0581098
0.266069
-0.179379
-0.325357
-0.0370048
0.231492
0.0229514
-0.42335
0.833874
0.996252
-0.211903
-0.245422
-0.0391236
-0.0157849
-0.116793
-0.683855
0.199634
-0.0427203
0.558533
-0.167114
-0.064559
-0.79858
-0.194845
0.489767
0.636879
0.25071
0.314264
-0.167726
-0.807048
0.0660012
0.00358853
0.164481
0.232689
-0.32047
0.643868
0.786496
-1.37963
0.0256495
-0.00259897
-0.131294
-0.102519
-0.176447
0.159365
-0.883547
0.093628
-0.0316708
-0.413364
1.57362
2.69033
-0.268532
0.246243
-0.263945
-0.572388
0.101809
-0.122615
1.31877
-0.182785
0.237522
-0.271832
0.0986436
-0.0410105
0.25207
-0.326269
0.12297
0.591776
-0.225959
0.114707
0.114443
0.415597
0.221031
0.492829
1.18567
-0.540919
0.0782878
0.46998
0.920431
-0.0888059
-0.34099
-0.200945
-0.47421
-0.148667
-0.518619
-0.954669
0.181025
-0.060121
0.245044
0.260463
-0.475975
0.707315
-0.446954
-0.224303
0.12385
0.0389817
-0.326196
0.104778
0.44132
-0.314052
-0.744738
1.95654
-0.453976
-0.108565
0.26409
-0.311294
-0.120846
0.126766
-0.688172
0.391631
-1.08398
-0.550658
-0.202987
0.0440063
0.202775
0.264647
-0.0283616
-0.132424
-0.31726
0.827762
0.26598
0.351515
-0.00994537
-0.597354
-0.812348
-0.827396
-0.139666
0.479302
0.171301
0.0725627
-0.598498
0.197513
-0.141909
0.0597245
-0.15739
-0.367301
-0.0345083
-0.0251137
-0.372935
-1.6584
0.430563
0.142642
0.411034
0.726579
-0.346397
0.311545
-0.148332
-1.28228
-0.729466
-0.0164348
0.266487
-0.0503872
-1.019
-2.05164
0.510896
-1.83452
0.081914
0.276084
-0.0276576
0.902861
0.200001
0.0680965
0.182216
0.150244
-0.330721
-0.089564
0.173101
0.510867
-1.90974
-0.0183146
-0.526879
-0.587013
-0.771015
-0.213457
0.280661
-0.510286
-0.198522
-0.0812059
-0.370505
-0.232927
-0.277822
-0.218573
-3.32444
2.71499
-0.339556
-2.08679
0.305285
-0.659923
-0.282107
-0.0627424
0.357544
-0.239068
-1.79949
-0.394568
0.34332
0.380576
-0.0541398
0.0520946
-0.258309
0.436219
0.10578
-0.69343
-0.118997
0.101783
-0.391831
-0.0452741
-0.00624849
-0.018658
-0.62848
-1.79761
2.3868
5.49545
0.239582
0.156462
-0.243543
-0.145551
-0.0785655
-0.363012
-0.185979
0.0344824
-0.0470171
0.123919
0.733055
-0.202045
-0.221123
-0.593826
1.51986
0.176585
0.163511
-0.165203
0.0375613
-0.395515
0.0526509
0.227636
0.275215
-0.58845
-0.12783
0.00114068
0.0189134
-0.5332
-0.0370971
1.51494
0.673677
0.434966
-0.13883
0.216701
0.334632
-0.421762
-0.0809226
0.123878
0.435929
-0.627329
0.154538
-0.236814
0.431579
0.61654
0.167069
-0.0695703
0.51244
1.74208
-0.599216
-0.255897
1.03813
-0.240645
0.322364
-0.00917752
0.388463
0.0321367
-0.397232
1.15676
1.86358
0.140497
-0.286674
0.328913
0.532433
0.0182697
-0.258286
0.1605
-0.701231
0.00817462
-0.370605
-0.523712
0.105036
0.815333
-0.891817
-0.498841
0.316073
0.0383971
-0.172057
0.595093
0.100068
0.14972
0.622583
-0.0627026
-0.4138
-0.27503
0.0713669
-0.154362
0.432869
-0.320877
-0.472796
-0.266927
-0.137037
0.0519692
-0.163194
0.377236
0.0817385
-0.191183
-0.181318
-0.158601
-0.158175
-0.0659862
0.0544004
-0.150969
0.0530761
0.180992
0.335857
0.0561473
-0.55258
-0.349874
-0.124768
-0.113718
0.120036
0.504834
0.286069
-0.170753
0.302803
-0.343126
0.134627
-0.563635
0.0435855
-0.224801
-0.4802
0.301472
-0.287228
-0.0358784
-0.141091
-0.485693
0.779405
-0.307937
-0.228103
0.309453
0.803925
0.334904
0.227185
-0.104688
-0.0584551
0.0526628
-0.208513
0.756542
0.977858
0.0106252
0.119456
-0.0106819
-0.258281
-0.1457
0.116365
0.434488
0.732978
0.0510032
-0.283029
-0.162312
-0.521763
0.240981
-0.0824325
1.02436
-1.43819
-0.425218
0.278756
-0.346583
0.815053
0.26753
-1.08805
1.54963
-1.38409
1.30683
0.135957
-0.510892
0.444301
1.44708
0.633344
-0.221563
0.346916
0.596694
0.0937992
0.0675025
-0.37256
0.125956
0.62916
0.188939
-0.290619
0.315143
-0.205436
-0.00194967
-0.137628
0.0289378
0.49483
0.388133
-0.212442
-0.138174
0.172876
-0.229036
-0.0222851
-0.115143
0.123424
0.689858
-0.816038
1.04876
-0.709557
1.08736
-0.672357
1.23219
0.513137
-0.586237
-0.409059
0.44733
0.422033
0.209601
-0.26136
-0.46137
-0.441542
0.225749
-0.439221
-0.281432
-0.45193
-0.651419
-0.0320927
-0.673154
0.200852
0.322665
0.195477
-0.139902
-0.477347
-1.11314
-0.157605
0.0869293
-0.360183
-0.194873
-0.0406898
-0.0687006
-0.451115
-0.713477
1.59277
-1.35558
0.478987
-0.355946
-0.417464
-0.11517
0.49514
0.623901
-0.356843
-0.0830644
0.107421
0.35289
0.102092
0.0575233
0.0150471
0.0120859
0.430438
-0.0205141
-0.00825117
-0.432836
-0.473145
0.623486
-0.308289
0.0259935
0.239996
-1.26106
-0.348392
-0.0659073
-0.19001
-0.00606492
0.914908
-1.45406
1.1237
-1.7378
-1.45576
0.483618
0.678083
0.429118
-0.451538
-0.180314
0.693742
0.504658
0.243793
0.720189
0.171889
0.368333
-0.13097
-1.47164
-0.309485
-0.237386
0.400902
0.267555
0.334712
0.0403593
-0.0466308
0.387946
0.000326604
-0.200076
0.157785
0.212817
-0.0800743
-0.362979
-0.604951
-0.158386
-0.301913
-0.873872
0.149124
2.11948
-1.09746
-2.0698
-1.64178
0.25002
0.286478
0.761104
0.571897
1.17735
0.643309
-0.742255
-0.987659
0.255673
0.267586
-0.916794
0.498474
0.405513
-0.382204
-0.330691
-0.202847
-0.510818
-0.111622
0.821391
0.193009
-0.485331
-0.20504
-0.187344
-0.0352175
0.2416
0.228369
-0.30824
0.153884
-0.0686733
0.435682
-0.490764
-1.6991
-2.68436
1.23064
0.556457
-0.52371
-2.47447
2.63466
-3.77481
-1.30247
0.322126
0.0818021
-0.922884
0.348337
1.04498
-0.326443
0.275706
-0.160483
0.147124
-0.0473074
0.381898
0.741829
-0.0044461
-0.47913
-2.25624
-1.671
-0.76887
0.382089
2.19345
0.97656
0.944516
1.7564
-0.0517847
-0.246291
0.316291
0.238349
0.22736
-0.409431
0.600795
0.516277
-0.926543
0.135117
-0.283244
-0.062603
2.15638
-1.51877
3.39608
-0.113862
-0.50072
0.253342
0.155971
0.223286
0.186758
-0.205291
-0.906008
-0.399566
0.00810307
1.70576
-0.00970746
-0.0802976
-0.738371
-0.702429
-4.09916
3.03705
-0.72755
-2.38705
-2.79455
-1.67514
7.59584
-5.4329
-0.308344
0.483828
-0.353373
-0.21055
-0.0639921
0.0967561
0.368918
0.125984
-0.333702
0.383965
-0.888528
0.186431
-0.0382254
-0.130369
0.078375
-0.0646599
-0.28428
-0.00201166
0.128568
0.408831
0.439716
0.622013
1.18857
0.198188
-1.22893
-0.207784
-0.0401433
-0.464432
-0.306559
-0.754266
-1.46008
-0.507687
-0.808305
2.02981
0.487793
-0.123234
-0.1876
-0.422969
0.8522
-0.350838
-0.0442896
-0.0757548
0.0104832
0.0926238
0.124767
0.0028471
0.210426
-0.112939
0.234957
0.426759
-0.247734
-0.105887
0.4064
-0.10768
-0.560766
-0.441652
-0.289912
-0.22486
-0.233739
0.0595765
0.657081
-0.188572
0.131674
0.477025
0.969609
-0.980756
0.710182
-2.08175
1.96781
-1.06455
0.619962
0.146898
-0.198981
0.211773
-0.1063
-0.169933
-0.0764242
0.38563
0.2984
-0.350606
0.0536806
0.209168
-0.11532
-0.228726
-0.387871
-0.117617
0.0624944
0.0209267
0.44256
0.230116
0.270722
0.772494
0.703117
-0.331915
-0.294422
-0.858901
-0.0747805
0.574282
-1.34751
-0.963576
1.26946
-0.242156
-0.842722
0.531737
-0.41993
0.123667
-0.0143917
-0.575483
-0.00522693
0.316822
0.372617
-0.296541
-0.137423
0.128585
0.193581
0.0516826
1.53132
0.275087
-0.121685
0.133987
0.237139
0.253925
0.472189
0.509252
0.159877
0.169884
0.361472
-1.66461
-0.347974
0.508087
0.877302
-0.175439
-0.0387742
1.41769
-1.84042
1.26313
-0.855832
-0.301457
0.856943
-0.202136
-0.290086
-0.406213
-0.00793626
-0.172029
-0.524665
0.689163
-0.36959
-0.330588
-0.0463473
-0.32045
-0.109755
-1.04795
-0.922465
0.10053
0.00796156
0.123475
0.081865
0.171049
-0.333776
-0.469515
0.0458364
-0.390447
0.903806
0.876044
0.252163
-0.67491
1.28843
-1.20349
0.593035
0.238704
0.172117
0.777805
-0.622992
0.361899
-1.6342
-0.65997
0.151018
-0.0133778
-0.13722
1.34793
0.462247
0.0400304
-1.61494
-0.218388
-0.109933
-0.0981607
0.429543
0.00706433
-0.229348
-0.301711
0.6739
0.536473
-0.0409406
-0.0715001
0.350885
-0.126977
0.38142
0.0992313
1.94247
0.039797
0.68815
0.720913
0.0953343
0.349429
1.10972
0.454309
0.205882
-0.230987
0.0606271
-0.115571
-0.589507
0.499709
-0.437929
0.269556
-0.530436
1.00879
-1.09385
-0.124866
-0.00168626
0.112139
-0.125558
-0.0354511
-0.307072
0.0469008
0.312239
-0.710448
0.239571
0.194888
-0.218259
0.227726
0.0214501
-0.284915
-0.0709236
0.193461
-0.206771
-1.64625
-0.537045
-0.15641
0.230778
-0.458766
-1.44568
0.456972
0.052223
-0.0166144
0.887244
0.172948
-0.00199378
-0.195341
0.111137
-0.291222
0.727884
-0.131571
-0.00300351
0.390098
-0.189481
0.00223606
-0.661563
0.163195
-0.456759
-0.166331
0.213706
-0.0136499
0.666488
0.71778
-1.07291
0.288455
-0.336232
-0.267538
-0.127546
0.17696
0.912319
0.294896
1.13356
0.307254
-0.204745
-0.261512
0.307332
0.0533937
-0.250894
-0.185639
0.0273652
-0.024465
0.000225578
0.036697
0.0495728
0.173263
0.447505
0.219734
-0.0807377
0.190091
0.177394
-0.350935
0.0234437
-0.0238047
0.077556
0.0926425
0.0517129
0.328201
0.0573578
-0.219305
0.0325262
0.0811711
0.0817795
0.149419
0.0250237
0.044475
0.000530368
0.283665
0.11194
0.0711069
-0.02565
-0.289321
-0.516884
-0.0112589
0.235398
-0.65022
0.214014
-0.283906
-0.813837
0.283237
0.00279877
0.362584
-0.18633
-0.00444823
0.0833108
-0.0472519
0.102525
0.306941
-0.41717
0.680184
-0.183986
0.446423
0.0415763
0.091072
0.0157067
-0.0353718
0.784344
0.0622922
0.262606
0.403256
0.276309
0.689655
-0.107543
0.041534
-0.425684
-0.431074
-0.0204223
-0.0359734
0.0568743
0.0296789
0.516103
-0.628865
0.125818
0.0778039
0.118614
0.331657
-0.186593
-0.0463418
0.0069236
-0.765965
-0.296654
0.659601
-0.0293383
0.0575086
-0.886011
-0.443343
0.0788683
1.7945
-0.970171
0.856268
-0.246196
-0.121931
0.0746258
-0.416642
-0.820277
-0.406478
-0.725469
-0.279297
-0.357375
-0.508495
0.108606
0.772106
0.181108
-0.195586
0.0963443
0.511989
0.228033
-0.318755
-0.244883
0.180871
0.640369
-0.0143716
-0.0991061
-0.359964
-0.857789
0.939575
-0.297437
-1.42236
0.780156
0.446782
0.343843
-0.201595
0.105355
-0.453374
0.227664
0.0426941
-0.0347463
0.241234
-0.183625
-0.075443
-0.255945
-0.638692
-0.435506
0.485658
1.03168
-0.216508
0.378736
0.342483
1.21269
0.288131
-0.111248
-0.129459
0.966264
0.101077
-1.8216
0.608325
0.12879
-0.342259
0.296837
0.145286
0.315363
-0.194218
-1.26897
0.0567358
-0.357366
0.55988
-1.6543
1.01571
0.565421
-0.417752
0.304273
-0.474422
0.297166
-0.677257
-0.159143
0.210797
-0.357899
-0.325011
-0.234879
-0.353058
-0.159186
0.147123
-0.243717
-0.045551
0.159488
-0.00947255
0.940338
-2.11128
2.08031
0.249051
0.64277
-0.631824
-0.0847152
-0.134724
-0.0964795
-0.92106
-0.573932
0.282552
-0.00643911
0.191767
-0.0895507
-0.300889
-0.057631
-0.130567
0.304863
-0.138484
0.114078
-0.838575
-6.02081
-1.59096
-1.99628
-2.61466
3.80053
-0.771754
-0.234765
-0.0994897
0.195432
-0.012747
-0.0158413
-0.135987
0.446414
0.286194
0.957969
0.21644
-1.3782
0.083662
-0.0501115
0.316008
-0.00297803
-0.130215
-0.325217
0.239642
-1.62595
0.197765
0.803762
0.0534835
0.181304
-0.462666
-0.186162
0.336809
0.0659051
-0.117749
-0.261895
-0.166321
2.58627
-3.30942
-2.48917
-0.875436
-6.49981
-0.727505
0.0262623
0.390828
-0.0953505
-0.137836
-0.0355792
0.0266575
0.109128
0.0285089
-0.249203
0.217204
0.369663
-0.830962
-0.314686
0.0378668
-0.262754
-0.678571
0.560823
0.379732
2.26802
-1.70917
0.307187
0.480266
-0.0377268
-0.235588
0.940819
0.00389337
-0.0740821
0.552244
-0.264095
-0.0504923
-0.380023
0.0858481
-0.343878
-0.126473
-0.421872
-0.302522
-0.00823545
-0.84484
0.760058
1.28247
-1.94737
0.213481
-0.573786
-0.0232537
-0.443198
-0.254097
0.335483
0.585251
0.679461
0.306379
0.0651692
-0.0483829
-0.525372
0.438133
0.0372607
0.330617
-0.23986
0.527448
0.0583121
0.322354
0.527105
-0.243463
-0.180878
0.599115
0.171962
0.104773
0.101395
-0.943009
0.24243
0.0650014
0.15187
-0.240381
0.593115
-0.292455
0.682284
-0.814267
0.451087
-1.07342
-3.35237
-1.16563
-0.059147
0.883702
-0.575949
-0.450892
0.34082
0.17029
0.54681
0.023461
0.266983
-0.634468
-0.392437
-0.0799674
0.143312
0.163689
0.379353
0.195785
-0.070014
-0.0483838
-0.41604
-0.547782
-0.458563
-0.491396
-0.0997971
-0.0897066
0.459571
0.25998
0.140621
0.00828376
-0.150063
0.0490487
0.416489
-0.0692164
0.0468603
0.133573
-0.0260685
-0.325277
0.0347828
-0.24638
0.831315
-0.0199239
-1.02029
0.0163622
0.064355
-0.443589
0.145848
0.509784
-0.319618
-0.212207
-0.119009
0.300464
-0.535614
-0.585204
-0.398334
-0.842339
-1.36722
0.672321
-1.43103
-0.0261968
-0.406154
-0.367044
0.0860042
-1.10042
-0.511596
0.0869477
0.0982302
0.279798
0.0253813
0.216483
-1.26845
0.0809616
-0.310754
1.1428
0.29419
0.00624604
-0.296682
0.187169
0.514808
-1.25826
-1.28628
-0.0733427
0.149066
0.133899
-0.247496
-1.43732
0.643778
0.504878
0.356893
-0.451815
0.0254154
0.335005
0.136749
-0.220225
0.544376
0.556716
-0.170769
0.278009
0.0620461
1.32193
-1.27348
-0.582564
-0.227339
0.353653
0.737838
0.142603
-0.459208
0.030863
0.172311
-0.273433
-0.0799808
-0.0242351
-0.250836
0.0415279
-3.51725
1.09147
-1.41445
2.97197
0.618281
0.643868
-0.06214
0.108606
0.237729
0.162268
-0.96752
-0.0123891
0.258492
0.851299
0.0352162
0.151053
0.0858643
0.763924
-0.00649253
-0.763855
0.12205
0.219187
0.102498
-0.232043
0.223267
-0.286961
-1.95929
1.15156
-2.04076
-1.07947
-0.114862
-0.19307
0.533481
-0.0533255
-0.606063
-0.435172
0.240793
0.143237
-0.00485468
-1.08235
-0.356848
0.340946
0.169637
-0.492107
1.97257
-0.317115
-0.300828
0.311278
0.730382
-0.0511786
0.144659
-0.680884
0.192243
-0.266764
0.053144
-0.158454
-0.233277
0.0803254
0.590213
0.40113
-0.0364423
0.118742
0.397231
-0.0587735
-0.00456346
0.175506
-0.0422559
0.242654
-0.921668
-0.189938
-0.45817
-0.135602
0.0222412
-0.237155
-0.386591
-0.354026
-0.00167637
-0.414687
-0.136181
0.347067
-0.0412043
0.355768
0.493599
0.015937
-0.699184
0.560012
-0.363782
-0.494976
-0.619625
0.17926
0.578766
0.515033
-0.0602132
0.472552
-0.441632
0.0585193
0.377292
-0.270825
0.781819
-0.28696
-0.501184
0.246801
-2.76074
0.706893
-0.284981
0.393831
-0.155086
-0.735507
-0.737457
0.299515
-1.50827
-0.0944541
0.337931
0.0570891
0.214931
0.093204
-0.408122
0.0912093
0.365961
0.0879428
0.138026
-0.114903
0.424131
-0.444705
-0.310224
0.353077
-0.331412
0.0295242
-0.386963
-0.0488956
0.433284
-0.959151
1.68117
0.595152
0.25895
-0.352961
0.116962
-0.359542
0.663143
-0.0946021
-0.38593
0.0432098
-0.0599311
-0.10006
0.272
0.792934
-0.0815985
0.132471
0.0402861
-0.554136
0.397002
-2.06987
1.77118
2.78146
0.293292
-0.144818
0.10076
-0.0334012
0.19962
0.0237311
-0.327709
-0.00596699
0.22077
0.186183
1.14746
0.220787
0.303626
0.804605
0.285561
-0.277477
0.0869839
-0.0571902
0.174022
0.299296
-0.0414496
0.343748
-1.30877
-0.42623
0.209207
0.0475517
-0.100692
-0.164674
-0.222004
0.0293959
-0.230801
-0.0397144
0.830609
0.589787
0.155407
0.229871
0.233462
0.0389397
-0.374656
-0.0436799
-0.309518
-0.530377
1.04169
0.207028
1.33386
0.223589
0.0329141
-0.0393957
0.444052
-0.318858
-0.769456
0.288413
0.305089
-0.178047
0.110501
0.355558
0.182743
-0.417083
0.211278
-2.44252
0.7284
1.78485
0.143456
-0.212404
-0.360363
-0.0936202
0.518599
-0.393138
-0.163998
-0.118192
0.532745
-0.0607721
0.0315177
-0.0798331
0.104695
0.152502
-1.66594
-0.408827
0.440513
0.107775
-0.239539
-0.154705
-0.120295
-0.193523
0.350931
-0.552539
0.238477
0.956075
-0.0975521
-0.0562695
-0.335636
0.286564
1.37746
-1.05529
0.226677
0.53246
-0.00882682
0.169567
0.414065
0.247486
-0.345932
-0.483572
0.11255
0.17824
-0.234247
-1.53511
-0.0264664
0.00276653
0.0971199
0.147513
0.129159
0.696089
-0.192532
-0.380959
-0.20858
0.27916
-0.374703
-0.660679
1.0202
0.0511056
-0.0823005
-0.12158
0.10526
-0.337057
-0.897702
-0.0339072
0.00868086
-0.266055
0.0306192
0.103493
-0.20186
-0.426269
-3.12281
-0.136844
-0.0609949
-0.172249
0.0670306
-0.457636
-0.373456
-0.120472
-0.817691
-0.335866
-0.162963
-0.0851782
0.115808
-0.405989
-0.281267
-0.149823
-0.275802
0.165616
-0.127554
-0.369946
-0.861993
-0.0766096
-0.269759
-0.133086
0.152958
-0.115189
-0.200051
0.321022
-1.10988
0.316179
0.257317
0.160645
0.789683
0.254777
0.0354377
-0.506051
-0.227353
-0.183562
-0.101822
1.99407
2.52014
0.011151
-0.413937
0.0893605
0.393289
-0.0697371
-0.307605
0.966031
-0.341074
-0.184642
0.0678386
0.206907
0.508067
0.825368
0.74027
-0.356733
-0.171467
-0.9375
0.0237839
0.537668
0.983885
0.281772
-0.222631
-0.0126489
0.135249
0.0721286
0.0153551
0.270967
0.699864
-0.03087
-0.876536
0.0436763
-0.263566
-0.470668
0.484198
-0.0879285
-0.0140842
-0.0952558
-0.0712716
-0.151571
-0.0740655
0.0359766
-0.296145
-0.319878
-0.249074
1.19694
0.476168
-0.0180661
0.0770818
-0.144467
0.372001
0.372523
0.212651
0.242656
-0.412892
1.41857
-0.2593
-0.322593
0.35897
0.128941
-0.192085
-0.208315
0.326168
0.351754
-0.41376
-0.0765232
-0.611075
0.134178
0.20014
-0.0192369
0.22815
0.431662
-0.112932
-0.27353
0.582408
0.474639
0.308409
-0.235072
-0.264966
0.428336
-0.00764837
0.163516
-0.809658
0.159914
0.100077
0.0430324
-0.0601687
0.0777525
0.25952
0.0401733
0.666078
-0.00927914
0.118384
-0.185729
0.533123
0.441547
-1.25436
0.065864
0.0739172
-0.365522
-0.02708
0.180718
-0.114282
-0.0397429
-1.63572
0.0209444
-0.15948
-0.229333
0.21767
-0.286371
-0.0396481
0.0497125
0.0909588
-0.305599
0.0958679
0.185282
0.0874742
-0.0814473
0.208814
-0.304749
-0.877442
0.460788
-0.0600546
0.0997113
-0.128251
-0.10573
-0.149402
-0.44538
0.100585
0.414223
-0.214842
-0.222527
0.0923113
-0.0625739
-0.430625
0.246318
-0.496833
-0.49282
-0.153661
0.272336
-0.469448
0.261695
-0.365191
0.857325
-0.425983
-0.627402
0.117611
0.511212
0.114442
-0.95978
-0.243232
0.466243
-0.217988
-0.344826
0.324322
0.472001
-0.371659
-0.0565172
-0.0458458
0.467126
1.06787
0.030205
-0.0462153
0.0692054
-0.0447122
-0.16698
0.224786
-0.126447
-0.0488702
-0.289411
-0.177461
-0.255099
0.155138
-0.459598
0.233404
-0.0805057
0.0856191
0.803166
-0.397479
0.0476115
0.151801
0.312821
0.0100015
0.11757
-0.0245546
0.00451929
-0.0594922
0.0978269
-0.226601
-0.302855
-0.0951309
-0.0620162
0.187177
-0.36819
0.0794226
0.0234438
-0.660009
-0.417224
-0.349457
0.100864
-0.650687
0.122192
-0.0423934
-0.119227
0.0774345
-0.352204
-0.186196
-0.0199567
0.438742
-0.00714425
0.00136394
-0.0343843
-0.0420322
0.498761
0.0137525
0.42094
-0.551202
-0.376848
0.0643028
0.173047
0.068924
-0.415632
0.00112644
0.192749
0.117405
-0.393065
0.116247
-0.020168
-0.155254
-0.00753485
-0.0186119
-0.307686
0.087838
-0.166153
0.17143
-0.0351447
0.0811742
-0.143821
-0.173541
0.253371
0.180224
-0.0319431
-0.0124431
-0.165124
0.149757
-0.197603
0.0954413
0.0545248
-0.0258314
-0.0586043
0.0274373
0.225101
-0.121521
-0.0873068
0.0169588
-0.0694351
0.142323
-0.0586598
0.0127064
0.00506474
-0.00621679
-0.0520548
-0.071673
-0.0802284
-0.136478
0.0807733
0.0406564
0.00749239
0.07818
0.0357597
-0.0516292
0.0238081
-0.00749133
-0.15579
0.159026
-0.170711
-0.0194966
-0.120831
-0.146798
-0.0414096
-0.0998612
0.0600392
-0.0256601
-0.0649909
-0.120146
0.140838
0.0129784
0.0409547
0.0791464
-0.513957
0.0529994
0.334327
-0.0260631
0.119305
-0.0209841
0.203631
0.0800135
0.0818367
0.161926
-0.000152829
-0.0522888
-0.0454389
0.180755
0.0620968
-0.0417611
0.131463
0.0993222
0.52815
-0.253859
-0.0283647
0.126866
-0.029524
0.186641
-0.526163
-0.0147012
-0.0251791
-0.114464
0.0565517
-0.0817489
0.181848
-0.338839
0.00310625
-0.301399
0.162411
-0.298639
0.101666
0.158884
0.296698
0.185264
0.169061
-0.188502
0.00499674
0.112617
-0.282983
0.0841464
0.00707308
-0.0831431
-0.331329
0.0545016
0.471749
0.191191
0.0896553
-0.184973
0.903114
0.141874
0.280621
0.206755
-0.626366
-0.0379493
-0.145302
-0.307156
0.576488
0.0919438
0.196804
-0.0534439
0.147505
-0.0896485
-0.0203115
-0.162763
0.323703
-0.735687
0.239033
-0.125234
0.0369588
0.0899468
-0.197778
0.316589
-0.315333
-0.119433
0.180641
-0.113107
-0.477773
0.16341
0.554381
-0.213958
-0.444001
-0.479272
0.336184
-0.0587145
0.337446
-0.419792
0.0342913
-0.036708
-0.310515
0.27979
-0.128195
-0.898756
-0.136772
-0.522579
-0.225802
-0.0904599
0.584091
-0.41396
-0.315453
-0.132549
-0.552662
-0.131563
-0.289569
0.0725514
0.444739
-0.50671
0.264105
-0.102637
0.0839371
0.128994
-0.0655573
0.018534
0.0551252
0.0640119
0.155383
-0.0328115
0.0643217
0.328582
0.135366
-0.00638245
0.0241123
-1.39314
-0.162828
-0.0524932
0.31487
-0.0569014
-0.146558
0.178127
0.446614
-1.29922
0.654212
0.210769
-0.369466
0.442756
-0.0308962
0.304262
-0.0295501
0.00362518
-0.383419
0.00737963
0.0105453
0.00868381
0.183859
-0.609086
0.339191
-0.223984
0.535879
0.124698
-0.180404
0.156147
0.549114
1.26674
-0.17568
0.0204481
0.00723916
-0.0108413
0.116574
0.191963
0.0774015
-0.40701
0.453486
-0.791883
-0.183776
0.144134
0.499136
-0.0351531
-0.291743
-0.260714
0.0031417
-0.144652
0.519457
-0.354416
0.511516
0.088647
-0.32845
0.18785
0.114091
-0.352087
-0.0339475
0.0993459
0.894681
-0.407368
-0.244067
-0.476434
0.0467442
0.696539
-0.255445
-0.255511
-0.111453
-0.0208515
0.152566
0.0999177
0.0876601
0.113153
-0.125668
-0.657507
0.345195
0.321068
0.306553
-0.392754
0.0205504
0.0716705
-0.663788
-0.16597
0.40614
0.461186
-0.185294
0.508194
-0.716209
-0.0500828
-0.0525091
0.574072
1.04756
-0.100232
0.220384
-0.0367107
0.0915991
0.37009
1.18127
-0.399832
-0.11897
-0.335334
-0.0967377
-0.373387
0.208875
1.7794
1.40648
-0.145585
-0.151418
-0.153589
-0.748322
-0.00396958
0.426179
0.957966
0.338986
0.380676
0.375818
-1.01555
-0.0487597
0.175541
0.0222109
0.0426475
0.573549
-0.0506114
0.187509
-0.879454
0.245999
0.125575
0.404622
-0.0700062
-0.0243618
-0.226379
-0.420548
0.101621
0.150717
-0.478487
-0.0426241
-0.853716
-0.360862
-0.163914
-0.322158
0.549132
-0.740271
0.0722122
0.321645
-1.24535
-1.48948
0.0408552
-0.0864842
-0.0609892
-0.161365
0.106851
0.391022
-0.677126
0.136836
0.329001
-0.0579562
-0.265157
0.130913
1.67899
-0.133231
-0.0959861
0.256112
-0.525621
0.175182
-0.135308
0.511666
0.227265
0.307577
0.217093
-0.0215761
0.10762
-1.12607
-0.00318655
-0.140739
0.0395954
-0.30755
-0.176187
0.239738
0.21521
0.222753
0.224509
0.424243
-0.53787
-1.08861
1.02025
0.101616
0.0677879
0.0219938
-0.43575
1.09575
0.233251
-0.760765
0.670185
0.0818129
-0.253881
-0.260191
-0.236479
-0.216208
0.298569
0.226531
-1.03416
-0.0785558
0.192154
-0.0751855
-0.0248301
-0.531029
0.070141
0.270671
-0.101644
-0.174171
-0.339817
-0.152148
-0.106422
-0.230866
-0.00546978
1.69791
-0.165902
-2.53966
0.155335
-0.00818397
0.0656684
0.281073
-0.50948
0.182139
0.798251
0.00181188
-0.947974
-0.366538
0.482309
0.176794
0.35327
0.218912
0.737483
0.390706
1.07091
-0.708559
-0.146426
-0.362968
-0.357777
0.00168329
0.431883
0.0297414
-0.028598
0.71498
-0.648051
-0.0162285
-0.140186
0.230738
-0.310719
0.0984814
-0.239487
0.158375
0.476565
-0.358635
-1.14998
0.23857
0.254082
0.117587
0.082441
-0.100206
0.0930126
-0.615965
-0.18316
0.666412
-0.138371
0.272889
0.74286
0.488184
0.376531
0.153581
-0.0439768
-0.0966753
-0.0659098
-0.104861
-0.0468726
0.0881757
0.398346
2.64983
1.75967
-1.51284
-0.0453287
-0.561115
0.0667186
0.0218365
0.0246442
0.422803
0.275845
-0.347799
0.105006
-0.180568
-0.367517
-0.0825504
0.659514
-0.222774
0.207551
-0.048008
0.130003
-0.594368
1.78412
-0.475022
0.384625
-0.393748
-0.514941
-0.0455639
-0.182655
0.0449281
-0.34135
-0.483088
0.60576
-0.0098758
0.197905
1.1835
0.507371
-0.292643
-0.159199
-0.00505712
0.071604
-0.154991
0.452967
0.0546621
-1.61885
0.0850569
-0.404927
-0.646858
-0.14849
0.0746996
-0.304017
1.09836
-2.86345
-0.210043
-0.380615
-0.123072
0.915187
-0.326561
0.234342
0.153587
-0.353812
0.271887
-0.089563
0.124984
0.654587
-0.138358
-0.534937
-0.382112
0.758979
0.600208
-0.707148
0.269202
0.276308
0.0153084
-0.0777196
0.449618
0.0442591
-0.449532
0.169421
-0.0298524
-0.484922
-0.354177
0.17151
-0.521419
-0.411579
-0.341607
-1.06585
0.288659
-0.0802952
-0.0238603
0.0025721
0.184558
0.271014
0.119015
-0.154788
0.551523
0.515876
-0.644991
-0.401577
-0.247903
0.0271225
0.0290454
0.390477
-0.551699
-0.0167467
0.0330803
0.597603
0.321604
-0.193227
-0.505439
1.73565
-0.395072
0.26802
0.619452
-0.277765
-0.0622347
-0.0680756
-0.117386
0.120761
-0.00187251
-0.240716
-0.33132
0.264036
-0.178268
0.113583
-1.61515
-2.07007
1.95159
-2.84289
-0.100651
0.167957
-0.148852
-0.0822394
0.192326
0.0108713
-0.36153
-0.0892619
-0.126177
0.00657215
0.186775
-0.0238514
0.317122
0.467992
-0.0921837
-1.03582
-0.217622
-0.0213086
-0.00727208
-0.601458
0.612332
0.422166
2.63108
-0.418667
0.662657
-3.86098
0.0531113
0.445043
0.0811781
0.101298
0.169145
-0.0705949
-0.146894
0.578661
0.458431
0.952069
0.303299
0.0235247
-0.177935
-1.43452
0.925942
-0.185345
0.707668
0.0586241
0.587456
0.440855
-0.197665
0.178267
-0.0249519
0.188158
-0.555067
0.297146
0.320956
0.295522
-1.40878
-0.112059
0.0951834
-0.377028
-0.223087
-0.887338
-0.904438
0.469092
0.745529
-0.421525
-0.400491
0.149948
1.34941
-0.601322
-0.000397948
-0.460307
0.200652
-0.183507
-0.461968
0.127799
0.00142452
-0.93166
-1.39817
0.0634941
-0.625265
-0.356515
-0.527694
-1.18946
1.17903
-1.1254
-0.795995
-0.305162
-0.335563
0.360513
-0.273548
-0.00496091
-0.46815
-0.186056
0.346594
0.425917
-0.362496
0.144138
-0.180629
-1.08508
0.270598
0.673428
-0.519442
-0.042963
-0.355464
-0.185751
0.0806752
-0.0997411
0.052583
0.263162
-0.178657
-0.0551824
0.250227
-0.0505363
0.155029
0.359186
-0.233098
-0.0351491
-1.12843
-0.578602
-0.531985
-0.530434
-0.828812
-0.268212
0.228058
0.108311
0.250937
0.161954
0.73889
-0.287658
-0.501835
0.05637
0.234393
0.5102
-0.468635
0.430789
-0.562713
-0.361459
1.31969
-0.388805
-1.28593
-1.50005
-0.508116
0.29614
-0.575221
0.34467
-0.275066
0.412703
-3.9711e-05
-0.025301
0.0866615
0.383259
-0.270893
0.288778
-0.058401
-0.110152
0.110147
-0.103259
-0.359761
0.522502
0.366285
0.559594
0.5588
-0.35126
0.292073
-0.466028
0.295327
-0.654141
-0.132702
-0.00534862
0.0986066
0.570483
0.575819
0.193101
0.304189
-0.344396
-0.312901
-0.347917
0.446722
-2.09448
1.56594
0.492912
-0.734189
-0.100901
-0.266546
0.341123
-0.306607
-0.161767
0.0330198
-0.137029
0.0198714
-0.163945
0.0260304
-0.119639
-0.076038
0.749907
-0.0227199
-0.1547
0.202787
0.502368
-2.76542
2.30147
0.370921
0.517207
-0.78559
0.283912
0.468527
-0.112879
-0.636626
0.33132
0.104597
-0.0992401
0.294267
-0.0669142
0.0282705
-0.0413366
0.0220823
0.325415
0.321226
-0.321683
-0.859441
-6.0672
-1.30444
-2.44507
-3.06036
3.64667
-0.964277
-0.5797
-0.281858
-0.00600831
0.532569
-0.133302
0.218805
0.0717607
0.336909
0.568537
0.366262
-1.37538
0.0202424
0.0863736
0.119745
-0.00343486
0.157034
-0.22297
-0.0226743
-1.73414
-0.00534318
0.924126
-0.109258
0.367611
-0.371939
-0.0580351
0.0507718
0.195377
0.11195
-0.420882
0.14127
2.44143
-3.0804
-2.36277
-1.02528
-6.34577
-1.05985
-0.295949
0.209413
-0.252445
-0.131602
-0.0982734
-0.0425502
0.201242
-0.24601
0.288698
-0.0548396
-0.314188
-0.844003
-0.217913
0.0496733
-0.402245
-0.718023
0.457155
0.752722
2.07599
-2.13541
0.993359
-0.0684943
0.171091
0.0733009
0.065722
0.137899
-0.17389
0.0289429
-0.159701
-0.425528
-0.48816
-0.093684
-0.185451
-0.167461
0.192157
-0.558303
0.301484
-0.477923
0.769943
1.23241
-1.88502
0.66155
-0.266884
-0.125983
-0.252489
0.163746
0.211548
0.0119711
0.434521
-0.206414
0.347599
-0.832662
-1.74856
0.499461
0.0875058
-0.264224
-0.318418
0.502541
1.06368
0.420512
0.643374
0.616391
0.962018
0.28053
-0.035487
-0.454114
-0.35042
-0.147343
-0.296817
0.684807
0.48793
-0.0456843
0.0498221
-0.328548
0.397793
-0.65163
0.37868
0.55082
-1.12534
-1.44366
-0.267469
1.07948
-0.688319
-0.472126
0.122008
-0.249265
1.06027
0.27577
0.358497
-0.0356253
0.160366
0.456371
0.419341
0.020688
-0.860314
-1.22969
-0.0838353
-0.34661
-0.282458
0.0311042
-0.672999
-0.0788017
-0.757806
-0.157204
-0.320522
-0.239885
-0.259995
0.513561
-1.11171
2.08901
-0.0247267
-0.138518
-0.559864
-0.0953256
-0.0701541
0.440876
-0.173363
-0.511436
0.305332
0.198856
0.151586
-0.0428518
-0.0375449
0.00581123
0.250024
-0.160018
-0.607508
0.0291257
-0.0158435
-0.259565
0.0131604
-0.290731
-0.723501
-0.260631
0.0188596
-0.103927
0.230316
0.323429
0.363337
-0.26364
0.354262
-0.586501
-0.320464
0.0813794
0.0142887
0.296839
-0.0958155
0.129431
-0.637189
0.854984
0.0597947
0.0757538
-0.0879111
-0.195633
-0.0141302
0.259713
0.0377294
0.010068
-1.29605
-0.273065
0.0356282
-0.230901
0.139937
-0.261833
-0.0912171
-0.0506739
-0.103787
0.170907
0.190601
0.241961
0.146752
-0.237174
0.012312
0.0823204
-0.00573231
0.0854809
0.0751739
-0.118453
-0.0535318
0.0654696
-0.114482
-0.0408518
-0.0219325
-0.0644165
-0.12585
0.0335579
0.323911
0.522719
-0.41073
-0.19013
-0.0412247
-0.274345
0.0799744
0.0331681
-0.0782442
0.183768
0.711629
-0.234947
0.184913
-0.625628
0.303323
-0.0976288
0.19296
0.213358
1.23525
0.143437
0.731177
0.269626
-0.22588
-0.373045
-0.283603
0.238739
0.162262
0.563758
0.499023
-0.271061
0.0634405
-0.0183972
0.206313
0.0431364
-0.672186
-0.266429
-0.601126
0.719381
-0.0204474
-0.044129
-0.110153
-0.154261
0.179659
0.309869
-0.352642
0.0757368
0.734552
0.0327499
-0.00406301
1.032
-1.40067
0.20683
-0.0383662
-0.0817553
-0.0676526
-0.973175
-0.266723
0.408093
-0.225749
-0.149647
0.317469
-0.023918
0.00941412
-0.261485
0.555084
-0.406196
0.189037
-0.150995
-0.428893
-0.140794
0.0658573
0.13324
0.14284
-0.569614
-0.830585
1.65184
-0.059851
0.462207
-0.296969
0.207137
-0.590187
-0.226272
-0.482863
-0.233965
0.112311
0.357967
1.14476
0.310369
-0.155762
0.502096
0.959996
-0.667168
3.7962
0.052461
0.454212
-0.193637
0.192151
0.0855767
-0.0157891
0.519505
0.458375
-0.578387
-0.00808408
-0.0680876
0.718949
-0.0952906
0.10164
-0.0826948
-1.44561
-0.0838767
0.303526
1.42232
-0.104074
-0.0648279
0.0419725
-0.184383
-1.68935
0.0170613
-0.103567
0.868987
0.376337
-0.0930417
0.436067
-0.848812
1.23183
-0.29825
0.420727
0.988466
0.758228
-1.02152
0.462003
-0.0469666
-0.383853
-0.139733
0.0243754
0.238753
-0.0802261
0.343805
-0.410013
-0.917777
-0.1114
-0.241596
-0.0484052
-0.63414
-0.162239
0.473789
0.140028
0.0361076
-0.128633
-0.443303
-0.635668
-0.0924549
0.712157
-0.261414
-0.900063
1.31653
-1.37943
1.37877
-0.128232
0.00258429
1.07879
0.32888
-0.518269
-1.5663
-0.341925
0.144684
0.28655
0.624683
0.339601
0.0441834
0.165477
0.174885
0.236832
-0.123859
0.854866
0.484623
0.321469
0.204495
0.0682342
-0.14353
0.0720441
0.185859
0.00406281
-0.410691
0.226707
0.0685542
-0.621277
0.697445
-0.479491
-0.297597
1.04861
-0.857084
0.0943344
0.490632
-0.0564621
-1.28975
0.0283501
-0.246539
0.391458
0.932249
0.304755
0.160666
0.182697
0.184683
-0.133049
-0.680115
-0.635213
-0.118381
-0.200617
0.0862641
0.154994
-0.0463026
-0.239703
0.898955
-0.0029363
-0.223751
-0.105135
0.0709772
-0.276304
0.374018
0.565553
-1.25306
2.03205
-1.97479
0.412748
-1.1879
0.94003
0.511226
-0.404713
-0.0178898
-0.128398
-0.0387182
-0.198861
-0.575868
-0.0211953
-0.418847
-0.752205
-0.102456
0.580504
-0.0695864
-0.181163
0.167799
0.143147
-0.338751
0.173201
-0.0135703
0.0783963
-0.252681
-0.0764458
-0.0300153
-0.0751813
-0.051639
1.25353
-0.288092
-0.10913
0.111046
0.545962
2.12956
-0.615445
-0.589875
-1.45165
-0.632735
-0.269981
-0.262322
-0.185095
-0.22745
-0.844289
0.179205
1.19207
0.66655
0.00162629
0.317892
0.0968329
-0.200621
-0.198176
0.40661
-0.0439189
-0.368919
-0.0655899
0.00852837
-0.49515
0.526488
-0.505092
0.262065
0.29329
-0.195379
-0.185731
-0.330845
-0.264352
0.376851
-0.0367545
-5.29117
5.84168
-1.77584
-2.7549
-2.74909
-1.20234
2.57689
-3.19251
0.655286
-0.390921
-0.607768
0.187016
1.88296
0.131989
-0.496696
-0.518325
-0.394917
-0.0659106
0.080772
0.31111
0.288025
-0.62476
0.0496664
3.31658
-1.47734
1.70425
-0.331841
-0.345491
0.896875
-1.24306
1.04444
-0.360712
-0.515603
0.135768
-0.150837
0.482783
0.17032
-0.365764
1.17301
1.08356
1.50141
2.71166
0.686286
-1.03701
-0.786827
-2.12379
0.0817633
0.0691151
0.8113
0.119458
0.137351
0.0703324
-0.0954086
0.0689231
-0.151191
0.907347
0.396992
-1.00508
0.19687
0.394653
-0.547384
-3.29374
3.25264
-2.41806
-0.928655
0.353232
1.13075
-2.60606
-1.63086
-0.44272
0.0743267
-0.122589
-0.0401056
-0.486116
0.0117573
0.468618
0.344561
-0.150116
-0.539226
-0.6396
0.512235
0.355836
-0.183944
-0.377711
-0.265544
-0.0164588
-0.100841
-0.099037
0.601717
-0.562937
-0.000127019
0.201083
-0.730515
-0.863572
0.181071
1.15873
0.318109
1.03861
0.206565
-0.0391665
-1.65614
-2.23809
-1.23303
2.42595
-0.183958
-0.533193
-0.0151058
0.125023
-0.29567
-0.496357
-0.177751
-0.163715
0.335988
-0.161727
0.267237
0.625666
-0.191537
0.196983
0.0601693
0.00469347
0.297518
0.126165
-0.335402
-0.634496
0.112145
0.0952198
0.312129
0.773044
0.408596
0.601965
0.688897
0.303509
-0.620217
0.144471
0.791561
0.504322
-1.28479
-1.36482
0.905078
-1.41872
1.05178
-0.0331957
-0.34126
-0.154442
0.106686
-1.69739
0.289014
-0.0345698
-0.311336
1.18424
-0.806496
-0.380296
-0.227017
0.282017
0.5266
0.0638464
0.0882843
-0.0308562
0.129594
0.386869
-0.271916
-0.354539
-0.636233
0.54377
0.643732
-0.195628
-0.356362
-0.576182
0.387448
-1.54598
1.94258
-0.674854
-0.527286
-0.056618
-0.280989
-0.214842
-0.436153
0.286816
-0.375719
-0.181488
-0.332194
-0.115833
0.166101
0.241718
0.731582
-0.612612
0.132873
-0.429058
-0.302301
0.188517
-0.316315
-0.00579268
-0.283679
-0.940383
-0.206542
0.284438
-0.258696
0.111916
-0.248873
-0.634045
0.350501
0.128225
-0.700421
0.898377
-0.511082
1.03486
-1.02951
0.657862
0.183091
-0.338496
-0.405485
-0.121464
0.462754
0.115495
-0.0509264
-0.0515284
0.270239
0.0497213
-0.115617
0.00711753
-0.324457
0.0206366
-0.393951
0.153381
1.30352
-0.115432
-0.117272
0.0312737
0.0267218
0.643416
-0.189665
-0.287919
1.05445
0.369953
0.114191
-0.560285
0.0382659
1.24129
-2.10092
1.40999
-0.940243
-0.143742
0.570379
-0.120115
0.5421
-0.215209
-1.28151
1.44178
-0.194425
0.343626
-0.585325
0.0722449
0.253927
0.225477
0.195466
0.992618
0.0805965
-0.364412
-0.122641
-0.0311427
0.203346
0.0831793
-0.881472
0.833377
-0.171768
-0.00698425
-0.208702
0.13749
0.170118
0.278606
0.0906229
0.0337604
-0.113945
-0.448144
0.22885
-0.878495
-0.0312287
0.395153
-0.343186
0.223762
-0.333245
-0.0210822
0.234864
-0.537767
0.607523
-0.0667589
0.507282
-0.0468504
0.499966
-0.251385
-0.101564
-0.245199
-0.0592659
-0.21181
-0.638383
-0.185859
0.136279
0.229748
0.27323
-0.0523236
0.101592
-0.0652501
-0.279432
-0.310934
-0.160737
-0.315919
0.201839
-0.228314
-0.342267
-0.0737388
-0.105499
-0.0314916
-0.216635
-0.133599
0.141857
-0.07868
0.40841
-0.398418
-0.303474
0.053002
1.0782
-0.138017
-0.21439
0.552853
0.0523073
-0.590351
-0.011659
-0.0426496
-0.847632
0.861659
0.133181
-0.497247
-0.20771
-0.0709879
-0.0471358
-0.0869046
-0.637558
-0.0448391
-0.0341521
0.000768712
0.191227
0.0609289
1.08708
1.17291
-0.0197031
-0.0130574
0.307382
0.372952
0.305499
-0.238737
0.622899
-0.257812
-0.219893
1.30141
-0.0931823
0.240736
0.173623
0.830716
0.467849
-0.280224
0.179818
-0.165501
0.0513913
-0.00730368
0.177267
0.0186073
0.25625
0.225241
-0.140619
0.106384
0.623831
1.51109
0.460043
-0.30146
-0.078247
0.0310333
-0.264668
-0.141568
0.414623
0.0437148
0.122802
0.162199
0.0173721
-0.254043
0.341658
-0.0179534
1.8203
-0.64795
-0.243179
-0.316979
0.692503
-0.0190368
0.719498
-0.124089
-0.122713
-0.211617
-0.148902
-0.178496
-0.522119
-0.300973
0.269657
3.66756
2.06953
-2.08053
2.21392
0.0700493
0.0346803
-0.217598
0.27053
0.102316
-0.254945
-0.469612
0.0676372
-0.221323
-0.52943
0.103555
0.151028
0.0137255
-0.251351
0.028458
-1.23328
-0.24465
0.119649
-0.010422
-0.287654
-0.446369
-0.332442
-2.96728
-0.980248
2.62154
-3.60741
-0.252811
0.0791421
-0.0893547
-0.21401
-0.604986
-0.0796025
-0.487139
0.231064
0.1399
-0.3798
-0.16844
-0.682464
-0.121404
-1.9171
0.533377
0.120849
0.198666
-0.107938
0.416814
-0.112328
0.169252
0.277127
0.70821
-0.259977
0.273029
0.312579
-1.06418
0.422201
-1.76041
-0.838957
-0.0500481
0.147565
-0.105217
-0.228197
-1.68235
-0.444697
0.103519
-0.541902
0.796817
0.635787
-0.0276307
0.830913
-1.35197
-0.45803
-0.452293
0.0212414
-0.281809
-0.140853
-0.157259
-0.146727
-0.0784267
-0.542136
0.00896158
0.088506
0.259077
-0.480023
-0.836712
-0.790251
-0.492109
-0.557888
0.489207
0.250701
0.247583
-0.140163
0.0811699
0.215383
-0.281305
-0.0441119
-0.131307
-0.0177582
-0.39786
-1.22728
0.621725
-0.150694
-0.00356686
-0.0786138
-0.0620664
-0.243934
0.0340073
-0.940538
1.53435
1.8062
-0.284596
0.159268
0.29047
-0.35501
-0.0437348
-0.429238
-0.237831
0.122417
0.996191
-0.692998
0.0402248
-0.00587213
-0.0875705
-0.156807
-1.28832
-0.171778
0.181341
-0.0794065
-0.107369
-0.16275
0.399347
0.129629
0.453146
0.133906
-0.346383
1.075
0.363408
0.379898
0.166576
0.181086
0.0845263
0.0434816
0.447512
0.208056
-0.0737592
0.277184
-0.14268
-0.0941949
-0.246835
0.351694
-0.437841
1.11146
0.133798
-0.301874
-0.517709
-0.215271
0.294193
-0.0975364
2.37533
0.636163
-0.348077
0.273703
0.259208
-0.500938
-0.175743
-0.0671805
-0.104621
-0.127856
-0.00946283
0.134068
0.371664
0.0665598
0.537012
-0.0492316
0.0823496
-0.383953
0.151088
0.200463
-0.758572
0.0328745
0.36609
0.199283
0.977999
0.178456
-0.351374
-0.454999
-0.133157
-0.210478
0.333507
-0.0229481
0.0694707
-0.83662
-0.488382
-0.158851
0.116984
0.00578155
0.0524037
0.528967
2.83594
-0.556667
0.158825
0.247311
-0.192659
-0.0358255
-0.15747
0.400071
-0.146432
-0.12792
-0.119174
0.515368
0.128066
0.066435
-0.0650596
-0.204824
-0.359048
-0.219184
-0.203118
0.0527599
-0.428597
0.101374
0.879036
0.410116
0.193312
0.0716902
0.0307332
0.409773
0.192784
-0.73359
-0.187114
0.0905745
0.154185
0.0264342
0.483029
0.425332
0.267422
0.631124
-0.0519288
-0.243059
1.01616
0.0268182
-0.430475
-0.144181
0.225323
0.0653827
0.578964
0.356989
0.356425
-0.364543
0.0763634
-0.181389
0.129214
0.127065
0.492281
-0.0136974
-0.0826907
-0.355141
-0.0417229
-0.21995
-0.204875
-0.1944
-0.313011
-0.314039
0.0495511
0.319327
0.182276
0.0152848
-0.0299023
0.121363
-0.312233
-0.0702701
0.39389
-0.369537
0.16146
0.0633182
-0.344103
0.157102
0.12783
-0.409315
0.282253
-0.162299
0.0563067
0.219832
-0.106695
-0.000250033
-0.0453923
0.00389166
-0.00278193
-0.0790085
0.154631
0.145694
-0.0292954
-0.0346214
-0.0726549
-0.193826
0.0184351
0.0214187
-0.0203075
-0.0105921
-0.0108816
-0.0524665
-0.00125091
0.084731
-0.0271873
0.26066
-0.0461486
0.096911
0.0336873
-0.0434168
-0.0512733
-0.0728329
0.0251589
0.145815
0.157966
-0.0515701
0.0293323
-0.288135
-0.170228
-0.308904
-0.140952
-0.0717173
0.0557001
-0.218707
0.126707
0.11083
0.0902518
-0.295771
0.204246
-0.0289783
-0.239849
-0.0445148
-0.353748
-0.0258656
0.208609
0.191207
-0.456812
0.159452
-0.0574453
-0.588019
0.141921
-0.17575
-0.0763991
-0.0951226
0.191646
-0.0135579
-0.113667
0.0418927
-0.585655
-0.327627
0.150156
0.0708297
-0.3089
-0.211873
-0.063752
-0.236201
-0.165722
0.0609306
0.570758
-0.174281
-0.150944
-0.205957
0.281388
-0.0595527
0.310697
-0.00741298
-0.736414
0.0426024
0.298508
0.100444
-0.471016
0.293221
-0.0592306
0.134061
-0.00426233
-0.0759822
-1.0832
0.125452
-0.277892
-0.378773
0.113698
-0.0753064
0.593356
-0.147225
-1.48246
-0.28894
0.31443
0.0141834
0.170574
0.348415
-0.0674197
-0.261842
0.230843
0.316559
0.668737
-0.350311
-0.481672
-0.0842514
1.09538
-0.288605
-2.91238
-0.0926729
0.950136
-0.0932459
-1.26364
-1.14444
1.18332
-0.390934
-0.13118
-0.674625
-0.340643
1.24003
-0.99983
0.0540336
-0.11143
-0.111298
-0.452562
-0.62742
0.313286
0.73752
-0.528086
-0.152172
0.72382
0.779496
-1.05799
-0.649259
-0.438208
0.153705
-0.238154
0.0363426
-0.579025
-0.266364
-0.282122
0.246629
0.0120856
-0.685787
-0.459914
0.180171
-0.560338
0.390469
-0.581123
-0.724155
0.92236
-0.0309302
-0.793776
0.420375
2.28785
0.160079
-0.0581328
0.587693
0.195281
-0.242776
0.191809
0.190017
-1.02636
0.326055
-0.0635899
-0.721479
-0.353688
-0.0575029
-0.771091
-1.17792
0.829563
0.0643462
-0.194846
-0.350944
-0.974145
0.783984
0.193263
0.238351
-0.078543
0.252327
-0.913141
0.1292
0.527312
0.685241
0.0439276
-1.21874
0.137031
-0.372339
-0.0571247
0.224887
0.399139
-0.583586
-0.762414
0.234018
0.303551
-0.218827
0.65019
-0.537929
0.310896
0.696303
-0.485766
0.904221
-0.197013
-0.403636
0.0318182
0.453142
-0.0141472
-0.999327
0.541858
0.281871
0.43731
0.413801
0.510793
0.413853
0.760952
-0.220662
-0.172262
0.364654
0.48428
1.47314
-0.987807
-1.68148
0.39523
-0.69455
-0.268718
-0.0180451
-0.556045
0.624118
-0.93702
-1.16708
0.491552
0.0706033
-0.583352
0.568132
-1.19185
0.0452048
-0.204643
1.04141
-0.398527
1.17382
-0.475494
0.218309
-0.196885
0.137869
-0.205924
0.0581172
-0.01911
-0.266412
0.0952376
0.449283
0.510878
-0.306272
0.809729
-0.612472
0.41534
-0.442018
0.158935
-0.788479
-0.577621
0.993947
0.512032
-0.737066
0.0568853
-0.752497
0.0327657
0.0574828
0.246601
0.497361
0.16066
-0.056327
0.464659
-0.278828
-0.752216
0.227651
0.214291
0.508332
0.761094
0.0786796
-0.126246
-0.0098688
-0.212286
-0.300638
0.611943
0.161261
-1.57614
-1.85632
-0.342779
-0.400926
0.00752755
-0.841681
-0.0106272
-0.289724
0.200541
0.528381
0.078358
-0.0684664
0.174285
-0.890825
-0.996361
0.690668
0.000907422
-0.359886
-0.349287
-0.145691
-0.287564
1.1689
-0.860661
-1.00403
-0.304772
-0.0203926
0.257992
-0.723146
0.869119
0.6315
0.818931
-0.176986
-0.32442
0.414507
0.158868
-0.686602
0.319065
-0.67167
-0.12144
0.46335
0.0761222
-0.150504
1.04412
-0.0703108
0.578561
2.27771
-0.359718
0.113745
-0.240471
0.0702795
-0.123569
0.365125
0.108491
0.0823633
-0.0628758
-0.16822
0.896803
0.832332
-0.22433
-0.892331
0.233063
0.619193
-2.05423
1.7554
0.120771
0.176
-0.369537
-0.855856
0.768713
-0.302841
-0.832511
-0.235361
-0.081781
-0.581601
0.661526
0.584501
-1.81957
-0.452694
0.0663057
0.792827
-0.0362328
-0.579667
0.130893
-1.63383
2.56433
-0.0902574
0.117751
0.0710669
0.608518
0.502093
-1.34789
-1.35769
0.443864
1.2233
-0.464613
-0.43211
0.0794874
0.677089
1.25071
-0.515851
-1.5092
-0.437539
0.204015
-0.173607
-5.56184
-1.54929
-3.97795
-3.96643
4.80665
0.956296
-0.628302
-1.20432
-0.565908
-0.503177
1.36086
1.70725
-1.56714
-2.06098
2.53257
1.10674
-1.67707
0.124769
-0.356606
0.615449
0.367082
-0.485885
-0.326631
1.10415
-1.4351
-2.41342
0.0360347
1.45348
1.78867
-1.70036
-0.623505
0.282073
0.863147
-0.0353632
-1.42877
0.238137
1.25073
-2.40685
-3.43955
-1.06208
-5.97062
-1.81278
0.971973
0.675287
-0.727192
-0.0982019
0.23727
0.0602874
-0.237673
-0.0309549
-0.13531
0.651285
-1.45432
-1.68699
1.25241
0.851212
-0.744607
-3.5167
1.27158
1.0667
2.15988
-1.17073
1.36179
-0.652678
-2.98823
1.29662
1.12512
0.954457
0.153284
-0.0241373
-2.9543
-1.04469
2.15636
0.907439
1.26161
-1.29299
0.466673
-1.49529
-1.6546
0.540908
2.21559
2.5756
-2.36296
1.07795
-2.85056
-1.55463
0.412772
0.97245
1.22781
0.91726
1.24888
-1.74402
0.205303
-2.40957
-0.528328
0.970957
1.33961
1.34994
-1.47325
0.540515
0.513103
0.387511
1.05823
0.0817131
-1.18485
0.00366279
-0.118548
-0.393502
0.315251
-0.847659
0.698589
-0.312478
-0.420844
0.262144
-0.27488
-0.607078
1.36472
-1.33001
1.31169
1.45217
-1.31233
-1.26088
0.473474
-0.00675692
0.0638653
-0.241667
1.00864
-0.0246604
-0.0268305
0.803555
-0.165222
-0.523858
0.56569
-0.960295
-0.0185136
0.645278
-0.118723
-1.11366
0.655806
-0.236374
-0.050997
-0.913728
-0.27601
-0.753104
-0.827815
0.301025
-0.406122
-0.198381
-0.551068
1.36901
-0.187161
0.59898
-0.258163
-0.166649
0.787997
-0.883314
-0.442222
1.44673
-1.50746
0.126215
0.806594
-0.191833
0.798959
0.97114
0.0154484
1.31505
-1.12154
-0.037617
-0.451492
0.246701
-0.116028
0.197631
1.5046
-0.182648
-1.28759
0.264213
-0.212658
-0.0655412
0.305913
0.660995
-1.07323
-0.173657
1.74427
-1.0203
1.56364
0.652153
-0.32407
-1.02439
0.185198
-0.720373
-0.229205
0.725618
0.224669
1.69835
-0.805974
-0.371948
-1.69667
-0.200419
-0.282124
-0.597967
0.102931
-0.651863
0.920831
-0.166309
-0.600108
0.421261
-0.831837
-0.167421
0.680122
-0.581573
0.0926741
0.908329
0.744561
0.0467199
1.89008
-0.35119
0.529553
0.155996
-0.33518
0.933039
-0.0427009
-0.435588
-0.663572
0.306527
0.0172218
-1.2772
0.987427
-0.309808
-0.414082
0.517602
-0.880378
0.00247355
0.657329
1.31872
-0.124354
0.476091
-0.0307174
-0.216
-0.141039
-0.189489
-0.198184
0.230896
-1.34707
0.18738
-1.19519
-0.47664
0.0509534
-0.547634
0.0270414
0.402307
0.185951
0.156555
0.243364
0.234993
-1.19538
0.218393
0.0470853
-0.364694
0.677737
-0.261737
0.339279
0.228616
-0.818178
0.126153
0.283823
0.30613
-0.227257
-0.00925719
0.200984
-0.0981178
-0.214342
0.338355
0.0180204
-0.477767
-0.0718275
0.24751
-0.378833
0.0587043
0.0339951
0.283571
-0.0706427
0.204986
0.107223
0.230489
-0.0538855
0.0767217
0.0955835
-0.577213
0.468926
-0.341072
0.188301
0.15465
-0.0864127
0.145887
-0.398969
-0.104776
-0.502363
-0.660542
0.0093044
0.29631
0.397535
0.102108
-0.284707
-0.0740736
-0.0266993
-0.660374
0.390838
0.341147
-0.0580731
0.54096
-0.210109
0.591688
-0.291793
-0.752198
0.270078
-0.703423
0.482529
-0.214724
0.164803
-0.00216882
0.225713
-0.18182
-0.0610487
0.573343
-0.196693
0.391031
0.513299
-1.08601
0.684467
-0.290207
0.23412
0.815582
0.180053
-1.11334
0.181685
0.357225
-1.57767
0.0775067
-0.0443954
-0.0953055
-0.0260407
-0.638098
-0.629749
0.0771432
-1.99574
0.46547
0.561625
-0.575588
0.558341
0.0251215
-0.210904
0.0758906
0.26227
0.223257
0.430271
-0.446992
0.190819
0.0323158
-0.923762
0.189125
-0.699346
0.420831
-0.771268
-0.3351
-0.110127
0.102464
0.0562174
0.459685
0.134911
-0.468701
-0.00276441
-0.295658
0.215299
-0.100124
0.356638
-0.118206
-0.361043
-0.387561
0.42538
-0.244136
0.176973
-0.291935
0.930373
0.883351
-0.148272
-0.339945
0.327741
-0.324008
0.46143
-1.33922
0.410149
0.460626
-0.171393
-0.189521
-0.786116
-0.0530498
0.405427
-0.262453
0.64204
0.322698
-0.331376
0.499328
-0.251962
0.161518
0.799006
-0.857976
0.286926
-0.538232
-0.0973296
-0.246378
-0.410707
1.56657
0.278236
-0.905295
-0.287043
0.0333018
-0.216004
0.28761
0.433159
0.816022
0.85118
0.35892
0.0624044
0.511805
-0.297885
0.532338
-0.636035
0.782492
-0.193623
0.295819
0.194006
-1.14677
0.326273
1.36255
0.868224
-0.0242889
-0.0912178
-0.322184
0.572514
-0.652741
0.245905
-0.312336
-0.0492876
-0.238268
0.302075
0.24127
0.118385
-1.04063
2.07942
-0.580059
-1.13151
-0.260218
0.156158
0.378984
0.182858
-0.388427
0.450127
-0.180686
0.518398
-0.0847964
0.706822
-0.571463
0.0572364
4.67205
1.36167
1.93278
0.671852
0.313358
-0.0807703
0.381369
0.0217211
0.123501
-0.649293
-0.162195
-0.0472382
-0.526138
0.285081
0.364513
-1.01262
0.610683
1.47687
-0.502407
1.81998
0.0185673
0.435091
-0.793112
1.35699
-0.673813
-0.210102
3.06432
1.27475
-0.222353
-0.17434
-0.788329
0.13933
0.0354355
0.187618
-0.503315
-0.0713099
0.946271
-0.023653
-0.188717
0.246137
-1.02976
0.471291
1.40513
-0.959364
0.444566
-1.02664
-1.10294
1.14482
0.864294
0.277434
-0.142059
-0.662776
0.183316
1.50818
-0.199306
-1.44683
-0.245271
-1.42521
-0.65717
-1.37054
-0.180984
-0.0522623
1.6862
-1.46825
-0.449387
0.379319
-0.251178
0.29117
-0.345672
0.14887
-0.893363
-0.0192733
-1.26329
0.374377
-0.504674
-0.0552713
-0.27628
-0.474629
0.315249
-0.542091
-0.250899
0.778575
0.189847
-0.128627
1.10074
0.100097
-1.03894
0.195269
0.590697
0.866306
-0.890247
0.0285283
0.891491
-1.0856
0.15407
-0.634337
1.73814
3.07149
-2.15027
2.11484
-1.61558
0.735303
1.79333
-1.10076
1.48509
-1.04303
0.177753
-0.595882
-0.0465058
0.677735
-0.210188
0.576452
0.427877
-0.493852
-0.153688
0.403626
-0.0355402
0.450125
-2.14948
0.403189
-0.655007
0.429712
-0.0750187
-0.724925
1.11868
0.0395796
-0.199017
-0.322232
0.64194
0.402063
-0.561117
1.05721
-0.826874
-0.0481891
-0.836054
-0.245412
0.399041
0.0710394
0.187862
-0.852865
1.26362
-0.374235
0.281218
0.46826
-1.09696
0.48466
-0.759143
0.634505
0.509782
0.297105
-1.50084
1.09453
0.102642
0.358428
-0.424621
-0.943251
-0.0519048
0.749533
-0.494563
-1.22125
1.10211
-1.08366
1.24223
-0.658514
-0.863213
0.77884
1.15703
-2.72624
1.69855
-1.01535
0.593316
1.32114
-3.16718
2.76584
-1.02233
-1.86695
1.94035
-1.38995
0.772534
1.27493
-4.23269
4.4502
-2.36808
-1.75858
4.3735
-3.70796
3.08931
-1.93453
0.466351
2.71795
-3.90059
3.31945
0.570676
-3.03442
1.38531
-1.76595
2.45165
-3.36707
1.02565
1.55823
-3.69446
0.610817
-2.20529
1.36182
-0.708992
1.8299
0.430175
-3.23032
4.19434
-2.21101
-2.53499
1.68976
-1.47874
-0.669191
-0.503842
1.59131
-1.96671
-1.58142
1.65511
-1.06481
-1.29811
1.72711
-0.662958
-3.02115
3.23911
-1.54589
-1.65289
3.87464
-2.47207
-1.06661
4.46279
-5.47041
1.85172
2.51642
-4.73739
2.59344
1.57988
-5.33994
5.12619
-2.57395
-0.376823
2.02511
-2.48545
-0.427608
3.74291
-5.94296
4.83418
0.441989
-2.24398
2.18637
-4.09988
0.104941
4.79183
-3.47736
-0.0371475
0.418616
-2.63101
1.50356
0.0384056
-2.20377
3.5266
-1.2307
1.30896
-0.392149
-2.69136
3.95107
-1.85115
-1.33984
1.89337
-1.79964
3.00269
-0.0840688
-3.51271
4.38075
-0.754061
-2.59395
1.55323
0.320455
1.68181
-1.13989
0.33994
2.69019
-3.12948
0.286509
1.72037
-0.0441706
-0.871067
-1.18493
3.84098
-2.36551
-0.0244144
1.19976
-0.530037
-1.81035
0.799155
2.44114
-4.69873
0.0884589
4.72794
-5.83438
0.342046
4.89749
-2.56915
-1.64994
5.76404
-2.27766
-3.66373
5.99873
-2.34615
-2.64081
3.54794
-0.821238
-2.67638
4.29653
0.213111
-3.20529
3.08456
0.185118
-1.6891
1.05429
0.354858
0.216865
0.267815
-0.729663
1.90153
-0.529885
-3.27283
1.88175
-0.654801
-2.01677
1.80067
-0.17632
-1.71217
0.784324
0.0029982
-1.44337
2.02302
1.01055
-1.25825
-0.677122
-0.32654
-0.764312
0.527301
0.76495
0.339742
0.132986
0.963751
-0.00762216
-1.93123
-0.259725
0.704552
-1.26942
2.14702
-0.236243
-2.80921
1.34035
1.79658
-0.860245
-0.450943
0.439187
1.7166
-0.647702
0.0950729
0.0464151
-1.58463
3.27001
0.817229
-3.67493
0.864799
2.14327
-1.04219
-2.26171
1.23236
3.182
-3.12137
-0.680585
4.02504
-1.54354
-3.31122
3.66384
2.87752
-4.62149
0.774554
3.3909
-3.64882
0.211148
3.63215
-2.4198
-1.77838
4.20104
-0.863488
-3.04029
3.39305
0.0900932
-2.49493
1.17126
1.69216
-3.2984
-0.234482
3.26331
0.829098
-1.45847
0.529548
0.451156
-1.82536
0.672421
-0.265607
-0.21681
1.35883
-1.26978
-1.35482
3.15738
0.162826
-2.35009
0.664704
0.0741158
-1.52742
0.524818
2.01422
-2.03738
-0.479007
3.05888
2.8107
-1.51031
-1.94739
2.59476
2.76685
-4.04907
-1.6644
4.55596
-0.0607516
-3.72301
1.59529
1.74226
-1.59244
-0.919614
2.21039
-0.951849
-3.21146
-2.8202
-1.15732
-1.57521
3.19503
3.75924
0.126769
-1.96144
-3.3927
-4.17465
-1.26792
4.64361
3.61336
-2.98137
-3.88844
1.26866
3.59275
0.919817
-2.5157
-0.909383
1.43396
-0.230074
-0.0513768
0.101248
-1.71293
-0.915937
0.324064
0.27455
-1.42013
-1.63752
0.515746
0.567541
-0.122685
-0.260165
0.00969495
0.332878
-1.14611
-1.42006
-1.04194
0.961714
-0.319621
-0.629295
-1.32585
0.635143
1.53822
-0.96063
-1.59714
-0.197785
1.68927
0.562819
-1.09521
-0.7136
1.33317
0.181094
-1.45492
-0.83645
1.47889
1.19396
-1.30504
-0.538541
-0.0455099
0.201614
0.00569945
0.0729447
-0.280191
-0.765751
0.232201
1.48451
-0.543031
-0.551241
-1.28922
0.634047
2.05193
0.839477
-1.81178
-2.75103
1.92206
1.89548
-0.979863
-2.39489
1.59964
2.00883
0.369908
-4.53821
-2.11433
3.40924
2.80961
-2.09756
-3.30576
0.92402
5.13812
2.15073
-6.1043
-3.41132
5.03587
6.7732
-1.91482
-9.61595
-6.94209
10.6603
14.5979
-2.62098
-22.0049
-12.3222
17.0226
26.4476
3.83489
-29.0439
-28.2519
9.25865
32.3482
15.2859
-18.1873
-25.6522
0.932304
20.6854
6.98255
-15.3427
-10.392
8.74597
9.48388
-6.18799
-8.64357
4.75809
7.8791
-2.73744
-5.19909
2.6838
3.75212
-2.87471
-2.35426
5.6275
0.85288
-6.81756
0.250554
6.15711
-0.785179
-4.87035
0.706489
3.00703
-3.81161
0.0582887
4.02597
-2.2298
-2.88934
3.46333
2.74535
-3.40436
0.367098
2.35844
-4.1498
1.8423
4.65954
-1.90382
-1.57437
-0.156291
-1.03155
0.773114
3.59349
-2.15717
-2.32669
2.64734
-2.03881
-2.67544
3.76959
2.22745
-0.973218
-0.0272092
-2.99124
-0.952734
3.62366
1.19431
1.54918
-1.28881
-3.18437
1.85791
0.000153231
-2.07271
1.94102
2.96433
1.583
0.608286
-4.38638
-2.38891
1.5713
3.9889
4.87085
-1.67906
-3.57359
-3.62316
-4.55729
4.73102
4.05016
3.8073
3.76899
-5.8808
-6.88989
-9.18329
-2.48487
9.98989
14.2244
10.7432
-4.74567
-13.9834
-17.9933
-12.0903
5.30433
19.1163
23.8686
9.30847
-14.6387
-29.895
-16.451
13.7603
24.2162
2.94097
-20.7423
-8.98715
14.0332
16.4515
-6.30571
-16.5361
6.0258
17.8346
-5.41229
-15.276
3.07631
9.49631
-5.41535
-10.5098
6.79592
7.72721
-9.58814
-3.59615
10.7488
-4.08702
-11.3761
7.15255
5.67197
-9.13619
1.07689
10.1457
-5.85613
-7.47525
8.73295
1.06322
-8.2931
5.61517
3.74822
-8.101
5.15977
4.04162
-8.21885
3.84447
6.27818
-6.59467
4.00867
5.00302
-6.85573
4.48854
2.79487
-7.97561
4.70471
1.11263
-3.61738
5.56506
-3.01811
-1.78085
5.31555
-3.14604
-0.403151
4.03844
-4.61922
1.53998
-0.708489
-1.88354
4.18425
-3.33995
-0.604596
0.95423
-2.68835
2.32069
-3.45221
-0.843367
0.905804
-6.27412
4.35599
-3.82275
0.297416
0.56631
-2.00483
2.10703
-3.14876
-1.13459
-4.83369
-1.59835
-1.91859
1.769
2.45179
-3.16669
-2.05192
-3.90632
-1.71955
3.53436
6.66843
5.1751
-0.206877
-8.61845
-15.7266
-16.4065
-4.2162
15.9289
34.714
24.8948
-8.13856
-24.8046
-15.4143
8.19185
9.37093
-13.6014
-20.1645
-2.8117
8.02101
-2.62119
-12.7717
-2.87228
8.88375
-0.542027
-9.75719
6.79762
12.5099
-5.31528
0.51533
11.7177
-0.143052
-5.01322
6.74734
4.58815
-6.36979
2.59931
6.86521
-9.16457
-1.59887
9.6067
-8.44668
-1.48808
5.80266
-9.36317
-1.29532
6.76196
-9.11296
-1.29957
4.70276
-6.39453
0.240729
0.504224
-6.11469
3.11642
0.0131471
-3.53791
2.43391
-5.08235
-0.724478
4.37039
-5.34422
1.80392
-1.81295
-1.6181
5.63219
-4.86442
2.22059
-0.775759
-1.32622
4.61917
-4.56257
4.58521
-1.66822
0.346794
3.19097
-3.09955
3.12373
-1.98516
2.63752
0.449425
0.139007
0.881817
-0.70893
1.26031
-1.54561
1.09805
-0.495728
1.80612
0.618815
1.9959
0.888346
-0.65956
-1.69426
-2.57576
-4.5383
-1.34339
6.35749
9.8758
11.6253
-1.94816
-11.8911
-23.6155
-21.1007
-4.9179
20.7404
41.8521
39.6649
8.02683
-33.6602
-49.4959
-30.0306
9.3052
26.025
8.4522
-15.3894
-9.53029
14.5761
16.5536
-5.40466
-8.15078
8.48807
8.16702
-6.69364
-1.70028
9.46447
1.10184
-6.06374
6.63061
7.27743
-5.996
1.83865
6.52762
-6.04496
-0.775071
5.6029
-4.36407
-2.10958
6.07692
-4.93806
-0.49758
3.67898
-5.94106
1.09119
2.76034
-5.04444
2.14625
-1.12337
-3.49381
2.53171
-3.16515
0.765114
4.18039
-2.93246
4.80599
-2.80098
0.282237
3.85408
-1.6751
6.16248
-1.81743
4.12453
2.71024
2.58928
4.43664
1.12817
4.00206
2.13796
5.29193
2.17607
6.0899
2.08298
6.42817
0.421222
6.88763
-0.181783
6.48867
2.73571
-0.347512
6.12028
2.13562
2.05007
2.97157
4.67011
1.72546
2.84153
3.58221
1.25188
-0.282098
0.875038
-0.209821
-0.755064
-0.263478
0.438091
0.578393
0.161144
0.396234
1.51693
0.183143
-1.22268
-3.69717
-5.84791
-7.32099
-9.15048
-10.779
-9.86173
-6.60063
1.40099
13.1114
28.9951
41.9196
48.4778
31.5544
-2.26482
-39.6522
-50.6243
-38.1494
-20.1762
-18.0737
-25.4858
-19.9225
-4.11092
-4.95125
-14.6984
-2.37358
6.40368
-6.86978
-4.28386
11.6262
-3.7014
-4.43179
12.2242
-5.16017
0.109575
13.803
-8.73197
3.98525
10.4428
-12.8921
17.849
-6.50136
3.58513
9.28842
-10.6231
14.9379
-6.86676
6.58236
3.15616
-5.77354
13.7292
-10.4956
10.6261
-7.79487
7.39912
-6.54556
1.46954
-2.78161
0.743251
0.209005
-2.34065
-0.439084
0.172777
-0.910973
-2.34156
-3.69734
0.186892
1.05701
-3.29417
-2.36275
-1.11783
-0.495319
-2.56843
-2.47475
-2.07598
-1.28756
-2.65144
-1.87958
-3.55469
-2.51609
-5.29102
-2.08678
-3.90667
0.541931
-3.37554
-2.18996
-0.0332026
0.987141
-3.65444
-4.81785
-2.45809
-0.652765
-5.21786
-3.85767
-5.2794
-2.3668
-6.05859
-3.78155
-4.33421
1.46354
-2.2345
-6.72738
-3.59815
0.792272
-0.52552
-3.45067
-1.37572
0.567217
4.96054
-0.791062
2.42775
5.57464
11.574
-18.1244
-67.4441
-121.816
-23.3277
114.659
117.784
-34.4681
-29.8204
70.4153
21.9057
-51.9706
48.6065
12.9343
-44.022
51.2296
-6.57685
-23.2177
49.8246
-53.958
63.1813
-54.2319
54.4194
-51.817
77.1094
-66.2616
18.517
36.374
-19.1971
-12.8711
9.56931
9.44608
1.69595
0.517297
-1.40953
-0.916702
2.97304
5.56147
-2.1799
0.226211
0.132304
1.79814
1.27562
-2.56255
2.05898
2.20962
1.4076
2.89561
-0.840199
1.42218
1.15064
0.0961002
1.34429
1.29189
0.210356
-0.0617831
1.49241
0.462395
1.51959
1.05939
0.694068
1.32557
0.651884
2.23589
-0.810518
2.50855
1.88697
2.0093
1.50729
1.17842
2.65461
-4.31409
6.50651
4.48832
3.73504
1.98629
3.66299
-2.55439
4.12507
2.76258
1.83717
0.968984
0.379067
1.88882
-1.15708
-4.81998
-0.279637
-0.787419
-1.42777
4.392
1.20685
-0.995215
-1.61169
-2.33429
-3.95959
0.0904836
4.00784
0.897728
1.21657
3.38654
0.305366
0.93827
-1.61064
1.1818
1.40249
