0
-0.0495486
-0.0609494
-0.273303
-0.483903
-0.969201
-0.633066
-0.614259
-0.0172275
-0.834777
-1.39502
-1.74701
-1.76284
-1.83447
-2.24375
-2.50404
-2.43223
-4.042
-3.73782
-4.40988
-4.95421
-6.13461
-7.59181
-12.8365
-25.6128
-79.9171
70.3742
13.7865
6.38996
5.05224
3.22764
3.60088
2.94007
2.96286
3.94379
3.71577
3.54378
3.93026
3.79276
3.95769
3.60815
3.91499
2.23655
1.96459
0.562379
-0.796557
-4.18078
-6.41344
-10.9699
-14.1471
-2.79776
59.2176
-21.4571
-0.981309
8.90981
5.4766
4.81773
6.61978
5.24324
3.61125
3.36863
2.11712
0.355751
0.522851
-1.36643
-1.12894
-1.66173
-0.52708
0.807128
1.47333
0.980736
2.79961
0.436111
0.394391
-1.47455
-16.6042
-37.8418
54.9209
-32.8075
18.5409
-6.15725
2.27629
-0.0850498
0.745655
0.71217
0.506846
-0.0172741
-0.698445
-1.60464
-0.108767
1.41343
0.484129
0.68376
1.04223
2.29257
3.80797
3.35876
1.55359
0.0393872
4.41514
13.6175
9.10638
-27.9197
8.256
-6.16665
1.61987
-2.77349
0.731816
-0.919812
0.399864
-0.228857
-0.405778
0.883138
0.0766088
-0.762866
1.1326
0.335777
-0.137528
-0.762447
-1.22984
-2.01521
-1.28352
-1.95191
-1.23231
3.55878
11.6118
23.8839
1.24835
-11.9504
10.7463
-10.13
8.04582
-4.16004
5.9685
-2.82105
-0.124719
-0.65774
1.42151
1.84553
-1.48338
1.23992
-1.34082
-1.95474
0.173888
-1.14478
-2.39228
-2.10276
-0.402036
-2.86435
-6.85565
-8.46421
-1.41523
31.8615
18.7624
-20.5298
-9.75889
4.39517
7.12543
4.59269
1.70422
-0.153338
-1.35297
-1.18845
0.147414
1.05273
0.185647
-0.396418
-0.339992
-0.835608
-0.642778
0.193718
0.464802
0.402041
0.681351
1.15813
-0.11344
-2.91793
-0.533332
4.59207
-1.95208
0.89692
-0.353018
-0.0994766
0.27558
0.573995
1.08938
1.53963
1.11913
0.387033
0.67977
0.440154
0.252973
0.6456
1.03619
0.878011
0.649834
0.548963
0.627314
1.16025
1.70027
1.62118
1.21755
0.0480636
0.604432
-0.655417
0.656661
0.53824
0.379462
0.199063
0.324685
0.415816
0.495823
0.488526
0.275521
0.268836
0.361289
0.188946
0.255938
0.237813
0.196644
0.118206
0.166594
0.0182054
0.445435
0.880269
1.18176
2.03407
1.35644
-0.0183257
0.578513
0.584754
0.406977
0.565495
0.254219
0.38527
0.394263
0.408584
0.481545
0.489052
0.396451
0.404085
0.401864
0.353369
0.305635
0.304552
0.22909
0.193405
0.0326701
-0.000143891
0.37038
0.674402
1.15711
1.04301
0.237854
0.512797
0.36767
0.407016
0.400086
0.461185
0.367877
0.404964
0.287069
0.30125
0.461693
0.478703
0.313877
0.488222
0.341142
0.400041
0.287136
0.26295
0.0834707
0.2589
-0.191156
0.0118126
0.217873
0.906321
1.4007
0.85177
-0.337237
0.511178
0.410322
0.677603
0.444272
0.44283
0.353126
0.369874
0.301652
0.436246
0.39775
0.410414
0.259973
0.30954
0.212576
0.351785
0.344132
0.371897
0.341929
0.330123
0.222551
0.224319
0.301757
0.471631
0.427622
0.120531
0.409204
0.300206
0.348887
0.28789
0.374346
0.288161
0.319279
0.244374
0.338965
0.312955
0.284039
0.332955
0.291594
0.207636
0.422656
0.313362
0.297356
0.325309
0.352138
0.223391
0.300649
0.222785
0.434483
0.400347
0.136981
0.228936
0.188734
0.285597
0.247751
0.296164
0.268449
0.253551
0.228746
0.155642
0.322199
0.32044
0.319126
0.371348
0.261192
0.422798
0.407161
0.234259
0.245381
0.206972
0.421214
0.426091
0.207889
0.146143
0.0581022
0.288007
0.0576394
0.406721
0.258709
0.253735
0.633305
0.133714
0.0588352
0.672888
0.062098
0.346248
0.232738
0.462134
0.157739
-0.027248
0.274449
0.469036
0.473461
0.160398
0.548893
-0.0204619
0.535449
-0.139816
0.00260314
0.228733
0.203927
-0.237162
0.270897
0.504565
0.490396
0.438982
-0.353933
0.828865
-1.39981
1.93925
-0.193065
0.270845
1.55631
0.0223992
-0.204057
-0.0487125
-0.144995
-0.498844
0.130213
0.996131
1.4582
0.555118
1.70618
1.35368
-0.8409
-1.03988
0.501071
0.139565
-0.876659
-0.685463
0.400991
0.654151
1.11052
0.605995
-0.24455
0.0638265
-0.23225
-0.164996
0.0498396
0.505273
0.150768
0.0271395
-0.000253456
0.350912
0.0397223
0.132718
0.0911676
0.145696
0.615209
0.603495
0.0103768
0.611631
1.05378
-0.288844
0.129376
-0.0285308
0.0476168
0.164649
0.502196
0.231209
0.129816
0.00383528
0.306196
0.148848
0.324999
0.0500245
0.309995
0.299836
0.533811
0.19882
0.0310443
-0.24227
-0.182313
0.246166
0.500922
0.01223
-0.0927142
0.934503
-0.255509
0.445641
0.593286
-0.0782794
0.584666
0.437007
0.554054
0.236876
0.151234
0.0116251
0.299337
0.239568
0.70898
0.219517
0.279229
0.169251
0.347732
0.352978
0.162985
-0.391461
-0.458375
-0.0228914
0.216514
-0.0454531
0.0357089
0.117815
0.00976778
0.0974227
0.0802225
0.083631
0.0843012
0.089672
0.0918291
0.0900808
0.0933616
0.0943287
0.0987851
0.0998875
0.0999771
0.100021
0.102519
0.102818
0.103306
0.104329
0.104822
0.105212
0.10612
0.106793
0.105682
0.109266
0.11052
0.0980116
0.117091
0.111858
0.113822
0.10918
0.118879
0.120969
0.108325
0.115287
0.106307
0.113638
0.113625
0.107059
0.118742
0.10566
0.125665
0.12453
0.0918066
0.113685
0.111883
0.10069
0.084291
0.119249
0.0907443
0.0810359
0.141796
0.147093
0.126454
0.0995515
0.0982654
0.122716
0.119163
0.0975096
0.0915345
0.110576
0.12855
0.100863
0.107657
0.1271
0.123087
0.107506
0.114489
0.0926123
0.105609
0.107205
0.132257
0.0988826
0.105991
0.101874
0.127342
0.107961
0.123528
0.0927364
0.0947074
0.101268
0.110479
0.058014
0.105342
0.112955
0.110756
0.0460072
0.0859489
0.101544
0.102375
0.106612
0.109695
0.12317
0.273945
0.0944277
0.0915731
0.11543
0.10959
0.0954516
0.103065
0.107769
0.113535
0.0973767
0.0864103
0.165064
0.102355
0.0996733
0.0981184
0.127453
0.116187
0.111141
0.0976855
0.0847784
0.0979029
0.0958864
0.0982781
0.0974864
0.0988713
0.119569
0.100686
0.102718
0.0947357
0.0978254
0.109014
0.085662
0.0445548
0.0206974
0.0993738
0.0878155
0.0717355
0.112516
0.0524205
0.185482
-0.123459
0.764513
-0.0674871
0.0446951
0.085777
0.110801
0.112852
0.0215961
0.257658
-0.174749
0.341398
0.0358276
0.0542137
0.0895545
0.0802287
0.0757727
0.0946566
-0.0525259
0.272789
0.0820447
0.159062
0.0888895
0.0754899
0.0786989
0.105763
-0.0532275
1.24114
0.049068
0.135546
0.0971745
0.0533593
0.0749485
0.154021
0.181594
0.0525145
0.0231709
-0.0611391
0.0904431
0.1591
0.156374
0.154568
0.133503
0.182792
1.5956
-0.202911
-0.0314892
-0.0598766
0.0258052
0.0255028
0.0920997
0.025023
0.074304
0.0730421
0.0823181
0.0787345
0.103934
0.112802
0.11472
0.168442
0.227539
1.75822
-0.0681245
-0.00460121
-0.0392717
-0.0168431
-0.0112643
0.033474
0.156692
0.369483
0.529476
-0.0571601
-0.0440209
0.0151582
0.0958191
0.0822284
0.0434339
0.0586795
0.872923
-0.333453
0.0687954
0.0518092
0.0981166
0.0536494
0.0152059
0.0195884
-0.237829
-0.113687
0.118917
0.058308
0.0418962
0.0377018
0.076831
0.0866147
-0.0163902
0.0386298
0.279288
-0.0686978
0.0717639
0.0961207
0.0970911
0.105932
0.120222
0.0898879
0.475954
-0.0858739
0.0545349
0.0482813
0.0693071
0.0662245
0.0541565
-0.00977437
-0.0462192
0.0637583
0.0407499
0.03398
0.0394978
0.0280019
0.0600471
0.0171682
0.0561715
0.0392341
0.0445575
0.0430508
0.048943
0.0362035
0.0487594
0.0367108
0.00806565
0.0410408
0.0382837
0.0454241
0.0415559
0.0421929
0.0424681
0.0476104
0.0321082
0.0441525
0.0399646
0.0408822
0.043249
0.0399026
0.0436816
0.0442525
0.0484843
0.0117868
0.0309497
0.0366265
0.0378792
0.0311813
0.0383314
0.0387328
0.0396968
0.0379951
0.0443245
0.0887883
0.0828392
0.0447876
0.0363568
0.0295455
0.0916335
-0.0177074
0.0509216
0.0421361
0.0402531
0.0324581
-0.030474
0.0302887
0.0313866
0.0324792
0.072782
0.125754
0.0386107
0.0467982
0.0180326
0.0110888
0.045867
0.0348756
0.0288287
0.0187051
0.0160467
0.4549
0.0254035
0.02256
0.04994
0.0498721
0.0293964
0.0441391
0.0300601
0.0166813
0.00224313
-0.354915
0.0433152
0.0576667
0.0548015
0.0224788
0.0116557
0.0649655
0.0480493
0.0291539
0.0375615
-0.054073
0.00546069
0.0435264
0.0441106
0.0445069
0.106489
0.0332919
0.0110415
0.0266009
0.0243062
0.0673332
-0.015182
0.0368379
0.0256397
0.0221447
-0.00917455
-0.0169431
0.0215251
0.0319939
0.0254679
0.00823854
0.0285322
0.0321084
0.0156511
0.0355709
0.0341411
0.0303035
0.0273762
0.0432148
0.0308072
0.0320648
-0.0433689
0.0381184
0.0269002
0.0404124
0.0282168
0.0312889
0.0366512
0.0371205
0.0108192
0.0207211
0.0329383
0.0275602
0.0278728
0.032226
0.0368538
-0.00471189
0.0124684
0.0169566
0.0478747
0.0135431
0.0259474
0.0243079
0.109668
0.0273653
0.0228008
0.0222697
-0.00384558
0.0221861
0.037416
-0.0215317
0.0291594
0.0246774
0.0287427
-0.00955958
0.0327695
0.0125428
0.0224258
0.0202466
0.0221007
0.0163417
-0.0687662
0.0304837
0.0166783
0.020579
0.0150483
0.0131663
0.0258439
0.0206247
0.0133549
0.0186466
0.0154113
0.024507
0.0163165
0.0210018
0.0509777
0.018553
-0.00913038
0.0180387
0.0225529
0.0120983
-0.00525396
0.00634596
0.015211
0.0164152
0.0176986
0.019628
0.0142452
0.00733467
0.00951371
0.0187684
0.0449663
0.0047423
0.0164576
0.0152791
0.01533
0.0038208
0.0173147
-0.00551796
0.0126844
-0.0271748
0.0139395
0.0473595
0.00900388
0.0439365
0.011819
0.0187537
0.0125184
0.0167398
0.0109997
0.037734
0.00939653
0.00721762
0.00938105
0.00925975
0.0068071
0.0100716
0.00620726
0.012448
0.00673467
0.00879416
0.0291972
0.0113391
0.00940228
0.00961568
0.00551011
0.00770996
0.00675812
0.00785073
0.00676742
0.00861708
-0.00154027
0.0105095
0.00615054
0.0187294
0.00686354
-0.00639834
0.014106
0.00463988
0.00770098
0.00775656
0.00474739
0.00363651
0.00541931
0.00697874
0.00393667
0.00496711
0.00271358
0.00348975
0.00395943
0.0110689
0.00390039
0.00356229
0.00476558
0.00350439
0.00363676
0.00252261
0.00131068
0.00231711
0.00332045
0.000750297
0.00300333
0.00296594
0.00172897
0.00131565
0.00139686
0.000701807
0.0010951
0.00120855
0.000563673
0.000808309
1.69767e-05
3.92367e-05
-0.000614029
-0.000148805
-0.000141026
-0.000773217
-0.000682183
-0.0011267
-0.00127592
-0.00223101
-0.00203527
-0.00151881
-0.00204165
-0.00207072
-0.00271759
-0.00291808
-0.00261731
-0.00478918
-0.00329747
-0.00124398
-0.00351227
-0.00396257
-0.00195959
-0.00397027
-0.00484276
-0.00502016
-0.00571374
-0.00389144
-0.00516057
-0.0123492
-0.00522745
-0.00451364
-0.00360369
-0.00587777
-0.00416478
-0.0080269
-0.00652325
-0.005068
-0.00542637
-0.00806137
-0.00932387
-0.00491504
-0.0155494
0.0066482
-0.00839047
-0.0178647
-0.00724077
-0.0118639
0.00054654
-0.00944264
-0.00698505
-0.00944695
-0.00812845
-0.00800532
-0.00649666
-0.0109484
-0.0101744
-0.0115489
-0.0309206
-0.0106791
-0.0078625
-0.0133869
-0.00792885
-0.011809
-0.00697093
-0.0101296
-0.0106609
-0.00897986
-0.0104562
-0.042322
-0.0122635
-0.0173403
-0.0131829
-0.0190293
-0.0128546
-0.0446229
-0.010353
-0.0474155
-0.0154346
0.0285118
-0.0129605
0.00614516
-0.0187105
-0.00466023
-0.0167653
-0.0168465
-0.0180959
-0.0049451
-0.0463806
-0.0213912
-0.0107375
-0.00828104
-0.0153869
-0.0209146
-0.0179872
-0.0173317
-0.0153654
-0.00869429
0.00295408
-0.0140266
-0.0241159
-0.0220775
0.00816885
-0.0190283
-0.0526773
-0.0221772
-0.0177315
-0.0258778
-0.0169001
-0.0196222
-0.0137082
-0.0216602
-0.0273703
-0.0145445
-0.0161821
-0.0219802
-0.0184959
-0.0309636
0.0699455
-0.0172183
-0.0238188
-0.0215616
-0.0231732
-0.0115061
-0.0329555
0.0116885
-0.029065
-0.0257715
-0.0303029
0.0189488
-0.0386855
-0.0240058
0.00342955
-0.0226069
-0.0243946
-0.0291122
-0.113605
-0.025025
-0.0272251
-0.0143951
-0.0481914
-0.018083
-0.0136743
0.00358226
-0.0378484
-0.0334369
-0.0292419
-0.0278796
-0.033201
-0.0214025
-0.0122817
-0.0388858
-0.037866
-0.0330492
-0.0296728
-0.0414147
-0.0272078
-0.0392601
0.0427538
-0.0320824
-0.0320737
-0.044303
-0.028248
-0.0305851
-0.035305
-0.0342726
-0.0165206
-0.0328644
-0.0299964
-0.010944
-0.0256075
-0.033308
-0.023283
0.0159591
0.0097655
-0.02403
-0.026187
-0.0372029
0.0143503
-0.066328
-0.0251258
-0.0279084
-0.0109644
-0.033952
-0.11002
-0.0448119
-0.0442835
-0.0448462
-0.00625934
0.051393
-0.039255
-0.0305029
-0.0492531
-0.0652156
-0.0127276
-0.0237282
-0.0568154
-0.0589327
-0.0442708
0.369082
-0.00248008
-0.0180134
-0.0309346
-0.0419859
-0.0305368
-0.0497274
-0.0510199
-0.0242792
-0.0267332
-0.451284
-0.017042
-0.0197268
-0.0299991
-0.0357391
-0.0477324
-0.0118097
-0.0184439
-0.0474371
-0.0398171
-0.12849
-0.0737364
-0.033721
-0.0323842
-0.0308736
0.0281932
-0.0349587
-0.0412846
-0.0440061
-0.0515543
0.0175706
-0.0917995
-0.0309009
-0.0366951
-0.0464321
-0.0823136
-0.0882979
-0.0458585
-0.0398093
-0.040333
-0.0391304
-0.0393935
-0.0322951
-0.0389072
-0.0375848
-0.0323569
-0.0127722
-0.048756
-0.0451679
-0.0438895
-0.0399038
-0.044154
-0.0419156
-0.040952
-0.0443432
-0.0331905
-0.048979
-0.0438325
-0.0437563
-0.0428499
-0.0465364
-0.0398404
-0.0423316
-0.0083756
-0.0405058
-0.0497599
-0.0372016
-0.0500867
-0.043903
-0.0455201
-0.039624
-0.0564923
-0.0182314
-0.0613267
-0.0291527
-0.0413896
-0.0350213
-0.0410793
-0.0648361
0.0454771
0.00442851
-0.0556593
-0.068226
-0.069894
-0.0480437
-0.054459
0.0860281
-0.469488
-0.0987373
-0.123315
-0.106018
-0.0978032
-0.0966311
-0.0719438
0.0681867
-0.281113
-0.0278393
0.0110594
-0.0903503
-0.0779625
-0.0381035
-0.0431626
-0.0594521
-0.119164
0.11291
0.24046
-0.0220649
-0.0159084
-0.0545936
-0.0998457
-0.0542586
-0.0703276
0.328366
-0.883116
-0.0577348
-0.0440299
-0.0822326
-0.0969076
-0.0155731
0.0418367
0.0547469
-0.529391
-0.368977
-0.156954
-0.0343009
0.0106729
0.0154284
0.0384874
0.00246791
0.0668798
-1.76916
-0.228705
-0.16923
-0.115899
-0.113615
-0.104912
-0.0798402
-0.0824132
-0.0741484
-0.0746295
-0.0303931
-0.0919454
-0.0266352
-0.0268117
0.0610453
0.0311227
0.202722
-1.61333
-0.183574
-0.13475
-0.155976
-0.1578
-0.159479
-0.0907298
0.0603339
-0.0231773
-0.054646
-0.182596
-0.155094
-0.0763427
-0.0535065
-0.0981553
-0.13599
-0.0459783
-1.24357
0.0520327
-0.105431
-0.0791952
-0.0772032
-0.0892839
-0.161174
-0.0834028
-0.263097
0.0513557
-0.0969467
-0.0768424
-0.0805837
-0.092149
-0.0548583
-0.0408031
-0.345928
0.170418
-0.257787
-0.0215382
-0.113976
-0.111425
-0.0875501
-0.0461514
0.064183
-0.771338
0.122349
-0.185603
-0.0526986
-0.114407
-0.0725809
-0.0899751
-0.100497
-0.022934
-0.0451632
-0.086176
-0.111224
-0.0987614
-0.0972696
-0.10338
-0.103209
-0.120277
-0.0990122
-0.0988129
-0.0990389
-0.0975247
-0.0986939
-0.0860103
-0.101045
-0.111756
-0.116649
-0.128459
-0.100859
-0.101045
-0.105248
-0.166462
-0.0865807
-0.0987686
-0.114151
-0.108167
-0.103626
-0.0970603
-0.111186
-0.117138
-0.0922265
-0.0946796
-0.286201
-0.123751
-0.111149
-0.107351
-0.104153
-0.102788
-0.0860869
-0.0480833
-0.111622
-0.114122
-0.105756
-0.0592659
-0.111646
-0.10159
-0.0939478
-0.0931864
-0.122964
-0.109213
-0.12494
-0.103431
-0.107882
-0.100087
-0.132183
-0.108998
-0.106241
-0.0952065
-0.115406
-0.109049
-0.12382
-0.127589
-0.109145
-0.10163
-0.130036
-0.111725
-0.093375
-0.0983503
-0.119601
-0.123688
-0.0994961
-0.1002
-0.130132
-0.149076
-0.142892
-0.0816071
-0.091709
-0.119569
-0.0864136
-0.101757
-0.113506
-0.114583
-0.0974033
-0.125509
-0.126281
-0.107379
-0.119241
-0.108951
-0.114768
-0.115163
-0.107489
-0.115678
-0.111
-0.122099
-0.120616
-0.110113
-0.115461
-0.113297
-0.11765
-0.0988637
-0.111029
-0.111386
-0.107298
-0.108639
-0.107647
-0.107173
-0.105942
-0.104927
-0.104826
-0.103694
-0.104347
-0.101313
-0.101379
-0.100888
-0.0991968
-0.0953901
-0.0944562
-0.0915547
-0.0927809
-0.0917392
-0.0858673
-0.0842279
-0.0808385
-0.0984525
-0.0125726
-0.118998
-0.0355875
0.0435555
-0.216374
0.0213379
0.456987
0.385235
-0.165964
-0.361509
-0.351189
-0.170053
-0.279779
-0.220347
-0.711874
-0.241082
-0.300538
-0.0127831
-0.155695
-0.240191
-0.555285
-0.438279
-0.584965
0.076626
-0.595815
-0.443703
0.252681
-0.934559
0.094295
-0.012799
-0.500289
-0.244675
0.182761
0.240156
-0.0348253
-0.201428
-0.534473
-0.302392
-0.310197
-0.0517294
-0.325582
-0.150068
-0.306724
-0.00463091
-0.132
-0.232882
-0.504175
-0.163934
-0.0494119
0.026995
-0.129905
0.283916
-1.05681
-0.607963
-0.0118193
-0.605649
-0.615021
-0.145422
-0.0885786
-0.132632
-0.0411783
-0.35171
0.000575332
-0.0291175
-0.15197
-0.505976
-0.049866
0.163603
0.229536
-0.0686181
0.240827
-0.61555
-1.11141
-0.65378
-0.396622
0.687346
0.874124
-0.145474
-0.483728
1.03712
0.836444
-1.36374
-1.70625
-0.55724
-1.4571
-0.988638
-0.12348
0.505307
0.155934
0.0471232
0.199059
-0.0270964
-1.56112
-0.26855
0.186431
-1.93627
1.40066
-0.83231
0.354916
-0.447702
-0.486743
-0.510434
-0.26476
0.236025
-0.205405
-0.228618
-0.00285766
0.137651
-0.538866
0.0198198
-0.549322
-0.162461
-0.474325
-0.46821
-0.273521
0.024678
-0.159425
-0.466793
-0.233684
-0.346224
-0.0638288
-0.673919
-0.0594852
-0.134882
-0.637616
-0.254884
-0.25855
-0.40865
-0.0562365
-0.289937
-0.0595605
-0.148595
-0.208846
-0.426495
-0.423098
-0.208277
-0.248442
-0.234777
-0.4083
-0.422862
-0.262927
-0.372026
-0.319424
-0.321736
-0.322954
-0.15599
-0.229198
-0.255302
-0.269621
-0.296759
-0.248342
-0.285667
-0.190856
-0.229373
-0.140241
-0.402063
-0.434616
-0.222992
-0.301384
-0.225026
-0.352772
-0.326203
-0.296391
-0.314111
-0.421879
-0.207974
-0.293852
-0.333944
-0.28465
-0.313627
-0.340925
-0.245458
-0.320036
-0.289493
-0.375012
-0.290427
-0.350489
-0.301636
-0.409416
-0.121122
-0.430011
-0.472679
-0.301762
-0.225013
-0.224591
-0.332115
-0.342841
-0.372205
-0.344966
-0.353657
-0.215961
-0.31062
-0.261061
-0.41332
-0.399451
-0.436814
-0.302355
-0.370639
-0.357027
-0.444376
-0.446016
-0.680464
-0.410391
-0.51144
0.335354
-0.859655
-1.40108
-0.898617
-0.211224
-0.010711
0.190046
-0.259808
-0.0849985
-0.264463
-0.288901
-0.402303
-0.341378
-0.48954
-0.316223
-0.4812
-0.461694
-0.303261
-0.28846
-0.406427
-0.368827
-0.461562
-0.401561
-0.40821
-0.370563
-0.513517
-0.244169
-1.04569
-1.15659
-0.671526
-0.368489
0.00392122
-0.0318768
-0.193569
-0.229867
-0.304879
-0.307365
-0.354619
-0.400949
-0.404903
-0.393063
-0.490773
-0.482763
-0.40874
-0.39427
-0.386393
-0.25579
-0.568042
-0.40794
-0.588283
-0.581104
0.0160423
-1.36287
-2.03423
-1.1655
-0.872649
-0.434913
-0.0139442
-0.166057
-0.116218
-0.196036
-0.23728
-0.255911
-0.189298
-0.361229
-0.269303
-0.27647
-0.488823
-0.498392
-0.415645
-0.324996
-0.199209
-0.382715
-0.538435
-0.656206
0.65289
-0.605982
-0.0598935
-1.22466
-1.6244
-1.69902
-1.15914
-0.622601
-0.547707
-0.648751
-0.87763
-1.03092
-0.639904
-0.250209
-0.439825
-0.679342
-0.387859
-1.12041
-1.53559
-1.08234
-0.573526
-0.265979
0.104347
0.355693
-0.89506
1.95115
-4.59222
0.57016
2.92095
0.110647
-1.16646
-0.681408
-0.398115
-0.461856
-0.183814
0.648643
0.835085
0.336575
0.393871
-0.195811
-1.05609
-0.143933
1.18704
1.35236
0.127288
-1.72068
-4.60972
-7.11816
-4.30598
9.80483
20.389
-18.8913
-31.8368
1.59957
8.53216
6.8765
2.86361
0.407469
2.10805
2.38926
1.13841
-0.174782
1.9492
1.32697
-1.25009
1.47602
-1.84845
-1.41966
0.655704
0.120201
2.80832
-5.98925
4.15242
-8.05071
10.1363
-10.7669
11.9596
-1.35676
-23.9154
-11.5587
-3.41255
1.29368
1.97801
1.3028
2.02487
1.24692
0.770178
0.144416
-0.328025
-1.13112
0.777679
-0.069839
-0.875632
0.411434
0.233949
-0.398686
0.920436
-0.730032
2.77133
-1.62054
6.17318
-8.26326
27.9518
-9.36878
-13.6938
-4.42482
-0.0277365
-1.54636
-3.33838
-3.78936
-2.2688
-1.03631
-0.682899
-0.478557
-1.40479
0.125488
1.61163
0.709881
0.0254421
-0.501926
-0.704026
-0.742225
0.102237
-2.25938
6.14983
-18.5133
32.8056
-54.8411
37.9113
16.5572
1.4509
-0.445749
-0.454982
-2.81874
-0.986778
-1.47534
-0.811638
0.522206
1.66114
1.12505
1.35816
-0.525644
-0.355812
-2.11869
-3.36867
-3.61371
-5.23997
-6.62048
-4.81648
-5.47616
-8.90608
0.978791
21.4421
-59.1532
2.80418
14.1328
10.952
6.40954
4.1795
0.787805
-0.566684
-1.96442
-2.23743
-3.92788
-3.61536
-3.961
-3.79611
-3.9305
-3.54647
-3.71663
-3.94567
-2.96045
-2.94002
-3.59889
-3.22241
-5.05189
-6.38902
-13.7451
-70.1482
80.1032
25.6612
12.8358
7.58486
6.13536
4.94695
4.406
3.72445
4.02806
2.42886
2.49836
2.24142
1.82549
1.75855
1.73987
1.39028
0.834125
0.00147011
0.610937
0.629888
0.975009
0.473674
0.268624
0.059093
0.0477754
