-0.261741
0.88545
0.440507
0.17231
-0.711193
-0.708157
-0.89708
0.727094
0.183455
0.400987
-0.976311
0.92957
0.639345
-0.604458
-0.648047
-0.642774
-0.396054
0.0355279
-0.154286
-0.422472
0.203404
-0.740138
-0.425427
-0.268574
-0.088777
0.561005
-0.620565
0.0210635
0.166547
-0.920805
0.215834
-0.662015
-0.839093
0.929339
0.919466
0.579866
-0.435536
-0.812302
0.370528
-0.145194
-0.761726
-0.00206935
-0.90724
0.826516
-0.47925
0.3272
-0.374497
0.0506204
0.0978597
-0.594702
0.972654
0.55527
0.868036
0.742496
0.133618
0.749985
-0.916459
-0.648021
-0.921463
-0.333885
-0.205749
-0.428329
0.653941
-0.304034
-0.435969
0.0832729
-0.683854
0.619801
-0.817838
1.0021
0.490893
-0.645705
-0.935896
0.678033
0.417511
0.430933
0.453371
-0.911798
-0.285113
-0.721421
0.749757
0.19244
-0.385548
-0.866547
-0.333722
-0.2651
0.516909
0.301357
0.742605
-0.121716
-0.744128
0.475109
0.507028
0.0951009
0.488616
-0.0890814
-0.0287501
-0.248702
-1.00071
-0.775012
-0.854148
0.34479
-0.315851
0.0890561
0.796171
-0.530529
-0.145219
0.477716
-0.583007
-0.794108
-0.327351
-0.5118
0.99655
0.659766
0.285301
0.740757
0.522718
-0.625049
0.79038
0.0496673
0.570993
0.656668
-0.514667
-0.83168
-0.50175
-0.0785755
0.650368
0.57403
-1.04735
0.0127498
-0.201387
-0.569006
-0.682579
-0.177692
0.90985
-0.34816
0.093556
0.410414
-0.224539
0.944219
0.755893
-0.632476
-0.0959669
-0.460564
-0.469003
-0.864246
0.25773
-0.0337348
-0.857116
-0.298378
0.820084
-0.552724
-0.59628
0.134421
0.966446
-0.502851
0.390047
0.452265
-0.526037
0.437631
-0.274754
0.258247
0.1959
-0.0297762
-0.793665
0.627744
-0.47176
-0.648787
-0.79919
0.284578
0.306598
-0.919591
0.096478
-0.442873
0.35748
-0.546706
0.468004
-0.134737
0.824197
-0.741563
-0.233069
-0.533251
1.00527
0.685936
-0.448125
0.398799
0.595245
0.0342566
-0.00692073
-0.503717
-0.585226
0.94368
0.74742
0.163791
-0.343728
-0.181063
0.549201
0.766086
0.621451
0.330208
0.028546
-0.948843
-0.581142
0.746364
-0.0220932
-1.05619
-0.677056
0.323481
-0.917876
-0.464298
0.285205
0.444691
0.260949
-0.490812
0.438752
-0.458891
-0.145433
0.599808
0.343292
0.626818
0.165762
-0.0249589
-0.818495
-0.179395
-0.324742
-0.255235
1.02269
-0.138967
0.788959
0.206018
0.463995
-0.103336
0.0539397
-0.124118
-0.563098
0.404318
-0.480036
-0.721676
0.447004
-0.374134
1.04818
0.828771
0.615165
-0.413028
-0.775935
0.92927
-0.0687074
0.919291
0.703942
0.347555
-0.583392
-0.245599
0.512386
-0.536858
-0.606829
0.153635
