-0.241262
0.953488
0.434426
0.271629
-0.840497
-0.690625
-0.925176
0.802626
0.230633
0.385241
-1.10716
0.943767
0.789168
-0.627839
-0.703791
-0.676575
-0.474157
0.1706
-0.133342
-0.467353
0.224284
-0.776151
-0.45163
-0.188662
-0.0788946
0.627511
-0.543759
0.0645216
0.187879
-1.05464
0.289853
-0.717017
-0.953547
0.9942
0.930763
0.637264
-0.388179
-0.838762
0.412049
-0.138851
-0.759253
-0.0247783
-0.950774
0.935662
-0.484475
0.383809
-0.361979
-0.0399894
0.15048
-0.695149
0.918381
0.55975
0.835801
0.763486
0.28708
0.978603
-0.855781
-0.6903
-1.02039
-0.391849
-0.162675
-0.516355
0.806826
-0.307106
-0.441312
0.178653
-0.720706
0.679868
-0.96683
0.982825
0.663246
-0.614409
-1.08747
0.659254
0.484858
0.524766
0.587501
-0.953498
-0.365134
-0.794324
0.665397
0.298069
-0.393281
-0.971509
-0.343022
-0.316489
0.490568
0.322331
0.817205
-0.050168
-0.865388
0.483145
0.554847
0.118932
0.536809
-0.0467229
0.0944384
-0.148166
-0.974848
-0.776374
-0.946461
0.336092
-0.352159
-0.0638197
0.920031
-0.496581
-0.2253
0.617034
-0.680018
-0.982206
-0.499652
-0.707487
0.975321
0.733722
0.254471
0.828108
0.591247
-0.638737
0.942135
0.0172916
0.676205
0.846898
-0.343601
-0.81158
-0.594714
-0.0790775
0.74985
0.759129
-1.09616
0.022672
-0.236378
-0.67326
-0.899687
-0.301509
0.999926
-0.413307
0.0340921
0.364482
-0.317403
1.01261
0.955864
-0.41939
0.0192373
-0.367889
-0.39182
-0.975593
0.257696
-0.0375644
-0.942444
-0.546301
0.955465
-0.623805
-0.801641
-0.101802
1.07609
-0.475208
0.467943
0.49036
-0.490762
0.501901
-0.210622
0.259689
0.251463
0.0869906
-0.90463
0.694977
-0.392177
-0.584557
-0.933768
0.163767
0.362151
-1.01073
-0.00170533
-0.529093
0.384804
-0.775258
0.373235
-0.215804
0.938808
-0.712174
-0.396122
-0.796563
0.974489
0.837956
-0.495729
0.358637
0.546515
0.0563786
0.0778857
-0.627899
-0.931785
0.893933
0.82796
0.193409
-0.445164
-0.394702
0.519404
0.803788
0.821075
0.71781
0.281806
-0.946686
-0.745719
0.799504
0.220376
-1.09412
-0.803155
0.355638
-1.01087
-0.767118
0.0949334
0.377986
0.386784
-0.543154
0.473601
-0.616851
-0.298447
0.587243
0.385608
0.742685
0.334906
0.144232
-0.948297
-0.305394
-0.476421
-0.4973
0.933928
-0.201433
0.867992
0.254353
0.707402
-0.00583389
0.247422
-0.118682
-0.640198
0.457729
-0.409861
-1.03148
0.318945
-0.738872
1.02335
0.929811
0.808224
-0.307343
-1.05534
0.85075
-0.0826899
1.01024
1.06048
0.716787
-0.361083
-0.241352
0.649521
-0.3977
-0.662935
0.0400812
0.983548
0.404127
0.112522
-0.833247
0.238246
1.06885
-0.743384
-0.0495982
0.777071
0.401398
0.427169
0.421218
-0.348033
-0.463169
0.73382
0.710414
0.830252
0.819775
0.0954535
-0.0469559
0.615924
0.284871
0.519657
0.688808
0.818555
-0.386529
-0.163148
-0.961689
0.107077
-1.07373
-0.0334145
0.170621
-0.489723
0.135408
-1.02689
-0.99218
0.684596
-0.342362
-0.748161
0.00715099
0.711131
-0.580257
0.247862
-0.808681
-1.00249
0.0434646
0.163582
0.2519
0.528835
1.01839
0.087554
-0.364289
0.645194
-0.434846
-0.0498058
-0.885074
-1.05649
1.00912
0.656514
0.398067
-0.238973
-0.749537
-0.665719
-0.469277
0.0862563
0.371633
0.279799
-0.490017
1.06859
0.469524
0.145775
0.259727
-0.136315
-0.618558
-0.270554
0.586503
-1.04033
-0.739948
-0.93219
-0.961428
0.769038
0.466714
-0.0508592
-0.977022
-0.025314
-0.118052
-0.733278
-0.0685414
-0.174171
0.232019
0.273499
-0.97755
-0.26954
0.297834
0.0905804
0.77585
0.299438
-0.736131
-0.999817
0.22513
-0.908016
0.235805
0.979472
0.223554
-0.143204
0.339965
-0.0838972
0.11681
0.93421
-0.20195
1.0161
0.811767
-0.652133
-0.970498
-0.881845
-0.972581
-0.773611
0.355593
-0.901015
-0.407974
0.695837
-0.975517
0.614026
-0.418418
-0.727571
0.352951
0.204974
0.841125
0.590886
0.522185
-0.552105
-0.636975
0.550282
0.583447
1.10374
-0.196047
-0.262656
0.633913
-0.356889
0.934545
0.839504
-0.138173
0.658035
0.582201
-0.818747
0.934655
-0.00547255
0.774309
-0.383845
0.89691
-0.293059
-1.00747
0.914646
-0.870032
-0.351645
1.05088
1.02799
0.226162
0.392443
-0.086588
-0.487122
-0.351829
0.344131
0.41084
0.60991
0.686469
-0.909253
-0.0753722
-0.891454
0.040853
-0.211892
0.859632
-0.246444
-0.880562
-0.744045
0.616631
0.135918
-0.869869
-0.883174
0.371742
-0.866501
0.762306
0.472668
-0.848924
-0.912006
1.03986
-0.302856
-0.206972
0.735808
0.998366
1.01827
0.550173
-0.301964
-0.921299
0.522778
0.121778
-0.158449
0.840418
-0.720895
-0.0421411
-1.03021
-0.141712
-0.912663
-0.808587
-0.919361
0.36238
0.540627
0.226458
0.9297
-0.378236
-0.491858
0.738524
-0.674763
0.940036
-1.10454
0.923936
-0.875962
0.896981
0.058681
1.04265
-0.922113
0.0427495
0.979455
0.0817518
0.250132
0.46485
-0.145546
0.283225
0.209212
0.888888
-0.90157
-0.569331
0.906425
0.859737
-0.0635073
0.20709
-0.51634
-0.714716
-0.162727
-0.282433
0.119249
-0.948806
1.06237
1.04236
0.418638
-0.0559888
-0.504049
0.747127
0.361305
-0.639524
0.884203
0.764698
0.936079
0.450272
0.21929
-0.21815
0.874213
0.819822
-0.886607
-1.0763
-0.264265
0.639342
1.03287
-0.76401
0.160909
-0.271564
0.881215
0.749169
0.767407
-0.104082
-0.209873
-0.549213
-0.894734
0.699698
0.739601
0.975879
1.10405
0.106273
0.615958
1.00156
0.684019
-0.568003
-0.130241
-0.822539
1.02629
0.243026
-0.529327
0.362675
0.28174
-0.278153
-0.770693
0.284882
0.0511926
0.528601
0.0829522
0.779387
0.121054
0.0620823
0.7054
-0.288437
-0.885812
-0.974997
0.583285
0.182195
0.491976
-0.544411
-0.779542
-1.08492
-0.217572
0.186793
-0.131265
-0.06683
0.856222
-0.383637
0.0698867
0.655157
-0.229891
0.152092
0.814089
0.973579
-0.677684
0.876622
0.0589823
-0.526617
-0.133209
1.02271
-0.0164189
-0.310484
0.33152
-0.492212
-0.927116
-0.793339
-0.863744
-0.815295
-0.720721
0.367016
-0.740703
-0.257967
0.86224
-0.187267
0.353144
-0.81408
-0.638024
-0.99427
-0.656956
-0.491926
-0.773954
-0.785977
-0.890686
-0.154027
-0.557487
-0.326129
0.0443585
0.429893
-1.0794
0.641125
0.234848
-0.827992
0.859931
0.900304
-1.03128
-0.535582
0.617272
0.490961
-0.624427
-0.561428
-0.265702
0.00241072
0.177398
-0.242399
-0.011558
0.50978
-0.943034
-0.413557
0.505237
0.915083
0.0940668
0.0320752
-0.933459
-0.1379
-0.00716488
-0.511434
-0.504739
-0.336529
-0.975421
-0.406437
-0.661019
-0.386848
-0.793557
0.861412
0.359159
0.428638
0.605637
-0.0494681
-0.843663
0.017131
0.195341
0.53717
-0.175638
-0.81002
-0.477344
-0.355552
0.345886
0.152528
-0.299701
1.15711
0.236386
-0.56799
-0.86852
-0.659029
-0.437373
-0.671526
-0.504797
-0.48979
-0.621891
0.903521
-0.854111
0.0299359
-0.217835
0.994071
-0.916379
-0.160739
0.992205
0.799125
0.654069
-0.521557
-0.639523
0.431836
0.919664
0.0246813
0.145614
-0.506294
0.652799
-0.575581
-0.438676
-0.126263
-0.077707
-0.536332
-0.795297
0.165842
-0.537645
0.160532
-0.751406
0.000377709
0.116777
-0.885326
-0.315031
-0.72492
-1.00933
1.03949
-0.387667
0.691591
-0.562523
0.434424
0.626592
0.186149
-0.0438571
-0.231105
-0.325813
0.991063
0.680472
1.0866
-0.808797
0.548869
0.847785
-0.712243
-1.00178
0.490117
0.161702
0.729762
-0.757017
0.598474
-0.7024
-0.713802
-0.720905
0.718414
0.39949
-0.0135514
-0.330059
0.758924
-0.272583
0.685977
-0.115871
-0.365047
-0.0781867
-0.384469
0.566163
-0.00822976
-0.675998
0.820864
-0.214585
0.117897
0.821423
0.260024
-0.805582
0.847156
0.160128
-0.420659
-0.790415
0.616488
0.371996
0.0834075
0.760171
0.59191
-0.834245
-0.309683
-0.547927
0.603112
-0.927807
0.138667
0.591352
0.829343
-0.391406
0.660978
-0.905154
0.689343
-0.823408
-0.242245
0.570233
-0.692782
-0.532011
0.462051
0.543012
0.244516
0.428003
0.0343552
-0.560928
-0.405405
-0.675947
0.944451
0.120985
-0.192384
-0.112431
0.930809
-0.689142
0.257266
0.0663431
0.207646
-0.964275
0.887165
0.869022
0.126971
0.481796
0.96541
0.442595
-0.802328
0.115845
0.198988
-0.195754
0.537338
0.98422
0.857998
-0.185273
-0.891414
1.05073
0.765232
-0.773241
0.85758
0.785804
0.0613207
0.209413
-0.277356
-1.0351
-0.279752
0.725051
-1.01965
-0.438959
-0.190092
0.0241651
0.915086
-0.368013
-0.334855
0.49454
-9.14755e-05
-0.539785
-0.0910984
-0.689681
-0.637427
0.033267
-0.195711
0.928719
-0.320924
0.148358
0.255813
-1.01935
0.307965
-0.651142
0.968162
-0.782273
-0.155423
-0.978624
1.039
0.056511
0.28745
-0.950065
0.597727
-0.513294
0.820911
-0.628546
-0.532194
-0.966023
-0.0739072
0.108127
-0.912862
0.514523
-0.187053
0.0916066
-0.138632
-0.178468
0.1585
-0.777324
-0.62765
0.861734
1.01919
-0.188936
-0.460032
0.462052
-0.234197
-1.085
-0.763613
0.506674
0.337797
-0.944753
-0.610404
-0.609891
0.359174
-1.11641
-0.786208
0.55392
-0.689216
0.296317
-0.671701
-0.956704
-0.527194
0.51174
0.814611
0.771945
-0.298873
0.326499
-0.53273
-0.567871
0.816676
-1.01353
-0.887683
-0.57382
-0.922219
-0.564768
0.137868
-0.2168
0.782432
0.662228
-0.336619
-0.508989
-0.290365
0.267251
-0.49178
0.222208
-0.208571
0.0703567
-0.116787
-0.405975
1.08244
0.595321
-0.801064
0.793747
-0.0155835
0.826717
0.711055
-0.145385
-1.0227
-0.491285
0.0543904
0.362595
-0.480244
-0.852017
0.645443
1.08269
0.00229605
-0.636779
-0.500553
-0.950204
0.877464
-0.922098
0.178652
-0.481466
0.11631
0.401235
0.710663
-0.595565
-1.1227
-0.763234
0.804631
0.779676
0.170141
0.207865
0.41252
-0.724701
0.871138
-0.159977
-0.25316
0.0389004
-1.01587
-0.636371
0.477601
-0.802496
0.230377
-0.549257
-0.180421
-0.399468
-0.336287
0.405103
-0.492973
0.209397
0.00867963
0.272805
1.0289
0.426801
-0.597603
-0.988689
-0.498562
0.183233
-0.931679
0.0337371
0.263258
-0.315134
0.589573
-0.825733
-0.919552
0.511797
0.0262167
0.409201
-0.0793888
-0.617905
0.647953
0.707708
0.394782
-0.479324
0.0820812
-0.229896
-0.84849
0.972616
-0.751724
0.9083
-0.159543
