0
-0.00563944
0.174769
0.140842
0.168736
0.123435
0.249352
0.750948
0.0874724
0.645472
1.60435
0.952195
0.697754
1.10259
1.07767
0.505391
0.54546
0.383861
1.1621
0.939089
0.724566
1.00381
1.18941
0.72734
1.41846
0.863748
1.63998
1.50096
1.43558
2.82518
2.6411
2.25591
2.38546
3.53369
5.1708
4.27405
6.57837
8.08862
9.53869
12.2826
15.8653
19.3776
11.7693
-20.7043
-57.6598
-26.9933
53.0433
-17.8753
-29.6544
63.9718
-109.877
-58.4121
36.7991
-2.49249
-6.34254
-10.5668
-8.04666
-9.2075
-6.62265
-7.61314
-6.0381
-3.75523
-3.88148
-2.22124
-3.57594
-2.92183
-2.24902
-3.49424
-1.87971
-2.19208
-0.527822
-1.08836
-0.441576
0.0774881
-0.0936093
0.687771
1.825
1.72383
2.34672
2.92924
0.87387
-0.528768
-2.21634
-6.85329
-12.4025
-12.616
-3.04913
10.9191
9.7273
-9.05699
-17.4439
-0.917448
1.59441
-17.3651
-7.89818
-3.60511
-20.6413
-5.94768
-19.5983
-0.487145
-6.96402
50.1362
53.2963
-2.98575
-23.1362
-15.7739
-3.80392
2.67099
5.56018
4.33979
2.30197
2.02268
2.00197
3.01079
3.811
3.93788
2.81998
0.882788
0.572208
0.377645
-0.179599
-1.26121
-1.96769
-2.43802
-2.8561
-2.32493
-0.373855
-0.226931
-1.85797
-5.5704
-7.35893
-3.86939
0.0578968
-0.771656
-4.78739
-3.9133
3.14584
0.5007
-6.48905
1.56713
3.62111
-6.19451
5.09247
2.905
-7.72899
6.81729
-9.1686
6.44296
-8.57629
7.58169
-19.3236
15.5102
-37.4563
0.356335
50.6685
-8.90274
-31.0696
2.22074
15.4068
-2.00581
-7.47254
-0.621686
0.33536
-1.68346
-2.36961
-1.82532
0.116482
0.249447
1.26871
-0.86806
-2.5528
-5.38298
-3.41024
1.64924
2.67725
0.379717
-7.6562
-4.99043
1.28787
0.82675
-3.37459
-4.55948
3.26307
1.08073
-8.53041
4.43801
3.76276
-8.03166
5.34517
5.31363
-6.69391
7.00078
-3.90544
0.287875
4.01378
-15.1064
5.45226
-14.1361
6.58366
-15.8192
14.9493
-11.0237
9.30798
27.2979
-24.8701
-12.1033
8.47546
5.4305
-5.40599
-1.36678
1.26159
-3.885
-3.08137
0.705703
2.23196
3.23925
3.01512
-2.13131
-3.77269
0.483876
2.59205
3.93704
-3.07273
-2.60111
3.32008
3.54186
-4.49485
-0.42862
5.49014
-1.89009
-5.42275
6.19386
0.921909
-7.93449
7.27185
-1.61401
-7.12749
8.94845
-8.2315
3.33695
1.50847
-9.66145
10.7838
-10.8814
7.7258
-6.34116
4.19918
-3.74481
5.70692
-5.91996
9.34491
-18.7422
22.6494
-23.4765
1.39682
24.8634
-11.409
-18.082
7.8334
13.1023
-9.28427
-3.50366
6.16948
0.0340715
-5.47514
0.481023
5.65999
-1.62186
-4.08626
2.91114
0.784074
-1.74372
-2.43407
2.61947
1.55279
-3.9636
0.904342
2.82873
-4.031
-0.605338
3.43118
-2.93206
-0.418341
2.68294
-4.97631
2.11441
0.795886
-3.00288
2.90804
-4.62064
1.97339
-0.859893
0.00671559
0.47311
-1.50506
3.24746
-4.44383
6.01155
-8.56966
8.2567
-10.5634
8.86986
-4.11901
-8.98366
27.0695
-34.1057
16.2988
8.96943
-22.0436
19.0436
-10.7385
3.99117
2.00691
-5.94238
6.01349
-4.99488
3.27621
-2.78769
0.67917
-0.228216
-1.197
1.20078
-2.05459
1.32365
-1.7297
0.668837
-0.387686
-0.650425
-0.00337043
-0.410113
-0.77439
1.21041
-1.62868
1.28675
-1.30484
1.09062
-1.65808
1.14555
-1.74599
0.0986976
-0.610391
0.0673075
0.429948
-0.327237
0.190398
-1.35012
0.206272
-1.53563
0.977205
0.354211
-1.43995
3.01518
-4.14729
3.79719
-2.13241
-2.82162
2.56673
2.15979
-2.61695
-1.1525
2.47596
-2.57204
1.68694
-1.60417
-0.769806
2.08206
-2.85691
1.83149
-1.57591
1.1873
-1.87673
1.25076
-0.754286
-1.16503
1.49569
-1.23282
-1.17287
1.59025
-1.26548
0.56385
1.10835
-2.51926
2.8257
-2.54882
-1.04396
2.33572
-3.38516
2.19212
0.965753
-3.08888
3.62156
-4.59337
2.57945
-1.02139
0.956433
-0.603595
-1.59525
1.09646
0.997383
-1.00436
0.766683
-2.72966
2.59955
-1.38118
-1.68898
1.49181
-0.317471
0.50333
-1.45826
-0.413638
1.18258
-0.365303
-1.49843
1.49998
-1.1923
-0.808053
1.65814
-0.443705
-0.963886
-0.345564
2.41379
-2.24854
-1.82799
3.39723
-3.63399
-0.263301
5.26662
-4.64303
2.12312
2.1843
-6.27004
2.57579
-0.670682
0.0987853
2.51214
-2.15526
-0.141879
-2.64103
2.40015
0.530874
-0.0924534
-2.2868
-1.0808
4.082
-0.566519
-2.46585
-0.541167
2.56793
1.44335
-3.38752
-0.630231
2.34538
2.28704
-5.27767
0.893087
5.16327
-0.606444
-4.17428
1.02984
3.73692
-2.99831
-4.15534
4.20507
1.71915
-4.60735
-0.121297
2.65346
-2.53792
-0.72722
1.00136
-2.43995
0.0731762
0.239574
0.853624
2.65954
-3.39551
-3.03844
-0.799618
-0.660726
4.3523
1.93416
-1.17949
-2.26396
-3.01634
3.77815
2.72523
-0.220199
-5.46469
-1.80928
2.23713
0.867523
-1.97937
-1.49852
2.42391
1.44133
0.00832382
-1.46288
1.20023
-0.225012
-1.5587
-0.536808
-0.775395
-0.382305
-1.20791
0.896946
-0.633905
-0.561487
1.00767
0.87368
-0.485477
-0.470362
-0.365929
-0.939762
-0.176757
0.663486
-0.495654
-0.00360608
-0.527137
-0.89547
-0.0751945
0.10732
0.340528
0.252232
-0.887137
0.0722522
0.0556064
-0.113757
-0.727168
-1.99777
-0.111631
1.87883
0.267346
0.25213
-1.42978
0.372897
-0.810129
0.00783256
-0.372744
-0.154204
-0.117503
-0.719927
-0.0792022
-0.65481
0.63813
-0.457603
0.608456
-0.135785
0.908986
-1.17738
0.105802
-0.244468
-0.729059
0.0160708
-0.895691
0.740279
-1.30468
0.898365
0.182765
-1.21842
0.0147492
-0.15734
-0.474706
-0.0140366
-0.354674
0.190815
-0.0660655
-0.679732
-0.26445
-0.0328743
-0.180176
0.513542
0.0168323
-0.456099
0.571645
-0.259521
-0.135582
0.275063
-0.624242
0.237417
-0.292187
-0.164101
0.0639208
-0.101611
0.219159
-0.0179038
0.126648
-0.196657
-0.277766
-0.23754
-0.13924
-0.600356
-0.128456
0.350018
0.348626
0.332421
0.269201
0.228025
-0.241469
-0.418467
-0.353613
-0.201324
0.322227
0.159361
-0.0903428
-0.0576217
-0.474732
-0.168141
0.0807011
-0.0290013
0.296452
-0.23569
-0.61017
-0.075586
0.426094
-0.323931
-0.727889
-0.232633
0.0234662
0.153671
-0.23529
-0.300582
0.11662
-0.100174
0.138838
-0.192748
-0.314623
0.16429
-0.390277
-0.177535
0.0423024
0.0318652
-0.323119
-0.310748
0.170383
-0.246224
-0.722503
-0.226548
0.312357
-0.559384
-0.211283
0.154898
0.0193939
-0.0648528
-0.0352487
-0.00126163
-0.637521
-0.226733
0.389116
0.198981
-0.117388
-0.0619688
-0.334356
-0.205781
0.0750549
0.295663
-0.360753
-0.24984
-0.593311
0.277476
0.41606
-0.575915
-0.180172
-0.0513136
-0.0178066
-0.194591
-0.613425
-0.0266678
0.254608
-0.15352
-0.330336
-0.0710563
-0.151041
0.231784
-0.62253
0.135194
0.051156
-0.407095
-0.0746056
0.192776
-0.0756591
-0.628143
0.00894485
0.423401
0.10536
-0.405781
-0.0995257
-0.187689
0.214882
0.571313
-0.141694
-0.827155
-0.448312
0.189743
-0.196907
-0.00614212
-0.0689898
-0.640449
-0.622497
0.609594
0.247891
0.108054
-0.737728
-0.586655
0.315771
0.342763
-0.913218
-0.172423
0.689867
-0.363621
0.199519
-0.62115
-0.500943
0.540803
-0.149867
-0.464246
-0.174376
-0.0551919
0.182038
-0.307913
0.297734
0.314096
-0.625219
-0.458759
-0.138748
0.527404
-0.887401
-0.360708
0.704602
-0.241816
-0.298605
-0.492785
0.0086303
-0.5399
0.321345
0.0534239
0.00619951
-0.850198
-0.202078
-0.519909
-0.880615
0.212566
-0.173001
0.0876289
-0.373084
0.627531
0.376008
-0.208412
-0.615995
-0.374545
0.890968
0.377001
-1.21424
0.293071
0.440723
-0.786905
-0.143678
-0.111519
0.283992
0.531031
-0.210898
0.333761
0.506957
-0.795802
-2.1305
0.0125167
1.52492
0.520724
-1.35742
0.825658
0.519412
-0.643012
-1.77825
0.141442
1.46574
-1.02296
1.3575
0.559052
-0.403181
-1.51877
0.498376
-0.336963
-2.26336
2.00852
-0.963487
0.963201
-0.470831
-0.327726
-0.0090366
0.0679435
-0.652578
-0.814086
0.407115
-0.36932
0.115023
-0.253569
-1.15378
1.51432
-1.92775
1.90228
-0.552677
0.10365
-0.254649
0.665309
-2.35346
2.02205
-1.24897
-0.373566
1.50435
-1.34139
1.49295
1.02432
-1.12424
-0.371266
0.885518
-0.914169
1.02735
-0.817253
0.542859
-0.0794877
-0.272096
0.313925
-0.490785
0.913833
-0.695014
0.277833
-0.77722
0.124293
-0.109921
-0.307245
0.720708
-0.257332
0.194079
-0.480868
0.45895
-0.521465
-0.0352681
0.197591
-0.270621
0.291822
0.393821
-0.839018
0.380549
-0.161011
-0.592255
0.0653084
0.0624296
-0.216929
0.359413
-0.462438
0.230689
-0.0428917
-0.370047
0.0795858
-0.16217
0.376821
-0.794235
0.159728
0.30162
-0.500838
-0.218335
0.518331
-0.513015
0.876213
-0.33307
-0.338226
-0.0135436
-0.0242789
0.165949
-0.334586
0.0879628
-0.236849
-0.366976
-0.0653743
-0.298097
0.787739
-0.715633
-0.12946
0.501087
-0.580954
0.260388
-0.505936
0.356159
-0.386
0.000219792
-0.559486
0.437288
-0.000683236
0.344479
-0.675382
-0.0811999
0.271236
-0.29966
-0.172965
0.0053402
0.258224
0.0514058
-0.253508
0.19276
-0.180144
0.159414
-0.87337
0.51111
-0.384718
0.36478
-0.297657
-0.117182
0.0823662
-0.419414
-0.445646
0.41477
-0.298205
-0.235597
0.687552
-0.351673
-0.377644
-0.124691
0.501884
-0.842252
0.249728
0.196671
-0.22118
-0.353285
0.394766
0.0269508
-0.262847
0.244851
0.069842
0.214376
-0.429746
-0.0921408
-0.11751
0.138365
-0.136118
-0.133826
0.107232
-0.16289
0.0347258
-0.611602
0.56774
-0.195329
0.270661
-0.324132
0.524556
-0.143474
0.08855
-1.13009
0.210746
-0.825619
0.265438
-0.143384
0.18383
0.0352094
-0.393776
0.146687
-0.368442
0.0455863
-0.0971004
-0.00628572
0.150853
-0.140536
-0.138904
0.0460939
0.0133673
-0.0998875
-0.0293074
-0.0330538
-0.0831509
-0.0435037
-0.0339024
-0.0928455
-0.0515444
-0.036209
-0.0567447
-0.0543331
-0.0599205
-0.0472435
-0.063883
-0.0555704
-0.0561133
-0.0511159
-0.0448424
-0.0594755
-0.0591163
-0.0544877
-0.0492617
-0.0531666
-0.0554152
-0.0508695
-0.0582081
-0.0456737
-0.056397
-0.0549213
-0.0491858
-0.0514815
-0.0554007
-0.0531763
-0.0535897
-0.0522482
-0.0532644
-0.0522981
-0.0525977
-0.0518655
-0.0522845
-0.0522507
-0.0513127
-0.0481888
-0.0539875
-0.0519238
-0.0529614
-0.0499516
-0.0474633
-0.0543108
-0.060086
-0.0541266
-0.0608103
-0.0561843
-0.0406551
-0.0541205
-0.0644665
-0.0549625
-0.0572732
-0.0406075
-0.0546545
-0.0485972
-0.0317533
-0.051382
-0.0507498
-0.0392663
-0.0809153
-0.0494999
-0.0600329
-0.0456491
-0.0509494
-0.0616162
-0.0441992
-0.038435
-0.0447441
-0.0502827
-0.0379197
-0.0626802
-0.0474141
-0.0629873
-0.0716706
-0.0420704
-0.0393675
-0.0485637
-0.0522478
-0.044046
-0.0821597
-0.0339314
0.0343554
-0.0558003
-0.0544525
-0.0361241
-0.0363073
-0.0707741
-0.0298764
-0.0769743
0.00107958
-0.047981
-0.0417404
-0.0363939
-0.0296804
-0.0508772
-0.0403547
-0.0391989
-0.0576891
-0.043581
-0.127659
-0.0153174
-0.175433
-0.0448603
-0.0510639
0.00986962
-0.0171657
-0.0583278
-0.0380512
-0.0451618
-0.0789072
-0.00729708
-0.0252104
-0.0599354
-0.0262567
-0.0610657
-0.0451389
-0.0688796
-0.0376841
-0.012452
-0.037027
-0.061806
-0.0195861
-0.0499119
-0.0685122
-0.0374954
-0.0495875
-0.106326
-0.0736223
-0.0565131
-0.0764392
-0.11515
-0.00534607
-0.0314947
-0.0454483
-0.0410278
-0.0553763
-0.0622664
-0.101163
0.0480137
-0.0762216
-0.126589
-0.00661299
-0.0269705
-0.0530541
-0.060489
-0.11061
0.0445085
-0.0670839
-0.0227402
-0.132714
-0.00255984
-0.0098452
-0.0405528
0.0662203
-0.0448259
-0.0429441
-0.0292052
-0.0461578
-0.0468408
0.0812472
-0.0217296
0.0447114
-0.0151063
-0.0414283
-0.0370849
-0.00743573
0.0154211
0.113053
-0.153619
-0.0271172
-0.0508987
-0.0502702
-0.0304558
-0.0393701
-0.0433475
-0.0398925
-0.017372
-0.0441669
-0.0419937
-0.0274592
-0.158415
-0.638087
-0.108419
-0.0521029
-0.0434587
-0.0296291
-0.11563
-0.0446493
-0.0432442
-0.0733963
-0.00531157
-0.0552178
-0.0378133
-0.0730075
-0.0760791
-0.109057
-0.0918093
-0.0366687
-0.020166
-0.0687492
-0.0815358
-0.0865221
-0.0402071
-0.254392
-0.0492964
-0.0379258
0.0386761
-0.0423599
-0.0396606
-0.0650342
-0.181383
-0.0400062
0.0191707
-0.041545
-0.0969134
-0.0517717
0.0158093
-0.0431885
0.0825714
-0.0352852
-0.0395373
0.0682542
0.0493552
0.0304838
0.0140686
-0.0372634
-0.0110255
-0.0147018
-0.0302363
-0.0396213
-0.0202666
-0.0491152
-0.0541881
-0.0649167
0.0211581
-0.0320326
-0.0946282
-0.100339
-0.0350562
-0.0340897
-0.0059271
-0.0168546
-0.10843
0.0116043
-0.0236337
-0.00264003
-0.00800112
0.020257
-0.040096
-0.0421826
-0.0370987
-0.0269105
-0.0582519
-0.00975475
0.0235672
-0.0392813
-0.0516934
-0.00238779
0.0836158
-0.0786737
0.0646951
0.142741
-0.193002
-0.519558
-0.203295
0.102197
-0.0777794
-0.0508801
0.048738
-0.0508499
-0.0961278
-0.0914449
-0.0805306
-0.0491166
0.00402426
0.0468291
-0.0550692
-0.160657
-0.26909
0.159956
0.355439
-0.235445
0.0242656
-0.163203
0.122804
0.0938258
-0.00133983
-0.0693285
-0.00493323
0.0645714
0.0115491
-0.081229
-0.0196156
-0.078605
0.0327293
0.0597269
0.180757
-0.211257
0.238938
-0.144258
-0.0432098
0.0805893
0.116569
0.127007
0.0403859
-0.0567279
-0.0383886
0.0329967
-0.0200618
-0.0895788
0.0114006
0.10029
-0.0712361
-0.864465
-0.324205
0.105568
-0.156119
-0.0878573
-0.062572
-0.101656
-0.0401001
0.104615
-0.040159
0.0304379
-0.0211604
-0.0542324
-0.11038
-0.0839398
-0.110259
0.0289382
0.0947988
0.0470776
0.0653248
0.110448
-0.0106648
-0.230875
0.289063
0.016314
-0.0490984
-0.0434713
-0.0374497
-0.0250332
-0.0166155
0.0189243
0.0873804
0.0862635
0.153105
-0.782015
-1.13762
-0.983444
0.281412
-0.341625
-0.165041
0.0698669
-0.124907
-0.123908
-0.0452408
-0.0286412
-0.0763707
-0.160859
-0.00383085
0.125723
0.00190517
-0.0629971
-0.0317332
-0.0424362
-0.0451561
-0.0101398
-0.0423384
-0.0455443
0.189633
-0.0119532
0.00727002
-0.0206788
-0.0391149
0.0772803
0.107149
0.105601
0.288816
-1.03408
-0.337617
-1.88232
-0.0688723
-0.173691
-0.144075
-0.132909
-0.0289689
0.0350966
-0.0571474
-0.0224017
-0.0216632
-0.0226574
-0.136432
-0.117949
-0.191817
-0.0101459
-0.110534
-0.367868
0.894447
-0.444597
0.0216699
0.0404784
0.0178393
0.0128022
-0.0342573
-0.0391816
-0.063517
-0.0662758
-0.0934434
-0.133918
-0.0188667
0.0270166
-0.0109424
-0.209547
0.0956168
-0.685586
-0.186353
0.241263
-0.0277601
-0.0745925
-0.0141075
-0.0733938
0.005298
-0.162204
-0.0135821
0.020528
0.0490784
0.0593683
0.0707367
0.076782
-0.279043
0.274446
0.447884
0.123723
-0.0443659
-0.0748405
0.0342247
-0.116877
0.0474854
0.0343681
-0.0425111
-0.115402
-0.195123
-0.150404
0.0454615
0.154387
-0.119997
0.0859991
-0.351747
-0.01647
-0.322
-0.203237
-0.0520906
0.0654306
0.0202856
-0.0653492
-0.104948
-0.118437
-0.0653792
-0.109633
-0.0680178
0.0240248
-0.0468226
-0.104389
0.0920677
-0.0989452
-0.640561
-0.354381
0.0472983
0.01694
-0.0746135
-0.0298452
-0.0381489
0.0327204
-0.036694
-0.0582166
0.0476737
-0.0327332
0.00677983
-0.0219299
-0.042049
0.225071
0.0165813
0.0214042
-0.0616025
-0.00022634
0.00419669
-0.0336067
0.000485858
0.0232191
0.139833
-0.00961808
-0.0686308
-0.09991
-0.141741
-0.0330922
-0.0203389
0.00332512
-0.0775653
-0.0823671
-0.0176413
-0.00647803
0.0284293
-0.00264382
0.0354289
-0.0554091
-0.0205505
-0.0486445
0.0135641
0.0370464
-0.0218981
-0.0347437
0.0515804
-0.0273751
-0.09509
0.0179635
0.0672492
-0.000417128
-0.107703
-0.117243
-0.065762
-0.0736549
-0.0120273
-0.09299
0.0646682
-0.0494929
0.0194337
-0.0557783
-0.0656988
0.000330471
-0.00518579
-0.0411971
-0.0475816
-0.015319
-0.0144046
-0.0162611
-0.0741934
-0.0701033
-0.017027
-0.061935
0.0120857
-0.0246285
-0.0722007
-0.0349385
-0.0428575
-0.0895017
-0.0714429
-0.0170016
-0.0422746
0.0146587
0.0106403
-0.0121686
-0.0420226
0.0155699
-0.0151612
-0.0130193
-0.0338136
-0.0781935
0.0073752
0.0015078
-0.0627529
-0.0338605
-0.0543079
-0.0494804
-0.0274183
-0.0403579
-0.0758531
-0.0146548
-0.0802361
-0.128643
-0.362164
-0.127941
0.0103819
-0.0979321
0.0227875
0.0105749
-0.0381397
0.0209524
-0.0114899
-0.108495
0.234382
0.0557323
-0.0757318
-0.00616499
-0.038617
-0.0914834
-0.00372523
-0.0103484
0.0241827
-0.00597628
-0.138214
0.121591
-0.168587
-0.118361
0.0492868
-0.0435295
-0.0135885
-0.0280143
-0.0438159
-0.0948287
-0.094832
-0.220196
0.0431399
-0.00299511
-0.050355
-0.113971
-0.0476267
-0.0230642
0.0223472
0.00750654
-0.164747
-0.0689041
-0.0628533
-0.202868
-0.17205
-0.0145758
-0.00756963
-0.0146491
-0.0148731
-0.0835593
-0.148989
-1.09563
-0.274959
0.165453
0.0607009
0.0635148
-0.0166467
-0.00251479
0.0502854
-0.0726409
-0.0676452
-0.0155557
-0.0596269
0.0271929
-0.0447862
-0.0337819
-0.0145839
-0.0633698
-0.0878104
-0.176232
0.214442
1.03231
0.10178
0.0523902
-0.00551152
-0.00708266
-0.015727
-0.0287583
0.142093
0.16891
0.0278299
0.0498435
0.137159
-0.0380872
-0.0410783
0.00991712
-0.00693196
0.0583226
0.0388393
-0.0288201
-0.074921
0.187721
0.0784062
0.0445129
0.00958525
0.00166201
-0.0217508
0.0149403
-0.0827727
0.0892252
0.114267
-0.175891
0.108792
-0.0312642
-0.0446807
0.00586066
-0.0632457
0.0548998
-0.0023794
-0.00712752
0.0561359
0.0188076
-0.278274
0.0925025
-0.0944393
-0.0187551
0.0344205
-0.00771215
-0.0223547
-0.043232
-0.0951049
0.0780251
0.317775
0.106463
0.0467722
0.0233283
0.0169499
-0.000761455
-0.0330972
0.0154576
0.0248124
0.0616289
0.0783521
-0.0137827
-0.00694907
0.00374731
0.0227973
0.0443596
-0.0208647
-0.0527276
0.0267369
-0.0343819
0.0222114
-0.01187
-0.0110837
-0.0281899
0.0556038
0.00955667
-0.0293123
0.0363574
0.0376859
0.0254123
-0.0711002
0.186233
-0.060652
-0.0183869
0.0347972
-0.0230554
-0.0376808
-0.0366386
-0.0298369
0.0167736
0.0874645
0.0246129
-0.0136475
-0.0117306
-0.00980425
0.0154231
0.30685
0.308042
-0.0663196
-0.0334307
-0.0105927
-0.0411887
-0.00331558
-0.0188017
-0.00903613
-0.0101952
-0.00022226
-0.00247482
0.00272708
0.0781216
-0.121088
-0.0476984
-0.0300878
0.0131854
-0.0171144
-0.0192093
-0.063534
-0.120905
-0.0299679
-0.0203024
-0.00444507
-0.0320443
-0.0272806
-0.0486121
0.0361965
-0.214986
-0.0511916
-0.0121146
0.00241426
-0.035691
-0.0698236
0.00672753
-0.0948839
0.053652
0.0296235
-0.0133768
-0.0155571
-0.0892428
-0.0361642
0.0910598
-0.145241
-0.0285982
-0.0458396
-0.0308748
-0.0607681
0.0118156
0.0102891
0.0276898
-0.0369494
-0.0437866
0.0492855
0.0362971
-0.021022
-0.0163126
-0.000688352
0.00289032
-0.0253911
0.0198956
-0.0225662
-0.00303446
-0.0137901
0.124107
-0.067354
-0.0160848
0.00980609
0.0233994
-0.00621396
-0.0107182
-0.0454114
-0.0255588
-0.0201179
-0.0228602
0.0455852
0.0205926
-0.014102
0.00135787
0.0112719
-0.013541
-0.189565
0.00714532
-0.0379831
-0.00886053
-0.0191293
0.00401821
-0.0390814
-0.0167278
0.00121046
-0.0270021
-0.0199253
-0.117736
-0.0169783
0.00479526
-0.0111389
0.084395
0.00610965
-0.000935974
0.0033101
-0.0146982
-0.124546
0.02627
-0.0528986
0.0655883
0.0367706
-0.132372
-0.0291018
-0.00577781
-0.0180404
-0.018852
-0.00403311
-0.00617489
0.0109208
0.010038
0.00993653
-0.010065
-0.00573805
0.0121497
-0.0460784
-0.00632776
-0.00844155
-0.0337725
-0.0672921
-0.103261
-0.0250139
0.0284345
0.0206066
0.00874181
0.0149725
-0.0122303
-0.032932
-0.00405295
-0.058048
-0.00571329
0.040424
-0.0160015
0.012417
0.0498697
-0.015955
-0.0107609
-0.018186
0.172313
-0.0066774
-0.0119823
0.0250171
-0.0848215
-0.00864445
0.0171195
-0.0130241
-0.0775114
-0.0197674
0.0016195
0.0101606
-0.0281794
0.0191755
-0.0336165
0.00654915
-0.0163261
0.00555271
0.0118039
-0.00862676
-0.118594
-0.0130581
-0.00831334
-0.0155544
0.00272643
-0.00522115
0.00245055
-0.0169175
-0.00312359
-0.0057853
0.0310415
0.0134219
-0.0269296
-0.0207069
0.00297055
0.0120263
0.00754263
-0.056019
0.0166243
-0.0073551
0.0207461
-0.0127706
-0.0407671
-0.005071
-0.0136181
-0.0103479
-0.00948211
-0.0128638
-0.0151584
-0.00904757
0.0022054
-0.0013185
-0.0129199
-0.00412025
0.00111264
-0.0216006
-0.0024699
0.00149063
0.000967972
0.0173529
0.00765632
0.0268218
0.0242299
-0.00506903
-0.0141655
-0.0200596
0.00126888
0.0155074
-0.0526494
-0.00655231
-0.00274967
-0.000754115
0.0542363
-0.00718492
-0.009142
-0.0054887
0.00150503
0.00271747
-0.00780819
-0.00419918
-0.00226809
0.00169752
0.00146011
0.00671912
-0.0180689
-0.00502256
-0.0055027
-0.00805918
0.0101172
-0.00249092
0.0044112
-0.001708
-0.00565511
-0.00243011
0.00999014
0.00113391
0.00137854
0.00530654
0.00122334
-0.000469425
-0.0334794
-0.00399759
-0.00416292
-0.000661505
0.00296362
-0.00278754
-0.00666797
0.000855376
-0.000335058
0.000815234
-0.00677371
0.00177279
-0.000456959
-0.00340501
0.00269723
-0.00146664
0.000962258
0.00218575
-0.000287088
-0.00239436
0.00404045
-0.00164393
-0.00567868
0.00351365
-0.00292374
0.000960611
0.00148406
0.000566951
0.00360695
0.000293747
-0.000398023
-0.00272428
0.00137166
0.00151459
0.000950265
0.00144155
-0.00036449
0.000437661
0.000623541
-0.000225087
-0.00102458
-0.000293172
0.00116531
0.000996743
0.000847484
0.000521138
0.00128102
0.000888519
0.000505303
0.000421861
0.000144228
0.00190208
0.00174168
0.00154982
0.00109479
0.00166915
0.00102852
0.000967309
0.00100875
0.000579768
0.0036504
0.00192122
0.00219247
0.00228076
0.00174134
0.00115438
0.00175236
0.0035817
0.00147228
0.00210907
0.00323809
0.00393958
0.00350815
0.000431895
0.000964017
0.00181663
0.00779836
0.000370169
0.00644799
0.00370661
-0.00306212
0.000721302
0.00209925
0.00049232
0.0031949
0.0017428
-0.00181588
0.00418584
0.00333801
0.00395449
0.00852577
0.000926117
0.00233593
0.00167838
0.00997888
0.00467616
-0.00266492
0.00529904
0.00503359
0.00290137
0.0389961
0.00226445
-0.00121779
-0.000565713
-0.000134335
-0.00119009
-0.0097229
0.00689664
0.001466
0.00561587
-0.00285541
0.00516594
-0.0114633
-0.00133023
0.00131474
0.00160963
0.0160789
-0.00631993
-0.0020144
0.000301397
0.000922959
0.00756672
0.0116867
0.00212464
-0.00114774
0.00664825
0.0129155
0.00641175
-0.053178
0.00141301
0.00360345
0.00795217
0.0506485
-0.0138398
-0.000188341
0.0308635
0.019991
0.0083974
-0.023315
-0.0377551
-0.00490904
-0.0131268
-0.000731782
0.012359
0.00792575
0.0263913
0.00524028
0.00577767
0.0118154
0.00696383
0.000221568
0.00464459
0.0161021
-0.0057425
0.0128309
0.0158001
0.0184633
0.0099058
0.0456669
0.0119359
-0.0162374
0.0117922
-0.0178786
0.0627863
-0.000893358
-0.0167785
-0.00155928
0.0194255
0.0297607
-0.01153
-0.0307868
0.00793251
0.00496128
0.0154625
0.00501126
0.00819578
-0.000958208
0.0165674
0.00543025
0.0126487
0.133306
0.00911487
-0.0127728
-0.00095743
0.0178114
-0.00328892
0.0324002
-0.0184097
0.0281887
-0.000941146
-0.00132759
0.0185951
0.0794253
0.0147028
-0.0123842
0.00856958
0.0841732
-0.0185126
0.0139904
0.00647071
-0.176087
0.0240406
0.0129455
0.0187865
-0.0519826
-0.00495766
0.0185286
-0.0380236
0.00658535
0.0604803
0.00787778
0.0405984
0.0169945
-0.011598
-0.00951494
-0.0173525
-0.0289726
0.0284489
0.103022
0.0687018
0.0425639
0.00345294
0.00766802
0.0512731
0.0026631
0.00547956
0.0133409
-0.00571652
-0.0438215
-0.00984844
0.00727061
0.0116454
0.0206441
0.0209892
0.00542744
0.028532
0.144718
-0.0340571
-0.0576387
0.0531367
-0.0200945
0.122937
0.0224852
0.00286548
0.0101984
0.013728
-0.0858076
0.00416727
-0.00174311
0.0166214
0.120883
0.021691
0.0247168
-0.00148166
0.023825
0.0347893
-0.00521631
0.0239521
0.0153149
0.0373507
-0.00462848
0.189925
0.0148158
-0.00541233
-0.000853752
0.0157259
-0.011785
-0.0086698
0.0285098
0.0260295
0.0261998
0.0462097
0.018303
0.00103877
-0.0114689
-0.00422871
0.0178187
0.110065
-0.12439
0.0141342
0.00109262
0.0254261
-0.00732406
0.0254412
0.00156105
0.00232056
0.014536
0.0291574
-0.0520579
-0.0480459
0.0438175
0.0411429
-0.0373849
-0.0120334
-0.00994121
0.0585754
0.0315181
0.0462127
0.0375823
0.144811
-0.0851769
0.0359993
0.093394
0.0152579
0.0156928
-0.0227091
-0.0555568
0.0988404
-0.00777313
0.052365
0.0359792
0.00367742
0.0197927
0.0483626
0.224852
-0.0397855
0.0505011
0.0284583
0.0329162
0.0174372
0.0228867
0.0373036
0.123588
0.0543021
0.0154768
0.0227136
-0.0122171
0.0375835
0.0477637
0.0826184
-0.0925898
-0.00371056
0.00321859
0.000650033
0.0127247
0.0164839
0.0187472
0.0142343
0.0313689
0.00982083
0.0318777
0.0673095
-0.323177
-0.321573
-0.0129792
0.0101955
0.0153005
0.00842313
-0.0025089
-0.0891176
-0.0138995
0.0359533
0.0379388
0.0433078
0.0238087
-0.0243605
0.0241678
0.063175
-0.182217
0.0728119
-0.0342123
-0.0287491
-0.0314018
0.0341542
-0.00957747
-0.0668433
0.0322128
0.0142555
0.00111483
-0.0162917
0.030011
-0.0359
0.052546
0.0207285
-0.0414332
-0.0207197
-0.00470747
0.00979807
0.0125801
-0.0870444
-0.0545744
-0.022693
-0.0151705
0.0362278
0.00352179
-0.0170474
-0.0187727
-0.0409115
-0.104738
-0.317115
-0.0828028
0.095686
0.051553
0.0225471
0.00800165
-0.0310408
0.0228269
0.0901192
-0.0911156
0.279592
-0.0212539
-0.0437577
0.0203011
0.0142896
-0.0504336
0.0654427
-0.00805598
0.0442622
0.0265221
-0.102305
0.176942
-0.113066
-0.0872853
0.07846
-0.0133876
0.0308078
0.00396088
-0.0110113
-0.0442701
-0.0796127
-0.181051
0.0751013
0.0308126
-0.0393186
-0.0569932
0.00560218
-0.00595633
0.046985
0.0383803
-0.131315
-0.045599
-0.0223653
-0.172015
-0.150974
0.042737
0.0163111
0.00969416
0.00557412
-0.0538857
-0.0927092
-1.06439
-0.268207
0.191218
0.0903925
0.0679661
0.0163278
0.0387236
0.0705404
-0.0332109
0.056262
0.0189333
0.0652608
0.0651435
-0.0337572
0.00527068
0.018576
-0.0514744
-0.0526255
-0.141888
0.223805
1.09076
0.153327
0.080904
0.0162555
0.0149285
0.00757996
0.0180228
0.158913
0.196001
0.0700277
0.0737315
0.169339
-0.00595556
-0.0136811
0.0234166
0.0474684
0.111047
0.0512411
0.00930095
-0.042553
0.228236
0.0946069
0.0953272
0.0418585
0.0364378
0.0231615
0.0499335
-0.060195
0.125828
0.169825
-0.11517
0.145031
0.0132039
-0.0272158
0.00980001
0.00845981
0.0921937
0.0411183
0.0122818
0.0813403
-0.0559006
-0.233516
0.107942
0.00269831
-0.0129046
0.0343277
-0.00815786
-0.0170618
0.0937575
-0.00614957
0.127355
0.360865
0.123291
0.0849508
0.0195884
0.0550354
0.0419989
0.023346
0.0494699
0.0470121
0.0344933
0.0635777
0.00416272
-0.00514708
0.0790836
0.0367697
0.0136742
0.0133714
-0.0120884
0.0427231
0.0238067
-0.0035739
-0.0132409
0.0417222
0.0192386
0.0676498
0.0902999
0.0424922
0.0375076
0.074192
0.0168857
-0.00533651
0.069979
0.0161013
0.0695108
0.0791905
0.0217849
0.0163575
0.0159314
0.0556375
0.0422296
0.0058911
0.00607188
0.0657209
0.058442
-0.0172588
0.0514334
-0.0641833
0.0973597
0.0137161
0.0767706
0.0679321
0.114056
0.124159
0.00716123
-0.0698978
-0.0179401
0.0888628
0.0429507
-0.0458323
0.0308434
0.0231589
-0.0386766
-0.0094922
0.050137
0.0235996
0.0618329
-0.0289009
0.00174428
-0.0299221
0.00752961
0.0149125
0.083879
0.0768557
-0.00150851
0.0200063
0.0373533
0.143071
0.0950593
0.0651153
0.0137446
-0.163432
-0.0257568
0.00344318
0.0324086
-0.003771
0.00599831
0.0710434
-0.0195356
-0.0185608
-0.203184
0.0452932
0.0273272
-0.0065853
0.0420926
-0.0394301
0.0616241
0.0407808
-0.0319718
0.0417184
0.0317708
0.0780716
-0.0194353
-0.0568603
0.349564
0.645818
0.109242
-0.0896921
0.117318
0.0510143
-0.0226051
0.0707811
0.111246
0.064888
0.121737
0.107262
0.0671387
-0.0238044
-0.0682794
0.0475077
0.206841
0.321571
-0.00301152
0.361644
-0.0767385
0.119875
-0.150913
-0.035243
0.156544
0.201407
0.116341
0.0740175
-0.0283592
-0.0466278
0.119911
-0.0281252
0.0749408
0.0461752
-0.123973
-0.445269
-0.272094
0.283847
-0.0832782
-0.0665794
-0.0546453
-0.0408265
-0.0157885
0.0112887
0.157046
0.00582447
0.072193
0.019303
0.0740185
0.0289216
-0.234636
0.188279
0.694736
-0.0889553
0.210434
0.0294165
-0.0260214
0.0178594
0.135386
0.1038
0.0625003
0.0680752
0.0413635
0.0346566
-0.0121543
-0.0194262
-0.0332861
-0.0168827
0.445811
-0.88501
0.366976
0.108029
0.00944128
0.169845
0.143784
0.129185
0.0182611
0.0206469
0.0267499
0.0562133
-0.0337858
0.0282128
0.147197
0.146062
0.172698
0.068207
1.89121
0.284359
1.02193
-0.315156
-0.108755
-0.106371
-0.0810053
0.0289872
0.026314
-0.00661624
0.0108227
-0.163457
0.0775755
0.0454945
0.00945273
0.0599647
0.0381884
0.0360252
0.0631621
0.0186626
-0.106603
0.00643455
0.142242
0.0762577
0.0289166
0.04831
0.126113
0.13021
-0.0755684
0.164645
0.328828
-0.327697
0.984971
1.07405
0.79338
-0.151456
-0.083774
-0.0823678
-0.0137026
0.0183099
0.03061
0.0357108
0.0496888
0.0538935
-0.0297623
-0.27256
0.224638
0.0246518
-0.0996372
-0.0597651
-0.0481322
-0.0889236
-0.0305227
0.111621
0.0813626
0.111132
0.052752
0.0205586
-0.0262089
0.0388598
-0.104344
0.0246956
0.109937
0.0758474
0.0992711
0.15921
-0.10671
0.327072
0.860209
0.069385
-0.0960579
-0.00999117
0.0883776
0.017985
-0.0269077
0.0326428
0.061596
-0.0354725
-0.126401
-0.108345
-0.0790223
0.0552991
0.143725
-0.237988
0.201889
-0.181116
-0.0613385
-0.0314871
0.0824662
0.00234996
0.0883753
-0.0060339
-0.0638065
-0.000973998
0.064648
-0.000369537
-0.0991538
-0.122314
0.174893
-0.0256753
0.241668
-0.351181
-0.155136
0.276058
0.160395
0.0546032
-0.0467158
0.00918463
0.0515946
0.0837119
0.0966668
0.0966835
0.047406
-0.0440804
0.0562736
0.0776279
-0.0580594
0.20269
0.531947
0.203538
-0.141274
-0.0653057
0.0812078
-0.0667525
0.00336026
0.0506014
0.050192
-0.027077
0.0111467
0.0567286
0.0305396
0.0374768
0.0467323
0.0435713
-0.0144068
0.0117222
-0.0026139
0.0277113
-0.00749589
0.114999
0.0184832
0.00624663
0.0313395
0.035581
0.109072
0.100199
0.0303404
-0.0214791
0.0702878
0.0548541
0.0497876
0.0208548
0.0396216
0.0408167
0.0214903
0.0110153
0.0326165
-0.0151397
-0.0304658
-0.0477813
-0.0664499
0.0400829
0.0317052
-0.0908303
0.0557189
-0.0150598
0.0511847
0.102302
0.0464835
-0.0123639
0.0389819
0.215792
0.0698712
0.0438804
0.0420296
-0.0396038
0.0681606
0.0482461
0.258683
0.0401476
0.0865192
0.0814572
0.0628013
0.0219457
0.0378803
0.0999277
0.105962
0.0785296
0.0723737
0.0388543
0.0505651
0.00764941
0.0776877
0.0507754
0.0398947
0.125721
0.0293336
0.0438095
0.0529159
0.111999
0.666732
0.101706
0.026328
0.0410896
0.0452918
0.0098814
0.0393667
0.0439921
0.0480602
0.0355382
0.0503373
0.0606281
0.0257384
0.130054
-0.0929424
-0.0138461
0.0100981
0.040448
0.0373181
0.0121708
-0.0403268
0.0266912
-0.0803195
0.04357
0.0491774
0.0325738
0.0442936
0.054208
-0.0700235
0.0396948
0.012124
0.00600766
0.125397
0.0274583
0.0745268
-0.0436599
0.109102
0.0641606
0.0477859
0.0304111
0.00847518
0.126696
0.0817123
-0.0499777
0.10121
0.0587313
0.0698502
0.0445105
0.058096
0.0341993
0.00903018
0.112003
0.0766759
0.0572436
0.0750431
0.146391
0.0507302
0.0382279
0.0697267
0.0491711
0.0247272
0.0644544
0.0385988
-0.0215075
0.0395607
0.0710635
0.0520491
0.066112
0.0263691
0.064557
0.0274789
0.0131118
0.0810777
0.0490824
0.0379937
0.0571185
0.00992712
-0.00592859
0.0426581
0.0473318
0.188007
0.0149724
0.132662
0.0439968
0.0620101
0.0396784
0.0353366
0.0550387
0.033973
0.0414667
0.0421191
0.0514564
0.00762403
0.0739476
0.0345328
0.0768489
0.0400327
0.0390898
0.0577955
0.0550095
-0.00796648
0.0368915
0.0840945
0.046781
0.0533629
0.0502972
0.0451514
0.0425187
0.0725099
0.0626167
0.0407665
0.064457
0.0415517
0.0530945
0.046151
0.0416676
0.0435263
0.0649249
0.0517844
0.0442346
0.0667788
0.0481467
0.0847947
0.0427231
0.0541616
0.0528023
0.0335212
0.0493298
0.0593759
0.0464479
0.0585394
0.0615412
0.0662895
0.0582383
0.042684
0.0554092
0.0619732
0.0589647
0.062573
0.0573225
0.0535939
0.0514297
0.0587836
0.053779
0.057962
0.0501224
0.0560676
0.0559325
0.0548064
0.0552024
0.0542078
0.0548676
0.0549666
0.0543895
0.0547022
0.0539398
0.058865
0.0525558
0.0535393
0.0569682
0.0561804
0.0466726
0.0595784
0.0537924
0.0564664
0.0593824
0.0543388
0.0587645
0.0596304
0.0638555
0.0462523
0.0521461
0.0574893
0.0561173
0.069739
0.055369
0.0594227
0.0561391
0.0579672
0.0490545
0.051905
0.0957279
0.0368399
0.0742128
0.0889606
0.0382071
0.0314374
0.10092
-0.0170393
-0.0467205
0.142917
0.143732
-0.152485
0.00885836
0.101397
-0.0411015
0.370022
-0.140665
0.391376
-0.0257477
-0.189568
0.145711
-0.27236
0.834338
-0.204687
1.1312
-0.105766
0.142574
-0.530489
0.329792
-0.271336
0.21153
-0.567867
0.613869
-0.0331574
0.165398
-0.106891
0.137024
0.13728
-0.137647
0.111428
0.111524
0.420331
-0.200126
-0.069971
-0.239386
0.264798
-0.0320314
-0.394973
0.352112
0.238039
-0.189261
-0.243206
0.84263
-0.498252
0.131406
0.372796
0.358721
-0.686597
0.239603
0.297807
-0.408991
0.444637
0.423461
-0.0717957
0.122713
0.294044
-0.363984
0.389328
-0.503667
0.876309
-0.160486
0.190314
-0.176595
0.254853
-0.0472211
-0.257954
0.0020306
0.182079
0.303124
-0.274998
0.0888053
0.674077
-0.34853
0.0015627
-0.436014
0.580301
0.00657439
0.384175
-0.355738
0.512748
-0.249264
0.583166
-0.496722
0.137432
0.714578
-0.78584
0.304223
0.0660728
0.372171
0.238645
-0.0818444
0.327048
-0.164111
0.0265853
0.0174689
0.338625
0.336982
-0.888265
0.512288
-0.514684
0.222915
0.500833
-0.301858
-0.150044
0.790191
-0.375385
0.161109
-0.0770198
0.366786
0.0395278
-0.222556
0.464915
-0.343385
0.216483
-0.0542383
-0.057639
0.590943
0.159504
-0.377361
0.833556
-0.397521
-0.293731
0.27457
-0.19129
0.0514048
0.527542
-0.461281
0.485813
-0.194545
0.257612
-0.717659
0.332851
0.105577
-0.119885
0.779019
-0.296854
0.699362
-0.912431
0.492337
-0.311363
0.282497
0.0845751
-0.570037
0.830964
-1.0299
0.918097
-0.876148
0.365358
1.1281
-1.07511
-1.58029
1.37879
-1.50477
0.387394
1.26135
-2.02713
2.37868
-0.674791
0.23843
-0.0984325
0.529914
-1.89891
1.94493
-1.49255
1.15758
0.260894
-0.118979
0.410569
-0.490958
0.798949
0.667104
-0.073726
0.0159545
0.329009
0.469528
-0.966199
0.965869
-2.00386
2.30024
0.337321
-0.483324
1.48454
0.400976
-0.561925
-1.3758
1.02733
-1.44515
-0.106151
1.77088
0.657281
-0.525398
-0.849889
1.3574
-0.512662
-1.52036
0.0238851
2.1375
0.800653
-0.527756
-0.330398
0.213412
-0.534972
-0.27568
0.117662
0.166705
0.788687
-0.440919
-0.273646
1.22427
-0.398549
-0.885144
0.385588
0.621128
0.208823
-0.375466
-0.615556
0.394004
-0.0822781
0.188231
-0.212711
0.880914
0.520341
0.203783
0.84522
-0.00192031
-0.0518291
-0.307848
0.551431
-0.0222941
0.496403
0.299491
0.241489
-0.704514
0.394893
0.890459
-0.525946
0.126683
0.46674
0.622191
-0.321991
-0.297176
0.321145
-0.186167
0.0576537
0.177701
0.474957
0.144787
-0.544354
0.503804
0.622861
-0.187894
0.357933
-0.69649
0.190376
0.922091
-0.343524
-0.283151
0.594249
0.742358
-0.109618
-0.254842
-0.600841
0.636499
0.635411
0.0557667
0.00587449
0.196628
-0.185899
0.45014
0.820739
0.120046
-0.590184
-0.203058
0.192869
0.103988
0.407332
-0.11119
-0.422433
0.0125652
0.625692
0.0641498
-0.188787
0.0792667
0.408639
-0.0537762
-0.131088
0.623456
-0.236971
0.160649
0.0744734
0.334593
0.151402
-0.252639
0.0341765
0.617993
0.194071
0.0185575
0.0442554
0.187437
0.57965
-0.421488
-0.269089
0.604252
0.252063
0.357398
-0.295973
-0.0676859
0.210223
0.335988
0.0591885
0.113146
-0.201004
-0.381303
0.234938
0.640225
-0.00402388
0.0337028
0.0570192
-0.019679
-0.151261
0.217037
0.551088
-0.310964
0.229069
0.720332
0.24548
-0.161349
0.315869
0.317974
-0.0381527
-0.0529485
0.180214
0.390168
-0.157244
0.317197
0.187173
-0.1395
0.0942122
-0.109151
0.306332
0.251126
-0.151859
-0.0223426
0.246587
0.730602
0.315811
-0.428766
0.0920507
0.609968
0.231408
-0.299579
0.0296373
-0.0759104
0.175894
0.467822
0.0561278
0.0877452
-0.159755
-0.317166
0.209369
0.354148
0.410073
0.220085
-0.237577
-0.269451
-0.330514
-0.339102
-0.346929
0.13355
0.60526
0.147024
0.245714
0.281717
0.202758
-0.130725
0.00870037
-0.222212
0.109998
-0.058699
0.187134
0.296326
-0.218379
0.61243
-0.280098
0.138507
0.254089
-0.569175
0.459993
-0.0182776
-0.488512
0.203625
0.0444228
0.276475
0.678426
0.0916503
-0.184995
0.35767
0.0191974
0.482792
0.152793
0.00230382
1.22507
-0.190799
-0.897519
1.31713
-0.738709
0.898069
0.0193221
0.717935
0.233671
-0.111829
1.16826
-0.929493
0.137412
-0.603733
0.462573
-0.623876
0.680748
0.0924108
0.726659
0.120827
0.166081
0.373409
0.000979912
0.811494
-0.371388
1.43037
-0.280662
-0.284207
-1.85482
0.162586
2.023
0.712359
0.106324
-0.0565591
-0.05327
0.88325
-0.267573
-0.331774
-0.107563
0.0936941
0.903905
0.523543
0.0034772
0.480407
-0.65239
0.204622
0.944928
0.361161
0.464151
0.474464
-0.881438
-1.00489
0.592803
0.654546
-0.880657
1.23777
0.387538
0.77407
0.545871
1.54073
0.213347
-1.21564
1.46287
-0.0573894
-1.45914
-2.39812
1.56151
1.96221
-0.875718
-2.21805
1.83123
5.41798
0.103537
-2.79049
-3.7212
3.09698
2.23291
1.1345
-1.96441
-4.33698
0.776682
0.858497
3.08493
3.32712
-2.72513
-0.827461
-0.228927
-0.0582802
2.44218
-1.03042
0.769362
2.48435
-2.67007
0.16432
4.58795
-1.78019
-4.18194
4.18073
2.8655
-3.80537
-0.968455
4.17169
0.52028
-5.16063
-0.850491
5.27803
-2.31166
-2.34309
0.711929
3.3734
-1.48646
-2.55684
0.610069
2.4567
0.536484
-4.08307
1.09457
2.26551
0.0976335
-0.534796
-2.35938
2.66762
0.136913
2.13497
-2.53306
-0.091078
0.648718
-2.48505
6.2706
-2.28652
-2.08319
4.60944
-5.28737
0.316667
3.62743
-3.41819
1.91256
2.19667
-2.428
0.367537
0.974195
0.434055
-1.65547
0.821073
1.15207
-1.48449
1.51573
0.344688
-1.174
0.414972
1.45256
-0.496213
0.317626
-1.48701
1.70545
1.35426
-2.5942
2.75502
-0.783598
1.00278
-0.999108
-1.08973
1.6072
0.537852
-0.934985
0.983482
-2.53406
4.58494
-3.63586
3.11381
-0.994067
-2.17849
3.40494
-2.36814
1.12474
2.528
-2.82505
2.53333
-1.13561
-0.544391
1.26383
-1.57176
1.20865
1.2233
-1.50678
1.18882
0.726198
-1.25557
1.88457
-1.19329
1.57803
-1.83811
2.88258
-2.13326
0.821769
1.55695
-1.67095
2.56781
-2.48669
1.15215
2.58136
-2.13518
-2.5643
2.81785
2.16835
-3.81836
4.15644
-3.01156
1.44031
-0.367232
-0.955861
1.53616
-0.216278
1.34852
-0.198362
0.324915
-0.42664
-0.068841
0.63999
-0.0909436
1.74767
-1.15837
1.65701
-1.08958
1.30101
-1.28452
1.62681
-1.19452
0.781239
0.416159
0.00702556
0.646544
0.40234
-0.669584
1.73236
-1.31849
2.0545
-1.1778
1.17583
0.252139
-0.694336
2.82019
-3.29302
4.99737
-6.00084
5.93746
-1.96458
-4.02583
10.8112
-19.0167
21.9218
-8.82371
-16.4068
34.143
-27.0412
8.77326
4.30661
-9.01475
10.6402
-8.30229
8.61762
-6.04111
4.45925
-3.25837
1.62029
-0.57106
0.0731057
0.81876
-1.93654
4.62142
-2.92525
3.02752
-0.810917
-2.03757
5.00071
-2.7229
0.440124
2.92485
-3.44798
0.649029
4.0092
-2.82743
-0.900643
3.94767
-1.5726
-2.609
2.48404
1.71233
-0.77687
-2.89766
4.08554
1.62417
-5.69178
-0.454322
5.5306
-0.0229516
-6.20105
3.44901
9.31868
-13.0481
-7.84364
18.0099
11.4251
-24.8183
-1.48471
23.5067
-22.623
18.7014
-9.26662
5.86634
-5.41619
3.55775
-4.08732
6.23637
-7.65601
10.8424
-10.8114
9.73072
-1.55234
-3.329
8.11649
-8.93177
7.22731
1.50986
-7.20939
7.98691
-0.991623
-6.16861
5.43343
1.69628
-5.48763
0.542758
4.46669
-3.60837
-3.26656
2.64026
3.05639
-3.95997
-2.51973
-0.375054
3.787
2.03742
-3.09182
-3.22566
-2.16751
-0.69218
3.10382
3.91297
-1.31029
1.34309
5.42617
-5.42498
-8.47452
12.0547
24.8901
-27.2442
-9.47875
11.171
-15.0302
15.8663
-6.58518
14.1337
-5.44194
15.145
-4.05945
-0.281808
3.78669
-6.93942
6.72089
-5.42008
-5.18674
8.03754
-3.82614
-4.37249
8.53274
-1.22708
-3.21486
4.65052
3.33412
-0.882757
-1.19292
5.03178
7.62804
-0.397085
-2.70305
-1.48474
3.52929
5.40687
2.50976
0.804903
-1.27274
-0.230059
-0.106151
1.8794
2.41734
1.6926
-0.348644
0.620978
7.43955
2.02881
-15.4236
-2.26013
31.063
9.02015
-50.5979
-0.458604
37.5096
-15.4532
19.2532
-7.47911
8.54078
-6.42573
9.14818
-6.81319
7.82344
-2.99647
-4.98367
6.19886
-3.63537
-1.52118
6.5006
-0.635188
-3.05828
4.02341
4.75855
0.750685
0.00824463
3.9799
7.36602
5.54136
1.74515
0.242418
0.46905
2.38216
2.933
2.46485
1.98568
1.25752
0.175556
-0.415499
-0.596861
-0.917164
-2.83275
-3.94519
-3.8101
-3.00046
-2.00051
-2.0173
-2.30153
-4.33598
-5.54939
-2.65824
3.80338
15.7509
23.121
2.9917
-53.234
-50.1562
6.96756
0.56347
19.5751
6.0172
20.6816
3.57989
8.00544
17.3359
-1.61121
1.26569
17.5354
8.72957
-9.94752
-10.765
3.50281
12.7254
12.3757
6.81644
1.93575
0.198801
-1.04959
-3.09048
-2.39474
-1.77371
-1.83376
-0.689027
0.0949964
-0.0746695
0.439788
1.10078
0.542208
2.20092
1.89217
3.50136
2.25972
2.92862
3.58735
2.26438
3.92041
3.81502
6.07491
7.66227
6.61793
9.20945
8.04733
10.5668
6.29589
2.37935
-36.7068
57.8867
110.042
-64.7062
30.0435
17.4746
-52.9503
28.6863
57.2082
18.6866
-12.7402
-20.2249
-16.09
-12.5172
-9.58271
-8.15663
-6.67384
-4.31724
-5.22181
-3.55442
-2.42185
-2.29948
-2.67551
-2.82235
-1.45668
-1.50183
-1.6825
-0.926745
-1.44068
-0.755393
-1.20603
-1.02018
-0.73543
-0.959958
-1.16367
-0.479555
-0.530349
-0.479891
-1.1927
-1.11937
-0.724588
-0.960889
-1.63272
-0.650956
-0.097632
-0.847359
-0.313148
-0.187479
-0.188989
-0.139975
-0.17564
-0.0209983
