0
3.88521
6.62425
2.56107
9.61627
7.27466
3.5811
-10.9383
7.58849
6.83314
1.67647
0.609787
-13.671
8.00566
12.9504
-4.19092
-5.65089
-10.6588
-1.58732
9.82471
3.46001
-3.3058
8.72994
1.76628
3.17932
-16.2486
-7.1052
-4.14674
-3.57487
6.74394
-12.1162
-9.74494
-7.8634
-8.91736
-2.07345
-11.1954
14.6727
11.2829
4.12448
-16.2008
13.6272
-1.02613
-2.59447
-6.07528
2.8351
-7.72933
-7.85769
-11.2138
-20.0096
-2.39492
2.0891
-4.64863
-4.51411
0.494186
1.51277
-7.15808
-4.90494
7.41248
1.8931
5.39496
7.6914
2.23942
-13.555
4.52617
5.70485
-0.903012
6.95104
-20.9234
-1.78972
7.84701
-4.33862
-4.17937
-7.15692
9.63418
3.0898
4.78086
0.461389
-6.39734
8.95013
-5.25463
15.9732
4.33875
-4.38848
1.2958
2.34118
-4.7389
5.96146
-5.91003
11.5379
-1.63001
1.80411
5.99008
-5.98023
1.18599
-10.3043
3.52342
-12.7359
-0.905054
0.947256
8.00319
4.9192
11.0549
3.00612
-1.58826
-2.11858
2.21278
14.3163
-1.63568
-9.57431
-16.623
0.284865
6.23368
-0.221101
-2.24862
-0.422058
-12.1736
0.84654
-0.316143
-3.21683
0.652226
-5.63425
-1.74085
3.73664
-0.351413
-0.219614
0.975918
-3.57074
-6.09618
-1.26033
8.28157
3.47685
-1.16372
2.19641
5.31116
-2.70541
-1.7102
11.2665
-4.93789
-0.116451
2.49842
-2.8602
6.96591
3.13423
1.3215
-3.20474
-10.8922
-3.55565
14.5581
11.2383
6.32187
-8.29211
2.99442
6.74115
1.97782
-0.297674
-13.0719
-1.37699
-8.63939
-5.12012
4.19688
14.8984
-5.32322
11.5541
-2.30874
6.81785
-6.26808
1.44223
5.49772
-10.2181
1.32227
-5.71267
5.23663
-4.12717
0.705993
5.31914
3.42334
-12.9965
5.06165
-4.72751
2.22784
3.22612
-4.05233
-2.95824
-17.3594
5.2655
3.89567
2.69462
-9.3602
-3.69135
15.5358
-6.14043
-1.24641
-3.19838
-9.77458
10.3358
0.362193
-6.57338
-10.474
-0.947174
-6.96488
4.03912
4.89213
2.42285
-5.22638
1.19129
1.45558
-0.100045
0.636284
13.4683
11.9181
13.485
7.6369
-3.93226
9.86297
8.02592
2.68978
-12.6714
16.9119
-3.29534
-4.29727
-16.8777
3.90351
-2.39541
6.05604
4.9138
11.32
8.77889
-10.0844
-0.911053
1.46545
7.21433
16.9631
-0.502086
4.25856
-10.3916
5.03081
-6.33063
-10.7859
-1.55777
8.41478
10.9691
6.98817
-8.76072
-9.62678
19.0852
-0.0682817
4.23909
-4.89273
-8.17316
9.45843
-0.378481
-5.05484
-11.8982
-3.16683
-7.50076
-6.78541
