-0.00369108
0.00662994
0.016122
0.0249661
0.0327923
0.0387491
0.0427195
0.045565
0.0477086
0.0483681
0.0468971
0.0440688
0.0411115
0.0381846
0.0349956
0.0323881
0.0318553
0.0336176
0.0366715
0.0408367
0.0471566
0.0558847
0.0657878
0.0762436
0.0882266
0.101708
0.113541
0.120016
0.120776
0.118115
0.112787
0.102922
0.0874046
0.0680552
0.0474439
0.026351
0.00465548
-0.0167515
-0.0364956
-0.0541788
-0.0698571
-0.082845
-0.0925037
-0.0995559
-0.105024
-0.108307
-0.108005
-0.104492
-0.0998772
-0.0952905
-0.0899144
-0.0831423
-0.0759715
-0.0694544
-0.0632352
-0.0566282
-0.0499147
-0.0434349
-0.036447
-0.0281727
-0.0192509
-0.0109662
-0.0036633
0.00293231
0.00846469
0.0122706
0.0143886
0.0148959
0.0127438
0.00679564
-0.00223649
-0.0124252
-0.0229789
-0.0342704
-0.0456032
-0.0549289
-0.06117
-0.0649546
-0.0664822
-0.0645782
-0.0586991
-0.0499618
-0.0391105
-0.0254365
-0.00909507
0.0075587
0.0228144
0.0378245
0.0537031
0.0683872
0.0794576
0.088483
0.0987668
0.109803
0.118519
0.125874
0.136781
0.151792
0.164024
0.167675
0.165288
0.162263
0.157693
0.146204
0.12696
0.10481
0.0827804
0.0592684
0.0336448
0.00908029
-0.0124434
-0.0331579
-0.0545487
-0.0734738
-0.0869001
-0.0971105
-0.107867
-0.117898
-0.122986
-0.123047
-0.122131
-0.121886
-0.119961
-0.115331
-0.110369
-0.106226
-0.100582
-0.0921422
-0.0834526
-0.0764396
-0.0685251
-0.0566481
-0.04255
-0.0301926
-0.0197104
-0.00805521
0.00523543
0.0170691
0.0255921
0.0321031
0.0374894
0.0402354
0.0392572
0.0358051
0.0310202
0.0241178
0.0146945
0.00457764
-0.00456393
-0.0135467
-0.0235229
-0.0331337
-0.0401034
-0.0444438
-0.0476841
-0.0497763
-0.0492456
-0.0459869
-0.0414784
-0.0362371
-0.0293297
-0.0206829
-0.011783
-0.00355172
0.00460446
0.0129515
0.0203173
0.0256786
0.0295143
0.0328032
0.0358248
0.0385799
0.0412716
0.0438544
0.0462294
0.0491567
0.0535442
0.0586319
0.0627838
0.0664586
0.0719779
0.0795723
0.0867194
0.0931075
0.102735
0.117719
0.132844
0.140841
0.141415
0.139866
0.137381
0.128705
0.110698
0.0874463
0.0639766
0.0397822
0.0125694
-0.0155466
-0.0405439
-0.06253
-0.0840433
-0.103928
-0.118359
-0.127421
-0.135148
-0.142473
-0.145512
-0.142433
-0.137018
-0.132864
-0.128439
-0.121132
-0.112336
-0.104578
-0.0966325
-0.0859621
-0.0737647
-0.0628549
-0.0519768
-0.0373107
-0.0191647
-0.00208175
0.0121065
0.0262949
0.0418959
0.0554829
0.0639658
0.0688778
0.0724605
0.0730579
0.0680346
0.0585048
0.0472671
0.0341531
0.0175393
-0.00102246
-0.017997
-0.032877
-0.0476924
-0.0617937
-0.0715668
-0.0758164
-0.0771041
-0.0766754
-0.0722988
-0.0628377
-0.0508777
-0.0384601
-0.024052
-0.0067395
0.0101411
0.0232776
0.0342441
0.0458386
0.0561855
0.0615555
0.063287
0.066231
0.0710969
0.0744201
0.0763363
0.0817254
0.0918716
0.101753
0.109151
0.120023
0.139117
0.160167
0.172548
0.174772
0.173718
0.171669
0.162417
0.14163
0.113511
0.0838706
0.0526913
0.0179601
-0.0179431
-0.0508548
-0.0805022
-0.108368
-0.132297
-0.148686
-0.158705
-0.166793
-0.173241
-0.173711
-0.166831
-0.157119
-0.148642
-0.140321
-0.129888
-0.118412
-0.107827
-0.0972805
-0.0853932
-0.0735191
-0.0631278
-0.0520632
-0.0373603
-0.020323
-0.00472832
0.00907171
0.023911
0.0399082
0.0532955
0.0618606
0.067344
0.0710127
0.0707823
0.0648422
0.0547174
0.042219
0.0264304
0.00668502
-0.0141248
-0.0326438
-0.0493891
-0.0663557
-0.0819672
-0.0924704
-0.0973686
-0.0992161
-0.0983711
-0.0923778
-0.0809108
-0.066873
-0.0515395
-0.0330741
-0.0116104
0.00867569
0.0252674
0.0409331
0.0581555
0.0737536
0.0836326
0.0898898
0.0977782
0.107519
0.11504
0.119968
0.12646
0.135638
0.143848
0.150403
0.160456
0.17629
0.191262
0.19759
0.195951
0.191493
0.183483
0.165887
0.137075
0.102122
0.0650657
0.0252335
-0.0172452
-0.0582094
-0.0944184
-0.126764
-0.155475
-0.176797
-0.18842
-0.194207
-0.198673
-0.199772
-0.192583
-0.178237
-0.163282
-0.150705
-0.137296
-0.120563
-0.102873
-0.0869899
-0.0721867
-0.0572251
-0.0432993
-0.0311725
-0.0186299
-0.00389242
0.011009
0.0233542
0.0339547
0.0449764
0.0554379
0.0623989
0.0652678
0.0653937
0.0624007
0.0545884
0.0423604
0.0276166
0.0101905
-0.0111755
-0.0344188
-0.0550764
-0.0722414
-0.0891201
-0.106275
-0.11887
-0.123037
-0.120828
-0.115781
-0.107283
-0.0931017
-0.0743216
-0.0535034
-0.0304865
-0.00462341
0.0210018
0.0427265
0.0620826
0.0828333
0.103333
0.118229
0.127695
0.137854
0.150551
0.160056
0.163069
0.16484
0.170482
0.176805
0.179509
0.182903
0.193694
0.208243
0.215492
0.211767
0.203235
0.192721
0.173745
0.141292
0.100164
0.0573924
0.0131948
-0.0343038
-0.0810248
-0.120917
-0.15411
-0.183705
-0.207343
-0.219896
-0.223017
-0.223603
-0.222667
-0.214049
-0.195869
-0.175241
-0.158226
-0.142149
-0.122475
-0.101171
-0.0826436
-0.066228
-0.0490125
-0.0324886
-0.0197182
-0.00841057
0.00612211
0.0222986
0.0336142
0.0386714
0.0429691
0.0494374
0.0536948
0.0512145
0.0435578
0.0342265
0.0230743
0.00854421
-0.00841796
-0.0264328
-0.0462503
-0.0674653
-0.0859425
-0.0987537
-0.108734
-0.119338
-0.127472
-0.126982
-0.117676
-0.104959
-0.0910562
-0.0727801
-0.0486221
-0.0221316
0.00348485
0.0288309
0.0542153
0.0770696
0.096231
0.114248
0.132297
0.147205
0.157192
0.166169
0.177644
0.188231
0.192765
0.192798
0.19377
0.196161
0.196558
0.196203
0.200266
0.207822
0.210536
0.203727
0.19129
0.176022
0.152502
0.115412
0.0691096
0.0219567
-0.0246694
-0.0741242
-0.124149
-0.167104
-0.199846
-0.225571
-0.245339
-0.25538
-0.254663
-0.247907
-0.237889
-0.221243
-0.196111
-0.168227
-0.143978
-0.1219
-0.0971594
-0.0711524
-0.0499052
-0.0347059
-0.0211315
-0.00709403
0.00462139
0.0127058
0.0201645
0.0287827
0.035868
0.0391006
0.0401706
0.0405203
0.0374515
0.02827
0.0152434
0.00224614
-0.0113887
-0.0292873
-0.0514342
-0.0733916
-0.091924
-0.107635
-0.121579
-0.132519
-0.138494
-0.13858
-0.132274
-0.119365
-0.10123
-0.0801628
-0.0566157
-0.0291951
0.001652
0.0321287
0.0587491
0.0817931
0.103439
0.123796
0.140728
0.153117
0.162707
0.17251
0.183883
0.195106
0.202982
0.2065
0.208295
0.21093
0.212646
0.209975
0.204715
0.203801
0.209734
0.215007
0.210122
0.194359
0.173589
0.149195
0.11555
0.0692431
0.0150146
-0.0398526
-0.0925057
-0.142919
-0.189136
-0.227819
-0.257109
-0.275774
-0.281855
-0.275586
-0.261473
-0.243626
-0.220746
-0.190038
-0.154648
-0.122038
-0.0951107
-0.0702381
-0.045065
-0.0229548
-0.0073874
0.00339949
0.0128633
0.0208943
0.025774
0.0284237
0.0305928
0.0309443
0.027216
0.0207496
0.0143398
0.00644743
-0.00747311
-0.0275453
-0.0481418
-0.0653331
-0.0813826
-0.0996063
-0.11834
-0.132884
-0.140885
-0.142928
-0.139812
-0.132112
-0.120919
-0.10625
-0.0859977
-0.0592675
-0.0295597
-0.0014888
0.024842
0.0526208
0.081674
0.107016
0.125127
0.13816
0.149914
0.160494
0.167658
0.171618
0.175373
0.180715
0.186339
0.190165
0.191789
0.192139
0.191891
0.19109
0.190232
0.191352
0.197087
0.207289
0.216628
0.217534
0.20653
0.185942
0.158236
0.121087
0.0708869
0.00974894
-0.0544686
-0.115039
-0.170066
-0.218904
-0.258353
-0.284305
-0.295103
-0.291713
-0.276417
-0.252744
-0.224554
-0.193291
-0.158008
-0.120117
-0.0858144
-0.0606132
-0.0430156
-0.0273998
-0.0124199
-0.00224268
0.000895619
0.000823498
0.00226033
0.00521171
0.00711584
0.00753105
0.00739753
0.00571549
0.000460386
-0.00843358
-0.020274
-0.0366204
-0.0592022
-0.0851581
-0.10853
-0.127208
-0.144319
-0.161082
-0.172261
-0.171811
-0.160237
-0.142731
-0.121744
-0.095323
-0.0622771
-0.025309
0.0115274
0.0456719
0.0757672
0.101063
0.121936
0.138875
0.150395
0.154409
0.152441
0.149612
0.148997
0.148865
0.147598
0.148054
0.153422
0.161214
0.166203
0.168255
0.17189
0.177833
0.181152
0.18037
0.182732
0.195103
0.212779
0.223214
0.219876
0.206679
0.188189
0.161238
0.119375
0.0622042
-0.00317693
-0.0683354
-0.128405
-0.182052
-0.229031
-0.267374
-0.291869
-0.297024
-0.283499
-0.259699
-0.233865
-0.205812
-0.170288
-0.128094
-0.0889981
-0.0617615
-0.0451756
-0.0321102
-0.0197769
-0.0119846
-0.0121151
-0.0176929
-0.0227896
-0.0236291
-0.0210638
-0.0189906
-0.0207993
-0.0262903
-0.0321426
-0.0366689
-0.0435209
-0.058255
-0.0808361
-0.104185
-0.12165
-0.133806
-0.145586
-0.157946
-0.165172
-0.160774
-0.144158
-0.120573
-0.0953811
-0.0692554
-0.0391115
-0.00355363
0.0332811
0.06453
0.0874491
0.105707
0.123549
0.139337
0.147454
0.146044
0.139851
0.134651
0.131562
0.128606
0.12587
0.126326
0.131819
0.140511
0.149165
0.156848
0.165224
0.175146
0.184152
0.189161
0.192304
0.201483
0.221478
0.24478
0.255897
0.246956
0.224828
0.1988
0.165089
0.111055
0.0347153
-0.0479351
-0.119085
-0.176891
-0.231019
-0.283512
-0.321782
-0.332107
-0.314857
-0.283132
-0.248813
-0.213046
-0.169993
-0.117988
-0.0658797
-0.0273665
-0.00831306
-0.00123131
0.00506949
0.0113903
0.00808573
-0.00987661
-0.032932
-0.0464246
-0.0474076
-0.0465083
-0.0532935
-0.0651053
-0.0726683
-0.0730959
-0.0736501
-0.0834084
-0.103621
-0.126511
-0.142631
-0.149401
-0.152449
-0.157647
-0.162135
-0.155654
-0.132124
-0.0975939
-0.0640112
-0.0363172
-0.00910521
0.0236905
0.0591954
0.0878639
0.103849
0.110786
0.116963
0.125884
0.132599
0.12997
0.118266
0.10672
0.104003
0.108723
0.112639
0.112928
0.116498
0.129619
0.147499
0.159457
0.162827
0.165624
0.174434
0.185887
0.194234
0.202835
0.221119
0.250123
0.276957
0.286427
0.274626
0.247613
0.209063
0.154394
0.078572
-0.0134534
-0.107212
-0.189334
-0.255612
-0.30785
-0.344653
-0.358364
-0.342481
-0.300701
-0.246052
-0.190407
-0.136705
-0.0828829
-0.0316094
0.00745237
0.0261688
0.0263325
0.0172408
0.0057323
-0.00887454
-0.0295357
-0.0537608
-0.0736634
-0.0835803
-0.085695
-0.0870304
-0.091785
-0.0981058
-0.102518
-0.106011
-0.114068
-0.130372
-0.151499
-0.168938
-0.176351
-0.174059
-0.166094
-0.153781
-0.133669
-0.102305
-0.0620824
-0.0210127
0.0136808
0.0408859
0.0637972
0.0835731
0.0966854
0.0994973
0.0940589
0.0871372
0.0833129
0.0810977
0.0770844
0.072142
0.0710479
0.0765672
0.0868462
0.0995202
0.115538
0.136337
0.158677
0.175663
0.183578
0.185551
0.187377
0.191245
0.195036
0.197262
0.201565
0.215655
0.244362
0.281736
0.310677
0.314097
0.288241
0.242157
0.182358
0.103123
-0.00180805
-0.120812
-0.227299
-0.303837
-0.355273
-0.392061
-0.40783
-0.384539
-0.318824
-0.23213
-0.150365
-0.0811688
-0.0175282
0.0416594
0.083793
0.0955634
0.0773669
0.0423175
0.0040884
-0.0322465
-0.0689027
-0.106538
-0.137392
-0.14955
-0.140171
-0.121915
-0.111439
-0.11216
-0.113924
-0.110562
-0.110791
-0.126839
-0.156688
-0.184155
-0.195515
-0.190416
