0.25572
0.127744
0.449537
0.00546229
0.304081
-0.69159
0.42245
0.35523
0.696374
0.80634
0.954555
0.701357
0.475831
0.172905
0.283845
0.515769
0.437983
0.970174
0.073597
0.658363
1.09215
1.50591
2.13178
4.07773
17.2744
99.6817
-18.9424
2.70375
-1.70315
-3.86451
-3.32179
-2.77814
-2.51056
-2.30632
-2.65934
-2.74804
-2.68805
-1.82728
-2.14036
-1.99516
-1.2146
-0.0617524
1.03484
1.50499
1.75833
1.71674
0.853192
-0.638129
-5.42336
-18.5568
-36.455
32.8788
14.4594
-10.3855
-3.09622
0.915951
-0.0831898
0.639272
3.46763
2.64143
3.34246
3.64515
3.84111
2.70877
1.67456
-0.0282384
0.940725
-1.87207
-0.743526
-1.49954
-1.32596
-1.24802
0.437928
-1.94079
-4.31026
-4.54535
14.638
8.83449
-3.15096
1.9131
0.558442
1.40802
1.7455
1.089
1.51774
0.758205
0.891835
0.461117
1.34133
1.29288
-0.0269812
-1.58731
-0.915126
-0.587048
1.40702
2.18497
2.70686
5.17483
1.0837
-2.50233
-13.01
-26.7692
19.3049
-9.16245
3.09522
-1.18369
-2.60721
-0.208955
-0.639026
-0.904884
-0.225173
1.36161
0.727093
0.697346
1.7824
1.1364
1.74677
0.735995
0.762584
1.11108
3.0229
1.24533
3.86851
4.55621
9.99631
10.7632
-2.2846
-33.3224
18.1443
-17.779
8.65757
-5.26909
0.853366
-1.93954
-3.0878
1.112
-0.450326
1.48299
-2.66428
-0.73215
-0.850405
-2.24122
0.783639
-0.198357
-1.1212
-0.84301
1.31787
0.307717
0.252809
2.32305
7.2352
19.4206
10.0887
-33.5034
-11.0176
11.1569
7.7238
0.749846
-2.46412
-3.66485
-2.76375
-1.32001
-0.000450671
0.577499
-0.595182
-1.31272
-0.822181
-0.458667
-0.0864111
0.674361
0.635271
0.504272
0.380084
0.0119852
-1.47082
-1.73901
0.890532
4.42559
-2.20065
0.475926
0.350281
0.184184
0.838878
0.723595
0.967616
0.706301
0.0747975
-0.46453
-0.492315
-0.100959
-0.320731
0.388032
0.430057
0.35513
-0.133115
-0.11974
-0.150331
0.123172
0.388116
0.0445432
-0.269237
-1.20884
-1.32391
-0.12072
-0.414777
0.21264
-0.258204
-0.498756
-0.253937
-0.0963948
0.0698732
-0.211988
-0.314715
-0.234809
-0.0826136
-0.0833858
-0.0308841
0.0287495
-0.0866694
-0.101813
0.120872
0.192572
0.407591
0.988996
0.62712
0.0557443
-0.45708
-1.56769
-0.398007
-0.574244
-0.240613
-0.197744
-0.49015
-0.326399
-0.342983
-0.126484
-0.20139
-0.0535409
-0.107165
-0.230167
-0.293272
-0.414404
-0.147465
-0.274731
-0.183911
-0.214783
-0.0415989
-0.0182052
0.153073
0.285414
0.133322
0.0855718
-0.556358
-0.884332
-0.212431
-0.381469
-0.245243
-0.185129
-0.186074
-0.339278
-0.510237
-0.226689
-0.31937
-0.19251
0.0358246
-0.265937
-0.26231
-0.135094
-0.308516
-0.303863
-0.421134
-0.132674
-0.271753
-0.25461
0.273073
0.527782
0.418151
-0.410587
-1.40507
-0.127845
-0.105797
-0.0632556
-0.183424
-0.323481
-0.286603
-0.31446
-0.24192
-0.378025
-0.0105706
-0.230738
-0.271347
-0.210831
-0.250025
-0.146379
-0.275781
-0.170905
-0.199659
-0.398025
-0.339103
-0.303193
-0.347
-0.191764
-0.0167345
-0.367312
-0.0342744
-0.0556421
-0.360966
-0.13835
-0.241246
-0.252836
-0.200478
-0.24758
-0.189673
-0.162763
-0.288428
-0.208133
-0.148124
-0.383395
-0.223776
-0.290109
-0.179581
-0.262111
-0.147063
-0.0615203
-0.19339
-0.325566
-0.168525
-0.221063
-0.241214
-0.47338
0.226774
-0.452859
-0.0704536
-0.188568
-0.288127
-0.226423
-0.229268
-0.224015
-0.175156
-0.0933113
-0.241564
-0.309869
-0.275332
-0.29446
-0.288077
-0.223433
0.036345
-0.333372
-0.356739
-0.28509
-0.387281
-0.0483758
-0.208567
-0.308963
-0.341222
0.363363
-1.09898
0.32735
-0.49956
0.147441
-0.252499
-0.306244
-0.20207
-0.411517
-0.00520367
-0.154675
-0.814576
-0.0994052
-0.243795
0.0937835
-0.291334
-0.334584
-0.307678
-0.417525
-0.0730649
-0.768328
-0.394768
-0.00193601
0.0484295
-0.478933
-0.515525
1.41488
-1.81909
1.24319
-2.09023
1.2921
-1.182
0.930593
0.802119
-1.47501
1.28858
-1.0158
-1.18622
-0.422383
-0.227951
-0.950661
0.74722
0.693512
0.547122
-1.12101
-0.322228
-0.566984
-1.94539
-1.63111
0.107091
-0.188962
-1.53574
0.0817846
0.6483
0.632235
0.417753
-0.165709
-1.24306
-0.604498
-0.34564
-0.394977
-0.0752612
0.251281
-0.0780862
-0.261283
-0.104813
0.0832114
-0.284778
-0.360618
-0.00995053
-0.152679
-0.0279701
-0.222194
-0.404822
-0.174073
0.216297
-1.38947
-0.542728
-0.15669
-0.264781
-0.0675388
0.284157
-0.321954
-0.547568
-0.163628
-0.151179
-0.0797478
-0.204214
-0.132221
-0.303004
-0.268578
-0.258303
-0.425707
-0.299573
-0.136834
0.0214318
0.146645
0.134717
0.407526
-0.575004
0.156472
-0.128106
-0.61318
0.271523
-0.746841
-0.0414013
-0.319383
-0.391265
-0.441141
-0.455614
-0.417648
-0.165855
-0.0496828
-0.355094
-0.585678
-0.353985
-0.01808
0.0467105
-0.688495
-1.15052
-0.71833
-0.524287
-0.0247569
0.0424177
-0.0868281
-0.103803
-0.277038
-0.140267
-0.203007
-0.118734
-0.16613
-0.143396
-0.20711
-0.161552
-0.189172
-0.151036
-0.11792
-0.125798
-0.169983
-0.187814
-0.156007
-0.204891
-0.161782
-0.129749
-0.187896
-0.17875
-0.14884
-0.180712
-0.153088
-0.168097
-0.222018
-0.206488
-0.127553
-0.230967
-0.240805
-0.182674
-0.151779
-0.17945
-0.110133
-0.143135
-0.177707
-0.121707
-0.215289
-0.184957
-0.177051
-0.1089
-0.127568
-0.13022
-0.00576866
-0.084908
-0.258119
-0.184188
-0.202097
-0.226056
-0.14614
-0.302884
-0.220726
-0.143669
-0.0589633
-0.146793
-0.169308
-0.193437
-0.213028
-0.199975
-0.122418
-0.173151
-0.283226
-0.187718
-0.176649
-0.144759
-0.191569
-0.14968
-0.120067
-0.147223
-0.132049
-0.307482
-0.162274
-0.149085
-0.200476
-0.12772
-0.163004
-0.160031
0.0389385
-0.214422
-0.240855
-0.276107
-0.29775
-0.0883004
-0.163358
-0.131401
-0.141819
-0.121353
-0.0813391
-0.268032
-0.245692
-0.15683
-0.250454
-0.0179655
-0.203562
-0.172306
0.116002
-0.152094
-0.185388
-0.187642
-0.164021
-0.0688161
-0.137487
-0.0730118
-0.118604
-0.185213
-0.1036
0.0668169
-0.180806
-0.169725
-0.0742645
-0.0106096
-0.135462
-0.225422
-0.157079
-0.177913
-0.132001
-0.14204
-0.0960897
-0.12805
-0.178507
-0.12711
-0.162483
-0.168991
-0.157325
-0.134562
-0.131321
-0.211623
-0.196517
-0.203766
-0.137365
-0.14036
-0.174319
-0.109409
-0.189901
-0.165537
-0.226048
0.206173
-0.231691
-0.0891848
-0.0577156
-0.017544
-0.126631
-0.116829
-0.152725
-0.082203
0.0515915
-0.205108
-0.210629
-0.126308
-0.235658
-0.218888
-0.157539
-0.120957
-0.743782
-0.023715
-0.0694165
-0.234018
0.0209897
-0.0767841
-0.00454855
-0.104982
-0.0146704
-0.146121
-0.113465
-0.131704
-0.0862887
0.0661574
-0.10922
-0.196647
-0.246251
-0.503461
-0.174941
-0.0875991
-0.178859
-0.165935
-0.111896
-0.141989
-0.117651
-0.0653425
0.053351
-0.167275
-0.365986
-0.13511
-0.214817
-0.149869
-0.387403
-0.105227
-0.150833
-0.11081
-0.15913
-0.190549
-0.130855
-0.0678403
0.0106051
0.0107544
0.65205
-0.248228
-0.21063
-0.299852
-0.23173
-0.0854414
-0.0499194
-0.0114498
-0.336804
0.110418
-0.134441
-0.0496926
-0.0870771
-0.134345
-0.137701
-0.079323
-0.0938171
0.0211448
-0.272143
-0.146079
-0.113322
-0.074139
-0.0742171
-0.23408
-0.145478
-0.250381
-0.370483
-0.148498
0.0344663
-0.15615
-0.238529
-0.119377
-0.188348
-0.21183
-0.218655
0.070183
-0.205297
-0.0443481
-0.173664
-0.0149244
-0.0862678
-0.209224
-0.174381
0.155304
-0.134456
-0.131832
-0.0772573
-0.0511886
-0.111701
-0.112726
-0.493503
-0.116801
-0.0576041
-0.125134
-0.115777
-0.0852306
-0.107034
0.0991037
-0.116495
-0.143952
-0.151304
-0.101959
-0.14001
-0.0944157
-0.220267
-0.0826395
-0.0661358
-0.0586514
-0.0951162
-0.144584
-0.202407
-0.142146
-0.0747076
-0.159685
-0.121935
-0.108251
-0.130877
-0.0335093
-0.16916
-0.14314
-0.0574858
-0.131145
-0.112595
-0.102424
-0.177986
-0.0976968
-0.27159
-0.181686
-0.13316
-0.182711
-0.134213
-0.101997
-0.0892015
-0.164213
-0.0713739
-0.221036
-0.0661089
-0.150778
-0.0572583
-0.0641303
0.049416
-0.176062
-0.0815734
-0.101756
-0.159296
0.261561
-0.223283
-0.100967
-0.0977364
-0.233614
-0.00878942
-0.241236
-0.152512
-0.118413
-0.0714225
0.289868
-0.152192
-0.184392
-0.0366359
-0.0592315
0.1342
-0.213413
-0.0955791
-0.0593413
-0.0509953
-0.194655
-0.149121
-0.094733
-0.0739857
-0.121829
-0.268995
-0.135261
-0.00908375
-0.161999
-0.193495
0.0582966
-0.0620247
-0.0889897
-0.170793
-0.25673
-0.211866
-0.365247
-0.0145218
-0.127492
-0.0358343
-0.0898631
-0.0822604
-0.111498
-0.0976615
-0.0624143
-0.216867
-0.107834
-0.126482
-0.187517
-0.104276
-0.0646618
0.176613
-0.160006
-0.0555732
-0.0519462
-0.0491456
-0.103045
-0.132891
-0.0990095
0.0829298
-0.176216
-0.0919014
-0.126198
-0.212306
-0.229634
-0.159367
-0.319298
-0.112984
-0.144868
-0.0596831
-0.391382
-0.083581
-0.0294912
-0.0671865
0.369277
-0.111752
-0.0142841
-0.0614778
-0.09092
0.0876198
-0.162708
0.240175
-0.141348
-0.111138
-0.203711
-0.0735794
-0.0810652
-0.0306001
-0.0197526
-0.116784
-0.0912493
-0.114284
0.0342199
-0.133978
-0.0151162
-0.138715
-0.0715489
-0.0674101
-0.0082376
0.0123284
-0.136338
-0.106132
0.0133975
-0.0641137
-0.110923
-0.0391914
0.0564402
-0.0208399
-0.298558
-0.107781
-0.0728214
-0.0340313
-0.0350796
-0.0967041
-0.161487
0.0423118
0.0633224
-0.117605
-0.136375
-0.0555664
0.0104902
-0.0855416
-0.237099
-0.0563232
-0.117966
-0.00675924
-0.292461
-0.051061
-0.0282344
-0.132281
-0.0268866
-0.101008
-0.11201
0.0231318
-0.213247
-0.111848
-0.105984
-0.154991
-0.0221734
-0.0355344
-0.118092
-0.159689
-0.11718
-0.0853192
0.018446
-0.159808
-0.0389867
-0.00823939
0.024845
0.0325469
-0.0535078
0.00992101
-0.117411
0.0740599
-0.0623519
-0.116728
-0.0266394
0.0954102
-0.0776061
-0.0673235
-0.113924
-0.0264635
-0.0310452
-0.0828419
-0.0581729
-0.123654
0.00634809
-0.0260863
-0.104445
-0.113281
-0.182432
-0.00403176
-0.0736198
-0.103336
0.112671
-0.135913
0.195862
-0.101252
-0.144761
-0.0543481
-0.0379329
0.0340614
-0.0589339
-0.219716
-0.0171743
-0.138711
-0.141146
0.0673002
-0.0873151
-0.0147466
-0.0433672
-0.157054
-0.0298545
-0.108966
-0.0218296
0.00861129
-0.142667
-0.0746889
-0.089321
0.0471335
-0.152209
-0.098106
-0.0122614
-0.117789
0.0360116
-0.106681
-0.127185
0.00221717
-0.0250449
0.0564274
-0.0640528
-0.0557566
-0.0445486
0.0161673
-0.109242
-0.0735651
-0.0665367
0.0240092
-0.000910401
-0.127391
-0.0352423
-0.0837585
0.0313035
-0.104725
-0.132953
-0.000221968
-0.0711687
0.0718755
-0.0834966
-0.0829799
-0.0177193
-0.006834
0.00914925
-0.0432363
-0.123141
0.0263737
-0.0577995
-0.109392
-0.0223956
-0.059469
0.0327251
-0.099656
-0.0984551
-0.0385147
-0.0576511
0.0437382
0.0390707
-0.0247822
-0.0264035
-0.0472451
-0.00109416
-0.106031
-0.115598
0.00802645
-0.0869099
0.0134671
-0.0761119
-0.037789
-0.000950344
0.00106099
0.0793784
-0.0628226
-0.0579543
0.0548243
-0.0254417
-0.127601
-0.0974984
-0.161259
0.0228568
-0.0233196
-0.14387
-0.0262237
-0.0184762
0.0615414
-0.0238522
-0.137764
0.0990356
-0.0356026
0.0156465
-0.0783468
-0.229679
0.0125562
0.0410654
0.0563581
-0.0385307
-0.119921
0.0590017
-0.0504999
-0.167798
-0.0638545
-0.10721
0.0802103
0.110451
-0.344564
-0.034164
-0.0137324
0.0546836
-0.147438
-0.133352
0.34085
-0.139479
-0.163009
-0.0272624
-0.00463533
0.106246
-0.154855
0.0520934
0.0357473
-0.0265473
-0.379172
-0.0297259
0.0300187
0.0380781
-0.0256701
-0.026976
-0.0685757
-0.144113
-0.0944448
-0.269261
0.0229286
-0.136812
-0.103903
-0.0366583
-0.0507476
0.0630494
0.00377987
-0.126177
0.00964162
-0.0410369
-0.0385704
-0.0436954
-0.103272
0.0845901
-0.0968236
0.0357045
-0.0544236
-0.0898738
0.128485
-0.0238658
0.0580013
-0.169972
-0.00378314
0.115259
0.0196336
-0.125206
-0.0473459
-0.0355961
-0.0129912
0.00987792
-0.140977
0.00732988
-0.00920677
0.119805
-0.0541857
-0.121596
-0.0529112
0.036417
0.138115
-0.0597191
-0.10318
0.140557
0.0109615
0.1855
-0.0273939
-0.177688
0.0199224
-0.00229465
-0.156915
-0.0083541
-0.0747353
-0.0812479
-0.0969926
-0.077786
0.0370481
0.38742
0.0630835
0.0414538
-0.157817
0.0206122
-0.1042
0.0413608
0.0108711
-0.158316
-0.0131158
-0.13177
0.0465741
-0.0355599
-0.125994
0.0895181
0.00356982
0.462113
-0.011296
-0.148773
-0.011861
0.0498216
-0.2879
-0.0183598
-0.0881669
0.0867849
0.000614315
-0.148268
0.00846365
-0.0342646
0.138915
0.0309379
-0.0349042
-0.0482388
-0.098501
0.0748481
-0.0701236
0.554285
-0.0204481
-0.0312107
0.168342
0.0752102
0.644603
0.131914
0.000102744
-0.115727
-0.0383332
-0.0451827
0.0267473
-0.197186
-0.242495
0.0724896
-0.0507106
0.0226579
0.130452
-0.0932826
0.0527409
0.21712
0.0564791
-0.0649548
-0.104232
0.0155348
-0.00425515
-0.106536
-0.0753913
-0.0102622
-0.0223328
0.0175326
0.0474399
-0.0479271
-0.0357053
0.0447502
-0.0791147
-0.253547
0.250373
-0.0284534
-0.0727609
-0.0193102
-0.283452
0.0945054
-0.0851198
0.0815235
0.276029
-0.123207
-0.223128
-0.0184307
0.0395358
-0.0680087
-0.0561252
0.0789927
-0.00494531
0.121063
-0.00668436
-0.0679234
0.0582181
-0.0515317
0.145797
0.0154279
-0.0922469
0.127007
0.022221
-0.119427
0.0948758
-0.0391387
0.0786695
0.0175024
-0.169739
0.110729
0.0240868
0.225139
0.0914404
-0.0258886
-0.0215575
0.150988
0.0674301
-0.125414
-0.0411291
0.0149292
-0.0208549
0.157326
0.0348269
-0.00304243
0.23989
-0.0741355
-0.112619
-0.0184285
-0.070509
0.0470978
-0.00588918
-0.111141
-0.342669
-0.143337
0.0884692
0.0509464
-0.152421
0.0967398
-0.0226276
0.0237618
-0.185872
-0.10866
0.194543
0.0087558
0.133607
0.167839
-0.116194
0.160744
0.0282519
-0.163074
0.00128049
-0.0574218
0.0736622
-0.0097
-0.0648788
-0.0713673
0.13257
-0.377657
0.0629613
-0.0940566
0.0687478
-0.00980866
0.246328
0.0785744
-0.0822758
0.0340611
-0.127802
0.0792682
0.0108019
-0.0739647
0.0552424
0.00550389
0.213423
-0.120672
-0.324545
0.279165
0.0686727
0.335686
0.0703499
0.091979
-0.0148959
-0.0843445
-0.124879
-0.0209715
-0.020384
0.0125394
-0.049639
-0.143369
0.258248
0.00383195
0.247305
-1.5286
-0.179692
0.0644115
-0.1356
0.11597
0.0549126
-0.042567
0.11037
-0.252842
-0.240256
0.0272497
-0.0114525
0.15821
0.0433705
-0.157347
0.00510365
0.0495336
-0.0644656
0.24591
-0.0892314
0.166738
-0.0469794
0.104603
0.100567
-0.09261
0.100854
0.117847
0.112189
0.0748525
-0.0466737
0.187988
0.138997
0.115213
-0.0829933
0.178853
0.0677943
0.120642
0.101621
-0.00796586
-0.0701079
0.103212
-0.130215
0.0843526
-0.0169879
0.0081107
-0.0290987
0.0647945
-0.0743479
0.0640562
-0.0601035
0.109363
0.147838
-0.0240304
0.106468
-0.0664241
0.229665
0.0398657
-0.00803915
0.0815876
0.0322061
0.195766
0.0778792
-0.0705416
0.026694
0.121559
-0.0317539
0.109017
0.00932312
0.17372
-0.076386
-0.0679228
0.0716471
-0.0971043
0.284944
-0.0210359
-0.115085
0.0868846
0.0508783
0.214045
-0.125241
-0.0445608
0.0672984
-0.00122792
-0.0481184
0.0324062
-0.0325004
0.155334
0.0930831
0.192917
0.199838
-0.086578
0.0563461
0.0919876
-0.0667111
0.387416
0.0118592
0.160164
0.165908
-0.0457811
0.0430396
0.0133692
0.0357597
0.0898545
-0.0781604
0.164321
0.124885
0.0886329
0.145173
-0.110163
0.201914
-0.0585002
0.25993
0.117659
0.0254765
0.158427
0.0919928
-0.0327577
0.129021
0.187541
0.185721
0.05843
-0.178442
0.110288
-0.00985759
0.185612
0.0642067
-0.115351
0.223846
-0.0494963
0.196612
0.109229
-0.120405
0.125267
0.101446
0.142237
0.06085
-0.0678931
0.156672
0.0921105
0.160336
0.0376979
-0.0683452
0.265116
0.130668
-0.0892665
0.17324
-0.0153999
0.105884
0.114918
-0.0839136
0.0593822
0.0137841
0.166481
0.136075
-0.00810385
0.116989
-0.0267762
0.148672
0.0909456
-0.0212181
0.12183
-0.000251949
0.163004
0.0892464
-0.00777918
0.113971
-0.00305516
0.162656
0.0988029
-0.00316387
0.0885143
0.0241032
-0.157532
0.232147
0.0505029
0.0691589
0.0255671
-0.0377154
-0.0738057
0.0445132
0.0323407
-0.379635
-0.658019
0.28941
-0.296067
0.758884
0.602751
0.263947
0.2748
0.320399
0.272537
0.201503
0.0248721
0.117331
0.379958
-0.0740793
0.396461
0.278457
-0.138044
0.132743
0.656975
-0.390987
0.559885
-0.10557
-0.182513
0.26045
0.29445
-0.0184743
-0.220936
0.0904912
-0.174947
0.279903
0.075708
0.126781
0.126718
0.23334
0.131473
0.206998
-0.13114
0.201809
-0.282066
0.511124
0.154086
-0.0458555
0.0460219
-0.015623
0.0672311
0.411011
0.515293
-0.0678723
0.175868
0.733152
0.280344
-0.0624405
-0.130326
-0.0732586
0.24807
0.181617
-0.29559
0.151704
0.386977
-0.0544452
-0.207577
-0.369323
0.293127
-0.164433
0.757132
1.07889
1.05842
-0.0103981
-0.420232
-0.164142
-0.771708
2.19978
-0.235945
-0.879556
-1.13703
2.04608
0.393556
0.316173
1.67923
0.852208
-0.407547
-0.526741
0.508264
-0.0504711
-0.593264
1.11352
1.42838
-0.868178
1.73401
0.223203
-0.177687
0.823175
-1.99167
1.99274
-1.30547
1.40999
-0.539978
-0.313788
0.348045
0.271308
-0.0896774
0.321714
-0.104845
0.435245
0.130177
0.466117
0.101437
0.0818676
-0.320373
0.277205
0.312896
0.268196
0.429936
-0.0303526
0.606723
-0.201215
0.14817
0.143089
-0.0795394
0.705011
-0.617456
0.736014
-0.158304
-0.0152155
0.218833
0.369223
0.473291
-0.0274696
0.03281
0.31077
0.295831
0.343987
0.270283
-0.242498
0.280304
0.240012
0.1866
0.253857
-0.157826
0.130191
0.213696
0.298813
0.261636
-0.0837151
0.334046
-0.0333788
0.418274
-0.0926694
-0.116865
0.419508
0.342498
0.250993
0.300158
0.0680881
0.207113
0.304531
0.227406
0.261316
0.0108369
0.194995
0.402733
0.256258
0.220876
0.343637
0.0710663
0.2843
0.137663
0.289687
0.078741
0.158782
0.262549
0.224618
0.0780982
0.0851663
0.1663
0.255689
0.247399
0.309657
0.192732
-0.0323206
0.176303
0.247337
0.406939
0.385892
-0.0635644
0.300562
0.337081
0.871365
0.40448
-0.215037
0.236787
0.32201
0.368351
0.30292
-0.0277918
0.632342
0.396206
0.0307398
-0.152827
0.00279588
0.655808
0.297846
-0.586521
-0.370393
-0.310019
0.215349
0.232226
0.307221
0.575111
-0.0977638
0.230565
0.333575
0.215729
0.325324
0.117359
-0.156438
0.293613
0.157774
0.309771
0.213279
-0.0646988
0.22092
0.3883
0.0488454
0.406712
0.217015
0.306176
0.653166
0.0565671
0.00485897
-0.00802988
0.108871
0.235168
0.29773
0.130809
-0.0342062
0.457338
0.267125
0.464847
0.334289
-0.114547
0.338713
0.379365
0.365903
0.29258
-0.267744
0.565388
0.39451
0.484599
0.469925
0.130862
0.793468
0.939498
-0.0955904
0.0106763
0.257383
-0.320902
-0.0198026
-0.00658011
0.244216
0.0559301
0.0536735
0.290341
0.28378
0.252062
0.0794135
-0.0400721
-0.000187811
0.0739602
0.201202
0.221323
0.210682
-0.41558
0.282315
-0.335209
0.0542635
0.893942
1.22369
1.41366
0.415348
0.399766
-0.409962
0.189576
1.01473
0.481914
0.519607
-0.713097
0.213885
0.370981
0.729125
1.22046
-1.11334
-0.189657
0.360208
-0.261319
-0.170967
0.323149
-0.756246
-0.313815
0.87114
-2.30419
-1.84392
0.79933
1.03801
0.246691
0.459271
0.759503
-0.791695
-1.02843
-0.079384
-0.468257
-1.24453
0.956266
0.913199
-0.804611
-1.38299
-2.58448
2.91019
4.30159
3.34965
6.21158
4.6061
-10.9895
2.77294
21.9699
5.05692
0.235898
-6.26341
-2.97969
-1.56589
-1.64996
-2.64008
1.58619
0.977202
-0.0805025
-1.53037
0.17337
0.177467
0.58453
2.76229
-0.955878
0.387551
-0.798633
3.46136
1.37783
1.89717
1.52283
2.60514
15.0151
-21.7077
29.2696
17.5262
10.9175
-11.4531
-3.62049
-3.70142
-0.328061
0.947407
-0.870889
-0.517945
0.274857
0.250006
1.42072
-1.17413
-0.702501
-1.42282
-1.5913
-1.22551
-0.909431
-0.853281
-3.6728
0.00464582
0.747003
-1.75989
3.05248
10.2833
7.02072
3.00882
-4.47817
3.50138
4.5473
2.77294
1.9078
-3.92598
-2.01103
-0.558179
0.975507
1.92768
-2.7272
-1.03124
1.03289
0.965294
2.15053
-1.53899
-0.169126
1.34735
-2.64483
9.02591
-22.2321
23.5088
-10.8254
-10.3779
-1.53533
8.14481
5.53782
1.97137
1.16148
0.884948
-0.476279
-0.595565
2.25899
1.6481
3.22687
3.25373
3.56534
4.70738
4.17913
3.92649
4.25986
0.245257
0.417451
0.961957
-1.87534
-8.79683
8.02633
40.9603
-59.9894
-17.2779
-5.08042
2.45489
3.06176
3.75122
3.93363
3.29507
0.435197
1.56759
1.30192
1.14963
0.242248
-2.82389
-1.87956
0.5525
0.519374
1.09339
-6.03552
-0.186247
2.01986
2.91167
7.38396
-9.90132
-14.3322
38.8768
-31.5445
-12.077
22.8347
1.4901
-4.04146
-1.14506
-2.74563
0.580361
1.73115
-0.82023
0.419591
-0.805361
0.16618
1.8261
0.961663
1.46009
1.28708
0.00662154
1.53797
1.27857
1.31133
0.417581
0.214326
1.08982
