-0.26174
0.885456
0.440673
0.173368
-0.710766
-0.707307
-0.898707
0.726892
0.183679
0.400342
-0.977491
0.929475
0.644341
-0.60133
-0.64593
-0.641593
-0.399105
0.0361744
-0.153644
-0.422566
0.205755
-0.740074
-0.425754
-0.268905
-0.088278
0.561005
-0.621705
0.0214579
0.167647
-0.920336
0.213509
-0.662576
-0.841768
0.924654
0.918518
0.583417
-0.436944
-0.812648
0.37058
-0.144303
-0.761432
-0.00364273
-0.909
0.825659
-0.481033
0.327258
-0.373701
0.0506389
0.0983378
-0.596746
0.97266
0.553746
0.873687
0.748706
0.13991
0.758534
-0.907485
-0.645337
-0.92203
-0.33662
-0.205184
-0.430953
0.653353
-0.302592
-0.435222
0.0837044
-0.687164
0.619198
-0.817766
1.00034
0.494347
-0.644719
-0.940043
0.67652
0.417733
0.430936
0.461321
-0.904306
-0.284867
-0.727987
0.743463
0.198857
-0.38093
-0.868702
-0.339548
-0.275166
0.514349
0.299482
0.744565
-0.115853
-0.746008
0.4713
0.504011
0.0982646
0.489361
-0.0813866
-0.0212606
-0.243198
-1.00034
-0.777531
-0.854149
0.339067
-0.321675
0.0822982
0.798752
-0.528566
-0.152236
0.480445
-0.577181
-0.798088
-0.337144
-0.523896
0.985112
0.659219
0.285022
0.74269
0.532698
-0.624505
0.79216
0.0525239
0.578197
0.657649
-0.505406
-0.82966
-0.505233
-0.0785759
0.650706
0.591569
-1.04186
0.0117631
-0.200445
-0.570291
-0.695825
-0.199036
0.909649
-0.348021
0.0911085
0.410356
-0.224547
0.944619
0.771942
-0.616592
-0.0952102
-0.457679
-0.469498
-0.875288
0.257091
-0.0309254
-0.861585
-0.313913
0.820087
-0.552858
-0.609278
0.120488
0.971489
-0.504328
0.384143
0.458093
-0.525652
0.438563
-0.275327
0.259829
0.203747
-0.0261317
-0.801533
0.629167
-0.463033
-0.648859
-0.810313
0.27638
0.312278
-0.91968
0.09265
-0.449511
0.351174
-0.546711
0.467148
-0.143271
0.829675
-0.74111
-0.236948
-0.554626
0.995067
0.70217
-0.448575
0.395151
0.599879
0.0452112
0.000265775
-0.50554
-0.603929
0.931035
0.763645
0.170347
-0.342069
-0.192599
0.548245
0.772082
0.636878
0.3574
0.0285473
-0.946671
-0.592466
0.752237
0.00405655
-1.05568
-0.690382
0.317165
-0.939388
-0.471417
0.27267
0.440584
0.272346
-0.49436
0.437974
-0.464466
-0.166068
0.598163
0.343803
0.634655
0.185157
-0.0202322
-0.820078
-0.190166
-0.349195
-0.255236
1.02419
-0.14128
0.793036
0.217329
0.474986
-0.088621
0.062075
-0.109678
-0.565552
0.406928
-0.481075
-0.747208
0.436239
-0.39296
1.0464
0.855806
0.620027
-0.404787
-0.791591
0.929363
-0.068249
0.930124
0.735448
0.396349
-0.583392
-0.244401
0.525185
-0.527452
-0.618867
0.147961
