-0.00369114
0.00662994
0.016122
0.0249662
0.0327923
0.0387491
0.0427195
0.0455651
0.0477086
0.0483681
0.0468971
0.0440689
0.0411115
0.0381846
0.0349956
0.0323881
0.0318554
0.0336176
0.0366715
0.0408368
0.0471566
0.0558848
0.0657878
0.0762436
0.0882266
0.101708
0.113541
0.120016
0.120776
0.118115
0.112787
0.102922
0.0874046
0.0680552
0.0474439
0.026351
0.00465554
-0.0167515
-0.0364956
-0.0541788
-0.0698571
-0.082845
-0.0925037
-0.0995559
-0.105024
-0.108307
-0.108005
-0.104492
-0.0998773
-0.0952905
-0.0899144
-0.0831423
-0.0759715
-0.0694545
-0.0632352
-0.0566283
-0.0499147
-0.0434349
-0.036447
-0.0281727
-0.0192509
-0.0109662
-0.00366336
0.00293231
