0.337184
-0.609575
1.14434
-0.351036
0.047706
0.167785
-0.152433
0.1716
0.0715857
0.14874
-0.150294
0.151686
0.0307095
0.165991
-0.152356
0.177872
0.164802
0.16143
-0.134549
0.167358
0.0243158
0.160736
-0.128453
0.164838
0.0846148
0.171687
-0.157978
0.160452
0.0246886
0.16252
-0.142742
0.167331
0.337184
0.167331
-0.142742
0.16252
0.0246886
0.160452
-0.157978
0.171687
0.0846148
0.164838
-0.128453
0.160736
0.0243158
0.167358
-0.134549
0.16143
0.164802
0.177872
-0.152356
0.165991
0.0307095
0.151686
-0.150294
0.14874
0.0715857
0.1716
-0.152433
0.167785
0.047706
-0.351036
1.14434
-0.609575
