0
-15.5226
7.17695
-14.992
-2.79097
7.25326
-4.15008
31.5502
-20.4807
-2.42316
-5.76153
-0.236082
9.33576
-12.3948
12.6593
15.7329
3.56344
12.7259
-8.46845
5.27858
-6.74664
-1.30633
26.3769
-24.6001
8.25689
11.0386
-1.58534
-2.17407
-17.6458
18.186
-9.57869
6.16336
8.47934
12.601
-35.6815
14.8972
5.90323
-23.3001
4.92393
14.0246
10.2492
9.23244
1.92042
10.8775
-18.3699
-7.39692
-20.3473
3.48204
-5.31892
23.0162
6.19014
-7.39668
-0.995696
-14.541
7.27123
20.3011
-13.1363
11.9251
-12.056
-21.4554
12.1593
-20.2023
-15.1235
-1.31823
3.36902
25.9697
-10.5417
-4.82442
7.20425
10.1994
-2.82922
-2.89834
-7.03969
-3.40607
13.9534
14.5024
13.5075
21.4588
-2.16745
-1.20652
0.198963
-23.3988
7.5718
-15.425
0.874459
-0.218795
16.7234
5.49039
6.48757
-12.2113
-3.37719
-0.250416
16.7349
-19.8861
15.1862
4.80519
-4.94138
-21.8472
-27.5426
-1.957
1.01219
5.06881
-27.8954
16.0305
27.2291
8.85616
2.07355
18.204
13.7151
12.8173
7.52549
-2.74847
4.0151
-9.24183
33.4641
-33.8457
17.1142
-8.41984
-4.35654
-22.2341
-3.86605
2.03269
-19.0996
3.74686
5.93439
11.3588
-36.0921
-18.7045
14.8853
-33.4953
8.33719
4.29926
-0.628093
2.51118
-16.3667
-3.9246
11.5634
-25.5575
-18.3905
22.8608
15.4255
20.7057
3.7052
-18.1414
-11.2718
19.5097
12.4588
9.25147
9.21221
-5.32126
22.6441
-15.78
-31.7379
-7.63094
-4.0116
-4.89726
26.2997
11.2961
2.65184
9.04856
4.89731
5.74302
-7.36928
-31.1287
6.11684
-13.2919
5.76596
-29.8189
1.81195
6.81547
-19.5527
22.8415
-9.13552
0.736705
-4.85134
-10.6056
-22.4125
10.2351
-13.5837
7.54236
-9.69294
10.7519
-6.29126
-7.56643
0.171319
5.5087
-17.8939
10.0638
-46.958
-55.5954
1.38297
-2.50724
-12.6329
-13.6687
14.805
-1.31062
19.2068
2.56711
22.7233
-10.9343
-17.7554
-5.88028
-1.31584
-16.737
-15.1231
1.12036
17.3713
1.56443
0.911333
-32.8889
11.0028
10.4173
26.0793
17.6827
7.57243
-16.6677
-2.48093
-18.2997
14.4468
-9.64625
2.46128
-11.7362
34.9334
7.04316
5.85062
18.1654
9.87993
-31.4198
33.2917
26.3018
-7.36124
8.60894
-5.89167
-8.63277
7.85863
5.90828
2.51526
10.7255
0.240133
4.81847
7.21275
-21.3101
-20.5456
-24.2389
9.76247
20.5759
12.5114
-4.51698
-14.7658
-7.50532
11.2331
3.99581
13.0199
12.0641
3.14758
7.36919
-10.5108
5.36297
4.58144
0.594826
-2.22321
-3.95319
-22.0504
-23.6791
-1.85649
-7.9466
7.65332
-11.7344
10.6914
13.4443
15.2372
1.27036
-17.4136
-29.8574
-7.64694
0.540389
18.4973
-26.1052
-14.6925
-4.84873
19.2131
-16.9015
-16.6762
5.88143
33.0605
-0.445352
7.51299
-6.23229
-16.4251
-8.87711
17.2036
-7.72229
11.5973
-11.9029
15.5198
-10.4913
5.82797
-9.5386
-15.1393
25.5376
-22.2689
8.99912
-19.4623
1.68275
4.0063
8.19525
8.89691
-10.906
6.79392
-31.2062
-2.93595
12.705
-7.74415
17.3311
0.107065
-1.20779
-26.7458
16.5178
14.4636
-10.8594
3.32288
2.55323
3.93524
21.5943
4.36021
10.8685
-2.07077
8.4767
18.9681
8.10119
6.25257
-12.4464
2.36587
6.641
-12.556
20.2053
-16.1183
0.0838558
26.8293
-12.2671
9.83001
-8.8031
-13.0793
19.1922
20.7972
1.60551
-12.8412
-10.9773
-7.68583
-8.12737
-8.50167
31.5278
-14.5191
10.005
5.61121
21.2406
-3.51267
-10.1726
-23.3193
-20.5993
-10.4701
-5.3229
-1.50642
-4.93249
5.10394
-14.1884
5.49886
-12.3356
-8.50974
2.31413
9.94889
-3.41395
2.16456
-1.20163
-16.3806
-26.0271
-21.9549
-11.9446
-18.2366
11.0904
-0.2485
18.1219
16.2274
0.27665
-13.1006
-3.82159
17.1013
14.7394
-15.1621
12.9291
21.037
13.6926
6.24581
12.7956
11.4869
-6.46547
-4.22431
0.869025
-5.55082
7.18886
-25.7118
13.9134
-7.78699
-19.4323
-2.17152
-27.6438
-33.2498
4.03259
-12.9998
-15.2961
-17.612
17.3294
-6.98875
-4.07602
12.038
20.6018
9.99119
13.8933
-10.1389
-2.9173
-11.9347
-8.9367
-10.5993
-6.60058
8.08519
-9.98616
-25.3329
-26.6371
17.8762
0.5334
-7.67078
16.1872
0.38633
8.59678
-1.10292
2.30279
-4.57927
-1.73851
-2.74767
-1.80387
-11.4433
9.6994
-21.0886
-6.23736
-8.50966
-17.2385
14.0065
11.6402
8.94219
-18.5164
-15.7318
-1.26734
-1.88344
5.93837
-21.8264
-15.0355
-0.297465
-10.0957
-3.15417
10.678
5.4783
-7.72355
-19.2128
-9.29382
3.58123
9.40647
13.6718
-27.8762
-20.1717
-6.54333
-10.1939
9.40169
-3.74326
7.74332
-18.6533
5.03615
-11.1089
2.82646
15.689
-3.93746
-4.67646
2.95775
-2.17094
-17.5313
-3.9185
6.71061
8.80916
-17.2859
-2.44606
-14.4151
1.38347
-1.2182
17.689
-14.6102
9.96723
-15.3472
15.2021
-29.6173
10.3755
38.8155
-0.0154114
-38.8141
-10.3523
29.6227
-15.2061
15.3451
-9.95461
14.6137
-17.6866
1.23724
-1.34896
14.4234
2.45695
17.2829
-8.82228
-6.71265
3.94476
17.5316
2.15523
-2.96993
4.65925
3.92506
-15.6697
-2.81593
11.1209
-5.02864
18.6543
-7.73721
3.75386
-9.37851
10.1923
6.53136
20.173
27.8466
-13.6711
-9.36515
-3.54433
9.31989
19.2145
7.73161
-5.48639
-10.6539
3.15832
10.1018
0.3085
15.0399
21.8264
-5.94991
1.87727
1.26378
15.7553
18.5112
-8.95243
-11.6429
-13.9747
17.2519
8.53464
6.23614
21.0969
-9.70068
11.4455
1.80801
2.75629
1.75132
4.57094
-2.28542
1.10531
-8.57101
-0.395962
-16.1786
7.66995
-0.50429
-17.8718
26.6371
25.3355
9.97718
-8.09495
6.61076
10.6071
8.94155
11.9349
2.90607
10.0988
-13.8981
-9.97737
-20.5928
-12.0212
4.08202
6.99094
-17.3219
17.6361
15.2982
12.986
-4.01547
33.2478
27.6325
2.16091
19.4194
7.7807
-13.9314
25.7053
-7.21359
5.53428
-0.87755
4.22782
6.44657
-11.4996
-12.8199
-6.27268
-13.7388
-21.0453
-12.8997
15.1634
-14.7386
-17.098
3.82933
13.1105
-0.282352
-16.2432
-18.1122
0.261101
-11.0801
18.2448
11.9559
21.9518
26.0197
16.3466
1.19546
-2.16642
3.4126
-9.95147
-2.31365
8.50627
12.3358
-5.4963
14.2013
-5.10211
4.95086
1.50876
5.33213
10.4776
20.6138
23.3043
10.14
3.49376
-21.2668
-5.61997
-10.0087
14.5079
-31.5433
8.51414
8.13607
7.67456
10.9554
12.8111
-1.61529
-20.8191
-19.1952
13.0797
8.80153
-9.84099
12.2534
-26.7973
-0.0915567
16.1146
-20.2172
12.5472
-6.64423
-2.37072
12.4183
-6.26266
-8.10597
-18.97
-8.44692
2.06869
-10.8918
-4.36998
-21.6161
-3.91415
-2.54434
-3.31946
10.865
-14.455
-16.509
26.7485
1.20673
-0.0982911
-17.3316
7.72328
-12.7045
2.95107
31.2006
-6.80272
10.8991
-8.89916
-8.21417
-4.01549
-1.6838
19.4645
-8.97948
22.2662
-25.5314
15.1465
9.51808
-5.83171
10.4828
-15.513
11.9234
-11.6085
7.72985
-17.1931
8.92155
16.4177
6.21986
-7.50637
0.450194
-33.0617
-5.86868
16.6837
16.8998
-19.2162
4.8745
14.7205
26.0916
-18.5093
-0.526147
7.6981
29.8612
17.3957
-1.30105
-15.2522
-13.4492
-10.6826
11.7423
-7.65249
7.96257
1.85744
23.6662
22.0504
3.95341
2.23478
-0.6043
-4.58336
-5.35802
10.4967
-7.40753
-3.14998
-12.0549
-13.0141
-4.00474
-11.2236
7.5142
14.7507
4.51518
-12.5088
-20.5773
-9.739
24.2544
20.5513
21.2993
-7.24608
-4.82717
-0.253066
-10.7378
-2.50018
-5.91544
-7.85188
8.62587
5.87097
-8.61073
7.34958
-26.3254
-33.2916
31.415
-9.90533
-18.1851
-5.85678
-7.05474
-34.9264
11.7498
-2.46082
9.6369
-14.4319
18.3091
2.46971
16.6692
-7.60231
-17.6837
-26.0845
-10.3996
-10.9823
32.9039
-0.90579
-1.54675
-17.3395
-1.11126
15.1427
16.7526
1.32121
5.87754
17.7479
10.92
-22.7523
-2.56373
-19.2083
1.31905
-14.7991
13.6904
12.6466
2.52835
-1.36595
55.5892
46.9364
-10.0949
17.8781
-5.5351
-0.180034
7.54837
6.28851
-10.7575
9.66998
-7.54442
13.5903
-10.217
22.4382
10.607
4.84936
-0.739478
9.13782
-22.8419
19.5487
-6.83324
-1.80495
29.8123
-5.77039
13.2847
-6.13225
31.1061
7.35159
-5.78348
-4.89894
-9.04905
-2.65124
-11.3016
-26.2993
4.89939
4.00106
7.63624
31.732
15.7635
-22.6494
5.32856
-9.21632
-9.25423
-12.4455
-19.49
11.2715
18.1322
-3.73293
-20.7088
-15.4295
-22.8432
18.4141
25.5609
-11.5406
3.92584
16.3722
-2.50977
0.619412
-4.29899
-8.31853
33.4981
-14.8691
18.7122
36.0842
-11.3736
-5.93409
-3.75287
19.0971
-2.04178
3.86144
22.2236
4.35758
8.42547
-17.1023
33.8653
-33.4627
9.24729
-4.01246
2.7068
-7.54382
-12.823
-13.7158
-18.2049
-2.07335
-8.85559
-27.2031
-16.0114
27.9253
-5.06218
-0.995449
1.96746
27.5637
21.8339
4.94514
-4.80214
-15.1697
19.8841
-16.7344
0.252543
3.37424
12.1898
-6.49034
-5.48505
-16.685
0.249296
-0.874382
15.4235
-7.56866
23.3709
-0.202215
1.21082
2.14362
-21.4695
-13.5055
-14.4956
-13.9244
3.41225
7.03691
2.89252
2.80042
-10.1996
-7.20701
4.82445
10.5301
-25.9569
-3.34767
1.33739
15.1626
20.2013
-12.1518
21.4587
12.0554
-11.9252
13.1412
-20.3122
-7.27066
14.5401
0.997075
7.3686
-6.20705
-23.027
5.28098
-3.47507
20.3443
7.3987
18.3683
-10.8915
-1.92918
-9.2396
-10.2473
-14.0254
-4.90882
23.309
-5.89097
-14.8931
35.6785
-12.6283
-8.47855
-6.15923
9.5627
-18.1908
17.656
2.16929
1.60262
-11.0243
-8.25171
24.5996
-26.3778
1.3242
6.74977
-5.27707
8.45838
-12.7298
-3.56064
-15.721
-12.6534
12.4001
-9.33052
0.25704
5.77601
2.41151
20.4809
-31.5646
4.15003
-7.2489
2.81829
14.9837
-7.19161
15.5207
