-0.211559
0.947775
0.416684
0.327361
-0.807994
-0.752356
-0.909541
0.732763
0.233495
0.360259
-1.11333
0.964428
0.765576
-0.611752
-0.74382
-0.679337
-0.493075
0.210506
-0.183158
-0.453578
0.266536
-0.738703
-0.432155
-0.155667
-0.0817012
0.66936
-0.553229
0.0641734
0.127845
-0.993993
0.282245
-0.706338
-0.942716
0.983672
0.877613
0.595276
-0.348446
-0.824143
0.402748
-0.125051
-0.718644
-0.0424429
-0.932937
0.910052
-0.492049
0.441897
-0.34565
-0.0742167
0.10386
-0.643254
0.920206
0.535533
0.84681
0.744542
0.337538
0.908239
-0.912939
-0.714904
-1.00323
-0.435221
-0.137558
-0.554475
0.732756
-0.262017
-0.425513
0.22462
-0.689786
0.697309
-0.933303
0.965057
0.587603
-0.625113
-1.06512
0.656872
0.536038
0.505519
0.662213
-0.899256
-0.40917
-0.82331
0.68557
0.233323
-0.351037
-0.812216
-0.296051
-0.2608
0.476563
0.34811
0.828224
-0.0898054
-0.855569
0.474936
0.564525
0.0932053
0.583222
-0.103687
0.0516175
-0.2046
-0.896864
-0.729647
-0.95181
0.322714
-0.391431
-0.122093
0.807963
-0.391131
-0.299009
0.603039
-0.668758
-0.989848
-0.487708
-0.766719
0.872248
0.648757
0.231057
0.861771
0.489565
-0.643137
0.884972
-0.0282974
0.653353
0.835431
-0.307465
-0.823449
-0.534898
-0.122049
0.674609
0.726898
-0.958308
0.0243676
-0.216853
-0.605463
-0.854168
-0.265143
0.997967
-0.435531
0.06278
0.292255
-0.301255
0.952672
0.931627
-0.400893
0.00954005
-0.382543
-0.414859
-0.896261
0.252125
-0.0582451
-0.887401
-0.514158
1.00003
-0.596339
-0.833603
-0.128386
0.972468
-0.398309
0.496066
0.526611
-0.465526
0.51833
-0.225222
0.245103
0.214748
0.0319199
-0.86341
0.678513
-0.374624
-0.523798
-0.912582
0.155225
0.404844
-0.910446
0.000307711
-0.559271
0.403432
-0.821647
0.298798
-0.176348
0.857226
-0.748539
-0.303495
-0.74302
0.908169
0.822634
-0.474173
0.460044
0.522809
-0.00851526
0.0704568
-0.621232
-0.959108
0.833565
0.724618
0.116303
-0.413095
-0.399166
0.544652
0.802624
0.823645
0.738697
0.317447
-0.89947
-0.684008
0.81475
0.228197
-1.0197
-0.821365
0.367333
-0.968081
-0.74389
0.112418
0.425031
0.432345
-0.524693
0.463155
-0.530947
-0.298756
0.542994
0.38277
0.716982
0.42935
0.0894098
-0.958511
-0.336512
-0.457579
-0.462367
0.899331
-0.248347
0.85657
0.237828
0.645305
0.0101683
0.229687
-0.127827
-0.577662
0.47529
-0.365923
-0.94261
0.286944
-0.736772
0.991683
0.98867
0.730005
-0.352931
-0.960238
0.90282
-0.12129
0.961509
1.07003
0.662131
-0.366186
-0.239434
0.609562
-0.392701
-0.649346
-0.0201412
0.902288
0.398852
0.196487
-0.847065
0.25957
0.987988
-0.777229
-0.0517661
0.716386
0.30604
0.394401
0.340706
-0.295533
-0.383137
0.805336
0.760446
0.78104
0.828846
0.133869
-0.0439647
0.667712
0.287192
0.440178
0.69291
0.816665
-0.322135
-0.158834
-0.903367
0.0732936
-1.04441
-0.0351087
0.181387
-0.559194
0.0624147
-0.967333
-0.963242
0.632861
-0.304845
-0.808807
0.0840309
0.701281
-0.599036
0.263782
-0.780252
-1.0538
0.0900404
0.166024
0.224783
0.441847
1.01533
0.108579
-0.421919
0.577354
-0.376648
-0.11356
-0.853303
-1.01256
1.02365
0.635904
0.246355
-0.20575
-0.71807
-0.612339
-0.488477
0.110954
0.414719
0.319523
-0.469519
1.06463
0.509081
0.125424
0.266588
-0.125641
-0.595145
-0.194508
0.585304
-0.92336
-0.697284
-0.850844
-0.959758
0.734243
0.476976
-0.00894085
-0.90007
-0.0555044
-0.178589
-0.753624
-0.128305
-0.200957
0.131119
0.219957
-1.00066
-0.249421
0.263545
0.17021
0.774955
0.331596
-0.71516
-0.89141
0.28321
-0.916445
0.245188
0.973122
0.231148
-0.0704508
0.269111
-0.14044
0.147926
0.876915
-0.229051
0.902495
0.765049
-0.595632
-0.92475
-0.865774
-0.861553
-0.755733
0.37062
-0.851393
-0.429433
0.621934
-0.960164
0.619716
-0.391664
-0.655976
0.301383
0.151823
0.798455
0.493699
0.523034
-0.509141
-0.613387
0.607609
0.641178
1.00183
-0.15799
-0.216118
0.653443
-0.348489
0.903384
0.782762
-0.0731081
0.660662
0.590453
-0.83471
0.953933
-0.0615285
0.677124
-0.385771
0.805486
-0.28345
-0.958339
0.880046
-0.818709
-0.319219
1.05966
1.0035
0.237774
0.42832
-0.0353092
-0.477563
-0.304559
0.356995
0.404842
0.552628
0.743599
-0.910734
-0.125375
-0.853287
0.10154
-0.197058
0.816897
-0.235135
-0.887023
-0.722619
0.611975
0.0885471
-0.871241
-0.816263
0.369974
-0.759012
0.722689
0.456484
-0.81718
-0.881946
1.03912
-0.251861
-0.174142
0.647378
0.995491
0.985216
0.498429
-0.357909
-0.918435
0.570523
0.0981036
-0.163937
0.806388
-0.674519
-0.0712849
-1.03406
-0.205776
-0.917741
-0.814451
-0.924883
0.338252
0.561696
0.21228
0.904478
-0.354064
-0.441611
0.726498
-0.642917
0.927727
-1.08857
0.869229
-0.854509
0.90392
0.0068767
1.05732
-0.871809
0.0907587
0.929959
0.0622305
0.201153
0.456205
-0.13237
0.341137
0.247348
0.794589
-0.850679
-0.58237
0.942757
0.84069
-0.0520849
0.145766
-0.545623
-0.641259
-0.186265
-0.214396
0.0516798
-0.882014
1.02263
0.917811
0.480872
-0.123722
-0.474746
0.73757
0.270546
-0.576808
0.822283
0.769792
0.860857
0.395254
0.241664
-0.151582
0.892286
0.720699
-0.849957
-1.10689
-0.220112
0.726087
1.02266
-0.735823
0.123249
-0.242524
0.882963
0.716873
0.773689
-0.0669412
-0.298911
-0.491644
-0.83559
0.656221
0.685658
0.982508
1.05569
0.0843547
0.608281
0.914306
0.641672
-0.550111
-0.106055
-0.825354
0.929139
0.204013
-0.565043
0.256358
0.236407
-0.322703
-0.680641
0.260338
0.0695805
0.52281
0.0726248
0.720528
0.0596637
0.0469895
0.69035
-0.25125
-0.932886
-0.948477
0.597125
0.207913
0.451594
-0.521566
-0.737261
-1.0644
-0.131963
0.152407
-0.117552
-0.124085
0.777623
-0.326923
0.0848426
0.581423
-0.172978
0.182977
0.766139
0.971839
-0.660249
0.80233
0.0123035
-0.419969
-0.165207
0.953257
-0.0362248
-0.315008
0.288607
-0.456045
-0.819148
-0.772734
-0.815036
-0.720759
-0.714141
0.380663
-0.727247
-0.233676
0.825607
-0.189479
0.326768
-0.824136
-0.703116
-0.885728
-0.686169
-0.443661
-0.685032
-0.749404
-0.854691
-0.139026
-0.591586
-0.27961
0.0793442
0.439247
-1.06419
0.642013
0.273872
-0.804162
0.809504
0.825768
-1.03187
-0.514062
0.557406
0.427504
-0.564476
-0.530351
-0.294837
-0.010867
0.110035
-0.297755
0.00467918
0.500198
-0.907422
-0.319867
0.475915
0.893452
0.0995115
-0.00511985
-0.980129
-0.127606
-0.0307464
-0.492208
-0.552098
-0.372239
-0.86535
-0.337917
-0.610769
-0.344923
-0.770758
0.880238
0.34858
0.4162
0.598144
-0.0236167
-0.722735
0.00424299
0.205904
0.495156
-0.233454
-0.928935
-0.478986
-0.33428
0.282947
0.0476336
-0.332334
1.08643
0.263619
-0.54497
-0.889099
-0.702025
-0.36557
-0.618234
-0.469934
-0.449174
-0.55076
0.854921
-0.828921
0.0690042
-0.199672
1.03398
-0.835782
-0.176415
0.997075
0.800573
0.663942
-0.525426
-0.583012
0.406755
0.918893
-0.0884828
0.0869073
-0.490341
0.626147
-0.583234
-0.426888
-0.0636302
-0.116471
-0.583241
-0.75028
0.216349
-0.527081
0.132106
-0.696497
0.00145482
0.00591177
-0.854678
-0.308941
-0.741106
-0.905787
1.07546
-0.401738
0.678783
-0.591771
0.423465
0.629089
0.101672
-0.114112
-0.140377
-0.285903
0.931261
0.629349
1.02966
-0.746376
0.571755
0.867854
-0.66926
-0.967915
0.480528
0.19174
0.711941
-0.669951
0.596924
-0.699333
-0.626415
-0.587923
0.768702
0.366043
-0.0404626
-0.331731
0.641835
-0.312288
0.611912
-0.147866
-0.384575
-0.0343486
-0.396693
0.605352
-0.0334215
-0.674508
0.727622
-0.182634
0.149147
0.742885
0.251149
-0.771255
0.820526
0.260622
-0.415139
-0.773651
0.636163
0.404165
0.0293873
0.717829
0.613949
-0.796811
-0.366607
-0.557742
0.625374
-0.881914
0.168362
0.630383
0.739385
-0.350399
0.629957
-0.874295
0.67386
-0.791691
-0.25244
0.521603
-0.657927
-0.509288
0.421411
0.461272
0.216154
0.514125
0.0449804
-0.521626
-0.377618
-0.614399
0.987871
0.125819
-0.174938
-0.0230607
0.956052
-0.702182
0.244747
0.102962
0.261122
-0.957667
0.894188
0.904904
0.137843
0.467496
0.945749
0.454594
-0.677361
0.154981
0.211261
-0.144541
0.476769
0.917588
0.742419
-0.250003
-0.909782
0.974049
0.690792
-0.776221
0.776001
0.693115
0.136196
0.196648
-0.248517
-1.00601
-0.258193
0.738337
-1.05491
-0.482733
-0.159873
-0.0636566
0.803618
-0.277284
-0.32981
0.470273
0.0570662
-0.537023
-0.138317
-0.693136
-0.560047
0.0530736
-0.191446
0.935228
-0.352131
0.0814886
0.246774
-1.00793
0.397081
-0.621189
0.979981
-0.696637
-0.0680416
-1.00092
0.968472
-0.0323624
0.245111
-0.831155
0.57843
-0.515474
0.783185
-0.647059
-0.511998
-0.971636
-0.0391757
0.12735
-0.853582
0.534259
-0.190676
0.0803797
-0.222279
-0.156269
0.100624
-0.709955
-0.573312
0.863832
1.01933
-0.267306
-0.467783
0.489289
-0.246177
-1.07825
-0.749707
0.514394
0.284954
-0.937037
-0.591626
-0.591218
0.291486
-1.04674
-0.77556
0.472867
-0.624562
0.240367
-0.645219
-0.936141
-0.596804
0.49791
0.74005
0.695729
-0.246665
0.257668
-0.479718
-0.556072
0.734894
-1.04621
-0.882281
-0.573242
-0.871782
-0.520838
0.12173
-0.209171
0.731247
0.685474
-0.374519
-0.481168
-0.251706
0.206484
-0.515073
0.255691
-0.138753
0.110892
-0.0307849
-0.323613
1.18163
0.594281
-0.844657
0.761471
-0.0401743
0.751178
0.68566
-0.134117
-1.02157
-0.422375
0.0559511
0.311303
-0.504206
-0.803692
0.638044
1.02965
0.0421304
-0.653504
-0.444037
-0.959856
0.901257
-0.872538
0.124609
-0.40703
0.0669647
0.371501
0.648254
-0.673935
-1.09172
-0.638341
0.777791
0.755671
0.150435
0.160739
0.38121
-0.72333
0.813914
-0.1609
-0.1995
0.0366056
-0.980157
-0.631513
0.459248
-0.788945
0.22829
-0.544948
-0.16626
-0.371974
-0.354094
0.353588
-0.449097
0.202206
-0.0264656
0.344355
0.990257
0.371486
-0.57712
-0.970406
-0.427262
0.19439
-0.878219
0.0160521
0.30081
-0.29151
0.56225
-0.870971
-0.815141
0.447907
0.0127556
0.375303
-0.104349
-0.535273
0.677202
0.589557
0.341523
-0.47204
0.0586667
-0.245764
-0.892731
0.901312
-0.659801
0.891688
-0.149254
