0.139036
0.0411574
0.195017
1.02595
0.298509
-0.0789822
-0.290301
-0.403341
0.298502
-0.104081
-1.04247
0.35913
0.390892
0.164828
-0.289921
0.325793
1.25175
-1.17774
0.446609
0.906641
0.5584
0.932185
0.36527
0.456323
0.14359
-0.112886
-0.096831
0.307652
0.29934
0.889203
0.15274
-1.0649
0.41731
-0.00213794
0.569668
0.276934
-0.324163
-0.648411
-2.09333
-3.80767
-7.60838
-18.2046
-36.923
-47.8855
-10.9025
55.452
16.1692
-52.9841
75.0318
-38.0536
120.872
-120.744
-16.2947
4.53255
2.31459
0.693505
-1.15935
-1.46099
-3.64332
-0.726257
-1.07169
-1.92813
-0.880286
-1.47116
-2.57447
-1.62195
-2.10095
-2.17849
-2.07465
-2.3556
-1.75226
-2.12867
-2.07103
-2.24779
-1.09086
-1.09649
-2.21678
-2.43848
-3.57291
-3.86808
-6.36906
-6.00106
-6.51051
-5.78601
-0.234647
9.22104
18.1844
11.7003
-6.61629
-11.4679
6.83627
15.0348
-4.81371
-2.94203
12.3594
-6.77415
-1.38053
-4.41298
-19.9169
-18.3908
-38.1478
-38.6052
33.5698
42.8124
13.8862
-6.39852
-10.4843
-7.58234
-3.0824
0.153553
1.1151
0.497525
-0.057559
-0.209605
0.601068
2.3243
3.01953
2.51007
2.1674
2.32255
3.01656
3.6723
4.23561
5.25386
6.35529
5.16708
5.1929
3.76057
-0.610618
-1.07611
1.3962
6.12495
4.85394
-2.75268
-3.04622
2.76797
3.47837
-5.73059
-0.0594018
6.64439
-4.13862
-0.760561
6.96842
-5.4985
7.92745
0.966044
-1.25436
8.73313
-7.61505
17.1528
-8.64738
8.67301
10.1524
-50.6097
8.21758
42.1871
-5.64387
-24.4273
-0.649638
11.1692
-1.02027
-3.03067
-0.322407
1.27345
1.63368
1.09535
1.81196
1.02133
0.488343
-1.80039
-2.54045
0.910083
4.72435
4.58131
-0.943891
-4.79795
-1.54809
2.37861
4.6199
-4.5794
-3.29827
3.59822
0.0682568
-6.62828
-1.13973
6.55924
-9.4444
-1.20846
9.58981
-9.51458
3.24872
4.39401
-5.08294
12.2195
-6.138
7.23146
-0.282315
-2.28995
-2.54714
-2.49474
-13.1581
9.01
-25.1323
25.1573
16.3813
-16.4769
-8.91806
5.5266
3.17008
-4.07527
-3.20309
1.96297
-1.41587
-0.40809
2.26324
1.10505
-3.98832
-6.03979
-0.165089
3.08657
1.358
-3.28696
-1.51819
1.43961
3.66981
-3.28234
-2.13912
5.89983
1.13389
-7.91929
4.46933
4.77114
-6.69096
4.79442
3.66322
-7.9791
6.17218
0.938679
-6.10548
10.3997
-9.11428
7.58576
-3.97467
-3.1569
7.79364
-10.3403
9.6392
-14.9296
18.2318
-16.4275
17.1165
-8.99078
2.59932
14.4347
-30.9665
9.2348
19.7117
-11.8107
-14.2517
10.8139
10.782
-10.0859
-5.75432
4.81477
4.50842
-3.8565
-2.03587
4.17392
-2.0547
0.567682
1.59725
-1.66321
2.66868
-0.719754
0.881159
-0.742899
0.213978
1.59845
-1.85913
2.57655
-1.73601
1.11262
0.167018
-1.62497
1.70266
1.86413
-3.50256
3.62215
-2.18683
0.0658144
2.38878
-4.612
6.48228
-6.98422
5.76138
-3.11009
3.27345
-2.81048
4.53276
-6.63
8.83674
-15.3047
20.9618
-25.4475
16.6346
9.85103
-29.919
27.1698
-11.9954
-2.57031
11.576
-11.0212
6.64935
-3.42233
1.50611
1.26924
-2.25265
3.29062
-3.11696
2.75201
-2.48811
2.15575
-1.68092
0.514232
0.41881
-0.8155
1.24929
-0.972426
0.198498
0.441964
-0.634742
0.56665
-0.711518
0.228581
-0.597264
0.37958
-0.523562
-0.778957
0.590258
-0.642333
1.1191
-0.442111
0.583531
-0.510312
0.294738
-1.04739
0.684566
-0.697968
0.0728215
-0.319219
-0.29646
0.692175
1.68931
-2.81122
4.62318
-3.4622
-1.93029
4.26717
-1.56461
-0.279101
-0.35196
-0.0914933
1.69355
-3.84637
5.1432
-4.24062
2.44981
-1.46903
1.80476
-1.62766
1.04579
-0.043333
-1.84864
2.43073
-1.25434
-0.183248
0.855798
0.23128
-1.1312
2.36191
-3.05653
1.34729
0.638339
-3.48265
4.33964
-2.34367
0.209011
3.55521
-4.68685
3.21653
-1.54258
-0.639412
2.84494
-2.57787
2.16963
-3.43938
2.88696
0.169279
-0.195455
0.199448
-0.861004
1.70954
-0.298723
-1.0194
0.430999
0.167784
0.347961
0.934895
-0.721279
-0.0836932
1.0513
-1.54351
1.19235
0.357002
-1.92002
2.32476
-0.147135
-1.18821
0.170807
1.36233
-0.145056
-3.03433
3.73909
-0.775871
-2.60035
6.01517
-2.73036
-2.05213
4.68943
-6.07522
1.10423
3.42187
-2.05179
2.52044
-2.20416
-0.911454
-0.210313
1.06074
2.32881
-2.23078
0.148148
-1.90452
4.69145
-0.820769
-1.99574
-1.2327
4.49089
-0.540031
-1.27862
-2.43465
3.19014
0.520145
-3.45034
0.239031
3.40916
0.402647
-4.95002
0.254904
3.23791
-2.30584
-4.25161
3.89754
2.84258
-5.17081
-1.14615
4.02388
-1.53598
-2.32329
2.60293
-1.317
-0.254627
1.88009
-0.043251
1.31439
-2.37664
-3.3492
2.36876
1.61157
2.77027
1.84399
-3.7765
-1.778
-2.05263
3.64972
2.69128
-2.56696
-4.24021
-1.50907
4.73336
1.14578
-1.31552
-1.228
3.06742
1.36047
-0.670204
-2.22977
0.869573
-0.743054
-0.968162
-1.14484
1.0277
-0.775395
0.570876
1.11181
0.281802
0.470243
0.359335
0.558153
-0.564908
-0.729911
0.0554169
-0.407007
0.0684831
0.97682
-0.0760939
-0.328364
0.130838
-0.456081
0.447018
0.69314
0.231501
0.434007
-0.691582
-0.10831
0.716497
-0.509906
-0.345901
-0.799243
0.717662
2.39288
0.76625
-0.789387
-0.955081
0.0751873
0.683303
-0.315753
0.844341
-0.297525
0.806857
-0.465053
0.294349
0.0277411
0.892378
-0.278117
0.110014
0.499051
0.00244947
-1.27706
-0.0997829
-0.590785
0.588712
-0.962172
1.49916
-0.269725
-0.00556867
0.977062
-0.702997
0.0768158
0.25741
-0.0965005
-0.0254475
0.189716
0.461573
0.0829244
0.206659
-0.0653236
0.152039
0.636775
0.27835
0.802148
0.574704
-0.539227
0.306146
0.17079
-0.277051
0.176537
-0.18162
-0.144177
0.384046
0.00508206
0.476316
0.0634182
0.420674
-0.0639527
0.00967651
-0.421626
0.409053
0.146156
0.151593
0.0779883
0.207493
0.601312
0.287374
0.233963
0.0652236
0.086282
-0.414021
-0.361311
-0.0204498
0.0149334
0.207205
0.337454
-0.147085
-0.158247
0.0955304
-0.121456
0.153364
0.446617
0.276764
-0.441684
-0.183965
0.177021
0.790573
-0.321791
-0.381447
0.253801
0.501506
0.255514
-0.107473
-0.0534834
0.322355
0.122533
0.050595
0.137532
-0.346703
0.10884
0.262482
-0.0279892
0.218052
-0.0376974
-0.191866
-0.427582
0.400011
0.0908639
-0.479051
-0.03791
0.66626
-0.189347
-0.452966
0.51436
0.0237789
0.0149414
-0.666544
0.192379
-0.0435479
0.0749362
0.790704
0.487216
-0.188271
-0.141575
-0.521185
0.113013
0.280169
0.0750026
0.0149347
-0.042686
-0.13508
0.758095
0.118621
-0.567481
0.460525
0.251836
-0.495982
-0.0922316
0.156219
0.185305
0.56881
-0.0390973
-0.26806
0.177688
0.146581
0.312894
-0.189037
-0.0500418
0.352505
-0.303461
0.365129
0.000543354
0.220456
-0.546092
0.0799282
0.51592
0.0936027
-0.660666
-0.109603
0.217877
0.0598186
0.173432
-0.321865
-0.886426
-0.143688
0.843292
0.31321
0.0695537
0.241318
-0.346179
-0.493675
0.648845
0.182691
-0.258729
-0.634208
0.0456145
0.938465
0.875323
-0.342232
-0.16482
0.866091
-0.567611
-0.57136
0.227627
0.796392
0.289858
-1.19077
-0.547194
1.34112
-0.137905
-0.392496
-0.202124
0.517773
0.939421
-0.782157
-0.243948
0.0239157
-0.468038
0.300733
0.184952
0.590598
-0.318723
0.192118
0.0560251
0.23406
-0.300952
-0.0593827
1.09123
-0.0847845
0.348973
-0.447447
0.198821
-0.00271877
0.377041
-0.192595
0.328228
-0.0140058
0.742996
0.374928
-0.586124
-0.58636
1.03481
0.716459
-0.0215377
-1.8875
1.30373
0.554855
-0.4132
0.0543406
0.374324
0.637494
0.507388
-0.880494
0.471443
-0.424928
-1.15494
1.62874
0.228531
-1.08926
0.763179
1.79524
0.673311
-2.83061
-0.302334
1.76599
-1.0358
0.394795
1.16305
1.73301
-3.02952
0.644377
0.891561
-2.5295
1.15394
0.813413
1.13247
-0.433826
1.59884
-1.69721
0.223556
-0.143207
0.490194
-0.63643
0.78408
-1.01267
-1.28927
0.776295
-1.31384
0.778343
-0.46997
1.59862
-0.575746
0.202363
-0.495033
0.419005
-0.998552
-0.593017
2.21667
-1.75385
1.74716
-0.40173
-0.352904
1.18123
-2.44595
-0.994017
0.697862
-1.42253
1.13573
0.434145
-0.244612
0.794853
-1.55126
0.82894
-0.257391
1.10945
0.0409077
0.0584496
0.414344
-1.54276
1.06214
-0.246318
-0.393171
0.665463
0.0502902
-0.379907
-0.623484
0.26846
-0.211784
0.484847
-0.0563021
0.16638
0.318338
0.0229353
-0.419715
0.183736
0.399297
0.118924
-0.175193
0.443032
0.0426082
-0.0208697
-0.210078
0.336946
0.496905
-0.49861
-0.428689
0.543697
-0.427377
0.254922
-0.286505
0.29299
0.177309
-0.0185363
-0.0263459
0.611072
-0.128203
-1.17021
1.20907
-0.253938
-0.0149601
0.444598
0.154617
-0.360305
0.214685
0.0502733
0.267899
0.283818
-0.0342876
0.204312
-0.403673
0.556307
-0.088474
0.266428
0.117167
0.249092
-0.306168
0.323746
0.177365
0.457019
-0.116274
0.141764
-0.130772
-0.562429
0.439502
-0.285956
-0.0481208
0.0510788
0.287129
-0.182053
0.24959
-0.116782
0.463007
0.0760676
0.116479
0.118929
0.301834
0.279646
-0.294983
0.174374
0.227156
0.347956
0.264593
-0.445706
0.304761
0.160301
-0.186034
0.132687
0.769393
-0.977554
-0.0279751
0.570574
-0.308437
-0.135235
0.497288
-0.136968
-0.35781
0.480942
-0.369436
0.218156
0.284216
-0.233606
0.993048
-0.538257
0.864955
-0.669097
0.425836
-0.323245
0.228384
0.0764175
0.118465
-0.503939
0.252478
-0.623126
0.838782
-0.444035
0.484288
0.316819
0.167923
-0.152267
0.139233
-0.341126
0.731928
-1.23135
0.805143
-0.761547
0.648693
-0.460485
0.294871
-0.0849017
-0.0822925
0.200821
0.0497307
-0.140503
0.264063
0.0912312
-0.00174535
-0.209192
0.0226989
0.109001
0.0625102
0.0801519
0.0903847
0.1853
0.175499
0.0243057
0.107718
0.0103695
0.0431061
0.0277046
0.0656309
0.0220739
0.0382392
0.0594895
0.0484982
0.0607599
0.062367
0.147423
0.109646
-0.0429696
0.0607276
0.116791
-0.171546
0.0650891
0.0356294
0.097103
0.0797265
0.0464645
0.0899413
0.0937325
0.0623283
0.0933459
0.0376652
0.0469914
0.0200463
0.0603877
0.0411
0.0379042
0.075873
0.0691845
0.155545
0.0435196
0.0577799
0.103043
0.0280855
0.0929308
0.102991
0.00344999
0.0391856
0.192735
0.0232866
0.0387027
0.0440846
0.047579
0.117528
0.0454297
0.166037
0.0671586
0.158689
0.0555064
0.0365358
0.0413624
0.00363554
0.136761
-0.0215388
0.350624
0.172146
0.133806
0.147173
0.109092
0.0817342
0.0245861
0.0545744
0.0630409
0.251547
0.0687758
0.0963611
0.0170465
0.00372276
0.036813
0.050012
0.0341535
0.00466821
0.144738
0.085538
0.255564
-0.0112946
0.0663607
-0.0855569
-0.00158413
0.0263232
0.00258459
0.0383394
0.0987021
0.110549
-0.152031
0.0215947
0.0631995
0.251854
0.212921
0.14228
-0.0412181
0.0737104
0.0712972
0.0243645
0.743472
0.0157135
0.22524
-0.000926208
-0.102637
-0.00691612
0.0685342
-0.0355412
0.227779
0.052451
0.0276805
0.170899
-0.0732333
0.201933
0.173907
0.0391419
0.0204755
-0.149892
0.0340053
0.112317
-0.0405184
0.0154193
0.0146338
0.0650041
0.02052
0.596167
0.10964
0.126069
0.139954
0.434433
-0.064976
-0.0903929
-0.0514688
0.0894866
0.240251
0.385799
-0.0774882
-0.197049
0.192395
0.0571254
0.0223074
0.0947352
0.0213967
0.014214
-0.267639
0.0556762
0.31694
0.108127
-0.111186
-0.0206794
0.0166561
-0.501612
-0.434649
0.103852
0.267629
0.0927711
0.0678923
0.109606
0.217239
0.113411
-0.0615957
0.028551
-0.0434518
0.0479278
-0.0682437
-0.0425101
0.601723
0.142197
-0.0575676
0.0540012
-0.0167133
0.161821
0.191127
0.042332
0.037252
0.00905192
0.0937818
0.0226325
0.0855283
-0.0279635
1.50281
0.0504985
0.0784916
0.0150585
0.0302271
0.284834
-0.0219731
-0.100965
0.112885
-0.0304215
0.141018
0.118014
0.091647
0.148399
-0.0312591
0.483095
0.0312347
0.0920634
0.0574965
0.0544977
0.130375
0.0263565
0.280045
0.122281
0.0274851
-0.0430801
-0.000288146
0.0725713
0.105763
-0.0726555
0.125211
0.163793
0.0825901
0.0168783
-0.0197249
-0.0412683
0.271518
-0.137009
-0.0689978
0.320278
0.0811158
-0.0359668
-0.0264336
-0.0155577
0.0289355
0.00691267
-0.0503465
0.044616
0.0137298
0.0261988
0.0498243
0.0441337
0.0988089
0.106182
0.0799653
0.0312727
0.190636
0.0116067
0.056848
-0.0775753
-0.00739962
0.168039
0.0988076
0.000646722
0.102098
0.12948
0.157617
0.0412987
0.0549847
0.319225
0.0115191
-0.0119163
-0.0163022
0.257403
0.0441403
0.0668543
0.0433703
-0.245126
-0.0146871
0.0339626
0.148704
0.432653
0.352015
-0.130902
0.298073
0.0624371
0.255604
0.0161443
0.161846
0.117275
-0.0587579
0.0513028
0.164796
-0.170646
0.0673498
0.0273705
0.0243452
0.249968
0.27108
0.299855
0.354045
-0.165906
0.136006
0.373104
-0.172526
0.142686
0.0526742
-0.0334557
-0.10259
0.11739
0.0758512
0.0252403
0.0933401
0.0154596
-0.001562
-0.180357
-0.233993
-0.0467497
0.120221
0.264667
0.0426651
-0.0167924
-0.0593522
0.0741954
0.0601075
-0.00955316
0.309936
0.0632302
-0.00587734
-0.0410676
0.0344786
-0.212666
-0.213513
0.21962
0.15554
0.0687735
0.164787
0.219572
0.14485
0.0911393
-0.00190364
0.0878561
-0.234751
0.136065
0.0680329
0.0800886
0.256687
0.0701507
-0.0851918
0.572061
-0.400199
0.0754339
0.269067
0.318364
-0.00170724
0.0334258
-0.0834542
-0.000613106
-0.0172604
0.0631935
-0.0194384
-0.00761894
0.0893704
0.0861178
-0.01041
-0.00454472
-0.0321456
-0.554896
0.436502
-0.601659
-0.0741503
0.0623281
-0.103854
0.330545
0.192348
0.0702819
0.0473881
0.0507698
-0.0626119
-0.0948262
0.378399
0.0734377
-0.148041
0.0896452
0.113504
0.207977
0.186456
-0.0561761
0.27926
0.848377
-0.0619773
0.0599133
0.0779388
0.0915416
0.00299439
0.105077
0.0220245
-0.473987
0.0523723
-0.568279
1.96296
0.0891934
0.0129029
0.0796401
0.221661
-0.0662928
-0.142252
0.119526
0.0672052
0.020577
0.0776029
0.192549
0.428971
-0.108016
0.0553887
0.0951233
-0.180459
-0.295117
0.16818
-0.103909
0.0985626
0.0479507
0.0860556
0.0819151
0.0592751
0.12489
0.0351065
0.180997
-0.0292488
-0.0250525
-0.00222879
0.191579
0.0740093
0.290237
0.23687
0.534339
-0.0522462
0.00642878
0.0868353
0.0447415
0.10921
0.0706249
0.0296887
-0.00343793
-0.0443819
0.0596768
0.180105
0.148593
0.00151575
0.00288533
-0.265927
0.255743
-0.100052
-0.115798
0.0269826
0.00879836
0.203546
0.0158934
0.0854873
0.191417
0.117377
0.220442
0.153428
0.167478
0.0493724
-0.0230206
0.328818
-0.130664
-0.209623
-0.17542
0.269065
0.038759
0.0720263
0.169377
0.065421
0.0443591
0.191842
-0.172457
0.0506175
0.066333
0.0124635
0.0314394
0.210864
0.00401684
0.344776
0.241803
0.0998822
-0.0138213
-0.0798751
0.0548609
0.022783
0.251304
-0.351792
0.119567
0.129578
-0.00482502
0.126614
0.00061837
0.0992063
0.0669388
0.556003
0.0127957
0.0605186
0.256474
0.0686027
0.0252526
-0.0629897
-0.000282807
0.00746785
-0.312378
0.0665571
0.0904651
0.124095
0.22518
0.150527
0.000593588
0.0919436
0.075451
0.0412327
0.19255
0.120819
-0.249049
0.071068
0.0990755
0.0523385
0.140656
0.180577
-0.0344576
-0.00054786
-0.118765
0.164248
-0.0234005
0.227374
0.0149412
-0.103268
0.00369624
0.124911
0.177841
0.0787234
0.0514913
0.0945887
0.0840112
0.0696734
-0.02724
0.0804943
0.0187197
0.173659
0.087592
0.0653527
0.0431612
0.0728485
0.070805
0.0794212
0.0851047
0.0269734
0.0928753
0.122227
0.031264
0.118312
-0.0368485
-0.00209883
0.0999756
0.13235
0.0294372
0.0996662
-0.067719
0.103169
0.0545423
0.026956
0.282502
0.000521446
0.13358
0.0585571
0.00226229
0.122663
0.0325639
0.372009
0.00695379
0.0363623
0.0718825
0.0555857
0.241166
0.134613
-0.0304494
0.0221703
0.0552371
-0.0386926
0.0414181
-0.0942589
-0.0330022
-0.0236937
0.00640615
0.251494
-0.227552
0.126059
0.0916651
0.129025
0.204486
-0.144938
-0.0221941
0.213382
0.189998
0.287982
0.150788
0.199571
0.0709733
-0.0127575
-0.0067486
0.25004
0.303863
0.234169
0.0504759
0.18641
-0.280854
0.0715103
0.108618
0.150925
0.0754943
0.0526075
-0.348238
0.200689
0.0610277
0.103147
0.063523
0.202809
-0.0105321
0.0738162
0.0371386
0.112002
0.1484
0.555431
0.100519
0.191634
0.298051
0.123892
0.0573071
0.0318316
0.127938
0.179703
0.0977411
-1.23568
-0.298826
-0.130848
-0.0473753
0.058305
-0.00986519
0.165532
-0.175141
-0.1405
-0.079875
0.0636933
0.170594
-0.346956
-0.259554
0.038984
0.0557632
0.0663019
0.0244096
0.282922
-0.639722
-1.64739
-0.0471376
0.00122948
0.0833756
0.0428548
0.016921
0.0556912
-0.141154
-0.17437
0.0859883
0.619995
0.0800068
0.0204
0.152808
-0.184034
0.0186508
-0.0976022
-0.0356199
0.0658611
0.0075314
0.109997
-0.475183
-0.022609
0.0296612
0.0945767
0.155425
0.14909
0.0171112
0.0766953
-0.108456
0.268572
0.164056
0.161189
0.0765126
0.0583946
0.125154
-0.0465774
0.14499
0.324467
0.021547
-0.838173
-0.0193986
-0.171223
0.376026
0.112586
0.0503301
-0.0148546
-0.0164418
0.0334124
0.0568812
-0.0422789
-0.00845056
0.0674971
0.00257485
-0.05878
-0.0268131
0.125104
0.0424214
-0.0162973
0.0373074
0.139304
-0.325284
0.0810557
0.0972312
-0.00714457
0.0101701
0.0470455
0.0371209
-0.0887436
-0.124956
-0.0125039
0.0893129
-0.163501
0.0224755
0.126968
-0.166197
0.0388209
0.0892267
-0.0112195
0.0388336
0.0706246
0.121317
0.0122457
0.193817
0.164264
0.0977693
0.111856
0.158662
-0.0225022
-0.00547628
-0.2706
-0.100415
0.246167
0.0488004
0.0393765
0.00114143
-0.0843738
-0.847822
-0.480323
0.124012
0.0599878
0.124359
0.334238
0.114321
0.0849243
0.121364
0.0480112
0.072451
0.0441578
0.154986
-0.0128776
-0.347162
0.108081
0.119638
-0.132611
-0.0164807
0.156609
0.122271
0.170608
0.571927
0.0955177
-0.0173311
0.102404
0.0694837
0.0709379
0.00669551
0.186999
0.45153
0.154545
0.0986414
0.0663283
0.048908
0.00706032
0.256285
-0.12428
0.064167
0.0924498
-0.0227593
0.318
-0.0449458
-0.0217055
-0.0526289
0.11324
0.0120714
0.12048
0.0940005
0.221077
0.0492798
-0.215475
0.0173274
0.0177553
-0.0950443
-0.120583
0.00659299
0.19975
-0.00878188
0.127556
0.120744
0.155317
0.141625
0.116485
0.0468786
0.111325
0.248832
0.116931
0.0716196
-0.176088
0.156099
0.0529369
0.128594
0.0900661
-0.028123
0.0870801
-0.187856
0.0316211
0.0880279
0.0933118
-0.00851563
0.131221
0.298734
0.0332873
-0.0310776
0.0173767
0.081523
0.0560316
-0.173929
0.155046
0.0176006
0.143092
0.0515478
0.256262
0.0183157
0.080779
0.0911444
-0.0149642
0.230261
0.216401
-0.0195461
-0.0963734
-0.0996589
-0.0280972
0.0711971
-0.026922
-0.0227288
0.468256
0.0488539
0.157971
0.0343503
0.0134547
0.0250449
-0.0654875
0.031229
0.185037
0.146325
-0.0418218
-0.0108112
-0.117447
0.102219
0.147415
0.0115973
0.123591
0.148239
0.184566
0.164551
-0.0343861
-0.0498975
0.0286998
0.0836476
0.112103
-0.00190069
0.0144133
0.109997
0.0819099
-0.0477912
0.0667555
-0.0583555
-0.147121
0.0709845
0.0647294
-0.114575
-0.728519
0.101156
0.0712
-0.0695357
-0.142748
0.10967
-0.0119487
0.0580641
-0.0017749
0.0749952
-0.134738
-0.0453394
0.0905374
0.019926
-0.22344
0.0569332
0.146488
-0.00863626
0.0142909
-0.0347447
0.462341
0.0363312
-0.0249997
-0.0242952
-0.0432769
0.0549255
0.213878
0.328285
0.0270091
0.0178121
0.101508
0.00913851
0.153032
0.0558297
0.109246
0.083796
0.0769919
0.174578
0.0107293
0.0783551
-0.0334592
0.0966426
0.0535467
0.164318
0.0180796
0.106574
0.105857
0.0580993
0.00945511
0.0923919
-0.0442955
0.0855034
0.0150676
0.00480856
-0.0110976
0.0962764
0.0871783
-0.0732915
0.17421
-0.00975992
0.00854679
-0.149879
0.0908516
0.069198
0.0823482
0.122781
0.0493998
0.00918875
0.0390346
0.0644766
0.0664859
0.00498273
-0.284989
0.0742015
0.0810254
0.0481144
0.0769534
0.0647321
0.131557
0.0414374
-0.0870721
0.0505331
0.0269965
-0.00619065
0.0878453
0.073144
0.0602857
0.140125
0.141406
0.0922271
-0.0835516
0.076787
0.0607162
-0.0302681
0.0339705
0.0629502
0.00950569
-0.0351545
0.0195538
0.0252779
0.117848
0.0290479
0.0648307
0.0524883
0.0202147
0.0278121
0.0956175
0.103102
0.0760163
-0.014854
0.0704423
0.0220741
0.0265084
0.073777
0.0665702
0.0563485
0.0368092
-0.0829197
0.101974
0.0955732
-0.115174
0.0710998
-0.0244467
0.0617544
0.176425
0.0694107
0.0765474
0.0312777
0.0791556
0.087323
0.0573186
0.128074
0.00389545
-0.00691253
0.0214341
0.0352487
0.00614171
0.173614
0.0136382
0.0908815
0.0614189
0.0394304
0.0557307
0.0410191
0.0262198
0.0797503
0.0435063
0.0344858
0.0238132
0.0617359
0.0530761
0.056054
0.0485533
0.0750794
0.0473943
0.119801
0.0812886
0.0744342
0.0543143
-0.0222841
0.0577329
0.0525362
0.0715234
0.0634808
0.0263698
0.0501748
0.0305184
0.0661888
0.0519384
0.114943
0.0473223
-0.0434663
0.112348
0.0342294
0.0905786
0.0366147
0.0447495
0.103929
0.0444611
0.076154
0.171738
0.090274
-0.0809041
0.0219727
0.0637922
0.0210452
0.0565072
0.049368
0.0585193
0.0335962
0.102336
-0.0245892
0.0868548
0.0634958
0.0458536
0.0517063
0.132235
0.066829
0.0742959
0.100349
-0.341073
0.0586927
0.0932335
0.0394413
0.033665
0.0624063
0.0645742
0.0929345
0.0150446
0.00133379
-0.00702425
0.0700234
0.197321
-0.05493
-0.0819174
0.0473708
0.117815
0.0717421
0.0550868
0.0849704
0.0652978
0.0474981
-0.0201617
0.0431917
0.109058
0.0348469
-0.147647
0.059861
-0.255787
0.0429322
0.0174723
0.0620034
-0.327585
0.147085
0.127074
0.0560579
0.00503784
0.0407988
0.220653
0.332863
0.0206361
0.0877188
0.0666044
-0.193382
0.207858
0.00803776
0.152949
-0.0126036
-0.0434017
-0.013669
0.0614392
0.00749192
0.0485102
0.195306
0.0166753
0.0841106
-0.020159
0.0976866
-0.450833
0.046553
-0.0175779
0.0183296
0.139496
0.0487278
0.00637232
0.0174568
0.28091
0.0528789
0.00435328
0.0535858
0.0442424
0.156616
0.0273319
0.278745
0.0214716
0.0707788
0.11156
-0.0118342
0.0669932
-0.0377627
0.107375
0.034619
0.134029
-0.0105344
0.120766
0.155336
-0.00829558
0.0186251
0.116848
0.0196078
-0.0328663
0.016611
-0.0649275
0.000245713
0.059341
-0.00494036
-0.0956355
-0.162364
0.0173259
0.00671079
-0.258026
0.120525
0.00788008
0.0120553
-0.0130993
0.0629761
0.0250085
0.215063
-0.0526357
-0.100661
0.0551613
0.0271087
0.0576947
0.0831226
0.08784
0.113227
0.0650544
0.15405
0.0660127
-0.0293059
-0.0085991
0.0812792
-0.0480936
-0.0532688
0.00121876
0.0135272
0.0608525
0.15126
-0.00443069
0.0869484
-0.0188991
0.0101302
0.0211553
0.00911182
0.0848356
0.0135567
-0.198352
0.0942385
-0.00844525
0.0904279
0.244451
-0.255838
-0.0372389
0.0474135
0.233256
0.113235
0.0669915
-0.0810017
0.0456797
0.0250612
-0.100766
0.0280817
0.0554179
0.0144084
0.0113134
-0.193454
0.0472283
0.0839549
0.0761578
0.00151394
0.0836976
0.289352
-0.0229759
0.130845
0.170029
0.0322834
-0.0386786
0.0566212
-0.0523809
0.080002
0.0268138
0.0363841
0.131687
0.0348718
0.20119
0.0981655
0.120422
-0.118234
0.193074
-0.0604188
-0.0109482
0.0533027
0.0867937
0.107371
0.170933
0.00884826
0.145283
0.0912357
0.242432
0.0702314
0.00361271
-0.00897715
-0.493182
-0.00802287
0.240072
0.176852
-0.0606288
0.0392916
0.136291
-0.232237
0.235907
-0.133209
0.0193168
0.00190536
0.0628479
0.0630198
0.0753091
0.0303456
-0.00546804
-0.0391723
0.0378332
0.126358
0.0966798
0.320789
0.0847702
0.0940411
0.0869093
-0.0560524
0.0137328
-0.167158
0.0179814
0.381458
0.0304249
-0.0113699
0.123298
0.0637382
0.00887641
-0.064614
0.0414308
-0.371356
0.0187907
0.129601
0.0815748
0.0271853
0.0160827
0.088431
0.0725699
0.217116
0.0899487
0.063044
0.0603374
0.0428948
0.445669
-0.836731
0.109582
0.0439934
-0.0101982
-0.013449
0.123928
0.0949826
-0.292272
0.033516
0.0177395
-0.00108377
0.00646733
0.0723241
0.160808
0.115656
0.0645813
0.0550352
0.145009
0.0641616
0.0557938
0.0869666
0.0376689
-0.161294
0.0424307
-0.00758137
0.0689153
0.0958414
-0.0170151
0.192961
-0.144697
-0.0223253
0.114234
0.0511851
0.0863559
0.087814
0.191762
-0.0728556
0.111621
0.043975
0.17314
0.0444235
0.0863179
0.102714
0.054261
0.0480371
0.0641069
0.105961
-0.0277101
-0.111518
-0.0316851
-0.00136385
-0.00346079
0.11628
-0.00336388
0.185046
-0.180383
-0.0912872
-0.243042
0.216504
0.102505
0.090495
0.250143
0.0375313
0.157858
0.0184458
-0.00222651
0.189545
-0.000384368
0.104141
0.158477
-0.192867
0.183947
0.1875
0.106064
-0.0438803
-0.0983024
-0.390676
0.257082
0.0622134
0.139038
0.0484509
0.0207617
0.0432025
0.0129508
0.0721442
0.0904039
0.0334898
0.588374
0.158931
0.226882
0.277217
0.103898
0.0492104
0.0763509
0.0811846
0.12839
-0.0337431
-0.946563
0.0662538
-0.082655
-0.0214226
-0.0125867
0.0145606
0.0971032
-0.152119
0.128066
0.0127914
0.0473379
0.0795343
-0.432604
0.311914
0.0809298
-0.0252962
0.0644041
-0.0100248
0.317172
-0.647739
-1.56613
-0.0333694
0.00961313
0.104699
0.13343
0.152297
0.137699
0.0182911
-0.198006
0.225972
0.483115
0.237755
-0.00988491
-0.0859271
0.0237559
-0.0241499
0.00685402
0.0518237
0.0114933
0.0904105
0.208042
-0.355274
-0.0284929
-0.0973424
0.0416006
0.0695231
0.126347
-0.308327
0.0843535
-0.0707838
0.216316
0.182973
0.1237
0.140151
-0.0150686
0.0445876
0.04061
-0.0393065
-0.10416
0.0915644
-0.184887
-0.0879474
-0.166827
0.0860204
0.208401
0.0684137
0.0873369
0.0622298
-0.250378
0.0861332
-0.00751948
-0.119278
-0.0557679
0.0850713
-0.0514941
0.300332
0.0374126
-0.116273
0.00171314
0.0960903
0.126492
0.0734367
0.1038
0.13559
-0.0791656
0.0559097
0.18477
0.0901052
0.0772496
0.0873586
0.0161112
0.31352
0.062252
0.0135063
0.0248305
-0.048686
-0.00349172
0.0985341
-0.0524911
0.0243686
0.0278862
0.0340093
0.00985566
0.0534217
-8.51229e-05
-0.0412568
0.0542623
0.0432194
0.0307432
0.037153
0.0346291
0.0552167
0.080225
0.0622535
0.082742
-0.0269568
-0.0291397
0.163293
-0.0224213
0.0993323
-0.0157043
0.0593519
-0.0974839
0.134007
0.06009
0.195003
0.0787661
0.0137277
0.314441
0.131658
0.0475083
-0.0741381
0.0265381
-0.0013299
-0.0183022
0.129654
0.0749481
0.190156
0.183448
-0.28997
0.0958034
0.124464
-0.0359284
0.015344
0.140208
0.00824109
0.216567
0.0435494
0.0157255
0.0791998
0.0992795
0.817562
0.000384917
0.0819171
0.253641
-0.00852325
0.148149
0.235322
0.107058
0.0848445
1.02344
0.0598507
-0.0116302
0.0717606
0.171255
0.0949841
0.183479
0.0898775
0.0745323
0.0653114
-0.0339608
0.0785697
-0.474991
-0.110017
0.0738753
0.0738769
0.222673
-0.199206
0.291865
-0.0522832
0.145798
0.11372
0.0142924
-0.0149149
-0.0502729
0.037556
0.0554799
-0.0168029
0.0727673
0.0259318
0.242215
-0.113671
-0.224712
-0.159571
0.388871
-0.115584
-0.0332819
0.220913
0.0393466
0.00016614
0.0809004
0.25129
0.159431
0.0517314
0.150956
0.0441591
0.283807
-0.0525294
-0.0708693
0.385309
-0.0215715
-0.066517
0.111562
0.0102068
-0.021821
0.129864
0.187747
-0.119063
-0.10783
0.157815
-0.0567726
0.0763385
0.0209818
-0.0732266
0.0511625
0.532396
0.0730934
0.289612
-0.0112108
-0.0933762
-0.0312998
-0.109659
-0.0914505
0.0398893
0.0726796
0.0867475
0.101181
0.047486
0.149259
0.0596875
0.0529525
-0.0958024
0.0527695
-0.146271
-0.300534
0.0163247
0.100401
-0.15152
0.325011
0.0496055
0.0482484
-0.0176458
-0.0515185
0.0634324
0.000674763
-0.0193709
-0.0503611
-0.00430061
-0.0818881
-0.0717089
1.3849
-0.585057
-0.429029
-0.0264016
0.0661315
0.246194
0.127212
-0.00140735
0.0730547
0.166352
-0.137973
0.745421
-0.257984
-0.0372273
-0.074932
0.254278
-0.199973
0.0320674
-0.135257
0.0448166
0.741149
-0.102384
-0.0773736
-0.0281962
0.183298
0.0612844
-0.0701936
0.307454
-0.0553343
-0.0658966
-0.335928
-0.0620728
0.00538909
-0.543309
-0.0867301
0.146695
-0.134712
0.180533
-0.0115367
-0.0363498
-0.112394
0.0366764
0.0289748
0.0418569
0.057324
0.154159
-0.169989
0.20475
0.191838
0.018142
-0.54231
0.801886
-0.110926
0.0659975
-0.172337
0.14231
0.0214113
0.0326213
0.125947
0.106588
0.0755554
0.045868
0.0392024
0.213925
-0.00256695
-0.0149283
0.11794
0.119647
0.079306
-0.225418
0.00502565
0.167315
0.0981424
0.0599785
0.217265
-0.0408498
0.00269279
0.0759662
0.0931347
0.0999883
0.14071
0.147363
0.00694635
-0.0251186
-0.362645
-0.11513
-0.0482405
0.0415516
0.103951
-0.0189475
-0.0587214
0.057762
-0.0454093
0.0445835
-0.0469505
0.172983
-0.0836837
0.145229
0.159855
-0.123646
0.121537
0.26781
0.324366
0.186712
-0.0368241
-0.0271757
0.0512707
0.216679
0.0582996
0.0114683
-0.0123821
0.0446399
0.029781
0.0505311
0.189802
0.10608
-0.165283
-0.151966
0.1763
0.301486
0.192626
-0.0135624
-0.0560702
0.220308
0.146448
0.0792081
-0.139239
0.279909
-0.0653068
0.116996
0.00941881
0.225196
0.111202
0.0134527
0.120451
0.10126
-0.0176529
0.0126169
0.178293
-0.0104503
0.116443
-0.00384319
-0.00021468
0.100581
-0.0961727
0.0186858
0.0573053
0.0889126
0.133849
0.0886231
0.0401864
0.0624882
-0.0185113
0.059627
-0.0177738
0.0768469
0.0499035
0.0668781
0.125501
0.0480711
0.100981
0.173119
0.0926222
0.329552
0.278023
0.0720415
0.0127493
-0.0454831
0.0530223
0.0279139
0.11368
0.212243
0.0404621
0.108417
0.0105363
0.064719
-0.157643
0.0222965
0.158635
-0.0190227
-0.0190609
-0.05214
0.0182515
0.0377297
0.0496917
0.364071
-0.0996103
-0.0241288
-0.0192378
0.0233149
0.0874555
-0.0392332
-0.000556952
-0.0914165
0.128013
-0.170497
0.0919171
-0.0395933
-0.0200498
-0.0764822
0.964125
0.639041
0.15175
-0.0964504
0.0359257
-0.122548
0.015698
0.0300864
-0.173732
0.0101273
-0.117395
0.11527
0.101572
-0.123614
0.78804
-0.00529452
-0.138736
0.050159
0.220154
0.0983401
0.159974
-0.126701
0.20475
0.0756756
0.0574783
0.0495232
0.183217
0.174566
0.0420701
-0.364763
0.00483942
0.0908924
-0.0942749
-0.0647578
0.141022
0.224692
-0.30404
0.0176778
0.130657
0.0190489
-3.9503e-05
-0.0396338
0.00653541
-0.0158629
-0.136304
0.255309
0.00775307
0.0125638
0.121674
0.0313291
-0.0445725
0.39184
0.0448884
-0.0747982
0.0767613
-0.153064
-0.150737
0.0769274
0.0356245
0.0161074
0.148864
0.0361677
0.109099
0.0793492
0.130707
-0.061582
0.0900299
-0.0141403
-0.0247398
0.0658664
0.108282
0.105044
0.0786333
-0.0960786
0.0453932
0.0374589
0.0623163
0.0577234
0.0833713
0.0168634
0.649989
0.0162604
-0.111556
0.0314545
0.0403183
0.104999
0.102915
0.201345
0.0169387
0.129539
-0.0336611
0.0399241
0.227371
-0.0608152
0.00809832
0.141019
-0.075013
0.0190886
-0.00532131
-0.0110782
0.479401
0.0981756
-0.0289905
-0.0717616
0.101942
0.0434975
-0.0326838
-0.0195323
0.00835128
0.00511965
0.0975256
0.166092
0.0193366
-0.00103456
0.0127949
0.0120563
0.0750728
-0.0857334
0.0296526
0.0390808
-0.148942
-0.0882517
-0.0308306
0.141513
-0.00720418
0.0175962
0.115657
0.144255
0.000768397
0.0231074
-0.016724
-0.0322868
-0.042401
0.0148293
-0.0459906
-0.0207127
-0.0394299
0.0217999
-0.0714541
-0.0264237
-0.00940211
0.0338205
0.02013
0.0573004
-0.00282096
0.103815
0.0677388
-0.0462718
0.0371267
-0.00403274
0.0471906
0.0339648
0.00970218
0.0183671
-0.00512655
0.0293003
0.100464
0.045777
0.0691635
0.0297554
0.0184197
-0.0176673
0.0287187
0.0224036
-0.0304018
0.0295557
-7.07242e-05
0.0197152
0.0486547
0.0438451
0.0384423
0.0501931
0.0171714
0.022243
0.127117
-0.01209
0.0902431
-0.0350852
0.150159
-0.0199864
0.00346917
0.0733416
-0.0722703
0.118251
0.0453098
-0.00307667
0.093289
0.0576107
-0.0406617
-0.00144071
0.0241695
0.116201
-0.134975
-0.200605
0.0739662
-0.256435
-0.0591198
0.489486
-0.548344
0.718613
-0.663711
0.744789
-1.24159
0.5481
-0.103564
-0.0702173
0.347449
0.142967
0.266161
0.604213
-0.442737
0.771755
-0.545249
0.179097
-0.418494
0.0836459
-0.0306769
0.181887
-0.434406
0.434149
-0.561907
0.51245
-0.585756
0.892259
-0.250564
0.251064
-0.0391518
-0.372845
0.485734
-0.400521
-0.149274
0.460361
-0.176165
-0.350075
0.632493
-0.288027
-0.930225
0.800608
0.0627009
-0.0763233
0.188556
0.319658
-0.384968
0.134244
0.155807
0.226793
-0.0073666
-0.287245
0.180972
0.29978
-0.0641227
0.215562
0.152057
0.304068
-0.39843
0.192905
-0.475901
0.146707
-0.019375
-0.134312
-0.12706
0.267213
-0.701835
0.339579
0.0893955
0.0401428
-0.0423471
0.0776216
0.187353
-0.197363
0.0133519
-0.0747208
-0.0492104
-0.166596
0.489911
-0.44286
0.33593
-0.301049
0.244889
0.188259
-0.0602268
0.17707
-0.371519
0.0907419
0.330436
-0.0134546
-0.330435
0.996124
-1.01627
-0.180125
0.770618
-0.261469
-0.407575
0.19883
0.14841
-0.433998
0.19296
-0.331442
0.48599
-0.48959
-0.121479
0.410906
0.00916079
-0.0704556
0.0159439
0.0242551
0.459487
-0.439056
0.104381
0.371881
0.00833774
-0.241734
0.425753
0.227236
0.120704
-0.137151
0.15657
-0.32046
0.338433
-0.568686
-0.400987
0.276246
0.656842
-0.410634
0.00703643
0.814843
-1.66191
0.425672
0.289425
-0.0475611
0.993565
-0.34147
1.02705
-1.05087
0.620666
-0.140228
0.393259
1.07589
-1.43853
0.524128
-0.147699
-1.31563
0.596467
-0.163759
-0.343196
1.61087
-1.48101
1.96924
-0.0955714
-1.13456
0.44145
-0.724913
0.25392
-0.930641
1.70527
-0.839536
0.558183
-1.17715
0.564451
-1.52869
-1.22638
0.684446
-0.618497
0.465321
-0.299929
0.0574493
-1.36787
1.5575
-0.46084
0.619191
0.445089
0.892049
-2.86865
0.973795
0.569948
-2.88013
1.92698
1.52162
0.150373
-1.27801
1.4939
-0.600477
-2.77816
0.839022
2.09014
0.741699
-1.13009
0.0225922
1.21542
-1.28204
-0.211036
0.496089
-0.818487
0.698533
0.582817
0.0416439
0.0264848
-0.444258
0.391299
0.809613
-1.66071
0.184475
0.710256
0.811843
-0.663474
-0.416398
0.541806
0.936042
-0.0449839
0.275489
-0.214774
0.302464
-0.173973
-0.0182137
-0.805323
0.23458
-0.0952332
1.05087
-0.283991
-0.242628
0.169919
-0.224797
0.118914
-0.144207
0.614979
-0.124447
0.182408
0.185592
-0.214322
-0.248081
-0.765722
0.985077
0.268905
-0.337114
-0.419058
0.0287032
1.02851
-0.985777
-1.18631
0.275041
0.653704
-0.0838516
-1.00078
-0.35676
0.61325
-0.238778
-0.2191
1.04318
0.686571
-0.455946
-0.68025
-0.192508
0.281523
0.451966
-0.578064
-0.287061
-0.0981536
0.103503
0.373272
0.537988
-0.558398
-0.879355
-0.0307255
0.368527
0.0149557
-0.108268
-0.190983
-0.537234
0.0769555
0.406029
-0.566247
-0.552672
0.245965
0.0276897
0.104682
-0.341882
0.448191
-0.126027
-0.222199
0.158913
0.0170624
0.0621981
-0.349768
0.00243769
0.602032
0.00534124
-0.0330443
-0.238806
-0.597921
0.329427
0.258726
-0.515505
0.0986708
0.448881
-0.21034
-0.307481
0.0605375
0.128671
0.366834
-0.018258
0.0641137
-0.153676
-0.247572
0.476914
0.659913
0.0458762
-0.161767
0.0284754
0.0633215
-0.0218639
0.0324448
0.283628
-0.693318
-0.0511902
0.601981
-0.321573
-0.963605
0.0492273
0.252356
-0.502649
-0.0895258
-0.238742
0.136257
-0.488112
0.13301
-0.0550861
-0.29339
0.18581
-0.0651466
0.0149315
0.093939
-0.19509
-0.0237328
0.152787
0.38763
-0.45576
-0.447241
-0.0394719
0.464088
-0.0105214
-0.215961
-0.330617
0.284011
0.477513
0.117143
-0.127928
-0.151454
-0.216247
-0.245375
0.257888
0.422658
-0.163704
-0.112995
-0.3002
-0.327506
0.0938571
-0.017236
0.466391
0.329558
0.51147
-0.186451
-0.0832684
-0.0385961
0.0854531
-0.0113503
-0.210236
0.24619
-0.0313306
0.316298
0.130967
0.354569
-0.274174
0.546247
-0.0247986
-0.154862
0.128226
-0.447805
0.199789
0.240086
-0.559093
0.329944
0.213343
0.229354
0.489005
0.152015
-0.508326
-0.358259
0.077083
0.351384
-0.00601259
-0.258308
-0.171054
0.0213291
-0.341935
-0.528294
0.540629
-0.0283305
-0.464788
1.29475
-1.34527
0.332371
-0.685288
-0.469265
-1.12254
-0.0860654
0.430406
0.133303
-0.0791542
0.681481
-0.332615
0.0694987
-0.657372
0.519414
-0.381077
0.842191
-0.896008
0.461484
-0.25928
-1.02072
-0.701913
1.10496
2.30801
-0.334591
-1.30899
-0.302981
-0.450326
0.74276
-0.292848
-0.625258
0.356054
0.19495
0.544705
-0.0717155
-0.46724
0.0663718
-0.369627
0.102939
0.749249
-0.250328
-0.51163
-0.307183
-0.743911
-0.665894
0.745745
-0.0030509
0.275613
0.2107
0.706533
0.213957
-1.01521
0.593257
-1.96617
-1.07922
-0.263103
0.882013
-2.09528
-0.540695
1.94801
2.11673
-1.94481
-0.844556
1.20355
3.63014
-2.35227
-4.45103
-0.55396
3.67241
2.27126
-2.42929
-1.99983
-3.37323
2.83749
2.6404
0.840457
0.365702
-4.02735
-1.57702
1.74576
-0.0551427
1.82855
-0.780541
-1.16685
2.14647
-3.03442
-1.35751
3.76971
-1.42616
-4.37629
4.41873
2.93395
-5.26162
-1.81522
3.37639
-0.0173542
-4.73514
2.61376
3.76788
-1.42101
-3.2688
1.38525
3.50341
-3.39345
-0.50311
0.00780311
4.03101
-1.815
-2.00199
-0.542186
4.48678
-3.02533
-0.131236
-1.84798
2.54948
0.26582
-0.541192
-1.33837
-0.800738
2.46313
-2.08326
3.53671
-0.956305
-5.82248
5.00435
-3.64068
-1.43281
5.5763
-3.13548
0.223274
3.39491
-3.52231
0.882527
1.01386
-0.498078
-1.38533
0.210856
2.13356
-2.17875
1.13404
1.09925
-1.66283
1.20174
-0.0659055
-0.898455
1.03247
0.244867
0.752225
-0.160921
-1.32891
0.294106
1.397
-0.911667
0.204176
-0.0368126
0.287746
2.46534
-3.86009
2.20107
-2.67899
2.94497
-1.56601
-0.575659
2.21532
-4.36361
3.74557
-0.584692
-2.19166
3.78616
-4.65476
1.14564
0.522935
-2.95824
2.5402
-1.25924
0.40992
0.0968488
-0.590267
-1.04605
2.25284
-2.02311
0.282854
0.91649
-1.49208
0.978054
-1.19364
2.00925
-3.52096
5.20416
-4.09082
2.15198
-0.511453
0.159792
-0.412603
-1.91628
4.29713
-2.09921
-3.71677
4.26707
-2.24474
1.18348
0.673138
-0.868654
-0.33748
0.18293
-0.961792
0.63397
-1.34436
0.453549
-0.666543
0.741105
-0.458519
0.96191
-1.07942
0.206718
-0.561824
-0.702327
0.415887
-0.705413
0.387626
-1.05635
0.514002
-0.52087
0.277441
-0.0709273
-0.929266
0.961554
-0.872854
0.165614
0.664931
-1.29721
2.24604
-2.61071
2.5607
-2.87849
2.85684
-1.87955
0.646765
1.93419
-3.61805
6.56354
-9.32372
10.1605
-0.943141
-13.6719
27.2025
-29.3569
8.7263
20.1236
-26.6685
20.6469
-14.6688
7.53629
-6.25106
3.75563
-1.1645
2.41001
-2.42818
5.29186
-6.74859
6.36546
-4.93253
2.81095
-0.876356
-1.48024
3.13105
-3.37196
2.09556
0.817118
-0.827535
-0.0433506
0.525163
-1.09323
2.21782
-2.28472
1.97632
0.158585
-1.37966
1.07877
-0.409513
1.7168
-1.98917
1.18074
0.573702
-2.75248
3.49155
-1.86579
-3.3836
3.95607
3.79018
-5.78234
-9.69661
10.3523
11.0479
-15.0642
-12.6635
19.2604
9.49562
-30.5593
11.8872
5.10736
-11.3251
17.4525
-17.4668
18.4407
-15.8106
10.3618
-11.1303
9.06018
-4.53546
-1.73769
6.81001
-9.00879
10.7127
-7.49845
3.25348
4.94292
-8.32272
4.10693
3.32668
-6.11481
5.82265
1.41758
-8.26668
2.87222
5.67503
-3.33782
-1.76921
4.05761
-0.157087
-2.32716
-2.34181
1.51092
2.48493
-2.6799
-6.71519
-1.80829
1.65786
2.23266
-0.698618
-2.52453
-0.0224808
-3.26848
-3.91138
2.29753
5.53357
-8.69795
-16.4277
16.3386
27.5919
-25.3962
7.50812
-11.4596
-3.74035
-1.57937
-2.48591
1.40459
3.5161
-5.23409
12.0127
-5.61205
5.41186
2.81623
-8.11317
10.8011
-2.95304
-8.12531
7.0205
-3.41289
-6.61743
1.27753
1.83847
-4.17308
-3.4445
4.94826
0.855743
-2.70971
-4.35662
1.76037
5.14921
3.18635
-0.813906
-3.53126
-1.81266
0.761031
1.30404
1.63638
0.273029
1.33276
0.656675
-0.333987
-3.63461
-2.08942
10.4675
-0.183889
-23.9694
-6.20024
41.7515
9.05828
-50.8637
7.1298
10.9597
-10.6514
18.6086
-8.49074
9.27773
-4.50422
2.32416
5.29272
-5.29633
7.46524
-1.57351
-3.43436
6.45158
-2.23652
-5.25594
3.99053
1.11473
-3.91533
-2.26471
4.87926
5.09435
-1.45602
-2.29967
-0.267628
4.04752
5.05163
4.72746
4.81348
2.73025
3.45031
2.38531
2.11647
1.32495
1.98547
2.15069
2.66363
1.67931
-0.130167
-0.480689
-0.527708
0.174541
0.283446
-0.825128
-3.38412
-8.46539
-11.1208
-7.31395
13.3848
42.4677
34.51
-38.3279
-41.1538
-18.182
-21.7565
-4.67756
-3.66509
-5.79177
11.5986
-7.26927
-4.23448
13.8239
5.76217
-13.0844
0.219485
15.2282
12.4073
6.40903
-6.39414
-9.15461
-8.22247
-5.45626
-6.32617
-2.76575
-2.86296
-1.57627
-2.08995
-1.07544
-1.31463
-2.94975
-2.86923
-2.32851
-2.39159
-3.21445
-3.17471
-2.2513
-2.65685
-3.07721
-3.62195
-2.96358
-1.17376
-3.10402
-2.52315
-3.98414
-7.47888
-2.65362
-3.49847
-2.14591
-1.39256
4.1448
-15.0414
-119.838
111.27
-28.3265
70.9909
-58.0194
18.2995
38.331
-46.2055
-52.6452
-28.4485
-8.37517
5.65472
-2.88521
1.2715
4.93827
3.9005
4.70979
1.52744
1.77541
1.7846
0.796988
2.9824
1.79421
1.28849
1.5752
1.47498
0.0501696
0.757815
1.06875
1.38968
1.80147
0.874578
1.16262
1.03099
0.00110059
1.73926
0.328071
1.18522
1.05531
1.41016
0.507559
-0.260806
0.132641
0.167297
1.72137
0.262356
0.729764
0.351324
0.731903
0.256859
0.303327
