2.71565
2.75121
3.45818
3.38217
3.69408
5.51043
17.5722
-5.03168
-3.1324
-2.23759
-0.183296
4.33062
5.3811
-0.1309
-7.91124
-0.23629
1.2757
-1.66661
-1.36318
1.30349
-0.127905
-0.14291
0.0127509
-1.57189
-0.930422
1.03863
1.40504
-1.29351
-1.36219
-0.299671
-0.120196
-0.835901
0.639942
-0.339193
-0.471889
-0.210995
-0.534335
-0.327336
-0.0764115
-0.2582
0.531929
-0.223973
-0.445793
-0.277906
-0.406384
-0.0171189
0.25644
-0.133601
-0.11406
-0.265606
-0.4754
-0.014442
-0.112498
-0.175435
-0.410582
-0.253277
0.438006
-0.13675
-0.318284
-0.34163
-0.101393
0.101458
-0.196685
-0.203066
0.557365
-0.241575
-0.358373
-0.143856
0.0956247
0.0175252
-0.474218
-0.214374
0.249437
-0.0321529
0.325957
-0.437045
-0.0410383
-0.261117
-0.393391
-0.181613
-0.0426435
-0.00671756
-0.381146
-0.294387
0.194455
-0.152725
-0.159533
-0.317202
0.568711
-0.16733
-0.323638
0.130918
0.237054
-0.022961
-0.128387
-0.148579
0.0475377
-0.145071
-0.136747
-0.0490875
-0.148644
-0.0627027
0.0167519
-0.482596
0.620932
0.040913
-0.115718
0.0109355
0.0702929
0.10727
-0.0751971
-0.0753479
-0.0916898
-0.0857514
-0.149094
-0.218869
-0.0142906
-0.150835
-0.166854
-0.0927244
-0.051274
-0.0451934
-0.0319305
-0.0252801
-0.141909
-0.101096
-0.21102
-0.0517957
1.30942
-0.0405101
-0.0430493
-0.0475312
-0.0939537
-0.0617168
-0.0916767
-0.11468
-0.0121679
-0.24288
-0.105617
-0.19315
-0.0453768
-0.110063
-0.218381
-0.136657
0.0285771
-0.168056
-0.296765
-0.227774
0.137991
0.0575917
-0.0976782
-0.2032
0.356794
-0.117771
-0.159594
-0.0505598
-0.0614904
-0.122862
-0.157294
-0.230397
0.121536
0.0646527
0.153939
-0.168207
0.0452552
-0.0160917
-0.490539
0.0934515
0.226421
0.149949
-0.51982
-0.0110061
0.0832322
-0.505786
-0.157213
-0.52133
-0.282047
0.0959435
0.00104189
3.26633e-05
-0.082155
-0.0830617
-0.11314
-0.144481
0.431154
0.00238705
-0.23565
-0.26768
-0.401684
-0.385366
-0.181263
-0.150837
0.658308
-0.16755
-0.172556
-0.0337119
-0.0653765
-0.10013
-0.12574
-0.0882857
0.280756
-0.122561
-0.0581717
0.0465019
-0.55259
0.0241766
-0.45296
-0.271307
-0.850005
-0.054008
-0.0965283
-0.0196621
0.028729
-0.0651608
-0.0656347
0.20261
0.350373
-0.0776944
-0.114254
-0.0640125
-0.176365
0.10856
-0.0811226
-0.0330644
0.107837
-0.00207305
-0.00312281
0.197996
-0.108921
0.550853
-0.194303
-0.201763
0.277419
-0.0702977
0.0245695
-0.0601358
-0.109257
-0.143014
-0.0959671
0.0470138
-0.144828
-0.177668
-0.117811
-0.0500793
-0.0357599
-0.11935
-0.219776
-0.149089
0.431637
-0.311502
-0.062788
-0.158346
-0.0989411
-0.0333803
-0.112597
-0.0752811
2.71565
-0.0709791
-0.0782785
-0.0463471
-0.0660262
-0.0661387
-0.109121
-0.165572
0.276564
-0.191646
-0.000487566
-0.0108047
-0.174631
-0.102723
-0.061482
-0.118641
-0.285011
-0.0452278
-0.279395
-0.0256412
0.0708189
-0.0724695
-0.0841255
-0.0813453
0.44446
-0.0979002
-0.138024
-0.161142
-0.134947
-0.172704
-0.345447
0.033751
0.107837
-0.219544
0.119428
-0.33629
0.215579
0.0995424
-0.102805
0.186677
0.37897
-0.137035
-0.0315249
-0.0561957
-0.111198
-0.239189
-0.0807146
-0.0883069
-0.596804
0.0939209
-1.06728
-0.336668
-0.118435
0.0590215
0.294119
-0.212299
0.3875
-0.0748758
-0.0524635
-0.0579096
-0.0348059
-0.149413
-0.196833
0.0870469
0.658308
-0.0742707
-0.0270841
-0.166012
0.027591
-0.127638
-0.0566336
-0.251833
0.316427
-0.0390155
-0.289142
-0.054873
-0.0561391
-0.0561841
-0.0359734
0.0649514
-0.455774
0.493232
-0.0730817
-0.135166
0.510768
-0.132774
-0.371709
-0.0504414
0.129582
0.223022
-0.289972
-0.126811
-0.309357
-0.201653
-0.0434713
-0.266326
-0.245942
0.0123493
-0.096424
-0.0845504
-0.152842
-0.152757
-0.013536
-0.0665517
0.494367
-0.0308171
-0.22037
-0.0337402
-0.394752
-0.516607
-0.170674
-0.226324
-0.252097
-0.294648
-0.0229316
0.0347597
0.075034
0.17895
-0.0573652
0.00584686
0.684635
0.0302137
0.254407
0.187332
-0.0344313
-0.122483
-0.110314
-0.0368252
1.30942
-0.0522633
-0.00957263
-0.035506
0.162968
-0.00120366
-0.162972
-0.29415
0.243748
-0.0405254
-0.127751
-0.332411
-0.299469
-0.00124645
-0.197744
0.558238
-0.934336
-0.0355368
0.0266051
-0.185016
-0.0377762
0.249515
0.00524437
-0.667369
0.5088
0.0362071
-0.125288
0.802649
-0.0282965
0.0175163
-0.0759411
0.0644622
-0.115609
0.0267017
0.259935
0.0069952
0.0366384
-0.216627
0.0232935
-0.0793657
0.479621
0.242434
-0.0269263
-0.0846105
-0.114157
-0.0138199
-0.130359
-0.00832963
-0.294803
0.226388
-0.152974
-0.0420399
-0.142031
-0.192046
0.376819
0.0787914
0.58794
-0.227596
-0.182391
0.0454955
0.0423198
-0.248985
-0.0645103
-0.0184572
0.557365
-0.0114012
-0.151276
0.0344894
-0.101212
0.0210171
-0.183378
0.20519
0.149858
-0.0310559
0.111425
-0.0599346
0.167915
0.255785
0.0638988
-0.107186
-0.0890865
0.282052
0.0242727
0.0915225
0.178231
0.0356412
-0.203956
0.0875671
0.40027
0.0308149
0.39053
-0.257069
0.159753
0.233484
0.114852
0.102709
0.833438
-0.615134
0.253242
0.233535
-0.61762
-0.888391
1.94858
-0.38287
-1.22495
-1.25667
0.620584
-0.371724
0.569668
0.653688
-0.857275
-1.46015
1.81512
2.21262
-7.41365
3.56177
5.19514
3.67274
-0.0811129
-1.70201
-1.75108
-5.11881
18.3488
4.89849
2.40074
2.47544
2.69374
2.53427
