0
-0.114984
-0.0566025
-0.788231
-0.933449
-0.681411
-0.144713
3.01307
0.0688875
0.760286
1.37819
-0.180628
-8.45251
22.013
6.53136
4.00549
-0.316833
-1.57226
0.466766
-3.37645
1.02582
0.470281
-0.299419
-0.862902
1.04136
-4.09412
2.45274
1.32369
1.78739
1.25898
0.604422
-0.0543642
0.252702
0.802398
0.889503
0.619066
0.438283
0.201447
0.123821
0.521187
0.556627
0.272716
0.249026
0.359518
0.186953
0.507328
0.445021
0.340773
0.369525
0.37099
0.302821
0.384818
0.348151
0.310941
0.322624
0.286463
0.281252
0.321767
0.279157
0.260715
0.24406
0.212767
0.242246
0.229179
0.256367
0.231059
0.217544
0.218015
0.229604
0.183186
0.240142
0.13941
0.208287
0.212571
0.210369
0.282736
0.233608
0.181284
0.167056
0.146026
0.165595
0.143292
0.204414
0.1391
0.15482
0.133017
0.120717
0.136781
0.22118
0.0342026
0.0580282
0.135357
0.200393
0.178804
0.117594
0.209311
0.143915
0.159032
0.128008
0.110825
-0.0334554
0.155673
0.0842586
0.0551775
0.0987589
-0.124203
0.0941825
0.146223
0.0648694
0.104039
0.0893323
0.053143
0.111618
0.122897
0.085125
0.0441766
0.0594881
0.0686066
0.143388
0.0636983
0.129949
-0.204132
0.0347393
0.0937288
0.0836415
0.0811636
0.0679712
0.0718033
0.0839231
0.0749404
0.0782688
0.0656271
0.0735049
0.0541954
0.0632672
0.0534985
0.0707552
0.0730448
0.0535581
0.0596104
0.0632427
0.0583925
0.0527005
0.0565925
0.0736315
0.0536845
0.060189
0.0649357
0.0329201
0.0240657
0.0715759
0.052551
0.0470679
0.0592332
0.0431998
0.053452
0.0364316
0.0426872
0.0369055
0.0363834
0.0555089
0.0191519
0.0231757
0.0480847
0.0331957
0.0367386
-0.109839
0.0580776
0.0446143
0.0929358
0.00576234
0.0539455
0.0586863
0.0818968
0.0538573
0.424926
0.0357981
-0.0332403
0.0362136
-0.0361967
0.0403054
0.00781202
0.0455599
0.0117052
0.0304509
-0.0025003
0.030076
0.0308428
0.0195724
0.0207623
0.0118507
0.0167035
0.0456269
0.0225711
0.0226021
0.00272703
-0.00118041
0.010903
0.0407485
0.00236458
0.03624
-0.0154612
0.0813001
0.0319092
-0.00907218
-0.0118638
-0.0635773
-0.00778294
0.0357922
0.00205421
0.00270784
0.00626236
0.00344151
-0.0105941
0.00794315
-0.00818056
-0.0166735
0.0264114
0.00195605
0.0189473
-0.00575066
0.0178456
-0.0192169
-0.0205015
0.0196413
-0.00362295
0.0173855
-0.0164739
-0.000778854
-0.0297698
-0.0113249
-0.0284382
0.00156304
0.000808567
-0.0532049
-0.00299245
-0.00951463
-0.014634
-0.0399814
-0.00738685
-0.0111284
-0.0241863
0.00300428
-0.0175804
-0.0177448
-0.0377356
-0.00865111
-0.0321079
-0.0245456
0.00197417
-0.0176442
-0.0212287
-0.0373683
-0.0102024
-0.0288364
-0.0331644
0
-0.0189607
-0.0230855
-0.0400778
-0.00975487
-0.0303739
-0.0340074
-0.0520097
-0.0213982
-0.028374
-0.0420146
-0.0152675
-0.0353363
-0.0331333
-0.0587261
-0.0268562
-0.0229074
-0.0441146
-0.0153847
-0.0334799
-0.0356336
-0.0554743
-0.0468942
-0.0520786
-0.0654955
-0.0249383
-0.0400255
-0.0330223
-0.0383477
-0.0401913
-0.00972581
-0.0413682
-0.0196413
-0.0121751
-0.0533022
-0.081233
-0.026208
-0.04052
-0.0520384
-0.0795236
-0.0352262
-0.0469732
-0.0667436
-0.0280644
-0.0526154
-0.0595706
-0.104156
-0.0401335
-0.0403388
-0.0843165
-0.0689572
-0.0749829
-0.0943973
-0.0614998
-0.0511971
-0.0479388
-0.0706534
-0.0461407
-0.0568802
-0.0641081
-0.0681517
-0.0519931
-0.0670462
-0.0709403
-0.0456269
-0.0600359
-0.0638037
-0.0823457
-0.0565982
-0.0705574
-0.083158
-0.086915
-0.0673158
-0.071698
-0.089767
-0.0581388
-0.0923316
0.00537109
-0.0751543
-0.00174165
-0.081748
-0.298839
-0.0772834
-0.107602
-0.0911303
-0.0539811
-0.074506
-0.0356739
-0.139985
-0.0623374
-0.0573273
-0.145678
-0.082149
-0.0861764
-0.0224023
-0.0837851
-0.06375
-0.0855539
-0.109822
-0.0979841
-0.0716679
-0.0843279
-0.0949025
-0.111276
-0.0808527
-0.100857
-0.0991955
-0.0528064
0.016314
-0.103802
-0.126775
-0.105978
-0.132217
-0.127094
-0.0782316
-0.106434
-0.116973
-0.133169
-0.107114
-0.105731
-0.104728
-0.0797918
-0.100221
-0.108844
-0.122455
-0.107562
-0.11915
-0.122793
-0.0839231
-0.105657
-0.11166
-0.120255
-0.10775
-0.117892
-0.0668421
0.111841
-0.178508
-0.118183
-0.217819
-0.0978434
-0.105459
-0.0706527
-0.190443
-0.122636
-0.133618
-0.130838
-0.134591
-0.15998
-0.139428
-0.204054
-0.106949
-0.0957189
-0.160344
-0.163862
-0.152046
-0.110365
-0.0757589
-0.120869
-0.158948
-0.180216
-0.160442
-0.253163
-0.152089
-0.192547
-0.185319
-0.162638
-0.0896311
-0.126579
-0.265116
-0.197569
-0.170914
-0.155771
-0.188254
-0.179376
-0.248317
-0.169735
-0.207534
-0.204598
-0.187559
-0.216921
-0.25581
-0.170294
-0.147839
-0.261353
-0.240628
-0.178541
-0.288209
-0.233845
-0.272183
-0.261293
-0.263117
-0.262401
-0.256367
-0.263944
-0.277719
-0.267367
-0.28429
-0.293336
-0.306665
-0.26756
-0.288479
-0.31737
-0.339717
-0.333575
-0.350718
-0.336981
-0.248295
-0.377194
-0.384011
-0.383892
-0.443234
-0.449817
-0.13734
-0.325336
-0.280462
-0.301238
-0.544476
-0.516718
-0.0676959
-0.247478
-0.43363
-0.619487
-0.901681
-0.726934
-0.234972
-0.0339496
-0.68094
-1.2515
-1.81427
-1.30019
-1.445
4.54728
-1.26669
0.618012
0.239961
-0.504562
-0.843454
3.38584
-1.42139
0.759751
-0.729546
-5.6671
-6.89822
-20.6908
11.7833
1.69643
-0.791846
-0.366881
0.389781
-3.05525
2.75645
2.33219
2.79042
1.87548
1.7462
1.78068
