-0.00369072
0.00662994
0.0161219
0.0249658
0.0327921
0.0387487
0.0427194
0.0455647
0.0477085
0.048368
0.0468969
0.0440688
0.0411115
0.0381846
0.0349956
0.0323877
0.0318551
0.0336175
0.0366712
0.0408363
0.0471563
0.0558844
0.0657878
0.0762434
0.0882263
0.101708
0.113541
0.120016
0.120776
0.118114
0.112787
0.102922
0.0874043
0.0680552
0.0474439
0.026351
0.00465536
-0.0167513
-0.0364952
-0.0541787
-0.0698571
-0.0828447
-0.0925035
-0.0995555
-0.105024
-0.108306
-0.108005
-0.104491
-0.0998769
-0.0952902
-0.0899143
-0.0831423
-0.0759711
-0.0694542
-0.0632348
-0.0566282
-0.0499144
-0.0434346
-0.036447
-0.0281725
-0.0192509
-0.0109658
-0.00366306
0.00293207
0.00846434
0.0122705
0.0143886
0.0148959
0.0127435
0.00679541
-0.00223637
-0.0124249
-0.0229788
-0.0342703
-0.0456028
-0.0549288
-0.0611696
-0.0649543
-0.0664821
-0.0645781
-0.0586991
-0.0499616
-0.0391102
-0.0254364
-0.00909472
0.00755835
0.0228143
0.0378242
0.0537028
0.068387
0.0794573
0.0884829
0.0987668
0.109803
0.118519
0.125874
0.136781
0.151792
0.164023
0.167675
0.165287
0.162263
0.157693
0.146204
0.126959
0.10481
0.0827804
0.059268
0.0336447
0.00907993
-0.0124431
-0.0331578
-0.0545487
-0.0734735
-0.0868998
-0.0971103
-0.107867
-0.117898
-0.122986
-0.123046
-0.122131
-0.121886
-0.119961
-0.115331
-0.110369
-0.106226
-0.100582
-0.0921421
-0.0834522
-0.0764394
-0.0685248
-0.0566478
-0.0425496
-0.0301924
-0.0197101
-0.00805521
0.0052352
0.0170689
0.0255919
0.0321031
0.0374894
0.040235
0.039257
0.0358047
0.0310202
0.0241175
0.0146942
0.00457764
-0.00456381
-0.0135465
-0.0235229
-0.0331335
-0.0401034
-0.0444436
-0.0476837
-0.0497761
-0.0492454
-0.0459867
-0.0414782
-0.0362368
-0.0293293
-0.0206828
-0.0117826
-0.00355148
0.00460434
0.0129514
0.0203171
0.0256786
0.0295143
0.0328031
0.0358248
0.0385799
0.0412712
0.0438542
0.0462294
0.0491567
0.053544
0.0586319
0.0627837
0.0664582
0.0719776
0.0795722
0.086719
0.0931072
0.102735
0.117719
0.132844
0.140841
0.141415
0.139866
0.137381
0.128705
0.110698
0.0874462
0.0639763
0.039782
0.0125694
-0.0155463
-0.0405436
-0.06253
-0.084043
-0.103928
-0.118359
-0.127421
-0.135148
-0.142473
-0.145512
-0.142432
-0.137018
-0.132864
-0.128439
-0.121131
-0.112336
-0.104578
-0.0966325
-0.0859618
-0.0737643
-0.0628548
-0.0519767
-0.0373106
-0.0191646
-0.00208139
0.0121064
0.0262947
0.0418959
0.0554829
0.0639658
0.0688777
0.0724602
0.0730577
0.0680346
0.0585046
0.047267
0.034153
0.017539
-0.00102234
-0.0179968
-0.032877
-0.0476923
-0.0617933
-0.0715666
-0.0758162
-0.0771041
-0.0766754
-0.0722985
-0.0628376
-0.0508776
-0.0384598
-0.0240517
-0.00673914
0.0101409
0.0232773
0.0342441
0.0458384
0.0561852
0.0615554
0.0632868
0.0662308
0.0710969
0.07442
0.0763359
0.0817251
0.0918713
0.101753
0.109151
0.120023
0.139116
0.160167
0.172548
0.174771
0.173718
0.171669
0.162417
0.14163
0.113511
0.0838704
0.052691
0.0179601
-0.0179429
-0.0508547
-0.080502
-0.108368
-0.132297
-0.148685
-0.158705
-0.166793
-0.173241
-0.173711
-0.166831
-0.157119
-0.148642
-0.140321
-0.129888
-0.118412
-0.107827
-0.0972805
-0.085393
-0.0735188
-0.0631275
-0.052063
-0.0373602
-0.0203228
-0.00472832
0.00907135
0.023911
0.0399079
0.0532951
0.0618606
0.0673437
0.0710125
0.0707822
0.0648422
0.0547171
0.0422187
0.0264301
0.00668478
-0.0141244
-0.0326438
-0.0493889
-0.0663557
-0.0819669
-0.0924702
-0.0973682
-0.099216
-0.098371
-0.0923777
-0.0809107
-0.0668726
-0.0515394
-0.0330739
-0.01161
0.00867558
0.0252671
0.0409331
0.0581555
0.0737534
0.0836325
0.0898895
0.0977778
0.107519
0.11504
0.119968
0.12646
0.135638
0.143848
0.150403
0.160456
0.17629
0.191262
0.19759
0.195951
0.191493
0.183483
0.165887
0.137075
0.102122
0.0650654
0.0252333
-0.0172448
-0.0582094
-0.094418
-0.126764
-0.155475
-0.176797
-0.188419
-0.194206
-0.198673
-0.199772
-0.192583
-0.178236
-0.163281
-0.150705
-0.137296
-0.120563
-0.102873
-0.0869899
-0.0721865
-0.0572248
-0.0432992
-0.0311723
-0.0186296
-0.00389242
0.0110087
0.0233541
0.0339546
0.0449762
0.0554376
0.0623989
0.0652676
0.0653934
0.0624003
0.0545883
0.0423603
0.0276165
0.0101905
-0.0111752
-0.0344186
-0.0550761
-0.0722413
-0.0891199
-0.106275
-0.11887
-0.123036
-0.120828
-0.11578
-0.107283
-0.0931015
-0.0743213
-0.053503
-0.0304861
-0.00462341
0.0210018
0.0427265
0.0620823
0.0828333
0.103333
0.118228
0.127695
0.137854
0.150551
0.160056
0.163069
0.16484
0.170481
0.176805
0.179509
0.182903
0.193694
0.208242
0.215492
0.211767
0.203235
0.19272
0.173745
0.141292
0.100163
0.0573921
0.0131946
-0.0343037
-0.0810246
-0.120917
-0.15411
-0.183705
-0.207343
-0.219896
-0.223017
-0.223603
-0.222667
-0.214049
-0.195868
-0.175241
-0.158226
-0.142149
-0.122475
-0.101171
-0.0826435
-0.0662279
-0.0490122
-0.0324883
-0.0197182
-0.00841045
0.00612211
0.0222983
0.0336142
0.038671
0.0429688
0.049437
0.0536947
0.0512142
0.0435576
0.0342264
0.0230742
0.00854397
-0.00841761
-0.0264325
-0.0462503
-0.0674653
-0.0859423
-0.0987535
-0.108734
-0.119338
-0.127472
-0.126982
-0.117676
-0.104959
-0.0910559
-0.0727801
-0.0486221
-0.0221314
0.00348473
0.0288305
0.054215
0.0770693
0.096231
0.114248
0.132297
0.147205
0.157192
0.166169
0.177644
0.188231
0.192765
0.192798
0.19377
0.19616
0.196558
0.196203
0.200265
0.207822
0.210536
0.203727
0.191289
