0.169218
0.02518
0.0213162
0.036084
0.0454677
0.0408449
0.0537045
0.0669769
0.0474171
0.0476337
0.05116
0.0300849
0.0507951
0.0648694
0.0475455
0.0487742
0.050636
0.0423075
0.044372
0.0537356
0.0423778
0.048393
0.0718025
0.0734966
0.090192
0.114591
0.118721
0.141144
0.151156
0.158625
0.148655
0.138835
0.131038
0.0925613
0.0673851
0.0324271
-0.00960741
-0.026629
-0.0481362
-0.0790158
-0.0917842
-0.105869
-0.122421
-0.125067
-0.128452
-0.133941
-0.13251
-0.116316
-0.120739
-0.124003
-0.104361
-0.106968
-0.0952951
-0.0823705
-0.0818858
-0.0767479
-0.0650207
-0.054805
-0.052305
-0.0368636
-0.0328577
-0.0321013
-0.0047728
-0.00648807
0.0139913
0.0200611
0.00781162
0.0172294
0.0215898
0.0126635
-0.00507842
-0.00849272
-0.0249962
-0.0295764
-0.040819
-0.0559344
-0.0577834
-0.0510335
-0.067415
-0.0587611
-0.0385274
-0.0515925
-0.0265448
-0.00991431
-0.0147354
0.0262398
0.033027
0.029144
0.0523826
0.070639
0.0736862
0.10608
0.123819
0.11439
0.133994
0.14543
0.143485
0.175799
0.185484
0.175311
0.183676
0.179698
0.163678
0.159026
0.145858
0.119378
0.111694
0.0945269
0.0664147
0.0410978
0.0106581
-0.0123874
-0.0495809
-0.0760838
-0.0995435
-0.120863
-0.13274
-0.13718
-0.152283
-0.154421
-0.142278
-0.150627
-0.147774
-0.125347
-0.13343
-0.124505
-0.109168
-0.119453
-0.0820967
-0.0951951
-0.0912965
-0.0772637
-0.0503799
-0.0440729
-0.0343585
-0.00743245
-0.0105231
-0.00406464
0.0161117
0.0121339
0.020513
0.0333606
0.0123744
0.0193576
0.0316109
0.0219196
0.0111483
0.0131343
-0.0030303
-0.00856569
-0.00905497
-0.0331307
-0.0398227
-0.0339571
-0.0495614
-0.0438125
-0.03744
-0.0494192
-0.0331418
-0.0254341
-0.0125146
-0.0113911
-0.00576329
-0.00452105
0.0056014
0.0255181
0.0107149
0.0171495
0.0294833
0.0244585
0.0430679
0.0472011
0.0371712
0.0525187
0.0619346
0.0546469
0.0681097
0.0677249
0.066833
0.0780558
0.082638
0.0913068
0.103059
0.119736
0.122486
0.154245
0.172058
0.174574
0.178782
0.164196
0.150499
0.141132
0.127317
0.0815325
0.0515658
0.0217592
-0.0105163
-0.0351289
-0.0568854
-0.0832794
-0.105546
-0.120513
-0.140728
-0.150904
-0.158831
-0.169474
-0.174205
-0.171987
-0.154933
-0.159445
-0.153263
-0.128129
-0.134694
-0.119627
-0.112332
-0.113812
-0.0992947
-0.0880456
-0.0800915
-0.0614626
-0.0334572
-0.0195766
-0.00162522
0.0316098
0.0366935
0.0573977
0.0867421
0.0769619
0.0857456
0.0936718
0.0690978
0.0683411
0.0660624
0.0383543
0.0255284
0.0139273
-0.0197235
-0.0241397
-0.0314218
-0.0648386
-0.077567
-0.0730122
-0.0895877
-0.0847948
-0.0815768
-0.0899732
-0.0693943
-0.0445086
-0.0374139
-0.0120479
0.0113308
0.0237327
0.0434958
0.0617885
0.0620092
0.071058
0.167313
0.0777093
0.0835449
0.0944968
0.0855325
0.103001
0.120511
0.128022
0.135997
0.153713
0.177371
0.190174
0.19781
0.192558
0.182554
0.178155
0.167062
0.137307
0.10848
0.0666615
0.0273733
0.00102052
-0.0364688
-0.0662414
-0.0981278
-0.118381
-0.156672
-0.170714
-0.179226
-0.199302
-0.200173
-0.189912
-0.181328
-0.177237
-0.16405
-0.158921
-0.155654
-0.142053
-0.136126
-0.124019
-0.094363
-0.0954893
-0.0854654
-0.0625026
-0.058769
-0.0284042
-0.00753195
-0.000718057
0.0298282
0.0647288
0.0734244
0.0793374
0.0877163
0.0852993
0.0941322
0.0967875
0.0673782
0.058289
0.0494733
0.00896371
-0.0078989
-0.0217768
-0.0642688
-0.0684515
-0.0652358
-0.103721
-0.10248
-0.105861
-0.122082
-0.1109
-0.08898
-0.0893107
-0.0586206
-0.0286316
-0.0213572
0.0219899
0.0381098
0.043473
0.0747781
0.0961731
0.101646
0.11741
0.12414
0.130848
0.146741
0.152945
0.150147
0.167529
0.177841
0.18744
0.18481
0.197062
0.214023
0.216901
0.20715
0.194165
0.1802
0.158495
0.145261
0.103845
0.0526611
0.0253859
-0.0360583
-0.0734372
-0.107676
-0.155088
-0.183054
-0.199042
-0.221133
-0.227869
-0.220764
-0.23516
-0.224749
-0.197989
-0.193044
-0.184442
-0.160393
-0.15029
-0.134909
-0.102277
-0.0974018
-0.0791203
-0.0532113
-0.0403911
-0.0155413
0.00845386
0.0166985
0.0365512
0.103733
0.0630859
0.06693
0.0839564
0.0752988
0.0830031
0.0868521
0.05723
0.0492574
0.035713
0.0101443
-0.0057498
-0.0373538
-0.0646077
-0.0808711
-0.0910602
-0.117843
-0.130941
-0.135342
-0.150044
-0.134749
-0.119513
-0.105817
-0.0735121
-0.0485006
-0.032112
0.00825232
0.0354452
0.054877
0.0852492
0.103984
0.124825
0.155692
0.156191
0.153414
0.182108
0.192325
0.181295
0.203291
0.20849
0.203829
0.213579
0.209893
0.207983
0.221331
0.228767
0.209312
0.208367
0.201273
0.167659
0.142271
0.0958827
0.0401367
0.00653883
-0.0454977
-0.100021
-0.140212
-0.178742
-0.207587
-0.24634
-0.254895
-0.25491
-0.259768
-0.247673
-0.222361
-0.227551
-0.204054
-0.179246
-0.169867
-0.146333
-0.121171
-0.106886
-0.0833016
-0.0457882
-0.0376186
-0.0161772
0.0112223
0.00909288
0.0428589
0.0648438
0.0530615
0.0579727
0.0688579
0.0655036
0.0523271
0.0589648
0.0280436
0.0199594
0.0190414
-0.0183376
-0.0335087
-0.0427769
-0.0844673
-0.0972107
-0.102563
-0.128994
-0.136911
-0.145104
-0.163154
-0.14408
-0.11902
-0.108121
-0.0774822
-0.0405363
-0.0229718
0.0106849
0.0460579
0.0676914
0.0986236
0.123503
0.126792
0.152195
0.169523
0.175833
0.189119
0.203031
0.217758
0.230213
0.232377
0.220511
0.217224
0.219693
0.208845
0.207608
0.20954
0.212695
0.201769
0.19397
0.169218
0.14328
0.110968
0.0655193
0.0143514
-0.0378457
-0.0891576
-0.146336
-0.191784
-0.230257
-0.272487
-0.278459
-0.289826
-0.282322
-0.271816
-0.259643
-0.246954
-0.224536
-0.185406
-0.170299
-0.151459
-0.108493
-0.0909653
-0.0566234
-0.0333795
-0.0272697
-0.00289808
0.0173451
0.0304096
0.0438963
0.0592804
0.0511257
0.0606793
0.0637308
0.0404802
0.0423082
0.0368867
0.00784662
0.00644014
-0.00370976
-0.0439463
-0.0549651
-0.0722453
-0.107074
-0.115884
-0.135103
-0.161042
-0.160956
-0.151584
-0.164299
-0.144886
-0.106016
-0.10288
-0.0557504
-0.0192542
-0.0022711
0.0453564
0.0795695
0.0956891
0.125668
0.147524
0.158321
0.172923
0.188935
0.209051
0.208714
0.2318
0.235181
0.235273
0.244127
0.238318
0.237063
0.229441
0.217054
0.210676
0.211036
0.224372
0.210103
0.186264
0.179059
0.145235
0.111129
0.0688742
-0.000432971
-0.0615697
-0.113048
-0.166067
-0.221726
-0.259322
-0.295674
-0.317799
-0.304199
-0.307705
-0.292275
-0.262554
-0.249003
-0.212262
-0.174911
-0.149324
-0.121047
-0.0826595
-0.0576272
-0.0353218
-0.00386908
0.00144496
0.0144262
0.0366207
0.03622
0.0450102
0.0602293
0.0418061
0.0357153
0.0375849
0.0154155
0.0101404
0.00301081
-0.0294769
-0.0500105
-0.0675966
-0.0895172
-0.108072
-0.125483
-0.158562
-0.161668
-0.148577
-0.160798
-0.14736
-0.136045
-0.101035
-0.100386
-0.0683859
-0.0425071
-0.00510291
0.0308809
0.0561625
0.102607
0.132798
0.142205
0.166216
0.181574
0.183597
0.197146
0.200326
0.191606
0.213005
0.21947
0.209785
0.224583
0.222552
0.21372
0.218831
0.21288
0.202683
0.209028
0.224803
0.218687
0.22082
0.205698
0.172446
0.162318
0.131201
0.0585337
-0.00532298
-0.0771537
-0.144185
-0.189889
-0.246119
-0.29372
-0.320847
-0.321278
-0.320324
-0.3117
-0.285241
-0.258195
-0.220547
-0.189498
-0.142237
-0.10728
-0.077611
-0.0449915
-0.0444731
-0.0298079
-0.00543206
-0.00217787
0.00882249
0.0217538
0.00952532
0.0247704
0.0278334
0.0103355
0.00677708
0.0112965
0.00356888
-0.0217661
-0.0227803
-0.0685073
-0.0990749
-0.115229
-0.154313
-0.160067
-0.175147
-0.204875
-0.196592
-0.175157
-0.170386
-0.144258
-0.114789
-0.0929681
-0.0340621
0.0208539
0.0474809
0.0876778
0.120167
0.131085
0.15837
0.173566
0.16774
0.177477
0.176764
0.165169
0.167254
0.168742
0.15997
0.170068
0.183522
0.185708
0.194316
0.20382
0.195804
0.204071
0.198045
0.193902
0.207878
0.225185
0.23487
0.232285
0.223729
0.197802
0.1679
0.123143
0.0610169
-0.0153522
-0.0794187
-0.141901
-0.214044
-0.257289
-0.305533
-0.326043
-0.323977
-0.311368
-0.288404
-0.255619
-0.220128
-0.191657
-0.14718
-0.101467
-0.00120874
-0.0573308
-0.0421541
-0.0378712
-0.0237252
-0.0108974
-0.0195264
-0.0154162
-0.015141
-0.0188323
-0.00509168
6.83064e-05
-0.0249192
-0.03004
-0.0230721
-0.0494894
-0.0530705
-0.0769151
-0.128294
-0.134637
-0.135521
-0.164342
-0.168757
-0.175681
-0.185348
-0.157766
-0.126025
-0.117242
-0.0912099
-0.0526403
-0.0319696
0.0255314
0.0821434
0.0788431
0.115722
0.140152
0.15014
0.170781
0.170131
0.159677
0.153753
0.154881
0.138015
0.137608
0.141593
0.140021
0.155552
0.171181
0.17693
0.191933
0.199314
0.212467
0.211187
0.207006
0.223846
0.235206
0.257127
0.28063
0.266268
0.241397
0.217913
0.179217
0.11493
0.0357867
-0.0377222
-0.133302
-0.1892
-0.25767
-0.326547
-0.353721
-0.374651
-0.354596
-0.30092
-0.272824
-0.233832
-0.184029
-0.135285
-0.0860493
-0.0386368
-0.0195685
-0.0172686
-0.00155266
-0.00320918
-0.00224409
-0.00971783
-0.0404984
-0.0514498
-0.0400748
-0.0463602
-0.0466654
-0.058723
-0.0837893
-0.0797551
-0.076644
-0.0959434
-0.113283
-0.129914
-0.155476
-0.156463
-0.1502
-0.169591
-0.167719
-0.154066
-0.14606
-0.0968982
-0.0626332
-0.0524317
-0.0160803
0.0182134
0.0513234
0.0848361
0.109795
0.111981
0.135425
0.142839
0.14036
0.143174
0.136403
0.114026
0.119974
0.120362
0.109798
0.117633
0.125208
0.127982
0.160995
0.180594
0.178748
0.237751
0.199875
0.197173
0.210897
0.220147
0.231961
0.269332
0.303799
0.303946
0.305018
0.273344
0.228097
0.175716
0.0981746
-0.00248766
-0.10211
-0.19445
-0.27472
-0.331274
-0.374682
-0.393646
-0.377797
-0.333689
-0.2636
-0.210499
-0.156993
-0.0972573
-0.0553217
-0.0193668
0.015538
0.00294467
-0.00928946
0.00500078
-0.0308514
-0.0493334
-0.0597972
-0.101412
-0.104086
-0.0866794
-0.0896112
-0.0942967
-0.0973588
-0.120745
-0.120824
-0.110085
-0.14633
-0.167823
-0.169167
-0.192043
-0.178399
-0.16932
-0.168715
-0.139454
-0.101902
-0.0694749
-0.0201398
0.0131687
0.030272
0.0609419
0.0784216
0.082993
0.100055
0.0941464
0.0827178
0.104361
0.090512
0.0794489
0.0888209
0.0829664
0.0835062
0.0992661
0.107386
0.12566
0.151742
0.17427
0.188857
0.19883
0.20786
0.202061
0.215012
0.220028
0.211344
0.225466
0.238677
0.263048
0.307551
0.335087
0.338881
0.306489
0.259223
0.193969
0.111633
0.00584857
-0.126497
-0.244501
-0.328142
-0.377116
-0.424637
-0.442963
-0.421329
-0.353393
-0.253316
-0.162632
-0.0921794
-0.0281727
0.0456601
0.0745734
0.100368
0.0797439
0.0297087
-0.00365101
-0.0385548
-0.0821761
-0.122981
-0.151478
-0.174292
-0.150792
-0.116172
-0.120336
-0.112864
-0.116756
-0.132887
-0.118725
-0.130881
-0.178635
-0.193197
-0.202047
-0.209861
