-0.873614
-0.432082
-0.746763
-0.373016
-1.09511
-0.143295
-0.992515
-0.887376
-1.54301
-1.8617
-2.59772
-3.09622
-4.31055
-20.6179
12.8445
3.32223
1.19743
0.759475
-0.0089856
0.922765
0.860348
2.68978
4.01926
5.32682
3.77783
-6.92513
1.46735
-14.7506
-2.59262
-2.16455
1.24763
2.32342
1.28899
-0.0965865
-1.8982
-2.16673
-2.97166
-1.14959
-3.05132
-21.3427
0.787705
8.39435
5.43282
4.29815
3.17068
2.70506
1.17452
0.787259
0.981914
3.59061
4.01901
-1.20467
13.9384
-0.217778
-1.80514
-0.234139
-0.89842
0.235947
0.631394
0.632744
0.341672
0.83424
-0.791296
-1.02783
0.477978
-5.71479
-7.43629
-3.49741
-1.9587
-0.62251
-0.544118
0.0378614
-0.313935
-0.117429
-0.55772
-0.112823
0.157004
-0.821705
0.867524
1.49958
0.633335
1.0183
0.383082
0.595893
0.139349
0.392302
0.0871653
0.390798
0.26018
0.0362696
0.325752
-0.592307
-0.276479
0.417708
0.0177433
0.429704
-0.0632876
0.46086
0.181995
0.487979
0.163714
0.479527
0.3572
0.573035
0.595128
0.456747
-0.0121938
0.356462
-0.0253153
0.459823
0.112476
0.46838
-0.0159614
0.42538
0.128941
0.453374
-0.0195717
0.406218
0.25006
0.517513
0.198402
0.485678
0.119679
0.46576
0.16417
0.477802
0.142752
0.455498
-0.171098
0.560555
0.101523
0.359116
0.0597685
0.333728
0.0839877
0.470676
0.0704566
0.364928
0.0694302
0.351108
0.0242463
0.417404
-0.121508
0.461777
0.121255
0.492887
0.0956048
0.431156
0.114862
0.510752
0.153552
0.432769
0.182191
0.491839
0.0728601
0.494042
0.0659382
0.429769
0.0832299
0.43872
-0.0661397
0.36892
0.0725889
0.345286
0.0950715
0.504441
0.0967187
0.420513
0.206823
0.623061
0.190556
0.424206
0.107644
0.435814
0.0534801
0.4126
0.00605266
0.546799
-0.00335962
0.335916
0.140964
0.138725
-0.0820652
0.727136
0.451857
0.309163
0.081666
0.459936
0.36585
0.526703
0.341839
0.641348
-0.265037
0.496147
0.142711
1.16913
0.764507
0.858128
0.100617
0.481471
0.183321
0.416797
0.0130384
0.413791
0.080215
0.502274
0.104638
0.488464
-0.210862
0.303471
0.10579
0.43783
0.0999773
0.327365
0.0903531
0.407043
0.0631445
0.36836
0.156386
0.43241
0.161677
0.520365
0.0970913
0.408348
-0.0944758
0.408095
0.112969
0.566266
0.0897047
0.556658
0.168761
0.407986
0.31649
0.316508
0.00175555
0.44269
0.0577737
0.474942
0.0498097
0.52016
-0.148128
0.577228
0.185284
0.32293
0.00824849
0.400649
0.0618833
0.443089
0.120767
0.439889
0.0754189
0.430802
0.101035
0.446977
0.0831566
0.449101
-0.392928
0.426797
0.0924317
0.440451
0.112996
0.433718
0.10216
0.383031
0.13739
0.425437
0.093462
0.448753
0.105218
0.456302
0.0633728
0.428973
0.0378943
0.420114
0.128732
0.446392
0.0993026
0.421802
0.147252
0.419168
0.126686
0.447396
0.0722408
0.444467
0.175246
0.399588
0.0874943
0.292832
-0.0621148
0.360702
0.102843
0.425636
0.11489
0.409613
0.0744162
0.447557
0.163987
0.481153
0.0829946
0.47774
0.207641
0.433762
-0.00384885
0.43377
0.0348164
0.458846
0.0911074
0.444322
0.115955
0.434551
0.118425
0.435555
0.129762
0.490509
0.0466573
0.455991
0.0956031
0.437354
0.1086
0.420754
-0.18751
0.431668
0.0821861
0.442555
0.250882
0.504491
0.105604
0.485156
0.141304
0.454404
0.0723259
0.44416
0.101447
0.365691
0.186091
0.439952
0.0413412
0.338734
0.0706003
0.386156
0.136643
0.420027
0.0439429
0.404252
0.0976244
0.408875
0.188542
0.45268
0.130075
0.527402
0.0724797
0.401057
-0.0567714
0.417964
0.0770423
0.502072
0.161158
0.440089
0.155835
0.386003
0.112635
0.452204
0.0897567
0.401567
0.0674683
0.437326
0.0895303
0.413795
0.0451544
0.421253
0.0969967
0.438645
0.104862
0.436776
0.0877014
0.435066
0.151126
0.414513
0.116992
0.430195
0.145954
0.443398
0.0939754
0.422199
-0.136759
0.462047
0.0912562
0.442641
0.0879678
0.416682
0.0825942
0.460143
0.113084
0.433587
0.090851
0.4511
0.116388
0.421586
0.110186
0.416893
0.0228384
0.383547
0.135264
0.483596
0.133192
0.408971
0.0816011
0.58774
0.159111
0.47545
0.122523
0.471793
0.146426
0.451883
0.0167049
0.616278
-0.0832789
0.423532
0.0552133
0.420948
-0.022656
0.459607
0.0982031
0.47093
0.139168
0.449799
0.0956715
0.425326
0.111443
0.439539
0.0944082
0.418923
0.0430123
0.48369
0.0507881
0.325868
0.0876989
0.324733
0.0842195
0.427309
0.112353
0.457528
0.147556
0.411607
0.0787055
0.475907
0.136852
0.441007
-0.191848
0.481435
0.0607886
0.447771
0.128989
0.44049
0.099972
0.44858
0.149487
0.431827
0.0954757
0.443704
0.0994583
0.466195
0.102295
0.381343
0.0330913
0.428068
0.0874492
0.410472
0.0787311
0.343767
0.0991461
0.430257
0.143425
0.44236
0.0903685
0.442009
0.0747104
0.388666
0.102061
0.44228
-0.0701906
0.421679
0.109382
0.368253
0.102118
0.430014
0.108086
0.472734
0.133594
0.458867
0.0796642
0.468694
0.148998
0.480463
0.113352
0.434356
0.0323584
0.411278
0.0940495
0.432504
0.129832
0.425217
0.0923537
0.434185
0.133005
0.451267
0.0883778
0.464083
0.108757
0.432698
0.090623
0.44021
-0.873614
0.44021
0.090623
0.432698
0.108757
0.464083
0.0883778
0.451267
0.133005
0.434185
0.0923537
0.425217
0.129832
0.432504
0.0940495
0.411278
0.0323584
0.434356
0.113352
0.480463
0.148998
0.468694
0.0796642
0.458867
0.133594
0.472734
0.108086
0.430014
0.102118
0.368253
0.109382
0.421679
-0.0701906
0.44228
0.102061
0.388666
0.0747104
0.442009
0.0903685
0.44236
0.143425
0.430257
0.0991461
0.343767
0.0787311
0.410472
0.0874492
0.428068
0.0330913
0.381343
0.102295
0.466195
0.0994583
0.443704
0.0954757
0.431827
0.149487
0.44858
0.099972
0.44049
0.128989
0.447771
0.0607886
0.481435
-0.191848
0.441007
0.136852
0.475907
0.0787055
0.411607
0.147556
0.457528
0.112353
0.427309
0.0842195
0.324733
0.0876989
0.325868
0.0507881
0.48369
0.0430123
0.418923
0.0944082
0.439539
0.111443
0.425326
0.0956715
0.449799
0.139168
0.47093
0.0982031
0.459607
-0.022656
0.420948
0.0552133
0.423532
-0.0832789
0.616278
0.0167049
0.451883
0.146426
0.471793
0.122523
0.47545
0.159111
0.58774
0.0816011
0.408971
0.133192
0.483596
0.135264
0.383547
0.0228384
0.416893
0.110186
0.421586
0.116388
0.4511
0.090851
0.433587
0.113084
0.460143
0.0825942
0.416682
0.0879678
0.442641
0.0912562
0.462047
-0.136759
0.422199
0.0939754
0.443398
0.145954
0.430195
0.116992
0.414513
0.151126
0.435066
0.0877014
0.436776
0.104862
0.438645
0.0969967
0.421253
0.0451544
0.413795
0.0895303
0.437326
0.0674683
0.401567
0.0897567
0.452204
0.112635
0.386003
0.155835
0.440089
0.161158
0.502072
0.0770423
0.417964
-0.0567714
0.401057
0.0724797
0.527402
0.130075
0.45268
0.188542
0.408875
0.0976244
0.404252
0.0439429
0.420027
0.136643
0.386156
0.0706003
0.338734
0.0413412
0.439952
0.186091
0.365691
0.101447
0.44416
0.0723259
0.454404
0.141304
0.485156
0.105604
0.504491
0.250882
0.442555
0.0821861
0.431668
-0.18751
0.420754
0.1086
0.437354
0.0956031
0.455991
0.0466573
0.490509
0.129762
0.435555
0.118425
0.434551
0.115955
0.444322
0.0911074
0.458846
0.0348164
0.43377
-0.00384885
0.433762
0.207641
0.47774
0.0829946
0.481153
0.163987
0.447557
0.0744162
0.409613
0.11489
0.425636
0.102843
0.360702
-0.0621148
0.292832
0.0874943
0.399588
0.175246
0.444467
0.0722408
0.447396
0.126686
0.419168
0.147252
0.421802
0.0993026
0.446392
0.128732
0.420114
0.0378943
0.428973
0.0633728
0.456302
0.105218
0.448753
0.093462
0.425437
0.13739
0.383031
0.10216
0.433718
0.112996
0.440451
0.0924317
0.426797
-0.392928
0.449101
0.0831566
0.446977
0.101035
0.430802
0.0754189
0.439889
0.120767
0.443089
0.0618833
0.400649
0.00824849
0.32293
0.185284
0.577228
-0.148128
0.52016
0.0498097
0.474942
0.0577737
0.44269
0.00175555
0.316508
0.31649
0.407986
0.168761
0.556658
0.0897047
0.566266
0.112969
0.408095
-0.0944758
0.408348
0.0970913
0.520365
0.161677
0.43241
0.156386
0.36836
0.0631445
0.407043
0.0903531
0.327365
0.0999773
0.43783
0.10579
0.303471
-0.210862
0.488464
0.104638
0.502274
0.080215
0.413791
0.0130384
0.416797
0.183321
0.481471
0.100617
0.858128
0.764507
1.16913
0.142711
0.496147
-0.265037
0.641348
0.341839
0.526703
0.36585
0.459936
0.081666
0.309163
0.451857
0.727136
-0.0820652
0.138725
0.140964
0.335916
-0.00335962
0.546799
0.00605266
0.4126
0.0534801
0.435814
0.107644
0.424206
0.190556
0.623061
0.206823
0.420513
0.0967187
0.504441
0.0950715
0.345286
0.0725889
0.36892
-0.0661397
0.43872
0.0832299
0.429769
0.0659382
0.494042
0.0728601
0.491839
0.182191
0.432769
0.153552
0.510752
0.114862
0.431156
0.0956048
0.492887
0.121255
0.461777
-0.121508
0.417404
0.0242463
0.351108
0.0694302
0.364928
0.0704566
0.470676
0.0839877
0.333728
0.0597685
0.359116
0.101523
0.560555
-0.171098
0.455498
0.142752
0.477802
0.16417
0.46576
0.119679
0.485678
0.198402
0.517513
0.25006
0.406218
-0.0195717
0.453374
0.128941
0.42538
-0.0159614
0.46838
0.112476
0.459823
-0.0253153
0.356462
-0.0121938
0.456747
0.595128
0.573035
0.3572
0.479527
0.163714
0.487979
0.181995
0.46086
-0.0632876
0.429704
0.0177433
0.417708
-0.276479
-0.592307
0.325752
0.0362696
0.26018
0.390798
0.0871653
0.392302
0.139349
0.595893
0.383082
1.0183
0.633335
1.49958
0.867524
-0.821705
0.157004
-0.112823
-0.55772
-0.117429
-0.313935
0.0378614
-0.544118
-0.62251
-1.9587
-3.49741
-7.43629
-5.71479
0.477978
-1.02783
-0.791296
0.83424
0.341672
0.632744
0.631394
0.235947
-0.89842
-0.234139
-1.80514
-0.217778
13.9384
-1.20467
4.01901
3.59061
0.981914
0.787259
1.17452
2.70506
3.17068
4.29815
5.43282
8.39435
0.787705
-21.3427
-3.05132
-1.14959
-2.97166
-2.16673
-1.8982
-0.0965865
1.28899
2.32342
1.24763
-2.16455
-2.59262
-14.7506
1.46735
-6.92513
3.77783
5.32682
4.01926
2.68978
0.860348
0.922765
-0.0089856
0.759475
1.19743
3.32223
12.8445
-20.6179
-4.31055
-3.09622
-2.59772
-1.8617
-1.54301
-0.887376
-0.992515
-0.143295
-1.09511
-0.373016
-0.746763
-0.432082
