-5.64457
2.31097
1.46881
-0.806899
4.89778
0.770026
-0.153489
0.862505
2.51092
2.37259
-5.15829
5.9247
-14.6864
-0.176522
-4.05254
0.434847
-9.32562
0.324041
-1.24018
0.307979
10.333
-1.50762
9.08994
-7.26109
4.57202
-0.635496
-5.43174
0.328142
7.91004
13.1595
12.3694
-4.37177
2.94731
-0.150495
4.95816
8.04831
5.49203
-8.80476
6.13087
-2.73042
-0.632566
1.64567
-6.36998
-10.1496
4.26132
6.16508
-10.1102
-1.89541
7.92458
-5.65948
-11.6158
2.77681
-1.15592
6.43993
-10.0004
0.50108
-6.82678
-7.81991
-7.9067
8.66481
-0.376335
-0.242352
2.7799
8.49493
-5.71683
3.51115
1.28703
8.50873
5.10046
5.05436
3.51267
-1.55704
-2.83724
13.297
2.84724
0.317569
-4.02012
6.91042
-7.0853
-0.713855
-6.50831
-12.3717
-4.72608
-4.37847
6.22414
-2.68434
-1.79564
6.96352
1.33834
-5.50266
-8.61185
5.45462
1.19421
3.80966
-3.33378
9.06065
-6.2674
-12.9752
1.99718
-0.785786
-8.4308
6.74109
-1.35014
5.53851
-9.16943
-11.9382
-8.01511
-3.06554
-1.60736
-2.9988
-1.46871
10.7635
9.05457
1.81881
-3.12204
6.97062
1.71818
-6.77564
4.9267
13.703
-15.5966
3.21826
-1.82364
-10.7674
-6.27204
1.24651
-0.474227
-8.40865
-0.622047
-6.07655
-1.51746
1.3669
-6.56198
-11.0771
-4.68198
2.65324
-13.8734
9.61661
7.55695
-5.13015
0.278197
9.91719
-2.74908
3.55621
5.9497
8.68951
-0.846686
4.60843
2.72936
0.994814
-8.73093
-11.424
-8.70242
4.35662
-3.44197
5.93076
-7.8904
-2.9525
1.52757
-12.6958
-4.69633
4.40127
-1.36647
3.44421
3.53915
4.71731
-6.71758
-4.32848
-4.07384
7.28908
-2.63896
-1.39574
6.10988
-4.53527
-0.100061
-10.5633
-11.1942
-1.08715
-12.7135
6.02386
-5.86218
-4.27246
-1.18587
7.15787
-0.348102
-3.47829
2.41621
0.613249
3.96606
14.2626
0.757285
6.11195
-5.39146
5.21729
8.94052
0.968258
-3.31998
6.36817
-5.55601
-9.36954
-5.04145
3.7284
-11.6562
5.88153
2.39268
5.40726
-10.935
-7.67734
10.2476
0.662903
-7.27102
6.90866
3.45107
-7.22408
-6.92709
1.59113
-5.4557
0.870552
4.02444
-12.5736
-3.26089
8.27547
4.23478
0.131422
5.43163
-4.61143
13.6048
9.60472
9.62999
2.52398
-1.75899
5.0798
4.10355
-6.69516
5.53949
-2.07458
8.60336
-1.25839
0.213411
5.10291
-4.59521
3.79258
-6.03203
-1.61835
-12.4567
4.24609
-3.7487
-0.934381
0.0409077
5.27381
-1.20432
-2.31802
3.32306
-1.43358
-1.53408
1.4783
