0.169218
0.020108
0.0233426
0.0400694
0.0302262
0.0401311
0.0624476
0.0577017
0.0462421
0.0510887
0.0472254
0.0245264
0.0543462
0.0604025
0.046096
0.0438954
0.0531157
0.0463912
0.0464938
0.0508034
0.0468634
0.0497755
0.06685
0.0820539
0.0759994
0.119636
0.10929
0.13815
0.140982
0.153076
0.142068
0.135956
0.139605
0.0856809
0.070907
0.0328239
-0.00829263
-0.0230054
-0.0386128
-0.083474
-0.0874827
-0.0912488
-0.117634
-0.111756
-0.123045
-0.127812
-0.118055
-0.107601
-0.107233
-0.119838
-0.0933994
-0.0981856
-0.0894379
-0.0755666
-0.0750386
-0.0757742
-0.0648223
-0.0560304
-0.0471972
-0.0340905
-0.0213422
-0.0280013
0.00272707
-0.000705985
0.0141658
0.0257198
0.00201999
0.0258769
0.0142291
0.0123637
-0.0109668
-0.022062
-0.0258962
-0.0166409
-0.0431386
-0.0544388
-0.0568027
-0.0581155
-0.071487
-0.0548449
-0.0400908
-0.0510403
-0.0342804
-0.0148406
-0.00613534
0.0290083
0.0172041
0.0210478
0.0529716
0.0756716
0.0691533
0.0952919
0.116248
0.115273
0.12667
0.135952
0.135077
0.165143
0.179622
0.170634
0.167006
0.162853
0.152589
0.143997
0.143123
0.11273
0.0992084
0.0851746
0.0554763
0.0347746
0.00715447
-0.0148377
-0.054005
-0.0673474
-0.0927829
-0.117112
-0.123855
-0.130084
-0.144894
-0.141779
-0.137691
-0.142481
-0.149987
-0.120379
-0.129046
-0.118299
-0.0968019
-0.109715
-0.0668784
-0.0912751
-0.0801852
-0.0831834
-0.0612549
-0.047418
-0.0435765
-0.0103412
-0.00810343
-0.000882957
0.0227444
0.0191103
0.0281041
0.0422811
0.00905233
0.0343474
0.0313245
0.0326915
0.00279375
0.0135205
-0.00399145
-0.0109879
-0.0132758
-0.0359913
-0.0323691
-0.0437002
-0.0427076
-0.045104
-0.0357153
-0.0469443
-0.027244
-0.0312005
-0.0138096
-0.0119075
-0.0156262
-0.0119839
0.00114799
0.026499
0.0151008
0.0252212
0.034681
0.0313267
0.0507712
0.048573
0.0398952
0.051766
0.0623617
0.0542993
0.0565858
0.065511
0.0542684
0.0583634
0.0742298
0.0866922
0.0944509
0.120676
0.126379
0.139878
0.156564
0.171535
0.161119
0.154487
0.155669
0.140119
0.126503
0.0752783
0.0440095
0.0276583
-0.0027808
-0.0309856
-0.0388623
-0.0625264
-0.112809
-0.124437
-0.126381
-0.156187
-0.145495
-0.152208
-0.167484
-0.161948
-0.148874
-0.15458
-0.159676
-0.122937
-0.132781
-0.117123
-0.114937
-0.107282
-0.0986327
-0.082211
-0.0645182
-0.0490467
-0.0268662
-0.0111214
-0.000169753
0.0247532
0.0461399
0.0497492
0.0719104
0.0662714
0.0714848
0.0896405
0.0688262
0.0626993
0.0520455
0.0280514
0.0242026
0.00580942
-0.0171239
-0.0394899
-0.0490053
-0.0572381
-0.0783039
-0.0769678
-0.0770171
-0.0919135
-0.0865673
-0.0859165
-0.064091
-0.0469853
-0.0387455
0.000699556
0.0192562
0.0309378
0.0426944
0.0573648
0.0570584
0.0673859
0.156832
0.0746196
0.0715986
0.0883747
0.0818617
0.100072
0.116495
0.119431
0.132578
0.146232
0.166145
0.187311
0.182175
0.200606
0.183465
0.169948
0.170719
0.14142
0.119846
0.0697633
0.0293728
-0.000154139
-0.0353493
-0.0613017
-0.0968836
-0.112564
-0.160277
-0.154497
-0.171362
-0.184165
-0.185294
-0.175616
-0.184032
-0.174243
-0.15874
-0.144962
-0.153919
-0.144641
-0.132213
-0.114901
-0.0782936
-0.0798327
-0.0741046
-0.0593241
-0.0475065
-0.0125886
-0.00436722
0.00555224
0.0198748
0.0472534
0.0737495
0.0671357
0.0736521
0.0823861
0.0884741
0.0815233
0.0645212
0.0581295
0.0368245
0.00599128
-0.0176973
-0.0189246
-0.0510523
-0.0707322
-0.065259
-0.0967315
-0.104672
-0.108051
-0.110452
-0.0992096
-0.0903001
-0.0833714
-0.0497899
-0.0235668
-0.0352611
0.00802779
0.033681
0.052262
0.0713528
0.100894
0.0828781
0.104661
0.121765
0.105141
0.1436
0.142091
0.138628
0.174216
0.16442
0.180302
0.177889
0.198596
0.200942
0.208744
0.20371
0.18036
0.177681
0.160512
0.133799
0.111429
0.047148
0.029772
-0.0189977
-0.068186
-0.102913
-0.146136
-0.16879
-0.18862
-0.20552
-0.214186
-0.212529
-0.222179
-0.215105
-0.194359
-0.177729
-0.176709
-0.14329
-0.128801
-0.124668
-0.0887723
-0.0810752
-0.0662259
-0.0551508
-0.0393202
-0.0103459
0.00819367
0.0112661
0.0316194
0.0888832
0.0661826
0.0634758
0.0789322
0.0911085
0.0725347
0.0793211
0.0538223
0.0491116
0.0368975
0.0111601
-2.8605e-05
-0.0364577
-0.0555856
-0.0807204
-0.0900302
-0.105693
-0.131442
-0.128239
-0.13284
-0.122311
-0.116354
-0.0916474
-0.0676131
-0.0404499
-0.0210029
0.0142237
0.0373709
0.0554701
0.0729414
0.0948908
0.119266
0.152291
0.151105
0.151319
0.178082
0.191765
0.173572
0.187547
0.195496
0.188064
0.208138
0.216331
0.194254
0.209367
0.225958
0.216546
0.2161
0.20561
0.172005
0.126661
0.0933089
0.0358754
0.00202627
-0.0370656
-0.101639
-0.128463
-0.169619
-0.190459
-0.234973
-0.246299
-0.239543
-0.2367
-0.236603
-0.215143
-0.224023
-0.205861
-0.174467
-0.159059
-0.145187
-0.118898
-0.10062
-0.080804
-0.0386876
-0.0164453
-0.00305199
0.00147965
0.00869459
0.0269352
0.0551375
0.0483633
0.0418387
0.0590069
0.0605767
0.0486861
0.0601945
0.0260296
0.0124359
0.00991369
-0.0146355
-0.0312031
-0.0484088
-0.0856786
-0.102454
-0.103541
-0.109844
-0.143021
-0.138024
-0.151589
-0.133633
-0.0939505
-0.109086
-0.0773855
-0.0393779
-0.017291
0.0168053
0.045427
0.0741772
0.0772188
0.118088
0.122254
0.129697
0.153111
0.17066
0.189322
0.196039
0.207395
0.232536
0.210338
0.206452
0.209075
0.219302
0.206569
0.197819
0.210829
0.215567
0.201309
0.186294
0.169218
0.136681
0.101306
0.065222
0.00672252
-0.0370104
-0.0748504
-0.127023
-0.187308
-0.229545
-0.262993
-0.256022
-0.278253
-0.276422
-0.260884
-0.256132
-0.24942
-0.227266
-0.177398
-0.152159
-0.143366
-0.096243
-0.0836192
-0.0516303
-0.0295005
-0.0143324
0.00121505
0.00848644
0.03592
0.0306067
0.0389798
0.0448279
0.040136
0.06701
0.0408849
0.0326119
0.0256522
0.00857388
0.00503177
-0.00554395
-0.0407307
-0.0642097
-0.0808412
-0.0966191
-0.119236
-0.128621
-0.155544
-0.164115
-0.147139
-0.146268
-0.133899
-0.101925
-0.0860772
-0.0451265
-0.0113615
0.00738342
0.0376908
0.0733986
0.090727
0.12181
0.136126
0.148827
0.150684
0.170754
0.203978
0.208237
0.23058
0.230167
0.223459
0.229163
0.246335
0.233789
0.230139
0.203099
0.208089
0.206087
0.217506
0.208708
0.185485
0.182653
0.155629
0.11698
0.0639277
0.00351601
-0.0724554
-0.108039
-0.134616
-0.198597
-0.253702
-0.282547
-0.306038
-0.305807
-0.292224
-0.274864
-0.258811
-0.235764
-0.193164
-0.160549
-0.133648
-0.109606
-0.0660598
-0.046421
-0.024152
0.00122583
0.0129811
0.0241205
0.0413858
0.034125
0.0413118
0.0523969
0.0435279
0.0299033
0.0405898
0.0177366
0.00470983
0.00453819
-0.0300839
-0.0349478
-0.0630747
-0.0815964
-0.10436
-0.129539
-0.147785
-0.149469
-0.133782
-0.150248
-0.146459
-0.121279
-0.0836252
-0.090068
-0.0615618
-0.0320791
0.0135406
0.0296051
0.0428174
0.0953982
0.129677
0.148683
0.156161
0.180651
0.180358
0.181306
0.194192
0.185945
0.201763
0.209245
0.206113
0.216049
0.215504
0.210402
0.219741
0.208066
0.200204
0.204097
0.220881
0.226537
0.217062
0.217917
0.181977
0.163481
0.120419
0.0444295
-0.00823334
-0.0777045
-0.13683
-0.171415
-0.230212
-0.269827
-0.308631
-0.2982
-0.316556
-0.301473
-0.269254
-0.265051
-0.20809
-0.18203
-0.144377
-0.089672
-0.059538
-0.0356359
-0.0408863
-0.0276088
-0.0263607
0.00529961
0.0120391
0.0127315
0.00762232
0.0171288
0.021012
0.00913855
0.00626654
0.0137042
0.00744132
-0.0236314
-0.0244376
-0.0563921
-0.102182
-0.115917
-0.144197
-0.149802
-0.169752
-0.194129
-0.181393
-0.166397
-0.175076
-0.143862
-0.103045
-0.088209
-0.0383343
0.0206412
0.0587994
0.100581
0.1244
0.127408
0.151687
0.170249
0.176738
0.168329
0.164616
0.150237
0.153148
0.173887
0.157343
0.164291
0.174128
0.19103
0.190507
0.195203
0.194116
0.206895
0.186044
0.200064
0.197571
0.219375
0.223063
0.21947
0.215182
0.184391
0.181229
0.127497
0.0665051
-0.0194396
-0.0838388
-0.126711
-0.220381
-0.23246
-0.282598
-0.310716
-0.311895
-0.303142
-0.271564
-0.250447
-0.221036
-0.183251
-0.150102
-0.0947251
0.00927231
-0.0525088
-0.0375197
-0.0296526
-0.0126762
-0.00863706
-0.0133054
-0.0103773
-0.0244973
-0.0246227
-0.0141101
-0.0199403
-0.029569
-0.0382181
-0.0177083
-0.0475829
-0.0599925
-0.0730162
-0.133612
-0.133462
-0.135662
-0.16119
-0.163057
-0.182425
-0.187623
-0.155846
-0.127227
-0.102914
-0.0989338
-0.0546366
-0.0294845
0.0222767
0.0792718
0.0798564
0.116702
0.138751
0.155906
0.161659
0.160449
0.142353
0.137988
0.141902
0.129691
0.133014
0.127703
0.143839
0.134723
0.15945
0.17301
0.180233
0.189216
0.210259
0.207938
0.190433
0.223521
0.225226
0.242953
0.282983
0.273953
0.229727
0.220173
0.169691
0.113508
0.0276566
-0.039467
-0.123708
-0.186697
-0.251445
-0.32233
-0.330722
-0.360798
-0.342297
-0.28915
-0.253144
-0.23112
-0.176299
-0.132621
-0.0918429
-0.044053
-0.0138303
-0.0159638
0.00325689
0.013078
0.00296307
-0.00928699
-0.0321824
-0.0383987
-0.0427476
-0.0422621
-0.0484029
-0.060834
-0.0766809
-0.0833378
-0.080363
-0.0983123
-0.105281
-0.120818
-0.156728
-0.142699
-0.151906
-0.153538
-0.163899
-0.148621
-0.146539
-0.085476
-0.063216
-0.0428753
-0.00748646
0.0130036
0.0633324
0.0753557
0.124917
0.113162
0.134549
0.126615
0.147406
0.145962
0.129636
0.10509
0.106797
0.109746
0.11451
0.103708
0.124195
0.117749
0.147653
0.177491
0.171489
0.219973
0.192416
0.206717
0.210362
0.211826
0.235736
0.252458
0.295949
0.292984
0.294875
0.266954
0.218111
0.184963
0.0838049
0.00841563
-0.104825
-0.197727
-0.25361
-0.327023
-0.354929
-0.382187
-0.361451
-0.324636
-0.263407
-0.200885
-0.160969
-0.102654
-0.0519606
-0.0182171
0.0201027
0.00729693
0.00715786
-0.00452443
-0.0237289
-0.0465261
-0.0563515
-0.0935533
-0.0920729
-0.0930298
-0.0869116
-0.101227
-0.109946
-0.123291
-0.100771
-0.106027
-0.137084
-0.163255
-0.1699
-0.179282
-0.174974
-0.164839
-0.163068
-0.12617
-0.105149
-0.0659332
-0.00781081
0.0123957
0.0282705
0.0548058
0.094539
0.082605
0.114872
0.0829438
0.102935
0.100752
0.0884532
0.0929778
0.0763362
0.0796503
0.079598
0.0959434
0.100815
0.117968
0.149665
0.170645
0.193354
0.19632
0.203317
0.207967
0.200715
0.218224
0.220653
0.215914
0.231105
0.257892
0.308245
0.322137
0.343298
0.311154
0.237522
0.204934
0.0999552
0.0180129
-0.125643
-0.2137
-0.317348
-0.345773
-0.399426
-0.425936
-0.396466
-0.33609
-0.24597
-0.166517
-0.0820772
-0.0308123
0.0530321
0.07975
0.0976654
0.0885422
0.0418946
0.017287
-0.0285354
-0.0681796
-0.108734
-0.145173
-0.157032
-0.142728
-0.133331
-0.12096
-0.111893
-0.11761
-0.122209
-0.0991615
-0.134117
-0.184143
-0.179769
-0.198696
-0.193037
