0
0.0794153
0.284965
0.21495
0.380173
0.482945
0.390209
0.669386
1.09547
1.77979
2.42408
4.50728
9.52989
-53.4524
-10.9106
-6.26331
-3.71068
-2.56952
-1.14088
-0.0766707
0.7064
1.28224
-0.166844
-2.63528
-7.28054
-13.6284
53.3865
-12.8836
3.77309
3.72123
1.76614
1.07063
-1.37256
-2.79103
-2.72755
-0.0810987
0.99796
0.271362
0.986682
-7.82922
-21.5825
-8.4279
-3.88216
-2.82881
-2.78854
-3.16982
-2.64237
-1.791
-0.272075
-0.656148
-6.49825
-5.21195
4.38096
7.24193
2.02949
2.59673
2.7037
1.9271
1.87048
2.27477
1.30243
1.8048
1.76848
2.84049
3.54758
5.25924
-1.00617
-3.34354
-2.62062
-2.44186
-1.98395
-1.76205
-1.44564
-1.45832
-1.74059
-1.22236
-1.68858
-1.92972
-2.4725
-0.7625
-0.51231
-0.648441
-0.573834
-0.576444
-0.586161
-0.429693
-0.38888
-0.331209
-0.41579
-0.23959
0.243903
-0.0620789
-1.092
-0.918933
-0.755784
-0.686681
-0.603531
-0.485613
-0.528672
-0.507537
-0.493674
-0.381345
-0.340795
-0.656391
-0.210513
-0.084054
-0.285705
-0.320954
-0.38343
-0.315544
-0.31511
-0.318715
-0.319183
-0.288021
-0.256166
-0.416647
-0.279081
-0.570386
-0.403703
-0.30157
-0.310546
-0.289449
-0.304026
-0.317424
-0.303738
-0.279846
-0.267716
-0.354685
-0.279022
-0.285769
-0.122432
-0.207685
-0.241423
-0.236624
-0.260166
-0.223512
-0.199316
-0.210265
-0.253912
-0.326229
-0.240666
-0.197978
-0.302797
-0.392787
-0.299159
-0.243362
-0.24
-0.230658
-0.286232
-0.276077
-0.378638
-0.236446
-0.124185
-0.237179
-0.201206
-0.174789
-0.16287
-0.203521
-0.227152
-0.207351
-0.212772
-0.2528
-0.254163
-0.234013
-0.212617
-0.198929
-0.293526
-0.249256
-0.337056
-0.261913
-0.10225
-0.182192
-0.21431
-0.217978
-0.175969
-0.134188
-0.0922093
-0.222885
-0.281862
-0.0275416
-0.281694
-0.186463
-0.625995
-0.510232
-0.0707778
-0.0825357
-0.216822
-0.353996
-0.407329
-0.304234
-0.160184
-0.0295579
-0.239894
-0.316888
-0.58223
-0.509023
0.266541
0.431966
0.199884
-0.0699232
0.00846965
-0.0132223
0.0989519
-0.0403059
-0.115963
0.0498951
-0.0410395
0.249721
-0.00386821
-0.201466
0.0883101
-0.167306
-0.0939173
-0.104714
-0.0545584
-0.15879
-0.142028
-0.0632185
-0.138252
-0.13669
-0.20134
-0.0922578
-0.114258
-0.147799
-0.106774
-0.0931228
-0.0910268
-0.127791
-0.0637684
0.0159614
-0.102019
-0.0314125
-0.145665
0.00100613
-0.180073
-0.094573
-0.0104018
0.00514236
-0.109127
-0.0729184
0.0130737
-0.00306829
-0.524294
0.0543685
-0.201449
-0.000882105
-0.12234
-0.104573
-0.0975503
-0.101507
-0.099981
-0.0999099
-0.098927
-0.0986874
-0.0981636
-0.0968108
-0.0961902
-0.0953129
-0.0953971
-0.0942137
-0.0954175
-0.0905444
-0.0944754
-0.090789
-0.0936587
-0.0932193
-0.0792858
-0.0892267
-0.0896916
-0.0855291
-0.0891352
-0.0885737
-0.0856462
-0.082947
-0.0747865
-0.0863048
-0.0742531
-0.0996891
-0.0925511
-0.0884865
-0.0812145
-0.0830727
-0.0874374
-0.0810818
-0.0818651
-0.0685724
-0.0868791
-0.0975746
-0.0822799
-0.108542
-0.0793911
-0.0672554
-0.0791528
-0.0771189
-0.083259
-0.0732824
-0.0614842
-0.0775257
-0.0750777
-0.0705967
-0.0854842
-0.0788353
-0.0782649
-0.0730071
-0.0723255
-0.0709185
-0.0700596
-0.0794543
-0.075042
-0.0744551
-0.0801878
-0.0707229
-0.0600338
-0.064467
-0.0670795
-0.078278
-0.0929097
-0.0997611
-0.104586
-0.134768
0.0202786
-0.0244617
-0.00558237
-0.0031378
0.0324121
-0.0751185
-0.11237
-0.117286
-0.518317
-0.0522483
-0.113805
-0.0320566
0.0246988
-0.345746
-0.0606618
-0.0578604
-0.133744
-1.1877
-0.00466117
-0.0393279
-0.0523476
-0.0534087
-0.0626353
-0.0625091
-0.0729024
-0.150497
0.180081
0.000572386
-0.0633154
0.00581819
-1.19184
-0.128394
-0.0191578
-0.0462495
-0.0636021
0.132655
0.0128701
-0.0078457
0.0915756
-0.199068
-0.102022
-0.0953183
-0.0822042
-0.161817
0.0100413
-0.00548999
-0.0082348
0.00180234
-0.0316025
-0.0297978
0.00803538
-0.0400671
-0.0167321
-0.0245098
-0.0299528
-0.0353284
-0.0181234
-0.0278579
-0.0305867
-0.0300979
-0.0318374
-0.0292789
-0.0317962
-0.0298713
-0.0297744
-0.0306671
-0.0281263
-0.0302433
-0.0288357
-0.0254705
-0.0242638
-0.0253353
-0.0302242
-0.0303133
-0.0169015
-0.0239888
-0.0132938
-0.0482099
-0.038971
-0.0677138
-0.0306554
-0.0176752
-0.0239008
-0.0138584
-0.0422762
-0.016748
-0.0128038
0.230724
-0.0344648
-0.0285609
-0.0253503
-0.0224889
0.0209289
-0.0377053
-0.0265686
-0.0918366
-0.032836
-0.0231318
-0.0453686
-0.0357642
-0.00541966
-0.0176597
-0.00609148
-0.0442864
-0.0378502
-0.033251
-0.0251694
-0.0257904
-0.0308651
-0.0366417
-0.0205252
-0.0171484
-0.0219541
-0.0421413
-0.0270737
-0.0502692
-0.0195333
-0.138921
-0.0197956
-0.0197329
-0.0213546
-0.00545167
-0.0189281
-0.028523
-0.0200756
-0.0121278
-0.00607061
-0.0191656
-0.032985
-0.0128104
-0.0056953
-0.0134864
-0.0186414
-0.0137876
-0.0187689
-0.0151129
-0.0139502
-0.0178732
0.0509548
-0.0153627
-0.0153097
-0.0051228
-0.0110869
-0.0250022
-0.0165779
-0.0113207
-0.012906
-0.0116381
-0.0158006
-0.0045292
-0.00488712
-0.0136303
-0.00944796
-0.0105947
-0.00871342
-0.00997538
-0.00914188
-0.0295381
-0.0099693
-0.00784269
-0.00769416
-0.00669936
-0.00829745
-0.0087592
-0.0062847
-0.0052039
-0.0066807
0.00469787
-0.0107204
-0.00587207
-0.00609605
0.00143992
-0.00424478
-0.00431131
-0.0115788
-0.00598261
-0.00338607
-0.00791574
-0.00405411
-0.00368254
-0.0030878
-0.00202901
-0.00275873
-0.00258189
-0.00116497
-0.00237385
-0.000781217
-0.00108339
-0.000994213
-0.00096187
-0.000710626
-0.000238029
0
0.000238029
0.000710626
0.00096187
0.000994213
0.00108339
0.000781217
0.00237385
0.00116497
0.00258189
0.00275873
0.00202901
0.0030878
0.00368254
0.00405411
0.00791574
0.00338607
0.00598261
0.0115788
0.00431131
0.00424478
-0.00143992
0.00609605
0.00587207
0.0107204
-0.00469787
0.0066807
0.0052039
0.0062847
0.0087592
0.00829745
0.00669936
0.00769416
0.00784269
0.0099693
0.0295381
0.00914188
0.00997538
0.00871342
0.0105947
0.00944796
0.0136303
0.00488712
0.0045292
0.0158006
0.0116381
0.012906
0.0113207
0.0165779
0.0250022
0.0110869
0.0051228
0.0153097
0.0153627
-0.0509548
0.0178732
0.0139502
0.0151129
0.0187689
0.0137876
0.0186414
0.0134864
0.0056953
0.0128104
0.032985
0.0191656
0.00607061
0.0121278
0.0200756
0.028523
0.0189281
0.00545167
0.0213546
0.0197329
0.0197956
0.138921
0.0195333
0.0502692
0.0270737
0.0421413
0.0219541
0.0171484
0.0205252
0.0366417
0.0308651
0.0257904
0.0251694
0.033251
0.0378502
0.0442864
0.00609148
0.0176597
0.00541966
0.0357642
0.0453686
0.0231318
0.032836
0.0918366
0.0265686
0.0377053
-0.0209289
0.0224889
0.0253503
0.0285609
0.0344648
-0.230724
0.0128038
0.016748
0.0422762
0.0138584
0.0239008
0.0176752
0.0306554
0.0677138
0.038971
0.0482099
0.0132938
0.0239888
0.0169015
0.0303133
0.0302242
0.0253353
0.0242638
0.0254705
0.0288357
0.0302433
0.0281263
0.0306671
0.0297744
0.0298713
0.0317962
0.0292789
0.0318374
0.0300979
0.0305867
0.0278579
0.0181234
0.0353284
0.0299528
0.0245098
0.0167321
0.0400671
-0.00803538
0.0297978
0.0316025
-0.00180234
0.0082348
0.00548999
-0.0100413
0.161817
0.0822042
0.0953183
0.102022
0.199068
-0.0915756
0.0078457
-0.0128701
-0.132655
0.0636021
0.0462495
0.0191578
0.128394
1.19184
-0.00581819
0.0633154
-0.000572386
-0.180081
0.150497
0.0729024
0.0625091
0.0626353
0.0534087
0.0523476
0.0393279
0.00466117
1.1877
0.133744
0.0578604
0.0606618
0.345746
-0.0246988
0.0320566
0.113805
0.0522483
0.518317
0.117286
0.11237
0.0751185
-0.0324121
0.0031378
0.00558237
0.0244617
-0.0202786
0.134768
0.104586
0.0997611
0.0929097
0.078278
0.0670795
0.064467
0.0600338
0.0707229
0.0801878
0.0744551
0.075042
0.0794543
0.0700596
0.0709185
0.0723255
0.0730071
0.0782649
0.0788353
0.0854842
0.0705967
0.0750777
0.0775257
0.0614842
0.0732824
0.083259
0.0771189
0.0791528
0.0672554
0.0793911
0.108542
0.0822799
0.0975746
0.0868791
0.0685724
0.0818651
0.0810818
0.0874374
0.0830727
0.0812145
0.0884865
0.0925511
0.0996891
0.0742531
0.0863048
0.0747865
0.082947
0.0856462
0.0885737
0.0891352
0.0855291
0.0896916
0.0892267
0.0792858
0.0932193
0.0936587
0.090789
0.0944754
0.0905444
0.0954175
0.0942137
0.0953971
0.0953129
0.0961902
0.0968108
0.0981636
0.0986874
0.098927
0.0999099
0.099981
0.101507
0.0975503
0.104573
0.12234
0.000882105
0.201449
-0.0543685
0.524294
0.00306829
-0.0130737
0.0729184
0.109127
-0.00514236
0.0104018
0.094573
0.180073
-0.00100613
0.145665
0.0314125
0.102019
-0.0159614
0.0637684
0.127791
0.0910268
0.0931228
0.106774
0.147799
0.114258
0.0922578
0.20134
0.13669
0.138252
0.0632185
0.142028
0.15879
0.0545584
0.104714
0.0939173
0.167306
-0.0883101
0.201466
0.00386821
-0.249721
0.0410395
-0.0498951
0.115963
0.0403059
-0.0989519
0.0132223
-0.00846965
0.0699232
-0.199884
-0.431966
-0.266541
0.509023
0.58223
0.316888
0.239894
0.0295579
0.160184
0.304234
0.407329
0.353996
0.216822
0.0825357
0.0707778
0.510232
0.625995
0.186463
0.281694
0.0275416
0.281862
0.222885
0.0922093
0.134188
0.175969
0.217978
0.21431
0.182192
0.10225
0.261913
0.337056
0.249256
0.293526
0.198929
0.212617
0.234013
0.254163
0.2528
0.212772
0.207351
0.227152
0.203521
0.16287
0.174789
0.201206
0.237179
0.124185
0.236446
0.378638
0.276077
0.286232
0.230658
0.24
0.243362
0.299159
0.392787
0.302797
0.197978
0.240666
0.326229
0.253912
0.210265
0.199316
0.223512
0.260166
0.236624
0.241423
0.207685
0.122432
0.285769
0.279022
0.354685
0.267716
0.279846
0.303738
0.317424
0.304026
0.289449
0.310546
0.30157
0.403703
0.570386
0.279081
0.416647
0.256166
0.288021
0.319183
0.318715
0.31511
0.315544
0.38343
0.320954
0.285705
0.084054
0.210513
0.656391
0.340795
0.381345
0.493674
0.507537
0.528672
0.485613
0.603531
0.686681
0.755784
0.918933
1.092
0.0620789
-0.243903
0.23959
0.41579
0.331209
0.38888
0.429693
0.586161
0.576444
0.573834
0.648441
0.51231
0.7625
2.4725
1.92972
1.68858
1.22236
1.74059
1.45832
1.44564
1.76205
1.98395
2.44186
2.62062
3.34354
1.00617
-5.25924
-3.54758
-2.84049
-1.76848
-1.8048
-1.30243
-2.27477
-1.87048
-1.9271
-2.7037
-2.59673
-2.02949
-7.24193
-4.38096
5.21195
6.49825
0.656148
0.272075
1.791
2.64237
3.16982
2.78854
2.82881
3.88216
8.4279
21.5825
7.82922
-0.986682
-0.271362
-0.99796
0.0810987
2.72755
2.79103
1.37256
-1.07063
-1.76614
-3.72123
-3.77309
12.8836
-53.3865
13.6284
7.28054
2.63528
0.166844
-1.28224
-0.7064
0.0766707
1.14088
2.56952
3.71068
6.26331
10.9106
53.4524
-9.52989
-4.50728
-2.42408
-1.77979
-1.09547
-0.669386
-0.390209
-0.482945
-0.380173
-0.21495
-0.284965
-0.0794153
