-0.41208
1.62898
0.939603
0.399862
-1.33532
-1.36977
-1.63821
1.41708
0.288267
0.759189
-1.74022
1.5417
1.26
-1.05736
-1.1314
-0.873796
-0.553885
0.141162
-0.203674
-0.719047
0.388093
-1.39306
-0.808996
-0.490867
-0.0156981
0.740833
-0.986432
-0.0143595
0.486475
-1.68372
0.549344
-1.04992
-1.48488
1.53718
1.67411
1.08202
-0.678304
-1.38266
0.469714
-0.131283
-1.25124
-0.0458736
-1.57103
1.39199
-0.861057
0.489449
-0.840246
0.0669295
0.187125
-1.01912
1.60867
0.957286
1.57246
1.45076
0.406401
1.44881
-1.46176
-1.12262
-1.70134
-0.528181
-0.342737
-0.631651
1.13282
-0.497689
-0.762053
0.150939
-1.31183
1.04675
-1.52698
1.65759
0.871672
-0.937687
-1.75642
1.12925
0.676728
0.933285
0.883483
-1.47952
-0.557704
-1.1185
1.18869
0.433109
-0.4967
-1.53077
-0.797266
-0.625858
0.818552
0.532762
1.25027
-0.223338
-1.33507
0.866437
0.924453
0.173641
0.903076
0.168596
0.0949697
-0.0534664
-1.72431
-1.2285
-1.58037
0.316862
-0.701531
0.168468
1.39601
-0.969755
-0.319774
1.04334
-1.05125
-1.48144
-0.667652
-1.2168
1.38841
1.1906
0.611181
1.3372
1.0472
-1.21563
1.34842
0.0567274
1.04162
1.29984
-0.511762
-1.32389
-0.956968
-0.265427
1.03895
1.13331
-1.67458
0.107835
-0.349724
-0.954814
-1.24058
-0.575284
1.64552
-0.734393
-0.117554
0.637104
-0.305507
1.63262
1.53297
-0.905161
-0.149172
-0.664776
-0.794201
-1.56864
0.298319
-0.035646
-1.66047
-0.842368
1.48748
-1.02793
-1.36582
0.0156487
1.75155
-0.77849
0.437159
0.886684
-0.876755
0.69435
-0.431566
0.521836
0.362663
0.159471
-1.33796
1.08789
-0.794195
-1.10576
-1.59256
0.236555
0.401973
-1.60594
-0.0640675
-1.03106
0.658718
-1.1661
0.67227
-0.46104
1.47894
-1.16673
-0.517841
-1.33745
1.34545
1.23051
-0.700861
0.403928
1.19518
0.393967
0.101296
-0.909681
-1.46186
1.50268
1.52359
0.477439
-0.614327
-0.522205
0.814665
1.40879
1.47241
0.981592
0.389558
-1.30237
-1.10017
1.42017
0.377997
-1.6513
-1.24385
0.544769
-1.73098
-1.2934
0.216937
0.691307
0.653606
-0.973385
0.680936
-1.0392
-0.635654
0.813099
0.526562
1.13484
0.670469
0.158667
-1.31532
-0.371006
-0.842701
-0.958946
1.54847
-0.529513
1.22635
0.40301
1.06541
0.111032
0.329374
0.0291246
-1.07288
0.728722
-0.658675
-1.71041
0.536966
-1.30694
1.4742
1.56235
1.53167
-0.431627
-1.83141
1.31844
-0.404522
1.72272
1.80646
1.30184
-0.609572
-0.347431
1.23216
-0.61765
-0.944635
0.180704
1.50862
0.792165
0.137764
-1.4795
0.331725
1.73389
-1.21349
0.0633096
1.28492
0.727383
0.791731
0.723339
-0.446749
-0.701725
1.04621
1.03075
1.12535
1.25108
0.0458551
0.0921309
0.977997
0.577178
0.852658
1.19707
1.54231
-0.482053
-0.474591
-1.45829
0.465634
-1.74116
0.0402721
0.177147
-0.814087
0.405606
-1.5401
-1.70753
1.09885
-0.361165
-1.2785
0.233596
1.00377
-1.05099
0.452316
-1.41976
-1.68841
-0.0192836
0.00677986
0.618997
0.922113
1.84575
0.115385
-0.507255
1.05773
-0.879533
-0.037962
-1.64508
-1.65955
1.62131
1.02574
0.556356
-0.144528
-1.30422
-1.22092
-1.0106
0.283347
0.651418
0.559157
-0.694533
1.70419
0.930263
0.222459
0.293867
-0.421264
-1.04756
-0.527849
0.881198
-1.61823
-1.34923
-1.47856
-1.72112
1.13763
0.655461
-0.137086
-1.46221
-0.00833899
-0.163415
-1.21944
-0.138164
-0.395779
0.224213
0.591398
-1.52795
-0.423384
0.55266
0.160386
1.24773
0.408913
-1.24377
-1.46667
0.408743
-1.52102
0.298676
1.53088
0.214446
-0.368891
0.4163
-0.288765
0.260157
1.54893
-0.280013
1.42251
1.21961
-1.15567
-1.4631
-1.40279
-1.65331
-1.25375
0.686998
-1.44065
-0.664325
1.283
-1.76343
1.03896
-0.614052
-1.31155
0.656645
0.459156
1.27267
0.707209
0.992589
-0.722097
-1.0927
0.870898
0.958964
1.57168
-0.362353
-0.348993
0.8459
-0.541983
1.47865
1.3344
-0.27962
1.02511
0.917773
-1.29552
1.2969
-0.00977065
1.21618
-0.495307
1.406
-0.394832
-1.5083
1.55818
-1.51779
-0.59889
1.58229
1.58758
0.283445
0.423648
-0.0778633
-0.875864
-0.636967
0.531156
0.883688
1.04185
1.0208
-1.45787
0.00691072
-1.50084
0.286567
-0.117066
1.26659
-0.514188
-1.27293
-1.26647
0.97086
0.360948
-1.34066
-1.50009
0.723761
-1.5257
1.10452
0.670395
-1.44354
-1.37939
1.66696
-0.475803
-0.420682
1.11306
1.59098
1.81556
0.828321
-0.607982
-1.40809
0.686339
0.217781
-0.201818
1.41218
-1.41114
0.00520928
-1.70303
-0.0998282
-1.5765
-1.24861
-1.41698
0.538239
0.924062
0.276079
1.76763
-0.408858
-0.729619
1.31875
-0.994128
1.51962
-1.63625
1.5964
-1.60914
1.45875
0.14588
1.79291
-1.43359
0.305004
1.65525
-0.0231343
0.529183
0.518227
-0.0488082
0.364627
0.25834
1.48067
-1.4835
-0.635661
1.47743
1.28839
-0.239932
0.34803
-0.838559
-1.06772
-0.131407
-0.461697
0.3171
-1.39222
1.83415
1.70823
0.765287
0.0357259
-0.597406
1.13128
0.614116
-1.13428
1.4618
1.24028
1.5654
0.796721
0.495805
-0.162175
1.5886
1.25358
-1.60784
-1.57835
-0.307641
1.11892
1.75268
-1.03449
0.308872
-0.415885
1.50768
1.12211
1.06484
-0.146346
-0.25389
-0.730108
-1.72352
1.20641
1.036
1.6798
1.61994
0.233909
0.882346
1.7898
1.12711
-0.915799
-0.0812384
-1.33662
1.56652
0.250244
-0.919056
0.528966
0.3377
-0.520159
-1.22883
0.612728
-0.0696213
0.873764
0.18827
1.11011
0.00105759
0.100851
1.21778
-0.273723
-1.37797
-1.65541
0.766726
0.507074
0.610236
-1.15649
-1.09025
-1.81684
-0.43711
0.562089
-0.225341
-0.265695
1.39583
-0.526227
0.0721772
0.881385
-0.409039
0.268431
1.43383
1.53217
-1.37653
1.54707
0.120172
-0.83762
-0.0834062
1.65946
-0.00854298
-0.47392
0.605288
-1.01006
-1.42899
-1.19102
-1.248
-1.08464
-1.1399
0.332993
-1.11845
-0.612848
1.29773
-0.121637
0.535613
-1.26872
-0.988981
-1.42852
-1.08257
-0.752686
-1.19143
-1.30585
-1.31499
-0.25594
-0.955108
-0.480297
0.192576
0.699158
-1.53049
1.0439
0.33271
-1.30508
1.25203
1.47369
-1.63627
-0.731286
0.882613
0.871785
-1.02663
-1.02424
-0.354687
-0.0778729
0.404279
-0.566201
-0.109598
0.892108
-1.64384
-0.703036
0.591441
1.51852
0.131842
-0.00536086
-1.39179
-0.0712476
0.0195098
-0.925519
-0.88944
-0.359472
-1.72466
-0.677122
-0.919538
-0.6324
-1.47456
1.32111
0.377322
0.549551
1.03485
0.0766438
-1.48009
0.231972
0.0851036
0.805301
-0.198065
-1.1888
-0.878505
-0.626976
0.366503
0.231297
-0.470302
1.82016
0.511617
-0.884126
-1.31425
-1.21921
-0.992086
-1.34708
-0.924707
-0.811008
-1.0427
1.36652
-1.46986
-0.0207694
-0.235388
1.79504
-1.49043
-0.301386
1.51113
1.3901
1.10421
-0.711885
-0.951982
0.513421
1.44265
0.100254
0.310211
-0.860512
0.967609
-1.12552
-0.5032
-0.314032
-0.00600255
-1.05372
-1.32646
0.257505
-0.801179
0.291116
-1.11268
-0.186788
0.186277
-1.6431
-0.543092
-1.11992
-1.42204
1.70094
-0.65792
1.056
-0.837128
0.726727
0.876446
0.464248
0.0300827
-0.277557
-0.375425
1.44063
1.18831
1.83836
-1.41421
0.754677
1.44576
-1.13976
-1.4062
0.701374
0.405124
1.30847
-1.27871
1.18318
-1.13836
-1.29251
-1.11718
1.1237
0.614821
0.089772
-0.502922
1.36611
-0.176424
1.08476
-0.114239
-0.587289
-0.1305
-0.769315
1.02356
0.0841897
-0.962072
1.37881
-0.499557
0.190462
1.61701
0.359418
-1.36264
1.47756
0.25607
-0.468327
-1.18716
1.02853
0.346467
0.0134175
1.2754
0.934678
-1.48338
-0.550485
-1.03844
0.859477
-1.6699
0.253148
0.787556
1.43964
-0.537566
1.10911
-1.5251
1.14849
-1.47878
-0.289841
1.04136
-1.23127
-0.822243
0.690682
0.818993
0.549024
0.611357
0.131843
-0.965236
-0.643433
-1.01571
1.56056
0.220516
-0.405167
-0.0813434
1.55131
-1.20653
0.209064
-0.00973036
0.318743
-1.74864
1.23723
1.48001
0.348771
0.7706
1.5248
0.611753
-1.18944
0.189752
0.364711
-0.412131
0.720762
1.67622
1.46196
-0.159255
-1.3819
1.82003
1.07581
-1.15904
1.54507
1.29942
-0.00481329
0.479006
-0.440145
-1.50303
-0.475973
1.04854
-1.73643
-0.64136
-0.229856
0.0699704
1.31437
-0.602846
-0.471847
0.781938
-0.320104
-0.88479
-0.134326
-1.07541
-1.12062
-0.135843
-0.334575
1.53221
-0.644522
0.392355
0.498822
-1.83604
0.72968
-1.23056
1.45049
-1.04505
-0.456793
-1.45634
1.67453
-0.050895
0.262554
-1.5444
0.851432
-1.12486
1.22629
-1.12477
-1.14533
-1.51792
-0.129839
0.100931
-1.51924
0.803569
-0.188816
0.101472
-0.240714
-0.371393
0.276794
-1.23548
-1.07106
1.40611
1.49029
-0.494337
-0.741902
0.65421
-0.253367
-1.56541
-1.20664
0.740551
0.429332
-1.71976
-1.06902
-1.01191
0.699079
-1.61907
-1.46685
1.16053
-1.13961
0.494159
-1.0009
-1.3614
-0.719279
0.635716
1.34874
1.16365
-0.476898
0.531359
-0.840327
-0.848016
1.29997
-1.8275
-1.56671
-0.86957
-1.66252
-1.10166
0.331654
-0.275553
1.41279
1.23587
-0.49795
-0.852186
-0.608073
0.136234
-0.709139
0.219684
-0.144888
0.0619621
-0.315958
-0.894155
1.45261
0.931785
-1.06916
1.32032
-0.169107
1.54316
0.98703
-0.152492
-1.6954
-0.948874
0.297958
0.553435
-0.765875
-1.25921
1.26309
1.69294
0.189878
-1.03049
-0.70525
-1.59259
1.43117
-1.44552
0.153152
-0.830361
0.0938607
0.587339
1.15171
-1.12645
-1.621
-1.35597
1.2879
1.1398
0.355633
0.350591
0.76355
-1.26811
1.60274
-0.173053
-0.40099
-0.114967
-1.52326
-1.11301
0.735636
-1.40761
0.398659
-0.732548
-0.456482
-0.705656
-0.578434
0.874114
-0.569159
0.248829
-0.115707
0.682262
1.37035
0.839062
-1.11041
-1.83857
-0.83399
0.124124
-1.75084
-0.11139
0.400426
-0.563584
1.09517
-1.45933
-1.53587
0.933964
-0.126967
0.60164
-0.0702594
-0.976378
1.00771
1.06284
0.742865
-0.685211
0.176471
-0.417118
-1.44762
1.42636
-1.36315
1.45905
-0.109139
-1.01764
0.0829781
1.14005
0.931582
0.90298
0.701411
0.681681
1.20185
-0.783626
-0.166339
-1.05787
1.65265
1.63591
-1.60227
0.7029
1.44762
-1.25173
0.396255
1.4211
-1.68184
0.676165
-0.704678
1.44344
1.80583
1.54686
0.0290099
1.40655
1.28253
-0.68333
1.03056
-1.54539
0.334187
-0.926056
-1.26764
-1.56948
0.72748
-0.536559
0.829337
-1.50426
-0.682332
0.231893
0.929432
-0.563409
0.523997
1.36822
0.430906
-0.884174
-1.81528
1.38259
-1.73086
1.2019
0.0527446
1.42582
0.933934
1.82199
-0.39315
0.986548
-0.413609
-0.14461
0.455934
1.38795
1.65801
1.04734
-0.336719
-0.163182
0.908263
-0.833043
-1.30386
-0.611397
-0.855478
-0.592646
-0.904215
-1.65
-1.66036
1.76696
-0.197723
-0.402981
0.619984
-1.11414
1.61331
0.825232
-1.39562
-0.334948
1.30373
1.69194
0.0102869
0.471583
-1.14719
1.72632
-0.942241
1.44383
0.624536
0.394467
0.0148624
-1.07451
-1.23005
-0.886159
-1.07486
1.0396
-0.385879
-1.45052
1.74701
1.46323
1.3102
1.82384
-1.10166
-0.404775
0.990662
0.535766
-1.35655
1.03214
-0.985048
-0.854052
0.269097
0.292581
0.333252
-1.54374
1.40894
-0.700737
-1.38543
1.32103
1.61093
1.29834
1.09763
0.434579
0.254592
-1.3251
-0.33264
-0.54148
-0.825889
0.710954
-0.0751732
-1.61632
-0.842818
0.760407
-1.50891
1.19449
-0.0926278
-0.088499
0.31988
1.05025
-0.28566
0.686462
0.258073
-0.721657
1.34162
1.05482
0.543947
1.27439
1.19771
0.833975
1.08418
0.658037
0.466696
0.48251
0.986676
-1.05757
1.19373
1.34975
-1.62926
1.29813
-1.27299
-0.655951
0.891007
-1.2116
1.11036
1.19262
0.164281
-1.62011
-0.714275
0.431648
1.71525
0.375335
-0.779451
0.617239
0.0726258
0.867157
-1.31647
0.949994
0.304659
1.50959
-0.497037
0.532654
1.50268
-1.40932
1.54295
0.483952
-1.60352
-0.698091
0.596946
-1.59704
0.365455
-0.554303
0.314984
-1.77719
1.1836
1.65875
1.53742
0.816814
-1.10725
0.814351
-1.78164
-1.66131
-0.556265
-0.03224
0.818875
0.748353
-0.146901
-0.706363
1.68205
-0.197809
-0.22416
-1.10112
1.01788
0.636708
-1.02003
-1.33311
0.715974
0.628164
-0.769917
1.48264
-1.26833
-0.342141
1.44406
-0.294513
0.591129
-0.467022
-0.756414
1.78045
-0.353972
1.44335
-1.03882
-0.871173
-1.76295
0.499495
-0.424471
1.37803
-0.16471
1.73603
-1.11506
1.47358
0.982581
0.864112
1.18717
0.903104
0.327814
-1.18547
-1.5942
1.51694
0.278243
1.09233
-0.0253048
-1.54496
-1.24742
0.712039
-0.305363
-0.882935
-0.110928
-1.57058
0.374903
-0.844442
1.08546
-0.623561
-0.280987
-1.70446
-1.60115
-0.31606
-0.0891333
0.244125
-0.764495
0.837172
1.3421
1.03045
-1.71662
0.0829022
-1.48802
-0.939042
1.6684
-1.20663
0.0531074
0.338973
0.661782
0.393604
-1.8763
-0.699476
0.00320413
-1.34916
-0.433257
-1.64194
-1.51785
-0.474256
-1.27738
0.256702
0.608627
1.07196
-1.09814
-0.983926
-1.31331
0.460626
0.847311
-1.70064
1.54378
-1.44288
0.090516
0.798725
1.24702
0.793469
1.13545
-0.509995
1.13306
-1.34078
1.46592
0.0382778
1.17115
-0.257568
0.468729
0.0164466
0.728486
-1.34883
-1.46194
-0.909798
-1.3151
1.25209
-0.943697
1.81104
-0.703791
-1.09789
1.0436
0.600927
-0.129051
0.195714
0.879885
-0.932673
1.82359
1.61913
0.56833
-0.948487
0.667255
-1.52976
-1.79924
-0.832775
-0.116984
1.2394
0.860935
0.91514
-0.205383
-0.503884
-0.462352
1.76367
-1.57222
1.36993
0.180245
-0.266609
0.751557
-0.122163
1.15379
1.4828
-0.213898
-0.685155
0.331902
1.52477
-0.985133
0.525192
0.489848
0.782042
-1.31197
0.846072
1.43923
-1.06981
-1.08388
1.55359
-1.09492
1.34514
-0.0512759
-0.856721
1.30574
-0.306162
0.068173
-0.568291
0.369104
-1.06511
-0.414812
1.52509
-0.790028
0.706421
-0.726307
0.823567
-1.20443
1.59041
-0.184941
-0.786747
-1.38797
-1.20993
0.131375
-0.450491
1.19552
-0.113063
-0.849986
0.543216
0.737329
-1.0357
-1.11352
-1.62916
0.941772
0.531481
0.0615826
1.12966
1.08495
0.39302
1.32502
-1.00799
-1.24405
-0.669486
-1.40878
0.171051
1.53908
-1.65401
-1.28009
-0.228198
1.27503
-0.583248
0.112741
-1.66708
-1.34158
1.86016
1.41861
-1.83981
1.57234
0.462744
1.20714
-0.107804
0.0279525
-0.168968
0.581273
-1.1855
-1.80768
-0.628802
0.931531
-0.940953
0.747008
1.46548
-1.4254
0.588599
-0.00370867
1.32614
-1.00927
0.598839
1.11817
1.52748
0.553958
-0.0512774
0.393951
1.24684
0.201776
-1.4282
1.41401
0.63137
0.538437
-0.935847
0.599826
-0.470272
0.550611
-1.40158
0.615357
1.61078
-1.75716
1.63241
-0.312073
1.1526
0.840524
0.159364
0.730756
1.47796
-0.294919
-0.582132
0.516041
1.04912
0.809744
1.02588
-0.180095
1.00916
-1.23049
0.0169097
-1.70541
-0.617314
-0.368063
-0.228033
0.564344
-0.554276
-0.189842
-0.867635
-0.547277
-1.02845
-1.55258
0.15877
0.571986
0.336267
-0.20307
-0.400509
1.2325
-0.0157014
-0.297059
-1.80364
-0.459687
-0.482141
-0.314011
0.246102
0.231111
0.431347
0.880745
1.04733
0.613721
1.49512
-1.6567
-0.938733
-1.72118
0.53728
1.38866
-0.919328
1.44733
-1.5035
1.48847
-0.749197
-1.37912
0.0465369
-0.848269
-0.818706
-0.76206
1.11894
-0.00965452
-0.616185
0.297037
0.798415
-0.880583
-0.258274
-1.26028
-1.27996
0.550029
-1.10716
0.0228527
0.813524
-1.26762
0.359665
-0.838814
1.63397
-0.0899596
1.1503
0.0710226
-1.53455
0.422471
1.62688
0.384801
1.17444
1.1964
-1.1344
-1.09823
0.188063
-0.271273
1.23322
1.26472
-0.418368
-0.737914
0.889852
-0.813269
1.24078
-0.288102
0.674685
-1.25125
0.354509
-0.211082
0.387478
-1.08805
0.829558
1.13508
-0.985777
-1.46628
-1.52717
0.417442
0.459923
0.150976
-0.974993
-0.454567
0.407879
0.0792468
1.84514
-1.20148
0.640097
-0.353356
-0.342155
0.596611
0.765529
1.78906
-1.41126
-1.29347
0.820943
-0.000683947
-0.731287
-1.53487
-1.31317
1.24734
-0.946406
-0.670099
-1.06431
-0.352091
-1.62414
-0.0979226
-1.38085
0.964826
-0.844279
0.138477
1.19791
0.51313
0.0396138
-0.567887
-0.487131
0.59677
1.62928
0.515103
0.17095
0.771132
-0.00833446
-1.44424
0.215034
1.72035
-1.23294
0.74264
-0.883801
-0.00162659
-1.36418
0.00318071
0.993128
-0.408732
0.678137
0.979843
1.34017
-0.916715
-0.387591
-1.20725
1.70136
1.41781
0.163829
1.18303
0.054451
0.379904
-1.29281
0.886833
-1.07776
1.26543
0.988246
0.610612
-1.59683
-0.833907
-0.746661
-0.383113
-1.52425
1.49661
0.266939
-0.642573
-0.153261
-0.0636717
0.353375
0.2938
1.51735
-0.0239274
1.65068
1.30457
-0.866352
1.5508
-1.10867
0.998682
-0.275994
1.41829
1.33636
1.09435
0.977781
-0.799929
-1.58944
-0.29835
-1.10503
0.660634
-0.503252
1.65397
0.56213
1.28238
-1.25641
1.12843
1.36431
-0.153652
0.46868
1.08224
-1.24651
0.0922974
-0.44321
-1.1578
-0.463576
-1.6717
-1.70045
-1.28731
1.61454
0.247683
1.67738
-0.121765
-0.634747
0.11782
-0.355423
-1.35392
0.47622
-0.939017
0.298847
0.590696
-1.03621
-1.51872
0.939738
-0.102232
-1.60867
1.82974
-1.53167
0.75545
1.70622
-0.789884
-1.3863
-1.36959
-0.795306
-1.42004
0.669731
-1.5262
0.00252176
1.67307
1.06905
0.365261
-0.711598
0.470137
0.125116
-0.386368
-1.32903
1.30329
-0.275668
-1.04102
-0.356007
-0.408457
1.13104
0.898941
1.00288
-1.7403
-0.44624
-0.0947165
-1.6461
-0.726476
0.78425
-1.23927
0.0591801
-1.10276
-1.86489
-0.992677
1.61333
1.07663
1.80955
-0.0255981
-1.48358
0.0720196
-0.299515
1.28976
-1.43089
0.117404
-1.16783
-0.60639
0.891328
-0.135241
-0.541291
-0.428865
-0.169448
0.895321
1.27088
1.65436
0.921365
-0.5531
0.679895
-0.24224
-0.811185
1.17471
-1.57062
1.31091
-0.170166
0.416255
0.569542
1.36998
0.384358
0.478637
-1.56713
0.0301966
-1.14939
0.941255
0.207008
0.585491
-1.48921
-1.2527
0.650109
-1.63237
-1.41783
-1.58406
1.56521
0.758684
-0.614325
-0.767927
-0.535636
0.905377
0.637373
-1.15425
-1.26815
-1.46206
0.542391
0.964776
-0.797463
-1.73408
-1.49386
1.674
-0.721463
0.862523
0.286997
-0.292597
-0.931836
-1.27971
0.22152
1.01256
0.345561
0.261193
-1.6493
1.62614
1.06016
-0.57239
1.63511
0.381573
0.409348
0.929077
1.17872
0.504199
-1.17058
-0.566713
1.44136
-1.02211
-0.337372
-0.263123
-0.0909487
0.368949
1.4875
-0.821099
-1.46762
-1.05202
1.42306
0.640751
-0.807816
1.15304
1.42796
1.19313
1.48074
-0.650278
0.933936
-0.151485
1.19134
0.831549
0.857213
0.415778
-1.11181
0.144845
1.76138
1.55438
-1.69327
-1.0607
-1.12885
0.919109
1.25708
-0.952811
0.167956
1.08402
0.672009
0.109399
0.387906
0.0456213
-0.610009
0.191635
0.594217
1.25977
0.320039
0.991864
-1.27284
-0.246057
-1.78471
-1.05595
0.624963
1.71716
-1.29182
-0.26589
1.14202
-1.14179
0.15348
0.971452
0.212563
-1.15096
-0.433072
1.02664
0.215177
-1.59899
1.02937
-1.68496
0.794748
-1.12354
1.53215
-0.427949
-0.643298
-1.26053
-0.480426
1.34795
1.66409
-0.521197
-0.211181
0.837151
1.40396
0.487473
-0.381265
-0.382319
0.709843
-1.73016
0.347747
-0.374753
1.01361
-1.43569
0.278056
-0.168258
0.617619
-1.47351
0.184176
0.0802966
0.385515
0.27914
0.689619
1.01069
-0.680793
1.09382
-0.0824898
-1.46548
-1.47276
-0.546464
1.1449
0.767199
0.994234
-0.0684984
-0.242888
-1.30859
-0.656199
-0.262211
-1.42609
-0.911173
0.309673
0.697438
1.76765
1.43057
0.598258
-0.320865
0.576265
0.954557
-1.19593
-0.33862
1.1705
-0.330464
0.327762
0.17866
-1.22772
-0.59314
-0.467999
-1.54696
-1.80624
1.36446
-0.921137
0.102788
-0.55601
1.52907
-0.869427
-0.204559
1.34407
1.31234
-1.0248
1.05573
-0.136708
-0.0897352
-1.27059
-1.41473
0.746926
0.0838358
-0.386577
0.7404
1.06322
-1.2234
0.355855
-1.46325
0.969436
0.667955
1.68982
-1.43284
-1.54735
-0.854932
