0.999999
0.995371
0.981146
0.957424
0.924381
0.882254
0.831363
0.77208
0.704867
0.630235
0.548786
0.461167
0.368123
0.27044
0.169
0.0647296
-0.0413482
-0.0616263
-0.165957
-0.267502
-0.365301
-0.458491
-0.546284
-0.627922
-0.702767
-0.770205
-0.829731
-0.880874
-0.923266
-0.95658
-0.980582
-0.995089
-1
-0.995278
-0.980958
-0.957145
-0.924008
-0.881796
-0.830816
-0.771457
-0.704164
-0.629467
-0.547947
-0.460278
-0.367187
-0.269459
-0.16799
-0.0636936
0.0423944
0.0626612
0.166968
0.26848
0.366238
0.45939
0.547115
0.628699
0.703465
0.770835
0.830274
0.881338
0.923637
0.956865
0.980771
0.995185
1
0.995185
0.980771
0.956865
0.923637
0.881338
0.830274
0.770835
0.703465
0.628699
0.547115
0.45939
0.366238
0.26848
0.166968
0.0626612
0.0423944
-0.0636936
-0.16799
-0.269459
-0.367187
-0.460278
-0.547947
-0.629467
-0.704164
-0.771457
-0.830816
-0.881796
-0.924008
-0.957145
-0.980958
-0.995278
-1
-0.995089
-0.980582
-0.95658
-0.923266
-0.880874
-0.829731
-0.770205
-0.702767
-0.627922
-0.546284
-0.458491
-0.365301
-0.267502
-0.165957
-0.0616263
-0.0413482
0.0647296
0.169
0.27044
0.368123
0.461167
0.548786
0.630235
0.704867
0.77208
0.831363
0.882254
0.924381
0.957424
0.981146
0.995371
