0.556199
1.07136
-3.56122
-2.8583
2.69736
0.665099
0.341101
-0.390121
-0.0199671
0.177683
0.547251
-0.0312526
-0.366121
0.0794319
0.514344
0.0511065
0.159866
0.0618585
0.452373
0.0559971
-0.32698
0.0777127
0.484262
0.0284137
0.134583
0.0881808
0.531068
0.0503024
-0.352367
0.0733943
0.540857
0.0567142
0.297664
0.0543366
0.474618
0.0631972
-0.305341
0.0337163
0.484964
0.0546175
0.140743
0.0608962
0.445069
0.087713
-0.292453
0.0583636
0.490691
0.0506009
0.175315
0.067503
0.483453
0.0336477
-0.350902
0.0540102
0.47824
0.0717651
0.142261
0.0444808
0.469329
0.0499489
-0.321692
0.0536178
0.486953
0.0567434
0.556199
0.0567434
0.486953
0.0536178
-0.321692
0.0499489
0.469329
0.0444808
0.142261
0.0717651
0.47824
0.0540102
-0.350902
0.0336477
0.483453
0.067503
0.175315
0.0506009
0.490691
0.0583449
-0.292453
0.0876794
0.445069
0.0608293
0.140743
0.0545378
0.484964
0.0336014
-0.305341
0.0630577
0.474618
0.0541572
0.297664
0.0564856
0.540857
0.0730824
-0.352367
0.0499107
0.531068
0.0877802
0.134583
0.0279396
0.484262
0.07717
-0.32698
0.0553294
0.452373
0.0551041
0.159866
0.0558596
0.514344
0.0722615
-0.366121
-0.0268776
0.547251
0.169616
-0.0199671
-0.386066
0.341101
0.653144
2.69736
-2.86948
-3.56122
1.06953
