-5.45231
-3.24646
-7.50457
-19.082
5.89972
2.74857
-33.972
-8.86754
23.1203
-28.2128
0.313317
-3.60067
13.69
-27.2085
-15.8549
38.0444
8.81554
-13.6149
13.243
-3.44655
-28.0885
-18.12
7.5484
-11.4027
6.26328
2.63604
17.9315
-17.2462
-2.06602
-0.328874
11.0931
5.40038
15.3188
-9.83406
-8.4439
10.1623
1.5869
10.792
15.537
-19.4413
-2.46533
-13.9103
16.9042
-13.4767
26.3213
39.1316
-2.37657
-10.7287
-17.1488
14.3378
15.1866
-6.17999
19.7382
19.6592
-16.4145
11.6867
-10.2638
-9.16497
-11.9502
8.21048
-42.9843
11.3802
-10.0568
5.28436
-12.0838
-15.9295
4.2696
16.9086
20.87
-31.1394
-15.1888
-5.72835
48.6358
7.57102
2.20227
-40.457
3.51173
-9.76958
-17.356
-24.9008
18.5045
-1.47201
11.1067
36.5763
8.4105
-11.3721
-23.4545
44.4745
6.74742
6.94829
17.2356
6.23794
-7.09267
-15.0337
23.7412
7.32753
-33.8524
-23.1375
25.8073
-5.50796
-17.2309
13.9049
-7.8516
-18.0715
-3.4167
6.57087
-25.8438
-3.74382
-6.15854
-17.2612
-19.1768
25.9207
8.92081
-1.76482
14.0038
22.3671
8.0573
-10.7642
-13.3788
-6.62069
-5.41034
21.9287
-4.95816
-6.1146
-7.76796
-13.2198
-26.4807
-10.0575
-16.5537
-20.1583
20.8759
22.7555
14.4634
-13.0176
6.73358
-28.5762
-26.6068
-13.235
-10.0931
32.2554
-8.0921
12.5133
4.95531
-14.5221
-29.5855
-14.1046
5.2379
0.138934
15.7919
-9.94564
1.69374
-17.6974
10.6301
-0.307735
19.3298
14.2648
-9.69601
-13.5139
22.8837
6.31763
-2.7141
13.8827
-1.38813
-24.8376
18.7142
11.7615
-6.26295
-0.315392
-14.7168
3.89324
-3.74381
3.13679
46.0636
3.56368
3.32053
24.7599
21.5521
7.00199
-3.93991
13.8326
-24.3656
-6.4288
6.47976
9.62596
33.3312
16.6807
9.74576
-7.22931
-1.35082
25.7054
-9.02092
12.3975
46.6333
-17.3621
-31.1319
13.3172
6.60312
-61.8711
-7.05956
-5.89636
-1.49749
-8.7227
-14.5711
19.8645
15.9811
-20.8821
-3.60093
0.0524045
-8.07382
5.54606
-6.06372
20.0373
2.76834
18.0858
0.956281
6.99283
15.449
-2.54851
15.1622
46.3741
-10.903
21.7529
-24.0687
-11.8342
-3.94526
15.9895
-5.27658
-19.2664
14.4454
34.3461
24.6058
-24.4663
19.1736
16.0127
12.0113
-9.47377
-3.63476
11.9586
-4.4454
10.5194
-13.6731
-12.0059
-21.378
-2.83685
-9.02657
-12.1124
-8.56247
-19.9292
-13.3545
40.1363
-9.12622
44.9863
-25.6006
-1.03334
-4.87484
-12.8344
18.7463
14.5535
-23.5284
-43.2238
-10.7834
7.19401
9.35021
-18.0712
-13.4421
-16.3761
11.8969
8.54033
13.909
-2.86101
-24.5872
10.1637
44.782
11.266
3.16882
-26.3059
-16.3079
-20.4313
-9.23421
-9.09565
0.562129
-11.8915
21.2977
22.1438
-31.3538
40.8292
1.74838
-6.41025
-21.4666
-24.2425
-2.43984
-3.52201
17.8492
9.06519
22.7923
11.5342
-11.7961
7.03442
15.4156
12.2248
-5.17942
39.812
-12.7146
25.4871
-7.12693
-30.0956
9.83202
20.9246
-15.3465
-2.12067
-16.548
-15.1867
-7.39903
2.83344
14.6181
-11.2224
18.3929
43.098
-0.484501
34.2058
-16.0497
5.90797
-27.1781
14.6348
16.2374
38.774
-16.131
-18.8807
-2.51327
-26.2439
-5.83055
-11.6512
1.02984
13.9051
-2.20001
-13.4088
8.43489
0.232355
-2.47986
23.1235
24.8243
-18.4537
-7.34487
29.2255
16.6474
-3.52315
-9.60324
0.035934
17.716
4.13854
25.1018
24.3406
29.6613
-28.8924
21.9597
8.96785
26.9953
-12.3799
-21.6161
35.703
1.66065
-12.6126
-17.2876
2.49706
-13.3375
11.0143
-9.29493
-25.5984
7.82617
16.6773
-8.40335
20.5454
-3.69325
-17.0933
-19.4915
41.0187
19.9672
-20.1008
-25.5014
-28.4716
18.5273
11.3405
19.1161
12.0759
17.8231
-11.9407
14.6151
-51.66
-27.9289
4.93464
-9.70654
-26.8874
-2.77527
19.9132
-6.78505
-1.72638
-18.9415
24.069
4.66476
14.7222
0.689435
-20.8412
-6.82666
-5.16547
-5.06306
0.199218
-2.08694
-17.2907
17.5873
-7.24323
28.919
-19.2975
20.4477
6.81199
-5.26516
1.929
-13.2306
31.0631
-15.0826
-14.965
3.20969
-11.7412
14.5133
4.62828
-25.3628
15.0754
3.39829
11.0169
-26.8532
11.6458
38.2352
16.8933
3.58844
-1.34466
0.36934
-34.7563
-14.8656
2.51211
-31.116
4.13998
-5.37028
7.793
-15.0639
-32.1134
1.00225
21.6406
-19.4292
7.54197
0.0552411
-23.066
-11.9504
5.83596
-10.3174
36.8996
-17.5965
-41.551
-7.96454
-27.7832
9.94929
34.807
0.649478
-6.13129
9.81853
26.5511
-18.4789
8.82753
-25.69
-18.3726
12.7534
5.47186
-2.90828
27.4787
21.122
20.4225
-6.33516
42.4214
-19.5842
10.7089
-9.62767
5.7473
-24.1688
11.0432
3.75032
28.687
13.669
-2.40488
3.08193
-24.6606
-5.62022
-7.59274
-21.3594
-9.06217
34.1777
28.9752
-27.1411
-3.0686
-6.16374
-8.71187
8.94046
-1.46586
13.1531
-15.7519
-28.6652
3.92504
4.27888
-27.535
9.0146
-0.759656
2.3941
-3.38561
-30.9094
6.51204
-16.1133
0.442739
12.8842
22.4668
-10.915
13.7011
22.2057
18.3401
19.1092
29.0649
7.31502
8.41363
-3.57942
-10.6874
-32.5121
-31.8015
-0.0862445
6.81843
47.8089
-25.9539
-10.5278
8.26088
8.31826
-16.267
-6.68041
-1.12389
1.85233
11.7905
24.467
22.6845
-9.97179
27.4853
-10.4932
-3.98911
25.5685
-12.0777
30.3025
-13.6358
28.068
-8.43783
14.6949
41.7775
-33.8699
-8.68893
24.0689
-20.269
9.23187
-17.2274
-23.6323
5.88626
9.25112
-15.3915
-5.22282
-25.2926
-5.32141
0.686957
-5.78491
24.1394
17.9904
6.51937
24.2633
18.5581
-2.1141
6.42833
-8.7786
6.13943
20.9473
-16.2214
-0.0138096
2.27536
11.779
-33.1242
-36.1762
3.96916
-6.36354
-10.3816
-2.12134
30.0373
4.96354
-8.60198
0.101235
-5.76823
-29.8094
1.99662
-11.9707
-37.6905
20.945
3.05395
-15.4522
-28.8434
23.2505
35.2628
-5.88281
-17.1768
-30.9797
-4.61502
-17.4717
27.0692
-36.0866
3.90097
13.7245
5.24542
-1.36134
11.4314
10.9381
13.6486
3.08443
-19.8733
-40.2258
-7.44355
-13.6412
-14.3556
-21.555
23.9741
-3.53526
13.4492
23.04
-2.21062
10.6582
22.1333
1.51509
-41.1859
-15.4867
-5.98374
14.4402
-1.69475
3.53173
-2.23066
-22.9224
-2.83374
-21.5287
13.2181
17.4216
-21.8713
-29.8658
3.15549
7.32681
-6.60596
-24.6252
-7.45213
-13.6601
1.35584
-6.46524
-32.1873
-2.9944
23.9193
-2.99544
22.4366
8.66004
19.4972
-33.2471
-0.764564
-12.0622
1.86302
6.52793
38.9196
-52.6707
-21.5194
-10.1453
1.86806
19.3194
-4.64588
11.6203
-24.701
33.5863
2.63009
3.57199
-7.29769
12.602
26.9132
-7.56835
-7.35369
-20.1941
-33.9433
-9.08007
11.8271
6.3691
5.14272
3.0346
-0.968939
-2.37099
16.7158
-17.528
11.4495
-22.7219
4.57984
19.9882
-23.0681
8.51309
-23.9753
4.78147
6.21619
-4.47837
-7.19686
-31.591
11.3517
21.5455
-26.9277
-1.64365
11.9581
-5.3024
18.4183
15.6708
23.0609
-5.61294
-0.565439
6.65394
5.49788
16.5284
8.29569
-15.2393
13.9976
-1.06216
0.910736
12.4615
4.42397
2.23005
26.1114
27.5225
-7.89491
2.84547
16.2431
6.28018
4.1822
-18.5045
-5.73302
11.9305
13.9995
-25.6908
33.9848
-18.3035
22.3117
-0.192229
11.5771
0.721593
9.11085
-22.58
12.8041
-5.77761
-7.81393
6.83246
-13.6068
2.44244
-19.3041
-33.6607
-34.8523
-5.15338
-29.0776
-17.8463
-0.675524
-25.3573
2.82056
4.96003
-5.90726
-4.11615
20.9581
12.2569
5.9465
-41.5778
-28.2236
-7.82082
-4.63983
7.24744
14.0665
-14.1008
-2.52841
25.3249
-12.3945
-50.8239
0.192878
-38.5386
-1.5827
-15.3254
10.838
-19.5197
15.4547
1.85707
12.9903
11.3343
7.78164
0.287421
27.3382
-7.38322
18.8588
-43.2505
-10.7642
19.9954
24.1378
1.84812
-36.2072
10.6183
20.1977
-16.6407
17.4925
-11.3526
-1.12344
-8.00332
11.1657
4.62367
6.9837
-1.13622
-13.9981
9.97186
4.08346
-11.1763
-27.0844
-10.2705
-13.3645
8.45099
-9.92626
7.43615
4.8794
-6.9178
-29.0354
-10.1461
-9.1727
8.21682
-10.6988
13.3613
15.9628
27.0012
5.24519
15.086
14.7958
-15.241
-22.709
-1.80886
-9.17202
30.9942
9.42373
9.90923
-7.50887
-1.48512
-4.2291
7.8031
20.9266
-45.0656
9.74517
16.1761
0.56077
25
-2.27363
-30.6767
-39.3268
-6.60559
10.2347
7.03785
2.96568
-16.6458
-4.98592
-2.99136
-2.77893
-12.2849
-10.8355
10.8044
-1.22442
11.9491
24.7361
30.8164
-4.65024
-9.2688
5.86298
18.7023
2.03811
12.2974
10.429
-4.77997
-4.35283
4.85611
-14.4803
-5.26746
4.69318
26.12
14.8985
-7.17531
-22.9545
34.4914
-3.53028
26.7344
-45.7496
14.3731
12.1474
-16.8391
21.7506
-2.02402
3.15918
4.9041
10.8998
10.3878
-21.1643
-4.22146
-5.65264
-42.487
12.4649
1.86032
7.77275
-3.71092
-29.9677
20.229
-24.2662
45.3885
-16.153
7.28578
-17.0689
-24.4579
16.9297
41.1876
-11.0156
4.53128
18.5998
27.0595
-15.7105
-8.4894
-38.4375
19.7921
-12.4921
35.0952
-1.91368
19.2283
-3.22898
21.3073
13.5777
-27.3623
27.8086
-12.8193
-3.42413
-22.9941
20.8284
-9.20071
-13.4469
9.53159
1.89673
-12.057
3.46317
18.1032
38.271
-18.1824
-4.82477
-0.0166992
11.0231
7.76267
5.97954
-3.27584
-14.1412
20.453
10.9165
18.0651
-2.865
-0.527552
-8.97161
-39.6336
-3.78554
-7.59776
-7.8702
1.24779
-11.7527
19.1163
-12.0829
-15.0219
1.31341
11.5877
24.1988
4.2135
-29.3208
20.7007
6.11801
21.9071
-49.4715
2.65047
4.15483
-18.0287
-35.4805
23.3976
18.4131
-7.06807
-6.82722
-25.7542
15.1935
-11.4428
-5.04273
-10.9588
13.706
-19.187
-18.0733
14.4928
-16.5383
1.07847
18.5983
-39.7421
15.5554
27.5396
-16.2508
13.7482
-48.1244
-24.266
17.9998
-8.30523
-17.6124
-25.8098
-8.07405
30.1613
14.9156
-9.36425
23.2655
1.63181
-42.9036
19.4903
7.54696
18.1556
16.9018
34.3329
11.4051
8.28486
-10.8322
3.21869
20.7334
-10.4127
-14.3717
-21.8973
-9.79195
14.7037
-12.7684
-12.0706
-3.62712
2.2752
2.04384
-15.7942
19.5208
-25.79
-0.730957
10.3248
-23.253
19.6369
-23.4126
14.41
-5.83657
-9.6235
-4.26427
-3.09873
-25.3128
-11.6793
25.246
-14.957
-7.09988
-20.4246
5.94483
6.11586
-10.1343
-15.9043
-4.60471
-42.7456
-19.6979
-20.6946
22.4791
-61.536
21.0791
19.7883
-13.7833
25.6729
6.08267
11.6655
-19.6207
-8.16727
-29.1672
14.3637
23.6849
33.2421
14.0603
-10.5047
-13.2597
37.373
-19.2784
-47.2428
-2.85882
-6.82805
-10.853
26.1905
-54.2093
-12.2821
-2.01864
14.0651
18.2559
4.5964
-15.7936
-39.1031
23.13
-5.83971
-19.5522
30.6433
16.6258
-12.29
10.3316
30.5238
1.40671
-14.187
9.80319
7.61059
-11.0412
21.4647
-16.0994
15.6731
-22.5495
12.9604
-1.02484
0.433417
-3.47398
-6.25255
-8.02536
8.32592
-5.8158
24.2906
24.0069
6.56358
-6.36643
21.5464
10.1477
-17.1911
0.367112
33.5538
2.31674
-31.4408
-14.1029
17.401
13.3852
-16.2095
-5.78074
10.6409
-6.07193
-27.5219
-9.43452
22.6227
12.7039
-14.9516
-33.4267
-29.0836
4.14582
1.44881
-0.648201
12.7338
-2.93899
-31.0169
23.2955
-8.16628
-2.92387
-2.73289
1.80357
13.9403
14.2976
-5.09771
-9.29873
-4.42403
4.61181
4.89484
29.8495
19.6615
-4.4576
28.8288
6.66967
-6.44065
-20.3245
4.72123
-28.8378
-29.5131
-20.9387
13.5731
16.1732
-5.62541
-35.8031
-7.11774
-17.2974
-16.4921
4.60357
0.140676
-0.32042
15.8566
-11.0621
-30.6472
-0.252626
-15.9351
-3.77341
0.864815
4.84332
-11.8453
14.2707
2.97171
45.7647
-0.826541
-32.5647
10.6589
32.31
6.90118
-17.8028
-15.7759
22.3135
9.36045
5.60703
-7.25314
27.3857
0.60431
12.928
-1.30576
4.36423
-16.1751
1.80262
-24.725
-2.62456
-25.4787
8.04245
-8.67545
8.74103
33.9992
-11.3192
-20.8809
17.2546
6.57577
-10.1962
-0.630785
-18.1822
1.2225
18.8562
-4.21628
12.6581
-21.6703
20.5801
8.02581
-25.4651
-13.1555
-2.33645
-30.9815
-19.8727
14.2748
-27.5714
-11.0347
7.90106
10.1285
0.570355
0.897085
-18.6407
-6.4399
9.60781
-25.5085
1.23794
12.4904
20.1971
20.8968
11.9605
-4.6508
35.6395
-22.8167
26.6753
-23.1405
-19.2655
-18.2121
-0.721532
1.79262
7.1369
-0.0522501
-1.78959
15.1329
1.42034
3.20201
1.54799
4.31429
7.64822
0.0344603
9.15629
-21.3159
17.4459
-9.38464
-3.60184
-3.3121
12.8977
-12.5215
31.6506
-24.7068
15.6806
-21.9574
14.9064
2.54459
-11.3142
31.8052
-16.0255
-27.7202
12.0496
-16.3479
18.593
-3.43123
-46.9806
12.0738
-21.3854
28.7282
-4.06935
-20.0324
15.8883
-31.083
12.0211
-16.8872
10.4387
5.02079
21.1244
13.0861
-19.029
-15.281
-38.9761
1.31073
3.29157
19.1896
33.8791
1.24832
-13.1821
-8.71563
6.44382
53.2611
-10.8282
-1.78061
-28.9849
7.86222
-2.24703
3.35216
-17.2257
-12.3537
39.1587
-15.2342
-14.0564
-0.74331
-2.3118
-29.448
35.6445
5.59953
-11.2556
-1.91503
17.8493
-17.1972
-33.2617
48.1015
14.3661
-19.2793
19.7907
-5.64905
-2.07103
8.94254
-3.86977
-14.4436
-28.2218
31.3072
0.913545
-17.6862
10.9025
-8.18297
-1.79044
8.32629
19.8312
30.1529
1.60321
-13.0576
-24.8149
11.4889
5.15522
-1.20538
-1.52307
25.511
10.1619
-4.79263
-6.43158
-52.1553
-5.29025
1.51297
-16.3896
-22.4892
6.86724
-12.1164
21.2393
15.8585
-3.2508
-16.8217
4.24955
13.3671
-2.6787
-23.022
8.40211
-37.3234
-2.49966
-30.2863
1.43177
-0.342672
14.7362
2.70405
-25.1487
-9.56771
18.2442
37.7535
-26.1692
-1.27924
18.0333
-26.1764
2.61702
17.7762
-4.04609
8.20539
7.31977
-4.68918
-7.90153
-4.1246
32.8069
-25.3513
-20.3614
37.1066
13.9705
22.488
-8.30842
31.8315
-2.60277
-17.0224
12.7433
2.98278
24.5843
8.72433
-3.77059
9.86479
19.4209
-2.02759
-25.8703
-30.3515
-26.322
-14.3957
-5.65995
2.0069
4.16076
-14.572
-2.43031
16.6978
-4.73092
5.10819
-4.39753
-24.3316
50.2024
-19.1053
-21.7521
23.1596
-36.1058
27.4838
-7.65502
0.108369
-10.2576
7.90722
35.3878
-23.4307
14.8104
19.5211
-20.9852
-12.3087
-8.98904
-9.55032
-18.9667
-0.361853
-5.31141
-13.3457
-13.9976
46.6331
-11.7015
-25.1678
-43.7347
-8.18037
-1.50925
27.2819
23.0785
27.9546
18.2383
20.9148
17.9948
-1.35483
-5.31567
-4.35333
10.0799
0.871241
-14.6657
-25.9323
22.006
-19.2934
-2.08584
9.67532
-1.40836
25.4529
0.102323
21.0271
1.54624
-20.5915
9.9793
28.7698
-1.31907
-2.76603
1.95753
-23.9569
-9.24186
-4.84003
37.9699
21.4498
-8.76335
2.49743
-2.52347
-4.69505
-29.5969
6.58811
9.38173
14.4576
11.1543
-24.6787
10.0486
1.53453
21.6435
6.72126
4.45746
-8.84876
23.4656
-11.9302
1.17281
9.50074
26.7945
-40.8237
-8.90292
-2.47851
-21.3441
-20.8224
26.3482
-11.2458
31.1775
-6.82362
1.55915
-0.0477293
40.9946
0.914511
-25.7994
12.0109
-38.6214
-12.5565
38.417
-22.9677
5.94534
-12.253
-12.4878
14.725
-16.0623
-7.7007
1.00266
-7.43408
-38.9684
-9.5501
4.56388
-17.5209
-14.908
-40.6093
15.5598
1.51847
-24.788
9.77075
14.6562
-10.4532
-5.70894
28.5241
-15.7384
-20.964
3.16101
22.8254
10.7708
-19.7997
-16.8134
6.32163
-15.8345
5.52146
-53.2893
-15.8358
32.1606
-22.4988
-0.0723414
10.7802
31.7202
-15.4931
-16.5578
20.9777
-44.4426
-18.9463
-27.3229
-0.996449
9.18441
0.237644
11.0705
-7.92252
-8.71241
7.10504
6.23158
-1.82758
21.2547
-10.0021
-7.0294
1.07608
15.8789
-17.0384
-34.6414
-0.363718
-3.23663
-21.1328
-28.6134
35.6319
17.1498
20.5771
-21.536
-3.98673
-32.0354
-18.2108
-30.6718
-63.8492
-6.7802
3.67179
24.3209
-22.1975
9.24175
4.79286
21.1908
-9.96076
10.7465
-16.5864
-23.7529
14.1534
2.83785
-13.2362
25.8609
6.10149
1.65964
-4.45602
15.2561
-32.914
-9.54544
23.3671
-2.15951
19.3682
-24.911
23.4486
15.9686
-2.33045
0.804521
6.2709
-0.138421
-7.66959
3.56668
24.1541
16.832
-13.4388
-11.7019
-9.87474
9.84385
-24.8632
-22.3486
-11.7708
-26.6169
-34.4548
8.2948
5.07221
-6.45799
-10.1025
-1.14328
4.82399
-18.3747
-8.95091
8.29668
3.3626
12.7831
-13.0074
5.68896
19.2495
30.1532
7.80513
6.3399
-25.5222
3.9351
19.5161
-3.43054
5.80958
-28.3451
-1.14589
2.64989
-11.7232
-14.1759
-28.3733
-39.1074
-0.872971
15.7487
2.73078
31.9439
-4.56643
5.11618
0.994104
16.9183
8.00033
17.0892
2.44071
-10.3079
17.8496
-9.39106
-3.78736
-19.5725
-21.8907
-3.41154
0.302606
24.7532
-37.3934
18.3619
13.804
-10.1239
-5.2202
-26.6806
0.50236
-23.8615
-27.4172
-19.7255
19.2377
20.988
47.6107
-17.8777
-42.2011
-0.408912
-0.9717
5.05564
5.68159
-12.6903
1.07449
-7.27962
16.1959
-16.4499
-18.1234
-22.9168
1.05997
26.5555
24.074
-11.5401
-7.44412
-11.0007
-26.8039
38.873
-9.9754
23.3716
-34.119
-7.64862
2.85865
-7.39315
-11.8388
5.84652
-10.2971
9.00778
5.3746
11.5096
-22.5929
3.72643
26.2287
22.653
29.5948
25.0545
18.4018
-24.7257
33.151
40.9954
28.6682
-17.4175
-3.52489
23.2899
4.42584
30.3572
1.41956
24.787
-11.9702
22.0884
-7.57093
3.00172
17.879
-7.25263
-0.155703
-36.7901
-13.2592
5.4917
1.09293
-0.900571
27.1727
-0.208881
-6.39981
-22.8462
-9.66899
9.14602
-26.7268
-11.0019
0.0471295
-9.80325
-12.7614
-19.2414
24.638
16.5227
-30.4663
5.10399
58.1691
2.01155
22.6185
35.2345
6.19854
13.003
0.145195
18.2851
24.9834
-3.37418
-17.4592
-8.10031
-0.472454
19.7554
-15.3933
9.70659
26.4831
22.2964
-14.7077
-7.19724
43.2228
-10.8259
-7.5949
8.13571
-21.4332
3.21424
-26.1077
14.0705
-0.589677
-23.5556
-20.2085
0.887355
-5.1268
20.3896
16.9374
17.533
2.25403
16.2888
18.3811
-9.84953
12.7861
-15.11
12.0795
-10.9223
26.3884
-3.31518
-18.7461
-18.6599
-8.56366
13.0032
16.2523
6.19657
-12.8527
-10.2786
-27.4121
-14.2469
-13.5783
-9.27811
-4.5395
-14.6449
10.9449
-11.1707
23.2777
-10.105
5.84985
-3.27833
-11.9489
-6.65415
-8.21135
17.5451
-1.06444
23.8738
-0.0917665
-6.3079
-14.0594
17.1629
19.8854
33.7838
14.2617
-13.9742
5.91775
34.9101
-20.4467
-12.0578
1.70627
0.645582
-21.4998
23.3527
-5.75636
24.5313
-4.21044
14.1792
-14.5862
10.6413
-0.229201
-37.662
-33.6973
-5.72849
20.2323
-39.625
-15.3853
-0.368766
11.209
-3.46135
13.1234
23.4372
-25.8785
30.1472
16.9421
-14.0049
-27.3426
-19.0602
-0.525531
-28.8098
17.7906
-10.364
7.2228
-11.0787
12.0977
15.3901
33.6157
-14.5456
0.36745
-17.1092
18.6804
13.2089
1.75758
-23.0152
21.9107
2.40855
14.5975
17.3798
-37.5349
21.8345
-5.25038
-20.5066
-8.11681
23.603
-13.0576
16.4938
10.871
8.93113
35.38
14.6966
-18.9658
-0.697169
-6.07351
40.1419
2.26033
-20.4765
11.0287
0.362862
-1.15741
6.4238
28.1105
-17.0434
-24.9261
2.46336
-4.6739
-9.47984
21.5293
4.93879
16.4819
9.76026
-7.08323
-9.95835
-7.21132
-13.119
0.526575
-19.4882
14.4637
-3.18852
-5.33895
41.9701
-0.94591
-14.13
8.99538
36.1279
-20.6934
-14.5365
12.5027
-22.7324
-4.46704
-20.0621
37.6816
-0.688343
-39.5889
21.9802
-8.4958
-12.4604
-11.3286
5.4441
