0
4.48532
11.621
-1.47066
4.18291
12.6217
8.78905
8.85249
1.23428
2.63439
4.42681
10.6771
-10.7747
1.19584
-7.17978
-0.653138
8.41937
9.32822
23.2047
-11.2606
2.64934
-2.91961
5.87527
-13.6312
-8.33281
23.9575
8.8143
-3.4362
19.4601
1.17392
-15.3793
-3.04304
-5.64134
16.423
-12.1182
7.11171
3.72244
0.92149
7.76524
9.71738
1.12893
-13.588
5.85589
4.48445
7.90574
0.418897
4.11516
14.1406
9.45622
-4.25625
-7.24378
-5.59413
-3.86428
17.3144
-0.882575
15.9085
-1.2543
18.1425
10.2353
-21.7106
-11.6037
-22.6692
-5.76334
3.53634
-4.62081
-2.63406
-26.6889
0.593103
6.62463
-4.39676
-25.2433
2.81147
9.91833
-5.20146
11.9282
-2.35737
-2.13307
-2.43967
-13.8122
-3.89427
15.6826
-3.8226
-13.2781
-16.384
4.81973
-2.81578
1.78493
-3.47061
0.595576
5.44699
-14.3002
-15.0598
-8.68704
-1.0002
-2.35821
-2.38485
-4.82664
6.59673
-3.36951
-4.47063
-2.01243
0.189601
-7.54505
3.19849
-7.84266
1.24714
-8.90873
-24.7091
-6.05825
4.00183
-7.75256
-0.83851
-8.07669
-5.33195
6.25631
7.36364
-8.45996
24.9699
7.05486
-1.25584
3.2734
0.106775
2.40126
4.60927
-6.1216
4.88427
6.00874
1.09624
0.426478
13.8012
-5.05035
5.0229
4.78226
9.02853
-14.0053
12.0315
-7.03582
-2.67923
8.06612
1.83263
1.90998
0.308378
-1.61247
-4.21547
-14.7807
9.32547
-1.27279
-11.4258
-4.12791
-14.4962
0.44695
-8.14291
-5.96309
8.73441
6.95146
-3.56273
4.49398
-8.66463
-15.8074
7.26106
16.5848
-3.22464
-3.54274
-1.75348
2.87187
-13.2517
-1.1868
8.45443
6.40561
-7.6431
3.02057
-5.21033
-16.2166
12.0574
8.25278
-12.424
13.1716
-11.2601
2.86042
-16.7803
0.531704
10.807
8.27649
-2.23774
-2.3974
2.651
1.41302
-8.89589
-17.288
3.5798
-1.06244
-18.4369
-11.8968
-9.33617
7.49018
11.0491
8.29872
-1.85222
9.21249
4.91694
8.81006
12.5625
10.4236
-1.20461
17.4645
-1.75428
-13.0264
-8.25694
6.77584
-2.47384
-3.09184
-2.1511
14.01
3.63954
-1.6077
1.05213
-2.02351
4.54088
-19.2909
23.7635
-5.87945
5.07795
-3.81783
-6.34704
-10.67
-13.4704
-0.0427838
5.59977
7.1289
6.35636
-8.63945
-6.33732
2.61092
-3.66757
-8.57697
1.16694
-3.25438
3.46732
0.0767452
-21.3176
-10.2093
8.05699
5.30491
0.816025
-1.38927
-13.9237
-5.44954
-6.82317
-7.71441
-3.14313
-2.29612
-9.74673
-3.74807
-6.82372
5.41007
18.9219
5.46347
-2.16194
-6.88776
-2.81029
-6.90328
-1.71621
-5.04825
-6.93541
2.42669
-0.313127
10.1926
10.0854
8.9505
12.8327
-3.59637
-10.0922
10.7665
19.8678
-3.30466
2.45855
-5.47034
-7.13987
9.46227
11.8274
-4.61979
13.5628
8.26585
-1.86219
3.50952
-5.61437
-13.498
-3.19652
-3.20103
1.25926
-4.52061
-1.18219
15.3448
-3.05083
9.98886
5.00351
2.84424
-6.43211
3.86099
-10.008
-9.54729
-2.96854
10.3809
11.5192
5.57155
1.9013
5.49753
15.2825
-2.70759
-0.73155
-11.205
-6.09213
-0.440084
-0.762577
-15.4995
7.49016
-9.97289
-6.98043
-6.04598
1.10497
7.78632
4.61096
-2.33594
-3.4257
11.12
8.91581
-1.0105
3.38299
1.87456
0.0712306
-9.269
-12.2195
-11.8554
9.29202
4.51854
4.54004
-11.2958
16.5866
1.98416
-28.6637
-4.62542
15.026
2.07033
5.25305
-4.77337
-12.6568
-6.25827
6.76713
7.29863
-14.8718
16.327
-0.325966
-1.39287
-5.45797
3.98534
3.90457
8.20631
20.9619
-1.7016
-16.2901
0.843982
1.19465
-8.68162
5.44941
1.76505
8.09144
-7.72057
1.08262
10.9796
12.6947
13.3286
11.3051
4.51459
0.46332
-9.23321
5.01342
8.62428
10.4642
10.4021
-12.5295
-6.18527
-3.95243
2.32771
-10.9445
-1.92911
7.94299
-16.076
6.0034
1.91339
-9.99665
-4.4718
-8.24229
-4.59318
3.02556
-6.09039
-24.7393
-2.39858
-4.57379
-15.4825
3.30939
5.21582
4.10892
-0.971074
-11.4257
-6.42133
14.9573
2.60952
6.71978
4.35779
3.60792
-2.87642
-1.16095
7.30156
12.3888
12.0014
23.9097
-4.79764
0.0773528
4.49747
-8.62577
11.0607
6.76846
12.3118
-1.40567
-12.1797
5.01309
10.9457
1.15448
-0.0106826
-1.56136
10.3214
5.7438
-9.85857
8.51964
20.5364
-3.21323
-4.58574
-2.45452
4.15646
4.95409
-11.9861
4.16272
2.38318
16.9242
-6.57587
-8.05323
13.1889
19.5385
4.23434
5.96795
1.0328
21.2453
3.3774
17.2402
9.57116
-0.917432
3.82846
-4.19779
5.1554
-6.59079
-1.20861
10.8339
13.2342
0.904703
4.05764
-12.7148
4.10972
-0.36148
-16.9324
2.04011
-6.58723
2.05962
-2.38955
-9.08258
-11.5886
4.06434
2.31049
-4.34145
13.3573
-12.0213
5.73727
-5.66294
9.74765
3.42419
-9.99012
3.01337
2.91274
-8.22471
9.34407
10.8757
-7.51722
-2.20378
4.75596
15.3836
-1.75247
-11.1396
-13.537
-0.139119
7.70287
-17.6763
11.86
-4.0458
-5.81193
-2.13003
-9.99684
4.09093
-4.0342
-7.86348
-18.445
6.90867
-17.1611
-7.86959
