0.999999
0.981162
0.92462
0.832545
0.708472
0.557159
0.384382
0.196683
0.00104956
-0.193831
-0.381699
-0.554746
-0.70642
-0.830933
-0.923511
-0.980597
-1
-0.980973
-0.924248
-0.832005
-0.707784
-0.556349
-0.383491
-0.195736
-8.10474e-05
0.194778
0.382591
0.555548
0.707102
0.831469
0.923879
0.980785
1
0.980785
0.923879
0.831469
0.707102
0.555548
0.382591
0.194778
-8.10474e-05
-0.195736
-0.383491
-0.556349
-0.707784
-0.832005
-0.924248
-0.980973
-1
-0.980597
-0.923511
-0.830933
-0.70642
-0.554746
-0.381699
-0.193831
0.00104956
0.196683
0.384382
0.557159
0.708472
0.832545
0.92462
0.981162
