0
-16.2323
7.58297
-18.0295
14.7146
7.38781
-4.24637
21.7497
-10.932
-0.67785
9.09931
15.3589
10.9629
-2.88518
17.3517
29.8482
5.64981
-7.39201
-1.49986
15.3074
2.66827
13.4046
-0.120246
-0.113073
-5.15016
18.8645
-3.03387
-26.6268
6.507
-18.8912
6.2407
15.4566
-4.7503
3.29704
23.0812
-29.1383
14.2438
-3.26338
-27.4515
-5.75957
13.9868
7.48537
7.93004
0.30586
8.5866
-19.3437
-8.06006
-23.1522
3.64419
-22.029
21.1974
-5.5705
-13.1152
10.7771
-11.5209
12.2095
13.2143
12.2238
8.26882
1.99866
-4.49694
12.4149
-4.98317
9.05545
-4.85892
9.17694
14.185
-21.695
-8.65674
-3.52201
6.83261
-4.72388
18.2954
-0.134568
12.8591
3.36103
-3.78264
7.08381
7.71855
16.6583
8.96103
-5.73318
0.361041
-16.9195
5.08701
-16.2705
-0.557056
-2.12813
16.9577
2.13307
3.52981
-19.6573
-6.95018
-0.466199
20.0031
-20.4859
19.3007
3.2131
-1.79278
-27.7468
3.86717
5.91575
-5.6391
-0.512461
5.2206
6.39336
8.81981
-12.0748
-8.75589
-9.56599
12.0298
2.04673
-17.7448
6.22052
32.7729
8.78541
2.92347
21.6866
-30.8041
8.24676
-8.43024
-9.22285
-14.4132
-0.751097
6.17535
-12.7887
7.66082
5.03707
15.4559
-30.954
-17.0241
15.3702
-31.146
9.27049
5.07956
-3.5841
5.00223
-13.4191
-8.86068
27.0842
-20.5232
-17.6247
17.2854
-2.42775
15.2218
-25.4665
-10.643
-10.536
20.1362
13.2665
-7.53512
1.55876
1.28951
-10.6395
-11.8837
-11.3489
-8.19277
-16.6898
6.46944
-4.14002
18.8795
2.99141
-1.68843
-1.50495
4.70708
23.3222
-3.86801
-13.8848
12.8142
-7.24302
7.03843
-23.2076
1.82598
10.2876
-17.3057
24.3188
-5.83713
1.01951
-2.88895
-3.07024
-11.2944
15.9642
-9.21434
-3.7076
-23.4329
9.93418
-3.96218
-13.4904
-1.74286
-11.6317
-6.55305
0.548007
-11.9448
-18.5748
34.0278
1.47625
-1.89229
13.496
-15.9798
2.03099
-8.75561
17.2529
-4.44692
27.3289
5.51464
-2.05228
10.1264
7.44419
-12.1205
-18.1507
-4.03548
9.144
-5.22183
3.38895
-36.8346
7.80611
5.64212
26.3601
17.1698
4.92903
-16.2773
-7.55956
-16.2769
15.6787
-17.4683
-0.926827
-9.63688
29.1715
-6.74769
-4.78285
-0.609935
-5.85611
-17.9536
24.276
2.85008
6.80785
9.60553
-5.637
4.29988
13.4216
-4.99835
23.5272
-9.84958
1.68873
9.46683
11.2431
22.6296
10.5117
-7.36579
-28.4799
2.02071
25.7283
6.11653
3.2148
5.48115
-8.37828
7.51762
11.5504
14.5197
14.8819
7.41223
12.9015
-6.28042
9.85805
7.33505
2.71215
8.85772
1.6509
-17.8883
-27.1847
1.66271
23.791
0.439054
-2.90705
7.55753
4.08744
5.45176
-18.353
-2.22933
7.93867
24.9565
-12.8635
-15.459
-14.3343
24.3118
-0.995988
-17.5884
7.04104
-6.08946
-4.3535
0.455435
28.5187
-4.50935
-1.14357
-0.693086
-1.39255
-23.3635
6.25368
-14.3682
19.5427
-16.3391
10.2833
-9.3798
4.24561
-9.14732
-17.0173
23.5727
-26.2257
11.9742
-22.6635
-3.68395
-2.97293
-5.37506
6.58993
-19.4441
2.30245
-30.7855
-0.612333
4.09731
-18.5712
15.4377
14.4959
-7.80976
-14.0271
1.98886
24.0911
0.514366
-23.3338
-0.0683234
5.74537
-44.312
8.23625
-5.71143
18.5542
8.37798
-15.4547
10.4935
-3.42228
7.28417
-1.64267
2.86941
5.11514
4.76145
24.3417
-13.6736
4.7486
20.6694
-7.97078
11.5904
-7.14142
-10.8591
19.6877
17.5769
0.351472
-13.5962
-17.6481
-7.34193
8.92138
-2.7252
9.73215
-14.9089
7.31668
12.5335
5.60405
-8.58265
7.88757
2.45635
20.8201
11.0593
2.04626
7.98187
19.3031
1.93336
3.24203
-8.62033
-2.28109
-12.5953
5.88346
7.88335
15.1514
7.67016
4.11206
-5.48474
8.65068
-5.79451
-8.76136
-10.8828
-11.7171
10.3093
3.83796
20.0123
21.5868
4.08082
-9.48789
-0.490601
20.5376
17.701
-13.1021
22.4304
7.66937
-4.31622
-5.43182
2.04393
1.4986
-2.97581
7.44029
-3.25886
-24.1388
12.2292
-2.79284
0.266194
4.98231
-9.50634
2.44542
-12.1666
5.59527
17.807
-14.981
10.8305
4.08038
-11.7691
14.8577
-0.217786
1.384
7.28232
15.684
-3.16734
14.4665
8.71456
8.59572
-8.87206
-9.62447
-9.69065
-7.35797
11.9303
-8.16664
-22.9975
-24.9334
21.2228
7.85896
-7.93323
20.8349
-4.64664
26.1606
0.895353
13.7768
-8.15075
20.5637
-1.79764
7.73627
-5.02283
-2.01407
3.84645
-5.92184
14.2811
-9.17049
17.6702
-14.2962
3.56353
-5.36425
5.19765
-30.8766
-2.777
5.30883
14.9739
-9.16027
-6.82141
-7.46733
-7.49714
-0.267277
-4.782
11.4585
-11.7234
-16.975
-13.9328
-7.2459
-2.65662
9.02699
-26.4745
-22.1209
-9.05004
-12.778
10.4146
-4.60943
9.29065
-19.5526
2.43696
-5.92844
8.0391
15.2746
-22.7411
-14.9568
-15.0596
2.44204
-5.83376
16.0665
-7.03066
2.52882
2.88337
16.4169
8.2707
14.636
-18.7373
-11.4556
-8.0109
-8.44528
-16.5178
-12.8434
7.859
-15.5447
-9.1128
2.24415
40.0036
-27.6565
-20.2875
22.1711
-9.62443
16.0846
-13.9752
12.2279
-18.5913
-2.13228
-5.84547
13.2699
1.40763
14.3562
-12.1562
-8.80475
9.75083
10.4609
-6.42735
-17.2192
0.121367
-1.45593
6.95988
6.56199
8.53906
-6.5265
10.953
6.39721
-3.46847
2.85875
-17.2144
-4.77438
14.39
1.18475
35.3604
19.451
-12.5179
-20.8112
-13.1713
4.58795
-11.6293
3.81662
-25.1284
-4.80387
4.16002
-9.85897
6.88777
14.2511
-1.75161
4.38797
4.45901
8.37941
19.6056
-9.04334
-10.9522
-13.4175
17.722
11.1682
4.48699
22.5842
-13.4471
13.2264
7.14682
3.35698
12.8663
-10.3698
8.2126
-4.76569
5.33604
-30.0538
-0.643236
-8.65405
17.8078
-19.5544
-9.20432
20.4053
3.68808
-13.4551
16.4339
-0.609046
0.996539
-6.67915
-11.9664
-3.20818
22.5065
4.53819
-16.2405
-21.709
-18.4733
-3.05697
0.891638
-16.2311
6.73502
11.3376
15.6866
-11.0809
31.4865
28.5474
0.594744
17.4767
4.66773
-16.9636
22.7645
-12.5046
-9.71574
-1.14907
6.45916
-8.65861
-26.0308
-25.5437
-17.1029
-22.0296
-6.07836
24.0114
2.02873
0.885338
-3.85296
-0.0766019
10.0995
-5.22158
-5.66676
8.96123
-3.09559
7.54666
-7.59206
15.6513
-1.31685
11.4476
22.8168
44.3684
9.89688
0.311425
10.6199
-0.523356
4.04078
19.1887
17.4179
1.57871
16.2688
-0.649285
7.82925
6.58373
10.6617
16.4973
25.7533
21.4945
7.55763
-6.32617
-22.983
-0.259745
-10.9308
5.51736
-28.1229
20.3149
18.431
-9.08621
-8.12926
11.4285
-1.3596
-13.6441
-2.78758
12.8279
16.512
1.73819
5.46589
31.2435
-35.6279
5.10046
-1.91033
-14.8821
30.2815
4.25418
0.164183
23.1132
12.4751
-4.88036
-6.60744
-20.056
1.31199
0.029488
-2.20042
-11.3924
-14.5899
-5.59389
-4.56111
8.14965
-16.0352
-18.6256
22.9273
-1.34814
0.120339
-22.2313
-5.79512
-11.3983
2.72994
15.0431
-7.27394
-4.73052
-5.07912
-23.9796
-0.69114
2.62768
18.508
20.1185
-11.6383
10.9509
-13.8267
-18.8881
13.6691
5.29269
13.9548
-2.90159
-11.6247
18.9356
5.40539
-6.32723
-18.2703
13.5107
13.3716
-5.97547
-6.38921
-24.5084
-9.47958
13.8288
17.6606
-14.1915
-0.227079
12.7952
28.49
-17.192
2.28705
13.8986
30.2827
11.8105
-9.66244
-12.7783
-10.8649
-0.31398
16.5445
-2.611
33.9989
-13.0927
6.20712
25.7921
15.4471
13.6745
-18.0815
-5.49272
-0.101565
-9.5945
-6.84861
22.7654
13.5305
-0.808825
-11.6361
14.1276
-5.81781
-13.3556
24.3096
17.9885
-13.9083
-4.70967
-3.397
6.32543
9.86408
21.389
3.53265
1.60481
7.67392
-5.56638
-4.42021
-3.11854
-7.6846
8.81749
4.24051
-8.66
4.70135
-31.7506
-29.6463
20.7997
-20.3248
-21.4937
-7.0816
-11.2118
-16.1229
8.36782
-1.3627
0.811612
8.9961
7.70835
-10.1985
21.2514
-15.1056
16.4358
-1.79796
31.2983
-5.19032
10.6461
3.78252
12.7529
-3.7603
-15.079
-6.18195
-4.17902
1.52073
-4.39721
8.80591
16.6528
14.8933
-6.81612
-1.38794
-10.5675
2.5252
-12.0197
10.6286
15.6574
5.22385
4.02297
54.2371
44.7493
-13.4047
14.6938
-12.266
3.05441
4.8854
7.77986
-7.72656
-3.94955
3.34756
32.1873
14.5789
25.7058
11.0513
-4.79054
-7.65604
11.3244
-19.2025
-3.39024
-12.8561
8.19938
-7.27185
20.8799
-5.08806
5.61534
-0.935506
37.2272
3.90343
24.2445
14.8966
-0.324686
2.28054
-9.45034
-18.9369
1.66893
11.2694
6.28606
34.209
18.8582
-20.6229
4.59229
-8.60979
-9.34235
-10.0646
-17.1272
7.66973
13.2321
-14.3221
-10.4359
-15.6717
-8.66895
18.7045
29.7117
13.5944
-15.3695
15.0123
1.38167
-10.3033
3.87857
-0.944174
18.0311
12.0169
-15.5801
-2.53947
13.7482
17.7122
-4.98639
8.25371
17.0048
11.2498
16.0841
34.79
13.119
10.7378
-4.70475
21.9898
-27.1343
7.34225
-4.64273
17.5919
5.68365
-8.6749
-10.5803
-13.9423
0.168081
-6.2914
-21.3258
-8.6165
34.2711
-4.8224
4.0083
13.9111
33.306
5.7339
11.0675
-3.46927
-5.40781
3.3737
-5.92726
-10.6446
-13.1766
-6.04513
9.33688
2.57632
23.2468
-26.3412
-20.0942
-6.48
0.75328
-16.8126
19.1398
7.204
-14.1077
13.5321
-9.1257
-10.1304
-10.3936
-30.6073
-8.98273
10.1466
-0.228429
13.9537
-8.09328
-2.5245
8.02436
14.3
-26.7244
-2.33504
4.1922
18.8261
21.4309
-7.99034
21.4915
13.1516
-11.3081
15.9378
-25.5017
-6.93378
2.88379
0.49021
-18.0765
-21.3198
-12.7351
-23.8666
24.4183
11.5844
19.8426
10.8477
-2.32626
-7.04999
6.59789
5.70081
-9.00745
20.3684
-4.67009
9.38855
-23.0457
-13.2012
11.4936
3.75694
-3.18519
-18.5505
21.7343
-8.36729
12.9072
15.1456
-1.23807
-13.9844
-5.40255
26.2042
-22.7673
2.98907
9.35788
-1.11313
9.12148
-10.4594
5.56854
-3.54598
-7.3818
13.3163
-1.39987
10.8307
7.68966
-6.81798
14.2536
-31.048
4.28428
6.48519
31.0924
-40.2571
-5.28109
-14.4995
-5.85708
