-0.264969
0.884019
0.443344
0.174266
-0.709647
-0.707159
-0.897423
0.719245
0.184733
0.39551
-0.973543
0.92692
0.637086
-0.604137
-0.656256
-0.646603
-0.399745
0.0382271
-0.150871
-0.428785
0.207691
-0.735821
-0.420028
-0.268059
-0.0859193
0.557963
-0.613525
0.0241424
0.167613
-0.914099
0.213365
-0.663312
-0.840126
0.926106
0.921462
0.579305
-0.428593
-0.80931
0.364686
-0.142639
-0.76081
-0.0087722
-0.908612
0.83103
-0.481398
0.328686
-0.372734
0.0544951
0.0989026
-0.593221
0.973959
0.554556
0.864862
0.743939
0.144661
0.76002
-0.903734
-0.64712
-0.915359
-0.334848
-0.213265
-0.430457
0.656778
-0.311056
-0.433515
0.0860429
-0.693204
0.61424
-0.819564
0.998019
0.490896
-0.644522
-0.943522
0.679486
0.412702
0.430894
0.466185
-0.900921
-0.287663
-0.726984
0.7456
0.198829
-0.386076
-0.865704
-0.329986
-0.278753
0.512049
0.298289
0.74522
-0.112034
-0.739095
0.466991
0.504735
0.0958545
0.48784
-0.083715
-0.0273615
-0.235836
-0.996208
-0.769117
-0.854231
0.335576
-0.324469
0.0842272
0.797555
-0.524945
-0.147615
0.482528
-0.582148
-0.802169
-0.33186
-0.520884
0.978735
0.644526
0.29016
0.735056
0.531294
-0.624878
0.78629
0.0532129
0.574379
0.654031
-0.503836
-0.819995
-0.505474
-0.0771091
0.641362
0.594769
-1.04504
0.0158822
-0.204682
-0.566025
-0.688981
-0.191255
0.908415
-0.351259
0.0874315
0.409572
-0.22778
0.940457
0.765619
-0.621956
-0.0883436
-0.468578
-0.470063
-0.867243
0.261942
-0.0365068
-0.861167
-0.309099
0.819903
-0.546828
-0.607252
0.123948
0.963381
-0.505604
0.38389
0.462275
-0.524752
0.444672
-0.270499
0.259233
0.204507
-0.0282618
-0.799024
0.626689
-0.455777
-0.645053
-0.805353
0.277779
0.308809
-0.923407
0.0956514
-0.447539
0.34352
-0.545735
0.463974
-0.143575
0.82657
-0.737459
-0.232483
-0.553742
0.990186
0.701899
-0.454554
0.393113
0.597919
0.0435644
-0.00555173
-0.505405
-0.610306
0.930799
0.750512
0.163529
-0.336174
-0.194113
0.543356
0.769459
0.639611
0.354594
0.0296994
-0.938937
-0.586681
0.746789
0.00102557
-1.05206
-0.686848
0.318776
-0.933267
-0.464445
0.278065
0.445845
0.26553
-0.485197
0.437251
-0.469805
-0.168015
0.599514
0.339561
0.634647
0.184684
-0.0208576
-0.814464
-0.1872
-0.344198
-0.257093
1.0207
-0.135363
0.793161
0.219544
0.479031
-0.0910754
0.0688058
-0.109584
-0.560215
0.408757
-0.47405
-0.753556
0.437412
-0.390342
1.03888
0.849297
0.608787
-0.407858
-0.787917
0.925696
-0.0660239
0.92494
0.733057
0.388842
-0.584913
-0.243809
0.525083
-0.523707
-0.613896
0.147269
