2.71569
2.89558
3.00089
3.49626
3.56997
5.65997
17.9977
-5.13058
-3.1368
-2.23817
-0.224509
4.40309
5.47979
-0.166121
-7.94256
-0.2097
1.30565
-1.70524
-1.35788
1.28296
-0.069843
0.0503638
-0.172877
-1.41287
-0.984385
1.10084
1.46981
-1.21324
-1.36266
-0.144589
-0.130497
-0.597048
0.649991
-0.199579
-0.315131
0.0159572
-0.534946
-0.23873
-0.023119
-0.0679541
0.478254
-0.0265791
-0.382989
-0.134015
-0.488817
0.0936342
-0.0400603
-0.0514494
-0.132872
-0.0268226
-0.282021
0.12968
-0.471093
-0.0543727
-0.287737
-0.00443442
0.359854
0.0325329
-0.275266
-0.0438978
-0.513832
-0.0164292
-0.231118
0.02621
0.556486
-0.0610839
-0.274583
0.0026872
-0.502798
0.0213212
-0.325718
-0.0677693
0.345433
0.00820456
-0.0754043
-0.0257802
-0.470189
-0.0445996
-0.215034
-0.0282065
-0.0328489
0.00184643
-0.243796
0.00102729
-0.45482
0.00733387
-0.240155
-0.0743766
0.366667
-0.0764691
-0.207254
-0.0145872
-0.426202
0.0683088
-0.158097
0.00393882
0.0598651
-0.0140709
-0.213141
0.053756
-0.53506
0.0417902
-0.253195
-0.0698044
0.447178
0.0548574
-0.238195
0.0328159
-0.501322
0.0317239
-0.202582
0.00574606
-0.073699
0.0585561
-0.290601
0.056309
-0.375379
0.00891715
-0.24694
0.019439
0.305789
0.0555061
-0.18513
0.0698285
-0.44265
0.0427719
-0.196514
0.0331169
1.30943
0.0328864
-0.186883
0.0370388
-0.438502
0.0140397
-0.229318
0.0434131
0.39297
0.00720531
-0.201907
-0.000964813
-0.441916
0.0312474
-0.18969
0.0263152
-0.00280284
0.00461842
-0.215146
0.0695312
-0.411828
0.0542817
-0.212304
0.0387548
0.406392
0.0299876
-0.199635
0.0176204
-0.444868
0.0457787
-0.284427
0.0123415
0.104245
0.0360642
-0.116422
0.0206161
-0.458373
0.0156972
-0.278688
0.0729628
0.376063
0.096577
-0.253604
0.060435
-0.440839
-0.0242353
-0.219381
0.0349272
0.0043563
0.0390681
-0.199725
0.0420849
-0.4844
0.00267778
-0.207601
0.0244617
0.404984
0.0321548
-0.206828
0.0262108
-0.435791
0.00552136
-0.164887
0.0400609
0.659189
0.016656
-0.234737
0.0174318
-0.474558
0.0165496
-0.133403
0.0361264
0.415412
0.0242504
-0.110648
0.0599146
-0.472328
-0.00102785
-0.377494
-0.0107958
-0.021216
0.0352768
-0.18755
0.0192369
-0.462616
0.0287052
-0.186231
0.0391699
0.391097
0.0246875
-0.174706
0.0600996
-0.433949
0.0623199
-0.213184
0.0228386
0.102777
0.0549322
-0.156056
-0.0073753
-0.464828
0.034125
-0.201036
0.0373125
0.391449
0.0529481
-0.235105
0.0501079
-0.459817
0.0259819
-0.201598
0.0412644
-0.00697471
0.0209518
-0.186223
0.026052
-0.461138
0.0364845
-0.247996
0.0147907
0.408265
0.0276992
-0.181813
0.0320938
-0.450599
0.0267622
-0.195797
0.0312795
2.71569
0.0312792
-0.195797
0.0267588
-0.450599
0.0320974
-0.181813
0.0276991
0.408265
0.0147984
-0.247996
0.0364736
-0.461138
0.0260638
-0.186223
0.0209407
-0.00697471
0.0413022
-0.201598
0.0259535
-0.459817
0.0501506
-0.235105
0.0529055
0.391449
0.0373632
-0.201036
0.0340042
-0.464828
-0.00728552
-0.156056
0.0548609
0.102777
0.0229646
-0.213184
0.0456329
-0.433949
0.0616902
-0.174706
0.0257085
0.391097
0.0407882
-0.186231
0.0480611
-0.462616
0.0209048
-0.18755
0.0364834
-0.021216
-0.00921741
-0.377494
0.00020051
-0.472328
0.0616228
-0.110648
0.00852977
0.415412
0.037838
-0.133403
0.0177304
-0.474558
0.0192125
-0.234737
0.0177933
0.659189
0.0418724
-0.164887
0.00664389
-0.435791
0.028089
-0.206828
0.0330834
0.404984
0.0264042
-0.207559
-0.122963
-0.4844
-0.0821043
-0.199765
-0.0832506
0.0043563
-0.0926026
-0.219301
-0.148033
-0.440839
-0.0638036
-0.253785
-0.0289436
0.376063
-0.0514113
-0.278367
-0.110512
-0.458373
-0.103329
-0.116735
-0.0794431
0.104245
-0.111509
-0.284066
-0.080515
-0.444868
-0.0979663
-0.200032
-0.096404
0.406392
-0.0850334
-0.211866
-0.0721689
-0.411828
-0.061968
-0.215689
-0.108418
-0.00280284
-0.0973615
-0.189085
-0.105798
-0.441916
-0.124445
-0.2026
-0.119405
0.39297
-0.0801038
-0.237757
-0.112191
-0.438502
-0.0863924
-0.196895
-0.0939106
1.30943
-0.090235
-0.204759
-0.0840921
-0.44265
-0.0542564
-0.194998
-0.0692407
0.305789
-0.103515
-0.255066
-0.118473
-0.375379
-0.0571551
-0.300893
-0.0685967
-0.073699
-0.130632
-0.210401
-0.087601
-0.501322
-0.0898691
-0.248834
-0.0735589
0.447178
-0.193065
-0.260764
-0.0937788
-0.53506
-0.0687707
-0.224203
-0.14188
0.0598651
-0.128427
-0.165034
-0.0596823
-0.426202
-0.11852
-0.218164
-0.203338
0.366667
-0.196284
-0.246864
-0.121056
-0.45482
-0.106983
-0.255608
-0.126637
-0.0328489
-0.153596
-0.221308
-0.173462
-0.470189
-0.147525
-0.0876448
-0.120905
0.345433
-0.133731
-0.399092
-0.108611
-0.502798
-0.117634
-0.355752
-0.191155
0.556486
-0.110107
-0.303451
-0.13785
-0.513832
-0.158448
-0.35783
-0.0966206
0.359854
-0.106311
-0.358815
-0.181255
-0.471093
0.00612143
-0.365314
-0.159003
-0.132872
-0.182997
-0.109524
-0.039572
-0.488817
-0.270056
-0.467462
-0.16315
0.478254
-0.182837
-0.0927716
-0.370235
-0.534946
-0.0811432
-0.404904
-0.339592
0.649991
-0.706196
-0.19662
-0.284255
-1.36266
-1.3062
1.37838
1.01978
-0.984385
-1.53167
-0.235205
-0.0730049
-0.069843
1.1389
-1.43455
-1.83023
1.30565
-0.289965
-7.89642
-0.539262
5.47979
4.2687
-0.306578
-2.39809
-3.1368
-5.11386
17.9899
5.56407
3.56997
3.3561
2.92945
2.77612
