-0.00318998
0.191961
0.379735
0.552916
0.704849
0.829692
0.922644
0.980112
0.999841
0.981047
0.924476
0.832351
0.708231
0.556893
0.384153
0.19665
0.00159
-0.193531
-0.381215
-0.554249
-0.705983
-0.830584
-0.923255
-0.980426
-0.999843
-0.980738
-0.923869
-0.831469
-0.707108
-0.555571
-0.382684
-0.195091
0
0.195091
0.382684
0.555571
0.707108
0.831469
0.923869
0.980738
0.999843
0.980426
0.923255
0.830584
0.705983
0.554249
0.381215
0.193531
-0.00159
-0.19665
-0.384153
-0.556893
-0.708231
-0.832351
-0.924476
-0.981047
-0.999841
-0.980112
-0.922644
-0.829692
-0.704849
-0.552916
-0.379735
-0.191961
