-19.4869
-18.5142
-4.62664
-25.8276
42.4212
-3.63244
-10.2473
-13.6729
7.98708
-10.5625
4.89187
9.51807
2.50398
-5.24304
-3.82
20.1953
13.1841
-6.62679
-6.68667
8.69809
-0.279355
12.8317
7.36946
2.12546
-7.51223
22.0927
22.4795
-15.5732
4.48669
-7.23717
-23.4487
13.1782
2.21774
-9.33805
4.47354
-5.87752
25.8408
8.19166
13.9472
-15.8241
6.75007
0.100106
-7.45036
5.95774
10.1178
8.06036
-11.0243
-0.199737
-46.618
-3.67409
-16.3212
-15.387
10.0872
-9.47461
-2.44866
-5.55775
19.4533
3.56928
11.4748
1.84824
8.29618
0.223295
11.0812
-5.94933
2.76521
26.7395
-3.76431
-7.44495
-8.74477
3.59276
-20.2719
2.69799
-15.5419
-0.301653
18.0126
3.58061
5.89945
8.40155
-7.47121
19.0071
5.1937
-14.9368
7.24382
-2.74933
-6.63413
5.47865
39.4203
1.2483
7.65583
-13.4947
-9.27549
0.974055
17.5355
-0.553872
13.6552
13.6444
20.2914
-8.94729
18.2979
10.3151
-1.16985
-3.56883
12.9122
3.51976
13.7112
2.22657
0.866919
-11.9427
7.24701
13.8968
-15.2287
-23.0344
13.612
6.61864
16.5251
27.4079
5.91844
14.8186
13.7727
-5.27156
-7.72038
-3.96684
-4.62568
-10.7295
9.93583
-7.03113
-12.5897
-8.58179
19.9126
2.94568
-10.2715
0.103833
-9.01591
10.0279
5.79897
-16.5719
32.2813
9.08198
-13.3944
-4.40783
-12.886
13.9602
-17.2817
-2.71145
-17.6987
1.47537
14.6321
-0.592821
4.86121
13.3881
7.03837
0.851456
-6.3305
0.359856
-19.8041
-4.46266
-7.72113
10.6848
5.89973
7.01595
-3.98443
-20.9195
11.9873
-18.8056
-8.69735
-4.27205
6.35699
-14.7896
0.0399548
-15.6926
2.29146
-4.14034
19.0872
-3.35004
8.05419
17.6974
15.4127
11.6946
11.3856
-11.3196
-24.9828
-2.36467
4.97168
-9.28118
-1.23431
-15.6323
-2.78938
-4.20982
3.50319
-25.9226
12.6383
-0.123774
-7.81368
13.9109
-9.09391
-1.95118
-16.8124
2.31388
-15.661
1.62248
-2.16691
-10.8532
1.72043
9.27742
8.81071
0.137505
8.30233
15.2863
-2.05748
12.0047
-7.89286
16.6726
-20.7698
1.13917
-20.4415
10.4401
-21.0258
-1.54393
3.14901
-16.8494
-9.48002
-12.2724
-4.07237
-11.7517
-10.9748
-14.3486
-11.7952
-14.4396
-6.21991
-11.7781
2.65745
6.29861
-6.42351
-3.50913
7.94646
-13.3724
18.8774
-2.57415
-8.13312
-3.32705
-5.05045
1.80585
14.7208
15.2706
-8.25758
-10.9275
17.3717
-1.01405
-19.9618
11.77
8.40855
-12.7334
7.51898
10.4499
3.00242
-20.0444
-5.94789
5.47398
-0.847214
-1.86175
28.3661
15.8967
7.55823
-20.768
-14.2335
34.2158
-7.13233
2.58635
-3.19045
-5.4666
3.22103
-14.7534
-3.6197
4.10132
28.7657
3.67557
-7.80901
-24.1866
13.8305
10.3076
-9.77422
-0.198708
-7.91034
-6.44974
-8.93804
15.167
10.0891
-2.58189
-8.31837
21.9551
2.32345
7.84435
-24.2797
11.7987
7.83292
-3.10409
-3.32991
-21.178
1.91477
19.243
-7.89705
24.183
-2.54088
-11.5895
-10.4791
-22.8886
7.21568
-8.37883
4.21389
-8.75222
-7.05148
-5.0702
-22.8701
-4.91976
18.131
2.65574
-6.3035
-14.9566
18.4978
19.6758
-10.0272
0.743332
27.3721
-27.0994
-3.0834
-18.5883
-1.4892
19.729
-4.18905
9.49374
-5.56872
-12.2243
-2.10842
-1.41054
-30.1149
-4.35632
6.50097
-15.542
35.91
-8.06223
-3.63114
5.86479
-8.10466
-15.7257
-10.1901
4.02085
1.0144
-19.5458
-8.89584
17.5058
-0.977622
-21.2716
-9.01529
-10.9841
2.89644
-6.58913
-11.1954
2.72307
-2.01247
12.8568
10.0254
0.270934
0.357923
16.2164
10.1561
11.8009
4.48973
4.54686
-15.502
-6.08688
-3.59765
0.815927
10.0743
13.7561
-22.5172
-11.9854
-7.05592
3.76198
-14.1331
-2.02647
-10.6212
-2.74416
-12.8871
-1.59499
5.17059
-9.67154
-2.59154
2.73523
-5.57195
15.2886
-21.0085
-25.2555
-15.7649
-14.6953
-6.68973
0.412809
16.2053
4.66002
-24.2228
4.41171
6.55534
-6.43048
8.5934
-4.09406
3.47557
-12.8333
-8.40891
16.5012
-15.783
-3.15567
3.78008
-10.6912
1.93193
-3.43937
0.52931
3.9275
19.5565
-1.22585
-15.0784
-2.12417
15.1781
11.345
7.3366
9.40147
-16.2647
11.2359
9.65758
-21.381
-5.80388
20.1361
-15.7486
4.33262
-22.0174
27.4727
1.73206
17.0561
-8.40987
25.8435
4.20864
12.8201
5.15023
-7.30099
14.9407
-5.36928
17.0599
-4.67697
19.5636
-4.39165
6.61853
0.365163
21.3158
-14.3873
-11.3483
-6.05297
6.84515
1.17768
6.26258
-2.40583
-5.36995
15.0894
-7.89178
16.1992
2.68684
8.7338
18.622
29.6537
8.62304
-18.127
-0.130032
-17.6009
-11.9445
12.1665
-0.997419
11.3941
-1.33939
-5.98273
3.25851
5.26617
12.2552
-13.5945
-12.4711
-25.2842
-3.19464
-6.37408
12.7587
-11.8053
-6.2011
-2.0771
8.90006
8.89479
26.4661
2.48918
0.310581
-0.515439
7.50772
-8.96608
-10.6714
-6.51221
-1.10298
1.05208
-44.9832
14.3156
2.22132
-9.13182
-8.88314
-8.17371
12.2194
-1.58485
6.48312
5.98081
25.8245
6.06119
5.90546
-10.3305
-6.8054
-10.5016
11.6037
-9.98365
-5.05559
-25.3135
-8.94828
-9.47094
19.8749
6.67957
1.49917
-5.2015
-1.96955
14.0276
-0.991539
10.1026
-16.4509
-18.4831
-1.54958
-17.9874
12.9078
32.7507
17.0947
4.59538
-3.49946
14.4038
-8.5146
15.8376
-8.67161
-5.86489
5.25514
-4.98359
3.66841
-7.67515
-11.8061
-11.4018
19.6986
-3.62739
9.15404
-2.67076
20.7681
-6.50121
14.8272
-8.42735
11.2779
-6.32812
4.83546
12.274
3.98163
22.8065
-12.0107
16.5646
0.0935158
26.1207
-24.3267
4.87636
-16.9555
18.0918
-7.43459
-28.3934
5.82867
8.22513
-16.6293
9.06153
3.17316
8.38281
6.77002
-7.21874
-15.9483
1.16778
20.873
4.81021
-0.335534
-8.40763
-1.43413
-10.064
0.731011
-7.32636
-20.455
14.8781
-21.3952
-18.2232
3.85256
-6.86695
7.36812
-5.98902
1.06925
0.968158
-25.7602
6.43204
14.6559
-2.50199
-7.86585
-13.3444
-14.4556
-21.3988
-9.28945
18.0607
-6.85167
4.47506
-0.591563
-10.6562
2.47921
-3.81312
-11.7515
0.217129
-10.2327
-0.0631608
-18.7591
0.981096
-13.8404
-12.3816
-21.6238
15.1305
11.5363
-0.408591
-1.60236
-5.43599
-15.1803
5.18543
5.29771
11.3979
10.1945
13.6385
-3.78726
-1.4323
7.22493
10.1774
-7.86979
-2.76775
-12.7777
-1.57558
3.10351
-11.0272
-10.8069
-17.318
1.37573
15.0033
-14.9744
-21.3219
0.993784
3.6872
-6.95722
-7.85552
-7.24978
5.88141
-1.8343
-6.3075
38.0852
-17.9969
0.755233
-3.7549
-30.0468
1.74288
-0.0145428
-12.8639
-1.94731
11.1659
0.502781
21.1164
-4.63361
-16.7595
-1.87119
-20.5202
29.5942
-0.406052
-7.02815
19.3989
16.9157
-15.0058
-9.56489
3.01672
15.9048
-6.80741
-24.3266
-1.75178
-7.20387
-11.8926
4.49712
-9.62902
8.67349
-21.2208
-6.48149
-10.3611
-0.769951
25.7139
-9.74324
22.6111
-3.68123
-23.8813
-0.991334
-1.77717
9.54854
9.36741
-20.2831
10.2884
7.90652
20.1354
-12.4031
-2.50993
11.9904
13.7931
-6.07248
-5.84476
-10.3234
-1.9001
-7.67078
11.3572
3.91347
-28.602
0.955658
7.85917
25.6277
0.253553
-7.98339
-12.5176
8.03743
-1.16313
-0.859602
1.63724
-5.37332
32.27
-15.587
-23.0537
7.67793
17.6179
25.343
-3.13092
-1.39826
4.9766
-9.74909
-15.7728
5.3516
15.0035
7.23479
-12.1283
8.45754
6.45583
-24.1365
0.427709
19.4041
-9.77736
-6.28305
13.5445
7.08053
-6.13429
-6.48978
-3.81423
-7.95712
0.617095
18.8847
-13.4447
8.75367
-7.07124
-8.29334
6.99545
-0.496717
-10.8328
-3.75339
-21.9679
-9.2779
-9.29016
-9.45984
-8.0854
-0.110269
-12.2233
-7.56149
-16.2842
8.90758
-3.03895
-19.7493
9.48453
-17.2359
10.6345
-12.5434
23.2306
-5.18269
8.03605
-1.04314
16.4572
9.51355
-0.319522
3.41661
3.95188
-2.66302
-12.0097
-4.78616
0.320426
-11.2879
4.79395
-13.9383
-0.504337
-6.66353
11.597
-9.07749
-0.122741
6.46725
-35.2583
-5.86387
-3.6117
-5.52227
-15.1442
0.887197
-7.56363
5.03573
-1.5876
-23.8756
-3.79555
12.0331
16.323
10.634
15.4931
2.98936
-3.29122
16.5191
-4.39826
-5.67428
-15.5221
-0.250789
-20.2306
6.78432
-7.40701
-8.45101
-20.8983
14.0496
-17.8323
4.67906
9.98166
7.88488
12.1666
-4.85942
-6.51923
-19.7453
0.873185
-8.36242
3.6553
9.78389
14.0716
7.36309
2.20364
17.4653
2.36577
-20.3826
-3.78123
-12.9823
23.7606
-10.7695
2.65338
-12.1019
8.62788
32.9902
-18.8599
5.24169
9.63196
-9.15636
0.699219
-6.9865
1.07147
18.8944
-9.80387
-17.4503
-1.83704
12.2212
-8.97547
-4.99895
-2.93898
-6.93859
-3.86724
20.0169
16.1704
11.3449
25.0251
19.0125
5.58232
11.1346
-24.2318
-9.80907
22.348
7.80039
-7.30784
3.48197
8.70773
21.322
5.45317
7.13355
-3.20797
-0.869499
10.5127
14.6304
-13.2287
19.5801
13.2039
13.9112
-4.63998
17.3908
-2.89326
-11.0426
-13.8345
11.9566
4.85989
40.6961
4.14814
-7.88721
-7.55349
6.45734
-19.9089
6.64079
18.5004
-7.47336
13.1166
9.80654
6.35827
17.735
-4.41892
-20.0421
2.28082
-20.284
4.75115
-7.29557
-5.90232
-3.4699
32.0248
2.42418
-8.4499
10.595
-3.39608
9.08341
-2.2605
7.23456
3.73186
15.465
-6.88334
-4.98249
-14.073
8.59489
-20.1266
-15.6562
-0.582476
-46.5755
5.24364
-12.4707
8.5728
8.78613
6.91833
-5.96381
2.35314
11.0309
-8.74749
17.0197
4.6938
24.9877
-8.08503
2.75758
-8.54278
5.05805
12.8649
-25.6005
-4.65006
2.91772
-13.8296
26.0749
20.4845
-7.97381
-0.0715154
10.6618
10.8619
-1.0049
7.54568
-8.73642
-1.6657
16.2344
20.7068
-5.26521
-7.00963
2.80895
5.39884
1.98594
-13.3682
4.36129
-9.09795
-10.2844
-0.611796
33.4734
-34.7364
-5.36078
-20.7051
