0
2.065
4.70039
2.32023
3.91032
1.06761
-8.41578
5.12134
-4.16404
-1.55518
-0.405761
2.61229
4.14214
-1.27538
2.27089
-11.2717
-3.63953
0.367347
0.744233
2.92828
7.67862
-4.30486
6.5075
-5.43684
-8.76563
4.98439
1.12358
-0.570978
-3.6063
6.94963
2.92546
-2.64026
2.53872
4.22994
-2.48311
-4.38744
0.094776
-3.64318
-1.18026
-2.01202
2.06451
-1.47968
2.71708
6.38295
2.50226
4.11444
-2.63719
-6.03387
-13.289
4.27342
5.22443
-0.492083
-7.4488
8.67705
-2.70763
5.64738
-0.698351
-0.13112
-3.84615
2.65065
-7.67987
-5.30441
0.812004
-5.38586
-0.0773556
4.52754
-0.542406
4.82828
9.31708
-2.53163
4.4807
0.415965
-0.214275
-4.20937
1.87483
-8.9296
7.25916
-0.243573
-4.49112
-5.13696
12.7239
7.08978
3.51014
-1.62202
-1.43316
-5.97245
-4.19073
1.1342
-1.34306
2.30696
0.673506
2.88649
1.09629
3.91455
4.27298
-4.89389
-2.81829
2.35029
-2.71358
-6.27983
4.82361
1.74272
-0.489466
-4.07251
8.33535
7.30663
-6.31308
5.11838
-6.29986
-5.39812
-0.751621
-1.57116
2.20707
8.7632
-2.02331
2.69452
-5.45753
-4.14351
-2.35038
1.84688
4.359
-6.14834
9.70934
-0.0268631
-2.91409
-3.32645
-5.70299
-2.92031
