0.999998
0.995373
0.981162
0.9575
0.92462
0.882831
0.832545
0.774234
0.708472
0.635877
0.557159
0.473055
0.384383
0.291963
0.196683
0.0994092
0.00105048
-0.0965201
-0.19383
-0.289191
-0.381698
-0.470493
-0.554744
-0.633632
-0.706419
-0.772393
-0.830932
-0.881463
-0.92351
-0.956658
-0.980597
-0.995089
-1
-0.995279
-0.980973
-0.957221
-0.924248
-0.882377
-0.832004
-0.773623
-0.707784
-0.635132
-0.556349
-0.472205
-0.383491
-0.291039
-0.195736
-0.0984463
-8.11573e-05
0.0974832
0.194778
0.290115
0.38259
0.471354
0.555547
0.634387
0.707102
0.773011
0.831469
0.881923
0.923879
0.956942
0.980785
0.995185
1
0.995185
0.980785
0.956942
0.923879
0.881923
0.831469
0.773011
0.707102
0.634387
0.555547
0.471354
0.38259
0.290115
0.194778
0.0974832
-8.11573e-05
-0.0984463
-0.195736
-0.291039
-0.383491
-0.472205
-0.556349
-0.635132
-0.707784
-0.773623
-0.832004
-0.882377
-0.924248
-0.957221
-0.980973
-0.995279
-1
-0.995089
-0.980597
-0.956658
-0.92351
-0.881463
-0.830932
-0.772393
-0.706419
-0.633632
-0.554744
-0.470493
-0.381698
-0.289191
-0.19383
-0.0965201
0.00105048
0.0994092
0.196683
0.291963
0.384383
0.473055
0.557159
0.635877
0.708472
0.774234
0.832545
0.882831
0.92462
0.9575
0.981162
0.995373
