-0.0117585
-0.0247349
0.00775201
0.0308662
0.0156285
0.0470183
0.0596328
0.0496638
0.0688492
0.0569649
0.0400692
0.0591928
0.0600884
0.0393301
0.0495908
0.0417944
0.0309927
0.0483626
0.0462175
0.0417564
0.0676755
0.0937867
0.10701
0.140578
0.143497
0.147696
0.179564
0.198027
0.195263
0.187518
0.179556
0.157632
0.138376
0.113856
0.0832855
0.0596078
0.0272862
-0.00981426
-0.0228468
-0.0538762
-0.0794175
-0.0907381
-0.108376
-0.131451
-0.116948
-0.144694
-0.143992
-0.135921
-0.132301
-0.116402
-0.118702
-0.107192
-0.103388
-0.088268
-0.0849523
-0.0451361
-0.0532494
-0.0386026
-0.0202724
-0.0164593
-0.00582652
-0.00704598
-0.00555548
-0.0112078
-2.02147e-05
-0.0137424
-0.0157948
-0.0132047
-0.0120816
-0.0255275
-0.0243074
-0.0424986
-0.0574515
-0.0828207
-0.0920451
-0.0816077
-0.0967911
-0.105745
-0.117121
-0.125711
-0.109924
-0.0926997
-0.0938623
-0.0600733
-0.0403755
-0.0133597
0.0138346
0.0330702
0.0514647
0.0826514
0.0998452
0.110322
0.122775
0.134928
0.158886
0.15812
0.180215
0.216727
0.228733
0.224942
0.241529
0.234055
0.240039
0.238542
0.183955
0.158933
0.133077
0.0990447
0.0512404
0.0299106
-0.00829612
-0.0343973
-0.0547529
-0.0989309
-0.114442
-0.104708
-0.150704
-0.163337
-0.150392
-0.163279
-0.153333
-0.153091
-0.156946
-0.140992
-0.117112
-0.14466
-0.147854
-0.118009
-0.105192
-0.0940525
-0.0800503
-0.0830793
-0.0596061
-0.0173506
-0.0205356
0.0166208
0.0367788
0.0421438
0.0615918
0.0854376
0.074176
0.0577107
0.0678912
0.0390443
0.0192928
0.0339818
-0.000315791
-0.0265597
-0.0361395
-0.0292189
-0.0389617
-0.0702778
-0.0880013
-0.094655
-0.0736027
-0.0529351
-0.0748226
-0.0754434
-0.0690112
-0.0592167
-0.0400659
-0.0500315
-0.0474179
-0.0180306
-0.0118818
0.00588398
0.00847735
0.0226606
0.0262055
0.0280902
0.0527703
0.0445511
0.0495434
0.0434858
0.0466433
0.0712496
0.0686377
0.0754173
0.0744449
0.0744176
0.117892
0.126145
0.131483
0.142813
0.154744
0.182122
0.20704
0.205814
0.204216
0.209659
0.219191
0.187859
0.171733
0.137389
0.103437
0.0911992
0.02372
-0.00960376
-0.0267796
-0.0763608
-0.10634
-0.105045
-0.134104
-0.165491
-0.169128
-0.185159
-0.19978
-0.183129
-0.181741
-0.175677
-0.152332
-0.165006
-0.147659
-0.129402
-0.136788
-0.109006
-0.0879568
-0.0772836
-0.0463791
-0.01779
-0.0128417
0.0063559
0.0183176
0.0232421
0.0612441
0.0665106
0.0589808
0.0808335
0.0863825
0.0654673
0.0638464
0.048562
0.0292086
0.0496955
0.0231902
-0.0141797
-0.0158656
-0.034394
-0.0926228
-0.0935976
-0.120139
-0.147809
-0.128889
-0.13099
-0.140856
-0.110059
-0.0689444
-0.0737933
-0.0382241
-0.0102187
-0.0217907
0.0256191
0.0388374
0.0570654
0.0925672
0.0906963
0.0782609
0.087279
0.0948442
0.101381
0.131041
0.143717
0.145103
0.171782
0.181073
0.176785
0.202651
0.235807
0.245539
0.253484
0.257777
0.265448
0.259655
0.229391
0.180866
0.136129
0.0908503
0.0431894
-0.00524649
-0.0477335
-0.0879638
-0.1284
-0.171812
-0.209811
-0.223052
-0.222265
-0.208242
-0.209234
-0.210589
-0.194778
-0.210788
-0.216804
-0.200034
-0.189459
-0.170476
-0.128052
-0.105431
-0.08575
-0.0624687
-0.0494583
-0.0534625
-0.0159233
-0.0111616
0.000697573
0.0111939
0.0100708
0.0421743
0.0499819
0.0480958
0.0495655
0.0535964
0.0672303
0.0724437
0.047564
0.0243989
-0.0126681
-0.0428916
-0.0741077
-0.106399
-0.147946
-0.177497
-0.169436
-0.179059
-0.168806
-0.158957
-0.177722
-0.138196
-0.115317
-0.0926469
-0.066936
-0.0451212
0.00886131
0.0214532
0.0457866
0.0706575
0.0610463
0.104237
0.134554
0.146458
0.170806
0.184027
0.188877
0.19297
0.218021
0.197038
0.192149
0.23965
0.253664
0.284446
0.30737
0.281856
0.295682
0.304192
0.253782
0.211016
0.162282
0.106753
0.0510769
0.00778771
-0.0737156
-0.148136
-0.155255
-0.216285
-0.235951
-0.220392
-0.253396
-0.256477
-0.250683
-0.270351
-0.262341
-0.245289
-0.240467
-0.214796
-0.161347
-0.14654
-0.122129
-0.0693143
-0.0512394
-0.0297676
-0.00407234
-0.026136
-0.0123928
0.0216364
0.0237631
0.0222197
0.0218594
0.0383363
0.0458496
0.0694662
0.0870346
0.0755011
0.0827764
0.0666026
0.0389036
0.00658682
-0.0358217
-0.0777032
-0.103511
-0.133006
-0.160779
-0.184592
-0.196296
-0.194087
-0.18626
-0.185004
-0.172779
-0.14307
-0.123547
-0.0852231
-0.0439365
-0.0289614
0.00921531
0.0466198
0.0649523
0.10362
0.153739
0.175639
0.1948
0.210553
0.21869
0.231118
0.236505
0.227554
0.242315
0.25344
0.245691
0.263485
0.283074
0.313978
0.317084
0.321233
0.317861
0.29864
0.270277
0.216233
0.163733
0.0911173
0.0279075
-0.0334698
-0.10229
-0.155475
-0.192695
-0.226437
-0.258891
-0.261137
-0.29613
-0.306362
-0.309264
-0.322791
-0.289089
-0.258809
-0.248857
-0.210725
-0.16055
-0.135836
-0.0843992
-0.0542655
-0.0405789
-0.00368332
0.00634852
-0.00277783
0.016274
0.0250435
0.00690459
0.0189451
0.0248568
0.0276549
0.0692545
0.0631564
0.0378618
0.0625554
0.0316452
-0.00372184
-0.0135269
-0.0664288
-0.0982652
-0.100844
-0.151909
-0.185673
-0.175869
-0.193465
-0.218531
-0.192023
-0.162217
-0.171546
-0.131207
-0.10398
-0.0893707
-0.0344929
-0.00384548
0.0187897
0.0692654
0.115579
0.138211
0.180821
0.209619
0.217935
0.247387
0.24809
0.252458
0.283951
0.287084
0.275792
0.272727
0.287802
0.285508
0.294778
0.311407
0.319452
0.323701
0.319955
0.30121
0.271413
0.234776
0.182894
0.127274
0.031861
-0.0276783
-0.0856962
-0.152667
-0.197188
-0.245445
-0.280967
-0.306561
-0.344231
-0.351911
-0.353588
-0.349426
-0.32551
-0.291062
-0.248515
-0.215574
-0.165955
-0.122707
-0.0849624
-0.022055
-0.0146515
-0.00130745
0.0112058
0.026188
0.0235575
0.00640389
0.00773591
0.00938239
0.0127682
0.0387255
0.0384728
0.0205535
0.0189424
0.0125833
-0.00615104
-0.0365039
-0.0652988
-0.114463
-0.133986
-0.149641
-0.19709
-0.213072
-0.229659
-0.231787
-0.211491
-0.208425
-0.189706
-0.164694
-0.140783
-0.0842497
-0.0575078
-0.00592001
0.0347447
0.0590872
0.12097
0.158235
0.176961
0.205958
0.245005
0.252818
0.2493
0.273482
0.265832
0.279511
0.323829
0.3039
0.300882
0.331298
0.305012
0.306427
0.323357
0.317801
0.318784
0.322674
0.304263
0.257802
0.241346
0.175518
0.104806
0.0649487
-0.037046
-0.114004
-0.173667
-0.248855
-0.297487
-0.32318
-0.373924
-0.408356
-0.380322
-0.373913
-0.362822
-0.319016
-0.285037
-0.228422
-0.15462
-0.132159
-0.0876991
-0.0256479
-0.0136314
0.0175663
0.0401654
0.0503215
0.0390148
0.0458649
0.0437266
0.028857
0.031081
0.014402
0.00535429
0.00702631
0.00156404
-0.0313082
-0.0585774
-0.0853561
-0.121669
-0.140489
-0.162877
-0.197298
-0.219849
-0.223166
-0.221168
-0.225609
-0.208174
-0.193558
-0.168837
-0.137314
-0.0954079
-0.0553344
-0.0294112
0.0103283
0.0535081
0.104888
0.145763
0.179605
0.195518
0.216218
0.237696
0.23561
0.240184
0.241256
0.248258
0.255005
0.269729
0.256111
0.260388
0.281288
0.280601
0.290524
0.300045
0.299588
0.306333
0.337842
0.329068
0.306998
0.278408
0.238739
0.188032
0.123487
0.0303279
-0.0527536
-0.156955
-0.225948
-0.28821
-0.348729
-0.396369
-0.402416
-0.42281
-0.408752
-0.359857
-0.346551
-0.296166
-0.233062
-0.171217
-0.100274
-0.0606842
-0.0380041
-0.00248441
0.0293595
0.0338446
0.053126
0.0454707
0.00851238
0.0199003
0.00577953
-0.0289383
-0.0144422
-0.0188889
-0.0412043
-0.0323746
-0.0621063
-0.0906191
-0.100657
-0.156111
-0.192279
-0.202086
-0.237175
-0.275601
-0.273434
-0.266451
-0.271299
-0.19926
-0.171625
-0.146455
-0.0829587
-0.0435972
0.00107959
0.0622874
0.115273
0.12794
0.166678
0.210573
0.208903
0.229549
0.232881
0.190901
0.21095
0.215881
0.200306
0.205328
0.205953
0.218946
0.233827
0.233543
0.243511
0.249882
0.283241
0.294146
0.298592
0.311015
0.316116
0.34948
0.342006
0.329011
0.290065
0.250683
0.205991
0.111248
0.0102458
-0.0764245
-0.174949
-0.245374
-0.306353
-0.372755
-0.411447
-0.435372
-0.407638
-0.384754
-0.348034
-0.299389
-0.267617
-0.193879
-0.13955
-0.0698424
-0.0346014
-0.0194884
0.00256937
0.0183657
0.0320842
0.0200991
-0.0081103
-0.0193202
-0.0217856
-0.0369129
-0.0458131
-0.0797861
-0.0979398
-0.0977944
-0.113787
-0.139663
-0.1559
-0.178162
-0.220975
-0.23538
-0.245793
-0.264335
-0.263567
-0.258013
-0.243927
-0.200861
-0.145003
-0.108106
-0.0691398
-0.0177758
0.0439833
0.0923011
0.116248
0.152872
0.167894
0.190235
0.207986
0.203357
0.206617
0.210127
0.177289
0.156574
0.178941
0.166572
0.170817
0.193326
0.198778
0.211958
0.252639
0.250091
0.249342
0.301381
0.310333
0.314118
0.358733
0.383356
0.390447
0.387576
0.350946
0.299693
0.261312
0.165836
0.0516182
-0.0578387
-0.159508
-0.236247
-0.314611
-0.408832
-0.470594
-0.459766
-0.455599
-0.424391
-0.359453
-0.313355
-0.251306
-0.167251
-0.116373
-0.0545888
0.0167825
0.0263417
0.0473511
0.0737989
0.0536072
0.0341542
0.00163286
-0.0366195
-0.0442251
-0.0558217
-0.0910622
-0.132514
-0.133766
-0.134477
-0.168771
-0.176607
-0.189194
-0.22817
-0.239465
-0.239701
-0.242919
-0.242878
-0.232282
-0.218901
-0.220276
-0.163554
-0.10244
-0.0690704
-0.000365517
0.0442558
0.0769522
0.125067
0.156344
0.157364
0.170835
0.182771
0.19287
0.174493
0.17097
0.152704
0.127213
0.13849
0.137494
0.137138
0.151448
0.182592
0.192258
0.224166
0.243256
0.239746
0.245775
0.268446
0.294153
0.325121
0.361466
0.390935
0.420146
0.442485
0.41473
0.3636
0.320447
0.237124
0.1129
-0.0077151
-0.141261
-0.247907
-0.364087
-0.43727
-0.476816
-0.530023
-0.501
-0.432232
-0.372904
-0.273634
-0.181446
-0.124107
-0.0492217
0.0272506
0.0544164
0.0710384
0.0844583
0.0546878
0.0451426
0.0239182
-0.0448767
-0.0750366
-0.0950696
-0.13796
-0.117792
-0.155639
-0.18325
-0.163115
-0.182558
-0.215429
-0.227635
-0.255789
-0.294508
-0.266716
-0.259541
-0.260456
-0.21526
-0.195024
-0.180107
-0.0816727
-0.043565
-0.00420032
0.0664507
0.110658
0.133499
0.149743
0.163139
0.126811
0.126616
0.141554
0.105377
0.112034
0.115154
0.0904136
0.112047
0.118094
0.115004
0.150048
0.192095
0.235675
0.256556
0.27665
0.283546
0.286825
0.316603
0.290614
0.298438
0.315473
0.347563
0.409648
0.444048
0.478908
0.480896
0.432791
0.376409
0.28257
0.154926
0.00986719
-0.161247
-0.303432
-0.424223
-0.513494
-0.569352
-0.593378
-0.553198
-0.460584
-0.334926
-0.212825
-0.107967
-0.0099304
0.0637703
0.128767
0.143262
0.146977
0.12397
0.0555743
0.00543272
-0.0553617
-0.12355
-0.161473
-0.202627
-0.214215
-0.184721
-0.184873
-0.198583
-0.200155
-0.202857
-0.214649
-0.231977
-0.270104
-0.317222
-0.310862
-0.300192
-0.277646
-0.216793
-0.199927
-0.15225
-0.0767065
0.00250585
0.0658914
0.102598
0.152232
0.16149
0.149338
0.140536
0.109728
0.0628848
0.0518374
0.0633631
0.0363565
0.0340938
0.0433032
0.0488891
0.0707309
0.112212
0.126415
0.164974
0.23261
0.246054
0.284133
0.300006
0.274746
0.251351
0.295417
0.302661
0.319791
0.365142
0.377203
0.427804
0.518722
0.526854
0.463132
0.413698
0.332018
0.214982
0.0737179
-0.140431
-0.336746
-0.444911
-0.540488
-0.574425
-0.585508
-0.562909
-0.451055
-0.288753
-0.153816
-0.0448627
0.0618848
0.107567
0.160677
0.202938
0.145896
0.0579059
-0.0157987
-0.0935239
-0.133602
-0.175674
-0.238837
-0.26806
-0.242719
-0.189175
-0.170038
-0.164626
-0.185344
-0.192646
-0.194817
-0.215179
-0.269136
-0.316557
-0.329695
-0.319023
-0.265522
-0.221922
-0.172459
-0.120506
-0.0132405
0.0806866
0.123829
0.143773
0.140548
0.138116
0.1287
0.0824311
0.0147416
-0.0353054
-0.0110122
0.00104544
0.000735044
0.0225782
0.0255811
0.0751815
0.128737
0.166857
0.165935
0.185238
0.233066
0.254858
0.263967
0.264383
0.234981
0.249452
0.288449
0.318835
0.342741
0.353445
0.405463
0.446069
0.519082
0.537892
0.483061
0.425812
0.324484
0.211191
0.0312305
-0.18241
-0.360847
-0.489313
-0.539289
-0.554598
-0.560992
-0.488512
-0.359959
-0.207042
-0.05283
0.053101
0.105376
0.157803
0.197761
0.159719
0.0855978
0.00637914
-0.0997812
-0.164017
-0.192217
-0.257255
-0.255257
-0.2659
-0.237257
-0.168382
-0.153101
-0.183174
-0.192713
-0.217839
-0.24918
-0.251297
-0.307092
-0.366509
-0.34963
-0.308903
-0.267091
-0.176096
-0.113864
-0.0507602
0.0614054
0.126228
0.122174
0.129948
0.095955
0.0464613
0.0289968
-0.0059787
-0.0656847
-0.0673092
-0.0293023
0.00321539
0.0655575
0.0892976
0.0952416
0.138299
0.184403
0.172533
0.155401
0.159717
0.164282
0.200147
0.232687
0.247517
0.267388
0.320579
0.367516
0.409016
0.420949
0.418538
0.433756
0.445729
0.463212
0.44517
0.408616
0.353545
0.288508
0.202832
0.0624232
-0.104554
-0.258638
-0.368139
-0.435417
-0.471769
-0.489494
-0.464689
-0.354331
-0.218784
-0.0925799
0.00286331
0.0769075
0.143219
0.185393
0.169775
0.104486
0.0197557
-0.0662155
-0.118869
-0.194985
-0.27612
-0.294909
-0.306408
-0.288936
-0.242021
-0.224536
-0.228836
-0.218237
-0.227492
-0.23929
-0.26607
-0.309367
-0.322916
-0.315255
-0.285883
-0.248282
-0.186199
-0.106325
-0.0332345
0.0535626
0.108831
0.104494
0.100605
0.0865353
0.0438756
-0.0181611
-0.0638292
-0.0752175
-0.0963328
-0.0588736
-0.00563255
0.0234518
0.0825326
0.129583
0.147211
0.177435
0.186414
0.146621
0.139472
0.179496
0.20606
0.229314
0.26737
0.288457
0.337246
0.410325
0.401926
0.377381
0.407263
0.404054
0.369245
0.365914
0.328133
0.343545
0.38185
0.333377
0.252598
0.180587
0.0552106
-0.0718949
-0.20545
-0.353075
-0.449433
-0.474041
-0.457655
-0.405105
-0.311644
-0.196911
-0.0734693
0.0561468
0.138137
0.19158
0.193458
0.118543
0.0622323
-0.0109099
-0.131224
-0.2283
-0.297396
-0.324041
-0.321382
-0.29617
-0.266493
-0.245885
-0.192185
-0.165392
-0.186602
-0.206159
-0.257789
-0.298766
-0.318168
-0.319647
-0.309734
-0.286645
-0.216576
-0.124966
-0.0291641
0.0450669
0.0872523
0.113649
0.108344
0.0915198
0.0312633
-0.0484685
-0.0979212
-0.122424
-0.115604
-0.0740813
-0.0292468
0.0390076
0.118548
0.177105
0.213152
0.210902
0.194939
0.170836
0.141368
0.140195
0.141632
0.184
0.2452
0.281752
0.347427
0.401504
0.425543
0.414835
0.40304
0.396578
0.356604
0.323266
0.284864
0.256497
0.300815
0.301619
0.264843
0.190633
0.118338
0.0668544
-0.0514746
-0.190186
-0.334294
-0.402468
-0.404803
-0.383999
-0.361021
-0.291197
-0.171397
-0.0222133
0.101815
0.162883
0.15562
0.146656
0.14395
0.0362836
-0.0746309
-0.197661
-0.312192
-0.328338
-0.327972
-0.34605
-0.343363
-0.294737
-0.217968
-0.166261
-0.155436
-0.198167
-0.214528
-0.228042
-0.290923
-0.314784
-0.340496
-0.34125
-0.256286
-0.16331
-0.103142
-0.0235041
0.0470774
0.0925233
0.124437
0.112047
0.0274305
-0.0315446
-0.0654493
-0.105851
-0.109027
-0.108468
-0.0945651
-0.000831495
0.09516
0.140199
0.16256
0.179764
0.194537
0.206924
0.173743
0.129082
0.122508
0.180243
0.256103
0.305999
0.344864
0.375753
0.406455
0.42596
0.407361
0.351594
0.292724
0.264202
0.245659
0.242528
0.259047
0.29556
0.337225
0.381277
0.342025
0.240367
0.107192
-0.0323329
-0.164634
-0.320246
-0.434102
-0.475095
-0.460325
-0.369368
-0.241751
-0.110423
0.0371466
0.155834
0.21692
0.209501
0.148489
0.0475447
-0.076021
-0.197216
-0.307857
-0.361717
-0.383012
-0.365209
-0.297748
-0.24138
-0.194136
-0.142304
-0.143418
-0.154631
-0.19427
-0.277414
-0.361234
-0.395825
-0.395374
-0.368787
-0.315203
-0.245337
-0.117393
-0.00175785
0.0723442
0.0968492
0.103545
0.0845819
0.0505223
-0.033358
-0.130805
-0.165513
-0.185722
-0.131188
-0.0787349
-0.0159602
0.0798762
0.169865
0.223714
0.228583
0.215233
0.169779
0.129377
0.116062
0.0776095
0.0816366
0.166033
0.228521
0.331135
0.408785
0.422644
0.418367
0.413524
0.381259
0.288181
0.245043
0.196976
0.172582
0.227564
0.24017
0.309156
0.421737
0.434205
0.404626
0.302486
0.135384
-0.0398776
-0.200148
-0.364876
-0.49311
-0.511836
-0.476888
-0.385082
-0.231239
-0.0834402
0.0768107
0.217393
0.24903
0.246457
0.155332
0.0193417
-0.110969
-0.24395
-0.34902
-0.413043
-0.405792
-0.361292
-0.296431
-0.219879
-0.176479
-0.156953
-0.138059
-0.188129
-0.256708
-0.329548
-0.397134
-0.420755
-0.400114
-0.345891
-0.280316
-0.179641
-0.0654609
0.0213198
0.0944997
0.107711
0.0890953
0.0462171
-0.0276712
-0.108594
-0.17713
-0.202272
-0.161192
-0.0977947
-0.00502237
0.0780482
0.147628
0.217567
0.221742
0.19819
0.164649
0.116343
0.0663814
0.0382544
0.0581214
0.0992193
0.183408
0.283705
0.376829
0.453109
0.457178
0.445682
0.399023
0.314349
0.237767
0.145521
0.0988038
0.117394
0.174716
0.22873
0.329226
0.443103
0.526257
0.523782
0.401661
0.238167
0.0575419
-0.121333
-0.319136
-0.479908
-0.523957
-0.482642
-0.394101
-0.266452
-0.0966101
0.0656317
0.206818
0.246975
0.209041
0.138187
0.00941104
-0.146301
-0.256855
-0.331775
-0.384547
-0.35442
-0.295155
-0.240925
-0.177048
-0.140266
-0.160947
-0.166895
-0.184739
-0.279777
-0.364619
-0.4081
-0.425558
-0.392874
-0.335784
-0.280341
-0.159474
-0.0477473
-0.00653199
0.0386127
0.0294554
0.00218442
-0.0301573
-0.0718445
-0.143397
-0.175111
-0.134232
-0.0805996
0.0169308
0.103746
0.136142
0.171167
0.189443
0.15557
0.113249
0.0582256
0.0241228
0.0243509
0.0400059
0.0694077
0.163671
0.285054
0.407474
0.482579
0.506999
0.489365
0.429755
0.335369
0.216434
0.138892
0.119684
0.129355
0.161048
0.226178
0.322806
0.44165
0.524958
0.543609
0.510963
0.39619
0.225312
0.0186328
-0.192015
-0.376172
-0.471126
-0.486706
-0.422895
-0.295375
-0.156707
-0.00118169
0.145777
0.239031
0.216582
0.146866
0.0397688
-0.0849198
-0.181962
-0.287382
-0.343775
-0.311909
-0.28705
-0.241293
-0.203725
-0.203607
-0.198791
-0.210774
-0.251354
-0.296298
-0.331583
-0.379893
-0.384672
-0.349404
-0.304522
-0.240777
-0.166282
-0.118971
-0.0687665
-0.0419723
-0.0559896
-0.0648912
-0.0871223
-0.104798
-0.100783
-0.107252
-0.100473
-0.0559169
-0.0144724
0.0371759
0.0701436
0.0802916
0.0788967
0.0971528
0.076333
0.0574745
0.0629815
0.0448482
0.0745892
0.129568
0.168088
0.233675
0.320408
0.378909
0.426018
0.442137
0.392705
0.294611
0.242124
0.159735
0.130316
0.172975
0.163486
0.221629
0.32127
0.402045
0.454401
0.466037
0.429195
0.418059
0.384932
0.243099
0.0517878
-0.0874388
-0.207304
-0.27829
-0.324952
-0.373795
-0.316246
-0.189132
-0.101861
-0.0473704
-0.000247941
0.025389
0.0603126
0.0480671
-0.00444087
-0.103767
-0.14465
-0.173879
-0.186256
-0.209676
-0.287968
-0.299969
-0.277746
-0.272958
-0.292748
-0.297352
-0.313313
-0.281891
-0.248729
-0.273072
-0.306453
-0.279819
-0.21294
-0.163268
-0.150753
-0.16767
-0.134204
-0.100945
-0.0967812
-0.101589
-0.111438
-0.0923865
-0.0539856
-0.0316469
-0.00834545
0.00755482
0.039216
0.0766415
0.102524
0.0806682
0.0695008
0.0576264
0.0544833
0.0614511
0.0469818
0.0456392
0.0944259
0.168799
0.223918
0.268369
0.304527
0.365193
0.395933
0.37358
0.310906
0.24532
0.187451
0.172292
0.163686
0.155237
0.206283
0.267352
0.323443
0.369387
0.365258
0.352725
0.356302
0.367411
0.329652
0.217431
0.100693
-0.0301934
-0.147291
-0.225623
-0.314938
-0.355259
-0.312795
-0.218269
-0.153643
-0.104466
-0.048806
-0.00347969
0.0518209
0.0374907
-0.037077
-0.0686432
-0.120831
-0.180601
-0.214022
-0.26703
-0.304083
-0.290114
-0.266789
-0.271081
-0.268331
-0.254462
-0.258803
-0.243295
-0.244193
-0.279108
-0.27444
-0.247919
-0.241653
-0.201389
-0.169385
-0.156637
-0.112932
-0.0833125
-0.0863666
-0.068394
-0.0613692
-0.0874919
-0.0805258
-0.0545762
-0.0670826
-0.0330661
-0.0168694
-0.0041225
0.0475333
0.0623452
0.0711789
0.0784023
0.0858213
0.093208
0.0886766
0.100032
0.120863
0.15104
0.182367
0.217965
0.288364
0.339413
0.370961
0.370534
0.322866
0.300176
0.244101
0.198565
0.163701
0.155434
0.21046
0.248857
0.299123
0.343295
0.357706
0.382027
0.3953
0.388726
0.348839
0.237204
0.100203
-0.017252
-0.118219
-0.228126
-0.301858
-0.31101
-0.276144
-0.190766
-0.125942
-0.104118
-0.0334097
0.0137508
0.00831518
-0.0220781
-0.0909725
-0.108028
-0.133984
-0.167258
-0.199025
-0.223849
-0.250168
-0.274619
-0.274437
-0.291432
-0.31284
-0.305969
-0.298962
-0.285912
-0.253698
-0.255299
-0.242204
-0.218296
-0.197475
-0.186699
-0.210096
-0.20157
-0.17492
-0.153137
-0.142957
-0.130903
-0.0807561
-0.0480194
-0.0284826
-0.0206214
-0.0102701
0.0165387
0.0140366
0.00652166
0.0331691
0.0376436
0.0518328
0.077125
0.0822076
0.1064
0.12708
0.115724
0.111887
0.146973
0.142974
0.143137
0.20759
0.259544
0.322179
0.367428
