0
0.195477
0.0635428
0.419881
0.697942
0.419691
0.263921
0.648738
1.08361
1.25498
2.39002
4.03201
8.86973
-50.051
-10.2501
-5.86378
-3.45115
-2.52862
-0.990658
0.0366182
0.70928
1.32526
-0.185079
-2.48303
-6.82156
-12.5571
49.5019
-12.2858
3.48794
3.38587
1.63201
0.884808
-1.29383
-2.65583
-2.59215
-0.176928
0.914539
0.174135
0.711539
-7.87662
-20.0672
-7.70216
-3.49953
-2.43956
-2.59338
-2.87371
-2.35578
-1.51118
-0.268354
-0.572251
-5.99359
-4.59701
4.16467
6.84019
1.90413
2.42186
2.47838
1.78897
1.74861
2.10791
1.20027
1.7201
1.59599
2.53284
3.27165
4.74693
-1.1786
-3.35043
-2.53561
-2.34796
-1.83415
-1.68365
-1.33559
-1.37597
-1.63369
-1.16129
-1.58047
-1.82306
-2.22336
-0.56698
-0.465661
-0.594062
-0.513622
-0.504406
-0.528859
-0.381182
-0.336008
-0.287769
-0.395234
-0.215306
0.233814
-0.0958722
-1.09829
-0.854821
-0.693768
-0.608504
-0.569539
-0.437117
-0.478731
-0.449052
-0.455672
-0.320742
-0.287816
-0.551008
-0.184957
-0.088183
-0.258937
-0.280476
-0.350618
-0.300821
-0.264644
-0.377097
-0.317206
-0.251902
-0.232591
-0.369109
-0.269549
-0.516589
-0.332191
-0.263456
-0.283134
-0.290139
-0.311562
-0.283614
-0.256098
-0.240548
-0.214819
-0.305082
-0.256203
-0.24251
-0.102993
-0.177895
-0.215618
-0.187971
-0.22837
-0.176142
-0.17504
-0.241941
-0.230531
-0.255435
-0.170832
-0.201841
-0.302597
-0.312027
-0.251529
-0.237166
-0.223763
-0.196639
-0.236381
-0.201848
0.0304117
-0.1987
-0.254146
-0.225291
-0.172498
-0.141581
-0.151888
-0.182868
-0.179521
-0.187847
-0.198999
-0.209406
-0.240442
-0.210422
-0.188383
-0.151896
-0.258147
-0.188225
-0.293972
-0.235285
-0.0598286
-0.165301
-0.172897
-0.18769
-0.120954
-0.105786
-0.0870268
-0.164016
-0.269456
-0.0118452
-0.223452
-0.17882
-0.569604
-0.352592
0.014194
0.0686549
-0.189517
-0.306626
-0.29584
-0.262652
-0.0530462
0.0285366
-0.151739
-0.234359
-0.481934
-0.292699
0.261951
0.575825
0.20379
0.0690926
-0.0861299
-0.00605536
-0.0289011
0.00554574
-0.0640146
0.0923698
0.0253447
0.238284
0.0345296
-0.223105
-0.666195
-0.116953
-0.0507234
-0.112547
-0.0194045
-0.120918
-0.126584
-0.0996071
-0.0490378
-0.0799401
-0.112339
-0.0525643
-0.0769166
-0.0963546
-0.097236
-0.073203
-0.0835328
-0.0511459
-0.0370166
0.2168
-0.0540037
0.00870633
-0.0452081
0.0121143
-0.138891
-0.062022
0.017687
0.0322299
-0.0798386
-0.0410601
0.0127569
0.022045
-0.469189
0.0741112
-0.177366
0.0592316
-0.100428
-0.0524921
-0.0554287
-0.0824194
-0.0662522
-0.067263
-0.0397946
-0.0768785
-0.052441
-0.0471311
-0.0819064
-0.0647527
-0.057055
-0.0370959
-0.0710554
-0.0514534
-0.0483804
-0.0178567
-0.06591
-0.0551838
-0.0396801
-0.0618523
-0.0498379
-0.0454969
-0.0170035
-0.0570016
-0.0587387
-0.0363306
-0.0685291
-0.0418024
-0.0494967
-0.0295771
-0.0211935
-0.0310392
-0.0236938
-0.063589
-0.0436454
-0.00844705
-0.00628924
-0.0716921
-0.0212827
-0.15059
-0.0593448
0.0856171
-0.0274326
0.0252348
-0.0510467
-0.0308249
-0.037594
-0.0133106
-0.070309
-0.036829
-0.0265808
-0.0569326
0.0494324
-0.0267605
0.0224705
-0.0438839
-0.0395464
-0.0169559
-0.0559493
-0.0209029
-0.0176352
-0.00544363
-0.014598
-0.0309372
-0.00945497
-0.0650313
-0.0204289
-0.0105166
-0.00537449
-0.0117412
-0.0191489
-0.0374792
-0.13059
-0.0629636
-0.0532898
-0.00186235
-0.0658206
0.0042603
0.0539118
0.067018
0.266309
-0.0725976
0.00101608
-0.0701238
-0.11216
0.384879
0.0292308
-0.0119519
0.0666754
0.454325
-0.0778713
-0.0557064
0.0237187
-0.0213224
-0.0583605
-0.0400447
-0.00895607
0.0354747
-0.0288244
0.012638
0.0758539
-0.0541005
0.753717
0.0132612
-0.0699229
-0.0430498
-0.0755876
0.180352
-0.0646061
-0.00306076
-0.0224062
0.0334845
0.0126783
0.0232418
0.0019851
0.056102
-0.0629933
-0.0223013
0.0230894
-0.0312847
0.00155252
0.029261
-0.144449
-0.0171297
-0.0179374
0.0254407
-0.00843602
0.039071
0.0956517
-0.053475
-0.0182561
0.000228941
0.0287148
-0.0131615
0.0133786
0.0311565
-0.0439973
-0.0165259
-0.00425726
0.0246869
-0.0178532
0.0218208
0.0131717
0.0610731
-0.0525739
-0.0380689
0.0296686
-0.0275296
0.0135706
0.0297482
0.0500644
0.0286352
-0.00583494
0.0162965
0.0650982
0.00980863
0.0645262
0.0545729
-0.0377454
0.030641
0.0564268
0.019088
0.0182307
0.0405836
0.0246132
-0.0103753
-0.00390702
0.346314
0.0268416
0.0410311
-0.0797071
0.0637327
-0.0988512
0.0121502
0.0408314
-0.00735512
-0.00168906
0.0205988
0.0606163
-0.00951725
0.00723627
0.00763294
0.05734
0.0279113
0.025538
0.0532237
-0.00798523
-0.0288068
0.00941262
-0.0108012
0.0209318
0.0499573
0.0659831
-0.041487
0.0115161
0.0333264
0.0451369
0.054731
0.0219393
0.0633105
0.0225415
-0.0134525
0.0301399
0.0347492
0.0299806
0.0498233
0.0764434
0.0670739
0.0125567
0.0125086
0.0214401
0.0194093
0.0719466
0.0930943
0.0596259
-0.0138159
0.0144885
0.0400864
0.0263179
0.031569
0.0887724
0.0566066
0.00716384
0.0303636
0.0386637
0.0175486
0.0293208
0.0417248
0.0912269
-0.00782359
0.0253773
0.0485243
0.021493
0.0454874
0.0504076
0.0590985
0.00595635
0.0276793
0.0364653
0.0583225
0.0322742
0.0439678
0.0706228
0.010451
0.0270089
0.034838
0.0574208
0.035237
0.0474852
0.0743021
0.00234282
0.023714
0.0368035
0.0545555
0.0468598
0.0644109
0.0716454
0.0008789
0.0217462
0.0379202
0.0553513
0.0428671
0.0620412
0.0721406
0
0.0223793
0.0366236
0.0559288
0.0442249
0.0620025
0.071573
0.0841361
0.0240493
0.0363539
0.0547694
0.0401179
0.0622545
0.0708144
0.0838054
0.0191331
0.0454984
0.0573308
0.033866
0.0645782
0.0582021
0.0812141
0.0200473
0.0473797
0.0529031
0.0605569
0.0680597
0.0712583
0.0941476
0.00979346
0.0386489
0.0161573
0.0526319
0.0630004
0.073442
0.0853316
0.0186325
0.0308731
0.0528208
0.0685226
0.069478
0.0776998
0.0994586
-0.00384259
0.039132
0.0598018
0.0635463
0.0611244
0.117135
0.116107
0.0259972
0.0305073
0.0620712
0.0709966
0.0961155
0.0730987
0.0852287
0.0186496
0.0513861
0.0593818
0.066878
0.0584928
0.0911884
0.107159
-0.0225415
0.0337476
0.0685067
0.0622292
0.0735114
0.0633485
0.0881073
0.0979918
0.0172551
0.0513829
0.0792447
-0.0524158
0.0715582
0.121197
0.069952
0.07903
0.0729548
0.073951
0.0580198
0.0864042
0.0773957
0.0963994
0.0367532
0.0748811
0.0877936
0.0789135
0.0602641
0.094382
0.119003
0.00659418
0.0290208
0.0704162
0.071656
0.0387874
0.109033
0.0858532
0.196719
0.0819147
0.0914663
0.084787
0.071138
0.202933
0.10887
0.048527
0.032815
0.0977588
0.0805776
0.0686691
0.072047
0.218892
0.0244546
0.0749105
0.066178
0.0707211
0.0672281
0.0890205
0.101055
0.0500563
0.0592953
0.0676793
0.068167
0.0756716
0.0865993
0.0957413
0.0439973
0.0614108
0.0736538
0.0826892
0.0729171
0.0918965
0.100113
0.0895939
0.0452136
0.0737383
0.0880828
0.0803407
0.0794708
0.168419
0.0926003
0.0627762
0.0831524
0.0683665
0.0695711
0.0783048
0.0496088
0.173605
0.0263158
0.0593219
0.0752983
0.085498
0.164686
0.0846392
0.0724983
0.229353
-0.0161201
0.052651
0.0669264
-0.0164521
-0.243891
0.139592
0.0536473
0.179306
0.306993
0.0112978
0.0780041
0.0541631
0.0725526
0.0540692
0.0818088
0.0617428
0.0372422
-0.583703
0.144335
0.117984
0.0902873
-0.0696001
0.152976
0.0997211
0.0532422
0.0873098
0.389637
0.0317422
0.0747409
0.147892
0.349622
0.0917827
0.100603
0.0951573
0.129436
0.00436747
0.0550817
0.138511
0.0853174
0.148406
0.13042
0.0712844
0.0495776
0.118393
0.115201
0.119416
0.119906
0.10537
0.0981698
0.0728321
0.1064
0.109498
0.121763
0.107743
0.108802
0.108715
0.0554864
0.114999
0.15504
0.116611
0.0982442
0.0966529
0.112004
0.0667801
0.105654
0.0576198
0.116383
0.126118
0.131189
0.121516
0.102069
0.13788
0.111736
0.10041
0.11716
0.109052
0.0724071
0.0531721
0.118362
0.101337
0.119383
0.118765
0.0650621
0.136879
0.0727259
0.118269
0.08189
0.113978
0.130321
0.118568
0.108032
0.0763043
0.120907
0.119207
0.123952
0.128423
0.110704
0.117334
0.0819064
0.123511
0.120124
0.123128
0.128813
0.107823
0.122199
0.0694447
0.116948
0.125953
0.123165
0.0399131
0.187682
-0.0210445
0.456912
0.0416993
-0.00763249
0.105357
0.134563
0.0590454
0.0617236
0.131222
0.185403
0.0354767
0.217949
0.087502
0.15593
-0.0146157
0.117759
0.165804
0.06673
0.146947
0.152517
0.213459
0.146998
0.118773
0.214917
0.142122
0.130139
0.0595902
0.164451
0.26353
-0.00329977
0.0816677
0.152493
0.176906
0.0360817
0.135443
-0.0964693
0.114713
0.0950661
0.0196079
0.175733
0.088041
-0.147895
0.147623
0.228368
0.140334
-0.0969357
-0.00941628
0.270552
0.93285
0.52476
0.113771
0.293341
0.116451
0.281705
0.362488
0.412736
0.293465
0.0385011
-0.0153116
0.124812
0.539883
0.481929
-0.0246513
0.223224
-0.137764
0.207563
0.218355
0.0866771
0.155258
0.150385
0.228025
0.123411
0.142976
0.128521
0.330372
0.347898
0.202786
0.253602
0.0427017
0.119575
0.243481
0.235148
0.217435
0.185146
0.191047
0.103615
0.103166
0.164759
0.169561
0.22594
0.182042
0.19591
0.172776
0.180111
0.276532
0.309081
0.248305
0.159285
0.249321
0.26806
0.197597
0.288778
0.154146
0.199324
0.172604
0.231475
0.0255421
0.110762
0.212786
0.238442
0.242603
0.150778
0.189412
0.0529335
0.297272
0.256203
0.345136
0.283818
0.209675
0.305398
0.132618
0.243931
-0.00406265
0.321711
0.337712
0.345357
0.496483
-0.074304
0.323994
-0.136289
0.239888
0.320062
0.219294
0.296589
0.182169
0.215011
-0.109961
0.25939
0.138214
0.363283
0.690448
0.153823
0.271682
0.0210943
0.471804
0.531514
0.267653
0.551325
0.231913
0.47466
-0.112636
0.726146
-0.220833
-0.361109
0.126411
0.30194
0.256841
-0.000337124
0.427528
0.603258
0.505312
0.667245
0.602938
0.670378
0.391356
2.28621
1.53976
0.534276
0.466938
0.00894332
0.194793
-0.858959
0.959811
1.57726
0.0440197
0.421347
-2.23696
-4.67156
-6.53594
-4.03354
-2.78644
-0.958569
-1.1673
0.0996616
-1.32575
0.362525
-0.61704
-2.49921
-1.3019
-1.49304
-1.64531
4.92051
6.60012
7.12262
1.01707
1.18603
2.54487
3.31472
4.24418
2.74354
3.98689
4.42213
8.08336
16.8606
-9.26994
-5.67018
-3.30999
-3.91636
-0.253356
0.529483
1.29196
-0.929702
-2.42906
-3.97445
-6.92418
-3.74811
5.20037
-45.957
22.3326
9.09406
4.33511
2.03131
-1.11762
0.515366
1.09131
2.30273
4.05085
4.45913
7.8732
10.9606
35.6064
-16.2381
-10.4425
-5.03486
-3.45405
-2.86862
-0.710891
-1.90299
-1.25936
-2.08909
-1.43487
-1.30153
-1.47502
