-0.0298046
0.0155558
0.0104281
0.0368012
0.0281949
0.0137861
0.0430726
0.0559745
0.0491529
0.0457617
0.0322806
0.04503
0.0469797
0.0504085
0.0412991
0.0206121
0.0290099
0.0201345
0.0207723
0.0208426
0.0221318
0.0640558
0.072766
0.109903
0.0989714
0.0538366
0.102994
0.124978
0.122309
0.101598
0.0960913
0.110189
0.0899184
0.0778014
0.0452043
0.0136381
0.00918126
-0.0467056
-0.0237871
-0.0538777
-0.0983347
-0.0772335
-0.0797699
-0.144964
-0.104778
-0.118417
-0.109607
-0.101497
-0.106394
-0.0925458
-0.133957
-0.0754143
-0.0897177
-0.0630298
-0.0822785
-0.0568177
-0.035208
-0.0354027
-0.0342493
-0.0122856
-0.0213801
-0.0317578
-0.00455113
-0.0111384
0.00529889
-0.0145999
0.0111517
0.0150051
0.0204313
-0.0161598
-0.0277238
-0.0120257
-0.00730505
-0.0345687
-0.0349558
-0.0690321
-0.0636217
-0.0493599
-0.0663305
-0.0665132
-0.0877107
-0.0334872
-0.053319
-0.0177852
-0.00273726
-0.0145516
0.0166425
0.0398812
0.0515011
0.0720078
0.074213
0.089223
0.09828
0.103086
0.114947
0.100546
0.129492
0.123565
0.14609
0.135528
0.122958
0.170495
0.158795
0.155993
0.136928
0.112081
0.0731801
0.070933
0.0121868
-0.0148317
-0.0110713
-0.0214079
-0.0489941
-0.0546649
-0.0885264
-0.0824766
-0.097883
-0.113553
-0.109736
-0.109819
-0.115036
-0.116155
-0.108038
-0.1223
-0.116801
-0.132062
-0.110134
-0.102283
-0.06258
-0.0388074
-0.0756537
-0.0570389
-0.0395928
-0.0341763
-0.0346152
-0.000486003
0.0154345
0.0270444
0.0304086
0.0553189
0.0316056
0.0177513
0.0273114
0.0356113
0.0284818
0.0190639
0.0140116
0.00346019
-0.0282693
-0.023247
-0.0258999
-0.0264329
-0.0494362
-0.0522807
-0.0392098
-0.0454673
-0.038775
-0.0409203
-0.0566383
-0.0288168
-0.0150981
-0.0322946
-0.0281891
0.0160028
0.00358747
0.027301
0.0159777
0.0417185
0.0351219
0.0180518
0.0544508
0.0490996
0.0465995
0.0600177
0.0456548
0.0336053
0.0435072
0.0473197
0.0507143
0.038383
0.0967641
0.0847425
0.105481
0.110189
0.112505
0.122799
0.121251
0.126344
0.130845
0.127671
0.182292
0.130648
0.114643
0.0752969
0.0563199
0.0901705
0.0207364
-0.0308258
-0.0240325
-0.0385773
-0.113436
-0.0876361
-0.0960021
-0.142226
-0.138058
-0.0811324
-0.135793
-0.133152
-0.123057
-0.136985
-0.0674303
-0.13087
-0.112638
-0.0911032
-0.0772401
-0.0738856
-0.0586566
-0.0341938
-0.0286961
-0.00439289
0.0196084
-0.017349
-0.0149072
0.0264746
0.0479974
0.0684591
0.0655415
0.0649658
0.0670703
0.0936158
0.0838795
0.0592159
0.0375726
0.0446211
0.0109605
0.0419861
-0.0164482
-0.0233707
-0.0463602
-0.0647204
-0.0369071
-0.0646019
-0.0691684
-0.0806162
-0.061106
-0.0479997
-0.0160147
-0.0331739
-0.0181241
0.0130321
0.0101864
0.0195326
0.0131474
0.0497138
0.0633128
0.0686773
0.0569665
0.0529149
0.0427762
0.0571117
0.0740952
0.097863
0.0908613
0.0988078
0.129724
0.129448
0.126337
0.168559
0.153568
0.148139
0.174754
0.166058
0.159579
0.150377
0.093361
0.0574506
0.0544201
0.00369284
-0.0321178
-0.0485482
-0.0773869
-0.109306
-0.113827
-0.167132
-0.181666
-0.144506
-0.174154
-0.173424
-0.159156
-0.1514
-0.148119
-0.158098
-0.136665
-0.0932728
-0.099313
-0.0741758
-0.0723685
-0.0585414
-0.0487556
-0.031462
-0.0483324
-0.021872
-0.0188298
0.00169606
-0.00153376
0.000613343
0.0603294
0.0603289
0.0774971
0.0757634
0.0573141
0.0675334
0.0682433
0.0406288
0.0241863
-0.012663
-0.0288654
-0.026087
-0.0435752
-0.0723032
-0.0976758
-0.0833462
-0.104168
-0.0866237
-0.0704146
-0.131888
-0.0708973
-0.0541122
-0.0400169
-0.022852
-0.0235249
0.00111993
0.0246643
0.0398124
0.0611014
0.0630591
0.0743603
0.0676805
0.0769856
0.0672344
0.104065
0.151523
0.132893
0.156621
0.140442
0.145032
0.154587
0.188909
0.18656
0.170119
0.176766
0.175011
0.185042
0.157475
0.118184
0.0868157
0.0786931
-0.00546518
-0.0194144
-0.0339905
-0.11445
-0.106369
-0.153427
-0.18411
-0.186499
-0.194416
-0.200948
-0.199101
-0.179252
-0.151024
-0.15199
-0.154461
-0.129446
-0.107631
-0.0995616
-0.114334
-0.0634503
-0.0491765
-0.0288304
-0.00188475
-0.0227771
-0.0152112
-0.00731469
-0.00359055
0.0111216
0.0414697
0.0505052
0.0471451
0.068218
0.0600676
0.0475176
0.0438665
0.0304247
0.0225335
0.017084
-0.0339278
-0.0301515
-0.0389298
-0.0850196
-0.0941712
-0.135735
-0.119936
-0.0972379
-0.100571
-0.105201
-0.125497
-0.0893959
-0.0701634
-0.0393424
-0.0302036
-0.0344261
0.032552
0.0448396
0.067848
0.0848775
0.0970891
0.11019
0.104285
0.110583
0.111741
0.131571
0.171774
0.164003
0.174864
0.190126
0.144638
0.181241
0.177791
0.193873
0.204057
0.200412
0.195956
0.18153
0.174232
0.109567
0.0710382
0.0423263
-0.0156414
-0.0284711
-0.0799784
-0.149257
-0.165399
-0.171241
-0.213433
-0.205642
-0.250312
-0.21913
-0.205237
-0.203436
-0.176629
-0.199312
-0.152249
-0.137262
-0.108392
-0.106051
-0.0883696
-0.0424565
-0.0221022
-0.0151249
0.00356172
-0.0190308
-0.0357515
0.00818932
0.0237692
0.0330822
0.0150521
0.0546474
0.0557511
0.0429035
0.0458034
0.00973625
0.0140243
0.0212058
-0.00543422
-0.0265479
-0.0766446
-0.0541824
-0.0702758
-0.08211
-0.093046
-0.138286
-0.111709
-0.125049
-0.0936771
-0.103655
-0.0888171
-0.0621409
-0.0583531
-0.0296274
0.00595447
0.0259859
0.0666354
0.0785192
0.0887306
0.11974
0.102871
0.134912
0.135378
0.149419
0.153664
0.177899
0.199223
0.183344
0.192846
0.209244
0.193042
0.176957
0.21834
0.18945
0.174341
0.181614
0.183507
0.183778
0.153401
0.0876565
0.0523265
0.0110735
-0.0544489
-0.088953
-0.130185
-0.166506
-0.182379
-0.202824
-0.243147
-0.264958
-0.255002
-0.234504
-0.229944
-0.212404
-0.183524
-0.159598
-0.153311
-0.117802
-0.0802837
-0.0852107
-0.0356042
-0.0176163
-0.00823654
0.017568
0.0432714
-0.000656664
-0.0230739
0.00300734
0.0266434
0.0297267
0.0219842
0.0467677
0.0271245
0.0167897
0.00979737
0.00513894
-0.0090199
-0.00986403
-0.061064
-0.0727562
-0.0723325
-0.104166
-0.107331
-0.132549
-0.117878
-0.100034
-0.124727
-0.112045
-0.0881505
-0.0685387
-0.0294689
-0.0239595
0.00441093
0.0288285
0.0585081
0.0997531
0.0897463
0.123405
0.142659
0.165666
0.191329
0.153562
0.16523
0.185712
0.179767
0.231297
0.219849
0.196947
0.22253
0.21856
0.211426
0.193364
0.207895
0.198216
0.178943
0.243596
0.177822
0.147325
0.100755
0.036963
0.0544545
-0.0522031
-0.117233
-0.136435
-0.167412
-0.204048
-0.245424
-0.254764
-0.304184
-0.263423
-0.190937
-0.251909
-0.218661
-0.173246
-0.135231
-0.081903
-0.107453
-0.0765037
-0.0232694
-0.0251383
-0.00460312
0.0107867
0.0178749
0.0228685
0.0351501
0.0645459
0.00676117
0.00791806
0.00299779
0.00554912
0.0378974
-0.000317744
-0.0145038
-0.0399358
-0.0541537
-0.0489207
-0.0769654
-0.103639
-0.120628
-0.1187
-0.120704
-0.142223
-0.137319
-0.140783
-0.125061
-0.0788629
-0.0821502
-0.0497894
-0.0204083
0.00592424
0.0432754
0.0436389
0.0702333
0.0911283
0.127533
0.145532
0.1354
0.15267
0.154654
0.157908
0.172225
0.173667
0.142803
0.168308
0.149244
0.171574
0.20435
0.191196
0.189579
0.19663
0.212285
0.202053
0.214986
0.184486
0.173568
0.182341
0.132227
0.116447
0.0666705
-0.0178221
-0.0186027
-0.109485
-0.169458
-0.207026
-0.24466
-0.271623
-0.26466
-0.263805
-0.279493
-0.24661
-0.205236
-0.188399
-0.163515
-0.105843
-0.0676628
-0.0546818
-0.0564973
-0.0316382
0.000411262
-0.0095505
0.00986452
0.0185261
0.0125917
0.0238385
0.0229296
0.0130369
-0.0148052
-0.00857484
0.00412727
-0.0151731
-0.047369
-0.0302582
-0.0662594
-0.0722114
-0.0802556
-0.127934
-0.136668
-0.142836
-0.176617
-0.159791
-0.163367
-0.126539
-0.108526
-0.077388
-0.0493716
-0.0433585
0.0119425
0.0405998
0.0777878
0.110965
0.129542
0.140198
0.154619
0.167163
0.156216
0.147453
0.142868
0.138832
0.137676
0.155106
0.134918
0.124867
0.158493
0.130707
0.130949
0.16611
0.191862
0.185215
0.185755
0.198708
0.195341
0.20766
0.200483
0.192842
0.160852
0.158628
0.121101
0.0603575
-0.012706
-0.0855092
-0.134254
-0.159777
-0.235921
-0.256284
-0.266657
-0.31581
-0.266922
-0.256877
-0.234719
-0.199135
-0.19291
-0.126625
-0.0979821
-0.0471102
-0.033728
-0.0285207
-0.041797
-0.0160119
0.00014507
-0.0157389
-0.0273849
-0.020045
-0.00903815
-0.00592687
0.00894857
-0.043223
-0.0659672
-0.0480997
-0.0517334
-0.0608709
-0.0806303
-0.0787649
-0.130533
-0.125846
-0.139644
-0.179429
-0.155873
-0.157767
-0.149897
-0.122211
-0.0960546
-0.0697485
-0.00988815
-0.0103701
0.0239374
0.0951937
0.0814299
0.104523
0.127033
0.139515
0.1256
0.157583
0.149753
0.140368
0.138355
0.111072
0.131147
0.140231
0.142529
0.115209
0.145503
0.139722
0.131876
0.150077
0.143343
0.153475
0.202175
0.199718
0.219056
0.261936
0.263827
0.211599
0.22036
0.187394
0.136047
0.0984065
0.0441679
-0.0533592
-0.119458
-0.14694
-0.249393
-0.266614
-0.342655
-0.308725
-0.298198
-0.312143
-0.23923
-0.181076
-0.173704
-0.121556
-0.0840424
-0.0524669
0.00556945
0.00584516
0.0061377
0.000571321
-0.00576164
-0.0159467
-0.04613
-0.0623133
-0.0671514
-0.0347034
-0.0309816
-0.0646936
-0.0367273
-0.0756342
-0.0925792
-0.0942987
-0.118749
-0.128222
-0.16525
-0.140214
-0.150666
-0.156854
-0.163966
-0.156119
-0.135499
-0.0962637
-0.0413691
-0.0195697
0.0192452
0.0342645
0.0607389
0.0797083
0.10068
0.0854241
0.13364
0.108768
0.143106
0.135326
0.0995091
0.104932
0.0949311
0.129891
0.113666
0.109054
0.119901
0.131712
0.134129
0.149928
0.136319
0.149355
0.152732
0.163945
0.159083
0.211141
0.235579
0.246377
0.264629
0.279637
0.251792
0.22564
0.224775
0.143269
0.0618313
-0.0237366
-0.105679
-0.161464
-0.24614
-0.302374
-0.318274
-0.344505
-0.347262
-0.286008
-0.228202
-0.193769
-0.121354
-0.0600854
-0.0599642
0.0133012
0.0375672
0.0177091
0.0254481
0.0149016
0.00159407
-0.0326654
-0.0607521
-0.0869759
-0.0606688
-0.0819796
-0.0650854
-0.072422
-0.0782908
-0.0755065
-0.0648392
-0.0930785
-0.13174
-0.134498
-0.159278
-0.185653
-0.180668
-0.146057
-0.149491
-0.114814
-0.0984608
0.0103334
-0.00460255
0.0416608
0.0449654
0.0712333
0.103622
0.0909905
0.113134
0.0849022
0.0863784
0.103709
0.0918704
0.071215
0.0769297
0.0725234
0.097174
0.0828515
0.094231
0.145128
0.128255
0.16258
0.157511
0.16004
0.16521
0.186055
0.280571
0.163203
0.170639
0.183629
0.173624
0.260686
0.273627
0.289964
0.309367
0.27478
0.235977
0.175774
0.0911206
-0.0315597
-0.123073
-0.179106
-0.292868
-0.34482
-0.371258
-0.388025
-0.317707
-0.299049
-0.244709
-0.140479
-0.0679021
0.0348636
0.0537822
0.0861287
0.0747071
0.0845189
0.0829485
-0.000674965
-0.0332732
-0.0735214
-0.0985031
-0.0911546
-0.146879
-0.153965
-0.119044
-0.0992257
-0.0905195
-0.100695
-0.0857363
-0.0977307
-0.103523
-0.0996114
-0.188359
-0.190338
-0.19912
-0.188138
-0.0468151
-0.110583
-0.0829977
-0.0321573
0.0156404
0.0772304
0.0821933
0.117368
0.0978269
0.110854
0.124896
0.0734633
0.0705434
0.0466529
0.0478875
0.0699824
0.0322333
0.0293022
0.0727782
0.0740779
0.117327
0.128537
0.137613
0.160664
0.160131
0.250426
0.181999
0.195499
0.182602
0.188496
0.193947
0.202773
0.198728
0.229944
0.258554
0.328997
0.367858
0.330246
0.257312
0.219047
0.172821
0.0287793
-0.0758414
-0.231015
-0.30508
-0.334622
-0.362383
-0.382188
-0.347682
-0.301373
-0.187603
-0.091843
-0.0570179
0.039198
0.0897115
0.0977801
0.109757
0.0867063
-0.00377035
-0.0626223
-0.0676294
-0.119537
-0.146768
-0.157571
-0.192832
-0.172314
-0.13805
-0.0962043
-0.0692003
-0.111693
-0.103812
-0.0802424
-0.111625
-0.140345
-0.15504
-0.179316
-0.214245
-0.19076
-0.163578
-0.112922
-0.0738225
-0.00350092
0.0486977
0.10641
0.104028
0.087272
0.0863807
0.0974632
0.0409796
0.0198131
-0.0205626
-0.00695168
0.022755
0.00646366
0.0401784
0.0185844
0.073638
0.100282
0.119333
0.140905
0.171427
0.157137
0.182472
0.161834
0.147872
0.171613
0.172219
0.179476
0.197247
0.216029
0.202065
0.236058
0.271814
0.30874
0.312693
0.322618
0.292485
0.19094
0.145146
0.0339026
-0.11961
-0.252888
-0.315421
-0.350979
-0.380644
-0.356397
-0.321015
-0.236742
-0.119548
-0.0736144
0.000515062
0.0673003
0.0897194
0.131462
0.0942621
0.00206436
-0.0235392
-0.0797269
-0.176687
-0.16674
-0.200144
-0.174689
-0.196333
-0.170094
-0.112114
-0.0946448
-0.104601
-0.107946
-0.110139
-0.139337
-0.132024
-0.160134
-0.208472
-0.214799
-0.166522
-0.160035
-0.147776
-0.0785026
-0.0183568
0.0399982
0.0841313
0.0846218
0.0958413
0.0734867
0.0493265
-0.00690207
-0.000113067
-0.0126625
-0.0244395
-0.00872411
0.00173471
0.0481364
0.0688745
0.0817851
0.101464
0.15883
0.126578
0.0935731
0.112508
0.105781
0.130679
0.12446
0.124368
0.15616
0.196267
0.206254
0.252494
0.255294
0.247875
0.296794
0.281904
0.278957
0.264804
0.242029
0.18235
0.152632
0.142813
0.038212
-0.0682977
-0.179906
-0.25248
-0.274648
-0.294678
-0.332076
-0.328189
-0.236116
-0.129285
-0.0552515
-0.0256893
0.0330451
0.0515464
0.116783
0.0828063
0.0374268
-0.00841475
-0.101923
-0.0984704
-0.155059
-0.204684
-0.20918
-0.239353
-0.201511
-0.166573
-0.141663
-0.115653
-0.123071
-0.139625
-0.123736
-0.155122
-0.185228
-0.213072
-0.178883
-0.152233
-0.121956
-0.0870709
-0.0741414
-0.0282244
0.0297878
0.0909661
0.0667676
0.0674172
0.0729493
0.0285387
-0.000334628
-0.0407025
-0.0729036
-0.0386952
-0.0131893
0.00272586
0.0462308
0.0667986
0.0885451
0.126617
0.129918
0.122937
0.0879819
0.112762
0.123918
0.150537
0.172613
0.13437
0.181054
0.203988
0.248034
0.255579
0.250034
0.267273
0.255062
0.253284
0.231447
0.195569
0.232556
0.24087
0.21196
0.149892
0.0867551
0.0396123
-0.0332605
-0.147799
-0.2052
-0.272719
-0.318018
-0.286842
-0.269059
-0.216676
-0.124172
-0.0348714
0.0389556
0.0752593
0.103229
0.0990154
0.0705679
0.00762553
-0.0305763
-0.0920396
-0.18213
-0.217523
-0.228284
-0.235328
-0.221127
-0.157288
-0.172559
-0.111503
-0.0959615
-0.120623
-0.126067
-0.176599
-0.193252
-0.188105
-0.21369
-0.188525
-0.163599
-0.119632
-0.0638424
0.0123031
0.0267507
0.0448979
0.0919202
0.0658592
0.070617
0.0236959
-0.0335614
-0.0685453
-0.0725261
-0.074653
-0.0436731
-0.00849853
0.0217223
0.0776707
0.104268
0.135576
0.127936
0.128983
0.116427
0.0837605
0.0847018
0.067252
0.0997866
0.140451
0.180547
0.233892
0.261176
0.275557
0.277996
0.269546
0.264245
0.244401
0.2142
0.189362
0.176251
0.218643
0.193009
0.1597
0.117906
0.0612659
0.0689946
-0.023679
-0.131215
-0.211499
-0.260425
-0.273791
-0.272175
-0.219864
-0.214583
-0.141293
0.0122357
0.0606909
0.097288
0.0916625
0.0705042
0.113376
0.0210422
-0.0964602
-0.139549
-0.200255
-0.222481
-0.230406
-0.233959
-0.249539
-0.203688
-0.0878571
-0.125357
-0.10039
-0.102865
-0.130939
-0.0965974
-0.188
-0.208543
-0.212699
-0.203027
-0.152385
-0.0938834
-0.0207389
-0.00240679
0.070257
0.137403
0.0918339
0.0800716
0.0416173
-0.0120616
0.00169021
-0.0288546
-0.0615711
-0.0697503
-0.0554977
0.019621
0.0497569
0.0958217
0.114755
0.115919
0.151451
0.119729
0.0968989
0.0672904
0.0616506
0.126585
0.150816
0.174789
0.207933
0.225724
0.286797
0.281609
0.250486
0.240936
0.19663
0.188483
0.173103
0.153111
0.15608
0.208901
0.228568
0.23691
0.205597
0.125445
0.0352215
-0.0279747
-0.0825509
-0.208579
-0.292007
-0.313117
-0.285189
-0.270949
-0.164561
-0.0815336
0.00342335
0.0972594
0.13999
0.128514
0.0797094
0.0178784
-0.0713948
-0.154147
-0.201851
-0.2329
-0.253068
-0.238656
-0.20708
-0.170004
-0.149985
-0.111508
-0.0738342
-0.094808
-0.108961
-0.166474
-0.223459
-0.254958
-0.268782
-0.237614
-0.179496
-0.15601
-0.0672268
0.0356227
0.0671202
0.0902767
0.115106
0.0957063
0.0419744
-0.00705495
-0.0682442
-0.108
-0.113957
-0.0636888
-0.0494314
0.00217436
0.0593091
0.103849
0.158248
0.161393
0.130582
0.126323
0.0918035
0.0533682
0.0642588
0.0366392
0.0757794
0.127119
0.222786
0.256175
0.279166
0.312924
0.260718
0.249132
0.216265
0.174328
0.143963
0.14207
0.150273
0.169753
0.231038
0.273246
0.277353
0.260055
0.17623
0.0864553
-0.0389592
-0.147918
-0.234126
-0.318754
-0.347246
-0.306115
-0.254985
-0.177416
-0.0512227
0.035833
0.124147
0.152025
0.163178
0.0754325
0.00877627
-0.0874497
-0.188866
-0.211708
-0.287829
-0.277393
-0.260734
-0.222903
-0.155326
-0.107845
-0.122766
-0.0945333
-0.118572
-0.177282
-0.206161
-0.258837
-0.265335
-0.260761
-0.234074
-0.173419
-0.11759
-0.0293072
0.00512244
0.0955557
0.0990861
0.0733751
0.061827
-0.0157708
-0.0820105
-0.115643
-0.134934
-0.105517
-0.0597429
-0.0108855
0.0415757
0.101828
0.147271
0.128527
0.147501
0.113513
0.0646597
0.0314586
-0.0116735
0.0173641
0.0581245
0.106799
0.179593
0.223142
0.292432
0.294255
0.308116
0.267309
0.202806
0.171853
0.108902
0.0794745
0.0946728
0.113675
0.170163
0.225722
0.283595
0.351175
0.341005
0.263061
0.152453
0.0398323
-0.110668
-0.247502
-0.303905
-0.354303
-0.329951
-0.256176
-0.218232
-0.08405
0.058083
0.123256
0.138995
0.13126
0.0916381
-0.00178389
-0.0882711
-0.179252
-0.242401
-0.247835
-0.267793
-0.228641
-0.152777
-0.16689
-0.0890378
-0.0835669
-0.119102
-0.111885
-0.187828
-0.250958
-0.275693
-0.247024
-0.257779
-0.240863
-0.172319
-0.0884497
-0.0096219
0.0189385
0.0167913
0.0243485
0.0528591
0.00709096
-0.00734544
-0.0789573
-0.117873
-0.0915863
-0.0530556
0.000467698
0.0294368
0.0971382
0.118241
0.127812
0.110474
0.0423824
0.0215075
-0.00490061
-0.00269876
0.000839043
-0.0288495
0.103624
0.180666
0.250537
0.317443
0.296401
0.296074
0.279195
0.224893
0.128475
0.071156
0.0741428
0.0857763
0.126559
0.148835
0.190311
0.280758
0.350049
0.370364
0.353349
0.225686
0.134187
-0.00691199
-0.160361
-0.275327
-0.369531
-0.333369
-0.286389
-0.200593
-0.0949092
0.0119008
0.0847353
0.157499
0.12817
0.067642
0.0158143
-0.0380874
-0.117598
-0.188123
-0.229497
-0.225247
-0.236931
-0.194915
-0.136317
-0.134107
-0.124634
-0.131326
-0.172632
-0.206688
-0.224419
-0.269347
-0.264191
-0.210706
-0.181603
-0.14486
-0.0987406
-0.0803121
-0.0437927
-0.00623085
-0.0293041
-0.0288553
-0.014634
-0.0370478
-0.051196
-0.0340402
-0.0424116
-0.0479317
-0.0232402
0.0213704
0.0435574
0.0675523
0.0838685
0.0718222
0.0378226
0.0336962
0.00157252
0.0432425
0.055453
0.0775917
0.143104
0.148047
0.197238
0.252481
0.296759
0.285374
0.279965
0.20773
0.148931
0.136296
0.110812
0.133099
0.11798
0.177454
0.198567
0.266329
0.312676
0.32132
0.305484
0.296354
0.255318
0.176348
0.0441512
-0.0798923
-0.170312
-0.205558
-0.216676
-0.234468
-0.199825
-0.120462
-0.0555599
-0.0230526
-0.00036304
0.0395145
0.0504809
0.0280727
0.0444652
-0.078755
-0.103632
-0.118365
-0.147472
-0.121164
-0.198503
-0.225479
-0.171734
-0.159675
-0.226387
-0.204563
-0.196473
-0.203454
-0.174774
-0.136179
-0.214432
-0.185822
-0.131098
-0.103462
-0.0465965
-0.109237
-0.0906422
-0.06444
-0.0445512
-0.0485081
-0.0613831
-0.0379067
-0.0130378
0.00836549
0.0331306
-0.0223804
0.0109436
0.049878
0.0688204
0.060528
0.0322672
0.0315176
0.0368246
0.0421759
0.0503259
0.00838162
0.0631403
0.120181
0.145295
0.199532
0.207951
0.268629
0.252499
0.251172
0.240328
0.17416
0.117592
0.114453
0.119389
0.137409
0.148759
0.157293
0.203893
0.250881
0.266918
0.25149
0.218433
0.232948
0.225777
0.157432
0.0452835
-0.0396329
-0.0987408
-0.181293
-0.21186
-0.209293
-0.201179
-0.137268
-0.0745529
-0.0395305
-0.0320417
0.0211811
0.0363205
0.0196215
-0.0195169
-0.0244857
-0.0723822
-0.139423
-0.179694
-0.217621
-0.193651
-0.204531
-0.190566
-0.190009
-0.184713
-0.183519
-0.169978
-0.187479
-0.186018
-0.172945
-0.203799
-0.17926
-0.157093
-0.134126
-0.116292
-0.103418
-0.0784829
-0.0336139
-0.0461999
-0.0285094
-0.021831
-0.0155398
-0.0278798
-0.0168877
-0.0449227
-0.0403936
-0.00909783
-0.00327621
0.0276419
0.025463
0.0519318
0.0408141
0.0554906
0.0622183
0.0588159
0.0683891
0.0655777
0.0960498
0.115641
0.132849
0.186057
0.230128
0.224744
0.257558
0.194389
0.180177
0.151146
0.134891
0.107204
0.105608
0.126377
0.144591
0.203331
0.228421
0.237677
0.236272
0.267021
0.258641
0.220457
0.131084
0.0555656
-0.0372405
-0.0965571
-0.173377
-0.205898
-0.202993
-0.176139
-0.115857
-0.0735229
-0.0351198
-0.0325321
0.0187148
-0.00405089
-0.00953897
-0.0863727
-0.0681116
-0.101491
-0.120634
-0.148276
-0.172676
-0.158807
-0.222553
-0.184951
-0.193463
-0.228245
-0.207785
-0.188015
-0.212602
-0.168717
-0.162852
-0.160388
-0.13561
-0.124419
-0.113874
-0.131138
-0.123369
-0.0909302
-0.0678139
-0.0797074
-0.108036
-0.0239191
0.0250502
0.00516272
0.00876635
-0.0134286
-0.0116171
-0.000487273
0.00488342
0.0103061
0.0237664
0.0465458
0.053058
0.0730503
0.0824382
0.0622125
0.0763422
0.0923716
0.103992
0.110847
0.0963031
0.12183
0.1981
0.223145
0.241359
