0.999998
0.981162
0.92462
0.832545
0.708472
0.557159
0.384383
0.196684
0.00105053
-0.19383
-0.381698
-0.554744
-0.706419
-0.830932
-0.923509
-0.980596
-1
-0.980973
-0.924248
-0.832004
-0.707784
-0.556349
-0.383491
-0.195736
-8.11893e-05
0.194778
0.38259
0.555547
0.707102
0.831468
0.923879
0.980785
1
0.980785
0.923879
0.831468
0.707102
0.555547
0.38259
0.194778
-8.11893e-05
-0.195736
-0.383491
-0.556349
-0.707784
-0.832004
-0.924248
-0.980973
-1
-0.980596
-0.923509
-0.830932
-0.706419
-0.554744
-0.381698
-0.19383
0.00105053
0.196684
0.384383
0.557159
0.708472
0.832545
0.92462
0.981162
