-5.64461
2.68733
0.779428
-0.841321
7.25661
0.806491
-0.021628
2.01296
2.70788
2.49707
-6.53079
5.48086
-16.3721
0.352618
-3.49682
0.929119
-8.7255
0.271581
-0.537347
1.17003
10.8394
-2.52817
8.99847
-7.11412
3.70654
-0.0966811
-5.12441
0.58693
7.28551
13.5359
12.4886
-4.91506
3.62967
-0.287007
4.71515
7.98996
5.6133
-8.97898
6.42821
-2.83314
-0.39446
2.51084
-7.01356
-10.2856
3.58868
5.9828
-10.7027
-3.86317
6.082
-5.33966
-10.744
2.04256
0.815663
7.79205
-10.3558
0.691164
-6.42731
-7.07616
-8.46051
9.01455
-0.793796
-0.805694
3.02712
8.32085
-4.62767
4.58295
2.60735
8.09406
6.15841
4.98415
3.82855
-2.60442
-3.24271
14.3309
2.90603
1.13689
-5.91398
7.4079
-7.72916
-1.86765
-4.83188
-11.1246
-2.81154
-6.03492
6.00288
-2.74045
-0.805896
7.37291
1.04675
-5.31395
-7.99767
4.88738
0.572235
4.89758
-4.02429
6.95719
-6.97889
-13.9561
2.12083
0.000444295
-8.40406
8.2656
-0.667944
5.0916
-8.57846
-12.1961
-8.24636
-3.24128
-2.20913
-3.67202
-1.85464
10.0813
8.91852
3.57915
-3.75383
7.11605
2.27878
-6.16295
6.52265
13.2022
-14.5416
3.57461
-1.09074
-11.181
-6.66106
0.656069
-0.999396
-9.5486
-0.696421
-7.12925
-0.512536
0.588705
-5.27628
-11.2599
-5.12441
2.43343
-14.0985
8.29695
7.02601
-6.15607
-0.579694
10.3012
-3.24226
2.56716
7.77234
8.82069
0.0708447
4.29194
4.22544
1.37857
-10.0923
-12.0015
-9.24177
3.98324
-2.0022
4.28247
-8.81117
-3.91821
1.78796
-12.7847
-4.37448
3.2666
-0.76572
3.18282
2.92497
3.76256
-7.30329
-4.9499
-5.3193
8.08992
-2.46383
-1.10257
5.71318
-4.63939
0.299064
-10.7457
-12.2345
-1.29869
-12.9256
6.51163
-6.79041
-3.62975
-1.60536
7.7946
-0.723549
-2.6521
3.00034
-0.210608
3.94958
15.0957
1.13767
5.70894
-6.19063
4.77621
8.80299
0.683919
-2.799
7.96484
-6.07047
-9.2255
-5.48295
2.94636
-11.4444
4.84119
1.94673
4.54977
-10.3493
-7.2336
11.5493
1.75484
-7.73817
7.5226
3.52441
-6.4352
-6.54494
1.65556
-6.63859
1.62395
4.54292
-13.7553
-4.36291
8.40674
3.86188
1.47566
5.23235
-3.16842
13.8873
10.5298
9.78317
4.23375
-1.15151
6.69327
4.58953
-6.58686
4.85765
-0.907758
9.66277
-0.876397
0.956744
6.0161
-4.01864
4.17151
-6.36008
-1.61776
-10.4456
4.3609
-6.59225
-1.38124
-1.5891
5.5437
-0.846732
-2.2847
3.20766
-1.46217
-1.97331
0.874675
