0
0.0794102
0.284962
0.214942
0.380163
0.482949
0.390208
0.669388
1.09548
1.77979
2.42407
4.50724
9.52981
-53.4507
-10.9104
-6.26328
-3.71068
-2.56947
-1.14087
-0.0766777
0.706376
1.28139
-0.166872
-2.63036
-7.28047
-13.6234
53.3851
-12.9115
3.77304
3.69357
1.76613
1.04674
-1.37255
-2.81837
-2.72754
-0.113361
0.997948
0.220115
0.986742
-7.98495
-21.5822
-8.34221
-3.88223
-2.76668
-2.78854
-3.12565
-2.62403
-1.73484
-0.272087
-0.620922
-6.45935
-5.07532
4.38093
7.28366
2.05093
2.60247
2.70368
1.92763
1.87149
2.27695
1.30243
1.80256
1.75864
2.80411
3.54757
5.15279
-1.13101
-3.52223
-2.62062
-2.46815
-2.00428
-1.7915
-1.44564
-1.47046
-1.7545
-1.23916
-1.68858
-1.93915
-2.45665
-0.707602
-0.512311
-0.635792
-0.560835
-0.562204
-0.587027
-0.424029
-0.381077
-0.317179
-0.415792
-0.239267
0.242538
-0.0987969
-1.09177
-0.917319
-0.750048
-0.676187
-0.603534
-0.482258
-0.521864
-0.490752
-0.488593
-0.370128
-0.325016
-0.631395
-0.210517
-0.0811916
-0.283277
-0.317913
-0.379262
-0.306993
-0.309911
-0.297809
-0.319183
-0.286548
-0.255238
-0.416
-0.27588
-0.565508
-0.392214
-0.274514
-0.310553
-0.287048
-0.299
-0.306507
-0.298761
-0.269048
-0.252486
-0.336971
-0.279013
-0.279892
-0.116316
-0.203397
-0.235473
-0.22381
-0.245027
-0.212599
-0.199314
-0.205607
-0.252684
-0.323868
-0.241732
-0.188279
-0.297296
-0.384404
-0.299155
-0.239704
-0.233344
-0.217269
-0.268061
-0.266332
-0.356759
-0.212766
-0.124184
-0.233204
-0.194662
-0.16535
-0.153996
-0.196874
-0.217898
-0.191829
-0.212777
-0.248537
-0.249309
-0.229149
-0.207043
-0.189385
-0.279337
-0.231768
-0.336117
-0.254753
-0.0921843
-0.173634
-0.205343
-0.207061
-0.159506
-0.117316
-0.0922198
-0.219342
-0.276386
-0.0245216
-0.28506
-0.190879
-0.621934
-0.454857
-0.0669215
-0.0764425
-0.206296
-0.343741
-0.383965
-0.273444
-0.125157
0.00384253
-0.239896
-0.301126
-0.569108
-0.430689
0.322328
0.441049
0.206091
-0.058779
0.0187621
-0.00768739
0.119682
-0.0331108
-0.0967765
0.0616691
-0.0290664
0.235211
-0.00386965
-0.195677
0.0920076
-0.159442
-0.0912658
-0.0591656
-0.0360974
-0.126441
-0.139157
-0.0594732
-0.145495
-0.128237
-0.187343
-0.0737326
-0.0860732
-0.130615
-0.106784
-0.0757282
-0.0784989
-0.104257
-0.0513996
0.03844
-0.0828635
-0.010449
-0.137278
0.00436276
-0.174348
-0.0854806
0.00362903
0.0113971
-0.091614
-0.0558378
0.0130757
0.00245404
-0.51826
0.0704612
-0.191298
0.0195365
-0.111075
-0.0761673
-0.0909666
-0.0986326
-0.0850119
-0.0913929
-0.0797113
-0.0869259
-0.0730757
-0.0790455
-0.0961943
-0.0825204
-0.0902154
-0.0753424
-0.0868948
-0.0666761
-0.0768362
-0.0583994
-0.0807428
-0.0891358
-0.0730695
-0.0832689
-0.069468
-0.0754188
-0.0600075
-0.0681158
-0.0856508
-0.0670556
-0.0758884
-0.0680887
-0.0679793
-0.088497
-0.0830691
-0.0556269
-0.0711182
-0.0806696
-0.0687248
-0.0737057
-0.0718398
-0.0613916
-0.0622236
-0.0362176
-0.0822828
-0.112637
-0.0775155
-0.0352256
-0.071725
-0.0480379
-0.0574284
-0.0537754
-0.0515034
-0.0741898
-0.0436838
-0.0664579
-0.0830225
-0.0684449
-0.0231897
-0.0566824
-0.0723189
-0.059294
-0.0655987
-0.0610422
-0.0669127
-0.0484021
-0.069796
-0.0213297
-0.0554649
-0.0644755
-0.0555848
-0.0761688
-0.0683445
-0.0783768
-0.0511693
-0.0636973
0.0202787
-0.00967461
-0.00438279
0.00641406
-0.0129351
-0.0670018
-0.116927
-0.125979
-0.471682
-0.0426828
-0.0706061
-0.0143072
0.0863969
-0.395575
-0.0644443
-0.0600517
-0.131102
-1.05068
0.0137075
0.0116213
-0.0440353
0.00180036
-0.0193766
0.0180462
-0.0350124
-0.134712
0.0656297
-0.00216264
-0.0742537
-0.000329137
-1.08227
-0.0686408
-0.0191555
-0.00664043
-0.0330039
0.0354407
0.00450361
-0.0216104
0.0729724
-0.151052
-0.0829957
-0.0867976
-0.0387022
-0.127599
0.053527
0.0147552
0.0229501
0.0165667
-0.0292056
-0.010442
0.00911987
-0.0182907
0.00266939
-3.61204e-05
-0.0186788
-0.0101647
-0.0135975
-0.0250874
-0.0231467
-0.017605
-0.00819698
-0.0180168
-0.00510308
-0.00895485
-0.0297759
-0.0156905
-0.0173585
-0.00284976
-0.020825
0.000220358
-0.00594673
0.012307
-0.00887856
-0.0264255
0.00588781
-0.0155306
-0.00687996
-0.013369
0.00269261
-0.0342199
-0.0164265
0.0142395
-0.0269594
-0.00307009
-0.0356708
0.0310791
0.00420049
0.0689324
-0.0253065
-0.0275844
-0.0126438
-0.0167736
-0.0167338
-0.0174779
0.0109779
-0.140692
-0.0328363
-0.0236384
-0.00532314
0.0164119
0.0269808
0.0103911
0.0108601
-0.000764281
-0.014705
-0.0197394
0.0103982
-0.0170957
-0.00334395
0.00534457
0.0136026
-0.00341038
-0.0164134
-0.000131547
-0.0195632
0.00777483
-0.000500217
0.0124485
-0.00161691
0.015067
0.00958301
-0.00549617
-0.00320263
0.00191563
0.0192969
-0.00998095
0.0105015
0.0145061
-0.0329883
0.00609241
0.00842464
0.0249436
-0.010934
0.0108496
0.0132408
0.031909
-0.00166167
0.00516306
0.0551305
-0.00839084
0.0102837
0.0147966
0.00722619
0.0102551
-0.00373716
0.0178597
-0.00619389
0.00800686
0.011678
0.0326126
0.00364837
0.0210815
0.0176321
-0.0084288
0.01119
0.0141022
0.0258235
0.00421216
0.0224831
0.0266224
-0.00769538
0.00980889
0.0131788
0.029861
0.001265
0.0155849
0.0229373
0.0384374
0.0131476
0.0153445
0.0296462
0.000757411
0.0198223
0.022552
0.0421054
0.0143559
0.0135641
0.0282535
0.00138589
0.0200275
0.0221653
0.0403825
0.0129661
0.0317723
0.0285549
0.000922998
0.0191702
0.0234869
0.0398148
0.011983
0.0297921
0.0336165
0
0.0187544
0.0225558
0.0402454
0.0107208
0.0294718
0.0330768
0.0505704
0.0194774
0.0233176
0.0398839
0.0120958
0.0277089
0.0332284
0.0492048
0.0224355
0.0190176
0.0387962
0.0136105
0.0273193
0.0333312
0.0499875
0.0213691
0.0363096
0.0379677
-0.00243722
0.0287061
0.0346167
0.0458206
0.0244243
0.0382932
0.0325758
0.00769538
0.0265194
0.0318497
0.0573829
0.0205147
0.0399496
0.0410941
0.056935
0.0268496
0.0315763
0.0529378
0.0276798
0.0380566
0.0433761
0.0595971
0.0299553
0.0294692
0.0692304
0.0162525
0.0387788
0.0443435
0.0662745
-0.0113357
0.0452038
0.0498332
0.0178524
0.0324551
0.0469831
0.0948014
0.0223307
0.0426886
0.0558183
0.0329883
0.0420455
0.0305317
0.0636651
0.0345621
0.0650467
0.0500404
0.0715964
0.0441078
0.0467119
0.0613514
0.157815
0.0386876
0.13344
0.0666633
0.0253945
0.0368432
0.0627021
0.0250242
0.0518005
0.0499259
0.0669994
0.0403783
0.0502881
0.0538149
0.0441193
0.0323663
0.0505586
0.119208
0.0550926
0.0789872
0.0474812
0.0328363
0.0445052
0.0630767
0.0797322
-0.049864
0.0426776
0.0533054
0.0771247
0.0430698
-0.225443
0.073281
0.0309478
0.0650309
0.039799
0.0632334
0.0557984
0.0672259
0.0675462
0.0444238
0.0506142
0.0503172
0.0870633
0.0383369
0.0695475
0.0653818
0.0272605
0.053518
0.0593862
0.0803422
0.0430147
0.0651785
0.073938
0.0297759
0.051499
0.0590942
0.0786262
0.0394869
0.0649469
0.0687452
0.0985326
0.0515521
0.0645439
0.0806114
0.0354162
0.0581763
0.08398
0.0762483
0.0500328
0.044829
0.0839904
0.0162072
0.0513282
0.0916454
0.244748
0.0991523
0.106887
0.116051
0.20287
-0.101711
0.0179554
0.0196015
-0.159777
0.206465
0.132023
0.0229737
0.196403
1.13839
-0.0173885
0.0643878
-0.0206835
-0.19444
0.260522
0.14903
0.118801
0.150481
0.0675594
0.0956615
0.132259
0.183642
1.31694
0.0880802
0.0262592
0.0512267
0.263769
0.0416625
0.112067
0.16192
0.154511
0.369725
0.113293
0.0937524
0.0467427
-0.190876
0.0216042
0.0703019
0.101134
-0.0202787
0.191389
0.138634
0.0962937
0.0988036
0.077931
0.096742
0.117252
0.0919586
0.101676
0.108581
0.0904336
0.100354
0.105949
0.11093
0.090745
0.0961958
0.109419
0.0990994
0.0984306
0.087095
0.111519
0.0981975
0.107866
0.0976312
0.0847974
0.115187
0.102753
0.109131
0.094784
0.0999759
0.136161
0.096673
0.139599
0.109789
0.154266
0.0828444
0.113404
0.111048
0.121939
0.0992325
0.110716
0.118771
0.103446
0.0889456
0.117053
0.120998
0.101638
0.120821
0.124876
0.0942138
0.107204
0.115954
0.126042
0.108904
0.118523
0.124925
0.0951944
0.111784
0.117361
0.129916
0.115033
0.126025
0.128864
0.0961943
0.113838
0.120802
0.128985
0.118825
0.127617
0.128332
0.131473
0.113907
0.125738
0.136361
0.0147119
0.231249
-0.0251619
0.559329
0.0121257
-0.0125273
0.110144
0.12406
0.028784
0.0451153
0.148076
0.190525
0.00807679
0.169361
0.0505895
0.143963
-0.0280384
0.137309
0.149994
0.187765
0.133439
0.125283
0.212868
0.153334
0.15376
0.213746
0.14421
0.127944
0.103636
0.174948
0.180868
0.0602502
0.119574
0.101661
0.189544
0.174637
0.194072
-0.0327312
-0.14708
0.04434
-0.0188426
0.153408
0.0733554
0.0613481
0.100515
0.0826335
0.0710497
-0.176051
-0.330403
0.18124
0.717402
0.6391
0.343211
0.239896
0.077291
0.267945
0.421514
0.473197
0.375709
0.23484
0.0665767
0.141364
0.592824
0.560854
0.175518
0.261697
0.00860867
0.278327
0.235773
0.11411
0.169444
0.197749
0.255378
0.249457
0.210757
0.133374
0.345422
0.383341
0.276171
0.309489
0.207832
0.20567
0.240539
0.276187
0.254266
0.229029
0.228774
0.237845
0.197056
0.17873
0.204132
0.231467
0.28362
0.213489
0.269292
0.290381
0.286602
0.337767
0.255505
0.261648
0.284781
0.323714
0.360535
0.302142
0.214555
0.225337
0.309926
0.261961
0.214897
0.186207
0.226112
0.275925
0.24867
0.246407
0.230181
0.163249
0.34914
0.279013
0.376153
0.297837
0.315425
0.335509
0.340586
0.336865
0.263883
0.33836
0.342205
0.512239
0.577661
0.23424
0.398893
0.174507
0.294501
0.340416
0.326941
0.331643
0.311661
0.354979
0.221999
0.291343
0.13004
0.389005
0.727278
0.407937
0.409395
0.482404
0.534143
0.562156
0.498532
0.621522
0.665
0.669454
0.626722
1.0611
-0.205561
-0.226891
0.178893
0.459558
0.343586
0.37884
0.444955
0.642956
0.654962
0.717077
0.826162
0.768559
1.11147
2.51445
1.68428
1.45091
0.657182
1.36087
0.762281
0.578298
1.74372
1.68491
1.74076
0.821988
1.43503
-2.79774
-8.02678
-3.54757
-3.00277
-1.79045
-1.43923
-1.14674
-1.88924
-1.20798
-1.12599
-2.67791
-2.36231
-1.67444
-5.86701
0.887515
8.02735
8.16292
1.05727
0.87593
2.68078
3.3589
4.36673
4.1821
4.6716
4.72514
10.4118
19.0005
4.39312
-5.16506
-3.01159
-3.58122
-0.252059
1.9171
1.57199
0.661018
-2.25016
-3.2489
-6.48372
-4.02986
7.91644
-51.197
19.6149
9.67998
4.1678
1.94714
-1.09207
-0.111694
1.04218
2.40921
3.64644
5.59326
8.93402
11.6009
48.3327
-16.6132
-8.29398
-4.39456
-3.73486
-3.29067
-0.753251
-0.999522
-1.25226
-1.16883
-1.0706
-1.3141
-1.38301
