-14.508
-11.6034
0.561442
-13.3879
47.7733
-4.88161
-4.33087
-17.2713
27.2094
-1.77388
14.0637
8.00456
-3.30965
7.28149
-9.77973
3.70887
6.08319
-5.45924
12.9171
-0.493962
6.78736
-2.72268
-11.5416
27.7318
-15.1164
-4.58282
12.8254
15.1303
0.894407
-11.7325
12.5966
-23.1953
5.44319
7.44462
3.46197
-18.7429
-4.06466
23.8416
0.000559114
18.2408
-10.9027
9.33039
2.70594
-6.511
6.91522
12.5851
8.25937
-8.23613
-4.27697
-40.2516
-6.06239
-8.42966
2.89358
17.1952
7.36157
-1.28632
-3.38945
32.1848
-1.58456
24.1738
13.4448
-9.39617
18.8782
0.0620083
-13.4053
-12.4785
-16.3659
21.5376
-0.879912
-8.4116
-3.58839
11.5368
-8.07485
-1.58064
-19.6731
-19.1083
9.62793
7.36019
9.87722
20.1528
-7.45881
16.6071
9.30083
-21.6937
7.52071
-5.35081
-6.95956
5.30827
39.2276
1.10895
6.3179
-9.4639
-3.97701
7.29304
13.1387
12.8903
7.93527
13.7343
21.7368
11.0099
24.3443
-6.53825
-7.86145
-4.67939
18.0195
-28.3563
-15.516
6.54275
5.32697
-4.70389
7.95165
12.0544
21.4806
17.582
-2.68237
11.0402
-8.67773
38.8331
0.495211
22.5419
16.7479
22.2451
-4.71395
-2.63913
1.84145
-8.39618
-9.26665
11.9264
-4.24796
-17.3816
-11.6364
18.5125
3.28766
-12.6918
-2.10179
-8.69531
8.52837
8.88136
-12.7788
20.888
10.954
-13.7482
-27.2689
-16.6849
-0.98234
-1.41365
16.9227
-4.60758
-15.5631
3.32275
3.62114
8.1238
15.4435
-0.625192
35.4453
18.9825
-12.2996
-1.1889
-9.55476
-14.0025
8.78039
16.6053
10.5867
20.7935
14.2973
-2.11514
18.0312
-24.0868
-3.27224
-7.79564
10.7749
-20.2316
1.41877
-14.1168
1.63928
-3.2049
21.5323
-1.56485
10.9361
21.6898
19.8999
2.44195
8.57755
-20.7566
-13.1674
-4.22127
9.70665
-0.244815
0.34377
-4.51988
20.3747
0.370018
43.8382
9.49991
-34.4656
-13.2467
-4.77565
-13.8385
-25.3276
-3.37018
-13.9348
1.60402
-1.52514
15.0612
1.01429
-11.4757
-15.449
-4.82779
-10.0131
-8.26116
-7.29129
9.74894
13.3733
-0.279348
2.1344
-6.53645
18.3895
-18.826
1.12704
-22.51
10.5239
-23.0324
1.30089
-5.13856
-14.7604
-11.2489
-8.33337
-24.111
-10.439
-7.54577
-14.6781
-1.13772
18.8182
-28.6756
-1.5206
27.161
4.65182
15.0626
8.27842
-5.17865
5.17183
6.14056
5.43106
15.7508
6.44317
9.89585
17.1106
-4.34213
-5.50574
-10.8563
-2.87822
0.0220733
24.7099
5.78563
-23.0639
1.28158
11.9754
-11.637
8.48789
14.7868
4.70948
-19.6494
-6.60472
4.66388
-0.997119
-0.287209
27.5527
12.4818
9.08781
-13.7044
-11.4559
25.7876
-19.2902
2.90228
-16.9794
-13.5484
-2.84552
5.16168
20.9567
16.7548
-8.475
-16.2449
-13.9146
22.285
-10.2807
-17.064
-15.1437
13.0778
-9.75648
-26.7218
-17.909
8.87364
3.16434
14.2739
-1.759
-22.1808
2.84541
11.1427
6.61639
-18.639
2.14066
11.2108
-5.77718
-2.97556
-26.1054
-2.74951
15.8186
-8.72906
19.1915
-3.61563
-17.8045
-15.0297
-23.389
4.95396
-0.936769
-0.0818058
10.3683
-10.2968
-14.4103
-4.40624
-9.39698
14.6651
5.02498
10.8577
-26.6034
-1.2473
14.2256
-8.22942
-4.64508
-4.9467
2.24182
11.0253
6.93627
4.38583
-6.19682
13.9635
15.7404
22.5177
15.03
-7.35444
5.15875
14.4881
-27.7077
3.74517
1.5556
-15.9191
43.9823
-4.54461
1.21693
9.33202
-4.23465
-13.9883
-9.22696
7.84942
7.44175
-10.1163
2.18635
21.2316
-0.104781
-30.1665
13.932
-5.69074
8.28156
-4.74563
21.4458
27.0524
25.2744
14.7368
0.562095
-2.9158
-2.7199
1.15855
-3.26155
11.3937
-4.35135
10.4418
0.500976
-11.0505
-4.62558
5.81678
-1.4728
11.6841
21.2309
-15.9483
-19.8718
-21.2195
-5.71956
-25.0404
-2.75823
-13.7147
-3.58264
-15.7219
-7.62567
0.446636
-13.7206
-9.23855
-3.81857
-5.22927
2.51485
-32.1589
-27.9058
-11.9873
-11.7303
-0.831549
15.4973
16.751
0.294837
-3.74391
5.76291
25.2309
-13.8421
17.6513
15.5835
-1.93131
18.5613
-0.334737
-29.4877
3.60958
-9.83866
-16.8785
-26.8245
-2.22159
-12.2377
-18.4774
-6.86407
6.51633
19.1314
13.748
-15.4743
-9.4148
1.59366
4.99944
2.03446
9.10665
-16.3967
8.4197
6.35815
-23.5097
-8.96176
18.8099
-16.3321
-0.180904
-16.2034
22.8425
2.53597
11.5846
-3.81229
17.8312
-0.424712
4.85889
3.45272
-12.3236
19.5511
-8.80733
1.14786
-4.5965
-24.5354
-5.74214
2.42269
19.0213
-5.05774
-7.7876
-5.24944
-7.20367
4.50608
-12.0885
-19.0423
-2.93507
-14.5738
-18.0795
11.1794
-7.87955
5.89494
-11.8222
-4.07833
13.7685
31.6678
16.5786
-20.7897
-3.01169
-19.5646
-14.23
9.419
-1.40714
7.28307
0.639632
-10.2003
4.56397
-2.99331
-3.93544
-12.8898
-8.70814
-15.8211
5.18775
10.3546
-1.98889
-15.097
-3.8508
13.9664
-5.82867
1.507
-16.7514
-8.20407
-13.1231
13.6356
-13.8262
12.2295
-15.3315
10.3929
-31.4531
-6.74916
37.1871
-19.8189
-20.694
-12.9125
6.35773
-17.8945
-7.7571
1.55287
1.18766
-1.76475
2.11811
25.541
6.42148
6.24232
-9.5166
-6.70034
-9.46964
7.66329
-17.3997
-7.11718
-19.319
-6.67379
-2.15365
25.0358
-0.656438
-10.8062
-1.75398
-14.1128
13.3032
-8.05746
1.51627
-21.2047
-8.26179
-12.593
-0.884557
25.2938
-1.97622
-3.82736
-7.00265
-0.0182679
10.2397
19.1285
-3.14812
1.98435
-1.81434
2.88039
3.60522
6.76434
20.4601
-1.39776
-7.11938
-13.4418
24.4317
4.96469
9.76936
-1.39224
23.3066
-4.98453
17.7158
-4.59524
9.87192
1.07374
4.41974
14.3118
4.18821
17.5567
-10.7752
15.1404
-1.61332
15.3981
-18.0804
8.75
-18.9344
3.98591
-1.27597
-37.0997
-5.81048
11.6501
14.2829
-7.04127
-1.66823
4.39257
8.94643
19.3705
9.89273
10.6031
-4.33798
10.9364
-4.8739
-5.78469
-1.31012
6.59302
-16.1049
8.22068
3.90439
-12.869
16.0049
-6.42258
-12.7975
4.60936
-5.40678
9.04021
-2.51985
-0.784061
5.35341
-20.8154
12.5879
12.3371
-1.83096
4.74104
1.19904
-0.298665
5.4652
15.0804
14.9302
-13.8011
19.7732
4.88929
-14.0712
-6.47176
11.7877
14.4411
-1.32523
-14.76
-7.52927
-21.6424
-5.55622
-0.929053
4.80635
12.7894
-0.784258
9.53787
7.40676
6.92641
-5.09815
-6.31595
-14.0723
4.15518
0.168925
12.5667
7.36659
15.411
-2.18813
-2.17176
6.79583
5.35954
-13.0663
-5.39069
-14.0796
2.86832
0.207824
-9.87656
-17.5663
6.05486
-8.39764
0.132051
-16.5267
-12.1187
3.53431
14.7281
15.3096
1.07704
-20.4899
-0.956783
10.4798
-6.83322
17.0873
-12.3403
-11.5556
18.6317
-12.393
-4.71826
-7.60522
-7.33721
0.368569
-10.0948
0.0478714
-18.4444
7.61194
0.868516
-22.3051
-8.20689
-38.0177
20.2326
-3.52213
-13.5795
16.7851
15.2192
-17.2836
-14.1174
0.771959
12.6568
-5.97193
-28.2359
1.73075
-11.0776
-22.9837
12.4582
-9.99607
13.3126
-7.81625
-1.04383
-2.99779
-8.79318
19.658
-16.3273
28.0144
-20.7712
2.90677
11.4901
-2.51299
12.6445
-10.6828
17.6199
-15.4653
8.20579
-15.5441
13.683
8.86284
6.3004
6.35615
21.893
-16.0084
-7.14222
-1.72743
7.49473
-12.5636
12.0416
17.3927
-20.7692
-3.29697
10.0851
29.4964
-2.77837
-7.83863
-8.62301
15.5966
4.63883
5.11447
-1.83376
4.48394
14.6168
-17.0922
-21.4695
7.6658
20.9143
15.616
4.18545
8.5475
5.90314
-3.09333
15.6014
5.7161
9.79796
1.13897
-4.07933
-7.01565
-12.6364
5.58091
1.86047
5.0326
6.60797
-21.3939
-24.3976
14.0856
18.7176
14.4834
-4.97739
-5.88971
-9.14447
-9.12389
15.5517
-16.7629
4.10351
-8.42468
-10.6925
4.16419
-4.92111
-8.08056
0.995148
-31.5379
-4.91846
-2.52193
-5.11849
-1.63481
15.7471
-26.0039
-5.62072
-13.1959
13.9296
-19.7587
-0.594272
-0.487098
19.0134
15.7628
5.19148
-17.3368
-14.5116
-33.3186
16.1354
-2.70246
5.67221
-12.0025
-11.8795
4.99031
16.6794
6.99768
-3.7007
8.42533
12.8077
-20.9651
1.84629
-22.0328
-2.88346
-13.0476
13.6106
-8.2942
-1.04413
10.8346
-35.9058
-6.77248
-0.804634
-9.0615
-9.45585
1.52598
-8.98399
4.95426
3.92024
-20.0702
8.97562
3.8936
15.4364
-12.3985
3.15422
1.52705
2.87658
1.15976
14.5604
-23.4906
9.53695
-7.80054
-17.7368
17.0254
-3.65251
10.5972
-12.6377
9.88539
18.6198
-9.82524
-6.541
-3.68581
1.49173
4.41552
-19.6001
-5.98817
-21.0157
-3.87815
-4.46504
-0.831491
1.63003
11.0607
3.01979
-1.98527
14.2905
0.850072
-23.431
-8.5631
-9.54598
23.5062
-6.08145
6.81587
-22.4002
-1.43939
27.248
-20.1881
-5.05154
10.0612
-4.21002
4.00131
-2.63363
-24.1808
20.1571
-18.8483
-6.34171
32.8836
3.81979
1.05487
-11.3847
10.561
-4.48493
-8.55017
4.94132
6.34641
13.5961
-12.7854
39.366
0.792241
11.0632
15.5219
-18.6553
-20.3082
6.90378
2.03065
-16.5645
-2.70728
0.377358
13.9773
1.83954
0.857783
-6.14206
-4.12297
5.1229
-3.79922
-19.0469
17.1294
10.8088
9.85653
-20.1497
19.8073
-11.9327
-9.61242
-7.42296
17.4261
6.2666
11.8645
-12.3355
-5.18854
-11.115
11.2041
-9.24617
15.8856
6.28051
16.3639
12.1465
-1.89614
-2.3388
-7.06744
3.43943
5.65801
-5.46338
6.62402
-15.3967
-0.786738
-11.2788
-7.88245
-5.14688
22.2786
2.02019
-7.18407
8.27264
-4.67908
8.55808
-7.13599
5.02192
5.26416
3.86822
-2.74799
-8.07052
-21.2797
2.05343
-20.6001
-2.17379
7.59278
-31.402
5.14874
-18.4761
7.25594
-0.448266
21.0205
2.35098
9.16907
1.99886
0.210596
-16.8242
-17.3351
14.5247
10.6365
-18.1804
32.3558
-5.49163
-2.74301
10.4456
-7.35432
-18.2698
9.95172
-14.4492
19.1081
19.412
-7.76625
6.35836
5.30793
12.83
-0.59912
7.79861
-8.78248
-2.01928
14.1656
18.8975
-6.95496
-14.6995
3.87746
-0.289679
-10.0713
-14.8366
-9.97769
11.189
-18.0583
0.143756
-4.03062
-30.0694
3.08184
-18.4855
4.70252
