0
-5.51424
4.73869
-10.3343
-24.487
-5.50779
2.43764
16.8685
14.8008
37.4308
-3.83996
-15.579
-39.59
-1.86614
68.7053
13.3262
20.5539
-18.6902
-52.4381
14.3293
6.26765
-2.395
-41.7774
0.00411456
14.1179
-20.1657
-27.1738
-7.56761
5.7642
5.33415
38.3923
-17.5455
2.7489
-26.8417
-29.0846
9.99229
-15.1269
-30.0089
38.0247
-20.6203
4.05235
11.7956
-0.355607
27.1149
3.77927
7.63713
-21.82
27.7399
10.7955
7.71641
-8.78821
52.0135
-32.5553
-27.0383
28.2345
-0.820444
15.5072
52.9101
53.5781
-8.10018
42.9221
7.30375
-4.80909
-20.7608
-39.3012
-6.47628
-16.2388
39.6349
-0.386296
-0.0710741
-4.58772
2.18562
-11.6816
-28.3742
42.6034
-1.49145
28.2879
-15.9436
-21.7742
14.8422
18.4901
6.98254
4.83677
19.6191
-12.0211
8.33376
6.45767
31.924
-9.24444
-23.2996
23.4073
-34.1903
-55.6212
-21.6
18.0032
-15.2575
6.26145
51.3253
-1.68314
-35.4082
28.6614
-26.7193
-0.00912574
-13.3497
-52.6439
3.76525
-44.0574
-12.623
36.4567
-1.52607
7.32074
-33.4901
0.532381
-10.9126
17.5207
14.9969
43.8268
15.4389
-14.033
-61.8477
-27.6953
44.4611
24.6515
-7.24361
35.3876
-26.8707
-5.08393
-1.7074
45.5413
11.7028
-57.3662
14.8044
7.68268
-9.46704
-7.59511
-21.7589
-53.8964
-89.1908
7.32251
31.8684
2.84707
11.6968
5.39191
23.0503
-3.52999
-35.6498
40.8835
-51.1466
8.62177
-23.7269
-18.3487
17.2059
-19.7072
21.6464
-18.3071
-26.3485
26.7182
-7.11102
-32.6013
25.7707
-19.5579
12.3525
-4.45811
29.6248
-20.6424
-4.63032
22.0977
-17.8516
10.1161
-12.1609
40.6529
13.5929
-29.2822
39.1542
-38.6504
2.80709
-41.0952
27.8859
-27.5525
7.83529
-9.1745
0.343399
-8.73409
-48.0595
-4.78259
-6.77794
-26.5286
-1.52735
18.0929
-11.1613
-33.3222
-49.0311
1.65656
-36.9089
29.6364
40.0095
1.18362
-16.2953
38.4754
-0.422444
4.58429
7.63308
26.3155
-1.45606
-7.83698
-11.2123
93.6649
24.886
-10.5471
19.0807
-18.6097
-43.7348
-26.9323
26.1102
23.7649
-4.97862
17.9005
4.44316
52.7409
22.782
-27.0508
24.563
54.4695
-37.2099
-25.9259
22.8241
-30.4136
6.12735
-5.11465
0.343587
5.4954
9.41782
2.16301
-35.1323
-13.5255
-31.8303
-84.7678
-16.5035
18.5451
29.3823
-21.3145
18.3607
-16.2511
-50.3757
0.633728
10.4111
-3.10614
-10.6489
6.00377
-13.517
16.4539
-9.69438
-15.6485
20.6718
-0.777085
-24.2753
10.4867
5.88926
1.76005
11.6986
35.6786
-1.29446
-52.9877
9.55756
6.08279
-8.04624
-29.535
4.22208
4.88122
-31.2389
24.6402
-7.86085
8.57222
33.2318
-8.53655
25.0104
-31.0396
38.8085
-39.4114
-12.671
-16.7656
21.5692
-3.76471
14.4975
2.88125
-8.7454
4.73051
-30.8596
29.7634
43.717
24.9326
59.0683
-0.549471
10.3158
28.5623
13.534
12.8773
24.3821
-13.4233
30.8055
-9.9557
-32.926
-16.9919
19.7438
16.6682
18.9143
-15.9553
53.2128
27.1221
24.158
34.1094
-11.5387
-36.3973
-16.5328
40.3428
-2.97342
-36.1403
-4.88511
14.3051
-25.1335
-28.9063
-1.47473
-21.9118
18.6657
-51.5898
1.55733
22.6788
37.2166
-25.1585
-9.70431
-7.92214
-23.9542
-17.1781
11.7325
-12.36
-10.8566
-27.7043
20.7801
38.3993
25.4443
-6.39833
31.1821
25.4172
2.47655
51.0888
-33.7168
-20.0058
9.66345
-21.6984
48.6164
-34.9575
22.8126
31.3335
-31.8605
-6.64155
-18.8324
-11.5037
-0.134489
82.1212
-38.512
7.30071
-22.549
-0.987067
-13.4166
-30.2818
28.315
8.64835
42.4418
24.3307
-34.4497
25.7464
-5.19255
-31.3134
-1.33725
34.8982
-2.05492
14.458
2.94093
17.3712
-31.7444
37.4391
14.2134
-46.6925
-8.44641
16.7107
-39.8168
-10.6242
-49.8601
-52.6878
35.0102
35.0307
21.7779
0.892378
-77.4497
-20.6829
36.1846
-48.0884
-8.91994
-19.1818
35.1435
-38.3258
4.31759
-22.9464
9.11347
8.10166
23.1906
44.9406
-36.1033
-63.648
-20.0703
-27.741
33.7565
8.67997
4.59015
-7.39968
9.20399
1.83167
-19.2191
-30.4058
19.55
24.9808
20.3775
-3.55416
-9.48959
3.86956
28.3576
-39.9279
-16.9269
22.685
27.8554
3.70869
-3.65437
42.2158
11.9593
6.32184
31.7175
-15.7849
45.7741
0.62868
-95.4473
23.6749
-32.4923
-10.7459
-49.5847
30.7454
-9.15359
14.7469
20.8628
16.0739
4.07686
41.4847
-5.48335
9.21173
28.3815
1.31532
3.88706
-17.3143
13.9908
8.86882
-11.8377
-25.2483
-34.9711
-34.6061
19.8167
30.093
36.6886
-13.8721
4.12534
-0.634697
-43.7023
32.3208
-4.77689
2.70259
0.979296
-25.1549
-37.9269
-28.118
-13.0646
-27.5158
-13.2188
5.03552
-10.6385
16.5286
-5.79709
-8.94388
-22.5357
-16.2358
-6.94294
-34.3907
-13.7049
-10.2546
-3.0283
22.9869
18.3426
40.9739
17.8744
-38.5467
39.9948
-45.0343
-17.8312
7.06593
1.47374
-49.7796
-39.7571
-10.9947
-10.2142
-4.99039
0.905041
-20.0026
-13.9921
-15.0483
-1.97482
34.8294
-4.04503
-19.373
-55.5111
-17.4016
-25.021
-26.63
38.7244
31.7905
16.498
-21.2873
2.36796
-6.12028
-35.9866
27.3917
10.2133
-0.357259
39.2636
1.83357
20.7372
-32.1611
-8.68028
-16.7127
11.9668
-36.1503
-22.5631
-27.8549
-29.6771
-20.3284
16.6251
0.74954
49.5298
15.8176
-3.93179
-1.68633
-46.1541
-25.4334
-17.2975
-1.25828
9.62592
-20.0395
24.2402
5.69644
-3.3962
40.0613
-11.5379
-20.4639
-7.23864
17.3414
2.96013
33.9063
24.3663
33.0084
-9.119
-32.2941
-65.6745
0.0770272
52.6436
-19.8331
-4.47359
-9.41738
-12.2749
25.7846
-7.48442
38.8845
-4.85649
-12.6728
18.1609
29.7265
-0.781661
-27.0439
1.06506
24.6052
22.083
-24.0869
1.74517
-20.8749
-23.9995
6.54156
-50.7983
-14.7054
23.474
1.78103
-3.17152
-16.0925
-48.8748
20.3932
10.6236
28.343
35.9837
2.94154
-29.3732
-29.1519
26.9709
-55.3514
-14.369
-20.2774
-7.03285
-21.9086
28.1011
-17.488
17.5828
-23.7671
-11.4745
-5.57077
-10.5181
-11.7972
6.11457
-9.78602
-11.3965
-1.05619
-7.71183
46.2738
25.5077
11.3664
9.27948
14.2842
26.2637
-22.1674
54.3363
-87.462
27.5498
-14.394
6.2701
23.9366
40.3961
-35.731
-37.9222
21.133
10.031
-48.8409
-24.7328
-20.1976
5.23498
-5.7886
-8.41391
-18.6684
8.3878
-13.5596
-27.1722
5.17321
-4.37483
-43.927
-27.3459
31.1037
-12.8032
40.1027
10.6816
-45.5193
12.5212
33.6509
13.8306
0.467124
9.59223
-49.7237
19.0439
-32.4452
-16.5952
4.45556
25.1735
-6.53253
3.46705
-29.9283
25.5293
-16.5776
42.0278
27.1891
-10.7284
-36.5615
-32.6285
36.4119
7.78838
24.008
28.517
52.7229
24.3085
-12.2039
-31.4927
-26.6944
-22.4921
46.6339
31.3648
-31.1296
13.6978
-28.7894
-13.6632
9.71568
15.7101
-12.1519
-12.0238
15.6423
-8.86449
13.3087
-12.7321
13.3042
-26.8288
5.5759
-17.9356
-28.3517
-11.2673
-30.289
-23.0274
-12.4158
-30.097
-24.2827
35.9111
-42.4468
-19.5261
-8.53419
-47.2814
28.8843
-18.437
40.9643
1.54005
-27.1661
-10.2861
-13.2539
5.18205
-6.15283
-37.1077
-9.82659
-4.40141
-52.5785
-5.6883
-15.879
10.494
-31.0462
-40.9328
25.8814
13.8867
13.0474
0.145391
-1.21224
8.86041
10.4567
-6.76964
21.3486
49.3198
-14.1199
-35.2284
-57.6253
-34.6017
10.0683
-21.4603
-90.5189
45.8207
-2.41197
9.82867
-4.30783
27.3409
-10.5762
0.797858
-14.6906
32.5938
-28.1014
3.98449
-19.8653
-31.1764
64.1398
-34.9986
-12.2774
-48.7575
-26.7176
-6.79453
6.47804
17.7942
-24.5774
-14.917
-3.29978
-20.5169
-60.8121
40.8136
-2.03907
6.93251
-46.8091
28.4397
41.2348
28.8628
-13.2527
4.76715
25.7958
15.2194
8.17982
-11.1356
-8.56717
2.63673
20.1594
-57.0387
-12.0031
-21.0467
3.37632
-16.8035
-17.9909
13.2149
38.8811
9.87907
-8.46811
7.50581
15.7829
-12.2383
-15.4071
5.14938
-13.9753
59.0853
-44.5646
14.4842
-19.6441
59.1154
26.5183
-10.5633
48.3463
21.5984
-30.1152
8.76917
37.2377
4.52023
10.8151
3.16571
-22.4912
20.5613
-2.699
6.2103
-0.242133
-0.0960689
-11.5293
10.2892
-11.2489
30.7557
-0.207205
16.0283
13.9661
55.1789
-10.3216
-3.09854
-41.1439
-12.0889
60.7695
29.3547
4.4593
6.2768
41.0446
-14.7759
-15.6343
1.0548
6.72725
19.9616
-2.70456
0.315719
-44.6868
-19.7481
-35.4357
-40.9575
4.58109
-16.3411
16.5989
-52.6354
-10.9309
-46.9746
20.5832
-7.14441
33.722
31.7071
-40.5468
-57.9659
-28.2843
30.9321
-22.6525
-12.8209
-13.7501
16.9738
13.8746
4.2162
-4.82346
-7.96249
-8.91238
32.825
10.9837
10.1187
-0.199465
-35.9607
41.5851
19.4398
-18.8031
-19.1787
12.4556
-27.8004
-2.53908
-12.5294
12.7767
14.5023
6.32623
-37.6741
-10.1215
42.0906
10.9385
-58.6424
-23.9964
4.9955
40.2013
30.5724
65.1908
-19.7303
24.035
39.1117
-24.1943
22.2266
30.313
-41.8513
-14.7479
-3.22888
15.6074
55.6697
-35.0989
23.9784
0.197247
8.77367
-19.7026
12.4466
5.3125
-9.18972
26.4787
-8.31761
-2.833
21.9656
-26.7844
1.56637
-37.3928
5.02161
-21.3042
36.7589
2.48683
4.3514
-32.0631
-3.53695
37.068
2.05186
43.9358
19.6978
25.7661
-61.7042
32.6096
-12.2066
-6.83386
-52.1952
35.0722
-2.05107
21.4509
-47.9415
-3.57172
16.1758
25.269
-62.3854
-25.4311
13.3192
-12.5226
-24.5278
-41.5104
-29.1939
25.9991
-48.4996
-33.9109
-20.5722
-71.4105
13.4543
19.6842
9.59946
-5.70079
30.7602
30.5704
-5.1332
3.27516
53.4856
-6.64611
-17.65
-2.96007
-40.7365
6.85968
11.2437
-54.1935
-7.30413
26.0367
10.2421
29.9075
33.3943
2.31
-14.9143
-18.1737
-2.84874
20.5925
-6.25968
-6.99456
-29.5334
-14.5985
70.8347
20.8111
-20.751
47.0177
-24.74
10.3759
18.6961
40.2515
-0.961805
2.54346
-7.06589
13.7775
9.33401
3.35724
-35.4681
24.0732
42.1332
12.4617
5.57659
-23.3923
22.2538
-22.3326
51.9411
-24.4316
4.93221
-10.8062
-26.2967
4.83615
18.2434
1.22933
34.5924
-24.138
18.0998
21.5461
16.6691
-11.9507
-7.32554
-36.5254
-18.535
33.0702
-14.5666
16.3448
-38.6007
8.43674
-46.2314
-46.8046
15.5286
-6.70171
-31.4313
-30.7709
36.1871
4.68013
36.0891
22.2633
43.8621
7.15414
-54.8121
-30.4211
-3.43842
8.20827
33.1969
11.2984
7.39996
-10.0692
-30.1311
2.62733
31.435
-5.26008
39.2721
-38.9428
20.6317
50.0011
3.0501
1.9083
10.3139
13.7324
-2.83129
6.7161
-50.6279
13.3212
52.5639
-3.96251
-25.9124
5.82947
-0.0218731
-16.2282
15.8153
-31.6064
-14.7052
48.2664
22.1412
2.51002
-27.5938
-26.3526
53.5748
2.29761
-13.161
-16.9824
-5.41656
-29.0649
43.636
48.9783
-51.3192
-41.9055
26.5944
-5.82349
25.3188
-26.1371
-24.7084
17.2371
-4.8111
5.78386
-29.357
15.681
0.512274
46.9663
-2.53817
-14.0396
42.5165
-20.0656
-19.7634
-8.97678
-19.0387
-25.0528
-26.9014
-17.2877
-2.23731
-49.2098
-15.7064
-1.13083
21.4823
1.16793
51.4232
11.7794
13.9557
2.91982
21.8921
-13.3693
-32.4444
31.274
-9.91486
10.5905
-19.9
3.6374
4.63145
9.81249
-19.5245
27.0601
-9.41094
19.7537
-7.94757
1.0556
-61.0556
-26.7988
4.06683
46.5826
-35.6454
18.4065
-21.4141
3.58961
-66.5308
-0.343865
1.63942
2.8397
18.8253
24.1851
-28.5282
-11.0025
-20.1257
0.360966
-2.57735
36.2363
8.92422
-39.9951
-12.1944
31.8888
-25.1036
15.1719
-4.54842
-18.3194
-34.3609
19.8572
-49.3257
-39.1395
38.5581
-3.89977
-11.8158
2.16689
-33.1153
8.88081
42.344
54.2784
-46.0692
-7.55191
26.0763
-52.4661
-29.615
15.9221
36.9974
-0.258009
17.9647
-61.632
-38.9873
-32.3814
-23.439
10.5286
-12.3414
13.6168
23.449
-25.9488
-15.72
-22.1775
49.9174
-41.12
-13.1677
27.9891
27.8625
26.7496
38.2663
15.7285
-24.7124
-21.0556
-20.6399
-32.1006
-19.8046
12.154
-8.40633
43.1861
-42.8572
-11.7465
-23.0518
-36.8761
-46.0367
44.9191
1.2018
-9.44179
1.27151
-26.1162
2.0547
13.8058
0.695741
-41.2925
-0.279064
-57.543
40.4794
-3.01293
-6.81625
43.2002
29.7269
24.005
21.9543
7.3117
4.62838
0.601626
-5.76551
-22.4618
2.32036
10.1849
-40.9377
-10.5074
-33.3004
30.2841
-10.4731
12.3058
-7.05417
63.4287
8.81219
25.1687
-30.1013
39.9868
-24.0033
-21.4262
-0.437006
-18.2229
-22.9711
13.003
36.9863
12.9433
-34.9295
-24.9486
28.3251
-17.1947
-19.8271
28.3773
-34.9433
-54.3996
18.0763
8.319
19.7898
4.1126
16.6033
12.3794
12.728
16.675
-26.2288
-2.89262
-6.69338
21.8858
-26.924
-21.543
-24.3934
27.8945
0.781934
24.7043
-0.577795
8.9068
31.5985
-7.99317
3.2018
1.80291
-7.22804
6.72252
40.6561
-28.0439
-9.47534
-13.9229
-8.50377
-3.17464
-47.4132
-34.0605
3.55145
20.8886
-6.02146
4.98991
25.642
-44.1513
3.36665
11.6001
32.0267
-16.0989
-92.3331
56.7162
-21.9666
5.80343
13.685
33.4308
4.897
-6.57392
14.005
-9.36183
-28.8882
-26.3401
25.3299
13.5185
-20.0341
62.333
40.0889
59.8656
-31.5751
-33.5041
18.0902
-19.4626
-22.9949
-10.0178
19.8376
-6.86495
22.8919
5.93033
-54.8573
6.00612
-7.49045
-14.6147
-46.8384
21.6428
-11.3004
-35.6351
41.3393
7.41509
9.64388
-4.23539
12.9728
10.7715
36.1945
-8.12488
-4.27718
5.08894
-21.1758
-18.2081
1.18984
-57.2877
24.3112
-32.9131
-5.0169
-11.9438
-33.1011
12.0146
-8.24693
1.54128
54.066
28.9203
32.6367
3.32325
-41.2785
-12.1621
-6.75115
2.50966
-46.1901
-28.8356
9.84253
34.5967
17.8933
35.2492
-8.53093
-37.4269
-27.5192
-4.31411
-2.17616
-0.568951
24.3282
7.62403
21.4875
45.651
-12.9694
0.466763
-16.9873
36.2381
32.486
-6.42197
-11.0725
10.8656
23.1635
19.5484
16.1561
-26.5493
36.7045
54.0447
6.93432
-35.6407
3.43208
16.5864
-5.68178
-57.0093
-2.10857
4.1873
22.0375
-35.3283
10.5867
11.1874
-15.0296
-8.48693
38.3808
-20.1857
9.35261
-3.86713
2.58169
5.8162
23.992
-18.3778
-19.0744
-9.35254
0.173359
-31.8097
8.88162
-22.3606
-35.7699
2.71306
-30.9902
6.97259
-11.0747
-23.2379
2.20351
-25.5936
-4.67064
-19.2242
-47.7282
-35.2409
-14.2155
-38.8323
12.0208
18.8714
22.8663
-26.888
-8.27651
48.9107
-28.507
7.3566
53.66
2.41806
-32.1384
49.1788
54.377
16.0478
-3.71923
16.2585
21.8467
-38.702
-32.2523
36.2167
-28.4997
-27.6631
-13.2932
11.8806
34.0384
-13.7068
-58.9112
-8.19409
20.1879
5.03629
-5.7049
-14.1462
-19.673
23.8856
-11.2248
-31.0463
-18.8217
11.3749
-12.1258
14.4633
-0.663809
3.25681
11.8748
25.01
-26.0779
29.6012
35.3236
-29.522
19.7986
-17.5498
17.7911
12.7479
14.5547
35.0889
3.29214
11.4206
50.909
-20.2572
-11.6908
-23.0209
1.09787
17.3572
5.63015
-25.9369
-11.219
29.8741
-48.9688
81.1302
-14.4358
6.16978
12.4415
14.7935
13.9914
-6.81302
-10.4039
2.28251
8.84934
9.70934
-3.95747
-31.59
29.2193
-11.5968
15.9101
-33.9721
-8.82301
6.29638
-36.0252
54.3674
20.0191
-21.0139
-11.1004
10.5639
13.4373
22.2212
-11.2055
-23.0283
24.825
11.4893
-45.7413
47.1933
28.6542
13.5389
8.11862
9.76293
-2.95553
31.7271
-8.54001
-0.658584
1.2137
42.9403
0.146505
1.71769
-10.8263
-24.4969
15.7029
4.16361
-26.9167
-14.8309
-58.9326
61.2678
-5.89129
33.9347
16.1178
-15.32
12.7291
71.9142
-21.7936
-25.3687
-54.2134
-2.64755
13.4945
-1.559
51.1493
40.679
-13.8979
18.3881
-4.30212
-2.98018
-2.72715
23.1087
-11.3334
-11.501
-3.83388
19.2833
-33.3131
-40.6584
-29.7978
-2.07299
19.2977
-8.44278
-14.8714
-23.9716
20.1428
54.48
8.27416
19.495
1.20251
-0.988575
-36.7367
51.2764
-2.78266
15.5427
2.93385
2.1534
-11.3664
41.5758
-13.6675
-41.7498
6.7169
1.45435
6.49409
32.7107
-3.5626
38.4693
-14.6725
20.4919
-7.26955
7.16359
-26.1872
-35.0034
37.8692
-8.95616
16.2575
6.54433
-9.08281
-5.22477
28.5946
21.2613
16.9606
7.40046
8.09292
63.9846
-29.6344
-6.02621
23.9092
31.7277
-2.68682
-19.9878
-34.9959
6.65158
-7.93506
23.2572
-7.63236
-21.5724
-1.77376
44.6837
0.311724
-58.1606
3.49191
23.8579
-47.7098
5.42416
-41.7526
-14.3185
-6.4286
-15.2605
9.06613
-32.6994
2.27816
-46.3971
-32.608
1.5127
-28.2066
-17.9394
23.3356
-4.56573
33.368
-17.6689
-27.7891
-35.0753
13.0951
-46.1771
-44.7047
25.4846
-24.771
-2.29568
3.84356
-5.28359
67.2334
-5.55841
6.4748
21.0566
-18.6703
29.2244
-10.3838
-16.3574
-0.788455
-22.9069
-29.9984
-3.05618
0.771574
24.4071
25.5077
-26.2725
44.8502
-31.0048
24.1581
70.8129
17.2595
1.99222
-0.901544
-2.19189
-0.90147
-36.5379
40.538
-5.03329
6.03582
32.1957
-18.1846
-20.2375
-42.8252
-7.60688
24.7759
-5.46373
26.7783
-20.8034
24.9921
-3.54101
16.8131
-0.214037
-20.9127
19.4927
-20.4531
25.8955
3.78173
5.1714
2.66846
35.8685
-32.6551
-12.1417
31.5432
-7.1876
22.3071
22.6705
15.9608
-67.5296
-1.14849
-36.3268
-11.2701
15.6545
-29.1874
7.61557
23.0645
-0.385704
-48.6981
-11.2959
-6.82112
-36.3389
-31.2784
46.7312
29.2959
-6.54443
-17.3946
-6.83354
16.323
-4.60976
41.0311
13.5939
-3.80958
13.0167
-32.0503
11.6584
-2.91724
-9.59162
-19.0083
51.0311
-17.4344
-11.323
-44.9893
-35.9619
8.58011
-0.0745479
-22.7166
16.7646
-4.30591
3.06937
-19.341
-44.284
-10.269
-22.6997
7.24385
38.1557
-20.4503
-3.89978
-4.70116
-42.3307
39.4249
-47.1659
1.4513
-53.729
50.4791
-34.7018
-48.4333
37.4004
-5.05432
-18.7948
-9.20548
4.97979
20.7721
15.832
43.4921
-19.7622
50.3423
27.4607
-35.0577
-16.7924
14.4412
-24.0799
32.9193
17.9698
-6.84306
4.00022
-14.0989
-7.46154
26.6752
-16.3213
-2.6818
-7.70241
5.53946
-39.2128
1.63037
-10.552
44.24
-12.7373
6.69835
10.5174
2.71742
18.6518
-25.5148
-1.37483
23.3361
-18.7754
-2.914
-39.1244
-49.289
-61.7497
32.0369
-12.5842
-34.275
-9.05403
-13.0485
-41.8558
-8.12422
-32.1151
35.1287
-10.2221
-4.94411
-5.64104
-0.302468
-11.2581
40.3402
-6.30556
-13.0573
-11.4371
6.46462
20.8442
28.087
-25.4202
41.133
-3.77661
-8.37127
14.2623
-18.0301
14.4446
-4.72143
-6.87018
4.95283
26.3398
5.76246
4.33191
13.0614
-20.5981
15.0673
3.51429
3.4305
29.8657
-26.4889
-15.4425
37.756
30.3395
-11.0752
-50.1407
25.4358
-35.8092
-49.7755
-23.4015
-7.95027
-0.413885
-9.11557
-18.2048
-31.2234
14.8028
10.9814
42.1803
-11.0808
36.8112
-16.1892
-9.65789
20.5297
-34.568
6.01102
15.773
26.8652
-17.1482
-12.4474
5.35741
-6.99289
4.08861
13.7856
-32.0925
25.6922
-9.99948
17.5883
-10.5049
-0.943128
2.73138
-12.2749
47.484
52.6891
37.8886
25.48
11.9566
5.36947
-3.7536
-35.9269
68.1533
19.9328
46.3407
-48.0494
-2.39643
-19.3607
20.383
-30.2256
-13.9009
25.6236
-2.05948
6.10929
-8.05501
-37.6857
-22.3074
10.2045
18.4779
-31.3601
34.9006
34.6683
-36.4001
-5.36877
-39.9457
-24.245
-41.1911
-1.30632
-8.74806
-15.0594
3.12112
-22.8646
-37.2345
0.463537
-29.4127
71.4967
-40.472
-6.48912
-1.49458
24.4395
51.3322
-7.09849
-38.8927
-33.4051
10.6288
44.7679
36.4412
8.04934
-50.041
-20.8866
8.36338
15.7188
11.1847
-85.4599
66.4717
5.36746
37.735
33.1065
0.9025
-8.33182
-9.4566
-29.9191
8.13033
-24.7122
-0.529583
-25.7794
-1.22406
21.8017
-0.434155
29.5205
-17.6933
2.99267
41.0358
14.3577
-10.8305
-30.7899
-6.12621
-29.3213
-2.59107
29.2291
-40.3815
8.93273
22.0497
24.2242
-48.1518
-5.84158
-31.8226
45.4932
9.37466
-9.99764
-27.4103
-7.80483
4.99381
-4.54486
16.2317
30.1947
28.6199
15.2686
29.6004
-16.2843
3.84864
-32.175
30.1219
-25.8359
-15.9568
6.99243
-6.27574
21.5426
17.3533
-25.8738
-5.61944
-4.05187
41.1631
-8.16196
9.81593
3.85251
-34.015
21.5059
-22.8311
25.5646
-13.6666
41.387
22.5858
-35.1295
22.9418
14.9993
28.2855
0.659246
-20.8288
-52.7849
62.1329
-13.2347
-11.2764
-17.4738
21.4739
20.107
-44.3265
-0.737352
19.0135
-6.7015
29.1669
-21.2807
33.1033
-2.94488
-16.8486
1.62122
27.1897
25.4836
-4.06788
40.0373
46.5463
-2.53324
-21.9805
-15.1973
28.2433
-30.8502
22.3266
30.797
20.0616
29.8584
-27.8558
-19.7598
22.7418
-28.011
4.99089
8.11671
21.0867
-36.2606
40.9418
21.8964
12.3518
0.00241071
7.68665
41.2833
-0.0812721
-39.2326
59.9687
63.8264
-1.71084
2.78886
12.8387
-33.4478
14.2304
52.2038
-21.5662
8.56449
-25.5934
-3.63588
30.9527
-27.144
10.4734
-10.4551
32.729
-20.6666
-27.108
-5.5806
8.47627
22.8543
26.5025
7.63622
18.9349
4.11975
-15.7873
-25.6664
34.6236
-12.8704
14.8204
-5.23278
-27.9219
-50.1513
23.1579
-36.3688
16.0024
18.9997
9.06845
25.5099
26.3439
7.24375
-21.4668
50.8767
35.1514
-59.3056
32.098
-0.473712
14.9072
-19.2293
14.6023
-0.724202
16.5816
16.9593
-7.14733
14.4615
11.0562
-10.4646
4.73624
-38.824
-41.5387
13.2433
2.7597
-10.9038
1.08092
-10.1487
40.9535
30.8653
2.17417
-6.17703
-35.832
25.5183
7.44159
40.8593
1.77491
41.9762
-36.4504
-18.2611
14.7857
-10.0489
11.2362
3.01539
45.8726
20.4281
-3.15453
-21.4283
-31.3657
24.5735
55.7299
-25.1816
9.02979
21.4396
-10.1035
-19.4683
-13.9282
30.403
-36.6693
6.57262
27.7666
-11.8946
36.1324
-35.7025
-21.4949
-6.16459
-9.45518
-22.031
40.5179
21.6242
-29.8879
31.7936
11.8666
19.5766
-12.0833
36.9543
-8.61355
-3.64457
-11.4286
2.54542
8.02787
38.4028
16.469
-12.8118
-3.40462
-28.5072
23.1517
31.6585
-3.90531
-8.83769
0.154673
-21.7603
5.40627
-31.1734
31.3852
-5.99671
-9.39409
19.1587
-12.119
-31.222
-60.0791
-7.08685
17.4689
-34.6228
49.8699
-12.656
2.41893
-13.519
28.7921
-49.0112
-14.024
-15.1262
21.912
11.4416
-2.82479
21.2944
-27.1977
-24.8754
-37.1039
-18.9486
19.647
-9.50974
28.6158
40.2395
2.00525
59.9952
54.4328
-5.69149
15.863
21.7429
-5.44673
-23.2446
13.0541
-3.79683
9.24876
-13.0023
24.6653
-18.9957
10.7263
-16.5133
-16.5819
-27.4295
31.1014
8.96038
11.2267
-12.9334
0.552273
0.669598
-52.3096
-12.417
34.9194
-41.1131
-60.725
13.5982
0.24642
-19.3992
-39.2403
4.78585
-15.7331
16.97
10.1888
-32.5172
-24.7403
-17.3219
24.9251
6.80719
-49.5617
1.30245
1.27493
-27.0602
-11.3706
-25.954
2.30794
-13.5755
-19.6787
-27.6691
-2.07339
-27.7659
24.1072
-15.8469
-33.0163
-8.68151
-31.1631
14.3205
-16.3749
-9.07861
-23.7911
-35.5521
19.4818
-0.0165846
39.2872
-30.261
-27.8134
32.2153
2.31917
7.3687
-25.7061
1.36817
32.5789
53.1422
5.5387
30.8011
-6.27924
-11.607
-34.9582
16.6505
58.5114
26.5278
14.3331
-19.9141
56.2895
30.3043
13.7623
26.2229
-53.1775
-7.08026
0.810923
-8.34923
-30.8935
47.7617
25.6633
4.544
-24.1676
27.1289
-12.8992
-23.9848
24.7265
-7.63769
5.41598
41.0504
-7.89533
1.77821
-30.3921
38.8602
-11.543
-44.3314
-28.5266
20.0599
-40.3139
77.4129
12.8806
27.9125
-41.5288
1.01842
47.4674
-6.67698
-12.3465
15.4927
-29.0681
-7.86829
13.3369
12.8751
-24.0157
3.78543
-16.3011
-16.468
-9.59935
-12.6444
-18.3292
52.9289
-32.7736
-7.57702
-24.4761
4.29339
-36.4041
8.99627
-37.0606
21.4167
13.9834
-15.7258
-49.5213
63.9178
-11.3088
36.8914
27.7964
-68.6152
0.611368
-8.58699
37.3003
3.35077
11.573
-1.20889
4.5844
-17.4993
-32.8152
1.07235
-24.5665
-23.7405
-11.7301
-14.1589
-16.1304
78.7234
-24.1832
28.7164
30.1171
-1.82122
3.33699
8.34747
-5.29398
28.7003
-61.1968
-66.3405
0.421179
-37.6341
15.7459
14.9781
-31.5427
5.49014
5.55714
-34.8934
14.8985
-15.9984
-3.20189
30.324
-23.8896
-6.32632
-14.7574
-4.25194
21.9496
42.4871
3.82984
39.7846
21.4767
-19.8764
-28.8204
5.90105
24.7069
-9.34332
10.4207
7.09644
36.57
43.4553
-25.5104
-38.2738
22.304
52.3853
41.9703
44.6993
-33.1919
42.5612
7.70158
-6.2675
-6.82795
-6.66018
7.98605
-32.1468
44.2913
70.2767
13.2421
-18.8726
17.8505
14.3101
-28.2067
20.0979
26.3625
-26.7499
17.8117
25.2397
46.853
14.3022
43.8775
44.8669
-7.08898
15.6022
13.269
-14.9246
24.7943
-15.7216
-4.83976
22.5956
13.0246
32.7646
-12.5163
2.94258
-28.8863
-26.6232
1.49212
-10.4968
-11.8215
3.6866
-7.8079
-12.3136
-8.05112
-12.2759
15.3121
-35.4612
12.704
19.8096
-4.52773
-11.1105
45.2955
-21.1357
17.5936
3.31664
51.673
-16.5048
-39.5873
-15.3027
17.0878
-17.7236
5.77529
-8.84776
54.3625
6.44014
-5.29188
-21.0787
24.9225
35.2794
-6.58683
-29.397
5.00253
25.2821
-11.9893
4.94488
-10.6186
-4.01304
17.479
-7.20634
-7.91817
33.5268
-19.9047
-28.4288
23.94
4.43671
-36.696
-2.50329
-12.7752
-6.73707
19.689
27.8447
-12.1227
4.53663
-1.91266
35.2673
-32.6227
-39.4539
-1.05542
-8.93532
27.7987
28.4645
10.8494
-1.1081
-17.9196
50.2471
20.6595
-20.0309
58.105
14.204
-17.5315
3.62001
-13.9924
8.9715
-29.0813
-18.7057
2.0083
-27.2911
13.5774
-18.6225
-24.8074
-24.2794
34.952
0.748707
11.4626
56.8839
-10.5929
15.1729
10.739
19.2539
-13.4382
-30.9464
11.1037
-13.186
11.7474
7.97715
10.3762
-12.5602
42.449
24.1588
-57.9898
-26.6893
-38.4431
12.2025
-9.98437
-18.6252
44.1341
9.52773
2.95344
-5.9289
7.52539
-1.95894
-47.0941
-17.0082
-1.86001
7.2879
-37.7685
76.2367
6.22276
-14.4433
7.78664
7.45139
28.5304
-21.4292
-3.7298
6.79462
5.75606
26.9258
24.9486
28.1475
-3.48444
-15.3081
-1.42541
-10.4609
4.26935
1.35477
0.995564
6.59924
16.7924
-36.4484
-23.0089
-38.1025
12.013
50.2812
-34.4771
3.99285
-14.7232
7.31286
-1.19679
5.84651
-45.4044
3.71517
-37.6564
-3.62711
-9.76289
3.02708
-5.67221
1.19378
7.43554
-1.75633
-27.8562
-9.54869
69.2889
42.8379
-17.4045
-3.30114
-0.954344
-22.084
-0.0273554
20.1656
-45.2737
-43.3316
31.3427
14.0154
17.8866
7.67045
34.191
-0.967965
-40.447
26.5529
-31.6868
-32.3118
-20.2392
20.2767
-18.2798
-12.3791
-34.0647
40.9057
8.65469
21.4529
9.64319
5.36084
22.6692
-10.9055
-20.6109
33.7694
3.20093
-22.1702
-3.35518
-8.87105
-13.0744
13.3396
14.4831
-36.7489
36.4444
-0.0662919
21.6076
-4.02362
-27.337
-7.05218
4.68032
-15.6293
-13.0289
3.29557
3.01523
47.1741
30.092
20.8191
16.7807
-9.83754
-46.9236
14.5369
2.11356
-7.74278
-5.46066
16.7353
-10.9541
-12.2893
-35.9634
-42.7834
-19.0465
6.19185
-35.3463
33.8384
41.3413
-47.4714
25.6875
17.6266
-14.563
-29.8886
-9.33847
38.6338
5.20502
36.5794
24.4323
43.5767
11.8306
-52.8072
-1.59553
-10.5264
-12.4301
2.45203
12.8632
-19.1763
39.9274
29.9683
-48.0861
-16.2136
-6.44327
30.4385
-17.5703
26.9426
-23.501
-37.7655
39.7569
5.24213
-22.8229
29.9842
-12.1534
-32.9415
0.441717
20.1858
-14.768
30.3585
28.5008
-32.2535
-33.5048
18.1444
4.85548
9.80508
4.59629
31.7595
-53.7802
-23.7802
-13.1388
11.7408
7.48088
50.7614
-15.8109
-0.840091
-16.3883
31.9002
-46.8578
1.67598
30.3089
18.3306
-25.4343
-10.9897
-25.141
-9.05423
-12.5123
37.7074
-8.67296
10.4194
0.0717362
24.7741
2.31535
7.25253
-9.1198
33.0083
-42.7603
1.71766
9.22214
1.12288
-9.13186
-22.5941
-7.2132
-26.671
19.8275
8.50837
-14.2442
-27.0659
4.86819
-20.6551
-12.954
18.6001
-33.5108
11.9491
0.145359
-38.1806
42.2238
-14.3769
-59.5075
19.3129
4.04511
39.3516
-5.22989
7.08688
-20.6416
27.8997
12.925
-19.4038
-7.9782
-29.0714
32.599
31.2381
-15.4748
-4.71714
38.7428
-45.6435
6.55993
-0.334978
-13.8398
-8.49037
57.7474
28.5734
6.75687
-30.2043
-3.02262
33.6426
43.0205
3.88562
-0.648906
1.58054
-6.35211
26.9919
-7.14968
-50.9852
45.1809
31.0004
-8.627
0.155684
-10.8309
-21.6481
6.64617
-18.0869
-21.3995
36.4373
33.1358
-18.8758
13.2318
-11.8675
23.0881
27.4965
5.73292
-9.48097
14.7242
-3.41986
7.04523
25.0154
13.443
34.6758
-13.3773
-39.1105
-9.21997
-24.7328
3.13334
8.70775
36.7287
-2.30292
-24.1381
-2.96043
68.373
37.3706
-7.54368
35.1933
-14.9091
54.9326
-8.88529
25.1365
32.3635
1.25534
-7.30754
-14.6028
-16.2297
-23.2324
26.3342
-44.3069
30.2621
-9.65849
-4.90295
21.69
-9.95647
-23.4279
11.6286
-36.6922
18.8944
-36.9494
12.5577
-9.64228
0.468659
-36.405
14.0142
38.2473
-12.211
21.9693
12.3339
10.1063
0.635857
8.09914
-13.8587
21.6785
-29.9342
36.3153
-43.1352
7.12123
-38.7388
-51.2919
37.6461
31.5515
-15.1213
9.25478
-8.05484
-12.0129
15.9652
-21.0673
-4.40492
-21.6271
-5.34505
-1.43737
30.6367
56.3889
55.2353
8.04678
-7.39248
21.9744
4.06484
10.9254
-11.6956
-40.2628
-2.87877
0.629763
-46.9875
-4.84129
38.4649
-3.01861
6.81133
23.4604
22.7147
-1.72267
46.2347
-14.231
-32.3461
28.9013
16.6946
10.1925
-8.15552
-53.5864
49.3802
32.4005
-42.8195
5.68525
-22.5461
-8.26081
-48.6325
-4.24536
-18.711
18.2511
-25.4304
-13.9363
-48.7655
29.3204
-19.3063
-30.5183
-32.0203
13.032
27.1867
43.4201
38.9981
-15.3838
-5.87962
-61.5236
16.494
-5.80449
12.0579
-22.3876
-4.81794
-47.4799
-16.4848
-19.6693
-41.2322
71.5115
-0.294287
-9.60705
-2.80606
8.15793
6.82931
-23.7594
22.3161
-31.3701
24.0896
5.7123
22.5012
27.3059
-43.6443
-54.9148
19.4766
-61.4818
-30.0165
23.8029
-78.1692
-33.8908
-8.2903
37.7212
35.8402
49.5122
-7.36701
-26.6803
21.4377
-18.6678
-32.2828
-15.2639
-15.6623
3.19606
-6.45694
12.5199
-17.347
-16.9069
-0.987934
-29.541
-22.2926
41.3942
-8.65646
-11.4385
-24.7955
-46.3146
-8.64356
13.3789
-4.42511
-5.98838
25.2146
4.46282
2.27181
-0.887792
16.5527
-26.9346
33.3117
61.4133
-21.3341
-41.4441
1.60152
24.9026
-18.1745
30.3346
11.9164
6.75384
-53.156
6.66111
-12.4533
3.98549
14.6163
-10.1916
39.1469
-36.9073
-20.9922
-0.947758
-35.5451
-10.9632
36.0729
4.13084
-32.0907
-8.36398
-6.42658
-13.0871
-41.8118
15.6713
29.507
-1.16126
-5.22537
-34.4276
-12.7952
4.69049
-2.17868
-32.1954
50.7047
10.3537
36.198
38.3619
19.0927
-5.51891
-2.43319
29.1665
26.2308
-1.55508
-1.93158
15.0912
-6.83145
3.50886
5.78986
-54.878
-42.5255
28.5946
7.10462
-50.2179
58.6646
16.0201
38.436
-21.6129
25.8009
7.11014
41.6197
4.93028
-12.0227
-2.58256
5.07773
-1.88127
-7.56184
13.0867
35.4506
-1.0135
-16.2879
22.0851
22.664
40.3493
-36.8376
9.63595
11.2866
18.0424
-5.22077
-22.8351
-47.9703
-3.77369
8.84927
-18.6062
10.0508
57.074
63.5765
-66.67
-6.22494
-16.1183
53.9242
4.21677
-7.73532
5.67477
-2.45304
-40.908
-13.018
14.0079
-9.3584
30.0072
2.28212
-3.28109
-53.8932
27.627
15.7572
-15.7042
17.2737
-22.0527
44.0674
-11.7037
21.082
-25.8102
41.2043
-15.0639
-17.3699
-27.8245
103.736
29.2794
-0.0964196
42.3671
52.0601
12.4939
6.70248
-48.0215
-17.611
31.1786
-18.3488
31.3495
22.3271
13.3706
21.0893
-11.8118
-1.36696
42.3671
29.5451
-34.5645
22.2975
17.0965
-10.2535
-7.52255
1.63059
2.72877
0.987548
14.6975
-0.785845
25.3755
5.25735
-23.4872
-21.0415
26.8913
-28.9766
11.7331
-11.5963
-2.63257
45.1458
-37.2468
23.0854
8.73076
3.81289
19.63
36.5279
-11.4174
15.9876
-13.6185
6.5222
10.3514
-44.0404
12.6253
47.409
7.79632
-4.89674
20.9668
11.2458
8.19639
-2.32891
18.0509
-8.38819
-22.8906
-16.154
-46.0873
-27.7375
50.2618
1.46477
21.7081
-27.3903
-45.3662
30.9753
-3.91119
-11.6136
-5.24652
-19.4859
18.2926
26.1921
-7.56318
-19.0592
-26.3036
10.5877
-18.9837
35.9381
-21.0055
7.61803
-15.2143
8.21036
10.1673
21.0766
21.2841
54.49
-22.154
-8.21948
-1.95283
-19.4954
-1.22044
41.38
-6.11552
-11.7504
62.9565
-22.515
6.25216
2.50332
-14.3382
-2.38523
28.5729
58.7707
13.3817
14.1384
15.7243
7.74067
-20.1814
-33.6124
9.6372
15.9729
-14.3693
-19.6675
21.062
19.8984
-41.5992
-13.8734
23.4383
40.2274
-24.8853
54.3752
-70.2885
29.5722
-7.70818
6.29889
-29.9969
-9.38947
-14.5908
-21.5134
7.73452
-4.2848
22.9419
-30.875
-7.13259
9.3971
-24.725
-9.36548
11.4718
41.7122
-23.7198
38.2451
-2.45424
20.0231
19.9669
29.5067
30.6484
51.4747
-28.9758
31.2183
12.8122
37.844
-20.0847
-18.6706
-1.17088
35.952
-2.78229
5.86705
11.1095
-19.4877
2.71063
-17.0493
15.3906
-17.2754
-24.0051
-9.55044
-30.0002
4.49229
-35.8372
24.0582
-0.507078
14.1681
-42.76
-44.2412
-4.09118
-12.9407
-22.2004
-15.8458
15.4198
20.0741
45.6889
16.1568
14.9741
34.4244
-57.1544
24.98
60.3538
-14.7863
-33.0214
16.4061
-1.53166
-24.8359
12.3376
-5.45792
7.09869
1.37602
0.420496
-49.4026
-8.60755
-17.3261
20.4601
36.2149
36.1309
18.9877
37.8484
26.8764
44.6898
-13.2993
28.0947
-6.34077
-36.3581
18.7367
-48.182
20.8236
34.2796
-14.0277
-5.97573
24.3414
-9.87627
19.0064
-9.25775
-6.23559
-38.6863
-28.5601
-37.2391
33.7448
7.22463
-10.3965
57.2987
-2.7443
-37.8737
5.58851
-28.2085
-14.5876
-0.908921
19.3333
47.7789
20.1339
59.2163
-0.200053
1.17567
-23.4987
4.88183
-27.2879
-16.4669
15.4922
-6.17599
11.3146
2.72254
6.45457
50.779
24.2718
-41.7481
-31.743
-0.086341
43.8242
-48.9467
11.8386
-0.13081
-45.4495
-15.5073
21.1222
25.7882
0.267761
16.2199
29.5042
9.45952
6.41542
1.57292
-35.1908
0.430213
3.62486
32.2155
-4.41594
19.9354
36.2851
-21.5076
32.7926
28.7529
6.89139
-3.54863
13.2155
26.8726
-22.4419
67.4823
-16.2625
30.8143
7.90497
-28.0796
26.4307
0.168866
0.581341
30.7635
29.7187
22.9256
-0.967305
-4.36664
-37.9557
-61.6609
-32.21
-21.2795
-7.9182
14.8814
-9.33294
19.1875
-17.2836
-4.93714
-31.5565
-7.4405
-12.7169
54.7309
19.4575
-30.5194
-50.6944
-3.12402
-46.3651
-41.7666
32.2063
-14.5292
1.87008
-3.89661
-26.1051
7.65782
-12.8302
-21.1866
-2.72861
-0.148059
23.413
-33.9752
-0.189634
-2.22846
8.42928
3.38995
-7.66015
15.8318
43.064
34.3997
-86.8869
-31.188
-5.02486
-23.7415
-18.0759
6.466
30.4143
4.29959
54.5415
-18.8853
-50.1704
11.0351
0.0652472
38.6146
1.98388
-2.14975
9.90244
-36.1204
42.3074
13.0073
40.7778
-22.3723
-5.18309
39.4282
-37.5278
-23.0656
24.6826
5.62686
50.3694
54.1993
-5.18342
28.2334
7.07347
-33.887
16.6561
-26.0032
-12.2308
25.7307
-19.1404
-12.5867
-22.6505
6.51561
-38.857
-3.24707
40.3738
-1.23836
11.5242
20.8508
-29.9878
-34.3414
6.85498
-28.9077
38.4091
-3.54304
-20.804
-5.35713
-14.3947
12.5344
-72.2476
38.0596
16.9169
26.4856
2.96073
28.4443
-39.2523
1.47101
34.7104
-34.039
38.0867
-15.2208
36.4316
30.7005
-26.0409
-4.45394
-49.5895
-19.5611
2.64238
2.61653
-10.0655
9.60192
27.8196
15.4339
-23.9347
-29.8409
41.3372
38.421
2.918
-23.4741
-3.5188
-47.5243
-25.7106
6.23202
33.4542
-10.736
35.2582
7.81527
23.9104
-15.7536
-19.0339
6.39595
24.1397
-16.4686
-43.4478
22.7107
-2.25275
-24.7782
-40.8017
48.6936
-2.14144
-28.2892
29.3024
-11.993
-4.91115
-10.8938
8.5254
9.90869
-47.6695
-35.89
16.7866
-10.8813
3.96688
-49.0621
-30.2053
-9.9263
4.24038
-7.38125
0.933899
-39.1293
30.0694
72.7409
-35.1612
29.3064
-1.11536
-5.16671
12.5414
-36.4136
21.0874
2.97493
40.5423
-38.5606
28.5252
-24.6814
2.50745
-20.4801
15.7583
19.1731
-22.1411
34.546
-1.12073
5.01002
28.5421
2.19944
8.81824
-3.7273
72.9037
6.73378
-22.1212
-15.2148
-22.6577
-1.21227
-12.5419
9.86024
-24.3243
16.1341
8.75356
3.10444
2.44816
29.6144
-5.36681
40.6119
-3.5855
-0.663469
37.0551
58.0297
-31.0869
-19.683
-21.5947
-22.0202
-9.0154
8.35205
44.002
-12.8856
-19.5161
21.1902
-4.44984
9.11664
0.156515
-10.9922
5.7458
-32.3521
4.1706
-9.13191
42.9561
16.2164
-48.6396
-16.8873
6.7344
-52.7329
-51.91
34.2625
-3.38234
4.76952
-23.8523
-13.8521
21.1307
30.0879
-12.0798
-39.2877
0.0493453
13.6298
-46.2172
35.247
5.77294
6.65166
-6.00534
-8.13164
-4.03384
19.4006
-20.9407
18.3617
-15.4302
-59.053
9.10132
12.43
-4.41543
19.8739
17.9379
0.102418
13.307
-0.0227159
8.00581
-0.296935
28.3015
39.2392
-2.13689
45.1007
16.9854
3.73378
24.2591
-13.7225
34.4665
-6.21194
36.026
-53.7214
15.0477
0.195437
-19.5225
17.0615
7.55213
-0.307084
31.1989
-6.91079
18.912
-18.7757
11.6733
-2.90139
21.7008
-22.1397
-2.60141
-9.19809
-16.0613
11.5648
5.62045
26.9319
28.5869
-30.2328
-5.14066
13.2602
34.297
43.5586
-22.8471
52.6498
6.35196
-42.1675
-15.0563
-8.19632
-28.7319
-25.4718
21.6952
52.1319
50.4882
-18.3654
-23.7214
-23.4148
-36.195
-20.0086
22.1688
-21.6685
-30.2957
2.07269
12.4612
5.8969
-62.4975
24.4323
-33.1211
-39.8831
19.9086
33.7228
-12.902
-34.6316
-51.4314
26.6704
35.6237
30.4561
17.1135
46.6259
-33.833
-11.1817
-26.7474
70.1068
55.4815
-17.4003
37.6779
-6.80961
-21.3409
25.0088
-33.8353
2.89042
-43.2335
-51.4789
6.59409
4.05347
-20.0676
21.9999
20.3003
9.37386
-21.6164
-11.1718
-28.5911
-53.148
-20.5572
-10.2783
31.3636
-17.2561
-24.6043
-17.273
-18.8299
39.6316
4.81689
1.61283
-23.5902
-7.55053
-1.87971
18.2311
-13.474
4.3856
2.52603
-3.71144
-31.8587
-38.373
34.2484
22.2772
-9.16641
-53.4779
-27.7841
-25.4936
-42.3555
10.757
-56.236
-35.1474
27.4381
6.60141
-40.5434
22.7678
20.8032
-29.7433
28.7652
-14.0406
-3.38497
-15.2735
18.6169
-9.44272
14.3559
-6.9082
8.93206
10.4429
-0.360879
23.6823
-55.3018
5.03424
6.68266
-13.2773
29.4621
-8.91424
-2.51937
19.1542
-7.34859
0.454598
-60.2015
-15.0938
-56.2515
-20.4719
-12.7811
10.0707
11.4794
-16.5975
-18.7027
-13.1064
23.1447
16.6695
-3.76238
-7.47843
-71.0854
-4.77842
-13.2713
-3.43673
-34.7422
-48.4899
44.8393
0.716356
-6.39044
-16.2779
22.5681
4.64859
-16.7764
-8.7518
