1.22627
3.08877
-0.768407
1.90122
-0.175982
-0.867448
0.00895633
0.0109421
-0.102225
-0.0661185
-0.0720241
-0.130711
-0.106133
-0.103818
-0.135237
-0.114746
-0.107337
-0.150912
-0.122681
-0.0563204
-0.153123
-0.0564392
-0.0775352
-0.123255
-0.122434
-0.0777871
-0.105888
-0.0326471
-0.106834
-0.0315931
-0.0894812
-0.113221
-0.107066
-0.04164
-0.127904
-0.12927
-0.101747
-0.0734049
-0.0801542
-0.0038434
-0.137798
-0.106941
-0.0989966
0.039551
-0.0968608
-0.0779352
-0.0676342
-0.114205
-0.101468
-0.122015
-0.0880972
-0.0491925
-0.101461
-0.187024
-0.0676249
-0.0876936
-0.09686
-0.0332357
-0.0989503
-0.0340493
-0.137765
-0.0766688
-0.0801599
-0.000596143
-0.101742
-0.119516
-0.127947
0.0312622
-0.106807
-0.185874
-0.0893796
0.0413763
-0.106633
-0.105266
-0.105724
-0.113867
-0.122326
-0.195769
-0.077317
0.0166245
-0.152904
-0.129037
-0.122571
-0.0777047
-0.107029
-0.10464
-0.134891
-0.0307171
-0.105918
-0.202904
-0.0714413
0.00717893
-0.101765
-0.0615132
0.0090981
-0.875821
-0.173802
1.83027
-0.767458
3.16146
