0
0.133461
0.229607
0.180156
0.248625
0.363786
0.524096
0.696269
1.08471
1.27373
0.769924
0.865946
1.05797
1.05224
1.25781
1.70123
2.25008
2.48332
2.72543
3.86361
4.79485
6.02
7.83927
10.7391
20.1873
28.8847
-127.519
-2.64053
-13.4138
-11.1046
-7.18017
-6.57156
-5.85654
-5.05212
-4.76009
-3.2775
-2.46997
-1.86417
-1.5058
-0.97815
-0.689784
-0.987165
-0.401249
-1.37423
-1.57727
-3.13477
-4.04521
-7.24602
-9.18384
-13.106
-17.3774
-5.69682
68.9779
-18.249
-9.45224
5.37127
4.41888
2.48914
3.79769
4.35558
1.68448
1.81413
0.898396
0.0392673
-1.75588
-2.15267
-2.53934
-1.30496
-2.97618
-0.659066
-0.638937
0.652124
0.916697
2.79412
0.168476
2.66583
3.83146
-8.85049
-43.1584
40.3134
-28.43
14.0113
-7.63148
-0.255559
-2.35498
-1.24421
-1.5164
-1.87133
-2.32987
-2.97353
-2.99286
-1.44476
-1.49705
-2.91375
-2.01047
-1.11824
0.70564
0.565541
-1.21229
-2.63679
-7.35534
-9.89131
-13.9703
-6.18233
24.1761
-9.82098
7.82545
-2.57174
-0.430726
1.43498
0.990616
0.288405
1.55412
1.3692
-0.918159
0.353514
0.346027
-0.770523
0.765025
0.613587
1.0263
-0.727433
-0.900664
-1.73642
0.252392
-0.725896
2.38738
9.54449
11.9204
21.7773
-11.0638
-1.75207
4.11427
-3.42262
4.14825
-2.26215
3.68247
-3.75525
2.46259
0.45666
1.75067
-2.21646
-0.0510273
0.565931
-0.841183
2.24561
0.636752
-0.0920949
0.52264
0.69835
0.80264
0.942894
1.61828
-0.316944
-8.98897
-22.1423
3.42336
29.5689
2.15458
-14.1423
-5.82007
3.00658
3.8082
0.847616
0.404562
-1.89481
-2.30101
-0.700172
0.0357172
-0.938404
-0.985426
-1.4217
-1.62628
-0.440982
0.715488
0.725047
0.478457
0.377522
-0.352705
-1.32041
0.404715
4.04541
-0.525897
-0.154303
0.843615
0.0076344
0.81414
0.219252
-0.215897
-0.643239
-1.32299
-0.622614
-0.503558
-0.21982
-0.287374
-0.0680261
-0.600801
-0.71259
0.0427282
0.349127
-0.517688
-0.210384
-0.432047
0.212334
0.924397
1.2915
0.764874
0.126007
0.175733
-0.98791
0.363754
0.221007
0.114353
0.0857387
-0.0784378
0.27121
0.183127
0.165848
0.0527906
0.223911
0.205407
0.00736165
0.245763
0.172561
0.170017
0.290745
0.135384
0.2085
0.863739
-0.388773
-0.856503
-1.52107
-1.39426
0.952188
-0.234076
-0.237924
-0.207754
-0.37672
0.146407
-0.175049
-0.046322
-0.0871952
-0.389091
-0.157689
-0.207474
0.0745242
-0.117371
0.211362
0.0195134
-0.274588
-0.080796
-0.258791
0.072715
-0.260463
0.355354
0.594822
0.148986
0.813081
0.339561
-0.570871
0.15256
-0.0175669
0.0478318
0.113781
0.00165391
-0.0973263
0.0168946
-0.029664
0.07428
-0.101879
-0.0364642
-0.136752
-0.142831
-0.063272
-0.125185
-0.00879645
-0.0873759
0.11261
-0.213159
-0.00748515
-0.175821
-0.49053
-0.528366
-0.607824
1.17411
0.9972
-0.574763
0.0703707
-0.249035
0.298584
0.0797164
0.269872
-0.0432742
-0.151049
0.057704
0.0380154
0.17332
0.0763063
0.17858
-0.00748491
-0.107944
0.101547
-0.0347831
0.168906
0.0850213
0.195298
-0.027061
-0.104874
0.158996
0.0473897
0.0209298
0.0363052
0.254062
-0.0907617
-0.0695024
0.0538175
-0.0923591
0.130896
0.0494201
0.146755
0.00372958
-0.224896
0.0858669
-0.0720754
0.0906568
0.0427928
0.0787722
0.200029
-0.0582001
0.0931275
-0.0426259
0.167735
-0.0390794
0.172549
0.0454459
-0.0131757
0.129022
-0.163738
0.127359
-0.115347
0.281387
0.0615956
-0.0607913
0.0241308
-0.0713859
0.0436053
0.0204093
0.115961
0.00225306
-0.0640116
0.0915432
-0.0343616
0.195338
-0.0369105
0.110557
-0.0987434
-0.24777
-0.0129381
-0.0167816
0.373464
-0.0399348
0.0732135
0.0944133
0.378267
-0.622239
0.61509
-0.35123
0.193609
0.292848
0.0568978
-0.0767119
0.265528
-0.011148
0.111254
0.00445974
0.262269
-0.11883
-0.229424
0.00179362
0.130682
0.0853108
-0.179911
0.226554
-0.28542
0.218555
-0.579462
-0.222422
0.292316
-0.208106
0.237285
1.07224
-1.49967
1.09918
-1.64651
1.5244
-0.861395
1.19359
0.0723208
-0.432361
0.935642
-1.31935
0.620702
0.686076
0.370124
0.442549
-0.280643
-0.563341
-0.955271
-0.293363
0.0897281
0.635457
1.16118
0.864625
0.472512
-0.751382
0.508474
0.793585
-0.822138
-0.73232
1.14091
0.906321
0.9813
-0.0731106
-0.481607
0.19461
0.0215155
0.468498
0.350329
0.294787
-0.0264759
0.0763307
0.440588
0.22726
-0.146062
0.353071
0.279
0.32789
0.188089
-0.3867
0.0486293
-0.0257118
-0.836347
-0.387579
0.539731
0.232704
0.148257
0.00404525
-0.127748
0.0791088
0.310296
0.139931
0.0192921
0.0336218
0.0401731
0.131958
-0.0803328
-0.074095
0.13374
0.348248
-0.0943563
-0.176784
-0.0473018
0.0690017
-0.0264933
0.280774
-0.267097
0.114352
0.707449
-0.689759
0.519756
0.14932
-0.140906
0.236746
-0.137552
-0.174943
0.248978
0.167485
-0.132988
0.102592
-0.345767
0.23208
0.336747
0.542301
-0.0171506
-0.980586
0.34334
0.852162
0.873479
0.526908
-0.572399
0.00538921
0.118524
0.206731
-0.0362384
0.0917702
0.163635
0.19431
0.154994
-0.0955334
0.116946
0.171632
0.173351
0.061408
-0.0397766
0.127269
0.115837
0.135844
-0.0185268
0.0347133
0.156815
0.146643
0.115702
-0.0959263
0.103831
0.14734
0.15074
0.0413172
-0.0357792
0.11392
0.0961325
0.1173
-0.0279748
0.0294161
0.143217
0.137048
0.0999548
-0.0999588
0.0940289
0.13683
0.1397
0.0312264
-0.0362689
0.105913
0.0942204
0.107256
-0.0304115
0.0248206
0.134912
0.131088
0.0900301
-0.0976381
0.0864904
0.131189
0.132329
0.023404
-0.0380144
0.0993838
0.0932167
0.0995274
-0.0355489
0.0189943
0.125738
0.126508
0.0817862
-0.0968035
0.0803268
0.126262
0.126495
0.0291519
-0.0413992
0.0945325
0.0919561
0.0934689
-0.0396125
0.0151596
0.120703
0.122996
0.0777402
-0.0955756
0.0748322
0.122676
0.121482
0.0230856
-0.0436646
0.0882046
0.0911167
0.0876189
-0.0435715
0.0113976
0.116543
0.119927
0.0711468
-0.0952457
0.0297308
0.119234
0.117326
0.0169861
-0.0455447
0.0843434
0.0904467
0.108546
-0.0463192
0.00835133
0.112908
0.117637
0.0651593
-0.094622
0.0277247
0.116605
0.113939
0.0117861
-0.0468754
0.081537
0.0901399
0.103804
-0.0500457
0.00347292
0.110015
0.115272
0.059689
-0.0940677
0.0258322
0.114061
0.110421
0.00695992
-0.056693
0.0789173
0.0903528
0.0994575
-0.0533669
0.0012691
0.107298
0.111639
0.0550334
-0.0932243
0.0241487
0.111702
0.106886
0.00234902
-0.0568681
0.0763874
0.0872972
0.0949211
-0.0562525
-0.000950098
0.104559
0.110095
0.0500276
-0.093744
0.021745
0.108881
0.103796
-0.00237739
-0.0578371
0.0744371
0.0890706
0.091244
-0.108153
-0.00282025
0.101429
0.108465
0.0452998
-0.0929561
0.0214764
0.0433779
0.10053
-0.00249171
-0.0639856
0.0721071
0.0842047
0.0869948
-0.106225
-0.0156883
0.100244
0.104795
0.0398804
-0.0938975
0.00234866
0.0464368
0.104441
-0.009058
-0.0583079
0.0511186
0.0889168
0.100042
-0.0959475
-0.00504827
0.0832071
0.105384
0.0707806
-0.102535
0.0197109
0.0142082
0.0945948
0.0256014
-0.0851989
0.063323
0.0614204
0.0792578
-0.102822
-0.0483972
0.0965757
0.0917983
0.0392939
-0.0907412
-0.0316278
0.049228
0.103764
-0.0165439
-0.0574877
0.0100178
0.0890062
0.101804
-0.0818527
-0.00616252
0.0581901
0.102976
0.0843576
-0.099982
0.0171424
-0.0126225
0.100554
0.0457086
-0.0962689
0.0621028
0.0377049
0.0732634
-0.0998638
-0.0874856
0.0946488
0.0742581
0.0301879
-0.0893952
-0.0571537
0.0536611
0.0864685
-0.0236715
-0.0584543
-0.0155528
0.0897894
0.100158
-0.05896
-0.0352042
0.0317572
0.0998588
0.0911685
-0.0911396
0.0175847
-0.03281
0.0954974
0.0609508
-0.0979919
0.061595
0.00962186
0.0664012
-0.0970538
-0.0957305
0.0924122
0.0564446
0.0226279
-0.0897703
-0.0741652
0.0573401
0.0730128
-0.0318015
-0.058067
-0.0398461
0.0869255
0.0955546
-0.0334142
-0.0341794
0.00769389
0.0973485
0.0952146
-0.0692894
0.0184227
-0.0507517
0.0909157
0.0719873
-0.092397
0.0612233
-0.00870562
0.0592293
-0.0949886
-0.0955906
0.0105692
0.039161
0.0141778
-0.0877959
-0.0850712
0.0595503
0.0594859
0.0367482
-0.0559125
-0.0575318
0.0882516
0.08868
-0.0102347
-0.0317488
-0.0898902
0.0946434
0.0955358
-0.0500002
0.0190617
-0.0631902
0.0865811
-0.0755782
-0.0820842
0.0603044
-0.0244265
0.0511752
-0.0934854
-0.0908954
0.0161819
0.0232617
0.00739795
-0.0863626
-0.0921352
0.0627129
0.0462337
0.0549479
-0.0547798
-0.0715806
0.088953
0.076854
0.0115644
-0.0298605
-0.0918174
0.0919962
0.0935984
-0.0314409
0.0149208
-0.072372
0.082954
-0.0748265
-0.0696578
0.0612648
-0.0386468
0.0493047
-0.0927553
-0.0823982
0.021399
0.00919199
-0.000305891
-0.0849452
-0.091979
0.0654402
0.0323818
0.0682958
-0.0701942
-0.080049
0.0892808
0.0687468
0.0290525
-0.0281311
-0.0919623
0.0927665
0.0903811
-0.0132706
0.0172373
-0.078921
0.0771347
-0.0745113
-0.035781
0.0619955
-0.0499666
0.0427901
-0.0909059
-0.0724452
0.0265117
-0.0260805
-0.00746065
-0.0831747
-0.0895355
0.0692623
0.0211544
0.077863
-0.0672375
-0.0858178
0.0894864
0.0600617
0.0488136
-0.0255103
-0.0899096
0.0909982
0.0860379
0.00425684
0.0192418
-0.0854332
0.0720645
-0.0742416
-0.0210822
0.0634861
-0.0586473
0.0350729
-0.0899873
-0.0622756
0.030602
-0.0357754
-0.0148972
-0.0816317
-0.085083
0.0685911
0.0105785
0.0843699
-0.0648663
-0.0881891
0.0895271
0.0510807
0.060251
-0.0226439
-0.0868552
0.0886893
-0.0359384
0.0179349
0.0224361
-0.0876191
0.0669053
-0.0740907
-0.00780922
-0.0130889
-0.0652519
0.0286632
-0.0891991
-0.0513026
0.0356991
-0.0443611
0.0860708
-0.0802295
-0.0785613
0.0712051
0.00130722
0.0876956
-0.0626527
-0.0559978
0.0894077
0.042752
0.0690116
-0.0194966
-0.0833313
0.0867679
-0.0383371
0.0309787
0.0241343
-0.0882561
0.0651908
-0.0749204
0.00438452
-0.00692436
-0.0706102
0.0223103
-0.0889823
-0.03633
0.0407676
-0.0503358
0.0807464
-0.0782976
-0.0719724
0.0750411
-0.0110551
0.0889239
-0.0607942
-0.0485479
0.0891032
0.0349951
0.0756953
-0.0209942
-0.0795443
0.0844548
-0.0397316
0.0418377
0.0275719
-0.0885992
0.0593839
-0.075151
0.0161886
-0.00121209
-0.0837696
0.0148798
-0.088496
-0.0264887
0.0459549
-0.0564015
0.0745666
-0.0843289
-0.0655117
0.0777931
-0.0172915
0.0886118
-0.0580605
-0.0414547
0.087534
0.0288076
0.0809484
-0.0172053
-0.0755889
0.0817327
-0.0422317
0.0652068
0.0310909
-0.0882938
0.0539557
-0.0769699
0.0257123
0.00480914
-0.0853796
0.00740051
-0.0884037
-0.0167594
0.0471824
-0.0612601
0.0680146
-0.0832636
-0.0585655
0.0796597
-0.0238832
0.0863855
-0.0553834
-0.0351797
0.0878339
0.0234052
0.0842083
-0.0136386
-0.0688586
0.0785675
-0.0440035
0.070605
0.0345694
-0.0874395
0.0477295
-0.0762157
0.0344636
0.00983679
-0.0865307
0
-0.0883794
-0.00817871
0.0525233
-0.0652282
0.0606372
-0.0818975
0.0183042
0.0823274
-0.0290009
0.0835388
-0.0519378
-0.0284684
0.0877995
0.00017523
0.0862966
-0.00960833
-0.0650387
0.0748396
-0.0469904
0.0756226
-0.0329195
-0.0865064
0.0425032
-0.0781004
0.0413748
0.0159497
-0.0877123
0.0110838
-0.0884657
0.000136122
0.057351
-0.0687909
0.0539632
-0.0806341
0.0240597
0.084451
-0.0342774
0.0808554
-0.0528878
-0.0231227
0.0882175
-0.00312865
0.0876291
-0.00658318
-0.0613825
0.0736051
-0.0494153
0.0793099
-0.0271344
-0.0856278
0.0363106
-0.0798445
0.0515319
0.0217419
-0.0885532
0.00316434
-0.0883546
0.00725836
0.0622524
-0.0741408
0.04765
-0.0795951
0.0291971
0.0863483
-0.0381355
0.0779448
-0.0490952
-0.0182916
0.0879133
-0.00710279
0.0873771
-0.00207958
-0.0582978
0.0695174
-0.0522152
0.0825622
-0.02134
-0.0778987
0.0291514
-0.0820849
0.056536
0.0280864
-0.0893905
-0.00501308
-0.0891643
0.0135897
0.066456
-0.0767617
0.0416928
-0.0779345
0.0333009
0.0838275
-0.0415601
0.0739188
-0.0463188
-0.014909
0.0870533
-0.0103704
0.0868061
0.00182208
-0.0550308
0.0652664
-0.0529876
0.0850904
-0.015602
-0.0768273
0.0222329
-0.083693
0.0617409
0.0306392
-0.0902941
-0.0111844
-0.090091
0.0194768
0.0708327
-0.0788038
0.0326488
-0.0767851
0.0374613
0.0865927
-0.0444936
0.0704875
-0.04184
-0.00698274
0.0856738
-0.013661
0.0859213
0.00719529
-0.0531607
0.0606909
-0.0565764
0.0873246
-0.0106844
-0.0758632
-0.0611868
-0.0861542
0.0655272
0.0365934
-0.0908711
-0.0177878
-0.0915074
0.0769503
0.0753262
-0.0808132
0.0273441
-0.0744262
0.041324
0.0889831
0.031726
0.0674512
-0.0388843
-0.0043174
0.0845916
-0.0183252
0.08496
-0.0519214
-0.0512204
0.056828
-0.0610969
0.0890894
-0.00411445
-0.0756931
-0.0660501
-0.0884852
0.0699711
0.0430451
-0.0916066
-0.0236018
-0.0917706
0.0790064
0.0799419
-0.0832083
0.0226029
-0.0751593
0.0436344
0.0909531
0.0281638
0.0650431
-0.0351719
-0.00176316
0.0840762
-0.0224552
0.0840709
-0.0467308
-0.0498244
0.0508957
-0.0646641
0.0914133
0.0030759
-0.074643
-0.0709462
-0.0908396
0.0735357
0.0495777
-0.0926394
-0.0290062
-0.0925455
0.0810878
0.0758145
-0.085145
0.0182893
-0.0733807
0.0462575
0.0929101
0.0248908
0.0501203
-0.0308702
0.000391841
0.0821517
-0.0275474
0.0835286
-0.0416785
-0.0339749
0.0450659
-0.0689538
0.0932879
0.0101843
-0.0756124
-0.0741909
-0.088999
0.0764136
0.0557436
-0.0944178
-0.0332726
-0.0933905
0.0834284
0.0813876
-0.0874128
0.0137907
-0.0712099
0.0521708
0.0939531
0.0197182
0.0482215
-0.0263675
0.00338435
0.0793066
-0.0290234
0.0835435
-0.035594
-0.033126
0.0385683
-0.0738024
0.0948865
0.0130962
-0.0759974
-0.0784671
-0.0923779
0.0799711
0.0625643
-0.095753
-0.0409451
-0.0935807
0.0862815
0.0865148
-0.0891974
0.0100724
-0.068398
0.0540676
0.095732
0.0161419
0.045527
-0.0756035
0.00382602
0.0761673
-0.0346542
0.0836451
-0.0306985
-0.0335814
-0.0981433
-0.078387
0.0970166
0.0208312
-0.0774262
-0.0822008
-0.0959604
0.0966492
0.0691831
-0.0976634
-0.0451739
-0.0939617
0.0884693
0.0903265
0.0633762
0.0026691
-0.0660918
0.056654
0.0977917
0.020866
0.0346395
-0.0729105
0.00624895
0.0825627
-0.0263501
0.0714951
-0.0241846
-0.0322791
-0.100364
-0.0685782
0.0954463
0.0274847
-0.0761069
-0.0866578
-0.0905977
0.0919116
0.0748138
-0.099544
-0.0499573
-0.10165
0.0999508
0.0958278
0.0587723
0.00467598
-0.0888908
0.0844812
0.0975573
0.00669193
0.0428496
-0.0953729
0.050854
0.0685556
-0.0464871
0.0833133
-0.0651946
0.0188259
-0.0893037
-0.0797032
0.101722
-0.0215559
-0.028378
-0.103476
-0.103892
0.100762
0.0166541
-0.072168
-0.0954802
-0.095773
0.0943475
0.0639938
0.0976162
-0.0778687
-0.059828
0.060744
0.094375
0.0708511
-0.0337007
-0.0646486
0.023198
0.103131
0.0287638
0.0142622
-0.00972879
-0.0355016
-0.106208
-0.00901937
0.0621753
0.0445668
-0.0805758
-0.098377
-0.0603903
0.0512483
0.0788739
-0.106632
-0.056927
-0.0950134
0.0876671
0.104519
0.0519338
-0.0187442
-0.10833
0.10587
0.0986252
-0.00263858
0.0411826
-0.108523
0.102629
0.0594425
-0.0600927
0.085692
-0.101881
0.0762775
-0.0400831
-0.09343
0.108301
-0.0681698
0.0362766
-0.0848109
-0.11095
0.108441
-0.0321684
0.0838099
-0.108573
-0.0976465
0.10231
0.0243268
0.108456
-0.111623
-0.100103
0.0656333
0.0715268
0.105489
-0.0923111
-0.0560439
0.0232425
-0.0925541
0.0770729
-0.0537367
0.00183713
-0.0392896
-0.114336
0.0413039
-0.0633419
0.0639604
-0.0879546
-0.105151
-0.0162523
-0.00812554
0.0970849
0.0943944
-0.0657079
-0.0690851
0.0440177
0.115553
0.0442359
-0.0203545
-0.0608522
0.0914377
0.0975974
-0.0167483
0.0397708
-0.104519
0.112193
0.077703
-0.0771415
0.0926975
-0.120611
0.115592
0.0256724
-0.109742
0.092136
-0.10576
0.0908153
-0.031132
-0.121797
0.118848
-0.0783956
0.0496861
-0.0847299
-0.0980117
0.111091
-0.0231256
0.0966607
-0.111017
-0.0999248
0.083154
0.0387559
0.120915
-0.124596
-0.0432158
0.0208702
-0.0998112
0.1197
-0.108514
0.0236715
-0.0443714
-0.126388
0.0889564
-0.114545
0.07381
-0.102732
-0.118452
0.0372167
-0.0718551
0.119681
0.0951643
-0.0859957
-0.0297925
-0.0145137
0.129682
0.0328822
-0.0215306
-0.0259717
0.0373087
0.0961025
-0.036021
0.0462912
-0.0843991
0.094434
0.126052
-0.0896614
0.10792
-0.129567
0.131301
0.0936577
-0.134979
0.109101
-0.138983
0.134043
0.0346014
-0.13981
0.139969
-0.122296
0.00619864
-0.0203042
-0.100262
0.128736
-0.0714016
0.0760581
-0.0879552
-0.101224
0.0910676
0.00214553
0.130267
-0.136814
-0.0277143
0.013288
-0.129701
0.154212
-0.140881
0.0660906
-0.075839
-0.164719
0.145351
-0.16951
0.135695
0.162306
-0.152301
0.0856524
-0.142593
0.187555
0.0516508
-0.0755491
0.143631
-0.211402
-0.036202
-0.0771639
0.185556
-0.393832
0.35266
0.582781
0.697085
-0.667732
0.248118
-0.511279
0.0959709
0.174024
-0.229789
0.00411917
0.0290259
0.060257
0.142896
-0.328129
0.468507
0.245242
-0.183229
-0.477075
0.696533
0.499372
0.373415
-0.220192
-0.373159
0.244535
-0.343689
0.0851722
-0.0605562
0.166926
-0.390733
-0.134497
0.0223516
0.0387953
-0.150258
0.127392
-0.0462544
0.155412
-0.153646
0.302428
-0.29465
-0.322215
0.200437
-0.161861
0.153862
0.0279202
-0.069737
0.593198
-0.961185
-0.0787416
0.254728
-0.24668
-0.199477
0.140438
0.23522
0.00880194
0.00870538
-0.148395
0.16244
0.151747
-0.351105
0.273542
-0.22652
0.175614
0.409126
0.399475
-0.414738
0.330292
-0.348087
-0.487042
-0.335089
-0.247015
1.47133
-0.295432
-0.103303
1.64381
-1.09677
-0.348534
1.17355
-1.02668
-1.27474
1.18438
-1.13413
-1.44196
1.44748
0.0961614
0.032151
-0.29492
1.43069
-1.33168
-1.77156
1.58729
1.89233
1.04122
-1.00846
-0.0270278
-0.124503
1.2492
-1.03609
1.24441
0.0565501
-0.0145216
-0.0375342
0.152134
-0.169392
-0.309629
-0.169971
0.0917411
-0.116635
0.0948784
0.00926781
0.331007
-0.299094
0.0703275
-0.0653107
-0.225561
0.157081
-0.218083
0.0717895
-0.137887
-0.00539947
0.00579706
0.0955112
0.456205
0.562875
-0.570428
0.0576801
0.192436
-0.208393
-0.315837
0.119399
-0.0621542
0.23494
-0.0884516
-0.28334
0.123758
-0.116216
0.0522459
-0.0520995
-0.0940309
0.12032
0.0883632
0.0140693
-0.115688
0.026304
0.0925941
0.104157
-0.0387707
-0.147247
0.392551
-0.186893
0.0739632
-0.0358377
0.00519776
0.0643938
-0.0786664
0.14004
0.0524945
-0.155493
0.115759
-0.170168
0.200836
0.173589
-0.15133
0.124803
-0.112927
-0.0699925
0.0295396
-0.107506
0.128547
-0.154496
-0.0885036
-0.0288634
-0.0651562
0.14355
-0.168088
-0.0787399
-0.335554
0.143766
0.0538304
-0.145113
0.108108
-0.273088
0.179456
-0.149782
-0.229413
0.225463
-0.135204
0.191984
-0.129838
-0.16253
0.141757
-0.109512
0.128489
-0.0438793
-0.168626
0.183282
-0.032413
0.101139
-0.134738
-0.0352898
0.128033
-0.20698
-0.00469637
0.525215
0.221153
-0.516429
-0.587325
-0.193968
0.470922
-0.343017
0.249416
0.154092
0.165246
-0.188232
-0.0386883
0.0624994
0.111906
0.14861
-0.136994
-0.00271618
0.0467993
-0.117451
0.0281885
-0.0647881
0.0441011
-0.0079782
-0.090318
-0.257912
0.233699
0.248192
-0.328419
-0.148316
-0.645211
0.830717
-0.256431
-0.809238
0.602656
-0.313648
0.278625
-0.0453553
-0.261665
0.210862
-0.255451
0.29954
0.172612
-0.327178
0.334675
-0.341987
0.341541
0.271108
-0.0983839
0.0401262
-0.121906
0.376769
-0.0993857
-0.0291328
-0.0623808
-1.14291
-0.981106
1.05482
-1.03074
-0.00279498
0.0436162
-0.113612
0.0605837
0.168455
-0.177955
0.11516
-0.106116
-0.0437526
0.213985
-0.184064
-0.194046
-0.161493
0.0718606
0.47182
-0.473989
-0.327306
0.670277
-0.992908
0.588004
-0.399691
-0.41131
-1.58375
1.01467
0.270469
-0.934134
0.456941
-0.731799
0.534568
0.305622
-0.431473
-0.106011
-0.501101
0.296532
0.197836
-0.0138835
-0.108391
0.0194094
-0.346978
0.43445
0.380674
-0.523699
2.20683
-2.06239
-2.37183
-2.51374
2.08958
-0.850287
1.18608
0.523238
-1.339
0.93962
1.81356
1.64008
-1.9654
0.733427
0.968605
0.160698
0.211542
0.054917
0.185233
0.385447
-2.1432
-1.11421
2.0092
-1.00199
-1.21629
1.94644
13.2709
-5.05103
-29.6116
22.4776
29.5037
7.89581
-2.57902
-8.66728
8.96217
6.68594
0.984487
0.323055
-1.14968
-1.24231
1.36213
1.50071
-0.80451
-0.935534
-1.84687
1.17001
-0.661229
1.43759
3.86699
-1.14874
-2.92701
-17.2799
14.3694
16.6518
18.4116
-11.9707
12.4357
-10.4382
-13.7214
3.00199
11.0927
1.12637
1.85217
-1.35736
-0.722816
1.26812
2.04244
2.06027
-3.34685
-2.06153
1.31333
-0.410808
-1.12116
-0.580926
-0.332783
0.738249
0.892746
3.26223
-1.20751
14.3178
-26.5283
-13.0956
11.3399
-7.74742
4.73061
3.4337
-7.93661
0.0383794
-1.817
-0.243927
0.806176
1.57677
1.84347
1.10148
1.08514
1.44471
0.76986
0.0309526
0.344961
1.4331
0.387845
-0.909789
0.566907
-4.4648
2.52097
-40.4271
42.8765
0.054045
-4.25999
5.02916
13.4408
-14.3876
0.219536
-0.635997
0.955792
2.13331
2.95561
2.69397
2.41029
0.365562
0.879008
-1.5686
-1.78006
-2.43819
-3.99866
-5.55957
-1.16378
-4.13937
-4.10732
3.44974
21.445
-31.5418
-45.9174
15.1487
2.61602
17.2168
-0.470294
-8.81244
0.486296
-1.0713
0.309756
-1.30006
-3.24669
-3.04266
-1.53634
1.43421
1.43607
-2.61771
-2.91236
2.3806
3.10151
2.50998
-0.37073
-2.36832
10.0206
12.0973
9.21236
0.652963
-1.67622
-48.7681
23.2348
57.9957
-62.76
-0.216051
-5.00578
-1.00696
3.83412
-0.441512
-1.21909
0.0433972
1.91213
2.80244
-1.31827
-1.38156
-1.36934
1.15438
0.724283
-1.8364
-0.867567
-0.212461
0.678345
-0.0353373
-0.710197
