0
0.133401
0.231609
0.186039
0.246611
0.37712
0.536322
0.734399
1.08661
1.30147
0.811495
0.9405
1.08409
1.13723
1.37359
1.88474
2.25083
2.53904
2.82523
4.03996
4.9909
6.4305
8.43005
12.1992
20.703
29.9498
-124.655
-4.223
-14.1486
-11.6595
-7.85791
-6.9151
-5.85522
-5.26901
-4.85003
-3.59935
-2.58659
-2.15599
-1.68216
-1.28241
-0.770222
-0.997071
-0.539183
-1.44189
-1.77411
-3.28007
-4.35971
-7.40239
-9.29177
-13.594
-17.5415
-7.56874
68.5939
-18.0606
-9.02834
5.34089
4.34608
2.48269
3.77678
4.28537
1.59344
1.79395
0.831866
-0.0241333
-1.75565
-2.2387
-2.59367
-1.29096
-2.95736
-0.58557
-0.64006
0.706409
0.980211
2.91815
0.798856
2.83026
5.74701
-4.29249
-44.6497
37.1661
-28.0035
12.5823
-7.51125
-0.500442
-2.51842
-1.61449
-1.55619
-1.82335
-2.30895
-2.97053
-3.21541
-1.63978
-1.23833
-2.79347
-2.0132
-1.26917
0.805998
0.942216
-0.615723
-1.83391
-7.04764
-8.89282
-13.9026
-14.9327
19.8205
-9.7345
5.03415
-2.51033
-1.32937
1.01886
0.0249108
-0.191566
0.910532
0.785078
-0.958522
-0.046569
-0.110371
-1.80047
-0.120936
-0.820302
-0.444391
-0.753163
-1.29534
-2.85896
-1.67116
-2.74907
-2.04924
2.84462
11.9188
23.1108
-4.39103
-6.51929
5.26926
-5.15175
5.90979
-2.3495
4.21746
-3.66133
2.02753
0.516638
2.64485
-1.04774
-0.329834
0.722488
-0.998678
2.12721
1.03465
0.372142
1.16921
2.99873
1.23192
1.64017
3.69512
2.9715
-2.07423
-22.9079
-20.7581
28.1794
7.86255
-11.6523
-7.3605
-0.207035
2.52848
2.08878
0.60781
-1.38019
-2.23553
-1.45557
-0.210954
-0.850221
-1.50342
-1.46595
-1.88518
-1.31505
-0.343641
-0.0565897
-0.124642
-0.0591939
-0.442247
-1.52782
-1.02339
3.29361
0.597237
-1.14163
0.84097
-0.0122464
0.805026
0.520255
0.319874
-0.0530438
-0.938037
-1.10454
-0.465094
-0.211738
-0.3994
-0.023812
-0.62605
-0.961251
-0.926861
-0.494528
-0.590455
-0.611715
-0.841605
-0.775766
-0.191329
0.365698
0.954925
0.220819
0.169124
-0.980421
-0.075745
0.00966622
-0.0907525
-0.286015
-0.128076
0.0223474
0.0850604
0.0426032
-0.10137
-0.0191165
0.0520028
-0.0199013
0.125636
0.119477
0.1329
0.260604
0.404033
0.595229
0.924963
0.418464
-0.228579
-1.07885
-1.7035
-0.254844
-0.466696
-0.23983
-0.384322
-0.444676
-0.20857
-0.225279
-0.386938
-0.362205
-0.390807
-0.392002
-0.331397
-0.308034
-0.318691
-0.218363
-0.271623
-0.275256
-0.289557
-0.333683
-0.39839
-0.56382
-0.630105
-0.209682
0.148898
0.672233
0.457039
-0.384196
0.0584951
-0.129984
-0.0522633
-0.0161801
-0.0236951
-0.106167
-0.069072
-0.0810756
0.0190764
-0.0292571
-0.120262
-0.133102
-0.112903
-0.17269
-0.131109
-0.195593
-0.185222
-0.0475041
-0.190867
-0.000544287
0.189847
-0.170755
-0.790949
-1.37229
-0.558718
0.737789
-0.484608
-0.276685
-0.413864
-0.24055
-0.198861
-0.143048
-0.215809
-0.193521
-0.288422
-0.169517
-0.190639
-0.128258
-0.264772
-0.209831
-0.167143
-0.148679
-0.165608
-0.122953
-0.114736
-0.16417
-0.213075
-0.15062
-0.0770426
-0.00697465
-0.2044
-0.255636
0.0558136
-0.190222
-0.0937587
-0.119467
-0.164447
-0.157479
-0.0956658
-0.117377
-0.0858145
-0.245544
-0.13413
-0.148739
-0.214328
-0.103788
-0.194341
-0.0743994
-0.0814954
-0.0796711
-0.13665
-0.0942006
-0.180512
-0.0791636
-0.199407
-0.0435176
0.0146305
-0.121935
-0.237851
-0.157352
-0.124822
-0.136944
-0.0877264
-0.113228
-0.127561
-0.163875
-0.170074
-0.027465
-0.0865194
-0.0691543
-0.0424795
-0.116356
0.0657283
-0.067335
-0.157896
-0.263948
-0.278911
-0.192635
-0.104652
-0.00552569
-0.229673
-0.225477
-0.0348754
0.376063
-0.791161
0.549991
-0.621374
0.109143
-0.0395969
-0.0192145
-0.102964
0.0126781
0.0395666
-0.151051
-0.127723
0.23125
-0.0838776
-0.227798
-0.214826
0.104416
0.14694
-0.106848
0.241188
-0.392535
0.264407
-0.509756
-0.289147
-0.0661811
-0.237522
-0.501416
0.638763
-0.712697
0.849222
-1.38095
0.351931
-0.564411
-0.171699
1.2459
-1.82126
0.737069
-1.01096
-1.35285
-0.185256
-0.0919141
0.147578
0.548323
-0.0828382
-0.851849
-1.8312
-0.631613
-0.864405
-1.01045
1.18031
1.31417
-0.545267
-0.480612
1.08189
-0.467359
-1.18432
-0.690518
-0.279731
0.496885
0.587841
-0.327023
-0.171783
-0.397367
-0.41454
-0.214806
0.215582
-0.164366
-0.285063
-0.0798575
0.0969543
-0.190209
0.0749841
0.0882589
0.353061
0.367957
-0.122524
-0.14111
0.397922
-0.724024
-0.550728
0.115541
-0.082221
0.147492
0.0208215
-0.134699
-0.259472
0.140417
0.169259
0.0936676
-0.108093
-0.0242795
-0.102023
-0.0865188
-0.101011
0.0238627
0.310848
0.276665
0.0195011
-0.16556
-0.488778
-0.246288
-0.0630815
-0.167404
-0.518594
0.543384
-0.492489
0.100862
0.197852
-0.406148
0.236993
-0.00069388
0.02024
-0.350615
-0.448305
-0.359955
-0.0896737
-0.322045
-0.267485
-0.452496
-0.185174
-0.320171
-0.961086
-1.16086
-0.431028
-0.226665
0.0737977
0.116321
-0.0212469
-0.127864
-0.0345463
-0.133384
-0.0632449
-0.0969713
-0.11899
-0.0987059
-0.0985563
-0.0933409
-0.0967846
-0.0924396
-0.0898185
-0.085748
-0.100398
-0.0964035
-0.0938051
-0.0899149
-0.0925108
-0.0886161
-0.0860957
-0.0822613
-0.0958669
-0.0922349
-0.0897979
-0.0861503
-0.0884541
-0.0848728
-0.0824758
-0.078866
-0.0919445
-0.088426
-0.0861534
-0.0826898
-0.0847641
-0.081426
-0.079014
-0.0756131
-0.0882756
-0.0850138
-0.0826271
-0.0797138
-0.0820637
-0.0782804
-0.0760594
-0.0726032
-0.0854233
-0.0820652
-0.0799641
-0.0766752
-0.0784848
-0.0755721
-0.0732111
-0.0698533
-0.0821879
-0.0796104
-0.0771544
-0.0739715
-0.0759706
-0.0723604
-0.0702831
-0.0672688
-0.0798789
-0.0769707
-0.0741819
-0.0715494
-0.0728452
-0.0702234
-0.0680221
-0.0647524
-0.0773299
-0.0743644
-0.072396
-0.0686345
-0.070947
-0.0677674
-0.0661575
-0.0622898
-0.0744905
-0.0720953
-0.0701669
-0.0670158
-0.0684587
-0.0658122
-0.0612467
-0.0602843
-0.0727275
-0.0701681
-0.0669404
-0.0646646
-0.0662529
-0.0626871
-0.0617499
-0.0582429
-0.0705848
-0.0678163
-0.0657579
-0.0628089
-0.0640455
-0.0611277
-0.0592437
-0.056086
-0.0690133
-0.0655825
-0.0637013
-0.0609702
-0.0620325
-0.0593255
-0.0571771
-0.0540232
-0.0657764
-0.063766
-0.0618961
-0.0589056
-0.0600064
-0.0571643
-0.0551412
-0.0530317
-0.0653035
-0.0620845
-0.0597873
-0.057027
-0.0583424
-0.0553829
-0.0533682
-0.0503191
-0.0629617
-0.0602049
-0.0578961
-0.0553335
-0.0564445
-0.0533909
-0.0514672
-0.0485495
-0.0617744
-0.0584313
-0.0565334
-0.0535138
-0.0551208
-0.0516834
-0.0503097
-0.0457366
-0.0600554
-0.0568917
-0.0545411
-0.05197
-0.0530112
-0.0498621
-0.0481461
-0.0446726
-0.0590262
-0.0550983
-0.0529301
-0.0501339
-0.0517824
-0.0484142
-0.0462989
-0.0432306
-0.0570451
-0.0530678
-0.0511236
-0.0483641
-0.0496002
-0.0465174
-0.0444117
-0.0415227
-0.0531411
-0.0516044
-0.0498599
-0.0468192
-0.0478916
-0.0446463
-0.0429664
-0.0399662
-0.0528695
-0.0497262
-0.0467664
-0.0451638
-0.045352
-0.043596
-0.0406985
-0.0385434
-0.0510773
-0.0475666
-0.0419515
-0.0439534
-0.0449469
-0.0417444
-0.0398677
-0.036131
-0.0484757
-0.0479153
-0.0442171
-0.0424776
-0.0420279
-0.0403271
-0.0372186
-0.0354808
-0.0485905
-0.044535
-0.0432194
-0.0386438
-0.0423718
-0.0380698
-0.0366765
-0.0326781
-0.0457744
-0.0452674
-0.0411476
-0.0403489
-0.0346391
-0.0371363
-0.0334973
-0.0324852
-0.0458445
-0.0414016
-0.0410327
-0.036213
-0.0388741
-0.0322437
-0.0343575
-0.0291997
-0.0425865
-0.0417323
-0.0376402
-0.0369654
-0.0357056
-0.0352749
-0.0301773
-0.0296348
-0.0430141
-0.0381229
-0.0382246
-0.0332414
-0.0361125
-0.0305564
-0.0315662
-0.026116
-0.0390182
-0.0386961
-0.0344627
-0.0341022
-0.0320879
-0.0323792
-0.0274289
-0.0251561
-0.0407531
-0.0349193
-0.035739
-0.0302613
-0.0351386
-0.0277398
-0.0282973
-0.022541
-0.0361506
-0.0363088
-0.0314561
-0.03164
-0.0288721
-0.0292876
-0.0238797
-0.024247
-0.0383599
-0.0319586
-0.0333152
-0.0272009
-0.0306206
-0.0247275
-0.0257519
-0.0188249
-0.0332888
-0.0338615
-0.0284531
-0.0288371
-0.0258894
-0.026549
-0.0209661
-0.0216628
-0.0351845
-0.0291304
-0.0304392
-0.0242542
-0.0281203
-0.0216943
-0.0229796
-0.0166689
-0.0302199
-0.0313413
-0.0256667
-0.026075
-0.0230438
-0.0240382
-0.0179795
-0.0189876
-0.0327115
-0.026313
-0.0279625
-0.0214151
-0.0273481
-0.0185433
-0.0206141
-0.0137999
-0.0274687
-0.0293641
-0.0228873
-0.0241288
-0.020157
-0.0215453
-0.0149713
-0.0169457
-0.0300821
-0.0236058
-0.0256854
-0.0178385
-0.0226115
-0.0158809
-0.0182177
-0.0109108
-0.0245688
-0.02712
-0.0202648
-0.0218351
-0.0174427
-0.0195589
-0.018034
-0.0136578
-0.0279486
-0.0206126
-0.0232094
-0.0157106
-0.0205657
-0.0124653
-0.0157882
-0.00806949
-0.0232421
-0.0234358
-0.0171191
-0.0193049
-0.0145142
-0.0159103
-0.00899216
-0.0121432
-0.0255795
-0.0180768
-0.0207626
-0.0161254
-0.0181249
-0.0104038
-0.0132991
-0.00534764
-0.0209467
-0.0220359
-0.0144497
-0.0171228
-0.0119331
-0.015786
-0.0071933
-0.00953497
-0.0230607
-0.0156865
-0.0182622
-0.00981984
-0.0158319
-0.00766842
-0.0111254
-0.0027856
-0.0173285
-0.0196935
-0.0120349
-0.0142476
-0.00912091
-0.0125196
-0.00431017
-0.00646329
-0.0213399
-0.0129255
-0.0160811
-0.00828469
-0.0134739
-0.00531508
-0.00836632
-1.78237e-05
-0.0145606
-0.0171399
-0.00498461
-0.0128218
-0.00679829
-0.00983698
-0.00186096
-0.00571861
-0.0188951
-0.0102533
-0.014477
-0.00567245
-0.0114354
-0.00273163
-0.00639186
0.00213438
-0.0119335
-0.0132045
-0.00706011
-0.0106038
-0.00446435
-0.00804669
0.000646444
-0.00304846
-0.015536
-0.00826479
-0.0121749
-0.00327876
-0.00967886
-0.000160512
-0.00424223
0.00457183
-0.00938188
-0.013379
-0.00475146
-0.00859286
-0.00157908
-0.00528373
0.00317719
-0.000403048
-0.0147231
-0.00588957
-0.00972014
-0.000777999
-0.00917153
0.00183959
-0.00206346
0.00535807
-0.00702898
-0.0109319
-0.00252574
-0.00607454
0.000308581
-0.00302285
0.0057924
0.00163466
-0.0120832
-0.00335236
-0.00780028
0.00164845
-0.00475552
0.00442064
9.1658e-05
0.00927552
-0.00469595
-0.0088123
-0.000768078
-0.00387162
0.00291099
-0.000830843
0.00818864
0.00388621
-0.0104207
-0.00131643
-0.00563006
0.00436502
-0.00264946
0.00708067
0.00229183
0.0119669
-0.00244514
-0.00646803
0.00319724
-0.00207399
0.00558024
0.00123212
0.0104653
0.0059529
-0.00834476
0.00215705
-0.0036903
0.00648058
-0.00035756
0.00942135
0.00430388
0.0141324
-7.08494e-05
-0.00477559
0.00477978
0.000164325
0.00793148
0.003028
0.0125515
0.00802763
-0.00603588
0.00369276
-0.00137015
0.00830587
0.00171055
0.0117247
0.00671069
0.0167271
0.00253031
-0.00234997
0.00706507
0.00222242
0.0104447
0.00558672
0.0152531
0.0104128
-0.00425463
0.00610429
0.000820273
0.0109385
0.00394505
0.0140819
0.0086895
0.0188569
0.00452477
-0.000472083
0.00944895
0.0044218
0.0125738
0.00761044
0.0173976
0.0124205
-0.00211162
0.0084298
0.00278498
0.0132767
0.00587585
0.0164169
0.0108078
0.0212128
0.00687756
0.0016452
0.0117528
0.00653507
0.0149086
0.00964603
0.0197347
0.0145184
0
0.0106901
0.00491857
0.0155526
0.00804472
0.0186872
0.01293
0.0234804
0.009138
0.00371383
0.0140719
0.00860516
0.0172029
0.0117643
0.0220652
0.016616
0.00211162
0.0129439
0.00699269
0.0178225
0.0101808
0.0209384
0.0150545
0.0257834
0.01147
0.0058185
0.0163248
0.0106987
0.0194392
0.013847
0.0239994
0.0187969
0.00425463
0.0153117
0.00908231
0.0199529
0.0120705
0.0235775
0.0171662
0.0277442
0.0137267
0.00785556
0.0189239
0.0127858
0.0217835
0.0160419
0.0266278
0.021076
0.00603588
0.0175817
0.0122801
0.0222023
0.0145134
0.0256074
0.0193106
0.0300541
0.0160718
0.0100016
0.0203649
0.01493
0.0241028
0.0181793
0.0288384
0.0229689
0.00834476
0.0196926
0.013335
0.0247466
0.0166387
0.0275904
0.0197601
0.0326516
0.0183075
0.0121538
0.0231535
0.0165934
0.0264368
0.02061
0.0310227
0.0250327
0.0104207
0.0221293
0.0154147
0.0268228
0.018756
0.0296966
0.0241977
0.0350444
0.0204411
0.014373
0.0254942
0.0190049
0.0286413
0.0224438
0.0334207
0.027167
0.0120832
0.0244762
0.017235
0.0288417
0.0207718
0.032436
0.0257098
0.0372215
0.0227177
0.0173575
0.0276589
0.0212344
0.033071
0.0247036
0.0358025
0.0316834
0.0147231
0.0267927
0.0196155
0.0315367
0.022983
0.034631
0.0279146
0.0395055
0.0249641
0.0184255
0.0300635
0.0232371
0.0353116
0.0270559
0.0380818
0.0316568
0.015536
0.0292381
0.0218923
0.0343486
0.0254224
0.037003
0.0302661
0.0407373
0.0274283
0.0210148
0.0321159
0.0261986
0.035814
0.0291259
0.0406205
0.0331839
0.0188951
0.0313942
0.0239497
0.0360748
0.0273896
0.0392866
0.0252017
0.0441056
0.0299737
0.0224606
0.0341157
0.0279623
0.0381913
0.0313128
0.0424307
0.036071
0.0213399
0.033489
0.0262116
0.0384191
0.0296716
0.0418142
0.0346788
0.0464815
0.0322851
0.0243668
0.0366641
0.0299298
0.0407065
0.0328867
0.0461241
0.0385824
0.0230607
0.036077
0.0289663
0.0423732
0.0318758
0.0440335
0.0369551
0.0487903
0.0355214
0.0271676
0.0393826
0.0321939
0.0427219
0.037805
0.0479126
0.0405401
0.0255795
0.0387738
0.0302365
0.0423663
0.0339608
0.0465173
0.0387798
0.050669
0.0388698
0.0298579
0.0420852
0.0349518
0.0454226
0.0382011
0.0501198
0.0430143
0.0279486
0.0408397
0.0417734
0.0458633
0.0368088
0.0490855
0.0418292
0.0532945
0.0392613
0.031671
0.0446715
0.0368897
0.0478897
0.0395548
0.0523567
0.0454444
0.0300821
0.0440874
0.0349977
0.0481682
0.0390469
0.0515605
0.0438043
0.0559069
0.0418877
0.0343537
0.0469164
0.0393783
0.0503872
0.0429141
0.0550987
0.0478528
0.0327115
0.0457208
0.0379023
0.0507844
0.041763
0.0539925
0.0463138
0.0586359
0.0446359
0.0368528
0.049697
0.0419366
0.0529112
0.0454763
0.0575184
0.0503073
0.0351845
0.0486102
0.0404106
0.0533415
0.0440651
0.0567427
0.0490365
0.0611932
0.0473112
0.0386559
0.0521254
0.0444131
0.0555835
0.0479669
0.0597384
0.0529486
0.0383599
0.0512085
0.0428367
0.0557428
0.0466821
0.0580199
0.0516344
0.0638474
0.0498932
0.041728
0.0550043
0.0470866
0.0600593
0.0508225
0.0629821
0.055582
0.0407531
0.0526177
0.0459084
0.0588211
0.0488753
0.0622252
0.0547974
0.0671019
0.052446
0.045384
0.0579344
0.0496689
0.0612143
0.0541474
0.066296
0.0581617
0.0438065
0.0575852
0.0479413
0.0625944
0.0532281
0.0656192
0.0571404
0.0695414
0.0566091
0.0472751
0.0608626
0.0515213
0.064702
0.0558005
0.0686984
0.0622362
0.0458445
0.0595425
0.0521303
0.0655095
0.0499853
0.0686142
0.0615701
0.0734513
0.0584578
0.0516987
0.0651762
0.0555408
0.0678286
0.0583504
0.0721148
0.0637167
0.0504175
0.0642905
0.0537839
0.0672786
0.0594941
0.0726507
0.062845
0.0755308
0.0634635
0.0533211
0.0663637
0.0603772
0.071897
0.062539
0.0671896
0.0685346
0.0510773
0.0661083
0.059198
0.0726371
0.0607524
0.0739187
0.0674095
0.079574
0.0649889
0.0587993
0.0720829
0.0611628
0.0730981
0.0677218
0.0799968
0.0695309
0.0560387
0.0716948
0.0599669
0.0737111
0.0667081
0.0796805
0.0690673
0.0812504
0.0722508
0.0590315
0.0730636
0.0676621
0.0796226
0.0685375
0.0814038
0.0761997
0.0590262
0.0722147
0.0667216
0.0798269
0.0676738
0.0808553
0.0754509
0.0880013
0.0718877
0.064825
0.0797166
0.0680941
0.0800293
0.0751323
0.0878471
0.0768553
0.0656274
0.0794052
0.0666249
0.0809341
0.0746252
0.0874888
0.0763688
0.0888611
0.078827
0.0660364
0.0803327
0.0753066
0.0873405
0.0754253
0.0888777
0.0843311
0.0653035
0.0796365
0.074577
0.0883819
0.0740155
0.0885589
0.0838477
0.0961649
0.0784647
0.0741616
0.0882348
0.0753648
0.0875712
0.0837325
0.0960998
0.0842628
0.0738914
0.0880164
0.0745875
0.0889396
0.0829246
0.0964218
0.0839558
0.0971284
0.0877615
0.0739168
0.0884981
0.0840632
0.0967003
0.0838467
0.0965937
0.0935947
0.0727275
0.0884557
0.0816976
0.0976828
0.0829588
0.0972618
0.094132
0.10588
0.0879369
0.0840237
0.0981258
0.0839393
0.0975441
0.0927078
0.106391
0.0938084
0.0832847
0.0985108
0.0833023
0.0985667
0.0936724
0.10731
0.0933935
0.10695
0.0985529
0.0830452
0.0985361
0.0945037
0.1078
0.0939054
0.10789
0.104746
0.0821879
0.0988252
0.0951599
0.109514
0.093452
0.108685
0.105425
0.118452
0.0993466
0.0955889
0.110746
0.0951825
0.109719
0.106523
0.119913
0.106099
0.095614
0.112169
0.095075
0.112045
0.107326
0.122135
0.106914
0.122218
0.113662
0.0956684
0.113363
0.110201
0.124598
0.108306
0.124683
0.121994
0.0958669
0.115484
0.111857
0.129333
0.10964
0.1281
0.125105
0.141471
0.11793
0.11448
0.1339
0.113424
0.13275
0.129706
0.150195
0.128191
0.130876
0.146312
0.0877461
0.175682
0.0685693
0.209896
0.0419227
-0.0490931
0.0213661
0.318116
0.573593
1.1972
0.905983
0.30766
0.188748
0.439151
0.267485
0.279337
0.0753407
0.346088
0.425803
0.254397
-0.0917641
-0.0821194
-0.243334
0.393004
-0.25962
-0.0696243
0.448183
-0.507556
0.583495
0.130985
0.0649777
0.268821
0.472273
0.0698941
-0.0553169
-0.317493
-0.282625
0.0121714
0.117134
0.0877893
0.119013
0.0243798
0.111988
-0.10922
-0.140328
-0.0890398
0.259472
0.127449
-0.00828192
-0.0949315
0.112792
-0.0175112
0.643719
0.566659
-0.425287
0.142062
0.0731079
-0.379983
-0.288728
-0.0103283
0.0446752
0.230757
-0.0753453
0.190225
0.311685
0.194462
-0.163928
0.360878
0.449318
0.380101
0.160688
0.30503
-0.599975
-0.384806
0.502741
0.803636
1.1163
0.320606
-1.08189
0.610872
0.511401
-1.32393
-1.03347
1.4572
0.984339
0.79584
1.81717
0.749209
-0.132523
-0.571336
-0.0750324
0.1702
0.357772
1.41534
0.997118
-0.788375
1.78605
-1.43591
0.234522
0.432231
-0.244114
1.12622
-0.873693
0.659673
-0.571219
0.505529
0.186019
0.070761
0.292935
0.428658
-0.264407
0.369952
-0.265664
0.0733158
-0.149535
-0.0872471
0.234201
0.181983
0.0749386
-0.224203
0.151987
0.161666
-0.0518193
0.027818
0.0856155
0.0257504
0.0471081
-0.0819903
0.625815
-0.540067
0.791146
-0.385446
0.053572
0.270287
0.252534
0.0187738
0.122897
0.196586
0.278405
0.260963
0.155713
0.0564435
-0.0657283
0.125674
0.0458749
0.0761042
0.0880814
0.0468476
0.195477
0.172552
0.134032
0.12372
0.107099
0.146921
0.153901
0.160962
0.277392
0.0937458
-0.0081099
0.0855107
0.206601
0.092259
0.193977
0.124674
0.150714
0.091857
0.0978635
0.084143
0.205088
0.119635
0.238505
0.158199
0.155958
0.257966
0.0858145
0.133237
0.109622
0.181279
0.167976
0.137079
0.110992
0.206305
-0.0423995
0.27979
0.212649
0.0108077
0.1079
0.186987
0.259453
0.179243
0.125809
0.149103
0.174299
0.172383
0.19342
0.256543
0.283665
0.151731
0.216932
0.182659
0.310041
0.208678
0.230479
0.160434
0.236075
0.279263
0.413864
0.280489
0.471602
-0.664383
0.633156
1.38361
0.642418
-0.127698
-0.249523
-0.0292019
0.156426
0.0473326
0.180503
0.183502
0.092327
0.163395
0.102751
0.101276
0.11265
0.0027338
-0.0212258
0.0903694
0.0694512
0.101505
0.0206206
0.0197612
0.0630355
0.135433
-0.0441416
0.350667
-0.497771
-0.55285
-0.148898
0.358032
0.719868
0.629223
0.409771
0.347274
0.306659
0.283636
0.283574
0.238331
0.350192
0.318374
0.357365
0.409245
0.373175
0.35702
0.382372
0.200483
0.21553
0.445234
0.381306
0.221112
0.460725
0.390568
1.61388
1.01015
-0.0456319
-0.630002
-1.07394
-0.59792
-0.367812
-0.202709
-0.1329
-0.0855495
-0.0871482
0.100558
-0.0346764
0.0892055
0.150403
0.0111766
-0.054758
0.0328848
0.222443
0.309149
0.111199
0.0631754
0.242382
0.945994
-0.179058
-0.265184
-0.928351
-0.0719964
0.444738
1.09983
0.898267
0.654942
0.641171
0.511473
0.967867
0.921073
0.459258
-0.00717233
0.377307
0.178445
0.465094
1.06088
0.795149
-0.305726
-0.389472
-0.625838
-0.767085
0.210342
-0.790864
1.19886
-0.925256
-3.10268
1.67122
1.72632
0.378827
0.125975
0.21309
0.372334
0.415696
1.61346
1.98898
1.37513
1.43756
0.60097
0.194534
1.47711
2.07879
1.04039
-1.17538
-2.13463
-1.80314
1.53141
7.3605
10.2775
-8.9383
-24.2398
22.863
20.3271
-1.31431
-6.57932
-4.17425
-1.991
-1.88867
-3.11878
-1.14484
-0.440169
-1.24761
-1.98453
1.01742
-0.817978
0.360409
0.628395
-2.81677
-0.447259
-1.8744
3.47738
-4.62058
2.37677
-6.35171
5.63305
-7.01864
7.55493
-1.14333
-23.7297
-11.9188
-0.710213
3.47426
4.34108
1.93446
3.54452
1.70362
1.35612
0.708291
1.15648
0.69805
1.90802
0.307439
0.338103
1.19877
-0.695309
-0.769395
0.578906
0.0621441
-0.766718
1.89276
2.61168
-4.21132
8.14055
-16.4082
15.2224
13.1754
7.9027
5.49785
1.53894
-0.0447272
-1.44761
-0.805998
1.23843
1.89233
2.34066
1.1432
1.71663
3.29412
2.70928
2.23578
1.74517
1.50243
1.62271
2.51475
0.55391
6.57521
-11.7234
28.2196
-34.4569
44.4039
0.407942
-7.55442
-3.48249
-0.919049
-3.00324
-1.03412
-0.703683
0.631352
0.531465
2.88232
1.28897
2.674
2.34171
1.75565
0.0476085
-0.807334
-1.76218
-1.58724
-4.25994
-3.77562
-2.41176
-4.36992
-5.30316
8.82333
18.3945
-67.8618
9.23476
18.4633
13.8143
9.37325
7.47944
4.38207
3.36891
1.87728
1.48882
0.590155
0.987572
0.793368
1.30304
1.84718
2.31544
2.79975
3.75331
5.12944
5.46269
5.85522
7.1393
8.20637
12.6963
14.7104
8.40025
111.945
-49.2346
-22.8003
-13.5156
-10.0591
-6.74388
-5.62714
-4.66979
-3.55054
-2.89193
-2.57293
-2.3603
-1.45458
-1.492
-1.43514
-1.42014
-1.00544
-1.70087
-1.43179
-0.764567
-0.747021
-0.632166
-0.686999
-0.335965
-0.571207
-0.512792
