-0.00387682
-0.00696113
-0.00122298
0.019303
0.0477058
0.0777784
0.115319
0.156788
0.195418
0.241024
0.287003
0.33188
0.375266
0.415699
0.453105
0.489365
0.527398
0.563038
0.606282
0.655137
0.708563
0.773648
0.852265
0.940793
1.04666
1.17172
1.30055
1.43484
1.5719
1.70056
1.82181
1.93474
2.02733
2.09816
2.15307
2.18154
2.18546
2.17043
2.13215
2.07437
2.00005
1.90887
1.80956
1.70632
1.59945
1.48729
1.37987
1.27283
1.17187
1.07879
0.986645
0.90393
0.830793
0.76191
0.699038
0.64743
0.60356
0.563812
0.537944
0.51583
0.499063
0.490952
0.489033
0.491405
0.498811
0.505586
0.512311
0.528625
0.536485
0.53637
0.526838
0.503414
0.467682
0.420799
0.357398
0.277218
0.201772
0.122392
0.0401863
-0.0338049
-0.0999934
-0.159625
-0.20456
-0.236249
-0.251239
-0.24775
-0.226636
-0.192719
-0.13941
-0.0684011
0.0164317
0.111684
0.217158
0.33088
0.450561
0.583852
0.72648
0.885136
1.05994
1.23557
