-14.508
-11.4396
-1.27553
-13.3552
46.7265
-4.02945
-3.46621
-18.7742
27.0165
-2.28536
14.2123
8.50059
-3.75158
7.13737
-7.44397
2.96667
6.83879
-4.40728
10.3887
-0.743476
5.33743
-1.4371
-9.66481
27.7049
-15.9308
-4.5055
12.9092
15.1928
-0.445019
-9.77989
13.0543
-24.4683
5.0298
8.60887
2.33778
-20.389
-3.56038
24.6337
0.274972
19.8755
-11.6795
8.89276
2.28512
-7.30256
7.55621
12.5469
7.84786
-9.87902
-4.3427
-38.7452
-6.04372
-8.01881
1.71051
15.8712
9.90434
-2.66026
-3.87772
32.5941
-2.04593
24.1637
14.5459
-9.42568
19.1196
-1.54611
-12.4197
-12.1676
-18.659
19.9
-0.539255
-8.59334
-3.33509
11.9891
-7.05119
-1.99708
-19.9842
-20.7344
9.51033
9.51923
11.4157
22.1033
-7.07967
16.6661
10.1183
-21.7865
8.46116
-4.6718
-6.16114
4.37546
37.8884
1.85393
5.65105
-9.78511
-4.92749
8.79928
11.0977
9.62599
10.1099
12.5502
21.2024
9.49724
22.5892
-6.9226
-8.01506
-6.22331
17.7917
-26.8198
-15.7646
7.73864
4.49253
-4.03589
7.52466
12.997
22.3401
15.8436
-3.36058
10.3319
-9.2251
39.4833
2.54964
22.7562
16.5784
21.9305
-3.28682
-1.88343
2.35292
-7.57231
-10.8304
11.5269
-5.97112
-16.7271
-12.3924
19.1009
2.86928
-13.892
-2.68915
-8.9982
7.21744
9.0519
-11.8667
20.6564
10.8489
-13.5801
-27.4589
-18.2645
-0.525222
0.26144
15.2009
-6.08723
-14.6844
5.29979
3.26028
8.54391
14.7892
-0.269073
33.9802
17.1733
-11.14
-0.0052498
-8.93169
-12.9178
7.86528
14.994
8.43615
20.6695
12.9272
0.0485334
19.8347
-23.7366
-2.52745
-9.04974
9.87038
-21.1596
1.59913
-14.2607
3.98511
-2.93114
21.9535
-0.553137
10.1728
20.3277
19.7459
2.15072
8.90162
-19.1207
-10.2484
-4.44999
9.0166
0.537063
1.42882
-3.68186
19.6763
1.01118
43.7753
9.29019
-33.0972
-13.5774
-5.57388
-12.7845
-22.7611
-4.56449
-15.2681
1.15354
-0.371658
15.3392
2.03746
-11.1236
-13.9558
-3.52796
-10.0294
-7.62466
-7.27806
9.75843
11.737
0.551216
3.05261
-8.44996
18.8858
-18.6137
0.476869
-22.3718
10.3561
-24.2084
2.34085
-5.08309
-13.7192
-9.39987
-9.40714
-25.0989
-11.3056
-7.10434
-15.6335
-4.6378
16.8289
-28.2728
-0.553687
26.0401
5.1847
14.9663
6.6134
-4.17745
6.28595
6.78153
5.07775
15.9628
6.55842
9.85781
16.9891
-5.41549
-6.54265
-11.2698
-2.28015
-1.65845
25.9027
4.72429
-22.4165
0.940545
11.3791
-12.8809
6.25029
15.41
1.98224
-19.053
-4.58906
3.81136
0.0700996
0.675504
27.7122
11.3132
9.93394
-13.0736
-11.033
25.8829
-18.6959
3.60772
-16.3468
-13.8523
-0.48939
5.23643
20.5183
15.4424
-6.8297
-17.2698
-12.6243
20.2391
-9.30036
-14.9702
-13.5636
13.7678
-11.4778
-27.7861
-16.941
9.63019
1.2051
17.4457
-2.18105
-23.3027
1.38744
12.5221
6.4813
-19.3897
3.47699
12.317
-4.1299
-3.52775
-24.9741
-3.3966
16.6981
-6.58753
17.8161
-2.22257
-17.8097
-15.1063
-23.897
4.78348
-1.6942
-0.738144
11.3443
-8.57196
-12.1949
-4.2451
-9.24324
13.6944
8.14302
10.4051
-27.2197
-0.179009
14.723
-8.05446
-6.25503
-1.9092
2.65505
10.915
6.52366
2.53331
-4.4747
14.3407
16.8351
19.9008
12.7247
-6.37167
4.75493
17.2069
-27.9043
2.72814
0.827697
-16.1684
43.1218
-2.25647
1.40572
10.3528
-4.73815
-15.3327
-10.8098
6.12757
5.1836
-9.12366
1.94623
21.1041
1.21536
-31.626
13.7451
-7.11292
7.91461
-5.42213
21.3498
27.2218
24.5463
15.3311
1.55816
-3.28163
-2.5904
-0.802553
-4.22702
10.7025
-3.22066
9.72796
0.104348
-12.1295
-5.23394
4.12589
-1.47835
12.9528
21.5245
-16.1076
-17.729
-18.8991
-6.54381
-25.0235
-1.89151
-13.3981
-4.89304
-15.219
-8.23421
-0.455998
-14.3171
-8.89456
-5.36661
-5.23668
3.21143
-31.8386
-27.7259
-10.2889
-11.2659
-1.69201
14.2093
17.4519
1.17042
-3.19199
4.96178
26.1548
-14.1659
15.6627
14.8674
-2.40919
16.9798
1.40237
-29.3396
3.8036
-8.36764
-17.1011
-28.1594
-1.8443
-12.8966
-18.1473
-6.55964
4.90452
19.6054
10.9679
-14.6301
-8.49834
1.46674
4.20077
1.67207
10.7467
-16.0387
7.82972
6.83183
-22.2461
-9.08232
20.3424
-16.8757
2.56558
-16.4107
20.6866
4.15726
11.5242
-2.41037
16.906
-1.55859
6.30196
3.88811
-9.77364
16.8373
-11.0087
0.0976952
-4.9008
-23.4202
-3.97255
0.275387
18.6486
-6.05365
-7.64438
-6.44257
-6.52183
4.50144
-13.3312
-20.236
-3.55031
-15.3378
-18.7924
11.385
-10.4962
6.43678
-12.2555
-4.70887
12.5443
30.8965
14.5654
-20.3139
-2.83335
-19.0043
-13.7078
9.05386
-0.74043
5.80259
-1.15062
-9.24276
2.93725
-5.58413
-2.3189
-12.5212
-8.45043
-14.5438
5.2228
9.69669
-4.0091
-14.7774
-3.088
10.8301
-6.65577
2.3427
-17.8374
-8.00038
-14.5825
13.8751
-12.4395
12.4784
-14.4858
10.7864
-33.5122
-6.2233
36.2192
-16.1558
-19.8601
-13.9313
5.16171
-18.2703
-7.49795
1.98529
2.67411
-0.947993
0.994556
21.8229
5.97916
6.932
-9.62116
-6.52425
-9.64981
7.95798
-19.0232
-7.76317
-18.5319
-8.48891
-3.09156
25.8369
-0.340261
-10.5611
-0.957567
-14.1199
13.3457
-6.12024
1.38776
-19.8386
-8.20518
-12.2423
1.91768
25.2381
-2.20458
0.597459
-9.11025
0.874898
9.72383
18.0144
-3.47143
1.26643
-2.40065
4.63256
1.03577
7.06556
20.3402
-0.158146
-7.5766
-12.2198
24.7047
6.94537
9.52279
0.433287
24.3008
-5.24039
19.7054
-3.1824
11.0602
2.70594
3.96616
14.7879
2.92632
17.2457
-12.1021
15.0427
-2.41604
14.1141
-19.1127
8.03823
-18.6377
3.02188
0.252304
-37.6829
-6.30325
13.7867
13.8927
-5.86112
-2.76875
6.26208
10.4601
18.915
10.1671
10.9129
-3.29731
9.7287
-5.59582
-5.90128
-0.849144
7.32691
-15.0816
7.89645
3.33381
-13.0379
15.4437
-4.94804
-12.2677
3.84249
-6.28614
8.90663
-3.24102
-3.05023
6.52755
-19.5753
11.4668
11.5059
-1.46984
7.36115
-0.902334
1.33531
5.87598
14.2825
15.6078
-12.9141
19.3845
6.39125
-14.2316
-6.72567
13.314
14.6632
-3.06799
-13.8222
-9.37303
-20.6786
-5.3244
-2.63168
4.50542
13.1067
-0.5918
9.08805
5.75449
7.57841
-4.06778
-4.92178
-12.6225
3.63536
2.14778
12.735
8.04544
15.4319
-0.0775109
-1.35381
6.76901
6.33695
-11.363
-7.05978
-13.0807
3.56233
-1.6978
-9.74756
-17.0428
7.20026
-8.06326
-2.00855
-16.0198
-11.4478
2.86147
14.961
13.7418
1.12151
-19.6844
-1.19843
9.75957
-6.19234
17.8076
-11.154
-10.67
17.0037
-10.5151
-4.61664
-5.74305
-6.8437
0.812311
-9.79461
0.517459
-17.5537
7.7975
3.27437
-20.6277
-8.45012
-34.8628
20.1283
-3.55678
-13.2224
17.3346
14.3063
-17.9809
-13.4258
-0.472774
13.0209
-6.97203
-28.7652
1.80955
-10.8507
-22.9995
11.7957
-10.1244
12.5002
-8.33309
-2.15475
-1.95404
-7.73655
18.3711
-17.0601
30.2519
-22.4965
4.45637
11.5921
-2.96491
13.2178
-10.1419
15.9307
-13.8716
8.83311
-16.9926
14.1424
9.92411
5.35562
7.20797
21.358
-15.5749
-5.14445
-1.40055
8.25214
-11.8483
10.5733
19.7588
-22.2301
-2.14016
12.1272
28.4291
-0.700194
-8.44442
-9.04442
15.4389
3.28742
3.74595
-1.61244
4.05209
14.6153
-15.2138
-19.3205
9.84998
17.872
16.4658
4.61958
8.3862
5.44267
-2.03646
13.9485
5.2459
10.4528
0.10233
-4.09876
-9.25862
-11.7891
8.2442
2.32548
6.95656
4.74554
-22.6733
-23.3123
15.7052
17.6602
13.9175
-4.85094
-7.61528
-6.44816
-9.67914
15.244
-18.0464
3.5216
-6.97453
-10.7959
3.81957
-7.00399
-7.75073
2.38952
-30.2525
-5.37596
-1.32994
-2.88729
-1.64101
17.5386
-25.4927
-7.13796
-14.6987
14.729
-19.2827
-0.523091
0.248503
21.3522
17.4182
4.90762
-19.2067
-14.6116
-32.5444
16.21
-3.23561
5.55262
-12.3995
-10.7112
4.63061
15.9656
6.81559
-6.09889
6.99588
12.0944
-21.7548
-0.444793
-21.3402
-3.425
-10.9413
12.7521
-8.38948
-3.13304
11.5321
-33.2279
-7.2841
-0.0926189
-7.13749
-9.5145
3.26127
-9.96122
5.3204
3.01869
-17.2912
7.07438
3.50454
15.08
-11.4113
2.2648
0.466958
1.84488
2.33667
13.1352
-23.1991
9.38842
-6.31679
-20.1651
15.2186
-2.31623
8.63216
-12.2406
7.55312
16.5475
-11.6082
-5.21606
-5.16379
1.64207
4.33201
-18.328
-6.75744
-19.8967
-3.1434
-6.37541
-2.68076
2.03542
10.9902
3.58135
-4.05864
14.7267
0.407248
-22.7025
-7.47813
-9.02289
21.9301
-7.82815
8.29377
-21.7708
-2.24988
25.8368
-19.5336
-5.26468
10.0842
-6.1291
4.64709
-1.57419
-23.9039
18.9568
-17.772
-6.16991
33.2683
4.58854
0.319799
-11.5015
11.9818
-5.5164
-7.76643
4.03385
7.34079
12.496
-13.2881
39.6163
0.986289
9.87995
16.9878
-18.463
-19.3825
7.18175
2.17186
-17.9233
0.650696
1.27312
13.4113
2.20388
1.20515
-6.8752
-5.21677
5.3002
-3.82617
-19.5366
19.025
10.8329
9.48672
-22.1111
20.6162
-11.6984
-9.81634
-5.94401
19.3725
5.31132
13.1584
-9.96247
-4.48076
-13.427
10.4252
-9.32402
17.6313
7.57166
16.4525
10.5056
-0.911878
-4.88642
-7.16479
2.59097
4.65914
-6.7293
5.39103
-16.9629
0.0719499
-11.7578
-7.90247
-4.95763
23.1969
3.07843
-10.1234
8.36808
-5.59768
8.48356
-6.94073
5.28897
5.74541
2.04549
-2.09156
-7.69516
-20.4222
1.34359
-20.877
-2.95849
6.1865
-32.0222
4.79236
-18.8843
10.421
-0.335256
21.1984
0.642932
9.22548
1.11458
1.63619
-16.4007
-20.0193
14.1933
7.64331
-16.3859
32.8859
-6.63997
-1.40523
12.7223
-9.03193
-17.162
9.41723
-13.5909
20.0689
19.3076
-9.32836
5.07365
6.23821
12.8012
-1.8754
6.60337
-9.31797
-0.702228
13.3901
18.3816
-6.86831
-14.9996
4.79578
-0.361279
-9.29771
-13.0329
-9.37402
9.36749
-18.768
3.68015
-4.85899
-29.7999
4.10928
-18.5446
0.834381
