1.85285
-1.26277
11.201
-11.0798
16.9423
1.69705
1.28187
-13.5177
13.0781
2.59958
6.45246
1.61027
-6.02135
24.5857
1.72615
-2.29834
8.84429
13.4484
-7.96253
-1.06734
-8.77033
5.59673
11.4921
6.07011
-6.24904
-14.734
-10.7081
-2.91472
-4.10892
0.481679
3.62449
11.2972
-3.2771
3.31348
-3.76041
-2.65028
-6.70711
-12.1286
3.23985
4.42534
6.708
12.3797
4.82082
-8.08806
18.7711
9.20207
-6.76717
10.2757
-3.93549
15.639
-0.641186
-7.14314
4.58664
-5.14342
-1.10738
-4.61993
4.13417
-6.42029
-9.59216
5.13288
16.0246
-2.36277
4.58429
-8.56399
5.335
-21.1118
0.126651
2.47991
5.94187
-17.0919
18.0754
-14.8355
4.96987
1.15702
-18.5791
3.1592
10.9903
17.2417
-8.42176
-13.6412
-3.39328
0.658469
-2.21009
17.3036
-4.03248
4.63851
-16.1065
-9.82498
14.1369
4.61128
2.95579
7.84681
-10.2341
10.7545
-2.00114
3.5827
21.6479
-29.807
-13.7087
-17.1099
-16.7402
-7.04193
7.84097
-9.45805
-0.470239
-14.5658
2.92405
-5.17824
0.88698
5.22421
7.88174
-7.62214
-6.43949
-12.7654
3.60327
-7.65608
-0.278332
2.85034
5.1382
-2.89356
-1.1521
9.52805
3.09952
12.2447
8.66061
-16.0087
17.3429
-8.34699
-0.628265
2.36726
4.6862
0.774321
5.36075
18.8258
13.6975
-18.1147
-2.39563
-6.52412
5.86556
5.51742
1.61755
-7.03973
-11.9497
-13.5578
-5.47947
-19.3431
9.6232
0.37457
-1.18507
0.534762
6.74734
5.21069
-0.474441
14.5575
8.18034
-18.3722
-18.6081
-1.55278
5.13962
-4.70168
-16.2169
5.70312
-24.6894
17.303
-12.1751
-4.19731
0.147231
5.58367
3.84493
3.50359
-3.6869
-21.5797
6.09673
26.664
-0.88796
-11.3861
0.024954
7.78097
-9.2966
-4.63147
5.08095
2.4592
7.7129
7.94575
4.64099
-4.45254
4.508
1.20748
-1.41223
-3.77613
4.25886
13.2844
-2.24058
-0.600247
-7.15542
-6.65626
5.23161
-12.1389
9.12251
-1.53521
-9.31068
-6.20085
8.67666
10.1905
-3.09516
-11.6355
6.97259
8.68871
-10.2827
-12.6385
-18.7542
-4.06083
-7.45116
11.221
-1.90006
10.5073
4.05118
-6.22864
5.54344
-18.5061
-17.7948
-11.6267
6.06405
1.12056
10.4968
12.4358
19.0605
8.27436
-6.10855
3.12399
5.42458
-11.7716
4.96778
-10.1911
-10.1644
2.78305
11.8867
-3.79636
12.4766
-0.954206
-12.1166
0.775342
4.59193
-13.8162
-11.2384
-2.56385
-16.7691
-2.99369
-7.11297
2.86812
3.34059
6.25122
8.93515
7.79255
3.93209
-11.1117
-8.26722
-26.3085
-13.3365
0.0352628
2.41202
8.57814
3.73242
4.78454
1.68232
5.12472
-7.55651
9.13244
-3.07404
-10.8715
-3.56457
-8.98538
-9.06919
8.41988
8.94325
-6.33565
9.11579
3.16576
1.18097
-4.79979
0.302341
-6.56405
8.41763
-0.547273
-12.3011
-7.35579
5.11348
15.2114
18.2567
11.832
17.3303
-0.651483
1.25831
-31.7294
13.0355
-7.34591
1.88997
7.5697
2.72981
11.6542
-9.60688
1.76528
-7.97791
-6.8714
-17.7324
4.8885
16.855
0.546569
-14.3796
7.31207
4.16396
-8.4196
-13.1153
-7.85104
-1.89353
-8.18977
-3.3716
-14.8069
-19.725
-5.81557
-4.48235
17.0741
5.15425
-8.10913
7.29404
7.34297
4.15798
-5.56443
2.17883
7.5306
1.96419
-6.71715
0.065774
9.87017
-9.0493
14.1547
-6.87061
0.705209
-10.057
4.6947
19.6125
-5.59745
-6.11993
7.59191
0.274129
-1.7687
0.240224
9.42076
-9.58255
16.1051
-9.91593
11.0992
-19.7875
-16.1831
10.0426
9.9805
-12.415
-14.2179
-6.42176
-2.38835
-1.85732
5.25237
1.49693
9.99956
2.78901
10.0741
15.8784
-15.6064
7.78838
-2.50079
-5.89314
-6.55995
-2.76302
1.58526
-1.4995
-3.40754
5.5464
-26.2109
11.4031
7.03201
2.26712
-3.12817
8.70326
-5.90627
-0.338408
-8.30545
7.86142
-16.7411
4.97678
4.59124
0.218622
8.08259
0.0645395
1.37467
3.05964
-15.8288
5.13736
-10.129
-4.3528
-8.20506
-2.37652
-10.6581
5.50062
-2.46008
-0.267084
12.2346
13.6324
-7.67836
6.76482
-8.71118
11.9653
1.09073
-6.13184
-7.39206
-5.5077
-33.9927
6.23049
-0.155771
-5.18611
3.07358
-7.26898
9.92515
12.8768
0.295349
11.6666
1.03969
-13.3314
1.40792
-13.5836
18.0009
11.3627
10.1859
-9.46931
-10.0806
-2.44528
10.2728
11.6471
12.305
-18.2776
2.1939
-3.49877
-20.7662
26.6971
-4.75685
-2.67412
-3.75019
20.6068
-9.93477
6.3625
-10.9344
-0.190368
9.14034
19.2899
30.8792
1.30389
-12.2002
7.69351
-10.8959
1.95851
-17.41
1.44747
-3.52829
1.09847
16.5221
-4.42513
-1.66164
-9.57485
2.42094
8.8499
-7.68192
-6.36523
16.7742
9.75934
2.09622
2.11411
-4.78555
-5.94597
-9.24653
5.54338
-10.5093
-3.52498
6.18378
17.0054
9.55759
-10.8559
4.87595
-6.4631
-30.643
-10.3971
7.33794
2.09453
7.61279
-6.96749
10.8105
-21.6113
-3.53337
-4.09199
-6.85639
-1.00925
13.6781
7.58452
-4.63314
0.788232
-0.642664
12.2244
-11.3206
-6.50144
-12.5731
5.31906
-7.64708
-3.93513
-8.74431
