0
-0.00568166
0.174746
0.140859
0.168602
0.122264
0.248567
0.748751
0.087459
0.643691
1.60303
0.950751
0.696992
1.10089
1.07082
0.507339
0.5464
0.379834
1.16005
0.937825
0.7224
1.00198
1.18624
0.727314
1.4167
0.861857
1.63561
1.49766
1.43122
2.82485
2.63453
2.25161
2.38478
3.52931
5.16878
4.26618
6.57194
8.06615
9.52506
12.2773
15.8078
19.326
11.5359
-20.8672
-57.7474
-26.7914
53.0454
-18.0234
-29.5895
63.7985
-109.781
-58.5804
36.8273
-2.49912
-6.339
-10.5667
-8.04676
-9.20463
-6.62395
-7.60696
-6.01697
-3.74268
-3.87476
-2.2163
-3.57616
-2.91275
-2.24569
-3.49053
-1.87658
-2.19197
-0.523073
-1.08522
-0.440607
0.0780255
-0.0925249
0.688255
1.82057
1.71689
2.34292
2.87918
0.820341
-0.580682
-2.24855
-6.96076
-12.4157
-12.564
-2.9519
10.9371
9.62333
-9.17614
-17.415
-0.870457
1.59168
-17.3931
-7.83557
-3.62263
-20.631
-5.90732
-19.6059
-0.478047
-6.96289
50.1194
53.3484
-2.97313
-23.1428
-15.7834
-3.80268
2.67653
5.56292
4.34257
2.30356
2.02877
2.00496
3.01375
3.81103
3.93678
2.81428
0.87507
0.567905
0.37536
-0.192958
-1.26346
-1.95693
-2.41745
-2.83536
-2.28355
-0.347329
-0.221682
-1.86885
-5.57045
-7.3356
-3.79258
0.10539
-0.779866
-4.80852
-3.87041
3.17579
0.478565
-6.48899
1.66861
3.59138
-6.18368
5.12683
2.81706
-7.67974
6.81623
-9.1767
6.45102
-8.6469
7.66111
-19.3565
15.5327
-37.4469
0.269533
50.6965
-8.83657
-31.0798
2.16237
15.3886
-2.013
-7.48317
-0.621885
0.324166
-1.6827
-2.35843
-1.82189
0.167841
0.271099
1.26165
-0.905314
-2.58048
-5.37295
-3.35959
1.6871
2.67459
0.37864
-7.69621
-4.91866
1.36497
0.799757
-3.41122
-4.50965
3.27643
1.05726
-8.53035
4.58926
3.64005
-8.02661
5.4456
5.19319
-6.66996
7.02216
-3.93166
0.307007
3.84425
-15.0378
5.46755
-14.1258
6.58399
-15.7841
14.911
-10.9609
9.27443
27.4329
-24.8846
-12.1174
8.47179
5.43682
-5.3957
-1.38096
1.24412
-3.8791
-3.0677
0.780547
2.30225
3.2591
2.96241
-2.22536
-3.76429
0.530162
2.60197
3.934
-3.13126
-2.54867
3.39374
3.49602
-4.52754
-0.357985
5.4936
-1.92869
-5.41897
6.31123
0.780646
-7.86349
7.31763
-1.69211
-7.05706
8.96099
-8.25919
3.35904
1.32157
-9.51809
10.7471
-10.9144
7.79034
-6.43654
4.2711
-3.8165
5.75473
-6.16637
9.51501
-18.7622
22.6657
-23.4404
1.22975
24.891
-11.362
-18.103
7.83273
13.1846
-9.21667
-3.54139
6.11232
0.0545356
-5.42031
0.482665
5.64339
-1.61979
-4.09317
2.95239
0.791798
-1.77191
-2.38602
2.64291
1.54703
-3.96909
0.90455
2.82559
-4.07397
-0.542665
3.39871
-2.93871
-0.400171
2.66527
-4.95801
2.11962
0.71027
-2.94117
2.87929
-4.614
2.0051
-0.895112
0.0574436
0.433183
-1.49084
3.18569
-4.3897
5.95086
-8.52251
8.19353
-10.4648
8.76475
-4.01535
-9.04524
27.0754
-33.9871
16.0972
9.14952
-22.125
19.0631
-10.6704
3.97067
2.02277
-5.93662
6.06278
-4.98709
3.25305
-2.76286
0.66895
-0.206665
-1.20919
1.20827
-2.05682
1.3481
-1.72626
0.674531
-0.375679
-0.65372
0.000653828
-0.403413
-0.77661
1.21192
-1.64022
1.29378
-1.31522
1.09311
-1.66679
1.13233
-1.74736
0.0973849
-0.595728
0.0675017
0.436477
-0.330358
0.181678
-1.36061
0.205996
-1.53193
0.981671
0.342818
-1.43952
3.02317
-4.10926
3.76516
-2.10179
-2.84005
2.57273
2.17676
-2.6389
-1.15353
2.46578
-2.58141
1.71211
-1.67033
-0.716254
1.99887
-2.84044
1.82788
-1.57085
1.15845
-1.85572
1.24257
-0.808774
-1.1401
1.48687
-1.23656
-1.13808
1.59309
-1.28754
0.647305
1.05219
-2.4838
2.82763
-2.61274
-1.0006
2.29769
-3.38318
2.24311
0.806802
-3.02251
3.58895
-4.59964
2.66457
-1.04401
0.97988
-0.613632
-1.56352
1.15273
0.990975
-1.00706
0.752026
-2.68137
2.60138
-1.42091
-1.68498
1.50817
-0.302144
0.513985
-1.46626
-0.406564
1.20092
-0.383005
-1.46355
1.50519
-1.21515
-0.695465
1.6623
-0.495256
-0.956492
-0.278563
2.40433
-2.32371
-1.8013
3.38481
-3.62159
-0.0901798
5.17933
-4.68611
2.25273
2.09462
-6.25142
2.61171
-0.687876
0.0989541
2.43673
-2.22972
-0.144799
-2.56877
2.44579
0.514212
-0.0954202
-2.2974
-1.06327
4.0744
-0.699601
-2.47903
-0.403119
2.5723
1.35857
-3.37655
-0.555142
2.34593
2.17722
-5.2705
0.988449
5.14477
-0.713697
-4.17317
1.06455
3.6426
-3.01841
-4.03521
4.36501
1.57561
-4.65872
-0.0617935
2.61976
-2.57655
-0.654565
0.999387
-2.43387
0.174373
0.247446
0.931218
2.57084
-3.53359
-3.01341
-0.6421
-0.582965
4.39776
1.68787
-1.31093
-2.34904
-2.94986
3.92733
2.64575
-0.390087
-5.47076
-1.64554
2.35864
0.828782
-2.01647
-1.40461
2.49172
1.42782
-0.0956166
-1.47345
1.18591
-0.332432
-1.60746
-0.508289
-0.781888
-0.359295
-1.16878
0.920765
-0.631017
-0.517158
1.01769
0.847628
-0.55024
-0.480057
-0.381938
-0.936681
-0.118527
0.670836
-0.504505
-0.00357495
-0.544443
-0.85764
-0.0571706
0.158507
0.354661
0.22518
-0.88789
0.103571
0.0570206
-0.130668
-0.779567
-1.94797
0.00428659
1.9045
0.224153
0.222393
-1.43132
0.374005
-0.812186
0.0343592
-0.370201
-0.119085
-0.0982385
-0.701969
-0.0767065
-0.605965
0.649424
-0.45325
0.654921
-0.1308
0.853942
-1.18142
0.0872258
-0.238507
-0.746418
0.0185549
-0.884956
0.744925
-1.28001
0.909227
0.168309
-1.20151
0.0190125
-0.166093
-0.465631
0.000359541
-0.323998
0.209409
-0.00491935
-0.678833
-0.208983
-0.0122722
-0.142704
0.517804
0.00743647
-0.435074
0.579899
-0.28433
-0.13776
0.257423
-0.63015
0.270649
-0.280386
-0.142646
0.0751548
-0.0785553
0.207226
-0.0264584
0.0996871
-0.183453
-0.269792
-0.236401
-0.123651
-0.573502
-0.125551
0.411343
0.366241
0.334963
0.271997
0.206719
-0.25919
-0.425159
-0.353605
-0.184935
0.346307
0.157959
-0.115084
-0.0589005
-0.48834
-0.166133
0.098085
-0.0277175
0.286794
-0.260542
-0.606383
0.00174237
0.419366
-0.348215
-0.720004
-0.212185
0.023905
0.160596
-0.1884
-0.29314
0.142119
-0.113828
0.135834
-0.196392
-0.308451
0.169378
-0.382264
-0.15598
0.0123724
0.0203261
-0.332267
-0.287741
0.179416
-0.255889
-0.722837
-0.1869
0.305742
-0.582019
-0.166559
0.16379
0.0178145
-0.0774827
-0.0302418
-0.000153156
-0.630719
-0.150572
0.432243
0.192378
-0.121818
-0.0966397
-0.3227
-0.203507
0.0753122
0.300667
-0.356834
-0.251255
-0.53975
0.295231
0.392569
-0.573063
-0.16069
-0.0530153
-0.0193398
-0.194386
-0.593079
0.0115474
0.255732
-0.168232
-0.323802
-0.065532
-0.149378
0.226374
-0.621681
0.147276
0.0355074
-0.39585
-0.064444
0.197684
-0.103345
-0.612015
0.0306088
0.424109
0.0614584
-0.433912
-0.095552
-0.164402
0.251078
0.541331
-0.152085
-0.838732
-0.418103
0.188723
-0.191279
0.0142634
-0.0826712
-0.645449
-0.566282
0.640657
0.239645
0.107863
-0.723921
-0.533727
0.359652
0.320834
-0.908445
-0.126312
0.684864
-0.367806
0.198196
-0.614553
-0.447041
0.517254
-0.163954
-0.45113
-0.167733
-0.0548334
0.186931
-0.305586
0.338366
0.26905
-0.631257
-0.45371
-0.192922
0.54305
-0.884116
-0.32081
0.70917
-0.248096
-0.298934
-0.484994
-0.0396444
-0.524784
0.40121
0.0584118
0.0219361
-0.850978
-0.173888
-0.516876
-0.882812
0.22335
-0.145182
0.0925969
-0.366243
0.673367
0.366787
-0.215585
-0.555003
-0.324885
0.911905
0.335007
-1.12788
0.358449
0.445703
-0.781798
-0.0909957
-0.0762096
0.29915
0.537642
-0.204393
0.320319
0.490429
-0.777765
-2.1153
0.0269498
1.52493
0.56768
-1.34969
0.79432
0.466019
-0.614147
-1.79445
0.154551
1.53
-0.990638
1.29287
0.538225
-0.424034
-1.59141
0.51563
-0.323082
-2.1742
2.02396
-0.960187
0.929094
-0.478878
-0.326494
0.0331622
0.0517734
-0.612284
-0.828139
0.218555
-0.34394
0.0807261
-0.243855
-1.11686
1.58065
-1.91532
1.94243
-0.577296
0.11328
-0.255701
0.586066
-2.16117
2.01262
-1.18089
-0.308125
1.50421
-1.32664
1.21006
0.966707
-1.11812
-0.420336
0.928292
-0.902476
1.02692
-0.772775
0.468575
-0.0705299
-0.270687
0.33477
-0.479519
0.919526
-0.703358
0.229239
-0.754656
0.124231
-0.130492
-0.271546
0.730845
-0.284871
0.1713
-0.469632
0.456458
-0.480913
-0.000475509
0.209537
-0.270395
0.293566
0.357528
-0.824447
0.411724
-0.163406
-0.586189
0.069783
0.106273
-0.215903
0.383845
-0.459605
0.282351
-0.0961009
-0.379315
0.126199
-0.165046
0.392763
-0.792385
0.192643
0.294652
-0.498709
-0.187674
0.534777
-0.514114
0.867
-0.294465
-0.34197
-0.00972339
-0.0241032
0.175101
-0.351132
0.0975666
-0.231368
-0.347673
-0.055367
-0.295967
0.806276
-0.728088
-0.0975322
0.499479
-0.571016
0.300539
-0.498999
0.360161
-0.374261
0.0274474
-0.523701
0.424021
0.0100449
0.333794
-0.695435
-0.0514207
0.255285
-0.2875
-0.1289
0.0311308
0.253682
0.0473979
-0.238828
0.237382
-0.165795
0.147968
-0.874146
0.526733
-0.383849
0.367942
-0.31235
-0.0958738
0.100913
-0.41687
-0.460284
0.418208
-0.293276
-0.221518
0.700644
-0.346377
-0.412671
-0.104853
0.508359
-0.85078
0.278953
0.227031
-0.212508
-0.350957
0.433472
0.012086
-0.24135
0.274336
0.0894085
0.233597
-0.471508
-0.0646564
-0.130313
0.138363
-0.135381
-0.120939
0.112724
-0.155381
0.0230164
-0.604876
0.565881
-0.167934
0.278283
-0.307657
0.529532
-0.148378
0.0369059
-1.13155
0.205359
-0.793259
0.25642
-0.138187
0.162714
0.0629809
-0.403059
0.158215
-0.358944
0.0526556
-0.0882533
0.0104086
0.150431
-0.128328
-0.102532
0.0528576
-0.014421
-0.096504
0.0191548
-0.0345993
-0.0764461
-0.04318
-0.0077829
-0.0750052
-0.0504493
-0.0512949
-0.0605284
-0.0534878
-0.0596729
-0.0335418
-0.0532419
-0.0528172
-0.0506086
-0.0505001
-0.0468021
-0.0539402
-0.0395972
-0.0440909
-0.0422672
-0.0503121
-0.0479447
-0.0488865
-0.0558022
-0.0325221
-0.0453418
-0.0470904
-0.0428055
-0.0443787
-0.0508195
-0.0510616
-0.0357527
-0.0409554
-0.043051
-0.04627
-0.0436596
-0.0467168
-0.0487424
-0.0518356
-0.0405571
-0.0384034
-0.0473811
-0.040529
-0.0473964
-0.0448655
-0.0448175
-0.0394519
-0.048415
-0.0466541
-0.0547593
-0.0472579
-0.0408701
-0.0502144
-0.0518649
-0.0421968
-0.0490723
-0.0343526
-0.0453986
-0.0428924
-0.0317728
-0.0312803
-0.03923
-0.0374759
-0.0734173
-0.0498685
-0.0320782
-0.031916
-0.0508877
-0.044807
-0.0327984
-0.0355055
-0.0455325
-0.0452419
-0.0356475
-0.0613236
-0.0455444
-0.0596393
-0.0591611
-0.039019
-0.0327557
-0.0484702
-0.0485416
-0.0286044
-0.0595768
-0.0206843
0.0334591
-0.0616113
-0.0404641
-0.0357099
-0.0360971
-0.00418949
-0.0199684
-0.0661308
0.0122079
-0.0416507
-0.0406138
-0.0625339
-0.024266
-0.0330486
-0.0234223
-0.0190394
-0.0586127
-0.0444754
-0.127384
-0.0213215
-0.0702027
-0.0263872
-0.034362
0.0202285
-0.0221783
-0.0607877
-0.0304131
-0.041147
-0.0446044
0.0203018
-0.0445911
-0.0451881
-0.0253296
0.011757
-0.0319352
-0.0597499
-0.0367867
-0.150581
-0.0237725
-0.0570639
-0.00190915
-0.0492104
-0.0644597
-0.0370515
-0.0562816
-0.00195571
-0.0702042
-0.0416401
-0.0508694
-0.112563
0.0118283
-0.0292967
-0.0546345
-0.0325134
-0.0531739
-0.021917
-0.0853062
0.0648656
-0.0158173
-0.106667
-0.00721156
-0.025351
-0.0639596
-0.0553201
-0.121268
0.0489628
-0.0249417
-0.00415847
-0.141123
0.0247778
-0.00319356
-0.0579222
0.0527015
-0.014742
-0.0229856
-0.0241251
-0.0384869
-0.0503325
0.08936
-0.00199124
0.0392198
-0.0320853
-0.0492649
-0.036988
-0.0113901
-0.0166671
0.166708
-0.192586
-0.0240281
-0.043344
-0.0512045
-0.0191216
-0.0247381
-0.0381315
-0.0321848
-0.0760939
-0.0387433
-0.0435106
-0.0628732
-0.274811
-0.540518
-0.0983243
-0.0380104
-0.041101
-0.0296502
0.0152847
-0.0598407
-0.00448495
-0.0640557
0.00304925
-0.0325545
-0.0357375
-0.0649967
-0.04098
-0.101064
-0.0742416
-0.0271959
-0.023293
-0.0687901
-0.0812274
-0.0608013
-0.0325411
-0.230446
-0.0390044
0.0284043
0.0250199
-0.0445748
0.000601863
-0.0446234
-0.183821
-0.0491054
0.0348155
-0.0325767
-0.093882
-0.0532972
0.0192075
0.00536748
0.0877269
-0.0122422
-0.0275887
0.0698278
0.0577521
0.0355053
0.0173179
-0.0350682
-0.0122954
0.000336619
-0.0183274
-0.0396319
-0.0204332
-0.0406173
-0.0426646
-0.0392237
0.0299327
-0.037543
-0.0943146
-0.0553259
-0.0137913
-0.0361202
-0.00282827
-0.0079622
-0.0920012
0.0158754
-0.0278704
0.00734542
0.00625053
0.0361347
-0.0350002
-0.0373114
-0.0305085
-0.00108942
-0.0467119
0.0053215
0.0390971
-0.0190443
-0.04836
-0.00243776
0.166038
-0.0928964
0.067277
0.15959
-0.128401
-0.477942
-0.212101
0.104285
-0.0932081
-0.0155815
0.0543742
-0.0692027
-0.0949961
-0.102966
-0.0793057
-0.0402183
-0.00680843
0.0477255
-0.0408531
-0.159398
-0.243386
0.166877
0.430355
-0.18968
0.0164734
-0.152296
0.177974
0.0672126
-0.00271492
-0.0743112
-0.0471509
0.0506795
0.0314675
-0.0535703
-0.0246806
-0.0666683
0.0453477
0.0762445
0.170032
-0.206742
0.262869
-0.145406
-0.0149961
0.0803724
0.125565
0.136585
0.0708201
7.04322e-05
-0.0602713
0.0550243
-0.0200713
-0.0639865
0.00671666
0.10901
-0.0704765
-0.922728
-0.30752
0.104962
-0.125904
-0.0477587
-0.0106156
-0.0810805
-0.0267709
0.109757
-0.0329663
0.0723304
-0.00455942
-0.0550711
-0.0984444
-0.0622558
-0.106807
0.0327369
0.0958223
0.0402777
0.115583
0.157412
0.0795573
-0.263363
0.309654
0.011102
-0.0896637
-0.0534001
-0.0390825
-0.00352704
-0.0225867
0.030372
0.0951368
0.0709571
0.142095
-0.783892
-1.19386
-0.904994
0.0913124
-0.35462
-0.108743
0.0788131
-0.0729297
-0.0888098
-0.0369043
-0.0283889
-0.08013
-0.263928
-0.0608393
0.152632
0.035351
-0.03353
-0.0282074
-0.0195504
-0.0439713
-0.0206207
-0.00523253
0.091112
0.349589
-0.0139551
0.000684511
-0.0197199
-0.0406419
0.0485277
0.0911529
0.0702074
0.122162
-1.05357
-0.40065
-1.52611
-0.0539197
-0.148532
-0.136571
-0.0721019
-0.0251808
0.0319186
-0.0344203
0.00169377
-0.0323688
-0.0340329
-0.120657
-0.0379137
-0.21947
-0.00811495
-0.104091
-0.377293
0.901894
-0.452247
0.0179772
0.0551953
0.0189852
0.0406974
-0.0228948
-0.0213595
-0.0345669
-0.0750614
-0.0652444
-0.134458
-0.0314961
0.0311071
0.0229114
-0.199125
0.14888
-0.633148
-0.167729
0.272566
-0.0161268
-0.0542596
-0.0160245
-0.0782501
0.0202934
-0.162414
-0.0301457
0.0423105
0.101261
0.103337
0.120966
0.048976
-0.270711
0.272705
0.503054
0.145628
-0.0423927
-0.0615861
0.0447127
-0.10012
0.0459966
0.0740306
0.084184
-0.0827303
-0.122708
-0.0997501
0.0725373
0.159114
-0.149771
0.141937
-0.342595
0.0102527
-0.342187
-0.174698
-0.0535962
0.0760476
0.0537169
-0.0284099
-0.0896261
-0.101839
-0.0810612
-0.105358
-0.0326033
0.0420721
-0.0473613
-0.072044
0.0845546
-0.050048
-0.621915
-0.351373
0.0770857
0.0356719
-0.0605218
-0.031315
-0.000774339
-0.00954084
-0.0337282
-0.0408584
0.0587858
0.00342834
-0.0128794
-0.00707225
-0.0356214
0.250277
0.111911
0.0388292
-0.0208
0.00965231
0.00303823
-0.0568322
-0.00231325
0.0171863
0.0119702
0.0180852
-0.0579181
-0.0750615
-0.120109
-0.0257381
-0.0204421
0.00130505
-0.0585159
-0.0696469
-0.00180401
0.00472812
0.0116323
-0.00265887
0.0724874
-0.0162084
0.00528485
0.100888
0.0205569
0.044536
-0.0237974
-0.0333391
0.0588238
0.0216072
-0.0778886
0.000148037
0.0698712
0.0100447
-0.00343763
-0.0832084
-0.0598943
-0.0556412
-0.00151201
-0.0719459
0.0651134
-0.0444058
0.0139495
-0.0198015
-0.0521406
0.0091359
0.00333803
-0.0329339
-0.0411014
0.0139264
0.00975098
0.00968285
-0.0232536
-0.0486923
-0.022266
-0.054604
0.0327315
-0.0306748
-0.0445759
-0.0244419
-0.0247429
-0.0780715
-0.0757664
-0.0154085
-0.0370003
0.0287493
0.0230777
0.0172567
-0.030381
0.0123951
0.00946518
0.00851668
-0.00545604
-0.023556
0.0169182
0.00968205
-0.0568997
-0.0338586
-0.0353847
0.0187094
-0.0356293
-0.00839133
-0.102184
-0.0144251
-0.0791574
-0.14229
-0.35227
-0.128532
0.0447212
-0.0615329
0.00926086
0.0157618
-0.0474888
0.046901
0.000869705
-0.111375
0.234927
0.0786985
-0.0688491
0.064978
0.0632444
-0.0856158
0.0247866
-0.00699838
0.0160812
0.0140674
-0.0950998
0.16894
-0.148827
-0.0916501
-0.0208174
-0.0215693
0.00298742
-0.0240627
-0.0368284
-0.0790075
-0.106249
-0.155159
0.051879
0.00721506
-0.0448236
-0.0479782
-0.0545418
0.0083788
0.0349675
0.0266025
-0.146888
-0.0544311
0.0180267
-0.152884
-0.135458
0.0201007
0.00275515
-0.0171716
-0.00559076
-0.0129098
-0.0851617
-1.1948
-0.421616
0.207269
0.0674171
0.0724411
-0.0118034
0.0130324
0.0657415
-0.0606321
-0.0310273
-0.00579989
-0.0470642
0.0244565
0.0479045
0.00303851
0.0142632
0.0185749
-0.0627583
-0.0374449
0.195672
0.641684
0.0621283
0.0279635
-0.00522134
-0.00597008
-0.0112685
-0.0202462
-0.0108746
0.0808464
0.0610483
0.0717803
0.139917
-0.0286997
-0.0266524
0.00775028
-0.0151971
0.0366129
0.0225074
-0.0513136
-0.074871
0.2016
0.0795537
0.0523163
-0.0150036
0.0321018
0.0273957
0.0230703
-0.089916
0.0930747
0.0763031
-0.127393
0.137362
-0.00991182
-0.0270504
0.00305791
-0.0634621
0.0352381
0.0599238
0.0292233
0.0819573
-0.10936
-0.281455
0.080978
-0.0658632
0.0194237
0.0522252
0.00028815
-0.018896
-0.0373279
-0.075392
0.049199
0.327556
0.125003
0.0603035
0.0460844
0.014434
0.0149388
-0.0329566
0.00630177
0.0320794
0.070662
0.0194448
-0.00610303
0.0073822
0.00253468
0.0270667
0.0611036
-0.00884325
-0.086437
-0.0213133
-0.0392147
0.0250267
0.0113222
0.00701541
-0.00421086
0.0505564
0.00479404
0.0104547
0.0343728
0.0203753
-0.022788
-0.0446622
0.208995
-0.0348947
0.000550666
0.0470922
-0.0168433
0.0154118
-0.0151512
-0.00312875
0.0101935
0.0729751
0.0585468
-0.020498
-0.000421133
0.0078969
-0.0129391
0.12251
0.0902475
-0.0557558
-0.0200425
0.0284104
-0.0433086
-0.00342306
-0.0119552
0.00167823
-0.00107974
-0.00203025
0.00701261
-0.0096158
-0.0656968
-0.244753
0.0156878
-0.00912035
0.0182946
0.0325625
0.0101115
-0.0724282
-0.0838881
0.0107307
-0.00624306
0.0244435
-0.0319896
0.0276839
-0.0124158
0.0481285
-0.155544
-0.0575247
0.0135352
0.00332378
-0.00791966
-0.0162905
-0.010254
0.00345814
0.0452284
0.0423107
-0.00964361
-0.0232838
-0.010298
-0.0235608
0.112026
-0.155214
0.0136305
-0.0467584
-0.00439139
-0.00570513
0.0378746
0.0305764
-0.0548879
-0.0153143
-0.0433658
0.0370188
-0.0313262
-0.00147514
0.0133096
0.00152849
0.0258776
-0.0260455
0.0349301
-0.0136891
0.0171726
0.022585
0.104765
0.19183
-0.014221
0.0157811
-0.0266248
-0.00608557
0.0328289
-0.0238562
-0.011768
-0.0197414
0.016829
0.19722
0.0324602
-0.01154
0.0131587
-0.0113264
0.0102501
-0.174289
0.0274492
-0.0330213
0.0200022
0.00204718
0.0145324
-0.0368248
-0.00846044
0.00120139
-0.00836111
-0.0110528
-0.0841562
-0.00727944
0.00642353
-0.00867089
0.0830588
0.0530779
0.0294257
-0.00490827
-0.00761122
-0.130759
0.0221285
-0.0492251
0.0921491
0.0403289
-0.00824279
0.0105301
0.00101732
0.0104709
-0.0207567
0.0255695
0.0294079
0.000122392
-0.00786437
0.0450671
0.00953878
-0.00676089
0.0484195
0.021924
0.0365215
0.00744645
0.0277827
-0.0354458
-0.0950842
-0.0100775
0.0327058
0.0240153
0.00361852
0.0326123
0.0129701
-0.0327257
0.0110848
-0.0312467
0.0214727
-0.0597785
0.00144361
0.00290024
0.033657
-0.0037017
0.0213931
0.025645
0.0644545
-0.0129745
0.0113808
0.0265242
-0.0860039
0.0227395
0.0261418
0.0085001
-0.077849
0.00402217
0.00137316
0.00607791
-0.0281782
0.0174949
0.0210308
0.0339292
0.00502139
0.00466356
0.0152901
-0.00942811
0.0674598
0.00862412
0.00929189
-0.0151006
0.00227764
0.00996707
0.0062459
0.0156093
0.0245349
0.0145474
-0.00284928
0.00638408
0.00634309
-0.0223988
0.021857
0.0680895
0.00210673
-0.0250657
0.00711526
0.00810601
0.0212047
0.0156624
-0.00332894
0.0135935
0.0145927
0.0136557
0.0237821
-0.0234087
0.00186322
0.028829
0.021558
0.018371
-0.00153722
0.0162062
-0.00147424
-0.0112007
0.0357756
0.0115493
0.0175282
-0.00106628
0.00842045
-0.0184377
0.037544
0.0253168
0.0271787
0.00309407
0.0058975
0.023795
-0.0612136
0.003133
0.0299259
0.0192248
-0.002142
0.0121364
0.001048
0.000147424
0.0159755
0.0285883
0.0236463
0.022637
0.00169379
0.0171952
-0.00301339
0.01559
-0.0180115
0.0176144
0.025889
0.0228077
0.0213394
0.00442707
0.00974038
-0.00259313
0.0127095
0.0227665
0.0116442
0.0249114
0.00903574
0.0204216
-0.000533089
0.0168363
-0.0192247
0.00241559
0.0169869
0.0121148
0.0178613
-0.00392152
0.0201247
0.0231923
0.0137206
0.0161675
0.0165426
0.015786
0.00121611
0.00780444
0.0345868
0.0131561
0.0214268
0.0189195
0.0137912
0.00208873
0.0152083
0.0249943
0.0114011
0.0227441
0.0116562
0.0178368
0.00338159
0.0137439
0.0299337
0.0168727
0.024913
0.00790815
0.0191868
0.00557697
0.00964516
0.0307946
0.0177232
0.0252252
0.00974342
0.0203934
0.00644852
0.012672
0.0313526
0.0184692
0.0247814
0.0116456
0.0211283
0.00745056
0.0144471
0.000514206
0.0194295
0.0262554
0.0129287
0.0221014
0.00835465
0.0154145
0.00117871
0.020312
0.026376
0.013877
0.0242071
0.0096018
0.0177403
0.00225478
0.0208681
0.0289134
0.0153905
0.0205596
0.0114003
0.0183542
0.00312641
0.0251756
0.0290484
0.0194912
0.0215925
0.012442
0.0217324
0.00602282
0.0131113
0.0301314
0.0141391
0.0309843
0.0135281
0.0233395
0.00533217
0.012612
0.0307362
0.0234356
0.0247416
0.0160556
0.0200168
0.00446311
0.0149609
0.0401045
0.0224266
0.0241008
0.0126441
0.0215807
0.00949399
0.0176022
0.0470318
0.0178158
0.02875
0.0207381
0.0208
-0.00183204
-0.00803892
0.038637
0.00760801
0.0330366
0.0118628
0.0250364
0.029038
-0.00868043
0.00113447
0.0177899
0.0234199
0.018151
0.0307304
0.012376
0.010013
0.00807994
0.0280939
0.0337303
0.0210106
0.0275468
0.041649
0.016029
-0.0652806
0.0263937
0.0317852
0.0259024
0.0207416
0.0193011
0.0142697
0.0362402
0.0154266
0.0356268
-0.00318992
0.0368581
0.0189661
0.0277143
0.00386683
0.000859825
0.0317658
0.0200737
0.0249696
0.00690235
0.0157544
0.00585454
0.00711437
0.0245107
0.0258774
0.081748
0.0216542
0.0422736
0.0144507
0.0169239
0.096414
0.00458675
0.0245907
0.0254228
0.00415357
0.0704461
0.011474
0.0933405
0.0301246
0.0108208
0.0290104
0.0225019
0.000674482
0.022048
0.0376469
0.0615021
0.0356723
0.0212218
0.0210289
0.0127868
0.0211077
0.0126258
0.199163
0.0299055
0.00651375
0.0373777
0.0311342
0.0193309
0.0321315
0.0207929
0.0347662
0.0226765
0.0220436
0.0166478
0.10799
0.0141758
0.00350107
0.0451203
0.103723
0.026707
0.0173515
0.0223242
-0.196109
0.0133094
0.029173
0.0280864
-0.0393268
-0.0047069
0.0393102
-0.00526948
0.0242649
0.0422804
0.00497603
0.0383871
0.0196364
0.0134095
-0.00532674
-0.000784175
0.0278739
0.0199443
0.1107
0.0225876
0.0518633
0.00344229
0.0171825
0.100516
0.0300347
0.00857932
0.0127728
0.00302189
-0.0901395
0.0194177
0.0333991
0.0239567
0.0333974
0.0298499
0.0203097
0.0248844
0.145385
0.0217279
-0.00355604
0.0716529
0.0202522
0.123779
0.0272964
0.0380204
0.0974262
0.0638268
-0.0756104
0.00244901
0.040254
0.0132468
0.122394
0.0216654
0.0226291
0.0345499
0.0415991
0.0225479
0.0162052
0.0480514
0.0166009
0.032869
0.0486173
0.206496
0.0571163
0.0273002
0.0266337
0.0141796
0.0509602
0.251268
-0.0158869
0.0115756
0.0148074
0.0613799
0.0258616
0.0346582
0.0308416
0.0571908
0.0687571
0.182968
-0.180941
0.00731586
0.00433499
0.0158202
0.0810305
0.0315253
0.036842
0.00721524
0.0173815
0.0491232
-0.0107279
-0.0312571
0.0499732
0.0407056
-0.14946
-0.0269086
0.000301311
0.135241
0.0189951
0.0262325
0.0832785
0.104451
-0.0500385
0.0297156
0.10335
-0.00960254
0.0224215
0.00954731
-0.0415937
0.111074
-0.011454
-0.0141696
0.0200417
0.0763781
0.0472209
-0.00373711
0.255075
-0.0258395
0.0505421
0.0646946
0.0253814
0.0246604
0.00958912
0.0514336
0.141721
0.0525448
-0.0158591
0.0387276
-0.00232385
0.0220699
0.0367274
-0.126848
-0.0946062
0.0310465
0.043202
0.0306912
0.0349406
0.0240855
0.0323575
0.0265606
0.0621263
0.0297798
0.0208561
0.00763977
-0.209497
-0.364002
0.00119356
0.0307441
0.0466886
0.0390963
0.123763
-0.0582495
0.0251195
0.039375
0.0602066
0.0616727
0.0430713
0.0902484
0.0651727
0.094106
-0.185376
0.0803612
0.00865004
0.0501806
0.049254
0.046822
0.02525
-0.0829473
0.0607826
0.0482596
0.0349174
0.0610723
0.0236288
0.0067238
0.0377452
0.0214042
0.0323879
0.0201118
0.0229597
0.0500055
0.0543407
-0.105286
-0.0200736
-0.0227436
0.00842243
0.0589556
0.0246997
0.0171779
0.000616705
-0.0129021
-0.104486
-0.310182
-0.103342
0.105753
0.0458828
0.0284664
0.0247297
-0.0280585
0.0692201
0.0672213
-0.0664918
0.280113
-0.0877877
0.0144334
0.0290678
0.124102
-0.012722
0.0785503
-0.0313938
0.0407665
0.0748854
-0.0821587
0.222741
-0.0716492
-0.0625876
0.0251493
0.00655366
0.107165
0.0142786
-0.00114276
-0.00831818
-0.0787868
-0.115917
0.0536051
0.111577
-0.038427
-0.0367184
0.034649
0.0613431
0.0939657
0.0679065
-0.075942
-0.0124264
0.00590829
0.0290583
-0.0788363
0.107692
0.0245395
0.0506477
0.0147531
-0.0319705
0.043096
-1.33647
-0.452339
0.204492
0.0550373
0.0729588
0.0354177
0.0387952
-0.00642733
-0.00613417
0.0853555
0.0448637
0.0781543
0.0227762
-0.0295639
0.0280248
0.0694727
0.0172228
0.0472958
-0.0312012
-0.245146
1.02098
0.0996686
0.031218
0.0260726
0.0171608
0.0253289
0.0583896
0.152884
0.0459036
0.159863
0.0928742
0.177865
3.59137e-05
-0.015137
0.0261963
0.0430685
0.018919
0.0326479
0.0673712
-0.0183641
0.261116
0.0754988
0.0921893
0.0666211
0.0649512
0.0891068
0.0712217
-0.158057
0.130724
0.171225
-0.0258876
0.184455
0.0535445
-0.00960503
-0.00447428
0.0133428
0.0851308
0.110466
0.113345
0.151413
-0.0700414
-0.220683
0.101867
0.0306355
0.0489739
0.102885
0.0413552
-0.00495131
-0.0794978
0.00892542
0.13208
0.360856
0.0894866
0.0951301
0.0476833
0.0521314
0.0359915
0.0201444
0.0491114
0.0642444
0.0548813
0.0707797
0.0410422
-1.33626e-05
0.0255828
0.0383268
0.0620599
0.037688
0.0153281
0.0613996
0.0395915
0.0130484
-0.0120833
0.0205898
0.0464337
0.0301136
0.0946327
0.0486827
0.0539439
0.0726841
-0.0160427
0.0476005
0.0853554
0.00372752
0.0670917
0.0956823
0.032883
0.0312081
0.0910366
0.0794604
0.0414851
0.0163129
0.0253632
0.066176
0.0749008
0.00120671
0.0372283
0.0200513
0.0969148
0.0422265
0.0737774
0.0684129
0.0755911
0.184036
0.0893537
-0.0446817
-0.0252917
0.0891887
0.0789619
-0.00190494
0.0250174
0.0451592
-0.0410314
0.0126243
0.00917057
0.0718951
0.106616
0.0437068
0.0102876
-0.0802013
0.0438416
0.0277536
0.0871928
0.0766245
0.0310619
0.0188381
0.0713926
0.124604
0.077515
0.069297
0.0153592
-0.166877
-0.0069018
0.0295554
0.075634
-0.015074
0.0243766
0.0832137
0.0021293
-0.00353366
0.0474817
0.0607193
0.0426128
0.052446
0.0512847
-0.00342928
0.0926013
0.0467067
0.000335978
0.0600537
0.0396015
0.0873871
-0.021759
-0.043795
0.308171
0.671138
0.200148
-0.115662
0.148641
0.0615438
0.0580787
0.126913
0.136202
0.0416696
0.101192
0.108729
0.0898001
0.0236876
-0.0844367
0.026711
0.221239
0.320823
-0.0438908
0.383958
0.107368
0.0706492
-0.142699
0.0296274
0.219417
0.2152
0.145457
0.142031
0.033444
-0.04131
0.126534
0.0315596
0.0888086
0.0484714
-0.124325
-0.348257
-0.242921
0.279523
-0.0919058
-0.0447248
0.0203892
-0.0395242
0.0106974
0.0166138
0.14237
0.106342
0.0570513
0.0616604
0.0731822
0.0365877
-0.243556
0.229907
0.764243
-0.032189
0.195517
0.0338394
-0.0461942
-0.0162203
0.0927901
0.168624
0.0399393
0.118034
0.0403801
0.0353309
-0.0245585
-0.00452057
-0.0145437
-0.00884589
0.438479
-0.869978
0.370221
0.0519186
-0.0332618
-0.0473472
0.273284
0.00788005
0.0157195
-0.00079502
0.0508507
0.0640177
-0.0212783
0.0345834
0.163983
0.146742
0.149606
-0.0695583
2.3316
-0.389004
0.814761
-0.460543
-0.114145
-0.0600235
0.0397732
-0.0314704
0.0430864
0.0110527
0.0319242
-0.0598681
0.127104
0.0464265
0.0439656
0.0629683
0.0436455
0.0436995
0.0327401
0.0966996
-0.096731
0.0858821
-0.178777
0.0374875
0.0161349
0.045813
0.0308799
0.13435
-0.17673
0.00259251
0.129459
-0.771063
1.0082
0.814523
0.809178
-0.0748893
0.0404818
0.00619402
0.0452754
-0.00328198
0.0617135
0.0341088
0.0868175
0.0659217
-0.0909072
-0.0126828
0.1437
0.175232
-0.0668807
-0.0289546
-0.0305718
-0.0313809
0.0167407
0.134999
0.096613
0.114581
0.0678715
0.0877318
0.0409166
0.0389762
-0.0786925
0.0100072
0.125389
0.128957
0.252842
0.16397
-0.105606
0.33519
0.905437
0.054178
-0.0584773
0.0835582
0.0679293
0.0158617
0.0424324
0.00631071
0.0815727
0.00672396
-0.123251
-0.0257304
0.0128345
0.116761
0.164468
-0.224741
0.190274
-0.18316
-0.0331631
0.042171
0.120731
-0.0287136
0.101665
0.0477466
-0.0617051
-0.0484537
-0.00168392
-0.0275586
-0.140345
-0.0740633
0.224874
-0.0355595
0.28207
-0.298294
-0.130615
0.345526
0.14607
0.0481558
-0.040802
-0.0188282
0.0932663
0.0882374
0.104982
0.090129
0.0276234
-0.0323377
0.0901757
0.0715586
-0.107923
0.15754
0.541697
0.278405
-0.124413
-0.0459854
0.118514
0.163323
0.0339369
0.0670201
0.100115
-0.00941977
0.0133222
0.0987528
0.0715189
0.0840663
0.0479788
0.0723617
0.0011096
0.0250043
0.0153378
0.020811
0.125989
0.127488
0.0413944
0.0109197
0.0349061
0.0399667
0.137449
0.0908616
0.0377919
-0.0289199
0.0793547
0.0831408
0.0497693
0.0212207
0.0657417
0.0700631
0.0375885
0.0154801
0.0383009
-0.0109569
-0.00510853
-0.0193339
-0.0263966
0.0793903
0.0303371
-0.0765271
0.0698353
-0.0224656
0.0384133
0.115749
0.117369
-0.00729778
0.0449036
0.245666
0.128824
0.128808
0.0157366
-0.0368111
0.0923584
0.0194885
0.269665
0.0380986
0.0401576
0.0728997
0.0308117
0.0223181
0.0562176
0.123889
0.10184
0.0428169
0.0541157
0.0799189
0.0495061
0.0301848
0.08256
0.0868182
0.0924905
0.0655653
0.101847
0.049575
0.0653896
0.102965
0.683034
0.0906656
0.0975728
0.0857283
0.0653152
0.106641
0.0537906
0.0559706
0.0689496
0.0525321
0.0897156
0.0532641
-0.0100554
0.0165666
0.245094
-0.0139788
0.0731943
0.0687199
0.0565405
0.109992
-0.00901471
0.0563893
-0.0715564
0.0991643
0.0927477
0.0567679
0.0670125
0.0825443
-0.041243
0.0272004
0.0164954
0.0368132
0.0516381
0.0925819
0.111024
0.0208344
0.101279
0.0351175
0.0722659
0.0675542
0.107415
0.122501
0.145855
-0.0525649
0.131291
0.0854765
0.0954842
0.116367
0.0326832
0.0459203
0.0133044
0.096939
0.0822359
0.104009
0.0979248
0.188468
0.0676938
0.0457539
0.085073
0.0704758
0.0701889
0.0917533
0.0443186
0.191562
0.0736293
0.0782487
0.112129
0.034446
-0.00398006
0.104235
0.0609372
0.0391738
0.124279
0.0802811
0.107355
0.0758751
-0.0126778
0.0526899
0.0445991
0.0953838
0.190129
0.0732856
0.135961
0.0545479
0.0717191
0.0424865
0.0727869
0.0717916
0.0590842
0.0888564
0.0816565
0.0711869
0.046136
0.0869552
0.0358373
0.0265346
0.0884483
0.041575
0.10238
0.0531226
0.142243
0.0484991
0.100398
0.0704201
0.0840348
0.0759095
0.0662002
0.0708388
0.0692017
0.0679244
0.0735459
0.0975934
0.0781184
0.0690428
0.0814688
0.0521962
0.0665358
0.114115
0.0590841
0.0662583
0.0996612
0.0625325
0.0888226
0.0694664
0.0947802
0.0848316
0.0676792
0.0708056
0.0669333
0.0607245
0.0850097
0.0821982
0.0752622
0.0856468
0.0569655
0.0756099
0.0647895
0.077895
0.0834248
0.0726881
0.0795009
0.0656381
0.0786733
0.0682287
0.0784606
0.0501904
0.0734195
0.0812215
0.0733589
0.0813934
0.0624985
0.0741589
0.0639651
0.0793355
0.0845562
0.0696916
0.0809547
0.0689333
0.0816667
0.0561705
0.0809937
0.0731731
0.081009
0.081547
0.0650121
0.0803053
0.0610142
0.0785703
0.0770584
0.065825
0.077771
0.0668098
0.0939664
0.0586971
0.0650033
0.0895935
0.0909895
0.0802939
0.059797
0.0813981
0.0603017
0.114733
0.061405
0.057288
0.133078
0.0396395
0.0242341
0.104626
0.00716786
-0.0221389
0.172134
0.207309
-0.225652
0.0398978
0.10991
-0.0101048
0.354793
-0.0822092
0.368738
0.020558
-0.277603
0.196301
-0.290288
0.975463
-0.209924
1.13846
-0.157106
0.145878
-0.525786
0.419666
-0.27136
0.295383
-0.620693
0.659771
-0.0824964
0.160945
-0.104906
0.148228
0.122514
0.0112819
0.103561
0.275181
0.395407
-0.167267
-0.073082
-0.175198
0.326264
-0.095924
-0.277148
0.356831
0.225865
-0.187351
-0.196377
0.76695
-0.461514
0.199624
0.334192
0.42624
-0.689985
0.299273
0.371845
-0.34423
0.518836
0.432375
-0.0711966
0.150441
0.262829
-0.396685
0.444088
-0.404848
0.897818
-0.208187
0.209654
-0.145476
0.187858
0.0538604
-0.637511
-0.00562866
0.240368
0.302365
-0.298865
0.309682
0.601633
-0.334906
0.0350697
-0.417748
0.551045
0.0152525
0.390438
-0.375518
0.572003
-0.214269
0.57391
-0.513299
0.247947
0.714579
-0.761763
0.399549
0.0959662
0.457084
0.243684
-0.0366502
0.328164
-0.176033
0.152887
0.0489033
0.360884
0.368065
-0.952343
0.511173
-0.453117
0.286125
0.472873
-0.332834
-0.120159
0.754586
-0.367878
0.11298
0.0203515
0.320163
-0.00132441
-0.139227
0.545387
-0.33076
0.241497
-0.0215583
0.00617606
0.519167
0.159376
-0.315359
0.833172
-0.445767
-0.100774
0.246244
-0.121312
0.12505
0.640291
-0.471684
0.527274
-0.360844
0.274624
-0.674349
0.434826
0.0804256
-0.0751436
0.818832
-0.609437
0.730125
-0.851187
0.539469
-0.173203
0.287179
0.169455
-0.512836
0.955407
-1.02283
0.962763
-0.717397
0.349879
1.23032
-1.66023
-1.97155
1.19178
-1.57207
0.491586
1.33709
-2.0743
2.37194
-0.781661
0.0648812
-0.0592544
0.357625
-1.90495
1.97154
-1.48523
1.17362
0.307931
-0.175044
0.647212
-0.809157
0.518243
0.677509
-0.26191
0.136015
0.298596
0.350311
-1.02173
0.946995
-2.0137
2.62945
0.189682
-0.35586
1.03682
0.412108
-0.6888
-1.47017
1.165
-1.04888
0.107787
1.71643
0.745935
-0.70463
-0.924488
1.41481
-0.196278
-1.23436
0.218674
2.14533
0.747549
-0.624847
-0.376617
0.270184
-0.602691
0.0284264
0.234447
0.360602
0.774811
-0.461553
0.133045
1.40248
-0.787638
-0.838214
0.683894
0.670882
0.110923
-0.588838
-0.496786
0.670075
-0.0331686
0.364009
-0.221897
1.00467
0.53708
0.225071
0.661079
-0.0523998
-0.0437614
-0.213476
0.608907
-0.0243721
0.546221
0.250747
0.224457
-0.664466
0.440728
0.863809
-0.531382
0.161207
0.455359
0.570194
-0.505422
-0.196519
0.384917
-0.188262
0.0618805
0.217411
0.592473
-0.027487
-0.609296
0.586342
0.62784
-0.119656
0.117257
-0.743341
0.381814
0.926582
-0.337744
-0.204182
0.719523
0.583493
-0.289377
-0.34353
-0.560804
0.813273
0.627295
-0.00416105
0.0456507
0.206301
-0.0761506
0.521423
0.669654
0.0600123
-0.622617
-0.0861837
0.223387
0.147782
0.388364
-0.22709
-0.403591
0.149132
0.606045
-0.0200297
-0.147603
0.106574
0.425642
-0.0681768
-0.0439728
0.632509
-0.256505
0.239803
0.0902913
0.357287
0.141265
-0.22651
0.0359148
0.654444
0.137529
-0.008622
-0.0346706
0.214732
0.593296
-0.412541
-0.182469
0.757407
0.226234
0.25734
-0.307993
-0.0178517
0.214603
0.334066
-0.016629
0.0852045
-0.199201
-0.31152
0.420658
0.673992
-0.0569518
0.0421115
0.084913
-0.070998
-0.112807
0.341385
0.499415
-0.312346
0.433859
0.655839
0.0398526
-0.131809
0.318938
0.278014
-0.0644671
-0.0144388
0.219596
0.295289
-0.126026
0.310919
0.194611
-0.141998
0.139756
-0.0460846
0.364251
0.385755
-0.169349
0.0128003
0.325421
0.621018
0.212523
-0.518955
-0.00443305
0.641382
0.207223
-0.422303
0.0281414
-0.0288552
0.332956
0.420348
0.0317471
0.0505385
-0.163087
-0.315535
0.378132
0.385503
0.331215
0.0525786
-0.252359
-0.26538
-0.322085
-0.161742
-0.0774898
0.253842
0.609173
0.150668
0.268042
0.28546
0.210185
-0.257469
0.0406803
-0.117144
0.163758
0.00123523
0.214955
0.266361
0.481928
0.648966
-0.302986
0.172555
0.183358
-0.562707
0.524341
-0.166826
-0.383345
0.475779
0.0803619
0.385275
0.636784
0.524145
0.166362
0.457135
0.181632
0.540585
0.116942
0.0171295
1.26809
-0.451549
-0.870542
1.51262
-0.715709
0.991694
0.108607
0.604721
0.15222
-0.207732
0.943692
-1.09312
0.0897592
-0.564992
0.514831
-0.446694
0.918121
0.151099
0.761568
0.0235753
0.214621
0.379077
0.00217862
0.688308
-0.218118
1.34584
-0.689854
-0.364699
-1.49233
0.308029
2.1658
0.197369
0.0234078
-0.14887
0.00148793
0.804531
-0.274137
-0.267178
0.0364454
0.278252
0.988288
0.480343
-0.0461325
0.462171
-0.610696
0.611653
0.926435
0.193957
0.371113
0.159494
-0.912879
-0.858704
0.860477
0.8029
-0.657397
1.34997
0.440697
0.750303
0.497986
0.764301
-0.0881651
-1.33184
1.4383
-0.703858
-1.5037
-1.96448
2.7197
1.74718
-1.21924
-1.97443
2.99385
5.17439
-1.25033
-3.63318
-2.96017
4.19312
1.92691
0.00940829
-2.22669
-3.79453
2.38023
1.56486
3.24715
2.77709
-3.47405
-0.847986
-0.00399466
-0.0569938
2.37641
-1.41394
0.911676
1.66814
-2.76893
0.893761
4.50682
-3.01195
-2.85859
4.69854
1.36353
-4.07934
-0.317858
4.17199
-0.763193
-4.83583
-0.0375873
5.07997
-2.72077
-1.90614
0.795493
2.42853
-2.23332
-2.48475
1.77777
2.34642
-0.178021
-4.09499
1.82537
1.65448
-0.0657751
-0.66867
-2.08592
2.94614
0.0964409
1.62638
-3.09988
0.35388
0.376969
-1.98293
6.05123
-2.55975
-1.4757
3.55172
-5.55623
2.18662
3.33916
-3.45509
2.10138
1.62753
-2.53
0.649707
0.887167
0.28814
-1.50805
0.973284
0.917469
-1.20399
1.7441
-0.127519
-1.07785
0.562428
1.41417
-0.470956
0.317657
-1.24795
1.89565
1.12437
-2.4819
2.87402
-0.981177
0.970347
-1.08881
-0.676972
1.95545
-0.253904
-0.856104
0.730867
-2.49861
4.33879
-3.93559
3.37223
-1.96461
-1.81636
3.46422
-2.30864
1.9887
1.25291
-2.75799
2.7287
-1.45485
-0.0508267
1.22498
-1.4014
1.58428
1.09292
-1.70892
1.42572
0.390415
-1.24572
1.93195
-1.66305
1.80143
-1.93115
3.07807
-2.67144
1.03702
1.17051
-1.17026
2.44839
-2.61573
1.18233
2.13899
-1.99122
-2.44812
2.39377
2.5326
-4.13171
4.28644
-3.06915
1.43435
-0.482215
-0.6891
1.51749
-0.129906
1.23612
-0.230222
0.28578
-0.295951
-0.0690541
0.835196
-0.171577
1.72909
-1.3985
1.63031
-1.08778
1.27929
-1.23557
1.44354
-1.11646
0.820011
0.465924
0.0207251
0.639157
0.597299
-0.73943
1.76893
-1.1919
1.95149
-0.988101
1.1404
0.618923
-1.17684
3.08988
-3.5612
5.02782
-5.67429
5.86161
-1.24664
-5.20532
11.7869
-18.4416
21.0185
-7.51319
-17.0237
34.4723
-25.0178
6.55762
6.58069
-10.2163
11.7057
-8.54006
9.06093
-6.84431
4.8475
-3.82171
2.17021
-1.4938
0.376933
0.453112
-0.895025
4.53721
-3.34451
3.28613
-1.58118
-1.90852
5.10067
-3.43621
0.538528
2.72402
-3.58319
1.47568
3.84055
-2.89356
-0.900644
3.74676
-1.81085
-2.43561
3.17503
1.56106
-0.87701
-2.83668
3.86225
1.37994
-5.89722
-0.214949
5.96313
-0.17666
-6.23905
2.60395
10.4236
-12.1256
-7.78189
17.5204
11.5073
-24.8293
-4.27693
25.1733
-22.3812
18.0913
-8.15484
3.99695
-5.17813
1.06213
-1.65014
4.9253
-5.92014
10.5025
-11.1013
9.9966
-2.71825
-0.187153
7.04257
-8.49881
7.80787
-0.528163
-7.05692
8.50452
-3.76733
-5.16919
6.20863
0.744828
-5.22124
0.937254
3.96784
-4.95515
-2.43944
3.26444
2.52912
-5.01839
-2.42451
0.387271
3.4125
0.239478
-4.41689
-3.03203
-1.11426
-0.0945195
3.54967
3.69206
-1.80187
1.01552
5.44209
-5.20777
-8.55649
11.863
24.9072
-25.0998
-11.4501
12.2897
-16.2199
16.028
-6.60277
14.1289
-5.2254
15.8854
-5.40314
1.85473
3.28912
-6.28279
6.6331
-7.20063
-1.4352
7.94381
-5.78754
-3.3709
8.52362
-1.29296
-2.55431
6.0326
2.76648
-1.63574
-0.579249
5.88736
7.2502
-2.08344
-2.36587
-0.544776
5.08784
5.38978
0.960038
0.718076
-1.32925
0.28882
0.606646
2.49392
2.54651
1.70832
-0.476447
0.407944
6.55762
2.3873
-15.748
-2.88417
30.5958
9.95806
-50.0319
-3.88311
39.4355
-14.7587
18.4834
-5.57677
8.11534
-5.47325
8.00338
-6.75306
8.98148
-3.8424
-3.15529
6.17169
-4.28096
-1.23002
6.40551
-2.46437
-2.47148
5.06363
4.56236
0.277092
0.0227399
5.24733
7.13388
4.48602
0.347896
0.31335
1.12702
2.92512
3.71735
2.41903
2.00322
0.871799
-0.188804
-1.1991
-0.606573
-1.22278
-3.26388
-4.19977
-4.17293
-3.04649
-2.03047
-2.02391
-2.34479
-4.75005
-5.53633
-2.65595
3.50401
15.3007
23.1208
2.84502
-51.1551
-51.5704
6.68206
1.07898
19.0628
6.32128
20.7803
2.11635
10.2577
15.2945
-2.32126
4.77186
17.7016
5.41347
-12.7245
-6.35973
11.7259
13.8114
10.4469
4.13732
-2.68007
-5.75664
-2.80514
-4.70213
-3.43541
-2.44528
-1.8909
-0.633544
0.068847
-0.281812
0.141937
1.11816
0.564141
2.17663
1.64885
3.50355
2.28198
2.94168
3.46522
2.13647
4.04556
3.94119
6.23277
7.31887
4.82505
9.14552
7.32445
9.92549
4.4772
2.51495
-34.6765
43.0791
116.813
-80.2692
35.7366
2.72573
-51.8519
41.0927
35.0634
7.0843
-29.971
-28.2143
-20.0326
-12.7047
-10.338
-8.01216
-6.40796
-3.4229
-5.21961
-3.49331
-2.48461
-2.64455
-2.39766
-2.66857
-1.70799
-1.76686
-1.60692
-0.983022
-1.59568
-0.957756
-1.3761
-1.03857
-0.869912
-1.11153
-1.41401
-0.932559
-0.0147596
-0.302069
-1.82217
-1.16473
-0.632579
-1.00872
-1.84389
-0.81821
-0.74812
-1.1558
-0.572507
-0.159822
-0.678092
-0.542948
-0.176612
-0.209706
