0
2.06508
4.70051
2.32035
3.91016
1.06739
-8.41585
5.1215
-4.16407
-1.55515
-0.404894
2.6131
4.14268
-1.27546
2.27079
-11.2703
-3.63809
0.36851
0.744952
2.92993
7.67824
-4.30532
6.50726
-5.4382
-8.76556
4.98393
1.12275
-0.572265
-3.60789
6.9486
2.92482
-2.64013
2.53922
4.23037
-2.48503
-4.38764
0.0937417
-3.64271
-1.17946
-2.01213
2.06382
-1.47915
2.71912
6.38291
2.50051
4.111
-2.63983
-6.03585
-13.2887
4.27494
5.22399
-0.492138
-7.44778
8.67776
-2.70699
5.64505
-0.697232
-0.13166
-3.84785
2.65045
-7.68399
-5.30374
0.81177
-5.38462
-0.0760028
4.52912
-0.542165
4.82935
9.31368
-2.53221
4.47904
0.415334
-0.21351
-4.21145
1.87569
-8.9293
7.26065
-0.242792
-4.49241
-5.13578
12.7266
7.08873
3.50623
-1.62496
-1.43807
-5.97326
-4.18746
1.13452
-1.34478
2.30663
0.674724
2.88709
1.09426
3.91492
4.26879
-4.89385
-2.81712
2.3505
-2.71485
-6.2808
4.81987
1.74227
-0.492627
-4.07413
8.33457
7.30624
-6.31553
5.11659
-6.30508
-5.39803
-0.751568
-1.56424
2.21553
8.78019
-2.02408
2.68661
-5.45292
-4.13035
-2.33972
1.84939
4.35986
-6.1418
9.70628
-0.0353256
-2.92039
-3.32214
-5.70009
-2.91415
