-0.00490193
0.00900459
0.0218419
0.0336048
0.0441257
0.0522849
0.0574671
0.0612733
0.0641893
0.0650311
0.0629669
0.0591288
0.055134
0.0512116
0.047022
0.0435668
0.0429005
0.0453316
0.0493389
0.0553519
0.0641282
0.0754637
0.0889496
0.102527
0.118754
0.136684
0.151562
0.160381
0.160431
0.15257
0.146723
0.132814
0.115006
0.0809339
0.0573476
0.0297309
0.00554354
-0.0331528
-0.0578725
-0.0766652
-0.104834
-0.1178
-0.128845
-0.13483
-0.146791
-0.148481
-0.146701
-0.141849
-0.134593
-0.127797
-0.120596
-0.108421
-0.0991791
-0.0907533
-0.0834599
-0.0724927
-0.0641457
-0.0571211
-0.0409065
-0.031718
-0.0207876
-0.0115708
-0.000648267
0.0063445
0.0127177
0.0212965
0.0221364
0.021473
0.0174664
0.00858186
-0.00357145
-0.0172487
-0.0308366
-0.0472675
-0.0615108
-0.0730598
-0.0798889
-0.0847431
-0.0868922
-0.0856339
-0.0646471
-0.0543042
-0.0408566
-0.0199162
-0.00164424
0.0183627
0.0336419
0.0720062
0.0903177
0.104599
0.117236
0.127072
0.139457
0.150046
0.167891
0.175176
0.187513
0.20476
0.219337
0.220854
0.220125
0.213523
0.182177
0.174978
0.142143
0.120865
0.0849726
0.0704107
0.0301053
-0.0370571
-0.0453261
-0.0793926
-0.0940337
-0.123139
-0.124676
-0.142768
-0.168636
-0.171252
-0.176619
-0.170068
-0.168067
-0.165096
-0.161258
-0.144489
-0.142715
-0.130863
-0.129834
-0.110695
-0.108273
-0.0925641
-0.0622307
-0.0591627
-0.0323477
-0.0298705
-0.00691837
-0.00450807
0.019296
0.02311
0.0458232
0.0554928
0.0550644
0.0588384
0.0537419
0.0480362
0.0417368
0.0285024
0.0127547
0.00285029
-0.0121215
-0.0202593
-0.0349348
-0.0446763
-0.0539786
-0.0558426
-0.0617391
-0.0594187
-0.0626344
-0.0517772
-0.0540283
-0.0337101
-0.0157001
-0.0157166
0.00415109
0.00360751
0.0221499
0.0203184
0.043203
0.0542778
0.0497078
0.0581967
0.0553025
0.0632224
0.057905
0.0660613
0.0734161
0.0737846
0.081282
0.0836976
0.0909694
0.0925385
0.101245
0.107186
0.119372
0.12458
0.137884
0.150155
0.177671
0.179552
0.1514
0.159279
0.12857
0.155311
0.101292
0.0906966
0.0308938
-0.041506
-0.0245519
-0.0840463
-0.0955111
-0.141411
-0.125553
-0.167455
-0.172264
-0.194016
-0.195267
-0.198988
-0.19759
-0.191912
-0.172601
-0.178453
-0.161579
-0.135188
-0.129249
-0.097648
-0.122215
-0.0916311
-0.0834489
-0.0420918
-0.00972559
-0.0313985
0.00947997
0.0244263
0.0547843
0.0382251
0.0764419
0.0964866
0.100069
0.0997303
0.0999119
0.0964123
0.087781
0.0603176
0.0318381
0.0358053
0.00329899
-0.0181387
-0.0449409
-0.0465267
-0.071054
-0.0864078
-0.0931984
-0.0835494
-0.0996213
-0.0872132
-0.0803663
-0.0492536
-0.00792046
-0.0315382
0.00582252
0.0262941
0.0600059
0.0379369
0.0665764
0.0928103
0.100735
0.104344
0.093309
0.102767
0.107107
0.110137
0.102969
0.117631
0.130183
0.140476
0.138393
0.163471
0.186073
0.20923
0.194251
0.154544
0.217793
0.179653
0.160614
0.0852652
0.150399
0.0572321
-0.0247411
-0.0676634
-0.140044
-0.0902154
-0.160124
-0.190344
-0.230292
-0.230551
-0.230004
-0.239467
-0.238393
-0.21372
-0.22475
-0.200965
-0.167997
-0.151259
-0.108368
-0.15058
-0.116895
-0.0998315
-0.0530831
-0.0158543
-0.0641766
-0.0275788
-0.00498495
0.0340127
-0.00151587
0.0350621
0.0704255
0.0861684
0.097133
0.0904968
0.0984142
0.0975324
0.0838741
0.0529438
0.0652683
0.0351159
0.00990725
-0.0257626
-0.0228741
-0.0567083
-0.0808536
-0.0954508
-0.0973716
-0.123833
-0.118171
-0.111474
-0.0835058
-0.0381493
-0.0842319
-0.0378754
-0.0101674
0.038727
-0.00414944
0.0481566
0.0918592
0.110505
0.129848
0.116826
0.140822
0.146074
0.151313
0.145144
0.166434
0.168257
0.167382
0.160047
0.195623
0.194327
0.204903
0.181713
0.160982
0.250382
0.199229
0.182069
0.0975933
0.203494
0.119194
0.000395685
-0.0451222
-0.139193
-0.0747709
-0.151821
-0.214331
-0.251763
-0.248869
-0.273228
-0.278113
-0.263583
-0.240216
-0.269807
-0.242681
-0.197054
-0.141777
-0.107496
-0.172632
-0.105121
-0.0901971
-0.0223894
0.00429469
-0.0526019
0.00596546
0.0112466
0.0511565
0.0172137
0.0396554
0.0754568
0.0788333
0.0817139
0.0885513
0.0923561
0.0852485
0.0738356
0.0360147
0.0571558
0.0334093
-0.00182956
-0.0273914
-0.020274
-0.0688745
-0.0918276
-0.0961344
-0.10344
-0.143796
-0.129014
-0.134395
-0.0675436
-0.133684
-0.113496
-0.0253746
-0.015496
0.0622796
0.0139734
0.0457821
0.11482
0.136347
0.143413
0.161592
0.180532
0.190337
0.192535
0.187699
0.211984
0.218151
0.173722
0.174526
0.230604
0.197094
0.216656
0.126671
0.141702
0.263044
0.170326
0.190263
0.0467635
0.184407
0.170671
-0.0235334
-0.0342495
-0.155056
-0.103166
-0.141694
-0.248402
-0.271542
-0.227483
-0.308119
-0.318174
-0.273009
-0.267864
-0.303639
-0.256939
-0.240452
-0.123522
-0.113867
-0.199551
-0.0913657
-0.101684
0.00408734
0.00944149
-0.0604101
0.0257463
0.017632
0.0588433
0.0304061
0.0355594
0.0769198
0.0768223
0.0587557
0.0731748
0.0744649
0.061695
0.052909
0.0585661
0.0239359
0.01079
-0.0232072
-0.0404797
-0.0406805
-0.0767347
-0.100325
-0.0817317
-0.0934839
-0.143411
-0.0989733
-0.127069
-0.0324953
-0.10649
-0.10295
0.0126134
0.00375522
0.0846465
0.0590588
0.064728
0.142613
0.15945
0.132937
0.189847
0.198346
0.189953
0.212331
0.215504
0.215224
0.238528
0.158473
0.18575
0.258569
0.175732
0.222493
0.0887424
0.11359
0.246592
0.115156
0.173358
0.00517578
0.138154
0.166264
-0.0495901
-0.0353198
-0.15436
-0.137214
-0.14265
-0.259424
-0.294231
-0.197811
-0.333846
-0.348833
-0.263717
-0.29357
-0.345913
-0.247234
-0.258887
-0.091132
-0.106569
-0.206927
-0.0502691
-0.0843071
0.0357223
-0.0285476
-0.0345336
0.0508323
0.0340723
0.0599901
0.0523054
0.0412091
0.0640278
0.0652635
0.0408146
0.0618469
0.0577689
0.0352665
0.0318811
0.0376631
-0.00482874
-0.0161616
-0.0369572
-0.0586644
-0.0744755
-0.093354
-0.123205
-0.066036
-0.0935611
-0.169213
-0.0780035
-0.116302
0.00549199
-0.0703406
-0.0850734
0.0592536
0.045847
0.102989
0.116074
0.111132
0.172915
0.192072
0.113268
0.217494
0.230103
0.174599
0.216208
0.23747
0.215681
0.25305
0.128491
0.181465
0.277209
0.157193
0.228104
0.0540943
0.0959204
0.244357
0.0768486
0.162599
-0.0200166
0.0980484
0.151472
-0.0819204
-0.0550928
-0.146719
-0.181131
-0.175546
-0.272434
-0.320397
-0.254599
-0.352545
-0.385444
-0.234541
-0.2942
-0.372118
-0.210765
-0.269683
-0.0420131
-0.0729837
-0.181717
0.002235
-0.0397616
0.0566422
0.0178572
0.00182876
0.0674372
0.0544871
0.0473678
0.0607917
0.0499961
0.0465801
0.0469788
0.0140285
0.0273696
0.0209506
-0.00459051
-0.0135751
-0.011428
-0.0542601
-0.0785016
-0.0582361
-0.0904535
-0.135942
-0.099323
-0.149546
-0.0372722
-0.0633992
-0.16386
-0.0150108
-0.0598216
0.0515144
0.0101465
-0.0206138
0.11789
0.119836
0.104991
0.175311
0.173573
0.181594
0.218912
0.0763198
0.211839
0.239234
0.137059
0.196018
0.2401
0.173815
0.226022
0.081371
0.147679
0.252686
0.111692
0.193826
0.0269229
0.0812755
0.232795
0.059562
0.158757
-0.0217286
0.0807385
0.153749
-0.084043
-0.0685025
-0.127488
-0.216589
-0.21381
-0.277699
-0.349887
-0.299147
-0.350747
-0.408086
-0.188656
-0.272877
-0.369555
-0.140596
-0.218376
0.00107646
-0.0316109
-0.132626
0.0489118
0.0100227
0.0480459
0.028967
0.00801697
0.0505917
0.0410881
0.0200217
0.0265031
0.0172206
0.0201038
0.0186586
0.00346508
0.00196326
-0.00718424
-0.0154166
-0.0353257
-0.0517281
-0.0792441
-0.12038
-0.0517644
-0.0946815
-0.179171
-0.0940564
-0.167832
0.000336398
-0.0065202
-0.115144
0.0490039
0.011375
0.0679208
0.132068
0.119177
0.165562
0.202042
0.0472133
0.201535
0.235768
0.151901
0.207308
-0.000796265
0.123935
0.18279
0.0832489
0.148019
0.202087
0.0845757
0.167992
0.0535802
0.121771
0.225788
0.0488407
0.131283
0.0162499
0.146094
0.232479
0.0206845
0.0929444
-0.0274694
0.0602831
0.154091
-0.0916253
-0.12559
-0.115982
-0.2378
-0.228636
-0.175659
-0.309352
-0.374269
-0.335458
-0.406729
-0.0588261
-0.152087
-0.314365
-0.112635
-0.19535
0.0360717
0.0376576
-0.043021
0.0402484
0.0012136
0.0148388
0.0405351
0.0203213
0.0182961
-0.00280955
-0.00543635
0.00146496
-0.00879927
-1.38449e-05
-0.0173337
-0.00449666
-0.0160056
-0.0370873
-0.0262237
-0.0665779
-0.110215
-0.0526778
-0.0988227
-0.0337668
-0.089034
-0.200592
-0.00891732
-0.0478616
0.0394559
0.0400061
-0.0744454
0.073831
0.121294
0.0925221
0.173342
0.150086
0.0868587
0.170966
0.060201
0.203369
0.225137
0.0270305
0.100624
0.189376
0.12636
0.17175
0.00350199
0.0590885
0.165281
0.112449
0.187641
0.0052324
0.0481907
0.180393
0.0923209
0.190642
0.00643509
0.0591946
0.163556
0.0558365
0.174628
0.0325867
-0.0488231
-0.00353745
-0.123318
-0.126995
0.0693064
-0.233357
-0.343582
-0.255215
-0.389241
-0.393396
-0.162093
-0.295873
-0.0898825
-0.190615
-0.321207
0.0274023
-0.0162214
0.0558287
0.0539076
-0.00950501
0.0359333
0.0485968
0.0199979
0.027342
0.00935161
-0.0117047
-0.033226
-0.0129199
-0.0456513
-0.0626138
-0.00539837
-0.0327333
-0.00671823
-0.0540612
-0.0900376
-0.00617293
-0.0363065
-0.130106
-0.0792667
-0.154743
-0.0104074
0.0013067
-0.0877304
0.00964286
-0.0482884
-0.0242818
0.104124
0.111065
0.131933
0.153114
-0.049069
0.12567
0.194662
0.131609
0.189232
-0.0331571
0.0610348
0.135456
0.0652723
0.125176
0.14165
0.0259558
0.0941961
0.0497814
0.124264
0.180604
0.027493
0.107812
0.0363261
0.119076
0.231145
0.0103986
0.0707735
0.0164648
0.168369
0.303592
0.0206824
0.0222481
-0.0358432
0.0125728
0.135726
-0.0158194
-0.198769
-0.0974854
-0.361097
-0.395092
0.0161874
-0.185122
-0.456594
-0.290242
-0.391124
0.0162784
0.0314955
-0.0804363
0.0304345
-0.0155372
-0.022002
0.0466469
0.0732424
0.028877
0.0146652
-0.00315987
-0.0197046
-0.0526192
-0.0581482
-0.0996094
0.00122939
-0.0162656
-0.0592548
-0.036471
-0.0919696
-0.137661
-0.00622226
-0.0511928
-0.0320123
-0.108042
-0.221529
-0.00340119
-0.0201315
0.0246087
0.000479911
-0.13893
0.0157403
0.112473
0.0839701
0.154721
0.111341
-0.0116121
0.110732
0.0439787
0.158446
0.154391
-0.0208567
0.0438783
0.0111816
0.102329
0.120455
-0.0186972
0.0358152
0.134209
0.123941
0.18094
-0.0113706
0.0399871
0.183285
0.122649
0.221338
0.01693
0.00633413
0.123546
0.0667158
0.19038
0.0711579
0.0244678
0.123673
0.0375677
0.172342
0.199142
-0.0739767
-0.161992
-0.219583
-0.312442
0.22306
-0.105319
-0.356037
-0.220741
-0.42819
-0.552763
0.0168847
-0.0258454
0.0553581
0.0291237
-0.0754178
0.018517
0.109983
0.0524161
0.0988643
0.0885757
-0.00947002
-0.0542846
-0.038439
-0.129079
-0.168261
0.000762193
-0.0414049
-0.00046871
-0.0750325
-0.130402
-0.0141373
-0.00429783
-0.0752587
-0.0517339
-0.140265
-0.0423998
-0.0167666
-0.0953169
-0.022049
-0.11836
-0.106417
0.0248122
0.109883
0.147092
0.160514
-0.106337
0.0595759
0.162126
0.111241
0.171725
-0.0262347
-0.00751028
0.0471771
0.0401175
0.0786298
-0.0247149
-0.00351369
0.0593209
0.0618562
0.132105
0.124221
0.00131153
0.0912948
0.0672154
0.180327
0.258499
-0.00467012
0.0480708
0.019476
0.123623
0.273781
0.0199089
0.0228258
0.0120569
0.192344
0.393357
0.0900215
-0.0532138
-0.0517981
-0.112583
0.00185179
0.143517
-0.173369
-0.496841
-0.435763
-0.547381
0.038955
-0.0213574
-0.248568
-0.0665559
-0.143402
-0.103792
0.0418866
0.125395
0.0970135
0.133057
0.0230813
-0.0259525
-0.0881665
-0.114428
-0.175219
0.0307037
-0.0222457
-0.12482
-0.074914
-0.137432
-0.0913085
0.0120004
-0.0102089
-0.0128014
-0.0702922
-0.140119
-0.0161607
-0.0431244
-0.0282575
-0.0998263
-0.250621
-0.0328796
0.0656191
0.0716805
0.134427
0.0617796
-0.0566688
0.0920962
0.0394158
0.151915
0.145821
-0.0296087
-0.000724072
-0.010342
0.0260634
0.0223293
-0.0351093
0.0197969
0.00425201
0.113042
0.151371
-0.0445196
0.0134297
0.150234
0.13442
0.220669
0.00561894
-0.00300517
0.112944
0.0904036
0.212074
0.0626431
0.0150913
0.0995065
0.0757484
0.250976
0.182677
0.0293134
0.0396826
-0.0457171
0.0296165
0.376641
0.0159909
-0.261057
-0.287528
-0.499723
-0.450201
0.0466544
-0.134437
-0.0727673
-0.206063
-0.322968
-0.00191066
0.108775
0.0676789
0.10999
0.140337
0.0123487
-0.0194793
-0.0480402
-0.147497
-0.171663
0.0423029
-0.0425283
-0.0204236
-0.171816
-0.246739
-0.0282047
0.0268519
0.00946745
-0.0469324
-0.136516
-0.0463209
-0.00562409
-0.0839108
-0.0940396
-0.224588
-0.137204
-0.00276167
0.0648529
0.101889
0.065587
-0.162741
-0.0263242
0.16304
0.115102
0.145685
-0.0217185
-0.0209916
0.0229795
0.0175503
0.0153522
-0.0735239
-0.0122664
0.0863166
0.0920632
0.154285
0.105475
-0.0240304
0.0735594
0.0549829
0.132081
0.137962
-0.0146514
0.0579814
0.043184
0.157058
0.242371
0.00897307
0.0499945
0.0279956
0.211095
0.348846
0.0961889
0.00181293
-0.00858969
0.0721564
0.254135
0.204672
-0.0319366
-0.0323629
-0.276218
-0.282503
0.178824
-0.0124468
-0.334769
-0.277264
-0.425417
-0.0940704
0.0278877
0.0402619
0.0727829
0.0519564
-0.0514334
0.00710725
0.0511391
-0.0161847
-0.0383365
0.106163
-0.00246172
-0.133029
-0.130184
-0.271773
-0.0830278
0.010741
-0.0210091
-0.0105571
-0.10111
-0.149972
-0.0220635
0.000143451
-0.00826562
-0.102425
-0.253306
-0.058458
0.016726
0.0399042
0.0348991
-0.118034
-0.109311
0.0808759
0.0723406
0.173277
0.155564
-0.0485054
-0.00264199
-0.0051857
0.0187405
-0.0300832
-0.0532354
-7.40679e-05
0.0109983
0.114615
0.113776
-0.0814874
-0.00430502
0.159296
0.151414
0.198679
-0.0070492
-0.020293
0.104757
0.129167
0.228675
0.036892
-0.00688308
0.123204
0.12425
0.28473
0.183301
0.0132495
0.0286336
0.0103019
0.143888
0.288197
0.0695724
-0.0351203
-0.0817637
-0.0659983
0.340259
0.118409
-0.164556
-0.202997
-0.419319
-0.422376
0.0452265
-0.0276651
-0.0094521
-0.0871408
-0.166407
-0.0500861
0.0613058
0.0416632
0.0657865
0.116642
0.070021
-0.0343761
-0.0488538
-0.231042
-0.293983
0.0161635
0.000170163
0.00168173
-0.128155
-0.223967
-0.103627
0.00821479
-0.000218911
-0.0390998
-0.143311
-0.104666
-0.0240019
-0.0456451
-0.0364439
-0.155089
-0.234656
-0.059661
0.126398
0.153855
0.187676
-0.102676
-0.0299225
0.0598406
0.0417936
0.0482304
-0.0102112
-0.0317931
-0.00648642
0.0413253
0.0586259
-0.113125
-0.0563412
0.065218
0.0963584
0.187251
0.186439
-0.0276019
-0.00994501
0.0200842
0.0815455
0.130386
-0.0217234
0.0260636
0.0490758
0.176381
0.366191
0.0650059
0.00781487
-0.00589178
0.0920238
0.290184
0.183384
0.0342309
-0.00537251
-0.00636513
0.180825
0.239963
0.0763109
0.00476202
-0.195379
-0.212137
0.174222
0.0790363
-0.247313
-0.176783
-0.336929
-0.14031
0.000889726
0.0479321
0.118238
0.105393
0.00876703
0.00941276
-0.0218243
-0.0334559
-0.111627
0.100721
0.0283765
-0.120546
-0.0825062
-0.265278
-0.210488
-0.0554776
0.0159581
0.05557
-0.0332752
-0.105587
-0.110569
-0.0124817
-0.0241324
-0.102467
-0.216405
-0.168808
0.0167501
0.00697216
0.100808
0.0428616
-0.179573
0.0214119
-0.0182796
0.166315
0.173803
-0.0198011
-0.0280999
-0.0548554
0.0064482
-0.0219612
-0.0951687
-0.0228435
-0.0410541
0.175367
0.215286
-0.0146044
-0.0350167
0.0377199
0.113857
0.132323
0.0831179
-0.0269394
0.025321
0.147788
0.221002
0.176521
0.00381747
0.0316601
0.0843509
0.14284
0.344628
0.048229
-0.00600415
-0.0169378
-0.00560998
0.255537
0.0999548
0.0836414
-0.0340576
-0.0434823
0.29197
0.194789
0.0516655
-0.177955
-0.325211
-0.43789
0.03087
0.0581921
0.0119551
0.0443314
-0.0885017
-0.0663179
0.0185314
0.0179692
0.0417738
0.0641217
0.129066
0.0444983
-0.0372775
-0.178547
-0.379316
-0.0683898
-0.0275804
0.0137625
0.0405498
-0.129805
-0.114254
-0.0869845
-0.0221049
-0.033673
-0.22784
-0.146886
-0.146145
-0.0114274
0.00936503
-0.117575
-0.292636
-0.228382
0.139012
0.0438448
0.191219
-0.0174039
-0.0585501
0.00689376
-0.062107
-0.0482278
-0.0970898
-0.0916054
0.0382403
-0.00969705
0.144921
-0.0839497
-0.070766
0.0437941
-0.0399893
0.163388
0.171142
0.0730906
-0.0110399
-0.035784
0.110402
0.146196
0.0608091
0.0234109
0.00400107
0.205963
0.272926
0.320079
-0.00403529
0.0828696
0.02147
0.0118071
0.243829
0.0317463
0.139707
0.0843535
0.121736
0.356951
0.0849813
-0.0148751
-0.236508
-0.309776
0.0489755
0.103932
0.00111727
-0.240947
-0.213851
-0.437424
-0.0476773
0.0552145
0.10961
0.171696
0.140001
0.0373985
0.00719704
-0.138646
-0.192037
-0.151547
0.0495203
0.0200656
-0.0767232
-0.029955
-0.343152
-0.0671863
-0.0609459
0.0133138
0.0211744
-0.148445
-0.0497062
-0.0974303
-0.0282774
-0.0306218
-0.337658
-0.204876
-0.192928
0.0639783
0.0801564
0.0989336
-0.120136
-0.109563
-4.02525e-05
-0.014943
0.00980109
-0.0454256
-0.0793427
-0.00828484
0.00689638
0.0111625
-0.158774
-0.123599
-0.0137754
0.0196484
0.249527
0.0415195
0.0532475
0.0171038
-0.0449395
0.0675463
-0.0381522
-0.00681967
0.1073
0.0137498
0.37623
0.190276
0.207347
0.0127694
0.0150884
0.148248
0.283445
0.247363
-0.0259807
0.0688326
0.104731
0.180321
0.224939
0.0374386
0.14763
0.120878
0.0452177
0.424861
-0.0454894
0.19699
-0.469533
-0.528458
-0.296966
0.0293799
-0.0316184
-0.0326073
0.0619118
-0.131809
0.0222478
0.0220374
-0.000491551
-0.0665177
0.0959811
0.0291565
0.0695691
-0.27003
-0.206038
-0.348386
0.00348995
-0.140193
-0.033035
0.014282
-0.153071
-0.0150679
-0.0423244
-0.11647
-0.103491
-0.308738
-0.0822419
-0.104979
0.0402542
0.0837726
-0.121903
-0.142214
-0.142429
0.0895596
0.0426146
0.108446
-0.0595152
-0.0909076
0.0119279
-0.0127197
-0.0401055
-0.112527
-0.120861
0.0976231
0.0425534
0.165532
-0.0385307
-0.00931387
0.00297572
-0.0505983
0.00754959
-0.0604662
-0.0521236
0.0429007
0.0103434
0.290874
-0.00547883
0.113131
0.0131346
-0.0144104
0.353478
0.23384
0.269169
-0.0137485
0.00974768
0.105622
0.102712
0.155855
0.020731
0.0799648
0.391935
0.378163
0.462185
-0.131802
0.092647
-0.240335
0.23516
-0.00285784
-0.175618
0.0777618
-0.334996
-0.267798
-0.286081
0.073716
0.00697055
0.141743
0.168042
0.154584
-0.0663907
0.0928763
-0.279582
-0.089281
-0.205784
-0.00564721
-0.0143991
-0.154017
-0.211254
-0.220457
0.00261446
-0.0737982
-0.150638
-0.11887
-0.270077
-0.0121662
-0.179945
-0.0605547
0.0283531
-0.237101
-0.023487
-0.198204
0.0977756
0.0918877
0.0137709
-0.0432889
-0.111195
0.043043
0.0334293
-0.0313271
-0.0595422
-0.129482
0.124933
0.085483
0.118206
-0.0614452
-0.0721776
0.101128
0.0236598
0.124359
-0.0536237
-0.0548226
0.110316
0.0517528
0.186387
-0.0553944
0.00794381
0.153494
0.0434847
0.362772
0.0598627
0.18773
-0.0206774
-0.0343252
0.0279193
0.0608195
0.130554
0.0447564
0.0473032
0.208848
0.15102
0.313148
-0.0253594
0.0558109
0.342338
0.327552
0.333584
-0.119346
0.0821066
-0.305407
0.043633
-0.140452
0.00579704
0.0569507
-0.0958084
-0.0458049
-0.0604964
0.0106043
0.0417424
0.000575532
0.0963364
0.014635
0.00504392
0.0513895
-0.234552
-0.0587124
-0.20541
-0.0682798
-0.00389509
-0.231986
-0.177816
-0.273842
-0.0141935
-0.075554
-0.172944
-0.236317
-0.26135
0.027143
-0.137616
-0.0268904
-0.195646
-0.147335
0.0275859
-0.137132
0.0404918
-0.117867
-0.0643196
0.010814
-0.128234
0.103017
-0.0621772
0.0347647
-0.000589842
-0.0761554
0.154317
0.0860189
0.124121
-0.0202092
-0.0313374
0.106413
0.0518299
0.0915544
-0.0198879
-0.0170477
0.212107
0.104213
0.305996
-0.00871032
0.203973
0.162627
-0.0193939
0.22049
0.0324411
0.195108
0.0371719
0.00304136
0.111508
0.0393374
0.222598
0.0930349
0.0140023
0.208834
0.14205
0.306916
-0.0812194
-0.030492
-0.111003
0.204218
0.199052
-0.211945
-0.0108787
-0.379984
0.0251247
-0.114623
-0.00796168
0.0336317
-0.00505252
0.0208051
0.0176302
-0.0465524
0.010251
-0.119205
0.0656008
-0.0401868
-0.0718891
0.0196019
-0.276135
-0.0601146
-0.224948
-0.0133777
-0.0262716
-0.259006
-0.135489
-0.247273
0.000326953
-0.0837205
-0.248616
-0.207302
-0.260839
0.0120331
-0.10058
-0.0754542
-0.179473
-0.112282
-0.00774027
-0.105284
-0.00048943
-0.122864
-0.0487541
-0.0229652
-0.102349
0.0578614
-0.0962352
0.0271467
0.0635893
-0.081276
0.135439
-0.00859135
0.11147
0.0336777
-0.0467772
0.147288
0.0254494
0.154646
0.0330459
0.00770628
0.277006
0.20772
0.332236
-0.000177137
0.180624
0.143062
0.254189
0.174586
-0.00250791
0.144421
0.105538
0.189106
0.19243
0.0206126
0.25511
0.117179
-0.00733051
0.2222
0.0486518
0.357316
-0.211112
-0.147981
-0.268332
0.0703914
-0.0509323
-0.253078
0.00589141
-0.239973
0.0169596
-0.104424
-0.0262432
0.0290567
-0.0107028
0.0457921
-0.000815012
-0.131056
-0.00194265
-0.184718
0.0334557
-0.065964
-0.121291
0.00572538
-0.180725
-0.0373681
-0.196338
-0.0613033
-0.00843458
-0.0851407
-0.113756
-0.237807
0.00633391
-0.0386495
0.0109251
-0.117119
-0.201409
0.0321959
-0.0655995
0.0539461
-0.138037
-0.14544
0.0571042
-0.0825583
0.0971105
-0.106017
-0.0297732
0.0367536
-0.0761899
0.0244467
-0.0741221
0.0226918
0.0229021
-0.0610931
0.103035
-0.0266441
0.103702
0.0058771
-0.019594
0.151255
0.0317699
0.155769
0.00588235
0.0441827
0.294979
0.205423
