1.22628
3.05343
-0.78847
1.93484
-0.165771
-0.889857
-0.00347601
-0.00017345
-0.0902753
-0.0991176
-0.071369
-0.0885436
-0.0945933
-0.0998699
-0.106748
-0.0937347
-0.093823
-0.108161
-0.100262
-0.0861372
-0.105282
-0.105362
-0.10189
-0.0947812
-0.113331
-0.0958501
-0.0935063
-0.0923587
-0.0915782
-0.0911243
-0.0905925
-0.0902422
-0.0898856
-0.0905687
-0.0892156
-0.0889787
-0.0890503
-0.0889057
-0.0887466
-0.0887051
-0.0883975
-0.0885439
-0.0883754
-0.0884366
-0.0882524
-0.0882101
-0.088168
-0.0881248
-0.0881173
-0.0881178
-0.0880973
-0.0880863
-0.0881132
-0.0881537
-0.0881594
-0.0882044
-0.0882506
-0.0884507
-0.0883628
-0.0884917
-0.0883747
-0.0887182
-0.0887158
-0.0888461
-0.0890294
-0.0889353
-0.0891764
-0.0905131
-0.0898332
-0.0902239
-0.0905627
-0.0910317
-0.0915483
-0.092349
-0.0934302
-0.0958281
-0.113288
-0.0947107
-0.101837
-0.105287
-0.105149
-0.0860992
-0.100206
-0.107974
-0.0937376
-0.0936514
-0.106584
-0.0996832
-0.0945188
-0.088319
-0.0711224
-0.0989565
-0.0899879
3.17618e-05
-0.0033919
-0.889338
-0.165108
1.93522
-0.787993
3.05341
