0
0.00701335
0.0875759
0.154415
0.383836
-0.017973
0.242794
0.452585
0.244679
0.39441
0.427576
0.789109
0.545844
0.885966
0.850646
1.04356
1.0305
1.26847
1.13867
1.03585
0.679518
0.868079
0.939207
0.890198
1.42392
0.861223
1.4947
1.40231
1.79928
2.5013
2.73528
2.43268
2.71686
3.47213
4.33093
4.62055
6.4646
7.90494
9.22278
12.1563
14.7771
17.8913
9.48153
-21.9422
-60.0698
-25.5817
54.5362
-23.191
-27.6152
62.3176
-110.966
-62.4275
38.2601
-2.68015
-6.52447
-10.8818
-8.20723
-9.28687
-6.68114
-7.42765
-5.98228
-4.0291
-3.93485
-2.31316
-3.59591
-2.51957
-2.35442
-3.2794
-1.41191
-2.27494
-0.527061
-1.15085
-0.481613
0.105186
0.00738561
0.652138
1.65028
1.51257
2.11829
2.75489
-0.482678
-1.4926
-3.36294
-7.95158
-13.1584
-12.6589
-2.80895
13.1269
8.47488
-11.0704
-17.4635
0.370569
1.24585
-17.9051
-5.88329
-4.1947
-20.8133
-5.67779
-20.2778
-0.272389
-7.02388
51.5428
55.2984
-3.0409
-23.6341
-16.1863
-3.82163
2.71625
5.76533
4.66692
2.46845
2.17135
2.11265
3.11096
3.88276
4.06277
2.81116
0.734312
0.508635
0.285629
-0.24306
-1.25917
-1.81661
-1.61619
-2.23409
-1.4506
-0.0204369
-0.0991551
-2.11297
-6.02894
-6.65269
-2.58754
1.16529
-1.03936
-5.15549
-3.65358
3.66283
0.498147
-6.28859
3.20118
3.21803
-6.19793
5.66552
2.4938
-7.82359
6.89849
-9.46659
7.29538
-9.51184
8.60717
-20.033
16.0836
-36.4887
-0.989465
52.3757
-8.89238
-32.2795
1.49166
15.8039
-1.6771
-7.82184
-0.556558
0.380989
-1.69215
-2.0552
-1.81103
0.694782
0.555793
1.15489
-1.66391
-2.96795
-5.12033
-3.23383
2.40595
1.97558
-0.717027
-8.21173
-4.50471
2.4321
0.680093
-3.72041
-2.74769
3.66276
-0.515628
-8.51863
6.2241
3.33546
-7.99395
8.546
3.76109
-6.06162
7.50003
-4.963
0.921896
2.95183
-13.3683
5.5978
-14.2778
6.78263
-15.472
14.9122
-10.6206
9.56835
29.7364
-25.5311
-12.9426
8.4892
5.79896
-5.45266
-1.42654
0.874131
-3.32348
-2.57434
2.02003
2.64802
3.51997
2.76688
-3.62791
-2.87955
1.27844
3.21489
3.64663
-3.62201
-2.59748
4.34537
2.05709
-4.87661
1.52689
5.64598
-3.61413
-5.30517
7.51818
-1.6409
-7.24955
8.23861
-2.64188
-5.57771
9.20049
-9.00983
6.50911
-0.0340972
-7.46414
10.6352
-11.4813
8.40681
-7.49407
7.00932
-5.67626
9.31718
-7.69508
11.7343
-19.5296
23.3282
-21.4222
-1.10188
26.2858
-11.2818
-19.0595
8.08617
14.3832
-8.15458
-4.61036
5.43262
0.373816
-3.95822
0.485726
5.31903
-1.77883
-4.05783
3.74542
0.897128
-2.22287
-1.84664
3.02693
1.5623
-4.12508
1.59835
2.8185
-4.49466
-0.295032
3.11545
-2.99951
-0.0664208
1.99001
-4.7998
2.88615
0.377131
-2.18577
2.95326
-4.56578
2.98341
-1.31825
1.69241
-0.14047
-0.341334
3.36969
-3.7077
4.88462
-8.07971
6.78563
-9.88667
6.76726
-3.5983
-10.6526
29.914
-33.452
13.0545
11.2165
-24.152
19.819
-9.90998
1.2498
2.70898
-6.50871
6.47205
-4.95525
3.26146
-2.47773
0.124532
0.23281
-1.56458
1.43732
-2.33765
1.44963
-1.63646
0.716947
-0.24229
-0.857546
0.151362
-0.166843
-0.782808
1.2551
-1.71313
1.43703
-1.40948
1.13855
-1.70485
1.12462
-1.52289
0.109097
-0.332619
0.212072
0.573153
-0.479702
0.216531
-1.49399
0.38599
-1.34712
1.44749
0.293032
-1.30145
3.16872
-3.56133
3.85719
-1.51121
-3.26532
2.78259
2.85366
-2.89
-0.822677
2.5444
-2.4383
2.32508
-2.16081
0.825335
1.34817
-2.05836
1.82185
-1.30899
0.669682
-1.41823
1.37742
-0.987566
-0.450071
1.3989
-1.28105
0.0550099
1.67987
-1.47496
1.25907
-0.162376
-2.49914
2.93221
-3.65293
0.840792
1.35996
-3.31094
3.30326
-0.132416
-1.86503
2.53363
-4.67444
3.68591
-1.57444
1.64339
-0.83918
-0.837307
1.35854
0.724535
-0.992039
0.635547
-2.06229
2.69259
-1.95967
-1.6495
1.63661
-0.176238
0.623868
-1.60726
-0.289666
1.46792
-0.707251
-0.669945
1.69527
-1.40809
0.110125
1.7611
-1.19
-0.960856
0.0999542
1.99095
-3.15984
0.731968
3.39468
-3.91935
1.57336
3.18757
-5.36894
3.00803
-0.156091
-5.56641
5.06296
-0.50808
0.711272
1.18064
-2.73624
0.493597
-2.23879
3.14461
-0.507358
-0.400131
-1.77024
0.216977
3.69538
-1.97953
-2.08731
-0.278191
2.57579
0.240144
-3.91554
2.27035
2.49286
0.837545
-5.09203
3.54558
2.99077
-2.056
-3.82515
2.62462
1.29891
-3.53838
-2.87087
5.43895
-1.54256
-3.96508
0.740878
1.99733
-3.13324
0.837868
1.0418
-2.15038
1.11555
0.665957
1.05915
2.44483
-4.54527
-1.96298
2.24666
2.18577
4.76626
-0.845793
-2.40855
-1.59116
-2.18706
4.59869
-0.16241
-2.88688
-3.32567
-0.129808
2.78411
0.135494
-2.06417
1.95677
3.09724
0.845203
-1.53971
-0.939514
1.20421
-0.871815
-1.87371
0.639546
-0.551016
-0.306603
-0.258224
1.2212
-0.296122
0.132643
1.20557
0.238756
-0.935621
-0.220361
-0.310478
-0.845468
0.696613
0.644551
-0.676289
0.00676215
-0.628306
-0.1434
0.620734
0.369801
0.404612
-0.0643179
-0.738121
0.607129
0.0248576
-0.236042
-0.905923
-0.150355
1.9693
1.85407
-0.575
-0.248752
-0.846422
0.573943
-0.74741
0.534681
-0.395117
0.523008
-0.0430827
-0.529848
0.440198
0.078108
0.419069
-0.323892
0.781773
-0.451921
0.109007
-1.22408
0.274435
-0.120759
-0.441646
0.995954
-0.941677
0.98239
-0.95235
0.872065
0.290996
-1.26722
0.385244
-0.0503306
0.195216
0.275596
-0.292034
0.663818
-0.416996
0.153853
0.203066
0.154333
0.329627
0.629524
-0.425427
-0.229886
0.642125
-0.428355
0.0999464
0.246283
-0.567529
0.213118
0.0373099
0.38631
0.105271
0.125708
0.220213
-0.1086
-0.112913
-0.519506
0.0842825
-0.0485204
0.270915
-0.239008
0.149046
0.584642
0.316698
0.00997385
0.149301
0.00852579
-0.400533
-0.289989
-0.36052
0.0993655
0.444806
-0.0485169
-0.253142
-0.0718238
-0.233314
-0.00498682
0.528474
0.0214002
0.227627
-0.307002
-0.391816
0.568529
0.364619
-0.405492
-0.114927
0.125769
0.268528
0.165641
-0.302554
0.0947938
0.270755
0.00829278
0.174853
-0.276931
0.0197209
0.285887
-0.348846
0.085134
0.149863
-0.0771833
-0.291038
-0.250526
0.203447
-0.437323
0.0613103
0.461501
0.249731
-0.307042
0.265402
0.264864
0.0982094
-0.145421
0.202556
-0.0525088
0.0304177
0.370169
0.565511
-0.13196
-0.222226
0.0253858
-0.143301
-0.0184625
0.282785
0.195701
-0.363685
-0.0294039
-0.142315
0.422075
0.0474218
-0.538403
0.142876
-0.117408
0.169275
0.0435778
-0.529108
0.563364
0.241142
-0.264399
-0.150576
0.00747347
0.117217
0.139029
-0.228891
0.436352
-0.0280924
-0.0885898
0.0734711
0.197711
-0.243341
-0.435091
0.661003
0.360518
0.0378484
-0.282484
0.0902187
0.109415
0.413419
0.513375
-0.578464
-0.702644
0.87226
0.463274
-0.193033
0.0338674
-0.157593
-0.252751
-0.0239086
0.760534
-0.0854095
-0.242922
0.270196
0.258212
0.530882
-0.17778
-0.628702
-0.0511777
0.393486
-0.554502
0.612162
0.057855
-0.372769
0.0786442
-0.179901
0.812266
-0.067566
-0.0845509
0.259661
0.00853372
0.60828
-0.0535777
-0.710264
0.123037
0.0675179
0.767116
-0.535539
0.0848367
0.524211
-0.217316
0.090004
-0.0378857
0.103577
0.144316
1.08181
0.056328
0.0244305
-0.751677
0.667234
-0.00724468
-0.396299
0.603006
0.103386
0.408388
0.0924214
0.734156
-0.314868
-0.41369
0.765589
0.352858
0.672114
-0.664342
-0.15963
0.499551
0.192634
-0.618078
0.574289
0.412299
0.350225
-0.0301825
-0.0397076
-0.164667
0.0310666
-0.585686
-1.32363
0.387119
1.97833
0.850391
-1.21644
-0.471245
0.639896
0.452778
-1.58255
0.600655
1.9249
-0.471925
-1.51877
0.254976
-0.494499
-2.02398
1.60518
-0.0926661
-0.858771
2.34569
-0.502661
-0.208145
-0.485093
-0.0507444
0.339163
-0.192865
0.239936
0.349939
-0.00151935
-0.346233
-0.384923
0.442423
-1.15228
2.1012
-2.02414
1.85179
-1.05746
0.195511
-0.510283
0.589903
0.00905022
1.71498
-0.744328
-0.157434
1.24452
-1.20168
0.570336
0.0072253
-0.48605
-0.453727
1.13264
-0.585149
0.943624
-0.5736
-0.301293
-0.0550089
-0.196666
0.519867
-0.563261
0.993543
-0.598915
-0.329193
-0.120131
0.0348512
-0.0298075
0.0893201
0.461233
-0.726137
0.407946
-0.120181
0.529992
-0.0413742
0.107412
0.198029
0.059586
0.310569
-0.220706
-0.510556
0.293461
-0.0516846
-0.396614
0.699974
0.101596
-0.225901
0.236104
-0.215839
0.506625
0.0330302
-0.174658
0.470477
-0.25912
0.535979
-0.624718
0.38449
0.194389
-0.449545
0.344506
0.74176
-0.795941
0.362007
0.417629
-0.282917
0.243116
0.113495
0.0105118
-0.396324
0.151402
-0.0999964
-0.174368
0.290755
-0.135231
0.831221
-0.772147
0.329896
-0.046038
-0.351281
0.381726
-0.162199
0.305692
0.14076
0.336501
-0.0308812
0.384961
-0.0117976
0.303982
-0.694994
0.304101
0.134211
-0.182705
-0.176371
0.367656
0.418752
0.135235
-0.208436
0.302958
-0.14284
0.23721
-0.371163
0.831358
-0.329278
0.118387
-0.0786095
0.287359
0.411831
-0.41082
-0.265681
0.685979
-0.286318
-0.147775
0.761235
-0.279579
-0.783879
-0.0354221
0.705424
-0.954419
0.491336
0.433906
-0.169293
-0.149557
0.649122
-0.31268
0.0359185
0.385564
-0.124064
0.250204
-0.483478
0.508184
-0.071141
0.633588
-0.247903
0.192994
0.187905
-0.0228949
-0.245367
-0.170009
0.582789
0.31716
0.20395
0.352152
0.563866
-0.138138
-0.0634924
-0.895024
0.14941
-0.227103
0.169486
0.49977
0.100621
0.530627
-0.454969
0.25938
-0.361475
0.167568
0.190602
0.111032
0.252738
-0.0834017
0.0499387
0.0976336
0.0667923
-0.0513166
0.0970965
0.109215
-0.000709906
0.0763892
0.0410263
-0.00222769
0.084146
0.0617611
0.0797511
0.0127662
0.00549433
0.0720931
0.0685576
0.0840613
0.0256987
-0.00905386
0.081668
0.0749645
0.0867516
0.0367971
-0.0225431
0.0756817
0.0813489
0.0868556
0.0463909
-0.036332
0.0669602
0.084791
0.0866585
0.056514
-0.0488481
0.0583193
0.0864886
0.0849091
0.0653347
-0.0381378
0.0468281
0.0863684
0.0813482
0.0477358
-0.0261821
0.034343
0.0849935
0.0756962
0.0578896
-0.0158717
0.029267
0.0813954
0.0686258
0.066224
-0.0038172
0.0155403
0.0767025
0.055387
0.0735321
0.00904596
0.00206342
0.0695421
0.0649334
0.0782311
0.01307
-0.0120529
0.0602816
0.072647
0.0821324
0.0253497
-0.0233293
0.0728953
0.0775409
0.0840994
0.0365636
-0.0356646
0.0645986
0.0814833
0.0840331
0.0454402
-0.0472163
0.0552046
0.0840919
0.0835244
0.055526
-0.0467319
0.0459884
0.0835404
0.0811461
0.0638891
-0.0343766
0.032892
0.0826843
0.0773279
0.0709372
-0.0255773
0.0197105
0.0793774
0.0715562
0.0581429
-0.0155364
0.00702444
0.0746194
0.0645956
0.0655231
-0.00241232
0.00212449
0.0686732
0.0599327
0.0727443
0.00810796
-0.0114445
0.0597264
0.068588
0.0766917
0.0133655
-0.024316
0.0498984
0.0744635
0.0804645
0.0257167
-0.0344191
0.0634921
0.0795405
0.0824535
0.0364414
-0.0454284
0.0546643
0.0811678
0.0812762
0.0466756
-0.0556995
0.0435124
0.0816947
0.0801108
0.0542877
-0.0451083
0.0316153
0.0798367
0.0769856
0.061088
-0.0344556
0.0212076
0.0775945
0.0735254
0.0684803
-0.0246517
0.00720966
0.0741704
0.067681
0.0582819
-0.0138675
-0.00388566
0.0669718
0.0591762
0.065168
-0.00123233
-0.00972697
0.0600128
0.0503415
0.0719751
0.00607106
-0.0204925
0.0515232
0.0712335
0.0751287
0.021042
-0.0339326
0.0415709
0.0765512
0.0774846
0.026633
-0.0425368
0.0541842
0.0783667
0.0791632
0.0282092
-0.0545492
0.0459267
0.0791447
0.0787537
0.0463345
-0.0611795
0.0330008
0.0778008
0.0771698
0.0536856
-0.0432092
0.0213252
0.0755976
0.0764549
0.06087
-0.0331105
0.0102729
0.0727882
0.0693544
0.0663392
-0.0223406
-0.0027805
0.0673526
0.0636494
0.0574462
-0.0112151
-0.0148757
0.0604505
0.0580414
0.0650829
-0.00138363
-0.0202699
0.0526005
0.0464866
0.0692698
0.0108244
-0.0315908
0.0432472
0.0724494
0.0730052
0.0204576
-0.0415931
0.0327703
0.0750835
0.0763355
0.0263806
-0.0500646
0.0206297
0.0761534
0.0760405
0.0343777
-0.0579754
0.0344647
0.0762326
0.0757271
0.0448333
-0.0644802
0.0232026
0.0737756
0.0743038
0.0528026
-0.0415981
0.010988
0.0699173
0.070883
0.0605488
-0.0316007
0.000540644
0.0673329
0.0660571
0.0664736
-0.0216216
-0.0121645
0.0608345
0.0601836
0.0583469
-0.0105567
-0.0225571
0.0534882
0.0517319
0.0644847
-0.000741869
-0.0272013
0.0438017
0.0436588
0.0688422
0.0113481
-0.0389097
0.0352833
0.0723351
0.0710654
0.0207744
-0.0481872
0.0246773
0.0741335
0.0747466
0.0241884
-0.055513
0.00993222
0.0747182
0.0743259
0.0356508
-0.0612756
0.0253025
0.0734082
0.0732892
0.0440981
-0.0669069
0.0137801
0.0696381
0.071059
0.0531103
-0.0694907
0.00371081
0.0640801
0.0686131
0.0591115
-0.0304186
-0.0066191
0.0586606
0.0629788
0.0641607
-0.0201312
-0.0196964
0.0548589
0.0568064
0.0695243
-0.00938943
-0.0297271
0.0445224
0.0480182
0.0634896
0.00043866
-0.0354175
0.0361872
0.0407351
0.0677592
0.0102345
-0.0444774
0.028198
0.0722894
0.0712173
0.0211756
-0.0522543
0.0162902
0.0689934
0.0727492
0.0251261
-0.0589929
0.00549906
0.072697
0.0724325
0.0354725
-0.0638634
0.0174014
0.0696201
0.071017
0.0439644
-0.0682065
0.00579143
0.0651684
0.069543
0.0513097
-0.0723616
-0.00365108
0.0609022
0.0646525
0.0593445
-0.0270829
-0.0148045
0.0528164
0.0588102
0.064057
-0.0169702
-0.0269776
0.0488072
0.0519421
0.0682915
-0.00404501
-0.0400758
0.0363916
0.0393359
0.0637899
0.00629002
-0.05108
0.0312061
0.0315274
0.0659273
0.0194085
-0.0548671
0.0211865
0.0165888
0.0673245
0.0305993
-0.0615891
0.00923663
0.0692884
0.0708843
0.0364376
-0.0667395
0.00167179
0.0653709
0.0759332
0.0466635
-0.0684379
0.00990674
0.058752
0.0707538
0.0571672
-0.0687544
-0.00100917
0.0487657
0.0708812
0.0666571
-0.0587782
-0.0119357
0.0419726
0.0635624
0.0666102
-0.0273187
-0.0228846
0.0302028
0.0575187
0.0698542
-0.0179941
-0.0309563
0.0228045
0.0522256
0.0689651
-0.0101205
-0.0390522
0.00936097
0.0436926
0.069861
0.00108506
-0.0486208
-0.00189333
0.034883
0.0692158
0.0110622
-0.0528651
-0.0138565
0.0249742
0.0670751
0.0208561
-0.0587898
-0.0254605
0.0660846
0.0650321
0.0319891
-0.0638994
-0.0365061
0.066355
0.0575848
0.0353182
-0.0656278
-0.0466256
0.062366
0.0497159
0.0439378
-0.0663133
-0.0398818
0.0572075
0.0444603
0.0532275
-0.0670002
-0.0492662
0.0500978
0.0351523
0.0571436
0.0107305
-0.0563909
0.0435865
0.0230927
0.0622289
0.0218359
-0.0621428
0.0373186
0.0133909
0.0659563
0.0311026
-0.066617
0.0274878
0.0014248
0.0624162
0.0429408
-0.0669667
0.0181598
-0.0110275
0.0651235
0.0493311
-0.0665156
0.00786161
-0.0226803
0.0670804
0.0576092
-0.0645449
0.000117749
0.0394661
0.0674377
0.0620501
-0.0604018
-0.012053
0.0313816
0.0663104
0.0654688
-0.0535136
-0.0219644
0.0201515
0.0654496
0.0674827
-0.0455947
-0.0130769
0.0128628
0.060543
0.0674422
-0.036373
-0.0232716
-0.0030888
0.0587176
0.0658598
-0.0254369
-0.0321199
-0.0153177
0.0530465
0.0623018
-0.0176546
-0.0403448
-0.0219034
0.0454033
0.056952
-0.00768554
-0.0467558
-0.032965
0.0385744
0.0599285
0.00335513
-0.0544189
-0.0422275
0.0296023
0.0533732
0.011192
-0.0571973
-0.0508534
0.0205804
0.0460164
0.021299
-0.0620926
-0.0562173
0.0640882
0.0372504
0.0302431
-0.0642839
-0.0614825
0.0605295
0.0282824
0.0348144
-0.0651575
-0.0643431
0.054794
0.017937
0.0427832
-0.0648802
-0.0628412
0.0497517
0.00623795
0.0501585
-0.0622391
-0.0644569
0.0421163
-0.00118418
0.0550135
-0.0587156
-0.0646232
0.0340832
-0.0123586
0.0599545
0.048022
-0.0627945
0.0247022
-0.0234895
0.0635193
0.0557476
-0.0591791
0.018676
-0.032819
0.0653224
0.060591
-0.0527888
0.00861183
-0.0423472
0.0635853
0.0634601
-0.047572
-0.00200388
-0.0497575
0.0651002
0.0654495
-0.0393339
-0.010431
0.0033768
0.065917
0.0640876
-0.0279266
-0.0208453
-0.00829042
0.0650127
0.0640621
-0.0183395
-0.029542
-0.0188867
0.061063
0.0613159
-0.00652327
-0.0241589
-0.0304186
0.0579691
0.0564879
0.00258379
-0.0314528
-0.0387199
0.0544077
0.0500395
0.0142369
-0.0402965
-0.0472387
0.0482098
0.04141
-0.015582
-0.0465721
-0.0539474
0.041988
0.0303632
-0.00715184
-0.051685
-0.0561096
0.0350318
0.022882
0.00291121
-0.0574642
-0.0606237
0.0263075
0.0273356
0.0126753
-0.0622102
-0.0625851
0.0153432
0.0179204
0.0215122
-0.0624637
-0.0636487
0.00674713
0.00723706
0.0170608
-0.0568188
-0.0654957
0.0559708
-0.00205579
0.0383219
-0.0624121
-0.059343
0.0480535
-0.0136714
0.0426551
-0.0607545
-0.0597219
0.0416378
-0.0241962
0.0490396
-0.0572383
-0.0565243
0.0346076
-0.0313412
0.0499238
-0.0424437
-0.050132
0.0255692
-0.0391818
0.058785
0.0610898
-0.041834
0.0167848
-0.0453849
0.0606896
0.0648266
-0.033621
0.010028
-0.0539077
0.0634349
0.0640557
-0.0229931
0.000919402
-0.0579038
0.0620518
0.061499
-0.0126112
-0.00873771
-0.0611876
0.0638761
0.0600033
-0.00584505
-0.0189713
-0.0629351
0.0643155
0.0576939
0.00624746
-0.0268316
-0.0379446
0.0618424
0.0481776
0.0169632
-0.0353342
-0.0474964
0.060954
0.0432852
0.0249019
-0.0432143
-0.0521759
0.054841
0.0366762
0.0357748
-0.0387757
-0.0574124
0.0504107
0.0250238
0.0469091
-0.0470813
-0.0606027
0.0456634
0.017825
-0.0149654
-0.0518524
-0.0627154
0.0385253
0.00771503
-0.00499253
-0.0554869
-0.0623759
0.0303262
-0.00341505
0.00417691
-0.0610828
-0.0604798
0.0232571
0.0025354
0.0121721
-0.0620046
-0.0575241
0.0132572
-0.00789167
0.0225873
-0.0618879
-0.0522095
0.00404987
-0.0199263
0.0307877
-0.0638202
-0.0472519
0.0490561
-0.0278491
0.0386213
-0.0603501
-0.0383524
0.0423135
-0.0372664
0.0417381
-0.0577046
-0.0293844
0.0354812
-0.0446362
0.0470907
-0.0531902
-0.0328617
0.0274146
-0.0519007
0.0540761
-0.0456917
-0.0233596
0.0182235
-0.0551029
0.0581732
-0.0392304
-0.012783
0.00858451
-0.0589409
0.0625503
0.0605948
-0.00382888
-0.000683427
-0.0610307
0.0623842
0.0560169
0.0100339
-0.00619553
-0.0614897
0.0613329
0.0526725
0.018219
-0.0156463
-0.0606798
0.0641871
0.0466761
0.024725
-0.0252404
-0.0572645
0.0617571
0.0405951
0.0366672
-0.0332618
-0.0552067
0.0602111
0.0303711
0.04298
-0.0397536
-0.0616279
0.0569946
0.0238796
0.049471
-0.0470909
-0.0611208
0.0525486
0.0118678
0.0526018
-0.043532
-0.0624507
0.0473818
0.00398061
0.0588889
-0.0499636
-0.059995
0.0411912
-0.00590079
0.0617941
-0.0547565
-0.0573263
0.0352028
-0.0171048
-0.00461656
-0.0584122
-0.0512803
0.02738
-0.0254677
0.00476974
-0.0608711
-0.0477329
0.0198344
-0.0351109
0.0144009
-0.0608051
-0.0402347
0.0102614
-0.0304186
0.0218555
-0.0612265
-0.032665
0.00161861
-0.0394362
0.030306
-0.0593725
-0.0237865
0.0446705
-0.0468037
0.0384823
-0.0576878
-0.0122726
0.0374369
-0.0522096
0.0428592
-0.0519562
-0.00273392
0.0289994
-0.0571294
0.0476761
-0.0468656
-0.00681849
0.0194797
-0.0599122
0.0549222
-0.0412286
0.00365319
0.0120885
-0.0608083
0.0575996
-0.0321697
0.0148268
0.00270876
-0.0624846
0.0599437
0.0512635
0.0242699
-0.00693672
-0.058387
0.0616081
0.0451972
0.0324869
-0.012783
-0.0574409
0.06121
0.0372393
0.0413386
-0.0224578
-0.0518844
0.0608971
0.0294333
0.0481274
-0.0306543
-0.0452686
0.0606069
0.0201827
0.0525479
-0.0374411
-0.038276
0.0585555
0.01201
0.056634
-0.0447913
-0.0601504
0.0541608
0.000154499
0.0607678
-0.0504909
-0.0590938
0.0503967
-0.00754017
0.0610949
-0.0473855
-0.0538985
0.0458968
-0.0165123
0.0601209
-0.0534177
-0.0487698
0.0405841
-0.0258681
0.0585678
-0.0571369
-0.0421767
0.0330772
-0.0341183
-0.00362491
-0.0594784
-0.034161
0.0249144
-0.0417656
0.00560042
-0.0608143
-0.027923
0.0165028
-0.0483838
0.0148191
-0.060729
-0.0182091
0.00749683
-0.0461514
0.023603
-0.0584222
-0.00735456
-0.00155777
-0.0524593
0.0310715
-0.0568831
0.00120452
-0.0109323
-0.0564727
0.0386308
-0.0529832
0.0113223
0.0321554
-0.0593487
0.0451883
-0.0475326
0.0218284
0.0241884
-0.0610867
0.0502581
-0.0414826
0.0304912
0.0149881
-0.0603536
0.053833
-0.0340472
0.0275114
0.00677416
-0.0582264
0.0575604
-0.0261251
0.0360928
-0.0028656
-0.0561302
0.0598359
-0.0170401
0.0441709
-0.0120584
-0.0514281
0.0609111
0.029568
0.0500669
-0.0183094
-0.0453253
0.0607049
0.0206414
0.0553103
-0.0270253
-0.0388179
0.0606076
0.0106969
0.0590881
-0.034896
-0.0303955
0.0597884
0.00165115
0.0601294
-0.0423961
-0.0212535
0.0573961
-0.00810801
0.0608216
-0.0481916
-0.0530068
0.0535299
-0.0179537
0.0597519
-0.0532618
-0.0471421
0.0492459
-0.0245362
0.0573874
-0.0571792
-0.0399962
0.0430373
-0.0334281
0.053012
-0.0558102
-0.0327609
0.0359153
-0.0411053
0.0472349
-0.0588724
-0.0235723
0.0309212
-0.0474942
0.0401177
-0.0604973
-0.0139927
0.0226749
-0.0531274
0.0061898
-0.0607713
-0.0038693
0.0136743
-0.0571659
0.0151422
-0.0595556
0.0030778
0.00510538
-0.0598713
0.0238481
-0.0568695
0.0131308
-0.00412777
-0.0591594
0.0314929
-0.0545559
0.0229561
-0.0131517
-0.0605597
0.0390377
-0.0494452
0.0313084
0.0277899
-0.0604365
0.0456066
-0.0435327
0.0396476
0.0190865
-0.0587645
0.049279
-0.0365058
0.0466076
0.0101365
-0.0556014
0.0540415
-0.028954
0.0450154
0.000551475
-0.0509794
0.0576855
-0.0206029
0.0511388
-0.00799538
-0.0466411
0.0597651
-0.0113408
0.0558721
-0.017129
-0.0396263
0.0606476
0.013894
0.0589765
-0.0259673
-0.0315969
0.0602941
0.0038248
0.0605441
-0.0318609
-0.0230919
0.05842
-0.00592841
0.0605322
-0.0389864
-0.0137991
0.0587522
-0.0149647
0.0588488
-0.0460609
-0.00398734
0.0566655
-0.0245455
0.0563751
-0.0509251
0.00632599
0.0527421
-0.0333399
0.0520998
-0.0558632
-0.0321018
0.0478132
-0.0387825
0.0458818
-0.0587064
-0.0232091
0.0412435
-0.0458355
0.0392275
-0.0580781
-0.0135208
0.0342364
-0.0513007
0.0312274
-0.0602883
-0.00399602
0.0286685
-0.0563181
0.022239
-0.0610261
0.0057549
0.0204311
-0.0593153
0.00735308
-0.0604656
0.0152579
0.0116352
-0.0609492
0.0161616
-0.0587468
0.0224364
0.00227382
-0.0611572
0.0246134
-0.0549641
0.0318097
-0.00606975
-0.0610434
0.0317013
-0.0501067
0.0399838
-0.0152136
-0.0598597
0.0393312
-0.0458289
0.046535
-0.024297
-0.0562167
0.0462976
-0.0394859
0.0517197
0.0150483
-0.0526557
0.052935
-0.0313425
0.056172
0.00538969
-0.0473309
0.0543095
-0.0245877
0.0597413
-0.00354317
-0.03964
0.0583028
-0.0153283
0.0595105
-0.0129862
-0.0342895
0.0603018
-0.00635493
0.0606651
-0.0221788
-0.0258885
0.0611269
-0.00155907
0.0617111
-0.0301919
-0.0162022
0.0603683
-0.0112535
0.0587139
-0.0362952
-0.007238
0.0581716
-0.0203304
0.0554538
-0.04268
0.00278616
0.0584409
-0.0305149
0.0508679
-0.0492963
0.0127505
0.0562059
-0.037846
0.0466961
-0.0545986
0.0209997
0.0520892
-0.0451661
0.0402272
-0.0579987
-0.015669
0.0471259
-0.0505578
0.0310966
-0.0613617
-0.00499932
0.0404302
-0.0552224
0.0223807
-0.0604902
0.00431158
0.0323486
-0.0584786
0.0132111
-0.0617829
0.013741
0.0249378
-0.0611443
0.00273605
-0.0612959
0.0239431
0.0185
-0.0614138
-0.00622836
-0.0598731
0.0342246
0.00927418
-0.0603711
0.0168843
-0.0568773
0.0412377
-0.000440478
-0.057285
0.025304
-0.0533337
0.0460815
-0.00801
-0.0590955
0.0337179
-0.0482264
0.0523285
-0.0170635
-0.0556679
0.0403643
-0.0428445
0.0570717
-0.0272967
-0.0479506
0.0465546
-0.036358
0.059868
0.010299
-0.0434231
0.0499197
-0.0298839
0.0619179
0.0014131
-0.0363129
0.0554885
-0.0188529
0.0613192
-0.00885655
-0.0282113
0.0592201
-0.00852013
0.06296
-0.0169283
-0.0188252
0.0614408
0.000651658
0.0605476
-0.026164
-0.0113556
0.0617327
0.00912417
0.0562468
-0.0334485
-0.00178593
0.0632747
-0.0265313
0.052509
-0.0419641
0.00798321
0.0584818
-0.0340154
0.0456725
-0.0480098
0.0178465
0.0553589
-0.0419047
0.0385023
-0.0518997
0.0269975
0.0535951
-0.0484888
0.0305859
-0.0564176
0.036146
0.0512956
-0.0541015
0.0220071
-0.0596127
0.00160392
0.045581
-0.0585296
0.0143909
-0.0626263
0.012011
0.0405015
-0.0606086
0.00459295
-0.0630676
0.021237
0.0318182
-0.0621776
-0.00527221
-0.0649613
0.0286739
0.0232465
-0.0628688
-0.0150309
-0.0618878
0.038747
0.017119
-0.0609068
-0.0249341
-0.0598178
0.0459076
0.00802739
-0.0566303
0.0175274
-0.0559678
0.0519016
-0.00177872
-0.0532456
0.0256259
-0.0504952
0.0549524
-0.0100957
-0.0473716
0.0346884
-0.0450813
0.0588749
-0.0202578
-0.0484826
0.0416403
-0.0378389
0.0620657
-0.0289488
-0.0415747
0.047783
-0.0325522
0.061759
-0.0367988
-0.0326151
0.0542329
-0.0244136
0.0615677
-0.00222129
-0.0246343
0.0582253
-0.0138968
0.0585071
-0.0130316
-0.014479
0.0603429
-0.00473989
0.0593355
-0.0220416
-0.0052171
0.0621985
0.00430714
0.0538671
-0.0305047
0.0031559
0.0638535
0.0136633
0.0489309
-0.0389932
0.0118052
0.0610068
-0.0376721
0.0417059
-0.045747
0.0221593
0.0579415
-0.0476844
0.0360889
-0.0496654
0.0307153
0.0547602
-0.05092
0.026126
-0.0564802
0.0385994
0.0561235
-0.0555625
0.0170586
-0.0585044
0.0471829
0.0510868
-0.0613605
0.00741567
-0.0622632
0.0529039
0.0434302
-0.0628217
-0.00305957
-0.0642669
0.026532
0.0390529
-0.064212
-0.0125434
-0.0632661
0.0361575
0.0300598
-0.0603962
-0.0236783
-0.0620772
0.0434346
0.0214421
-0.0621765
-0.0321147
-0.0624908
0.0504076
0.0124506
-0.0653147
-0.0453822
-0.0573951
0.0623832
0.00632216
-0.052751
0.0189578
-0.0558567
0.0598064
-0.00374465
-0.0469055
0.0283302
-0.050248
0.0620555
-0.0132757
-0.0388295
0.0361986
-0.0421224
0.0629902
-0.0222912
-0.0354608
0.0438789
-0.0359702
0.0639232
-0.0316817
-0.0314591
0.0502772
-0.0288407
0.0612295
-0.0395509
-0.0218251
0.0573631
-0.0206636
0.0570909
-0.00736666
-0.0118682
0.059465
-0.0106245
0.0516356
-0.017067
-0.0014957
0.058259
-0.00383133
0.045821
-0.0261542
0.00820093
0.0633576
0.00861897
0.0467327
-0.0346096
0.0172773
0.0666772
0.0206189
0.0384436
-0.0432495
0.0254748
0.0625277
0.0285786
0.0288487
-0.0488957
0.0337268
0.0610649
-0.0541235
0.0214276
-0.0566083
0.0428537
0.0559467
-0.0595544
0.010844
-0.0588733
0.0497294
0.054459
-0.0633115
2.22474e-05
-0.0627321
0.0554572
0.0519051
-0.0655096
-0.00820893
-0.0643566
0.0600491
0.0454869
-0.0659335
-0.0186074
-0.0671256
0.0405312
0.0379151
-0.0642977
-0.0284044
-0.0652754
0.0482974
0.0300584
-0.0627173
-0.0378978
-0.0628453
0.0547614
0.0210125
-0.0582006
-0.045115
-0.0634966
0.0594996
0.0114141
-0.0526156
-0.0528707
-0.0592917
0.0630466
0.00366341
-0.0465093
-0.0586133
-0.0544173
0.0647052
-0.00621426
-0.0387762
0.029538
-0.0484482
0.0649319
-0.0156651
-0.029888
0.0381789
-0.0411397
0.0635232
-0.0247554
-0.0197807
0.0458237
-0.0326523
0.061008
-0.0341284
-0.0209549
0.052733
-0.0228474
0.0560258
-0.0413476
-0.00996
0.0577231
-0.0172782
0.0511063
-0.0495641
0.000630066
0.061966
-0.00619127
0.0441071
-0.0212671
0.00858876
0.0635545
0.00394714
0.0349076
-0.0299148
0.0206114
0.0654255
0.013615
0.035747
-0.0375319
0.030802
0.0659313
0.023468
0.0258306
-0.047212
0.037525
0.0637936
0.0327206
0.015902
-0.0530607
0.0456463
0.0618805
-0.062158
0.0051582
-0.0594235
0.0525396
0.0570823
-0.0654164
-0.00476308
-0.062811
0.0586447
0.0515045
-0.0665871
-0.0184709
-0.0664208
0.0639195
0.0523957
-0.0675984
-0.0257481
-0.0684229
0.0655122
0.0453972
-0.0665924
-0.033519
-0.0683814
0.0664198
0.0376292
-0.0634478
-0.0423327
-0.0673117
0.05733
0.0279224
-0.0579416
-0.0512208
-0.06475
0.0625983
0.0192037
-0.0541455
-0.0570627
-0.0595746
0.0648201
0.0102578
-0.0476167
-0.0623894
-0.0593792
0.0673137
0.00183204
-0.0381697
-0.0665639
-0.0528145
0.0674635
-0.00849658
-0.0306804
0.0308152
-0.0465891
0.0650872
-0.0178378
-0.0202527
0.04023
-0.0387317
0.0615188
-0.0285901
-0.0102215
0.0505531
-0.0279838
0.0558059
-0.0372369
-0.00869058
0.0569045
-0.0154869
0.0467748
-0.0454922
0.00240728
0.0629062
-0.00662084
0.0371773
-0.0532083
0.0126292
0.0664697
0.00670072
0.026986
-0.0309669
0.0235816
0.0684766
0.019984
0.0133443
-0.0342607
0.0334271
0.0670446
0.0309192
-0.000871807
-0.0437939
0.042455
0.0649015
0.0403677
-0.00176811
-0.0514097
0.0498084
0.069383
0.0410155
-0.0135056
-0.0556622
0.0531021
0.0551633
0.0559505
-0.0276889
-0.0633128
0.0611842
0.0459112
-0.070974
-0.034468
-0.0683696
0.0664321
0.0361965
-0.0651748
-0.0492843
-0.0700881
0.0681694
0.0358334
-0.0598119
-0.0597452
-0.0652525
0.0664876
0.0233263
-0.0506724
-0.0636464
-0.0728297
0.0684868
0.0117587
-0.0415784
-0.0689068
-0.0681499
0.0628384
-0.00175363
-0.0293698
-0.0715126
-0.0661274
0.0689596
-0.0130111
-0.0200862
-0.0716426
-0.0603579
0.0701419
-0.0271891
-0.00680709
-0.0697391
-0.0603153
0.0676138
-0.0367189
0.00842279
-0.0665533
-0.0531649
0.0668418
-0.0451281
0.0187679
-0.0564154
-0.0456929
0.0621139
-0.0549664
0.0309103
0.0428992
-0.0378336
0.0560399
-0.0629076
0.0420148
0.0518602
-0.0290901
0.0481221
-0.0683957
0.0517403
0.058378
-0.0174975
0.0418616
-0.0722038
0.0540409
0.0634747
-0.00922495
0.0316664
-0.0739667
0.0618393
0.0676441
0.00170437
0.02355
-0.0688594
0.0680952
0.070405
0.0134321
0.0106636
-0.0704806
0.0713301
0.0714832
0.0241518
-0.000970036
-0.0727176
0.0721546
0.0720972
0.0332969
-0.00153169
-0.0745314
0.07165
0.0702737
0.0432476
-0.0129903
-0.0712194
0.0667784
0.0663169
0.0514411
-0.0246422
-0.0665556
0.0610187
0.0611623
-0.0741203
-0.0348532
-0.0598361
0.0520885
0.0539134
-0.0704485
-0.0469766
-0.0522193
0.0447347
0.0468656
-0.0690162
-0.0552246
-0.0436998
0.0319219
0.0470528
-0.0642855
-0.0622211
-0.0320391
0.0205963
0.0388299
-0.0575826
-0.0666355
-0.0202993
0.00597507
0.02895
-0.0496576
-0.0714295
-0.00757855
0.0355399
0.0188639
-0.0423775
-0.0738886
0.00628328
0.0227108
0.00803843
-0.0323866
-0.0758891
0.00786409
0.00986898
-0.00382894
-0.0213991
-0.0755541
0.021663
-0.0034909
-0.0128964
-0.0098924
-0.0725437
0.0338592
-0.0168271
-0.0242995
0.00215375
0.072509
0.0443471
-0.0310633
-0.0341879
0.0128492
0.0681916
0.0547007
-0.042906
-0.0446983
0.0240052
0.0611285
0.0633782
-0.0524972
-0.0549756
0.0266444
0.0540495
0.0704983
-0.0621662
-0.0609142
0.0364967
0.0445671
0.0732085
-0.0715159
-0.0682138
0.046109
0.0326668
0.0751022
-0.0746142
-0.0450495
0.0537454
0.0210272
0.0752702
-0.0766635
-0.0545928
0.0629223
0.0102885
0.0725929
-0.081993
-0.0620326
0.0710272
-0.00281626
0.0677621
-0.0763602
-0.0689287
0.0733283
-0.0170715
0.0599487
-0.0749764
-0.0745666
0.0761447
-0.0316746
0.00187123
-0.0756637
-0.0774968
0.0765586
-0.0421836
0.0158812
-0.0623117
-0.0780956
0.076349
-0.0532151
0.0291112
-0.0527595
-0.0790937
0.0726796
-0.0552202
0.0412941
-0.0412803
-0.0768849
0.0680957
-0.0647061
0.0515234
-0.0306241
-0.0717481
0.0615716
-0.0717984
0.0624881
-0.0169184
-0.0702639
0.0750084
-0.078961
0.0706536
-0.0029752
-0.0625296
0.072042
-0.0805076
0.0724055
0.00992447
-0.0562723
0.0680258
-0.0801345
0.0766291
0.0249774
-0.0543105
0.0605713
-0.0784212
0.0784497
0.0387171
-0.0448156
0.0521599
-0.0749812
0.0780224
0.0510419
-0.0341616
0.0415419
-0.0689946
0.0718572
0.0582055
-0.0227043
0.0304737
-0.0613488
0.0646217
0.0651438
-0.0108175
0.0214706
-0.050892
0.0633987
0.0725155
0.0013274
0.00843453
-0.0393213
0.0535104
0.0765431
0.0110699
-0.00522864
-0.0263597
0.0419498
0.0800372
0.0232928
-0.0163157
-0.0540521
0.0293007
0.0811272
0.035197
-0.0297292
-0.0430367
0.0163586
0.08045
0.0463856
-0.0413184
-0.0304756
0.00107992
0.0779446
0.0558956
-0.0424469
-0.0166595
-0.0134716
0.0742035
0.0643169
-0.0532609
-0.00255585
-0.0253544
0.0679893
0.0714448
-0.0638373
0.0118685
-0.0399832
0.0605157
-0.0741234
-0.0715315
0.0264285
-0.0519027
0.0522112
-0.0665367
-0.0777655
0.0379032
-0.0633512
0.0419329
-0.0586702
-0.0826782
0.0497876
-0.0722651
0.0409799
-0.0488171
-0.0852103
0.0611334
-0.0798382
0.0293938
-0.0366157
-0.0856231
0.0698636
-0.0622387
0.0174663
-0.0245036
-0.0839091
0.0772165
-0.0722924
0.00544682
-0.0150184
-0.0814055
0.081694
-0.080071
-0.00870323
-0.00121388
-0.076746
0.0823639
-0.0853737
-0.0208001
0.0111479
-0.0697614
0.0845845
-0.087424
-0.0307649
0.0248691
-0.0599409
0.0825451
-0.0858783
-0.0432363
0.0373625
0.0121747
0.0798431
-0.0822227
-0.05457
0.0511529
-0.00163209
0.072227
-0.0798041
-0.0597138
0.0575066
-0.0328501
0.0936854
-0.0626861
-0.118961
0.0595325
-0.0286689
0.00203218
-0.0509771
-0.0668572
-0.0154688
-0.0916799
0.0874752
-0.156422
0.0318679
0.110287
0.0793801
0.627257
-0.687505
0.574458
-0.759465
0.950609
0.363644
0.257698
-0.174592
0.186604
-0.439135
-0.564248
0.285673
0.463624
-0.751608
0.54848
0.429295
-0.0861541
-0.244369
0.132244
-0.243875
0.134514
-0.240001
0.581306
-0.418965
-0.0637689
-0.0236976
0.334928
-0.237977
0.312147
-0.0348091
-0.184294
0.45824
0.0816891
-0.452196
0.324057
0.00464685
-0.758919
-0.157607
0.770007
-0.597138
0.112449
0.614239
-0.0805395
-0.223267
0.19289
0.126666
-0.118275
-0.201762
-0.00679986
0.389399
-0.380992
-0.253212
0.383314
-0.146765
0.00879306
-0.221051
0.230926
-0.29268
-0.0265091
-0.150396
0.197408
-0.036693
-0.104514
0.141795
0.0650347
-0.00289929
0.473716
-0.215959
0.352726
-0.0955461
-0.128458
-0.170478
-0.00198582
-0.0896775
-0.238644
0.0808407
0.735166
0.700666
-0.86063
0.278135
-0.139546
0.243713
0.188789
-0.19175
0.311707
-0.23132
0.0514534
0.0528722
0.290223
-1.25339
1.02888
-0.280165
-0.899282
0.585615
0.289537
-0.439296
0.640041
0.6637
-0.760838
0.679198
-0.671153
0.0153822
-0.0904383
0.0194181
-0.353446
0.00107932
-0.0602455
-0.107546
0.018718
0.220888
-0.361026
0.482595
0.692863
-0.61229
0.178901
-0.087111
0.063408
0.210286
-0.17903
0.521871
-0.315449
0.0483944
0.473295
-0.415484
-0.640627
0.620339
1.04569
0.491602
-0.483697
-0.0808403
-0.236699
0.136763
0.0361956
0.371631
-0.946956
0.689111
-0.89309
1.09185
0.88121
-1.1749
1.50242
-0.284982
-0.407991
-0.0628676
-0.836363
-0.277278
1.62733
-1.77664
-1.12299
-0.723478
-0.735021
0.337102
-0.113708
0.149512
-1.22795
1.76914
-0.00488117
0.204762
-1.44212
1.19336
-1.16003
0.760674
-0.72682
-0.28695
0.78688
-0.687365
0.0221519
-0.0602763
0.144025
-1.11672
0.572666
-0.679642
0.390478
-0.0500429
2.92486
-2.06713
-2.02031
2.23391
2.46672
-1.38964
0.754566
1.03499
-1.28046
-1.41074
1.3651
0.909405
-1.00179
-1.00485
1.82117
1.68367
-1.84072
0.171724
-0.353521
-0.389759
0.0768412
0.181756
-0.389957
0.344229
-1.10912
-0.104688
0.369098
-1.65165
1.37472
0.540946
-0.232658
-0.0867894
0.0527473
-0.192942
0.741634
0.0574195
-0.416655
-0.398442
0.348527
-0.374537
-0.0347565
0.133689
0.16382
-0.233586
0.13232
-0.747119
0.463191
0.0201856
0.243513
-0.0910718
-0.376564
0.15606
-0.665094
0.676535
-0.312627
-0.181155
0.365499
-0.056852
-0.288529
0.253771
-0.717959
-0.618897
0.406284
0.246129
-0.890142
0.195837
0.193261
0.00899532
0.183717
-0.435643
0.24516
0.133958
-0.722404
0.849038
0.293196
-0.291548
0.163659
-0.134799
-0.684263
0.250453
-0.450565
0.254569
0.486337
-0.509342
0.323757
-0.130041
-0.0966055
-0.764654
0.550835
0.287087
-0.703332
0.228921
-0.0472383
-0.0436806
-0.360689
0.21399
0.474461
-0.54527
0.512748
0.353664
-0.445201
0.151557
-0.063626
-0.0388051
-0.00715584
0.199988
-0.184445
-0.172266
0.136047
-0.182281
0.184713
0.0352459
-0.460704
0.418738
0.0108335
-0.276554
0.2234
-0.13901
-0.0121133
0.404428
-0.333818
0.226804
0.291672
-0.365177
0.296808
-0.300344
0.340061
0.267464
-0.352889
0.21398
-0.11698
0.529617
-0.117171
-0.151692
0.634343
-0.727287
-0.0333083
-0.0816374
0.020399
-0.432073
0.335004
0.558046
0.0319355
-0.175277
0.671897
-0.59683
0.00866386
0.367927
-0.262591
0.107515
0.149519
-0.0378995
-0.19635
0.131167
0.338872
-0.276911
-0.0011934
-0.0631048
0.0618151
0.200495
-0.310473
0.421071
0.300335
-0.356063
0.48316
-0.446158
0.398204
-0.324859
-0.726587
0.454315
0.112526
0.197663
-0.183038
-0.419061
0.17981
0.0229503
0.108465
-0.194664
0.0636293
0.388196
-0.264339
-0.459001
0.337226
0.411144
-0.382356
0.054679
0.665115
-0.549431
-0.652986
0.429377
-0.291952
-0.173875
0.317174
-0.0560704
-0.33959
0.391919
-0.0245368
0.0153084
-0.124928
0.468978
-0.358966
-0.399515
0.197738
0.462902
0.221093
-0.270816
-0.593822
0.546241
0.458334
-0.0125457
-0.155393
-0.297808
0.447845
-0.0829763
-0.890576
0.97401
-0.385422
0.321518
-0.823882
-0.361999
0.772082
-0.534454
0.222707
-0.956102
-0.343168
0.716197
-1.65157
1.59601
-0.922153
-0.759163
0.706653
0.831128
-0.573617
0.996252
0.919802
-0.914438
-0.762861
0.742621
-0.797258
-0.18977
0.558929
0.169764
-0.349969
-0.644765
-1.16381
1.03819
0.435849
-0.64516
1.49945
0.621727
-1.09708
-0.0662087
-0.469034
0.939041
-0.31781
-0.077897
0.614639
-0.532015
0.163719
0.184541
-0.170592
0.025034
-0.401347
-0.0105941
-0.514377
0.348057
-0.457956
-0.138521
0.467739
-0.540587
-0.398173
-0.507237
1.37379
-1.26083
0.908641
1.49715
-1.03155
0.412099
0.412394
-0.227679
-0.547359
0.525679
0.697701
0.315884
-0.272609
-0.168831
-3.03264
0.955093
0.58571
-1.41552
0.595345
2.21588
-5.27871
4.42333
-3.94441
-3.95017
2.02151
-2.42276
3.83729
-3.49693
-3.26382
-1.44585
1.03675
2.24855
-3.65303
0.0314491
-0.169568
0.304025
-0.747082
-0.478133
2.18272
3.02953
-3.21723
-1.64917
3.0316
-0.256472
-4.94739
5.32105
0.490927
-2.64339
4.27257
2.66823
-3.56419
1.48745
-0.1898
-2.84118
0.782186
1.01868
-4.16057
4.47209
-2.53795
-1.6968
2.2162
0.194222
-1.06585
2.611
-1.64847
-0.454238
0.743786
-0.736941
3.04787
2.00316
-2.77642
1.26167
-1.47173
-0.0644428
1.67912
-0.938523
-2.73869
-1.38757
2.68424
5.19587
-4.46431
-5.27007
4.59728
3.64033
1.10743
-2.64301
0.765852
1.23827
-0.615086
0.493366
0.00405445
-2.47664
1.57736
1.88805
1.50683
-1.83362
-0.994582
1.6201
0.0513905
-0.367757
0.131348
-0.0783449
1.38585
-1.59032
1.01206
2.46329
0.823052
0.149558
-0.0350314
-0.413126
-0.0150951
3.92325
-2.08497
0.825154
-2.26124
0.57746
0.859086
3.05972
2.72629
-4.10733
-0.997299
2.31762
0.995279
-0.405455
-1.37206
1.56469
1.75764
-0.97557
-0.317729
-0.505111
0.89199
0.484843
-0.720885
-2.12216
2.37868
1.52839
-0.469195
-0.38561
-1.91228
1.36582
2.2271
2.38652
-0.070537
1.88628
-2.39853
-0.590304
-1.37553
3.126
1.9987
-5.46741
-2.65551
4.44146
-2.28548
2.71384
-0.872499
0.850483
1.00665
-1.70603
-0.366081
1.29865
0.480989
0.903955
-0.577802
0.600261
-0.770933
0.371051
-0.143435
-0.173749
-1.08215
0.226297
-0.707825
-1.46233
1.09789
-0.725627
1.31656
0.746173
0.998734
-0.657342
-0.490321
0.938768
-0.886118
-0.22244
0.825806
-0.549525
1.92068
-0.00248027
1.94563
-0.749938
3.08061
-0.803553
5.01571
3.96094
-4.85993
3.72582
-6.14917
15.2105
6.88493
-12.0364
16.3678
-29.5953
35.7925
29.9124
-35.4154
24.9375
-18.4072
15.3819
-14.2849
-13.2199
-2.50352
-5.08017
-4.87448
3.78997
3.86566
6.5532
-2.6411
1.3747
-2.23894
0.786169
1.46435
1.92768
1.35552
-1.83171
-0.31069
0.408547
1.9145
-3.2663
1.50855
3.32567
3.50406
-4.93118
1.28401
1.22517
-1.92805
-0.802367
2.29062
1.24551
-3.79159
-1.33347
3.82221
-5.33923
-0.0198066
3.86795
1.00071
-4.79228
-1.78514
13.5897
-8.63593
-18.8045
5.97294
15.5615
-13.0533
-12.1515
7.66154
3.87078
-13.6616
10.8837
-18.044
-5.28422
-17.4667
7.85399
-8.41555
11.6261
10.7009
10.3917
-11.0398
-8.40761
5.15862
6.88701
10.5834
-8.69584
-7.03486
5.0661
9.06874
4.75603
-8.697
-2.38453
3.7698
-4.8143
-6.03047
4.71707
1.77343
-5.58474
3.26205
2.4774
-4.69141
1.95154
1.1005
2.98382
4.00722
-4.47386
-1.47991
3.82448
0.583361
0.764776
0.559872
-0.860129
0.173947
5.80295
2.72391
-9.80371
4.95681
22.8351
-15.9281
-36.2354
6.63475
-10.3801
-2.0804
-4.44898
8.22743
15.1604
4.14098
11.291
8.05896
-10.9074
-6.96296
-3.30924
5.56526
6.24635
-11.5491
-5.29234
6.90807
1.13235
-6.06517
6.2443
7.52969
-1.62282
-1.73781
5.57672
-4.04438
-1.44004
5.07374
0.201464
5.4969
-3.92194
-2.89093
3.38002
0.360317
0.566273
-1.00119
0.617522
1.79573
-0.230086
-0.37148
0.649376
-0.335552
0.802727
5.20803
-13.2302
-6.18571
13.5104
24.6157
-36.2002
-30.7316
41.0249
34.3473
-16.7847
23.9077
-9.71903
16.6158
8.77333
7.90491
-7.58999
-8.7742
2.54257
5.41627
5.08063
-6.10336
-4.36911
7.17433
-0.832403
-4.95285
3.71344
1.76895
1.78056
4.69576
4.80545
-0.785947
1.67524
0.889481
3.83599
3.9259
-1.91409
-3.18806
2.22679
0.188352
-2.88445
-3.08653
-3.54617
-2.1966
-1.62391
-3.4595
-6.98465
-4.58665
-2.99181
-2.05309
-2.94145
-5.9901
-7.75677
-4.15482
2.26567
10.1699
17.3122
3.57489
-35.9026
-60.7113
-27.9137
23.1122
4.90882
24.3254
19.5659
18.1447
-0.702722
-6.64976
12.861
14.3683
-8.30886
-7.90837
13.2461
-14.3681
-6.76097
12.6401
2.03814
-3.10639
-12.6117
4.31969
-0.00763512
-10.1031
1.47489
-2.34528
-4.49778
3.02088
2.81181
-1.43358
-1.16075
0.586884
-0.0158676
-0.555582
0.70287
-0.514008
1.56105
0.891958
0.521867
2.21898
-0.401359
1.5834
4.13675
2.77913
3.62305
2.06509
5.27309
5.45243
1.12115
-1.17038
-25.2415
-20.7753
134.623
88.7539
0.890889
38.2711
19.1542
-37.5798
-20.3249
48.5782
-62.7352
-34.8675
59.7419
-12.8343
-5.73153
10.906
2.58016
-11.3418
-4.58065
-2.97111
4.40024
1.37748
-3.67334
-2.67386
-2.0336
3.01816
1.4519
-2.18709
-1.69266
-1.20048
2.08824
1.35001
-1.58589
-1.26042
-1.25521
0.880857
0.633306
-1.51404
-0.987732
-0.944248
0.898129
0.0355662
-1.15466
-0.632587
-0.430651
0.521282
-0.065798
-0.292899
-0.843679
-0.505678
0.765522
0.125083
