-0.00491493
0.00903514
0.0218637
0.0336336
0.0441244
0.0522563
0.05744
0.0612534
0.0641853
0.065031
0.0630986
0.0592791
0.0552757
0.0513714
0.0471128
0.0436333
0.0428855
0.0452207
0.0493353
0.0549768
0.0634652
0.0750785
0.0883904
0.102298
0.118448
0.136673
0.152422
0.161095
0.162038
0.158372
0.151016
0.138041
0.117156
0.0908151
0.0633824
0.0345921
0.00567789
-0.0233816
-0.0495197
-0.0730498
-0.0943167
-0.111662
-0.124918
-0.134046
-0.141719
-0.145809
-0.145129
-0.140596
-0.13436
-0.128089
-0.12083
-0.111631
-0.101881
-0.093315
-0.0848932
-0.0760693
-0.0668851
-0.0583261
-0.0488393
-0.0379279
-0.0254906
-0.0144462
-0.00481752
0.00413506
0.0115756
0.0169657
0.0196865
0.0203836
0.0173576
0.00938251
-0.00276873
-0.0166226
-0.0308148
-0.0458836
-0.0612625
-0.0737122
-0.0820994
-0.0871226
-0.0891936
-0.0859891
-0.0781418
-0.0664545
-0.0519488
-0.0326517
-0.0110514
0.0111252
0.0314155
0.0512554
0.0735401
0.092769
0.107604
0.119302
0.132817
0.148573
0.159963
0.169726
0.184162
0.204362
0.220423
0.225271
0.221964
0.217835
0.210319
0.194869
0.1689
0.139554
0.110441
0.0775921
0.043852
0.0110558
-0.0172943
-0.0477402
-0.0759182
-0.100947
-0.118218
-0.131506
-0.146415
-0.159283
-0.165903
-0.165733
-0.164997
-0.164284
-0.161481
-0.155101
-0.148379
-0.142572
-0.134793
-0.123532
-0.112124
-0.102788
-0.0908468
-0.0750175
-0.0560538
-0.0398017
-0.0254309
-0.0100172
0.00756927
0.023066
0.0342823
0.0439645
0.0508507
0.0543988
0.0528575
0.0481559
0.041753
0.0324496
0.0198588
0.00641755
-0.00634914
-0.0183782
-0.0317564
-0.0445105
-0.0536593
-0.0595068
-0.0639384
-0.0666974
-0.0660451
-0.0607909
-0.0546226
-0.0476741
-0.038407
-0.0267791
-0.014652
-0.00393765
0.00690508
0.0177758
0.0290881
0.0359231
0.0407885
0.0449587
0.0488144
0.0526103
0.0561205
0.0594554
0.0626085
0.0661028
0.0730649
0.0798212
0.0851
0.0899703
0.0971888
0.107274
0.116656
0.125226
0.137979
0.158248
0.178218
0.188699
0.189017
0.186674
0.182711
0.171857
0.146975
0.116919
0.0812945
0.0480066
0.0129758
-0.0250141
-0.0568881
-0.0875707
-0.114547
-0.141775
-0.159664
-0.174055
-0.18431
-0.19294
-0.196564
-0.191847
-0.184453
-0.178469
-0.172421
-0.162704
-0.150482
-0.138525
-0.128448
-0.113484
-0.0979813
-0.0823827
-0.06889
-0.0484743
-0.0255769
-0.00178222
0.0198028
0.0373857
0.0588714
0.0757894
0.0877311
0.0934115
0.098162
0.0984543
0.0915243
0.077889
0.0627729
0.0444832
0.0226903
-0.00278899
-0.024866
-0.045154
-0.0642725
-0.0832184
-0.096527
-0.101629
-0.102649
-0.102219
-0.0956297
-0.083404
-0.0664795
-0.0510178
-0.0306634
-0.00463817
0.016251
0.0348247
0.0479532
0.0642535
0.0768127
0.0845594
0.0856922
0.0901936
0.09562
0.101437
0.104227
0.110678
0.124834
0.137295
0.147536
0.161562
0.187324
0.215179
0.231259
0.232666
0.231596
0.227028
0.215614
0.185224
0.150656
0.107903
0.07008
0.0173351
-0.0335447
-0.0733475
-0.115232
-0.148471
-0.182904
-0.201241
-0.215991
-0.224649
-0.234884
-0.235132
-0.22467
-0.210854
-0.199421
-0.187299
-0.173854
-0.157545
-0.144611
-0.128243
-0.111006
-0.0968727
-0.0813441
-0.0685655
-0.0468789
-0.0261693
-0.00370497
0.0126654
0.0341334
0.0579168
0.0737115
0.0856859
0.0914785
0.0964479
0.0954878
0.0868523
0.0733911
0.0559525
0.0329003
0.00749532
-0.0213497
-0.0448119
-0.0678552
-0.0894919
-0.110605
-0.124109
-0.130341
-0.131486
-0.130722
-0.120788
-0.106932
-0.0860913
-0.0674849
-0.0404816
-0.0143479
0.0149926
0.0409777
0.058827
0.083651
0.10162
0.116408
0.122425
0.134043
0.14513
0.156334
0.161221
0.171451
0.184072
0.193948
0.202964
0.215823
0.236424
0.256487
0.263817
0.263007
0.252967
0.238984
0.218394
0.174399
0.131774
0.078575
0.0314456
-0.031682
-0.0803031
-0.13426
-0.181954
-0.214685
-0.243962
-0.255378
-0.265171
-0.268271
-0.2694
-0.258921
-0.238524
-0.217012
-0.201071
-0.180607
-0.159912
-0.134856
-0.115908
-0.093242
-0.0758657
-0.0549362
-0.0357404
-0.0215523
-0.000753872
0.016634
0.0359183
0.0477743
0.06296
0.0751253
0.0855342
0.0891181
0.0882988
0.0833081
0.0725765
0.0553366
0.0364801
0.0110948
-0.0158471
-0.0476708
-0.0776144
-0.0985972
-0.121172
-0.143049
-0.159026
-0.164334
-0.160479
-0.155051
-0.139984
-0.118156
-0.0957899
-0.0619492
-0.0350149
0.000882857
0.0309461
0.0657154
0.0872176
0.115606
0.148857
0.164493
0.17687
0.187316
0.206973
0.21729
0.220838
0.221884
0.230106
0.23775
0.241134
0.244095
0.25868
0.277314
0.288004
0.27752
0.268721
0.253274
0.233037
0.177271
0.12026
0.0702195
-0.000756585
-0.0569518
-0.11973
-0.164966
-0.218732
-0.251494
-0.284111
-0.30437
-0.303708
-0.302882
-0.299718
-0.286802
-0.261988
-0.233451
-0.212393
-0.186098
-0.159105
-0.133456
-0.103611
-0.0850339
-0.0617058
-0.0427187
-0.0210048
-0.00879064
0.0115944
0.0367333
0.048872
0.0550582
0.0589784
0.0688622
0.0731207
0.0690121
0.0585634
0.0449076
0.0288893
0.0102284
-0.0149159
-0.0376202
-0.0642463
-0.0910916
-0.117002
-0.13299
-0.145875
-0.158007
-0.168754
-0.16686
-0.156201
-0.132541
-0.11677
-0.0920521
-0.0641208
-0.0198323
0.0158126
0.0443105
0.0866178
0.111627
0.136387
0.155776
0.18611
0.201825
0.214213
0.23016
0.242544
0.255445
0.259768
0.259549
0.260058
0.262613
0.263879
0.260019
0.266841
0.27622
0.271898
0.26538
0.248202
0.232619
0.187436
0.144701
0.0832528
0.0291649
-0.0519118
-0.116403
-0.173945
-0.243673
-0.279053
-0.31084
-0.331253
-0.349051
-0.344105
-0.333649
-0.317279
-0.29428
-0.259457
-0.224445
-0.185391
-0.159067
-0.126536
-0.0955511
-0.0596451
-0.0405068
-0.0259129
-0.0018844
0.0103368
0.0205716
0.0281365
0.0427948
0.0500189
0.0540353
0.0559567
0.0550308
0.0500812
0.0377052
0.018085
0.00139064
-0.0169395
-0.0394829
-0.0717988
-0.100991
-0.124331
-0.145328
-0.162875
-0.176686
-0.185289
-0.180475
-0.173662
-0.1564
-0.121094
-0.0969544
-0.0659816
-0.0349694
0.0186731
0.0529417
0.0864985
0.111018
0.15009
0.176236
0.193431
0.216401
0.224613
0.23624
0.248418
0.266349
0.274543
0.27812
0.279074
0.281989
0.283427
0.28078
0.268086
0.268863
0.277144
0.28771
0.270213
0.247284
0.22561
0.175469
0.137647
0.0775516
0.0142537
-0.0790552
-0.138525
-0.202283
-0.2546
-0.321421
-0.355801
-0.374096
-0.384619
-0.371882
-0.35101
-0.326864
-0.290535
-0.251464
-0.203577
-0.151342
-0.119775
-0.0878888
-0.0586475
-0.0217946
-0.00541859
0.00751106
0.0172042
0.0325959
0.0376951
0.0392766
0.0435668
0.0424332
0.0368045
0.028024
0.0177753
0.00763278
-0.0113583
-0.0414419
-0.0673618
-0.0898668
-0.109917
-0.135361
-0.15918
-0.177969
-0.188994
-0.187395
-0.182141
-0.174245
-0.149363
-0.133417
-0.106941
-0.0768986
-0.0237388
0.00723606
0.0398663
0.091344
0.123012
0.153742
0.171568
0.197787
0.208277
0.220059
0.225955
0.235854
0.239464
0.244458
0.252938
0.256444
0.257816
0.258074
0.254907
0.254633
0.253679
0.248558
0.258336
0.272321
0.287779
0.276664
0.265572
0.239361
0.210389
0.138684
0.0719495
0.00114834
-0.107577
-0.176161
-0.243841
-0.299068
-0.365396
-0.390649
-0.40088
-0.392591
-0.370782
-0.336878
-0.299876
-0.249594
-0.205067
-0.155633
-0.113907
-0.0727129
-0.0535586
-0.0338157
-0.00800093
0.00180861
0.00422328
0.00206982
0.006124
0.00853471
0.0103373
0.0102267
0.0104105
0.00734963
0.000198431
-0.01386
-0.0293814
-0.0512574
-0.0798796
-0.117655
-0.147107
-0.17111
-0.192814
-0.214132
-0.227912
-0.228952
-0.201449
-0.181019
-0.154273
-0.124886
-0.0670571
-0.0191928
0.0221505
0.0858704
0.117761
0.147613
0.168638
0.19893
0.208297
0.210788
0.214437
0.20723
0.204512
0.202152
0.20204
0.20115
0.207663
0.217053
0.223783
0.225689
0.230522
0.235806
0.240624
0.239773
0.24448
0.253122
0.27853
0.29271
0.275298
0.261519
0.238215
0.20997
0.123786
0.0562675
-0.0259974
-0.100885
-0.198582
-0.264807
-0.31624
-0.382511
-0.404361
-0.404795
-0.38249
-0.346512
-0.311206
-0.273582
-0.228691
-0.160455
-0.110493
-0.0786061
-0.0521809
-0.0385326
-0.0239855
-0.0159263
-0.012827
-0.0221492
-0.0295023
-0.0298419
-0.0272996
-0.0250218
-0.0278542
-0.0354235
-0.0435855
-0.04989
-0.0587027
-0.0801787
-0.110139
-0.140392
-0.162545
-0.177667
-0.192584
-0.209635
-0.213907
-0.2098
-0.187973
-0.13684
-0.108109
-0.0756342
-0.0423989
0.0168677
0.0579968
0.0952035
0.118431
0.161137
0.180113
0.19488
0.209027
0.202017
0.191392
0.181747
0.182403
0.176684
0.171986
0.173977
0.180316
0.191219
0.20139
0.212562
0.222735
0.235208
0.247005
0.251605
0.255463
0.269089
0.285599
0.317112
0.331156
0.322563
0.279389
0.251407
0.210447
0.0946495
0.0035565
-0.0994728
-0.180236
-0.27009
-0.329048
-0.391688
-0.433929
-0.455496
-0.424739
-0.378488
-0.325185
-0.278471
-0.221529
-0.156136
-0.0715744
-0.0268079
-0.00544495
0.000115919
0.00991347
0.0162732
0.0104172
-0.0157882
-0.0465679
-0.0639241
-0.0643464
-0.063663
-0.0724326
-0.0878764
-0.0983104
-0.0982927
-0.0990958
-0.112295
-0.139726
-0.169666
-0.190686
-0.200332
-0.195692
-0.202207
-0.209871
-0.192638
-0.16489
-0.121099
-0.0834477
-0.020844
0.00799459
0.0481426
0.10313
0.132679
0.148913
0.151851
0.173955
0.18026
0.18558
0.178186
0.16401
0.146999
0.141502
0.153685
0.157123
0.156551
0.159682
0.179211
0.201155
0.215726
0.220383
0.223194
0.234324
0.249194
0.258424
0.270473
0.295185
0.335658
0.355743
0.364896
0.3521
0.300361
0.255877
0.187821
0.0991622
-0.0765987
-0.185074
-0.283606
-0.380398
-0.434114
-0.473804
-0.483994
-0.458725
-0.39701
-0.321454
-0.249566
-0.171051
-0.101507
-0.0384324
0.0241891
0.0413919
0.0370875
0.0224728
0.00462128
-0.0148177
-0.042058
-0.0725317
-0.104494
-0.115792
-0.116884
-0.118558
-0.12431
-0.132274
-0.137668
-0.141516
-0.152493
-0.173998
-0.20056
-0.223368
-0.232742
-0.231823
-0.201985
-0.188018
-0.162781
-0.126885
-0.0632506
-0.0134351
0.0243755
0.0862085
0.107592
0.128206
0.138725
0.14454
0.132081
0.12048
0.125132
0.119074
0.111794
0.102596
0.103925
0.108846
0.120829
0.134275
0.168052
0.193514
0.2196
0.24254
0.249917
0.25085
0.251993
0.254955
0.259876
0.262527
0.265741
0.286154
0.324881
0.376748
0.390803
0.394156
0.358827
0.304831
0.208355
0.107177
-0.0172503
-0.236764
-0.356592
-0.44264
-0.49456
-0.541791
-0.551843
-0.515656
-0.403096
-0.28729
-0.180676
-0.0956125
-0.0064689
0.0644923
0.115714
0.128433
0.096707
0.0461291
-0.0035745
-0.0564112
-0.101416
-0.148684
-0.186239
-0.205054
-0.188612
-0.162927
-0.149172
-0.14945
-0.15193
-0.148059
-0.144524
-0.167563
-0.207511
-0.243771
-0.254148
-0.248796
-0.230745
-0.173151
-0.137008
-0.0825488
-0.0207023
0.0537182
0.094996
0.120426
0.133493
0.166299
0.163505
0.141642
0.109975
0.0796667
0.0646948
0.0567554
0.0599598
0.0530214
0.0575111
0.0790192
0.10002
0.123412
0.146101
0.188192
0.210661
0.234372
0.254051
0.262886
0.25236
0.242136
0.252508
0.27919
0.295459
0.299129
0.318704
0.381065
0.449702
0.430199
0.384582
0.317366
0.261765
0.155674
0.0214153
-0.157318
-0.309229
-0.468438
-0.515379
-0.543829
-0.554909
-0.51203
-0.410218
-0.276823
-0.11247
-0.0174457
0.0504795
0.107788
0.145842
0.152822
0.109203
-0.00162904
-0.0851774
-0.136683
-0.165718
-0.209365
-0.252717
-0.265402
-0.223147
-0.166413
-0.134382
-0.136286
-0.142901
-0.140189
-0.14027
-0.162802
-0.214778
-0.261382
-0.278619
-0.255793
-0.225476
-0.18966
-0.149487
-0.0423434
0.033462
0.105264
0.151248
0.149996
0.137399
0.127221
0.1226
0.0822028
0.028427
-0.00846748
-0.00474213
0.0144246
0.024183
0.0492187
0.0673614
0.109249
0.149905
0.175345
0.176184
0.184675
0.220613
0.239045
0.242106
0.233259
0.23056
0.240461
0.261933
0.285664
0.303832
0.321617
0.353594
0.40296
0.459263
0.480885
0.452288
0.315057
0.233254
0.134246
-0.0276196
-0.193055
-0.352919
-0.449931
-0.527201
-0.524355
-0.506365
-0.449403
-0.327035
-0.179583
-0.0517011
0.0598918
0.107804
0.140417
0.151903
0.120252
0.0523361
-0.0400915
-0.156453
-0.209029
-0.238691
-0.258047
-0.274096
-0.266371
-0.224851
-0.167441
-0.123799
-0.130723
-0.15575
-0.17077
-0.182142
-0.21355
-0.268116
-0.295828
-0.291856
-0.248752
-0.182579
-0.132208
-0.0725295
-0.00241826
0.112016
0.151469
0.155064
0.127847
0.0925367
0.0569874
0.0261888
0.00246115
-0.0305629
-0.041826
-0.0173156
0.0401975
0.0786837
0.0948111
0.105477
0.159794
0.18758
0.183374
0.155195
0.136116
0.153996
0.185377
0.215632
0.21699
0.237462
0.288439
0.337633
0.363817
0.370073
0.362884
0.375539
0.390665
0.400937
0.383533
0.356284
0.316384
0.186947
0.109818
-0.00414772
-0.138785
-0.285517
-0.36496
-0.408281
-0.461524
-0.464635
-0.424592
-0.325468
-0.189048
-0.0820924
-0.00721781
0.05578
0.12556
0.154083
0.129821
0.0515523
-0.0279436
-0.0953239
-0.151276
-0.238706
-0.288245
-0.313941
-0.302595
-0.26424
-0.223247
-0.198851
-0.181116
-0.179171
-0.176179
-0.184272
-0.212597
-0.253978
-0.280586
-0.244263
-0.21358
-0.177508
-0.137852
-0.0631288
0.016183
0.0876208
0.154568
0.14609
0.124525
0.0963104
0.0576353
0.00360927
-0.0478672
-0.0780406
-0.0529024
-0.0239999
0.0174931
0.0648157
0.0972142
0.128972
0.158707
0.200128
0.187938
0.158207
0.140953
0.162952
0.196593
0.214931
0.236526
0.26081
0.310439
0.352514
0.360597
0.350446
0.351929
0.341128
0.333131
0.306738
0.297732
0.308904
0.329211
0.306235
0.243587
0.0808041
-0.0116143
-0.113583
-0.249428
-0.353329
-0.421417
-0.44101
-0.428867
-0.367065
-0.279602
-0.169016
-0.0599255
0.0433623
0.120918
0.149662
0.127778
0.0768095
0.0141713
-0.0734574
-0.166861
-0.25229
-0.329294
-0.3358
-0.320973
-0.298789
-0.261806
-0.212829
-0.164404
-0.129517
-0.144387
-0.176814
-0.212679
-0.243248
-0.271917
-0.287979
-0.286192
-0.213301
-0.15059
-0.0760724
0.0149771
0.07692
0.120126
0.13746
0.14964
0.108552
0.0419441
-0.0253499
-0.0742897
-0.0916265
-0.090602
-0.0357927
0.0100565
0.0748077
0.138434
0.183082
0.191977
0.18632
0.188957
0.164109
0.129856
0.109775
0.12805
0.170236
0.215572
0.255245
0.318544
0.365981
0.393763
0.388342
0.367289
0.354419
0.342062
0.277303
0.245751
0.235026
0.254219
0.269642
0.244189
0.184204
0.0541172
0.000158148
-0.0933289
-0.210944
-0.338705
-0.388955
-0.389564
-0.376303
-0.33846
-0.273082
-0.161214
-0.0253984
0.0776515
0.125459
0.118782
0.0985746
0.0620928
-0.00086163
-0.115449
-0.226712
-0.308652
-0.334597
-0.342277
-0.333155
-0.317084
-0.266145
-0.193662
-0.135669
-0.130395
-0.156635
-0.188906
-0.211666
-0.23111
-0.272769
-0.298728
-0.291162
-0.184418
-0.10399
-0.0376787
0.0229396
0.0828143
0.132237
0.145375
0.132362
0.0692907
-0.000973288
-0.0447046
-0.0697518
-0.0831954
-0.0924106
-0.0305159
0.0360879
0.108047
0.158103
0.172106
0.173385
0.174865
0.174938
0.157283
0.112419
0.105541
0.151474
0.220159
0.268841
0.297887
0.337615
0.373727
0.390164
0.367744
0.308607
0.267668
0.247396
0.210283
0.21236
0.219346
0.268187
0.307896
0.338339
0.297351
0.139256
0.0442457
-0.0880401
-0.20975
-0.357053
-0.434156
-0.466408
-0.431208
-0.342299
-0.226883
-0.0987333
0.0346929
0.133578
0.182774
0.17818
0.081199
-0.0165718
-0.114982
-0.226765
-0.305647
-0.365915
-0.375001
-0.336249
-0.272685
-0.214786
-0.167691
-0.129416
-0.1049
-0.115172
-0.173501
-0.2506
-0.314753
-0.334605
-0.328909
-0.306815
-0.279404
-0.148877
-0.0388548
0.0503207
0.115198
0.134668
0.138041
0.118427
0.0782797
0.00308037
-0.0830015
-0.126678
-0.125289
-0.0883629
-0.053353
0.00289809
0.120916
0.187537
0.241473
0.240543
0.207609
0.160228
0.126584
0.101931
0.073002
0.0818804
0.132183
0.232389
0.308187
0.360389
0.387308
0.39842
0.385451
0.344567
0.266072
0.218347
0.193457
0.200618
0.191362
0.220202
0.297168
0.360815
0.40585
0.354002
0.275043
0.0536923
-0.099306
-0.234681
-0.404605
-0.488333
-0.517778
-0.460111
-0.337502
-0.204054
-0.0698632
0.0697114
0.185613
0.234736
0.210257
0.0683224
-0.0558262
-0.153578
-0.259859
-0.348745
-0.406853
-0.398783
-0.333941
-0.259766
-0.206741
-0.161039
-0.127005
-0.115959
-0.148549
-0.217325
-0.294879
-0.35003
-0.359517
-0.341679
-0.287221
-0.232039
-0.138808
0.0167987
0.0818476
0.134674
0.13114
0.107202
0.0594475
0.00480861
-0.0616676
-0.130135
-0.143916
-0.123833
-0.049232
0.00331448
0.0773768
0.188056
0.225121
0.23943
0.202076
0.154718
0.0964416
0.0547983
0.0465638
0.0500062
0.101819
0.170634
0.282149
0.365719
0.427769
0.434617
0.398635
0.345025
0.293265
0.202928
0.140534
0.105348
0.130527
0.169652
0.223538
0.309328
0.404696
0.485044
0.460875
0.388553
0.146231
-0.0343541
-0.18523
-0.378221
-0.49216
-0.526511
-0.466914
-0.358085
-0.227596
-0.0821382
0.074166
0.180066
0.205411
0.17582
0.0928741
-0.0667091
-0.171449
-0.283154
-0.345284
-0.372099
-0.351178
-0.304513
-0.225307
-0.176834
-0.144048
-0.133081
-0.138584
-0.176846
-0.25133
-0.325857
-0.367759
-0.352847
-0.335008
-0.271961
-0.217273
-0.112966
0.0262519
0.0512575
0.0683772
0.0472262
0.0376251
-0.00761373
-0.0544667
-0.079378
-0.105049
-0.0714485
-0.0320465
0.0531352
0.0947407
0.148415
0.165542
0.198817
0.170998
0.102556
0.0442244
0.00577973
0.0106115
0.0106934
0.0856378
0.175033
0.278569
0.39918
0.448789
0.462454
0.442608
0.366464
0.268564
0.184347
0.115435
0.105784
0.118793
0.15399
0.208587
0.29083
0.39547
0.461602
0.495041
0.439083
0.366365
0.19011
-0.109203
-0.261347
-0.427906
-0.494277
-0.49428
-0.40956
-0.290201
-0.12513
0.00345308
0.125224
0.193737
0.178752
0.119111
0.011645
-0.13936
-0.215495
-0.306018
-0.337076
-0.334499
-0.286433
-0.241954
-0.20378
-0.190351
-0.184797
-0.198828
-0.231056
-0.273892
-0.314384
-0.320368
-0.327808
-0.282428
-0.246465
-0.168172
-0.132543
-0.0683789
-0.0457843
0.000648477
-0.00598096
-0.0416032
-0.0446518
-0.0652428
-0.0651518
-0.0861832
-0.0415478
7.57889e-05
0.0251751
0.0775674
0.0826975
0.102259
0.0926148
0.115814
0.105763
0.0698329
0.0546419
0.0495397
0.0886989
0.110891
0.187249
0.244631
0.301897
0.374617
0.40683
0.39581
0.351439
0.2634
0.189507
0.150087
0.125005
0.13752
0.16658
0.220715
0.296288
0.358953
0.406976
0.395165
0.397831
0.365401
0.343457
0.194786
-0.0702371
-0.164049
-0.263847
-0.290177
-0.365726
-0.367782
-0.313784
-0.189604
-0.0973698
-0.0502261
-0.0196615
0.0166719
0.0569581
0.0337192
-0.070784
-0.132988
-0.187604
-0.189472
-0.218392
-0.244616
-0.288003
-0.286786
-0.269125
-0.252838
-0.274794
-0.297574
-0.296212
-0.256406
-0.246762
-0.248915
-0.25459
-0.239197
-0.16
-0.137803
-0.12259
-0.140743
-0.0799075
-0.0369395
-0.046882
-0.0573348
-0.0857369
-0.0614657
-0.0474973
0.020106
0.0420037
0.0339246
0.0703763
0.0972843
0.126089
0.0951991
0.0788679
0.0682902
0.0654309
0.0759843
0.053887
0.0636276
0.0886238
0.167706
0.252796
0.271647
0.311537
0.353192
0.381231
0.360419
0.295437
0.202297
0.170869
0.143548
0.146519
0.158037
0.193394
0.240548
0.281971
0.331611
0.326992
0.332601
0.302421
0.328413
0.279311
0.101343
0.0125118
-0.124447
-0.163402
-0.263691
-0.307375
-0.349133
-0.292337
-0.207257
-0.131537
-0.08694
-0.0429571
0.0137606
0.0374472
0.0293312
-0.0587887
-0.122178
-0.14786
-0.202109
-0.230866
-0.272516
-0.276158
-0.282208
-0.270723
-0.266735
-0.26069
-0.25951
-0.248504
-0.249377
-0.239148
-0.240463
-0.256698
-0.230107
-0.214326
-0.171607
-0.161479
-0.089378
-0.0467078
-0.0483687
-0.0300356
-0.0427143
-0.0327602
-0.0520691
-0.0421777
-0.0013537
-0.00554924
0.0196622
0.0191757
0.0509847
0.0570875
0.085129
0.113957
0.0965764
0.108133
0.101624
0.109841
0.0970205
0.122183
0.176318
0.195728
0.241454
0.275314
0.32813
0.34627
0.340144
0.287864
0.254861
0.197216
0.167585
0.139875
0.153108
0.176512
0.206567
0.264549
0.302224
0.343023
0.331008
0.354273
0.326948
0.321447
0.149373
-0.0045209
-0.0663826
-0.1892
-0.23285
-0.313987
-0.301484
-0.262807
-0.185043
-0.125478
-0.0820495
-0.0301769
0.00243594
0.0127433
-0.0536478
-0.106795
-0.121982
-0.159145
-0.180745
-0.21623
-0.21929
-0.247566
-0.262964
-0.274517
-0.2797
-0.285563
-0.285781
-0.282265
-0.252999
-0.205166
-0.213487
-0.197676
-0.190952
-0.158045
-0.167777
-0.162977
-0.121263
-0.120419
-0.0876304
-0.095715
-0.0657185
-0.0566802
-0.0142046
0.0322381
0.0173182
0.0404179
0.0314519
0.0441968
0.0239341
0.0422496
0.0824385
0.0758028
0.0932973
0.0970085
0.129872
0.1222
0.123859
0.14005
0.147554
0.161821
0.16187
0.198067
0.254485
0.309965
0.334734
