-4.2089
1.46927
-0.59964
-4.40769
2.3548
5.56026
7.2277
4.7178
-1.73869
-2.45689
0.642457
1.03416
-4.44897
-1.10166
-6.96245
3.01452
-0.714941
0.326457
-2.77217
-0.297198
-4.27188
-0.850506
-0.69159
2.99108
-4.55445
-1.82531
-4.22304
3.47223
6.5167
-0.0660366
0.0905333
-1.4864
-5.37227
-1.87572
0.376732
-0.128088
6.18046
4.12577
-3.29046
-2.09898
-4.0777
2.95603
-0.342781
-0.658694
-4.22056
-0.0293053
-2.7174
0.562117
-0.780643
2.56344
-6.67839
-1.16104
-3.9619
0.842556
0.794059
-2.63209
-1.67062
3.52962
7.10156
5.46536
3.26136
-3.81134
-0.581527
1.14637
