0.169218
0.00583428
0.014529
0.0241577
0.0305668
0.0379441
0.0411505
0.0447624
0.0464601
0.0475782
0.0453481
0.0432631
0.0388856
0.0373749
0.0334036
0.0315764
0.0324717
0.0328269
0.0351309
0.0401024
0.0449635
0.0551361
0.0642557
0.0754638
0.0870124
0.100938
0.111931
0.119194
0.118483
0.117215
0.111109
0.102014
0.0927162
0.0671622
0.0458367
0.0255201
0.00247798
-0.0174656
-0.0379855
-0.0548632
-0.0709632
-0.0835323
-0.0939442
-0.100223
-0.107156
-0.109004
-0.109469
-0.105224
-0.0991947
-0.0959895
-0.0913908
-0.0838335
-0.0780893
-0.0701566
-0.0646989
-0.0573442
-0.051077
-0.0441872
-0.0379649
-0.0289114
-0.0214241
-0.0117016
-0.00516773
0.00217385
0.0222807
0.0115289
0.0128399
0.0141787
0.0105855
0.00604665
-0.00374274
-0.0131642
-0.0241903
-0.0350275
-0.0471679
-0.0557405
-0.063397
-0.0657528
-0.0680776
-0.0653733
-0.0580986
-0.0507699
-0.0406742
-0.0262341
-0.0113298
0.00677979
0.02125
0.0370467
0.0524914
0.0675916
0.0778736
0.0876701
0.0965356
0.109011
0.116969
0.125105
0.14226
0.151051
0.162495
0.166907
0.163091
0.161475
0.156141
0.145392
0.125689
0.103969
0.0811497
0.0584075
0.0313326
0.0082085
-0.0140661
-0.034009
-0.0539745
-0.0742596
-0.0884501
-0.0978526
-0.110024
-0.118612
-0.124472
-0.123727
-0.123248
-0.122567
-0.121402
-0.116028
-0.112503
-0.106919
-0.102061
-0.0928461
-0.0462718
-0.0771625
-0.070018
-0.057373
-0.044707
-0.0309349
-0.0212013
-0.00877298
0.00404787
0.0163262
0.0240885
0.0313626
0.0353205
0.0395087
0.0377193
0.035054
0.0316453
0.0233587
0.013164
0.00384192
-0.00674397
-0.0142941
-0.0250546
-0.0339116
-0.04133
-0.0452625
-0.0492653
-0.0505936
-0.0515033
-0.0468111
-0.0430505
-0.0370493
-0.0239002
-0.0214651
-0.0133439
-0.00435858
0.0023933
0.0121615
0.0187416
0.0248844
0.0282838
0.0319898
0.0342539
0.0377655
0.0390354
0.0430973
0.0447027
0.048391
0.0541955
0.0578683
0.0612156
0.0656703
0.0697436
0.0787386
0.0851113
0.0922514
0.101427
0.116868
0.131194
0.139954
0.139136
0.138999
0.135765
0.127899
0.124463
0.0866428
0.0624518
0.039048
0.0103798
-0.0162662
-0.0420257
-0.0632372
-0.0851436
-0.104609
-0.119834
-0.128122
-0.137279
-0.143187
-0.146988
-0.143148
-0.13635
-0.133579
-0.129938
-0.12186
-0.114481
-0.105281
-0.0981338
-0.0866803
-0.0749374
-0.0635781
-0.0534729
-0.0380394
-0.0213171
-0.00282448
0.0105801
0.0255351
0.0473608
0.0547305
0.06245
0.0681006
0.0702712
0.0722999
0.0664617
0.0577007
0.0460402
0.0333346
0.0159751
-0.00180362
-0.0202254
-0.0336624
-0.0492323
-0.062575
-0.0709298
-0.0765885
-0.0786698
-0.0774553
-0.0744969
-0.0636275
-0.0524141
-0.0392327
-0.025285
-0.00751959
0.00859317
0.0224939
0.0320568
0.0450976
0.0546328
0.0608013
0.145557
0.0654047
0.069519
0.073601
0.0740666
0.080901
0.0902639
0.100885
0.107868
0.119167
0.137447
0.159309
0.170267
0.173916
0.172142
0.170874
0.163016
0.140888
0.11202
0.0830923
0.0505234
0.0172517
-0.0194284
-0.0515381
-0.0816076
-0.109079
-0.133802
-0.149367
-0.160863
-0.167508
-0.174709
-0.174424
-0.161301
-0.1578
-0.150113
-0.141021
-0.13202
-0.119147
-0.10935
-0.0980038
-0.0865405
-0.0742673
-0.0646205
-0.0527927
-0.0395586
-0.0210777
-0.00626352
0.0082966
0.0245701
0.0391614
0.0517552
0.0610694
0.0651013
0.0701742
0.0691923
0.0640315
0.0534643
0.0414302
0.0248889
0.00590853
-0.0163188
-0.0334063
-0.050933
-0.0671175
-0.068164
-0.0932171
-0.098892
-0.099978
-0.100543
-0.0931304
-0.0824559
-0.0676491
-0.0527528
-0.0338341
-0.013122
0.00795501
0.0230959
0.0401743
0.0566008
0.0729675
0.084241
0.0890826
0.0961921
0.106697
0.112795
0.119134
0.124832
0.134781
0.142555
0.14956
0.158852
0.17547
0.188983
0.196777
0.194416
0.190747
0.188977
0.165177
0.135584
0.101407
0.0629379
0.024525
-0.0187332
-0.0589112
-0.0955597
-0.127492
-0.156953
-0.177513
-0.190564
-0.194894
-0.20013
-0.20047
-0.191861
-0.178928
-0.164752
-0.151407
-0.139435
-0.121302
-0.104376
-0.0877221
-0.073356
-0.0579527
-0.0448187
-0.0319324
-0.0208183
-0.00466179
0.00944354
0.0225583
0.071038
0.0441613
0.0538488
0.0615633
0.0630019
0.0645582
0.0608025
0.0537676
0.0411355
0.0268354
0.00863793
-0.0119436
-0.0366189
-0.055842
-0.0737776
-0.0898824
-0.105646
-0.119622
-0.124556
-0.121584
-0.11795
-0.10806
-0.0946411
-0.0750838
-0.0547092
-0.0312598
-0.00615927
0.0202124
0.0405043
0.0612841
0.0812322
0.102485
0.123628
0.126842
0.136214
0.149729
0.15777
0.162188
0.16323
0.169619
0.175504
0.178678
0.181301
0.192838
0.206033
0.214733
0.210214
0.202499
0.193351
0.172971
0.139807
0.0994451
0.0552394
0.0124998
-0.035777
-0.0817508
-0.122037
-0.154814
-0.185179
-0.208033
-0.222023
-0.223707
-0.225054
-0.223362
-0.20018
-0.196566
-0.176715
-0.15894
-0.144305
-0.1232
-0.10267
-0.0833856
-0.0674117
-0.0497713
-0.0340512
-0.0205172
-0.0106306
0.00531416
0.0207241
0.0328412
0.0392627
0.0421741
0.0478705
0.0528752
0.0489881
0.0427881
0.0326592
0.0222966
0.00735681
-0.00919856
-0.0279647
-0.0469785
-0.0696523
-0.0866834
-0.10027
-0.109492
-0.11384
-0.128196
-0.128517
-0.118443
-0.107155
-0.0918612
-0.0743376
-0.049394
-0.0233523
0.00270226
0.0272775
0.0534153
0.0748421
0.0954111
0.112616
0.131464
0.147759
0.156336
0.16454
0.176774
0.185918
0.191931
0.191174
0.192898
0.194898
0.195744
0.19459
0.199481
0.205609
0.209734
0.202194
0.190522
0.169218
0.151753
0.113923
0.068381
0.0198313
-0.0253449
-0.0756167
-0.124837
-0.168228
-0.200571
-0.227046
-0.246017
-0.257523
-0.255372
-0.249368
-0.238582
-0.22055
-0.196816
-0.169745
-0.144719
-0.124059
-0.0979053
-0.0726959
-0.0506826
-0.0359196
-0.0219321
-0.00867426
0.0038088
0.010473
0.0193742
0.0272325
0.035095
0.0445572
0.0393892
0.0389378
0.0366624
0.0260664
0.0144684
0.000706433
-0.0121414
-0.0304765
-0.0521675
-0.0748897
-0.0926563
-0.109801
-0.122318
-0.134053
-0.139231
-0.137924
-0.133032
-0.120903
-0.101996
-0.0823845
-0.0573956
-0.0307323
0.000873191
0.0309377
0.0579856
0.0802244
0.102638
0.121551
0.139894
0.15152
0.161881
0.186224
0.183035
0.193513
0.202146
0.204227
0.207455
0.209311
0.211797
0.208722
0.203876
0.202222
0.208947
0.212789
0.209344
0.192841
0.172824
0.149838
0.114858
0.0677757
0.0143439
-0.0419626
-0.0932322
-0.144397
-0.189837
-0.228956
-0.257819
-0.277231
-0.282554
-0.277709
-0.262141
-0.245097
-0.22147
-0.184533
-0.155393
-0.123578
-0.0958667
-0.0724148
-0.0458456
-0.0245093
-0.00817009
0.00215136
0.012051
0.019332
0.0249553
0.0262188
0.0298209
0.0293765
0.026415
0.0213475
0.0135315
0.00488507
-0.00823949
-0.0297507
-0.0488898
-0.0668388
-0.0821274
-0.100774
-0.119082
-0.134422
-0.141641
-0.145108
-0.140589
-0.133634
-0.121673
-0.0691318
-0.0867614
-0.0608162
-0.0303528
-0.00368835
0.0240733
0.0510701
0.0809287
0.105813
0.12431
0.136576
0.149097
0.158243
0.16686
0.17004
0.174536
0.181315
0.185512
0.188549
0.190966
0.189857
0.191017
0.189489
0.189389
0.190075
0.196287
0.205711
0.215819
0.21534
0.205762
0.1844
0.157538
0.126623
0.0701944
0.00829645
-0.0551879
-0.117216
-0.17076
-0.220364
-0.259041
-0.285435
-0.295795
-0.293176
-0.277119
-0.254866
-0.225258
-0.194787
-0.158742
-0.119434
-0.0865506
-0.062131
-0.0437385
-0.029588
-0.0131699
-0.00375824
0.00011342
-0.000397201
0.00150006
0.00363821
0.0063284
0.00535439
0.0065936
0.00415073
-0.000300384
0.00532553
-0.0210571
-0.038144
-0.0599729
-0.0873375
-0.10925
-0.128721
-0.14505
-0.162247
-0.173014
-0.173314
-0.160979
-0.144924
-0.122484
-0.096818
-0.0630252
-0.0246427
0.0107694
0.0441167
0.0750017
0.0988408
0.121137
0.137321
0.149579
0.153159
0.151633
0.148007
0.148156
0.146635
0.146795
0.146456
0.152619
0.166629
0.16535
0.166655
0.171055
0.175543
0.180347
0.178751
0.181895
0.193878
0.211988
0.221622
0.21909
0.204469
0.187391
0.159743
0.118664
0.062855
-0.00389775
-0.0698001
-0.129133
-0.184195
-0.229738
-0.268886
-0.292583
-0.29816
-0.284222
-0.261182
-0.234563
-0.207962
-0.171024
-0.1296
-0.0897555
0.0205475
-0.045895
-0.0336307
-0.0205259
-0.0141668
-0.0128776
-0.0192376
-0.0235466
-0.0248261
-0.0218369
-0.020519
-0.0215644
-0.0285039
-0.0329212
-0.03822
-0.0443162
-0.0576186
-0.0815954
-0.105736
-0.122403
-0.135978
-0.146328
-0.159433
-0.165893
-0.161942
-0.144883
-0.122061
-0.0961083
-0.0714093
-0.0398542
-0.00508615
0.0325277
0.0699949
0.0866512
0.10416
0.12279
0.137131
0.146678
0.1445
0.139049
0.133407
0.130779
0.127008
0.12507
0.12409
0.130977
0.138906
0.148352
0.157408
0.164397
0.17356
0.183319
0.186903
0.191468
0.199875
0.22065
0.243538
0.255069
0.245356
0.224014
0.196555
0.164317
0.109527
0.0339626
-0.0340955
-0.119792
-0.178368
-0.231752
-0.285648
-0.322485
-0.333599
-0.31556
-0.284284
-0.249544
-0.214544
-0.170713
-0.120156
-0.0666241
-0.0288904
-0.00906556
-0.000585891
0.00431254
0.00985282
0.00731748
-0.0120817
-0.0337305
-0.0479673
-0.0481614
-0.0476986
-0.054035
-0.0666112
-0.0734222
-0.0752709
-0.0744124
-0.0849559
-0.10438
-0.121036
-0.143423
-0.15093
-0.153212
-0.15987
-0.162899
-0.157174
-0.13292
-0.0987919
-0.0647738
-0.0378805
-0.00986645
0.0214914
0.0584039
0.0863015
0.103065
0.11137
0.116203
0.124345
0.131846
0.1278
0.117525
0.105178
0.103242
0.107509
0.111854
0.111391
0.115709
0.127378
0.146708
0.157897
0.162007
0.202718
0.173645
0.184279
0.193424
0.200579
0.220264
0.248532
0.276116
0.285129
0.273792
0.245993
0.20822
0.152152
0.0777817
-0.0150206
-0.10797
-0.188702
-0.256381
-0.30937
-0.345401
-0.360533
-0.343205
-0.302197
-0.246747
-0.191552
-0.13741
-0.0843279
-0.0323412
0.0052938
0.025463
0.0248329
0.0165242
0.0112614
-0.00962533
-0.0310587
-0.054482
-0.0758547
-0.0843355
-0.0871751
-0.0877605
-0.092933
-0.0987926
-0.104044
-0.106752
-0.116242
-0.131149
-0.153032
-0.169686
-0.175726
-0.174815
-0.16763
-0.154558
-0.135863
-0.103089
-0.0636619
-0.0217807
0.01245
0.0400995
0.0622481
0.0827866
0.0944575
0.098729
0.0924644
0.0863436
0.097117
0.0803287
0.0755539
0.0713967
0.0688485
0.0757741
0.0852913
0.0987194
0.114308
0.13556
0.157135
0.174858
0.181372
0.184771
0.185788
0.190439
0.19561
0.196401
0.199988
0.214837
0.242084
0.280919
0.309081
0.313246
0.286987
0.241354
0.180778
0.102373
-0.00395471
-0.12157
-0.228794
-0.304577
-0.349788
-0.39278
-0.409301
-0.38524
-0.320954
-0.232809
-0.151862
-0.081873
-0.0186955
0.0408993
0.0822416
0.0948009
0.0751737
0.0415684
0.00255728
-0.0330106
-0.0682737
-0.107308
-0.138925
-0.150316
-0.14232
-0.122619
-0.112921
-0.112863
-0.115082
-0.111328
-0.112291
-0.127556
-0.158857
-0.184871
-0.197
-0.191147
