0
0.10947
0.218
0.286806
0.555273
0.400136
0.330828
0.636757
1.00724
1.40716
2.37087
4.10908
9.08792
-51.2892
-10.4502
-5.81051
-3.53705
-2.48501
-0.982664
0.0820545
0.701099
1.32261
-0.108188
-2.39806
-6.96322
-12.817
50.7717
-13.109
3.42768
3.35735
1.53865
0.794732
-1.3183
-2.72448
-2.68945
-0.223161
0.787296
-0.0310032
0.251498
-9.03035
-20.5588
-7.85744
-3.4782
-2.4264
-2.45094
-2.78104
-2.17758
-1.40575
-0.266305
-0.462737
-6.05289
-4.51594
4.77105
7.21629
1.88268
2.47473
2.56157
1.83363
1.79409
2.15958
1.21485
1.71553
1.53919
2.53006
3.36985
4.47997
-1.28355
-3.81778
-2.66593
-2.53397
-1.9562
-1.76698
-1.42149
-1.40656
-1.71519
-1.19301
-1.63252
-1.88463
-2.13459
-0.528539
-0.485062
-0.533769
-0.524983
-0.480948
-0.535542
-0.339743
-0.337066
-0.245323
-0.372808
-0.227967
0.238214
-0.117262
-1.10145
-0.866292
-0.665193
-0.605109
-0.577771
-0.428084
-0.473346
-0.393226
-0.448989
-0.290777
-0.250025
-0.477552
-0.138174
-0.0579357
-0.236514
-0.297921
-0.329333
-0.265888
-0.227007
-0.295279
-0.294477
-0.229403
-0.24087
-0.375265
-0.24573
-0.472861
-0.34681
-0.21121
-0.236622
-0.279597
-0.266944
-0.257967
-0.200464
-0.245556
-0.194493
-0.272092
-0.265288
-0.227598
-0.0768263
-0.143622
-0.217962
-0.182154
-0.196731
-0.125416
-0.170441
-0.191298
-0.201941
-0.293604
-0.201519
-0.157886
-0.249351
-0.345387
-0.240181
-0.157039
-0.222998
-0.178623
-0.200837
-0.153796
-0.220314
-0.165774
-0.0918396
-0.224339
-0.153002
-0.114065
-0.0890021
-0.183494
-0.174997
-0.138229
-0.203367
-0.206896
-0.207309
-0.15567
-0.191779
-0.145651
-0.21749
-0.12421
-0.281115
-0.171131
0.0161676
-0.165337
-0.164784
-0.149645
-0.0714314
-0.0949333
-0.0487652
-0.124329
-0.266172
-0.00993395
-0.238123
-0.184869
-0.569981
-0.305357
0.136388
-0.036664
-0.182157
-0.271605
-0.197481
-0.22117
3.00407e-05
0.139365
-0.205787
-0.251973
-0.428874
-0.06425
0.382056
0.525024
0.253802
0.0406306
0.00746179
0.0307405
0.109417
0.00933695
-0.0484505
0.131002
0.0517163
0.23163
-0.00757742
-0.194482
-0.156362
-0.106689
-0.0155504
0.0403178
-0.0243795
-0.0972226
-0.102054
-0.0463538
-0.072345
-0.0365222
-0.0339651
-0.0583088
-0.0654836
-0.0795283
-0.0647748
-0.012845
0.0146883
0.0438156
-0.0421867
0.126272
-0.0255892
0.0449057
-0.0390487
0.0576828
-0.0970614
-0.0743721
0.0242622
0.0532331
-0.0393982
-0.0159576
0.0509923
0.0692792
-0.48785
0.0783472
-0.150933
0.0745153
-0.065511
-0.00932527
0.0124066
-0.0903499
-0.0660393
-0.0465457
-0.0157886
-0.0356081
-0.00379419
0.0183067
-0.0885348
-0.0628176
-0.0434296
-0.0125263
-0.0315769
-7.51019e-05
0.0212426
0.0516673
-0.061451
-0.0420775
-0.0118895
-0.0286157
0.00148416
0.0231049
0.0524787
-0.0582578
-0.0414562
-0.0115681
-0.027077
0.00340796
0.0240936
0.0532129
-0.0579674
-0.0299273
-0.012008
-0.0257499
0.00403309
0.0253402
0.0532948
-0.0577798
-0.0303211
-0.00957417
-0.0249338
0.00487733
0.0257962
0.0536622
-0.0579455
-0.0308681
-0.0102274
0.0189432
0.00511348
0.0262005
0.0536741
-0.0575392
-0.0313427
-0.0108733
0.0178415
0.00801909
0.026539
0.0536551
-0.0577371
-0.0315187
-0.011466
0.0169672
0.00822842
0.0362912
0.0532919
-0.0577638
-0.0320523
-0.0114446
0.01595
0.00844479
0.0358822
0.0552548
-0.0578253
-0.0323713
-0.012316
0.0154738
0.00763893
0.03553
0.0544628
0.076912
-0.034111
-0.0107337
0.0144881
0.0118718
0.0355145
0.056469
0.0761254
-0.0317221
-0.00746715
0.0139098
0.0159911
0.035035
0.0606768
0.0754043
-0.0322866
0.00436485
0.0127209
0.0198532
0.0333279
0.0639912
0.0745883
-0.032553
0.00518739
0.0136399
0.0233843
0.0347115
0.0667971
0.0732998
-0.0333812
0.00989723
0.012759
0.0553243
0.0337461
0.0686709
0.0733957
-0.0339923
0.0125011
0.0117291
0.0569214
0.0349798
0.0705669
0.072661
-0.0345418
0.0151632
0.0110519
0.0585608
0.0348058
0.0772263
0.0717844
-0.0352132
0.017271
0.010208
0.0600752
0.0339682
0.078173
0.0725847
-0.0359204
0.0195726
0.00954342
0.0616967
0.0332975
0.079469
0.0717455
0.0981565
0.0212571
0.00856733
0.0627689
0.0331395
0.0805123
0.071095
0.0979974
0.0244791
0.00741935
0.0637873
0.0325881
0.081296
0.0703245
0.097482
0.0257709
0.0130354
0.0647998
0.0321019
0.0820519
0.0702187
0.0969279
0.0271837
0.0120206
0.0668508
0.0315443
0.0826412
0.0693731
0.0965304
0.0285999
0.0113068
0.067668
0.0532832
0.083364
0.0690137
0.0960515
0.0302198
0.0100583
0.068252
0.0519424
0.0845423
0.0681852
0.0955734
0.0310996
0.00932938
0.0689026
0.0513108
0.0850241
0.0716534
0.0951955
0.0319452
0.00822628
0.0696654
0.0503204
0.0852323
0.0711377
0.0944378
0.0330229
0.00744647
0.0702124
0.0494291
0.085578
0.0704347
0.0939455
0.0911944
0.00640923
0.0708231
0.0485995
0.0860255
0.069898
0.0934596
0.0908217
0.00682744
0.071332
0.0477147
0.0863302
0.0697714
0.0930395
0.0905678
0.00583103
0.0751917
0.0469965
0.0866897
0.0690314
0.092545
0.0900764
0.00483483
0.0754707
0.0472099
0.0868094
0.0686495
0.0921104
0.0899115
0.00378592
0.0756812
0.0461963
0.0919518
0.068074
0.0918529
0.0895231
0.00306183
0.0760851
0.045722
0.0919614
0.0684438
0.0914156
0.0892918
0.00200633
0.0765054
0.0446292
0.0918472
0.0679977
0.0901146
0.0891297
0.00100447
0.0770278
0.0440298
0.0919504
0.0676603
0.0897076
0.089226
0
0.0774198
0.0434409
0.0920069
0.067205
0.0894468
0.0890787
0.0680103
0.077625
0.0425248
0.0919628
0.0670731
0.089196
0.0891447
0.0672979
0.0786059
0.0420177
0.0921137
0.0665896
0.0888996
0.0889142
0.0664554
0.0788729
0.0452418
0.0922303
0.0665822
0.0887601
0.0889633
0.0659139
0.0792637
0.044408
0.0924339
0.0661433
0.0887206
0.0889933
0.065187
0.0795844
0.0436445
0.0925596
0.0772374
0.0887332
0.0889769
0.0643827
0.0801439
0.0431682
0.0928459
0.0771916
0.0882032
0.0890009
0.0640355
0.0806522
0.0423576
0.0931964
0.076776
0.0882056
0.0906835
0.0637287
0.0812261
0.0420417
0.0934525
0.0768201
0.088315
0.0907178
0.0625969
0.081506
0.041222
0.0937989
0.0763421
0.0885284
0.0908377
0.062346
0.0916314
0.0404363
0.0942404
0.0763826
0.0884874
0.0910857
0.0619826
0.0920806
0.0406884
0.0946991
0.0760796
0.0887647
0.0912962
0.0619453
0.0927169
0.0399508
0.0951266
0.0761206
0.0889819
0.0916038
0.0612843
0.0933731
0.0392382
0.0956624
0.0765693
0.0893652
0.0919919
0.0612761
0.0940032
0.0383766
0.0961328
0.0765367
0.0821207
0.0923326
0.061291
0.0947835
0.0381455
0.0969577
0.0762846
0.0823741
0.0931964
0.0614451
0.0956519
0.0374205
0.0975723
0.0764341
0.0830834
0.0937753
0.0582083
0.0965402
0.036612
0.0982273
0.076436
0.0837728
0.0944417
0.0582175
0.0972018
0.0359204
0.099072
0.0767357
0.0841329
0.0947235
0.0582729
0.0981805
0.0114684
0.100067
0.0765512
0.0848272
0.0956771
0.0586023
0.0991652
0.0111686
0.100947
0.0765498
0.0836906
0.0972569
0.0583679
0.100359
0.00645304
0.101179
0.0834856
0.086211
0.0966878
0.0514623
0.0997744
0.00993085
0.103547
0.0799148
0.0795287
0.101131
0.059715
0.102483
-0.00451458
0.102122
0.0885
0.0872613
0.103184
0.046386
0.0996922
0.00959504
0.10537
0.0803077
0.0764221
0.106389
0.0598227
0.105536
-0.0127078
0.102436
0.0945234
0.0880663
0.10516
0.0375038
0.098048
0.00959384
0.107984
0.0814614
0.0722344
0.108321
0.060727
0.10782
-0.0224595
0.102775
0.0999732
0.0922399
0.1076
0.0300311
0.0982045
0.00874841
0.0867931
0.0816088
0.0680047
0.111257
0.0625982
0.111017
-0.0319703
0.0575571
0.104938
0.0951502
0.110317
0.0228814
0.0975814
0.00875771
0.0904791
0.0829785
0.058943
0.113718
0.064396
0.114148
-0.0408659
0.0536081
0.110509
0.0960659
0.113576
0.0152605
0.0973104
0.00711191
0.094521
0.0845504
0.0558367
0.116796
0.0504924
0.119091
-0.050463
0.0489892
0.115852
0.0995312
0.116872
-0.00951266
0.096992
0.0086484
0.098878
0.0857005
0.0498443
0.119739
0.0524467
0.123766
-0.0639353
0.0450423
0.122196
0.102678
0.121079
-0.0185554
0.0958953
0.0022068
0.101499
0.0885348
0.041646
0.121774
0.0520636
0.12797
-0.0776098
0.0334065
-0.0673323
0.0989375
0.128059
-0.0497699
-0.00976776
0.0790071
-0.0159297
0.225197
-0.12714
-0.0312591
0.107521
0.127983
-0.0994587
-0.012447
-0.00251698
0.153802
0.0170157
0.150414
0.063704
0.104909
-0.00125217
-0.104228
0.141737
0.169299
0.049948
0.1487
-0.070935
0.0459201
-0.0278246
0.204833
0.142222
-0.0842714
0.000347257
-0.00367284
0.100246
-0.141727
-0.00439048
0.112665
0.126099
0.18818
-0.159835
-0.182227
0.0450377
0.176761
-0.00105047
0.122273
0.116398
0.0664845
0.137702
0.0253131
0.194547
0.0387988
0.212511
0.309855
0.380485
0.237776
-0.31377
0.169795
0.0981812
0.013979
0.282264
0.14655
0.21494
-0.392783
-0.281666
0.138289
0.38488
0.464975
-0.602135
-0.0392218
-0.291677
0.135277
0.227593
-0.208314
0.0404894
-0.00327921
0.212697
-0.181299
-0.0839682
0.144366
0.267707
0.356179
-0.310021
-0.0161273
-0.183174
0.0542803
0.235697
-0.130514
0.0724359
-0.0186801
0.171556
-0.230364
-0.138985
0.140529
0.102976
0.2238
-0.175981
-0.0287399
-0.112571
0.154653
0.27664
-0.174699
0.0722928
-0.0443568
0.227061
-0.28912
-0.192899
0.180185
0.00280499
0.197298
-0.177188
-0.042552
-0.149189
0.0566137
0.216188
-0.126041
0.0630786
-0.0352786
0.170823
-0.230684
0.00550461
0.265116
0.206392
0.291589
-0.261836
0.0165172
-0.140491
0.186608
-0.285727
-0.168183
0.133036
0.0823803
0.435201
-0.528313
-0.171728
-0.344677
0.0721684
0.316552
-0.297647
-0.0581748
-0.173496
0.146266
-0.277179
-0.214556
0.00515342
0.327359
0.65997
-0.60341
-0.37325
-0.380378
0.24701
0.539315
-0.629066
-0.0876124
-0.344258
0.289695
-0.380682
-0.621309
-0.886664
-0.156887
0.101134
-0.0235294
-0.242465
-0.340584
0.264947
0.617223
-0.322334
0.146562
0.0952296
0.630437
-0.917231
-0.0669057
0.0612631
-0.357942
0.407825
-0.906301
-1.359
-1.36238
-0.0229287
1.57431
-2.05836
-2.77588
-4.1452
-5.62012
4.16834
2.65591
-1.07289
0.5141
-1.09553
1.83898
0.579544
1.18129
-0.392095
-2.55218
1.27703
1.79661
2.21648
7.40456
-8.57628
1.62401
0.821873
0.469387
2.58183
-0.791716
1.87278
0.419367
3.66631
4.55492
-3.32147
3.98183
-21.4272
-5.58601
8.12807
-0.775896
-2.52965
0.234592
1.21766
1.33511
-2.67753
-3.82927
-7.25785
-3.8516
2.67622
-38.6989
23.8473
10.6201
-1.54909
0.359067
0.65101
0.503051
1.15433
-2.12387
1.19101
1.64662
7.72703
11.1581
2.7499
-31.2355
-5.44783
-5.32445
3.53726
0.712507
-2.23241
-1.85375
-1.3024
0.943552
-1.04384
-0.687094
-1.64157
