-0.00193946
0.0960924
0.193186
0.288416
0.380816
0.46946
0.553381
0.631653
0.703311
0.767426
0.823036
0.869209
0.904986
0.929431
0.941592
0.940524
0.925282
0.940282
0.941754
0.92997
0.905877
0.87042
0.824542
0.769197
0.70532
0.633872
0.555781
0.472014
0.383496
0.291194
0.196033
0.0989816
0.000962906
-0.0970521
-0.194143
-0.289339
-0.381716
-0.470309
-0.554188
-0.632391
-0.703986
-0.768015
-0.823543
-0.869612
-0.905283
-0.929612
-0.941647
-0.940444
-0.925059
-0.940364
-0.941702
-0.929791
-0.905582
-0.870015
-0.824043
-0.768603
-0.704654
-0.633127
-0.554985
-0.471157
-0.382607
-0.290262
-0.195088
-0.0980121
0
0.0980121
0.195088
0.290262
0.382607
0.471157
0.554985
0.633127
0.704654
0.768603
0.824043
0.870015
0.905582
0.929791
0.941702
0.940364
0.925059
0.940444
0.941647
0.929612
0.905283
0.869612
0.823543
0.768015
0.703986
0.632391
0.554188
0.470309
0.381716
0.289339
0.194143
0.0970521
-0.000962906
-0.0989816
-0.196033
-0.291194
-0.383496
-0.472014
-0.555781
-0.633872
-0.70532
-0.769197
-0.824542
-0.87042
-0.905877
-0.92997
-0.941754
-0.940282
-0.925282
-0.940524
-0.941592
-0.929431
-0.904986
-0.869209
-0.823036
-0.767426
-0.703311
-0.631653
-0.553381
-0.46946
-0.380816
-0.288416
-0.193186
-0.0960924
