0
0.00752805
0.0866621
0.157026
0.388407
-0.0111197
0.248231
0.451639
0.248826
0.391597
0.425216
0.804664
0.554871
0.903486
0.854142
1.07145
1.03931
1.29846
1.13818
1.05889
0.73266
0.881819
0.990332
0.918368
1.46179
0.865851
1.55156
1.42383
1.8169
2.58493
2.80644
2.5197
2.73075
3.58663
4.39237
4.68199
6.46335
8.12693
9.48429
12.2413
16.1518
19.4183
11.2766
-21.7952
-59.1261
-27.2705
54.3992
-19.3249
-29.5129
64.7023
-111.929
-60.3821
38.3047
-2.57062
-6.48688
-10.8504
-8.23694
-9.28458
-6.80593
-7.66086
-6.17902
-4.16834
-4.13515
-2.40117
-3.60235
-2.70181
-2.44701
-3.35315
-1.45075
-2.32543
-0.57146
-1.15567
-0.481801
0.0957325
-0.0362608
0.638049
1.73601
1.63769
2.19169
2.76001
0.647871
-0.395085
-2.55151
-7.35607
-13.1365
-12.9044
-2.90887
11.6267
9.89277
-9.75115
-17.877
-0.649731
1.57765
-17.8881
-7.63316
-3.83395
-21.102
-5.97349
-20.0668
-0.54591
-6.9701
51.5142
54.5816
-3.36608
-23.7541
-16.0841
-3.87962
2.71807
5.73322
4.50575
2.37707
2.05532
2.08629
3.07235
3.8907
4.07257
2.84688
0.827742
0.590518
0.347357
-0.261572
-1.26482
-1.95292
-2.36675
-2.78781
-2.21857
-0.322977
-0.160123
-1.94856
-5.84432
-7.45995
-3.62946
0.304581
-0.823692
-5.05216
-3.87005
3.37719
0.500106
-6.56473
2.00273
3.56842
-6.3719
5.30457
2.68066
-7.83303
7.03593
-9.44663
6.77245
-9.07423
8.03215
-19.9551
16.0582
-38.0203
0.0964692
51.9794
-9.00745
-31.9063
2.00684
15.8099
-2.01818
-7.72771
-0.585935
0.297254
-1.74023
-2.34018
-1.82132
0.335626
0.34135
1.25287
-0.969951
-2.84006
-5.46564
-3.29043
1.7325
2.6625
0.177153
-7.89248
-4.69984
1.6108
0.704651
-3.5051
-4.31623
3.43814
0.915615
-8.73895
5.02881
3.44658
-8.21897
6.18464
5.07755
-6.76393
7.20116
-4.28548
0.528079
3.82322
-15.0962
5.64274
-14.4849
6.76121
-16.0285
15.2533
-10.9915
9.51255
28.4138
-25.4336
-12.5805
8.65861
5.61345
-5.55241
-1.42422
1.15238
-3.92911
-3.03148
1.06485
2.53777
3.42554
3.02291
-2.7298
-3.81827
0.721391
2.71918
3.81506
-3.28427
-2.60314
3.81059
3.40365
-4.72481
-0.326391
5.63175
-2.28311
-5.3551
6.82697
0.480899
-7.90006
7.53927
-2.34085
-6.97264
9.19868
-8.41086
4.01117
1.00571
-9.66596
10.8148
-11.2819
8.24413
-6.62396
4.8408
-4.19214
6.28137
-7.11984
10.1613
-19.4498
23.2338
-23.5637
1.03985
25.5777
-11.6964
-18.6491
8.11681
13.6255
-9.14474
-3.82922
6.09375
0.0678556
-5.26437
0.579001
5.69399
-1.64982
-4.17825
3.09367
0.921756
-1.96158
-2.27187
2.71389
1.56211
-4.08045
1.08198
2.89648
-4.3045
-0.368958
3.41874
-2.98321
-0.283704
2.61232
-4.9574
2.22571
0.570322
-2.84904
2.95894
-4.68009
2.25199
-1.00161
0.149889
0.0814577
-1.32806
3.22945
-4.18256
5.95319
-8.61992
8.33802
-10.1967
8.56042
-3.73629
-9.27554
28.209
-34.5342
16.2784
10.3406
-22.9895
19.559
-10.9125
3.56601
2.08627
-6.12047
6.30055
-5.08303
3.28188
-2.81525
0.639964
-0.118669
-1.28405
1.26064
-2.20681
1.35841
-1.77395
0.68699
-0.365889
-0.7296
0.0215709
-0.385101
-0.779189
1.22897
-1.70186
1.35284
-1.3763
1.1054
-1.67221
1.13421
-1.77377
0.10933
-0.49633
0.136784
0.451845
-0.376679
0.207382
-1.43911
0.244378
-1.53349
1.08808
0.313063
-1.4193
3.09779
-4.14899
3.84729
-1.96567
-2.94187
2.62288
2.27942
-2.86903
-1.21897
2.5704
-2.61576
1.8751
-1.88669
-0.530027
1.80874
-2.81944
1.8296
-1.53722
1.10987
-1.82285
1.31397
-0.945146
-1.02619
1.49444
-1.25309
-0.939035
1.65913
-1.36369
0.829224
0.931759
-2.52468
2.89154
-3.04446
-0.585667
2.27489
-3.42721
2.60849
0.70724
-3.06536
3.485
-4.74076
2.96829
-1.16405
1.1522
-0.772161
-1.54502
1.32655
0.93813
-1.03129
0.71437
-2.5991
2.66242
-1.45692
-1.71109
1.61381
-0.284901
0.544098
-1.54079
-0.342395
1.30903
-0.425905
-1.31398
1.60975
-1.36224
-0.503459
1.73467
-0.526242
-0.961042
-0.0338045
2.33756
-2.59917
-1.62154
3.4159
-3.74668
-0.0663828
4.84327
-5.10136
2.67449
1.6735
-6.27842
2.94951
-0.752201
0.14598
2.19227
-2.37225
-0.147525
-2.5017
2.69442
0.199379
-0.173017
-2.40757
-0.429835
4.17079
-0.935811
-2.565
-0.304424
2.65512
0.978422
-3.69012
-0.485072
2.47776
1.95835
-5.40083
1.08143
5.06561
-1.65331
-4.27744
1.38354
3.49294
-3.34451
-4.03824
4.98114
0.80012
-4.98537
0.316826
2.57718
-2.65201
-0.617543
1.0423
-2.48558
0.522581
0.33895
0.925013
2.49076
-3.81384
-3.09986
-0.207003
0.306709
4.69525
1.2152
-1.4735
-2.4764
-3.01141
4.46299
1.98102
-0.984464
-5.74617
-1.31639
2.58247
0.855388
-2.17267
-0.714519
2.74005
1.27347
-0.241411
-1.54037
1.20734
-0.585825
-1.81192
-0.428087
-0.744574
-0.319809
-1.00914
0.947064
-0.595239
-0.315175
1.16841
0.747084
-0.630722
-0.568011
-0.372766
-0.908798
0.079959
0.693379
-0.581239
-0.0134737
-0.576697
-0.876833
0.0488684
0.323513
0.41831
0.130183
-0.934785
0.147663
0.032244
-0.160177
-0.834988
-1.66796
0.553058
1.85349
0.11023
0.181779
-1.4791
0.420921
-0.716325
0.14656
-0.429429
-0.00997187
-0.135851
-0.658208
-0.0801191
-0.396015
0.641821
-0.434143
0.736336
-0.124794
0.762366
-1.22452
0.111683
-0.263646
-0.78091
0.197935
-0.939192
0.800501
-1.28663
0.958575
0.415096
-1.28536
0.131973
-0.150434
-0.41459
-0.00754999
-0.304429
0.5356
-0.289791
-0.562867
-0.162929
0.08951
-0.107568
0.537095
-0.0649969
-0.389955
0.633981
-0.312627
-0.11512
0.246827
-0.696535
0.0886239
-0.261807
0.00851084
0.103084
-0.0296118
0.22679
-0.0758993
0.0508344
-0.526432
-0.236201
-0.23329
-0.0741657
-0.543314
-0.00959845
0.537571
0.307238
0.276995
0.276834
0.101978
-0.28968
-0.449116
-0.360565
-0.215822
0.412546
0.132206
-0.183689
-0.0723624
-0.452544
-0.228504
0.229919
0.102575
0.252268
-0.319286
-0.599358
0.143075
0.434761
-0.384932
-0.491629
-0.1718
0.108652
0.161188
-0.2922
-0.295197
0.175891
-0.0537105
0.157557
-0.229768
-0.295777
0.173188
-0.348147
-0.0986881
0.140803
-0.0132818
-0.313823
-0.256032
0.155989
-0.300876
-0.646452
-0.00403162
0.263058
-0.518245
-0.0888942
0.216193
0.0660607
-0.134145
0.0331889
-0.031361
-0.607404
-0.109293
0.506269
0.186226
-0.163265
-0.140176
-0.330576
-0.10898
0.114425
0.288171
-0.364586
-0.245288
-0.327104
0.362351
0.321636
-0.565485
-0.0943167
-0.055734
-0.0256096
-0.154169
-0.554262
0.190533
0.277946
-0.195998
-0.317934
-0.0213022
-0.140192
0.208805
-0.583266
0.204237
0.020594
-0.37934
-0.0247235
0.19763
-0.172427
-0.54205
0.121937
0.469684
0.0438665
-0.448909
-0.0889039
-0.136908
0.320402
0.522847
-0.336244
-0.854366
-0.257068
0.215714
-0.193522
-0.0215128
-0.118585
-0.687463
-0.545309
0.738095
0.263981
0.0202999
-0.714106
-0.43754
0.430191
0.252474
-0.892202
-0.0811138
0.679008
-0.498745
0.127853
-0.456533
-0.409838
0.420403
-0.141551
-0.299778
-0.0734087
-0.0996245
0.202974
-0.163233
0.413423
0.257501
-0.736905
-0.404161
-0.139277
0.568716
-0.885637
-0.132369
0.702672
-0.281802
-0.2347
-0.427505
0.020524
-0.582298
0.601377
0.0574935
0.00615171
-0.794075
-0.0166786
-0.27276
-0.421851
0.421093
-0.186239
0.179891
-0.405202
0.727424
0.266542
-0.315316
-0.380294
-0.199421
0.671737
0.225835
-0.910707
0.550376
0.403272
-0.698767
-0.0214973
0.0539744
0.286187
0.40336
-0.100082
0.121661
0.437562
-0.679954
-2.05775
0.0521205
1.72398
0.777273
-1.28757
0.577484
0.60616
-0.346341
-1.91006
0.342805
1.88208
-0.752809
0.943767
0.571178
-0.526706
-1.70317
0.799684
-0.233434
-1.97803
2.38885
-0.682751
0.758212
-0.485688
-0.297023
0.178938
0.0592539
-0.325034
0.350763
0.536903
-0.531755
-0.0267956
-0.119969
-1.13952
1.8242
-2.01717
2.15272
-0.621961
0.126945
-0.274842
0.540508
-1.81329
1.95855
-1.06569
-0.288674
1.58381
-1.19651
1.02733
-0.118378
-1.19454
-0.443679
0.985
-0.834597
1.07319
-0.72953
0.2011
-0.160473
-0.286194
0.341452
-0.584063
0.967602
-0.633694
0.00168828
-0.66089
0.167746
-0.173131
-0.111727
0.828128
-0.579683
0.0992262
-0.509343
0.462418
-0.45008
0.0548467
0.19747
-0.163613
0.29542
0.188004
-0.681888
0.289353
-0.15514
-0.561018
0.220053
0.163363
-0.231041
0.311495
-0.420786
0.306321
0.0277343
-0.130646
0.19685
-0.192611
0.430343
-0.728615
0.349501
0.357139
-0.480109
-0.0579049
0.568723
-0.805397
0.693037
-0.186743
-0.385996
0.0197184
-0.0392276
0.254894
-0.389887
0.0854333
-0.241993
-0.344068
0.231552
-0.289976
0.779355
-0.823087
-0.0059802
0.509156
-0.482709
0.309511
-0.495047
0.383591
-0.229388
0.0373285
-0.214156
0.470751
-0.0337101
0.303417
-0.771696
0.102366
0.296521
-0.22083
-0.177262
0.143288
0.452817
0.0206537
-0.221064
0.288585
-0.170155
0.1762
-0.82849
0.558054
-0.366483
0.318077
-0.257022
0.0485386
0.313247
-0.434604
-0.464906
0.500668
-0.267081
-0.29979
0.756844
-0.30586
-0.511064
-0.0991526
0.579168
-0.958247
0.342546
0.293304
-0.26552
-0.356269
0.440774
0.0530323
-0.12204
0.31488
0.0098537
0.146174
-0.515804
-0.0587219
-0.166647
0.159066
-0.124584
-0.0218313
0.135793
-0.105796
-0.0163423
-0.518837
0.58299
-0.0401957
0.199657
-0.237216
0.628895
-0.139295
0.0187796
-1.14745
0.226413
-0.616742
0.20488
0.0327795
0.237716
0.127621
-0.431857
0.242178
-0.349518
0.0980458
0.0116722
-0.00443783
0.242667
-0.149328
-0.0729903
0.112414
-0.0293067
-0.0581706
0.0316839
0.0185468
-0.102877
-0.0267491
0.0235567
-0.0310415
0.0173238
-0.0420433
-0.0248423
-0.0287755
-0.00828819
0.0245908
-0.0359671
-0.0142404
-0.017085
0.00513575
-0.0518657
-0.0325707
-0.00180843
-0.00716164
0.0157952
-0.0435882
-0.0210625
-0.0254047
-0.00325849
0.0278154
-0.03271
-0.0106137
-0.0155244
0.00913159
-0.0493582
-0.0293225
0.0016811
-0.00306123
0.0198215
-0.040401
-0.0175251
-0.0218714
0.000867017
-0.0559311
-0.0294123
-0.00708453
-0.0113483
0.0132349
-0.0462754
-0.0258224
-0.0296402
0.000909649
0.0231849
-0.0372376
-0.0160711
-0.0177602
0.00500488
-0.0529568
-0.0259901
-0.00403997
-0.00726126
0.0150723
-0.0431486
-0.0227266
-0.0256077
0.00493499
0.0270314
-0.0338662
-0.0124463
-0.0139052
0.00856619
-0.0500413
-0.0306772
-0.000478558
-0.00329503
0.0191194
-0.0399071
-0.0192403
-0.0217215
0.000471473
0.0305817
-0.0309857
-0.00890741
-0.00983943
0.0125793
-0.0469433
-0.027118
0.00286476
0.000207648
0.0227919
-0.0384978
-0.015658
-0.0177478
0.00452334
0.034068
-0.0277193
-0.00564381
-0.00783577
0.0163433
-0.0443319
-0.0238221
0.00634887
0.00397515
0.0263221
-0.0354011
-0.0124618
-0.014202
0.00832226
-0.0506259
-0.0244723
-0.00222109
-0.00399838
0.0201916
-0.0414557
-0.0204442
-0.0218797
0.00776654
0.0297171
-0.0322619
-0.00919341
-0.010384
0.0120854
-0.0479292
-0.0214059
0.000628553
-0.0001617
0.0218706
-0.038234
-0.0171342
-0.0182089
0.0114741
0.033002
-0.0289288
-0.00749831
-0.00676535
0.0153776
-0.0449058
-0.0179562
0.00394827
0.0034105
0.0254172
-0.0351642
-0.0140998
-0.0145998
0.00760867
0.0360385
-0.0261525
-0.00415556
-0.00304169
0.0189948
-0.0420544
-0.0220554
0.00714207
0.00666381
0.0288648
-0.0338001
-0.0109693
-0.0108668
0.0111682
0.0391592
-0.0231021
-0.000823483
-0.00114238
0.0224657
-0.0395177
-0.0188257
0.0103224
0.0103467
0.0317867
-0.0306091
-0.00762166
-0.00751803
0.0148149
-0.0460086
-0.0199087
0.00220713
0.00207393
0.0259316
-0.0365276
-0.0156191
-0.0152564
0.0137008
0.0347406
-0.027535
-0.00451095
-0.00393312
0.0182602
-0.043204
-0.0167419
0.00463813
0.00601069
0.0276683
-0.0336493
-0.0124106
-0.0116879
0.0171926
0.0378293
-0.0246784
-0.0029981
-0.000574946
0.0212158
-0.0404708
-0.0137042
0.008078
0.00958735
0.0305773
-0.0306769
-0.00960931
-0.00832241
0.01359
0.0405274
-0.0216815
9.49353e-05
0.00317513
0.0240478
-0.0378438
-0.0173313
0.0112627
0.0126018
0.0340484
-0.0276661
-0.00675418
-0.00493141
0.0169762
0.0432819
-0.0188676
0.00257987
0.00475783
0.027865
-0.0351066
-0.0147376
0.0141057
0.0157421
0.0368304
-0.0262302
-0.00360888
-0.00183221
0.0202473
-0.0416244
-0.0157455
0.00637348
0.00811143
0.0306033
-0.032563
-0.0108903
-0.00891165
0.01903
0.0387142
-0.0233651
-0.000603735
0.00154585
0.0237305
-0.0390017
-0.013009
0.00879831
0.0112019
0.031741
-0.0292295
-0.00813632
-0.00578711
0.0219553
0.0418624
-0.0204331
0.00115549
0.00506385
0.0263762
-0.0363672
-0.009946
0.012195
0.014195
0.0336125
-0.0261245
-0.00320175
-0.00142977
0.0179541
0.0446152
-0.0177021
0.00377779
0.00859717
0.0297346
-0.0329957
-0.0127991
0.0147109
0.0175457
0.0375549
-0.0235409
-0.00158559
0.00192603
0.021028
0.0435139
-0.0145261
0.00778931
0.010379
0.0307993
-0.0312589
-0.00963821
0.0182476
0.0211611
0.0408069
-0.022491
0.000372157
0.0040337
0.0249084
0.0488107
-0.0124867
0.00898985
0.0145651
0.0332341
-0.027597
-0.00770885
-0.00439026
0.0232603
0.0426601
-0.0199195
0.00292316
0.00738928
0.0276223
-0.0348778
-0.00923152
0.0124105
0.0155978
0.0365843
-0.0203568
-0.00277017
-0.00125658
0.0268681
0.0445244
-0.0167015
0.004643
0.0099822
0.0305912
-0.0321398
-0.00659881
0.015403
0.0195455
0.0393367
-0.022381
-0.00113407
0.00234449
0.0235101
0.0471693
-0.0145265
0.00604934
0.0119646
0.0336506
-0.0310065
-0.00830898
0.0183046
0.022248
0.0415556
-0.0198757
0.00175907
0.00562634
0.0273556
0.0495819
-0.0118109
0.0150216
0.0242675
0.0372215
-0.0258843
-0.00449531
0.0216798
0.0243035
0.0448018
-0.0162136
0.00412695
0.0106923
0.029197
0.05263
-0.0056614
0.0132484
0.0202616
0.0383905
-0.0242653
-0.000316493
0.00135721
0.0303195
0.0458352
-0.0156573
0.0100599
0.0116474
0.0353662
-0.0277427
-0.00555243
0.0197027
0.0207619
0.0447596
-0.0182967
0.00302752
0.012725
0.0335721
0.0499659
-0.00754107
0.00832894
0.0190346
0.0341635
-0.0283002
0.0023995
0.018094
0.0282697
0.0419434
-0.0180815
0.00611693
0.00894893
0.0339068
0.0514026
-0.00802496
0.0123813
0.0195583
0.0415715
-0.0200279
-0.00571267
0.0266265
0.0254153
0.0490104
-0.00945482
0.00520609
0.0167692
0.0307352
0.0567672
-0.000470109
0.0140615
0.0267847
0.0378061
-0.0195315
0.00584869
0.0216311
0.035373
0.0463289
-0.0148343
0.0157671
0.0124615
0.0404015
0.0540237
-0.00525215
0.0236301
0.0205506
0.0475631
-0.0123534
0.00149859
0.0131323
0.0276739
0.0536187
-0.00262934
0.0102541
0.0245911
0.0350637
-0.0278717
0.00691454
0.0180192
0.0329478
0.0432772
-0.0176246
0.0120283
0.00780797
0.0431507
0.0482581
-0.00732863
0.0226876
0.0204107
0.0472011
-0.0146385
6.596e-05
0.030943
0.0268199
0.0528007
-0.00404871
0.00554871
0.0227954
0.0356291
0.0583729
0.00508863
0.0142827
0.0314502
0.0391891
-0.0188935
0.0127002
0.0242033
0.0390563
0.0468046
-0.012661
0.0199533
0.0143753
0.0441859
0.0535669
-0.00447655
0.0288141
0.0225591
0.0514543
-0.00688446
0.000930686
0.037562
0.0314274
0.0567851
0.00170961
0.0107689
0.0296386
0.0362022
0.0619047
0.0119552
0.0194712
0.0379936
0.044153
-0.0171762
0.0170998
0.0100832
0.0456743
0.0503736
-0.00860797
0.026968
0.0193547
0.0494942
-0.01008
0.000786256
0.0346333
0.0273987
0.0553442
-0.000205666
0.00615375
0.0273442
0.0363088
0.0605265
0.00908108
0.0149789
0.0363134
0.0408542
-0.0216871
0.0189927
0.02401
0.0437786
0.0471935
-0.0123485
0.024051
0.0150986
0.0506047
0.0539362
-0.00370075
0.0326067
0.0248473
0.0538986
-0.00257884
0.00148391
0.0407641
0.0328573
0.0587767
0.00742155
0.0110619
0.0339618
0.0367808
0.0627115
0.0160252
0.0195541
0.042005
0.0446908
-0.0163235
0.0215613
0.0286141
0.0486207
0.0506683
-0.00815464
0.0305358
0.0204226
0.0521482
0.0563363
0.0014045
0.0383142
0.0286036
0.0576306
0.00421607
0.00667853
0.0313558
0.0369894
0.0614767
0.0132422
0.0160889
0.0397654
0.0413083
-0.0207029
0.0230927
0.024712
0.0468942
0.0482036
-0.011671
0.0279755
0.0163967
0.0529277
0.0536447
-0.00308297
0.0359126
0.0250298
0.0562124
0.00155127
0.00625045
0.0433118
0.033311
0.060171
0.01117
0.0115718
0.0373265
0.0412571
0.0629429
0.0202864
0.0198881
0.0453094
0.0449385
-0.0159188
0.0248516
0.0286417
0.0513404
0.0513607
-0.00623056
0.0337258
0.0215395
0.0542478
0.0562247
0.00195094
0.0409866
0.0301903
0.0590806
0.00858072
0.00724558
0.0483125
0.037363
0.0621573
0.0166036
0.0163877
0.0430469
0.0418302
0.0641919
0.0261896
0.027884
0.0495208
0.0482878
-0.0112503
0.030996
0.0331045
0.0548228
0.0538249
-0.00252527
0.039458
0.0262828
0.0576074
0.00511596
0.00675046
0.0459863
0.0339453
0.0611518
0.0147161
0.0119683
0.0419289
0.0423503
0.0631968
0.0231604
0.0203098
0.0476388
0.0455899
-0.0152878
0.0321248
0.0291863
0.0526267
0.0510189
-0.00644432
0.0365898
0.0226207
0.0578696
0.05617
0.00242916
0.0434964
0.0308842
0.0598683
0.011264
0.00755301
0.049802
0.0381871
0.0624877
0.020902
0.0168449
0.0457379
0.0426387
0.0639253
0.0291054
0.0245252
0.0518481
0.0487814
-0.010245
0.0338794
0.0334121
0.0561823
0.0537163
-0.00224433
0.0420055
0.0278301
0.0585737
0.0580994
0.00716816
0.0478246
0.0345112
0.0616559
0.0179325
0.0125743
0.0537414
0.0416012
0.0632746
0.0260996
0.0215461
0.0498014
0.0459304
-0.0147369
0.0344816
0.029322
0.0546663
0.0518786
-0.00562549
0.0391507
0.0233202
0.0588834
0.0561026
0.00289292
0.0463281
0.0316986
0.0607157
0.0149271
0.0120746
0.0516355
0.0386694
0.0624746
0.0238544
0.0174286
0.0478505
0.0456809
0.0630419
0.0318042
0.0250561
0.0534528
0.0491465
-0.010007
0.0363413
0.0333107
0.0575231
0.0540444
-0.000694662
0.0437732
0.0280654
0.0595824
0.0581257
0.00755333
0.0495408
0.0358197
0.0616682
0.0209123
0.0130515
0.0547927
0.0424317
0.0627573
0.0287624
0.0219163
0.0517892
0.046369
0.0622495
0.036792
0.0295227
0.0556627
0.0520658
-0.00514983
0.0414219
0.0373395
0.0595875
0.0563168
0.00332649
0.0479119
0.0322292
0.061101
0.0177787
0.0123187
0.0530185
0.0393192
0.0623761
0.0265866
0.0177832
0.0498005
0.0459232
0.0623
0.034216
0.0262239
0.0548564
0.0495408
-0.00938291
0.0416844
0.0335265
0.058417
0.0541603
-0.000171363
0.0458068
0.0287017
0.0610021
0.0580348
0.00804614
0.0511119
0.0364703
0.0618811
0.0237202
0.0171267
0.0558511
0.0430359
0.0621615
0.0320191
0.0222158
0.0533042
0.0467538
0.0610657
0.0391093
0.0298945
0.0573931
0.052165
-0.00455919
0.0433462
0.0374722
0.0600824
0.0562901
0.00374348
0.0495674
0.0330348
0.0612847
0.0594382
0.0126065
0.0542227
0.0396941
0.061966
0.0289861
0.0182336
0.0580851
0.0462872
0.0613
0.0363414
0.0266237
0.0560245
0.0498817
-0.00901727
0.0434559
0.0339276
0.0591492
0.0546879
5.33983e-05
0.0474508
0.0293439
0.0611964
0.0579769
0.00847769
0.0528421
0.0371125
0.0616738
0.0261365
0.0173309
0.0566967
0.0434777
0.0614488
0.0341973
0.0227311
0.0546008
0.0494178
0.0598173
0.0410749
0.0301852
0.0582678
0.0525498
-0.00419579
0.0475118
0.0377433
0.0604713
0.0564527
0.00487072
0.0509309
0.0336963
0.0612686
0.0594216
0.0131787
0.0552356
0.0408827
0.0614379
0.0314903
0.0185479
0.0586574
0.0466453
0.0602678
0.0390862
0.0269893
0.0571341
0.0501826
0.0576622
0.0451467
0.0342474
0.0596512
0.054876
0.000694824
0.0490364
0.0413576
0.0611585
0.0581326
0.00880524
0.0539775
0.0376019
0.061356
0.0284189
0.0177444
0.0575119
0.0439662
0.0605013
0.0362628
0.0230894
0.0557188
0.0497251
0.0585163
0.0428358
0.0311865
0.0589419
0.0528961
-0.00378715
0.048963
0.0379407
0.0607032
0.0565663
0.00527353
0.0522815
0.0343293
0.0612016
0.0593872
0.0135003
0.0561462
0.0413958
0.0607849
0.0336091
0.0221698
0.0591418
0.047182
0.0591812
0.0408797
0.0273267
0.0579163
0.0506015
0.056047
0.0468495
0.0345178
0.0602154
0.0551072
0.000991751
0.050387
0.0415619
0.0610664
0.05821
0.00998834
0.0550073
0.0383249
0.0609279
0.0602956
0.0179767
0.0581627
0.0443816
0.0595774
0.0383161
0.0234789
0.0602741
0.0501038
0.0570877
0.0444829
0.0314837
0.0594818
0.0531969
0.0530731
0.0502704
0.038338
0.0607563
0.0570399
0.00560803
0.0534616
0.0349212
0.0608227
0.0594524
0.0138961
0.0572768
0.0419316
0.0600536
0.0355428
0.0225191
0.0595661
0.0476143
0.0579969
0.042614
0.0278545
0.0586417
0.0527435
0.0545048
0.048309
0.0349192
0.0604372
0.0553641
0.00139946
0.0533486
0.041909
0.0609076
0.058348
0.0103541
0.0559536
0.0389148
0.0604461
0.0603088
0.0185
0.0587717
0.0454049
0.0586287
0.0401446
0.0239194
0.0604988
0.0504932
0.0556821
0.046621
0.0318805
0.0599388
0.0536038
0.0513283
0.0515359
0.0387064
0.0607957
0.0572674
0.00615083
0.0545296
0.0452672
0.0603967
0.0595443
0.0142594
0.0579683
0.0424832
0.0593517
0.060762
0.0228013
0.0599959
0.048167
0.0565875
0.0442435
0.0282978
0.0592469
0.0530714
0.0528058
0.0496853
0.0358803
0.0606645
0.0557811
0.00171743
0.0544072
0.0422208
0.0606353
0.0587885
0.0106735
0.0568544
0.0395841
0.0593037
0.060334
0.0188686
0.0592607
0.045939
0.0575964
0.0418144
0.0271783
0.0605936
0.0510176
0.0543234
0.047989
0.0322905
0.0603068
0.053984
0.0495314
0.0527831
0.0391214
0.0607514
0.0575525
0.00646893
0.0555424
0.0455461
0.0599209
0.0597134
0.0153814
0.0586325
0.0432159
0.0585395
0.0607396
0.0231637
0.060311
0.048667
0.05537
0.0459142
0.0287388
0.0607658
0.0535193
0.0512444
0.0510112
0.0363125
0.0607719
0.0561797
0.045697
0.0553858
0.0427068
0.060357
0.0590412
0.0110455
0.057671
0.0401834
0.0586007
0.0604785
0.0192392
0.0599305
0.0465413
0.0566141
0.0434786
0.0275827
0.0608078
0.0515389
0.0525618
0.0494444
0.0328695
0.0606081
0.0557441
0.0478354
0.0539606
0.03952
0.0606374
0.0579301
0.00689749
0.0575641
0.0459598
0.0594087
0.0599511
0.0157222
0.0592867
0.0438621
0.0567619
0.0608259
0.0237344
0.0606188
0.0496748
0.0541922
0.0473933
0.0291749
0.0607196
0.0541036
0.0496902
0.0526319
0.0367851
0.0608525
0.0566148
0.0437956
0.0563718
0.0431532
0.0599572
0.0593304
0.0116279
0.0584738
0.0490888
0.0579253
0.0606917
0.0196527
0.0603929
0.0471649
0.0556118
0.0607721
0.0280144
0.0609022
0.0521308
0.0512436
0.0508
0.0333375
0.0608542
0.056309
0.0459687
0.0550677
0.040608
0.060521
0.0583774
0.00722622
0.0583851
0.0464004
0.0588839
0.0603758
0.0161535
0.0599139
0.0446133
0.055827
0.0609747
0.0241637
0.0609347
0.0503313
0.052951
0.0488353
0.0322433
0.0606752
0.0546526
0.0481898
0.0538425
0.0373158
0.0609657
0.0581738
0.0419589
0.057392
0.0436742
0.0596297
0.0597315
0.011999
0.0592778
0.0495478
0.057181
0.0609414
0.0208095
0.0608164
0.0479592
0.0546612
0.0609496
0.0284915
0.0610398
0.053104
0.0498803
0.0521834
0.0339155
0.0599097
0.056794
0.0443106
0.0561371
0.0411196
0.0603831
0.058918
0.0374265
0.0592127
0.0471086
0.0584275
0.0607325
0.0166176
0.0605531
0.0523516
0.0549534
0.0612571
0.0246855
0.061252
0.0510334
0.0518433
0.0503057
0.0327414
0.0607028
0.0553539
0.0463129
0.0550378
0.0379888
0.0609776
0.0586364
0.0401655
0.0582507
0.0442631
0.0593455
0.0602132
0.0124674
0.0605943
0.0501977
0.0565525
0.0613149
0.0213124
0.0613308
0.0487054
0.0522335
0.0611178
0.0291263
0.0612399
0.0537758
0.0484466
0.053488
0.0345137
0.0597269
0.0574845
0.042629
0.0575132
0.0417684
0.0602445
0.0594453
0.0354996
0.0600909
0.0476936
0.0577073
0.0613354
0.0172751
0.0610858
0.0529123
0.0541684
0.0615407
0.0251086
0.0615649
0.0517546
0.0507739
0.0606336
0.0334247
0.0606568
0.0559862
0.0447589
0.0561597
0.0386388
0.0583192
0.0592303
0.0382807
0.0593331
0.0453247
0.0587708
0.0607413
0.0128324
0.0612811
0.0508887
0.0558731
0.0618408
0.0217888
0.0618282
0.0495012
0.0511252
0.0614782
0.0296744
0.0613518
0.0545085
0.0469131
0.0548747
0.0374967
0.0596083
0.0582167
0.0411174
0.0586287
0.0424271
0.0601953
0.0607592
0.0335955
0.0609566
0.0483617
0.0570882
0.0625748
0.0176833
0.0618406
0.0536485
0.0532467
0.0619477
0.0265435
0.0619558
0.0526739
0.0495908
0.0608469
0.0338729
0.0607565
0.0570169
0.0434064
0.0575994
0.0392758
0.0580046
0.0599533
0.0365649
0.0603161
0.0460923
0.0589064
0.0616299
0.0285269
0.0619721
0.0515177
0.0552599
0.0622753
0.0222519
0.0623746
0.0563045
0.0503174
0.0618307
0.0302842
0.0615007
0.0555679
0.0458134
0.0562133
0.038182
0.0595059
0.0589532
0.0390077
0.0597559
0.0433058
0.0603014
0.0618924
0.0317452
0.061695
0.0496261
0.056874
0.062412
0.0183133
0.0626818
0.0544133
0.0527375
0.0622426
0.0269364
0.0620909
0.0533768
0.0468686
0.0613125
0.0346504
0.0607934
0.0579108
0.0419596
0.0590051
0.0418133
0.0578359
0.0606879
0.0347252
0.0613707
0.0468254
0.0585351
0.0622113
0.0266938
0.0631956
0.0522865
0.0543941
0.0630806
0.0232368
0.0628984
0.0570879
0.0492703
0.0622552
0.0308974
0.0620475
0.0564051
0.0449865
0.060432
0.0390665
0.0592805
0.0598782
0.0375314
0.0609423
0.0441233
0.0556171
0.06533
0.0294375
0.0630115
0.0504685
0.0564262
0.0631219
0.0187187
0.0633746
0.055318
0.0515271
0.0630702
0.0275196
0.062802
0.0546607
0.0457769
0.0617742
0.0356875
0.0608208
0.0589874
0.0416899
0.0580478
0.0427672
0.0577483
0.0618531
0.0332454
0.0625663
0.0477777
0.0580366
0.06348
0.0247078
0.0634528
0.0528863
0.0538988
0.0637893
0.0236243
0.0632275
0.0580219
0.0482105
0.0629755
0.0324656
0.0616817
0.0574242
0.043409
0.0608973
0.0397842
0.0595052
0.0610572
0.0359466
0.0621719
0.0450098
0.0552774
0.0626119
0.0281467
0.0637417
0.0514001
0.0561338
0.0640568
0.0191128
0.0638258
0.0561083
0.0515079
0.0643803
0.0282111
0.0631115
0.0604232
0.0446236
0.0623806
0.0364367
0.0609266
0.0598379
0.0395132
0.0606711
0.0439128
0.0575762
0.0626551
0.0310073
0.0636493
0.0488205
0.058171
0.0642541
0.0227594
0.0644339
0.0546247
0.0532813
0.0645698
0.0243364
0.063785
0.0588782
0.0474964
0.063755
0.0331366
0.0625433
0.0586753
0.0404832
0.0613448
0.0408696
0.0596144
0.0622523
0.0345574
0.0634337
0.0480333
0.0551146
0.0642424
0.0264129
0.0648648
0.0523946
0.0558962
0.0649432
0.0170213
0.064719
0.0574313
0.0499705
0.0644437
0.0290919
0.0637761
0.0615013
0.0439729
0.0626348
0.0373986
0.0608686
0.0611642
0.0382134
0.0603659
0.0443018
0.0571707
0.0636342
0.0292065
0.0650452
0.0495386
0.0519607
0.0652931
0.0210153
0.0656177
0.0556741
0.0522003
0.0649886
0.0113276
0.0643533
0.060169
0.0465986
0.0642111
0.034016
0.0629476
0.0595112
0.0393598
0.0623735
0.0417991
0.0590659
0.0633265
0.0334533
0.0650799
0.0490174
0.0549486
0.0653093
0.02451
0.0662723
0.053627
0.0553391
0.0664318
0.0154702
0.0655652
0.0585306
0.0493777
0.0657135
0.0300004
0.0638904
0.0626078
0.0426571
0.06377
0.0387791
0.0617627
0.0621389
0.0370536
0.0612805
0.0444995
0.0542424
0.0632879
0.028783
0.0657116
0.0515082
0.0515411
0.0661281
0.0191705
0.0663914
0.0569966
0.0524386
0.0664175
0.00928441
0.0659158
0.0615894
0.0450023
0.06437
0.0355792
0.0624009
0.063453
0.0390295
0.0624075
0.0426937
0.0592387
0.0641362
0.0325269
0.0588868
0.050113
0.0547063
0.0669077
0.0226555
0.0671681
0.0549349
0.0560786
0.0681826
0.0139373
0.0654582
0.0612107
0.0484823
0.0657567
0.0314767
0.0639232
0.0641212
0.0416373
0.0643139
0.0396653
0.0617741
0.0638146
0.0331834
0.0624268
0.0456143
0.0528531
0.0659968
0.0267714
0.0685455
0.0546849
0.0508328
0.0681374
0.0171925
0.0676243
0.0580222
0.0510514
0.0680586
0.00719148
0.066721
0.063235
0.0436216
0.0638875
0.0435344
0.0627781
0.066105
0.0334521
0.0631337
0.0455361
0.0601461
0.0668122
0.0277532
0.0578518
0.0535656
0.0547073
0.0680912
0.017031
0.0682862
0.0580912
0.0474531
0.0534752
0.0114029
0.0721439
0.0655089
0.0490833
0.0674013
-0.00413308
0.063332
0.0666733
0.0410783
0.0656592
0.0412162
0.0599419
0.0669533
0.0321862
0.0620453
0.0486256
0.0539551
0.0689761
0.0248549
0.0691201
0.055517
0.0470279
0.0690999
0.0148004
0.0690461
0.0600605
0.0466803
0.0680247
0.00459049
0.0676252
0.0685001
0.0446335
0.0708951
0.0396094
0.0639717
0.0678346
0.029767
0.0615166
0.0519114
0.0603512
0.0676823
0.0186339
0.0552082
0.0587085
0.0549736
0.0711601
0.0121322
0.0684049
0.0629348
0.0482509
0.0696589
-9.04575e-05
0.0656282
0.0665194
0.0474706
0.0690739
-0.0117804
0.0621606
0.0696286
0.0404233
0.0676614
0.0420243
0.0573709
0.0697942
0.0317264
0.0639085
0.0483573
0.0455978
0.0708853
0.024334
0.0577665
0.0569941
0.0426943
0.0697408
0.0124695
0.070135
0.0615788
0.0421062
0.067165
0.00150714
0.0675407
0.0662521
0.0340129
0.0655428
0.0499113
0.0650285
0.0693635
0.02303
0.0591764
0.0560516
0.0605402
0.0698759
0.0117773
0.0532952
0.0630981
0.0554482
0.071063
0.00339087
0.0695847
0.0657187
0.0481953
0.0722136
-0.00929184
0.0647694
0.0701067
0.0480111
0.0704853
-0.0197167
0.0600877
0.0718828
0.038788
0.0685838
0.044285
0.0545213
0.0724312
0.029508
0.0656212
0.0489762
0.0446386
0.0726397
0.0227242
0.0590634
0.0587069
0.038403
0.0706599
0.011021
0.071764
0.0637142
0.0277392
0.0674516
0.000390559
0.0695016
0.0683697
0.0275396
0.0642809
-0.0107001
0.0657081
0.0710721
0.0170909
0.0574041
0.061182
0.0613731
0.0715269
0.0055099
0.05069
0.0667821
0.0548893
0.0732499
-0.00349174
0.0687684
0.0711118
0.0472964
0.0735784
-0.0158876
0.0637924
0.0730562
0.0473689
0.0721376
-0.0272538
0.0575526
0.0738788
0.0379982
0.0701706
0.04534
0.0495919
0.0736832
0.0289452
0.0656354
0.0541381
0.0427098
0.0738268
0.018139
0.0601746
0.0608284
0.0329173
0.0709633
0.00891525
0.0732311
0.0659691
0.0221549
0.0669884
-0.00164873
0.0707255
0.070443
0.021347
0.0626508
-0.0131888
0.0667054
0.0736175
0.00965374
0.0554097
0.0657928
0.0622177
0.0754267
-0.00149571
0.0470566
0.070732
0.0552508
0.0756352
-0.0118494
0.0379086
0.0741647
0.0472493
0.0757468
-0.0231772
0.0622907
0.0759021
0.0377027
0.0740914
-0.0342124
0.0550587
0.0761786
0.0376125
0.0720468
0.0470268
0.04612
0.0746514
0.0275861
0.0670153
0.0559173
0.0385038
0.0748344
0.0163213
0.0612706
0.0629675
0.0279391
0.0713232
0.00733612
0.0755047
0.0692105
0.0161264
0.0662047
-0.00388353
0.0723786
0.072837
0.015404
0.0593531
-0.0159183
0.067952
0.0761012
0.00297688
0.0530821
0.0704233
0.0633097
0.0778043
-0.00902709
0.0439349
0.0749097
0.0557547
0.0779873
-0.0185746
0.0334548
0.0775687
0.0472892
0.0780179
-0.0306553
0.0601059
0.0784836
0.0374598
0.0761936
-0.0415686
0.0520174
0.077921
0.0370394
0.0738002
-0.052083
0.0419706
0.0758051
0.0266062
0.0687835
0.0581894
0.0335721
0.0713039
0.0147793
0.0628571
0.0655186
0.0219667
0.0713577
0.00561349
0.0776369
0.0716688
0.00988457
0.0653444
-0.00684708
0.0743436
0.0755194
0.00900232
0.0575595
-0.0183007
0.0693433
0.0789563
-0.00370035
0.0504006
0.0749221
0.0626402
0.0806055
-0.0163625
0.040664
0.0787684
0.0564371
0.080933
-0.0287705
0.0293086
0.080789
0.0476421
0.0806797
-0.0381588
0.05764
0.0811817
0.0371577
0.0786497
-0.048937
0.0481601
0.0798271
0.0363707
0.0760057
-0.0592412
0.0378751
0.0766653
0.0250202
0.0709006
0.0603095
0.0284715
0.0712501
0.0135238
0.0644595
0.0678165
0.0160965
0.070955
0.00365937
0.0561154
0.0743187
0.00358644
0.0644347
-0.00903033
0.0762921
0.0783602
-0.00969468
0.0553601
-0.0211309
0.0709867
0.081804
-0.0109469
0.0475812
0.0793555
0.0637401
0.0833715
-0.0233771
0.0362825
0.0825975
0.0570905
0.0837363
-0.0363433
0.0246478
0.0839093
0.0472935
0.0833544
-0.0457957
0.0549522
0.0831687
0.0368659
0.0812444
-0.056359
0.0440051
0.081112
0.0359216
0.0770376
-0.0661255
0.0325625
0.0769787
0.0235623
0.0724763
0.0623938
0.0198669
0.0705899
0.01069
0.0642454
0.07118
0.00637486
0.0680293
0.0141199
0.041268
0.0626349
0.04606
0.0472397
-0.0621296
0.102248
0.0803516
-0.0985276
0.159712
0.00348362
-0.200668
0.0375035
0.0161649
-0.113841
0.219854
-0.0241163
0.250854
0.0819886
-0.549074
0.220401
-0.539374
1.10822
-0.435091
1.00427
-0.0851214
0.131927
-0.369316
0.35431
-0.366476
0.367626
-0.811158
0.771577
-0.574837
0.218841
-0.11079
0.205984
-0.0457781
0.226655
-0.0181919
0.367246
-0.158267
0.00840362
-0.0800435
-0.0786001
0.303452
-0.250572
0.019562
0.371805
0.0657231
-0.112831
-0.28395
0.611981
-0.450845
-0.0391161
0.0706405
0.751931
-0.599192
0.293778
0.270581
-0.238222
0.130656
0.363054
-0.199245
0.0951845
0.171155
-0.516883
0.509506
-0.357555
0.489643
-0.270031
0.196616
-0.103782
0.109133
-0.108881
-0.506308
0.0429433
0.121725
0.178745
-0.267446
0.336741
0.568267
-0.298854
0.130902
-0.200738
0.518574
0.0908957
0.18791
-0.478149
0.35472
-0.41952
0.431468
-0.570484
0.502979
0.735314
-0.735777
0.329221
0.145929
0.386599
0.243985
-0.204012
0.215442
-0.0810508
0.277873
0.0512193
0.169066
0.513619
-1.39401
0.862265
-0.289501
0.007122
0.233154
-0.172873
0.0147593
0.656577
-0.482301
-0.0487659
0.388717
-0.0452872
0.0116609
-0.0210463
0.29512
-0.323102
0.325389
-0.0638489
0.0897319
0.18037
0.136931
-0.15798
0.556861
-0.533196
0.0780575
0.340272
-0.200407
0.0995716
0.202654
-0.603574
0.598905
-0.476007
0.132887
-0.190914
0.689956
0.0828973
0.151166
1.00877
-1.59517
0.67678
-0.880448
0.741334
0.0352419
0.308878
0.222671
-0.917529
1.12233
-0.978335
1.01453
-0.682031
0.0674151
1.09417
-0.382561
-1.55116
1.75273
-1.54103
0.871416
1.30596
-2.34686
2.97487
-1.3237
-0.292093
-0.0290104
0.243632
-0.869813
1.67276
-1.40841
1.09051
0.422567
-0.968708
0.690683
-0.782842
0.477227
0.787949
-0.925785
0.306339
0.26996
0.0276545
-1.347
2.10285
-1.67186
2.70786
-0.590869
-0.299653
-1.00218
0.171408
-0.706621
-1.80815
2.16659
-0.619897
0.466058
1.52917
0.390834
-1.10468
-1.0287
2.19204
0.18616
-0.913421
0.076608
2.28637
0.0235141
-1.53644
0.0112958
0.234378
-0.653528
0.777787
0.617346
-0.0563492
0.591424
-0.581205
0.311562
1.29403
-1.89853
-0.189936
0.720066
0.325028
-0.494803
-0.37011
0.0883985
0.846934
-0.446408
0.255623
-0.171868
0.823871
0.406353
-0.346328
-0.025754
-0.0800062
0.0222224
0.219362
-0.255634
-0.301736
0.457912
-0.155779
0.126237
-0.666867
0.674595
0.774603
-0.774636
0.136485
-0.126935
-0.129054
-0.758844
0.511834
0.143969
-0.215497
-0.0764246
0.272518
0.633979
-0.607041
-0.62474
0.823265
0.687822
-0.778451
-0.33391
-0.746825
0.815865
0.712051
-0.578631
0.297944
0.812714
-0.456783
-0.844602
-0.0626114
-0.221346
0.903439
-0.380967
-0.282958
0.0594163
0.201033
-0.0247016
0.402688
-0.0540813
-0.0662239
-0.563364
-0.0120922
0.111539
0.0492209
0.356732
-0.534691
-0.290803
0.394918
0.217956
-0.084438
0.00623925
0.146732
0.160185
-0.287399
-0.00484819
0.312185
-0.314956
0.246364
-0.0126735
0.327222
-0.258088
-0.143707
0.0352392
0.360921
0.0107611
-0.335409
-0.159058
0.222305
0.332287
-0.685727
0.272145
0.847293
0.229707
-0.191956
-0.440617
0.157129
0.357458
0.341806
-0.399928
-0.0681987
-0.07091
0.117317
0.509829
-0.116711
-0.456744
-0.0137825
-0.0063864
-0.0368384
-0.0825894
0.391277
0.561191
-0.419046
0.541629
-0.2026
-0.537595
-0.264311
0.298251
0.0716941
-0.196366
-0.0682399
0.201637
0.00783286
-0.0684039
-0.0284427
-0.158219
-0.171204
0.105031
-0.0120645
0.0624702
-0.0652177
-0.233971
0.194289
0.426822
-0.351808
-0.443814
-0.588039
0.471572
0.479726
0.215859
-0.609197
0.0316289
0.340924
0.258813
0.468391
-0.431362
-0.176753
-0.077256
-0.0454108
0.478107
-0.219152
0.0439284
-0.442082
-0.474816
-0.269161
0.19618
0.14597
0.20907
0.676781
0.619931
-0.483932
-0.0120256
0.243864
0.0578384
-0.336055
0.20058
-0.146218
0.265913
0.0604094
0.346364
-0.388464
-0.0203323
0.557638
-0.523665
0.217768
-0.262611
-0.4389
0.600643
-0.482368
-0.0990325
0.225896
0.088485
0.399876
0.131348
-0.253553
0.0930279
0.35881
0.16373
0.049454
-0.0886518
-0.0683931
0.669386
-0.787417
-0.54729
1.65081
-0.746501
0.587363
0.168046
-0.837132
0.219888
-0.196418
0.230725
-1.65823
0.84143
-0.23142
0.573497
-0.44357
1.08011
-0.601196
0.612639
-0.121704
0.175424
-0.143381
-0.0207597
0.0738429
-0.164758
0.220018
-1.32366
-0.382635
-0.36096
1.40824
-0.488622
-1.29054
-0.345654
-0.361832
0.312909
-0.263764
-0.816174
-0.261101
0.277728
0.550258
-0.341354
-0.508621
-0.322927
-0.125339
-0.49938
0.563741
0.138357
-0.274172
-0.255355
-0.362407
-0.936006
0.252406
1.08372
0.299262
-0.417594
1.37104
-0.731142
-0.20379
0.0352502
-0.512764
-0.144196
-0.894391
1.48838
-2.09236
-1.3176
-1.76042
2.9442
0.303095
-1.17541
-0.176021
3.58186
-1.76615
-4.79175
0.33352
0.422399
4.61743
-3.24205
-1.91029
-2.84701
-0.0969686
3.02864
-1.06851
0.945266
1.56731
-3.9638
0.149279
0.52017
0.927715
2.22191
-2.11307
1.68184
-1.81247
-3.36054
0.98589
0.200639
-4.8665
3.96655
5.40046
0.281926
-3.32618
2.04286
4.27344
-3.25218
-4.07325
3.89965
3.18874
-2.83498
0.501786
2.94033
-2.17239
-2.33445
-2.53966
3.7188
1.06992
-1.80732
-3.15114
2.46304
-1.67202
-0.954062
-1.29876
-0.343642
3.05219
-2.14807
0.045851
-1.63434
2.05177
0.0262457
0.459969
3.75221
-3.20545
1.79994
2.88664
-3.67978
5.27138
3.5965
-2.88406
3.41236
-2.93757
-1.72187
0.646126
0.123671
-0.451458
0.0833952
1.88809
0.664538
-0.324016
1.92932
-1.82326
-0.599092
0.481311
0.301546
-0.157371
0.325079
-1.16427
1.66424
-0.900245
-1.87874
2.94277
-2.23906
0.675078
-1.05298
-0.113532
2.1029
-2.91271
-0.313339
-1.13425
-0.973618
4.42057
-4.25078
3.86255
-4.66925
0.486088
3.40734
-3.6228
2.95923
-3.70885
-2.08946
2.81768
-3.15422
1.33717
1.39177
-1.04715
1.64968
-0.865962
-2.15179
1.33032
-1.21058
-0.984974
1.39997
-2.40402
1.64961
-2.10701
3.48483
-4.19476
2.83187
0.49626
0.28109
1.96475
-1.97087
1.73024
1.6411
-0.519166
-2.86096
0.949586
2.37604
-4.80916
4.48851
-2.88909
1.4314
-1.16482
-0.735888
0.70153
0.178241
1.27442
-0.494056
-0.0948132
0.252458
0.18175
0.906255
-1.31664
1.08692
-1.94106
1.17107
-1.02478
0.512926
-1.13526
0.30672
-1.06785
0.777288
0.0987696
-0.28189
0.585393
0.623183
-0.876918
1.18374
-1.08375
1.93199
-0.406829
0.429297
1.4941
-2.4026
3.08595
-4.26716
4.92405
-3.77392
4.72056
-1.28375
-6.58583
13.9554
-16.5146
18.6448
-4.26084
-22.7462
36.4422
-16.5309
2.76161
9.81513
-17.5866
14.6317
-8.76136
10.5412
-7.27612
5.74479
-4.75322
2.27807
-4.75935
2.4069
-4.07977
1.04426
4.63264
-4.09292
3.8836
-4.416
-0.0401935
5.18726
-4.86878
0.637575
0.941987
-3.9492
1.83524
-0.138797
-2.55527
-0.982236
2.54537
-1.67979
-1.16801
3.36491
1.33887
-1.11208
-2.1212
1.5097
1.25147
-6.32625
0.897516
7.08268
-3.69651
-9.26967
1.99024
13.2338
-10.3298
-13.451
15.6972
12.6996
-23.4571
-9.77612
29.3459
-21.4352
16.322
-1.85444
-4.18445
-5.28512
-5.90994
-0.442547
-3.50649
-0.502989
10.7154
-10.3508
12.2387
-9.85656
5.40337
6.97551
-5.88696
8.82207
-8.67066
-3.79895
9.01443
-8.21471
-2.3468
1.96923
-4.48062
-4.94339
4.58155
0.403445
-3.69712
0.655892
3.28672
-3.2409
-5.86162
-1.80238
1.92875
3.12198
-5.2333
-3.12021
-1.97413
1.43495
0.613834
-0.663872
1.34837
-3.17199
0.58589
5.49604
-4.16879
-9.49451
10.0096
23.6028
-20.3245
-22.8946
13.2228
-17.8409
16.6265
-5.44997
14.4911
-4.46582
15.6362
-10.273
6.80807
3.31881
-3.95378
6.12268
-10.6885
4.8332
8.05408
-9.70002
0.496305
0.809431
-5.18659
-2.50526
5.86544
-0.350172
-0.775844
3.15381
6.17226
-1.73365
-5.39716
3.4618
3.81001
5.61813
-2.84301
-3.68398
-1.04592
-0.560731
0.458971
0.738882
1.31164
2.31599
0.243466
-0.595995
-1.3415
4.21756
1.81861
-16.9371
-5.2786
29.6208
10.1942
-49.6203
-11.254
43.6767
-10.6543
15.5126
-3.71404
-0.762176
-1.31048
-1.15277
-6.84643
8.87044
-9.75542
1.00895
6.37091
-6.41999
1.56141
-0.106589
-4.79275
-2.39648
3.61358
1.23348
0.181573
3.44111
5.56229
-1.50261
-1.15806
-0.326641
1.3317
1.41194
1.29071
1.58606
-2.34913
-0.178767
0.708852
-4.143
-4.23538
-2.35987
-2.95061
-3.38726
-5.21451
-5.71276
-3.86802
-3.14292
-2.1764
-4.30668
-6.53426
-6.63608
-4.29752
3.52156
12.808
22.0933
3.72644
-47.8199
-57.1351
0.215935
0.0210714
17.8121
9.77303
19.6723
0.990442
12.5944
10.9141
-4.70685
11.1511
18.2231
-13.2918
-12.9897
11.9495
16.0348
14.7512
-15.2936
-12.5837
-10.8863
-8.19892
-3.00263
-0.495154
-2.90119
-0.613182
-2.03056
-0.499982
-0.770301
-1.83982
-1.03949
0.0849866
0.644262
-0.751203
-1.10292
2.45588
0.736596
2.64499
-0.422412
-0.391678
3.41441
1.8987
6.25299
-0.905102
-2.67062
4.60856
1.12899
7.87523
-2.0505
-12.8331
-43.3348
15.4401
139.879
-104.753
55.5259
-14.2304
-13.8963
54.3978
-53.5711
-64.1067
-52.4265
-10.2436
-14.6823
-12.8349
11.6058
2.18222
4.12982
-0.874974
-4.57798
4.24101
1.72546
1.39187
-0.874714
-2.67811
2.71112
1.31939
1.06242
-0.576755
-1.69546
2.06963
0.71576
1.22358
-0.707641
-1.27729
0.919652
-0.0682661
0.750989
-0.957215
-0.992437
0.843443
0.726559
-0.741799
-0.100821
-0.627929
0.479732
0.11945
-0.481466
-0.299568
-0.820441
0.718927
-0.151949
-0.503602
