-0.250996
0.901454
0.46483
0.196502
-0.687278
-0.688025
-0.883818
0.732555
0.201826
0.416272
-0.958126
0.939991
0.664447
-0.575914
-0.636066
-0.632866
-0.39075
0.0490299
-0.136274
-0.417157
0.22349
-0.721199
-0.415121
-0.26798
-0.0874303
0.569674
-0.601104
0.0280923
0.185288
-0.906446
0.215606
-0.658759
-0.869003
0.898355
0.93146
0.616304
-0.391777
-0.804533
0.368121
-0.119379
-0.756519
-0.008903
-0.930797
0.818889
-0.482014
0.325444
-0.376441
0.0411488
0.0935099
-0.628919
0.940133
0.550926
0.879361
0.789856
0.194691
0.842491
-0.8249
-0.60788
-0.909492
-0.348395
-0.222207
-0.456832
0.656955
-0.286202
-0.438559
0.085267
-0.717885
0.605258
-0.849151
0.974192
0.543403
-0.603147
-0.987302
0.632013
0.413812
0.457233
0.5422
-0.852494
-0.282376
-0.766745
0.727066
0.245094
-0.338681
-0.872432
-0.377672
-0.349407
0.460792
0.275483
0.774148
-0.056756
-0.759772
0.426902
0.521055
0.122222
0.542021
-0.0134158
0.0446631
-0.148048
-0.950791
-0.784637
-0.935523
0.272671
-0.370241
0.0193972
0.814984
-0.502414
-0.178837
0.510504
-0.542082
-0.844502
-0.419142
-0.671631
0.862642
0.61759
0.267679
0.742373
0.606413
-0.627397
0.785489
0.0787733
0.614097
0.788498
-0.366107
-0.780579
-0.543296
-0.143358
0.636023
0.718094
-0.98725
0.0213819
-0.16639
-0.555448
-0.7585
-0.323924
0.887309
-0.353228
0.0394824
0.406388
-0.272341
0.94487
0.922702
-0.500129
-0.00646317
-0.401689
-0.432362
-0.926193
0.219889
0.00544718
-0.89703
-0.439419
0.816364
-0.52152
-0.709844
-0.0155332
0.971623
-0.516302
0.344187
0.522167
-0.525261
0.456357
-0.265405
0.264906
0.265979
0.0693535
-0.818904
0.670289
-0.362893
-0.628908
-0.917212
0.18364
0.354464
-0.96665
0.0262466
-0.545176
0.290925
-0.650727
0.385818
-0.22467
0.873556
-0.725592
-0.314979
-0.768012
0.852517
0.754137
-0.48371
0.323509
0.635227
0.110296
0.0584266
-0.516493
-0.807841
0.79767
0.801248
0.266098
-0.321966
-0.298133
0.455214
0.79486
0.773708
0.554649
0.279715
-0.833918
-0.675694
0.796963
0.207187
-0.984217
-0.796917
0.327124
-0.990604
-0.674297
0.100946
0.385043
0.303722
-0.549693
0.425919
-0.524069
-0.346987
0.498
0.301088
0.698562
0.314239
0.136664
-0.814175
-0.262253
-0.466733
-0.508497
0.951547
-0.211424
0.785262
0.262639
0.589032
0.0028884
0.151735
-0.0165881
-0.60918
0.444696
-0.441243
-0.948118
0.293498
-0.644328
0.891998
0.910648
0.826915
-0.261992
-0.967715
0.861968
-0.141654
0.935457
0.926799
0.69744
-0.416996
-0.229195
0.701526
-0.367876
-0.658726
0.118808
0.873085
0.390874
0.139977
-0.80462
0.234986
0.979287
-0.719995
0.042732
0.756869
0.481628
0.393414
0.404663
-0.284259
-0.408863
0.622737
0.620952
0.733127
0.822803
0.0188098
0.00254596
0.596162
0.294659
0.399065
0.585359
0.77228
-0.330664
-0.25688
-0.813938
0.155241
-0.928005
-0.0689806
0.0813761
-0.430014
0.177824
-0.940711
-0.920848
0.64665
-0.281018
-0.745383
0.0511848
0.537201
-0.570977
0.243135
-0.831164
-0.891012
0.0676669
0.0838004
0.276348
0.452017
0.948093
0.0249744
-0.356548
0.58776
-0.463958
-0.124968
-0.844453
-0.94595
0.9257
0.669677
0.38474
-0.18941
-0.656283
-0.686931
-0.495358
0.102714
0.430851
0.320427
-0.436536
0.911842
0.471305
0.104
0.219523
-0.167095
-0.506316
-0.288833
0.513839
-0.983566
-0.770387
-0.906381
-0.909976
0.715696
0.4054
-0.054848
-0.803775
-0.0164104
-0.0528153
-0.651359
-0.127753
-0.198945
0.23389
0.267617
-0.90862
-0.247101
0.253459
0.00559385
0.714153
0.310902
-0.678977
-0.855287
0.288219
-0.943287
0.177061
0.881659
0.150376
-0.222802
0.28938
-0.0820112
0.094903
0.882529
-0.228743
0.921917
0.805168
-0.610549
-0.870779
-0.80137
-0.962066
-0.80393
0.36932
-0.853737
-0.35588
0.693109
-0.952282
0.637545
-0.434304
-0.753225
0.406552
0.264938
0.760624
0.470887
0.606983
-0.436038
-0.644318
0.515589
0.620339
0.979545
-0.177887
-0.253132
0.554577
-0.316283
0.862752
0.716433
-0.145621
0.501674
0.501678
-0.793875
0.80604
0.00941012
0.650258
-0.360474
0.78908
-0.235691
-0.976213
0.811207
-0.819119
-0.353774
0.904981
0.899073
0.144168
0.260162
-0.114401
-0.41632
-0.339095
0.348853
0.504692
0.57968
0.569132
-0.821172
-0.0133687
-0.885269
0.103473
-0.114386
0.772115
-0.307077
-0.768141
-0.710597
0.52431
0.235222
-0.797727
-0.823718
0.408497
-0.849439
0.650563
0.408378
-0.838036
-0.825055
0.978423
-0.251201
-0.246819
0.640123
0.897844
0.967244
0.500222
-0.257385
-0.832202
0.554628
0.116634
-0.152321
0.801261
-0.786635
-0.0216744
-0.978438
-0.0626967
-0.887531
-0.756427
-0.761802
0.318932
0.505605
0.17311
0.925122
-0.252805
-0.423355
0.738348
-0.549798
0.927158
-0.974124
0.945584
-0.910432
0.791684
0.0582601
0.98329
-0.852641
0.114205
0.939808
0.0463349
0.259741
0.38923
-0.0919524
0.255889
0.167886
0.79763
-0.912526
-0.434806
0.904012
0.771608
-0.0960303
0.23101
-0.449712
-0.622156
-0.0697586
-0.289315
0.168818
-0.837204
0.973408
0.973479
0.389534
0.0695407
-0.376835
0.629735
0.368523
-0.673202
0.826872
0.644647
0.895684
0.440117
0.220355
-0.165424
0.86373
0.716615
-0.915166
-0.945986
-0.24657
0.630954
0.966022
-0.702442
0.192485
-0.233179
0.945895
0.682996
0.668831
-0.0629015
-0.178451
-0.457053
-0.878347
0.746846
0.628838
1.00092
0.98979
0.105052
0.537097
0.878773
0.669975
-0.519531
-0.110606
-0.741245
0.90522
0.206598
-0.548792
0.343242
0.224156
-0.299717
-0.772637
0.348185
0.0409841
0.54191
0.039317
0.697963
0.102157
0.117011
0.731457
-0.211228
-0.74816
-0.940988
0.512442
0.23792
0.394788
-0.577704
-0.732392
-0.967524
-0.291359
0.184842
-0.215388
-0.118065
0.808282
-0.306647
0.0283527
0.565793
-0.211976
0.247615
0.721349
0.88803
-0.717721
0.849462
-0.0311738
-0.485751
-0.0832615
0.942622
-0.0342465
-0.362994
0.255073
-0.543648
-0.855917
-0.750357
-0.744604
-0.696391
-0.71319
0.282191
-0.637449
-0.303713
0.792445
-0.0572345
0.319748
-0.660013
-0.62371
-0.918195
-0.662578
-0.443839
-0.647349
-0.819396
-0.752815
-0.0699643
-0.585361
-0.26256
0.00692994
0.380729
-0.910658
0.607277
0.251886
-0.833706
0.756286
0.838564
-0.884265
-0.445025
0.617746
0.480152
-0.640556
-0.581289
-0.255807
-0.0266491
0.236944
-0.263331
-0.0748602
0.48747
-0.935124
-0.486877
0.438992
0.787495
0.0105605
0.0597423
-0.79056
-0.105247
0.0617714
-0.526144
-0.463217
-0.250679
-0.960231
-0.349304
-0.574128
-0.336745
-0.757953
0.790846
0.193649
0.360728
0.572457
-0.00990546
-0.827517
0.0772695
0.175864
0.489222
-0.144385
-0.751307
-0.42827
-0.262559
0.294983
0.140295
-0.285947
0.97015
0.207314
-0.537253
-0.80849
-0.695121
-0.507125
-0.677321
-0.618379
-0.424671
-0.636975
0.795639
-0.835585
0.0715781
-0.165723
0.96974
-0.77501
-0.182113
0.945337
0.7307
0.631318
-0.49224
-0.658497
0.348712
0.855688
0.107464
0.132437
-0.441946
0.531083
-0.629128
-0.353557
-0.14992
0.0108625
-0.523522
-0.766062
0.227654
-0.421612
0.162559
-0.690618
-0.033281
0.0650281
-0.896281
-0.316854
-0.724995
-0.840997
0.989527
-0.345626
0.621956
-0.482357
0.365211
0.524729
0.192229
-0.0556423
-0.169835
-0.294013
0.873975
0.662821
0.920137
-0.752361
0.46507
0.858326
-0.648986
-0.857732
0.487448
0.151564
0.680419
-0.72487
0.590674
-0.602426
-0.667294
-0.657157
0.647776
0.331002
0.0468836
-0.278389
0.757524
-0.214613
0.632513
-0.134479
-0.246566
-0.0734181
-0.393098
0.501012
0.00422063
-0.526075
0.801167
-0.232876
0.100779
0.814106
0.232562
-0.764124
0.885315
0.250993
-0.337328
-0.719731
0.595778
0.238466
0.0696457
0.784728
0.564505
-0.713428
-0.37809
-0.497403
0.487666
-0.931124
0.140025
0.532223
0.744624
-0.319389
0.632352
-0.781215
0.689469
-0.74615
-0.198634
0.595199
-0.70504
-0.521874
0.454724
0.442944
0.28182
0.381063
0.081828
-0.501108
-0.308408
-0.624031
0.830468
0.164036
-0.19777
-0.0716176
0.890372
-0.694295
0.177356
0.0122648
0.220901
-0.945375
0.760079
0.86492
0.129678
0.395056
0.840781
0.399732
-0.695502
0.156375
0.212825
-0.148245
0.482897
0.866648
0.833845
-0.104277
-0.774952
0.967048
0.664723
-0.762705
0.838798
0.717362
0.0265409
0.152741
-0.216583
-0.90024
-0.330169
0.594117
-1.00951
-0.330226
-0.199147
0.0781663
0.830577
-0.313041
-0.312475
0.469118
-0.108888
-0.569219
-0.105008
-0.727607
-0.64438
0.00666049
-0.15647
0.827369
-0.276924
0.156583
0.241634
-0.978354
0.325574
-0.644543
0.91637
-0.708011
-0.175068
-0.82682
0.997466
0.0040988
0.175877
-0.870698
0.498298
-0.587554
0.78721
-0.609473
-0.621358
-0.925
-0.0547526
0.127662
-0.859692
0.556727
-0.097337
0.0471749
-0.125063
-0.201199
0.113956
-0.689103
-0.621725
0.74144
0.884099
-0.280662
-0.466289
0.279406
-0.187089
-0.957743
-0.68772
0.436098
0.29229
-0.957567
-0.554193
-0.533756
0.341814
-0.95991
-0.77809
0.601139
-0.639037
0.30815
-0.526709
-0.785833
-0.495136
0.46695
0.713227
0.650323
-0.211373
0.329293
-0.609658
-0.413506
0.778347
-0.983819
-0.831086
-0.581575
-0.938665
-0.634127
0.189904
-0.129319
0.794723
0.624433
-0.323672
-0.479321
-0.237631
0.186791
-0.459299
0.254069
-0.171616
0.111424
-0.123736
-0.402655
0.913062
0.525053
-0.716278
0.738658
-0.0236752
0.787768
0.585156
-0.190266
-0.9641
-0.453703
0.0862631
0.262065
-0.484639
-0.710023
0.670522
0.958672
0.0212771
-0.665357
-0.4619
-0.956022
0.832884
-0.764513
0.158509
-0.44838
0.116744
0.30926
0.647572
-0.606882
-0.976102
-0.69115
0.815077
0.747828
0.194862
0.193389
0.313496
-0.649856
0.82165
-0.174901
-0.242095
0.0339424
-0.915784
-0.666638
0.476523
-0.835312
0.208481
-0.510671
-0.220137
-0.412033
-0.27864
0.44338
-0.404752
0.143601
-0.0369435
0.333885
0.86436
0.444163
-0.59403
-0.939526
-0.465104
0.192831
-0.895121
0.0183221
0.200305
-0.324785
0.539729
-0.793323
-0.837979
0.471463
-0.00797827
0.381193
-0.132669
-0.497558
0.663245
0.598021
0.376163
-0.457898
0.176515
-0.279628
-0.807742
0.848575
-0.718308
0.909676
-0.110273
