-14.508
-11.5818
0.44379
-13.3869
47.732
-4.8202
-4.27234
-17.3943
27.2187
-1.81873
14.0655
8.03613
-3.33292
7.25548
-9.62335
3.63439
6.13491
-5.35926
12.737
-0.538898
6.68267
-2.6453
-11.3985
27.7596
-15.1631
-4.56386
12.8183
15.1214
0.79956
-11.609
12.6361
-23.2937
5.41588
7.5248
3.3993
-18.852
-4.03448
23.8968
0.0269709
18.3069
-10.9924
9.29455
2.68473
-6.5644
6.95862
12.5941
8.23957
-8.33047
-4.28418
-40.155
-6.06891
-8.40804
2.8104
17.1258
7.53668
-1.36783
-3.45078
32.2532
-1.63082
24.1713
13.4901
-9.43363
18.8919
-0.0469452
-13.3917
-12.4475
-16.5147
21.4357
-0.859223
-8.43578
-3.56462
11.5766
-8.03617
-1.58153
-19.7113
-19.2173
9.63587
7.49257
9.99242
20.2876
-7.45776
16.6117
9.33693
-21.6994
7.58208
-5.41585
-6.92336
5.26256
39.1564
1.14993
6.24039
-9.49936
-4.05221
7.38337
13.0796
12.6853
8.09879
13.7486
21.7086
10.8929
24.2356
-6.56645
-7.87108
-4.78965
18.0404
-28.2751
-15.5354
6.60938
5.285
-4.64479
7.91627
12.1354
21.5256
17.4506
-2.69682
11.0168
-8.72547
38.9246
0.625369
22.6054
16.725
22.2268
-4.59281
-2.57039
1.86945
-8.33643
-9.38529
11.9271
-4.34183
-17.346
-11.6927
18.5746
3.29664
-12.751
-2.11735
-8.72081
8.46543
8.88043
-12.7379
20.8793
11.0078
-13.7472
-27.3276
-16.7608
-0.956172
-1.31239
16.8333
-4.71151
-15.5208
3.43216
3.58668
8.07313
15.4371
-0.602813
35.3547
18.8866
-12.1383
-1.08757
-9.51321
-13.9572
8.74751
16.5264
10.4564
20.7439
14.2373
-1.94815
18.227
-24.0565
-3.19666
-7.87599
10.8067
-20.2218
1.45378
-14.1102
1.77686
-3.1732
21.6475
-1.47888
10.8652
21.6285
19.9119
2.44211
8.5948
-20.5733
-13.0154
-4.22537
9.68372
-0.172514
0.445465
-4.47534
20.3322
0.399764
43.8596
9.5361
-34.5382
-13.2897
-4.84645
-13.764
-25.201
-3.44155
-14.0008
1.58538
-1.43427
15.0971
1.04057
-11.4694
-15.3775
-4.71641
-10.0192
-8.15751
-7.28181
9.76329
13.286
-0.218345
2.21002
-6.68009
18.4239
-18.7543
1.05919
-22.4865
10.5145
-23.1095
1.3692
-5.12866
-14.6932
-11.1341
-8.45324
-24.208
-10.4758
-7.48122
-14.7737
-1.32533
18.6887
-28.6716
-1.523
27.1795
4.68879
15.0714
8.34701
-5.15179
5.20971
6.21448
5.47203
15.776
6.44361
9.85013
17.1237
-4.43152
-5.57375
-10.9425
-2.85828
-0.0763877
24.78
5.77232
-23.0294
1.32275
11.9483
-11.7531
8.4027
14.7935
4.56164
-19.5863
-6.49058
4.59911
-0.938849
-0.244448
27.5541
12.4186
9.13701
-13.6347
-11.3952
25.9158
-19.1828
2.98209
-16.9462
-13.5642
-2.70678
5.1465
20.9727
16.628
-8.37035
-16.3099
-13.8665
22.1977
-10.1636
-16.9134
-15.0549
13.1219
-9.87329
-26.7816
-17.8571
8.84182
3.03272
14.4964
-1.78095
-22.2739
2.78096
11.2254
6.62185
-18.6687
2.23083
11.2604
-5.68077
-3.02274
-26.0471
-2.83286
15.8511
-8.58672
19.0589
-3.52745
-17.7995
-15.0229
-23.4549
4.93929
-1.01646
-0.10704
10.449
-10.1846
-14.2762
-4.37507
-9.39197
14.6037
5.18362
10.8071
-26.6514
-1.17915
14.2634
-8.257
-4.74687
-4.77383
2.25998
11.007
6.86906
4.34992
-6.06021
14.0872
15.8319
22.354
14.9131
-7.22521
5.15703
14.7479
-27.7362
3.73348
1.50624
-15.9352
43.9189
-4.36011
1.24867
9.37315
-4.25661
-14.0421
-9.30273
7.78619
7.29653
-10.1561
2.16011
21.2204
-0.111027
-30.252
13.9288
-5.80802
8.25156
-4.77516
21.4375
27.0078
25.1886
14.8798
0.59919
-2.90807
-2.66836
1.061
-3.20746
11.4492
-4.29225
10.3514
0.444224
-11.1163
-4.66831
5.73066
-1.46487
11.7832
21.2347
-15.9429
-19.7778
-21.0952
-5.81482
-25.0293
-2.8432
-13.6733
-3.67059
-15.753
-7.6912
0.33833
-13.7427
-9.19314
-3.93356
-5.24846
2.55781
-32.1414
-27.9089
-11.9506
-11.6757
-0.926893
15.4252
16.8084
0.378429
-3.78138
5.69206
25.2541
-13.8882
17.553
15.5773
-1.91544
18.479
-0.0703751
-29.5074
3.64257
-9.79645
-16.9276
-26.877
-2.20283
-12.2853
-18.4663
-6.85729
6.32288
19.162
13.6695
-15.4432
-9.36815
1.54737
4.95046
1.99945
9.22645
-16.3489
8.34329
6.39042
-23.4521
-8.96532
18.9405
-16.3615
-0.0548171
-16.2114
22.7434
2.58229
11.6067
-3.66418
17.787
-0.500595
4.95352
3.39471
-12.2023
19.4428
-8.85737
1.05666
-4.62683
-24.4664
-5.6269
2.22458
18.997
-5.07693
-7.75021
-5.31696
-7.13476
4.56616
-12.138
-19.0975
-3.04085
-14.8126
-18.172
11.2466
-8.0441
5.85521
-11.855
-4.14235
13.657
31.6788
16.4986
-20.751
-2.98738
-19.5507
-14.2131
9.38473
-1.39709
7.23305
0.581246
-10.1848
4.47623
-3.14818
-3.8138
-12.7845
-8.72704
-15.7987
5.17083
10.3015
-2.09711
-15.1604
-3.7869
13.6653
-5.84039
1.57702
-16.7949
-8.16869
-13.2138
13.6022
-13.7226
12.3522
-15.3184
10.4161
-31.6116
-6.70394
37.1556
-19.5397
-20.644
-12.9675
6.29562
-17.8872
-7.75496
1.57182
1.25437
-1.75253
2.01932
25.3036
6.43653
6.28131
-9.51448
-6.7221
-9.44289
7.5458
-17.5019
-7.22489
-19.334
-6.88354
-2.12903
25.0677
-0.605474
-10.9168
-1.70493
-14.1529
13.3212
-8.01179
1.51427
-21.1284
-8.28172
-12.5611
-0.701706
25.256
-2.01978
-3.57176
-7.20792
0.021834
10.1841
19.0654
-3.15527
1.91873
-1.85891
2.93871
3.37727
6.79237
20.4858
-1.32992
-7.18675
-13.3379
24.4083
5.17252
9.71098
-1.28747
23.3477
-4.99102
17.8908
-4.52195
9.97728
1.07669
4.41347
14.3766
4.05066
17.5631
-10.9007
15.0961
-1.70966
15.3444
-18.172
8.74791
-18.8044
3.98448
-1.1756
-37.1251
-5.8416
11.7095
14.2925
-6.99963
-1.73252
4.4755
9.01805
19.3095
10.0209
10.6886
-4.24401
10.8383
-4.94125
-5.82866
-1.2844
6.62971
-16.0748
8.12544
3.88717
-12.9162
16.0066
-6.2886
-12.7869
4.57408
-5.52158
9.06141
-2.42482
-0.957047
5.3892
-20.7279
12.511
12.2878
-1.84512
4.87882
1.04087
-0.122938
5.41437
15.0591
14.9764
-13.7585
19.6166
4.97265
-13.9654
-6.47337
11.8959
14.4661
-1.39956
-14.7064
-7.59586
-21.6345
-5.48124
-1.00981
4.74806
12.8395
-0.696274
9.40983
7.3357
7.06609
-5.0356
-6.18941
-13.959
4.13742
0.257875
12.5524
7.28323
15.4298
-2.06157
-2.1603
6.81489
5.44143
-12.9712
-5.44716
-14.0431
2.85581
0.0362084
-9.81195
-17.5401
6.07845
-8.3784
0.0348601
-16.4931
-12.0602
3.48634
14.6981
15.2403
1.13032
-20.4849
-0.983152
10.4873
-6.76462
17.133
-12.2487
-11.6005
18.5736
-12.2885
-4.62005
-7.48041
-7.2737
0.412032
-10.0861
0.0368902
-18.4422
7.73711
1.00138
-22.2531
-8.19594
-37.8743
20.1273
-3.57971
-13.6321
16.7759
15.2195
-17.3366
-14.0307
0.590834
12.7207
-5.96454
-28.2782
1.67229
-11.1143
-22.9319
12.3517
-10.0601
13.256
-7.91704
-1.07133
-2.97873
-8.92969
19.5462
-16.4646
28.1433
-20.9379
2.92663
11.4814
-2.51678
12.6534
-10.6511
17.5023
-15.3238
8.19835
-15.5566
13.6633
8.91719
6.3064
6.38644
21.7948
-16.0381
-7.13998
-1.75062
7.57151
-12.5634
11.9381
17.5461
-20.784
-3.28682
10.2494
29.3756
-2.54163
-7.8573
-8.8245
15.6055
4.53822
5.12762
-1.74416
4.45629
14.5875
-16.9422
-21.3879
7.77617
20.7828
15.6483
4.23446
8.60013
5.85622
-3.04247
15.5396
5.71291
9.84385
1.01103
-4.00122
-7.1107
-12.5771
5.70384
1.94387
5.24496
6.48222
-21.506
-24.3394
14.2066
18.608
14.5334
-4.93724
-5.94273
-9.00911
-9.14672
15.5589
-16.8709
4.03911
-8.30657
-10.6864
4.16554
-5.07685
-8.13573
1.09395
-31.4018
-4.98791
-2.61688
-4.90691
-1.63808
15.7901
-25.9439
-5.69733
-13.3025
13.9953
-19.8565
-0.62677
-0.413382
19.1195
15.8819
5.2336
-17.4509
-14.5087
-33.3171
16.1025
-2.71805
5.73437
-12.1253
-11.8512
4.88823
16.6199
6.98539
-3.79613
8.36276
12.7549
-20.9086
1.76662
-22.0344
-2.92021
-12.8753
13.5644
-8.25504
-1.1724
10.8784
-35.5621
-6.80988
-0.765131
-8.97547
-9.50687
1.607
-9.03103
5.06629
3.81264
-19.9276
8.95305
3.86041
15.4359
-12.2797
3.08094
1.48827
2.77481
1.23911
14.4959
-23.4788
9.48218
-7.68461
-17.8889
16.9121
-3.59277
10.5105
-12.6273
9.7615
18.5828
-9.92847
-6.53096
-3.72588
1.50018
4.55197
-19.5156
-6.00051
-20.8495
-3.8206
-4.57995
-0.837016
1.57094
11.0637
3.05266
-1.98286
14.3068
0.823515
-23.3773
-8.44413
-9.5707
23.4089
-6.14558
6.89058
-22.2865
-1.4345
27.2005
-20.1233
-5.07114
9.965
-4.35843
4.06397
-2.52216
-24.1587
19.9652
-18.7389
-6.32396
33.0106
3.98566
1.01576
-11.4063
10.7201
-4.47453
-8.3542
4.93819
6.46309
13.5743
-12.8258
39.4596
0.84614
11.0766
15.6223
-18.5824
-20.2573
6.91641
2.01432
-16.6258
-2.54138
0.421679
13.9019
1.94588
0.983842
-6.10667
-4.17737
5.16133
-3.79168
-19.0136
17.2212
10.8538
9.83645
-20.2046
19.8357
-11.9449
-9.62104
-7.40529
17.5244
6.23062
12.0779
-12.3599
-5.20167
-11.283
11.1896
-9.1377
16.065
6.32367
16.3306
12.0468
-1.80725
-2.45806
-7.10665
3.44147
5.56893
-5.50519
6.52977
-15.5184
-0.751742
-11.3382
-7.8636
-5.16876
22.2946
2.12097
-7.18732
8.36989
-4.72142
8.56818
-7.09862
5.02399
5.33557
3.83732
-2.79448
-8.00288
-21.2523
1.94145
-20.6607
-2.28831
7.48853
-31.528
5.08822
-18.5031
7.45073
-0.431671
21.0108
2.23209
9.19356
1.92408
0.39942
-16.7945
-17.4375
14.5655
10.4001
-18.1155
32.3009
-5.51896
-2.64016
10.5588
-7.34266
-18.2695
9.9382
-14.2752
19.2119
19.4455
-7.80018
6.44252
5.31688
12.7918
-0.689488
7.67413
-8.88747
-1.99813
14.0843
18.8325
-6.8854
-14.6391
3.92438
-0.121308
-9.94023
-14.6679
-9.90368
11.1791
-18.1257
0.325792
-4.0875
-30.2058
3.0939
-18.4837
4.4091
