0
0.0217103
-0.0220431
0.181557
0.678746
-0.198483
0.242099
0.0665722
0.477299
0.0118612
-1.31127
0.575818
0.294234
0.486639
0.43513
2.3126
2.21494
3.47816
1.23182
1.42801
0.883866
0.789663
0.820059
1.25307
1.61658
0.91317
1.46776
1.38494
2.64137
2.24979
3.44822
3.28621
3.64519
3.85076
2.7366
5.68894
6.49726
8.71251
10.0265
13.0376
17.8187
21.1451
12.9668
-22.4628
-63.0462
-29.2434
58.5712
-19.303
-32.0741
69.7297
-119.397
-63.5904
42.0385
-2.62638
-6.93456
-11.632
-8.85609
-9.73453
-7.3762
-8.01421
-6.73841
-5.00801
-4.82257
-2.84802
-3.74911
-2.37725
-2.93634
-3.1829
-0.575493
-2.72147
-0.699668
-1.32411
-0.603753
0.12162
0.042851
0.519004
1.70139
1.5859
2.2391
2.68156
0.898398
0.0903817
-2.65708
-7.21924
-14.8796
-15.32
-3.96774
12.17
10.9959
-9.93989
-19.2824
-1.03178
1.59403
-19.0466
-8.71967
-4.15463
-22.817
-6.40786
-21.4294
-0.88055
-7.05542
55.6037
57.6265
-4.40793
-25.5136
-17.0682
-4.19349
2.84406
6.19954
4.87093
2.56525
2.12379
2.25178
3.26692
4.15694
4.44312
3.05516
0.801955
0.740099
0.292565
-0.369947
-1.30893
-2.01242
-2.74744
-3.11177
-2.48029
-0.327748
-0.0996154
-1.97567
-6.3016
-8.29639
-4.16417
0.159132
-0.811051
-5.46376
-4.34368
3.53867
0.584976
-7.07538
1.73532
3.84073
-7.03259
5.27913
3.0655
-8.44997
7.56989
-10.234
7.23061
-9.36386
8.20526
-21.0431
17.3601
-41.116
0.199082
55.4342
-9.73924
-34.1275
2.40566
16.8934
-2.1927
-8.31983
-0.528091
0.26225
-1.98235
-2.50586
-2.05551
0.120227
0.316695
1.33781
-1.01045
-2.78193
-5.91661
-3.81031
1.82033
2.91731
0.390343
-8.32658
-5.49647
1.40447
0.93138
-3.70688
-5.01224
3.5736
1.17421
-9.38704
4.92024
4.21511
-8.81532
5.81078
5.81316
-7.36298
7.6693
-4.31087
0.329397
4.38917
-16.6049
6.02777
-15.5598
7.22606
-17.3646
16.5325
-12.1133
10.2591
29.9923
-27.3825
-13.3533
9.28622
5.95147
-5.99788
-1.50414
1.39625
-4.27634
-3.3507
0.813608
2.47974
3.65508
3.34105
-2.3335
-4.17418
0.566735
2.90818
4.38564
-3.36592
-2.87236
3.66869
3.88678
-5.00518
-0.450338
6.0701
-2.10809
-5.80696
6.83121
1.06191
-8.74917
8.03468
-1.71919
-7.82383
9.85555
-8.91172
3.65274
1.63172
-10.5976
11.8696
-11.956
8.54968
-6.98955
4.62041
-4.13493
6.25443
-6.5043
10.3394
-20.627
24.8912
-25.8059
1.55076
27.2456
-12.6276
-19.7484
8.63284
14.4427
-10.1928
-3.86929
6.79446
0.0311448
-5.92927
0.599853
6.08818
-1.75405
-4.60018
3.10786
1.19125
-1.9578
-2.5911
2.9065
1.63257
-4.30509
1.00681
3.13722
-4.37217
-0.653745
3.73744
-3.17383
-0.427899
2.95309
-5.35851
2.32669
0.886487
-3.16668
3.26438
-5.07888
2.18189
-0.929166
0.122713
0.459272
-1.63772
3.55322
-4.685
6.60172
-9.49209
9.0369
-11.5203
9.6745
-4.57155
-9.87197
29.8323
-37.5041
17.8791
9.90335
-24.2075
20.9635
-11.7807
4.30381
2.16086
-6.52646
6.58537
-5.43505
3.62092
-3.06717
0.863932
-0.228084
-1.3244
1.34036
-2.34626
1.36894
-1.91775
0.749329
-0.491136
-0.790821
0.0133009
-0.444821
-0.850908
1.28364
-1.78523
1.4219
-1.44054
1.16863
-1.67978
1.23971
-1.92465
0.133395
-0.72072
0.0480437
0.42277
-0.340797
0.237912
-1.54249
0.277402
-1.69187
1.06031
0.383455
-1.5171
3.32538
-4.52786
4.18147
-2.35904
-3.11122
2.72168
2.38305
-2.89608
-1.56661
2.8227
-2.7981
1.86448
-1.77662
-0.859464
2.25321
-3.14228
1.97115
-1.56439
1.37049
-2.06729
1.36684
-0.842576
-1.25716
1.65598
-1.33778
-1.26984
1.7175
-1.47206
0.585539
1.24119
-2.79294
3.06537
-2.85204
-1.17012
2.55043
-3.74717
2.51714
1.06055
-3.34714
3.96207
-5.09347
2.85754
-1.17706
1.07711
-0.632091
-1.77978
1.23204
1.11539
-1.08351
0.834242
-2.96808
2.84383
-1.49599
-1.81763
1.54292
-0.344785
0.560068
-1.58493
-0.40835
1.39052
-0.466885
-1.68087
1.62712
-1.32968
-0.865377
1.87732
-0.466844
-1.00597
-0.329966
2.6281
-2.44109
-2.08387
3.71784
-3.90264
-0.277022
5.79452
-5.1243
2.40849
2.33547
-6.78884
2.85276
-0.759286
0.173998
2.81475
-2.22512
-0.157084
-2.88125
2.71827
0.023826
-0.254858
-2.55923
-1.18779
4.49347
-0.638869
-2.71058
-0.59926
2.83457
1.62276
-3.57278
-1.59747
2.51685
2.52202
-5.79414
0.960496
5.66086
-0.879114
-4.57875
1.12511
4.10843
-3.26126
-4.45926
4.7985
1.91575
-5.13842
-0.0729515
2.9484
-2.55023
-0.655044
1.14278
-2.73254
0.127315
0.2913
0.83421
2.98327
-3.77787
-3.36476
-0.863784
-0.620646
4.83458
2.09046
-1.31781
-2.60591
-3.32566
4.21551
2.972
-0.245193
-6.0339
-1.9743
2.4477
0.972298
-2.17605
-1.63503
2.64984
1.57334
0.0475506
-1.66495
1.31853
-0.25275
-1.73134
-0.607107
-0.820064
-0.432919
-1.24938
0.98893
-0.707403
-0.583949
1.13597
0.971128
-0.557602
-0.587384
-0.356551
-0.999857
-0.325421
0.74281
-0.565194
-0.0213853
-0.628402
-0.983727
-0.0372321
0.222252
0.440495
0.274107
-0.9957
0.00513063
0.062485
-0.0874251
-0.754606
-1.80551
-0.029749
1.76327
0.352981
0.308076
-1.57227
0.500678
-0.498008
0.0407714
-0.507382
-0.0700187
-0.0870182
-0.731287
-0.0881845
-0.584216
0.484913
-0.530019
0.74477
-0.0945977
0.965096
-1.32233
0.150424
-0.425715
-0.776575
0.0576656
-1.07248
0.810401
-1.37367
1.06894
0.949352
-1.44465
0.151895
-0.162079
-0.515066
-0.0489704
-0.473018
0.780817
-0.448131
-0.627446
-0.222171
-0.0084779
-0.0905243
0.50585
0.0277555
-0.512832
0.633535
-0.302194
-0.160031
0.244658
-0.82612
-0.477508
-0.296545
-0.0879763
0.0737762
-0.118534
0.249431
-0.144754
0.180949
-0.945614
-0.355003
-0.308764
-0.119554
-0.545776
-0.15577
0.38877
0.15992
0.165245
0.320218
0.202249
-0.29142
-0.491805
-0.384438
-0.534743
0.314097
0.138555
-0.185887
-0.0831224
-0.491894
-0.325176
0.15533
0.216134
0.338478
-0.280692
-0.665454
0.212036
0.474732
-0.240419
-0.340252
-0.283476
0.0363176
0.193227
-0.368969
-0.315861
0.13831
-0.0953631
0.173574
-0.192698
-0.322698
0.119474
-0.299197
-0.180013
0.179871
-0.0105369
-0.240603
-0.281555
0.138252
-0.335897
-0.633966
-0.277211
0.247378
-0.533522
-0.149188
0.146836
0.124878
-0.240715
-0.0137447
0.000454002
-0.76961
-0.24438
0.395412
0.206532
-0.155715
-0.147645
-0.393084
-0.280492
0.0958753
0.343509
-0.349625
-0.282587
-0.611332
0.326976
0.463404
-0.627516
-0.190078
-0.0284636
-0.0174028
-0.206805
-0.672982
-0.0225102
0.302395
-0.153737
-0.355149
-0.0646118
-0.136903
0.24412
-0.660322
0.146424
0.0740678
-0.414578
-0.0819761
0.206431
-0.084198
-0.664086
0.0204084
0.49321
0.0929414
-0.487973
-0.0967188
-0.219966
0.231999
0.591278
-0.129832
-0.890062
-0.446156
0.236541
-0.216492
-0.060985
-0.101875
-0.72818
-0.705959
0.704991
0.307622
0.0983044
-0.826353
-0.661961
0.110403
0.259403
-0.968863
-0.0683201
0.75473
-0.326459
0.00639482
-0.653266
-0.457052
0.553728
-0.0970044
-0.397119
-0.220081
-0.145533
0.256459
-0.0629286
0.271383
0.330315
-0.739468
-0.640973
-0.29389
0.530129
-0.937911
-0.357985
0.718555
-0.340096
-0.272828
-0.523615
-0.0628096
-0.818236
0.344922
0.0805007
0.067144
-0.788342
-0.0507247
-0.294491
-0.0568775
0.489778
-0.363213
0.0382275
-0.489249
0.642092
0.585415
-0.317914
-0.660231
-0.201697
0.32765
0.0725742
-1.15581
0.288774
0.515798
-0.743082
-0.0671032
-0.195169
0.241633
0.586276
0.0833958
-0.0687187
0.928706
-0.71663
-2.44193
0.0124669
1.6451
0.608145
-1.43722
1.09599
0.79035
-0.216175
-2.12113
0.0825371
1.71265
-0.928522
1.53264
0.625877
-0.570973
-1.74793
0.933526
-0.224107
-2.38071
2.65783
-0.649937
0.999362
-0.517384
-0.342897
0.0238305
0.233916
-0.451872
1.88034
1.15014
-0.849624
-0.0505874
-0.390874
-1.28661
1.63569
-2.23261
2.23766
-0.602068
0.112252
-0.294502
0.588637
-2.49259
2.24877
-1.34993
-0.30688
1.81663
-1.05517
1.00882
-1.60264
-1.49877
-0.569659
0.947088
-1.02244
1.14107
-0.888459
0.174956
-0.542646
-0.408034
0.203241
-0.933156
1.074
-0.658774
0.305114
-0.905776
-0.0707986
-0.237506
-0.255072
0.980144
-0.81124
-0.0343403
-0.734785
0.473542
-0.549474
-0.0622158
0.180374
-0.167583
0.140946
0.0584707
-0.499397
0.0847774
-0.131351
-0.583219
0.154123
0.175403
-0.341139
0.328441
-0.465777
0.107449
0.131158
0.224669
-0.125521
-0.183093
0.405381
-0.671189
0.314288
0.399563
-0.448261
-0.198095
0.390696
-1.30852
0.605761
-0.384265
-0.441148
-0.0441219
-0.123075
0.32148
-0.409236
0.0477799
-0.281037
-0.478768
0.327453
-0.289256
0.792346
-0.796015
-0.125163
0.588834
-0.380257
0.343831
-0.546907
0.428728
-0.352203
-0.0161223
-0.0684187
0.427025
-0.158036
0.263343
-0.751211
-0.179543
0.271881
-0.18636
-0.237797
0.0899434
0.686686
-0.119263
-0.237219
0.277092
-0.201703
0.167377
-0.980918
0.598135
-0.431539
0.398726
-0.310776
-0.0622102
0.560561
-0.47666
-0.558465
0.430285
-0.397196
-0.42881
0.745544
-0.417659
-0.467156
-0.0946736
0.608074
-1.12273
0.324199
0.20698
-0.31373
-0.445668
0.370347
0.0667261
-0.273479
0.28034
0.0799814
-0.00767076
-0.532672
-0.144009
-0.203393
0.121925
-0.079594
-0.179268
0.155087
-0.181324
-0.0415441
-0.689428
0.627275
-0.19487
0.294168
-0.403888
0.588268
-0.129379
0.032651
-1.25039
0.184953
-0.905718
0.306884
-0.145573
0.346321
0.0246208
-0.480566
0.152977
-0.400434
0.0883273
-0.0566865
-0.0279396
0.304993
-0.223125
-0.154879
0.026978
-0.13624
-0.0877427
0.0231228
-0.0544417
-0.143571
-0.0594203
-0.0353554
-0.0632737
-0.0595321
-0.0865541
-0.0635504
-0.0630138
-0.0608131
-0.0758236
-0.0554332
-0.0647358
-0.0612818
-0.0684437
-0.0781607
-0.0598559
-0.0590133
-0.0642479
-0.0725019
-0.0660063
-0.0644586
-0.0674808
-0.057804
-0.076026
-0.0612074
-0.0607971
-0.0701469
-0.0677051
-0.0621836
-0.0654753
-0.0621908
-0.0642827
-0.0629957
-0.0645905
-0.0648154
-0.0644766
-0.0643588
-0.0643951
-0.0659796
-0.0664515
-0.0611813
-0.0631555
-0.06195
-0.0665732
-0.0686195
-0.0595709
-0.0520119
-0.0587476
-0.048549
-0.0517047
-0.0811389
-0.06042
-0.0414418
-0.0601681
-0.0479067
-0.0854714
-0.0550993
-0.0629397
-0.0901385
-0.0561667
-0.0542561
-0.0715788
-0.0116772
-0.0673298
-0.0567893
-0.0744911
-0.0651651
-0.0357487
-0.0685982
-0.0744232
-0.0703816
-0.0622017
-0.075119
-0.0414487
-0.0704242
-0.0344114
-0.0170423
-0.0732082
-0.0772331
-0.0595165
-0.0432217
-0.067373
-0.0133198
-0.0808371
-0.163275
-0.0397101
-0.0498194
-0.0698894
-0.0690874
-0.0341164
-0.0909379
-0.00803756
-0.119238
-0.069809
-0.0626512
-0.0637828
-0.0980595
-0.073932
-0.0839603
-0.0881264
-0.0329189
-0.071557
0.0700084
-0.0981833
0.100648
-0.0611371
-0.0327508
-0.167768
-0.116479
-0.0165244
-0.066557
-0.0496109
-0.00701582
-0.14445
-0.0744563
-0.0345972
-0.0917896
-0.0596842
-0.0615429
-0.017557
-0.0644775
-0.110468
-0.0782318
-0.0278274
-0.0974858
-0.037693
-0.0172787
-0.0742472
-0.0527345
0.0170214
-0.0100368
-0.0327205
-0.0138313
0.0469815
-0.10759
-0.0831427
-0.0536121
-0.0667066
-0.0326591
-0.0333179
0.0274416
-0.178279
-0.0198105
0.0451439
-0.10561
-0.0710982
-0.0406314
-0.0360109
0.0417392
-0.178736
-0.0284246
-0.0853627
0.0573048
-0.106
-0.0974191
-0.0477616
-0.193856
-0.0554536
-0.0568923
-0.0756901
-0.0494477
-0.049108
-0.22371
-0.0748604
-0.172417
-0.0868105
-0.0529168
-0.0554272
-0.103146
-0.123728
-0.270375
0.112113
-0.0758409
-0.0349402
-0.0419435
-0.0762724
-0.0591769
-0.0500456
-0.0491387
-0.0735473
-0.0472896
-0.0482245
-0.0523103
0.102311
0.738532
0.0535273
-0.0440804
-0.0453139
-0.0649691
0.0351266
-0.0384325
-0.051052
-0.00907398
-0.111358
-0.0295439
-0.0631612
0.0109915
-0.00747467
0.0609633
0.00854691
-0.0619161
-0.0994232
-0.0321879
0.0437356
0.0279138
-0.13042
0.297225
-0.0511566
-0.0751783
-0.204094
-0.0378665
-0.0320355
0.0281886
0.171937
-0.0838076
-0.194277
-0.035535
0.064504
-0.00573196
-0.156627
-0.0650617
-0.20148
-0.0566635
-0.0462897
-0.28737
-0.235584
-0.193475
-0.151311
-0.0596686
-0.0956793
-0.104332
-0.0651138
-0.0496744
-0.0873668
-0.017169
-0.00700729
0.00528899
-0.196352
-0.0319872
0.0674378
0.0805447
-0.0395751
-0.0648539
-0.104264
-0.101048
0.0733012
-0.124519
-0.104551
-0.130934
-0.129799
-0.189058
-0.0311011
-0.0338941
-0.0447926
-0.0685419
0.00437695
-0.100555
-0.0997557
-0.0422991
-0.0141812
-0.124441
-0.212304
0.0696423
-0.271604
-0.456794
0.295983
1.02406
0.324346
-0.36785
0.0639243
-0.0291594
-0.230439
-0.0069953
0.0802392
0.090396
0.0622634
0.000271561
-0.122927
-0.218427
-0.00825507
0.225364
0.474209
-0.484506
-0.93889
0.360651
-0.175745
0.249429
-0.40823
-0.33414
-0.100447
0.0256325
-0.103202
-0.24153
-0.147417
0.0600189
-0.0937376
0.0514344
-0.190616
-0.247857
-0.517559
0.346887
-0.657106
0.193994
-0.0305684
-0.300847
-0.369057
-0.391099
-0.219408
0.00561838
-0.0182087
-0.188673
-0.0683922
0.0338363
-0.126149
-0.337685
0.0453044
1.88451
0.594086
-0.360555
0.234259
0.108364
0.0185305
0.0979835
-0.0417666
-0.341766
-0.0338949
-0.17234
-0.070853
0.000285723
0.127529
0.0640032
0.135202
-0.18111
-0.261292
-0.247959
-0.268231
-0.367381
-0.0953805
0.393399
-0.678455
-0.129175
0.0318826
0.00527767
-0.0226738
-0.0603893
-0.109819
-0.162303
-0.262351
-0.298168
-0.45111
1.54783
2.46842
2.07394
-0.66017
0.6563
0.275682
-0.0944375
0.127359
0.113078
-0.00393295
-0.0223499
0.039122
0.171894
-0.0555916
-0.225843
-0.0720262
0.00965773
-0.0339799
-0.0229565
-0.0181128
-0.0660773
-0.0323216
-0.0551044
-0.348124
-0.068748
-0.0957393
-0.0716712
-0.0611659
-0.218513
-0.288541
-0.34834
-0.700998
2.2432
0.712556
4.17056
0.0620146
0.285934
0.236814
0.165062
0.00712298
-0.0932953
0.0221568
-0.0438096
-0.0669104
-0.0494523
0.222011
0.123763
0.33163
-0.0848146
0.144424
0.735162
-2.06103
0.887874
-0.14138
-0.162719
-0.143063
-0.13352
-0.0326787
0.0131783
0.0459816
0.0530447
0.106687
0.185103
-0.0486669
-0.161244
-0.102506
0.354025
-0.326646
1.4312
0.322289
-0.634902
-0.0212968
0.0675817
-0.0530136
0.070285
-0.103486
0.278999
-0.0526919
-0.151108
-0.214474
-0.237907
-0.277872
-0.22372
0.528987
-0.667097
-1.1004
-0.361774
0.0149635
0.0798311
-0.165009
0.14719
-0.1885
-0.16706
-0.00786095
0.171247
0.311736
0.237687
-0.185288
-0.444153
0.197428
-0.27997
0.703746
-0.0603158
0.652088
0.351786
0.00309624
-0.237861
-0.134647
0.0604279
0.140174
0.15799
0.0707
0.158971
0.074739
-0.126309
-0.00670196
0.143983
-0.318418
0.121926
1.33045
0.765269
-0.189158
-0.187439
0.0830749
-0.000999609
-0.0320145
-0.0919913
-0.0043156
0.0445221
-0.141788
0.0116435
-0.0740496
-0.0348427
0.0206348
-0.324606
-0.138969
-0.128576
0.0370212
-0.0875632
-0.0969781
0.00790944
-0.0779479
-0.103227
-0.251055
-0.0642507
0.0754539
0.131252
0.17316
-0.0583628
-0.0225037
-0.0724956
0.0897305
0.0773049
-0.0383562
-0.0702703
-0.110265
-0.0812792
-0.0962559
0.043858
-0.0298812
-0.0398725
-0.118739
-0.143402
0.017542
-0.00673826
-0.189904
-0.0119553
0.121715
-0.117767
-0.223046
-0.0798155
0.141055
0.177155
0.0768293
0.0820186
-0.0537087
0.115684
-0.210403
0.0451425
-0.12115
0.0433798
0.0654708
-0.0752183
-0.0654192
0.0087858
0.0263242
-0.027012
-0.0291192
-0.0225615
0.0557683
0.0583226
-0.0346527
0.030488
-0.0664706
-0.0481745
0.0684911
-0.00816561
0.0106916
0.0859714
0.0317042
-0.0126341
0.0187748
-0.0841301
-0.0755459
-0.0355468
0.00856293
-0.0637962
-0.0302367
-0.0269389
-0.0046934
0.0532075
-0.0640666
-0.0556358
0.0406046
0.00432556
0.0267619
0.013038
-0.00817571
0.0010507
0.0593826
-0.0282535
0.0725118
0.142661
0.478037
0.146384
-0.0719561
0.0727638
-0.0820043
-0.0654455
0.0239384
-0.0685702
-0.0327828
0.1081
-0.398441
-0.135172
0.0598096
-0.0382647
-0.00705021
0.0818727
-0.0389581
-0.0354195
-0.0821332
-0.0484301
0.157983
-0.2186
0.198889
0.116785
-0.10113
0.0121162
-0.0276664
-0.0163936
0.0295444
0.0885017
0.0851733
0.282256
-0.110417
-0.0459601
0.0232462
0.125256
0.0352642
-0.0113254
-0.0832277
-0.0571349
0.198742
0.0512634
0.0489709
0.256442
0.19387
-0.0319498
-0.0338744
-0.0245146
-0.0263398
0.0737654
0.18817
1.57891
0.352825
-0.306538
-0.139372
-0.166794
-0.00977696
-0.0419294
-0.129678
0.0548122
0.0804806
-0.0228197
0.0762385
-0.0664446
-0.00380499
0.0102969
-0.0371357
0.0452845
0.0888715
0.188951
-0.341
-1.53801
-0.198065
-0.121055
-0.0442301
-0.0265706
-0.015225
0.00108861
-0.230166
-0.291032
-0.0874882
-0.124575
-0.239565
0.0137193
0.0191535
-0.0541308
-0.0178253
-0.115789
-0.0989726
0.0161162
0.0659431
-0.320079
-0.156029
-0.100534
-0.0487729
-0.0384108
-0.0131002
-0.056274
0.0870361
-0.15532
-0.195193
0.219292
-0.201076
0.0124319
0.0283175
-0.0363437
0.0547172
-0.124929
-0.0330151
-0.0275385
-0.109017
-0.0438115
0.371212
-0.165733
0.0948645
-0.0132432
-0.084974
-0.0164735
-0.00194831
0.0244479
0.0928143
-0.141449
-0.501943
-0.188104
-0.103586
-0.0654946
-0.0521169
-0.0347276
0.0112266
-0.0544233
-0.0652803
-0.119472
-0.13417
-0.0104107
-0.0218669
-0.0390089
-0.0636901
-0.0867573
-0.00164777
0.0526168
-0.0552585
0.0238922
-0.0600562
0.00135241
-0.0175836
0.00833302
-0.105214
-0.052247
0.00288023
-0.0767724
-0.091318
-0.0560778
0.0731375
-0.283418
0.0486009
-0.0097447
-0.0838211
0.00112394
0.0202534
0.0252947
0.00866038
-0.0523427
-0.145674
-0.0685824
-0.0101669
-0.0144409
-0.0189608
-0.0448277
-0.420368
-0.429477
0.0623146
0.0174468
-0.0146673
0.0270969
-0.021722
-0.00412324
-0.0162966
-0.0133416
-0.025767
-0.0233122
-0.0285613
-0.115462
0.14385
0.0369139
0.0102718
-0.0396135
-0.00668155
0.0043294
0.0682644
0.135366
0.0102196
-0.00011779
-0.0207491
0.0139528
0.00724273
0.0423975
-0.0695896
0.262943
0.0454306
-0.0118401
-0.0292644
0.023345
0.0642645
-0.0369413
0.105084
-0.0875881
-0.0672664
-0.00594332
-0.00189984
0.0911742
0.0282261
-0.144065
0.168251
0.0113015
0.0438684
0.0228104
0.0596811
-0.0405233
-0.0376914
-0.0567925
0.0238694
0.033831
-0.0823325
-0.0560064
0.00925161
0.00155372
-0.0199881
-0.0263942
0.0121712
-0.0504084
0.00439301
-0.0128842
-0.00207379
-0.17639
0.0426416
0.00124938
-0.035165
-0.0515011
-0.0126197
-0.00672902
0.0374779
0.0168553
0.00765003
0.00779189
-0.100149
-0.0465298
0.00062397
-0.0224229
-0.0366004
-0.00363165
0.223639
-0.0283437
0.0305622
-0.00887307
0.00553687
-0.0246377
0.0317551
0.00356426
-0.0219012
0.0218503
0.0108876
0.130987
0.00686812
-0.0242117
-0.000388264
-0.125587
-0.0263518
-0.018424
-0.0211184
-0.00398858
0.144542
-0.0500323
0.0485925
-0.104789
-0.0641978
0.150156
0.019238
-0.00938661
0.0129126
0.0104991
-0.0181813
-0.00915353
-0.0272138
-0.0240993
-0.0296405
-0.00441744
-0.0102746
-0.0398519
0.0410571
-0.00733445
0.00117324
0.0229494
0.07051
0.114727
0.0153895
-0.0514597
-0.0383643
-0.0214844
-0.0306788
0.00159884
0.0244694
-0.00800369
0.0604522
-0.00765527
-0.0767248
0.0127153
-0.0297305
-0.0737777
0.00808724
0.0007529
0.0097145
-0.223179
-0.00507078
0.00086406
-0.0431712
0.0970277
0.00684662
-0.0342473
0.0067015
0.0868269
0.0150077
-0.013772
-0.0258912
0.0217269
-0.0305916
0.0316726
-0.0208086
0.0118446
-0.0176983
-0.0228174
-0.000415017
0.136124
0.00359735
0.00157697
0.0115464
-0.00916376
-0.00319564
-0.0143119
0.0106879
-0.00628026
-0.0016831
-0.0507181
-0.0224935
0.0222325
0.0193019
-0.014207
-0.0140614
-0.0178474
0.059337
-0.0282693
-0.00148769
-0.0326949
0.0121516
0.0382412
-0.00229526
0.00628798
0.00597313
0.00251254
0.0156902
0.00952026
0.00886565
-0.0094432
-0.00506917
0.00750323
-0.00113877
-0.00651818
0.0186441
-0.0037973
-0.0110745
-0.00940509
-0.0235176
-0.0148286
-0.0236325
-0.0364327
0.0021437
0.01005
0.0126285
-0.00891493
-0.0291514
0.0679924
0.00277847
0.00140499
-0.00312196
-0.0682129
0.00414694
0.00551554
0.000538265
-0.00707079
-0.00763765
0.00716586
-0.000511353
0.00179896
-0.00626691
-0.00523581
-0.0104991
0.0173319
0.000727076
0.00672156
0.0150404
-0.00601259
-0.00117517
-0.00743262
0.000173019
0.00704193
-0.00118894
-0.0132487
-0.00691361
-0.00269053
-0.0108377
-0.0023456
-0.000840784
0.0369179
0.00409502
0.00211824
-0.00214731
-0.00808285
0.00474956
0.00748684
-0.00220733
-0.000796513
-0.000993095
0.0035682
-0.00441725
-0.00152831
0.000904944
0.000656397
0.00421183
-0.0019527
-0.00204751
0.00307642
0.00453887
-0.00456835
0.00140177
0.00478598
-0.00104677
0.00397368
9.26444e-07
0.00227192
-0.000229277
0.000897148
-0.00043476
0.0014953
0.00223052
0.00173764
0.00514381
0.0012659
0.00159096
0.00133976
0.000896774
-0.000206708
0.00215951
0.00120261
0.00107166
0.00381856
0.0011761
0.00260066
0.00143784
0.00293775
0.00109849
0.00209432
0.000482373
0.001439
0.00394988
0.00216628
0.00338725
0.00191869
0.00331939
0.00229738
0.00232882
0.000893654
0.00134549
0.00254085
0.00335112
0.00312463
0.00235765
0.00281023
0.00250099
0.0026336
-0.00123746
0.0023117
0.00142214
0.00318424
0.000603766
-0.00136904
0.00358423
0.00444069
0.00295616
-0.00565634
0.00571981
-0.00512753
0.00357505
0.0161334
0.0102866
0.00741769
0.00446264
0.00329018
0.00343214
0.00842562
-0.00123029
0.00405327
0.00240499
-0.000360401
0.00603755
0.00414802
0.00585425
-0.00658051
0.000970618
0.00836355
0.00302026
0.00644399
0.00511171
-0.0349126
0.00443933
0.0115582
0.00682424
0.00827944
0.00762893
0.0201609
0.00120039
0.0109118
0.00302032
0.0123844
0.00297
0.0220139
0.014711
0.00573773
0.00950905
0.000173164
0.0190642
0.0184089
0.00820713
0.0115778
-0.000254807
-0.00432067
0.00573839
0.0115273
0.00732615
-0.00871593
0.00770081
0.0807606
0.0127014
0.00644501
0.00113937
-0.0526999
0.0273483
0.0159332
-0.0301437
-0.0131103
0.00154231
0.0450669
0.0612462
0.0178165
0.0267212
0.0115907
-0.0176651
0.00303544
-0.0195502
0.0026395
0.00224283
0.000299047
0.00428668
0.0115877
0.0111008
3.49261e-05
0.0311983
-0.00166431
-0.00641238
-0.0100143
0.00177148
-0.0397684
-0.0017656
0.0319302
0.00257681
0.040646
-0.066268
0.0147366
0.0471235
0.0164196
-0.00795848
-0.0238366
0.0279744
0.0510765
0.00341289
0.0139596
-0.000424904
0.0167324
0.00579502
0.0173213
-0.00538618
0.0114377
-0.00239953
-0.163
0.00554909
0.0358522
0.0208505
-0.00912831
0.0220461
-0.0248519
0.0399723
-0.0211141
0.0186435
0.0222234
-0.0051204
-0.085552
-0.0014012
0.0317741
0.00694657
-0.0873896
0.0390925
0.00241473
0.014804
0.251534
-0.00338238
0.00240046
-0.0058596
0.0865413
0.0188337
-0.0068422
0.0505654
0.0146578
-0.0545076
0.00944807
-0.0352996
-6.1309e-06
0.0333086
0.0335517
0.0401612
0.0568422
-0.0102776
-0.110052
-0.0591203
-0.0364821
0.0193295
0.0118793
-0.0474167
0.0158412
0.0147889
0.0100677
0.0287567
0.115059
0.0329325
0.0118718
0.00676512
-0.00440494
-0.0068087
0.0166417
-0.00546999
-0.160877
0.0641292
0.0957238
-0.0414407
0.0463749
-0.131128
-0.00692356
0.0164348
0.0110574
-0.00508393
0.140215
0.0227579
0.0220202
0.00282163
-0.1288
-0.00545375
-0.00605078
0.0229293
-0.00933607
-0.00960407
0.0314462
-0.00680537
0.00480778
-0.0215102
0.0294154
-0.217315
0.0026305
0.0343259
0.0274407
0.00732593
0.0339096
0.0297096
-0.00855343
-0.0098836
-0.00568955
-0.0378988
0.000428486
0.0320775
0.033547
0.0293009
0.00439399
-0.148292
0.187955
0.011682
0.0245955
-0.00304593
0.0260291
-0.00299999
0.0253918
0.0254395
0.0129416
-0.013973
0.0942828
0.0907539
-0.0308357
-0.0223363
0.105411
0.0571117
0.0383993
-0.0410392
-0.0114031
-0.0312584
-0.0243003
-0.163755
0.137011
-0.0165226
-0.0914832
0.0121324
0.0124728
0.0609023
0.10168
-0.102976
0.0433679
-0.0077478
-0.0139857
0.0230206
0.00343184
-0.0195829
-0.273999
0.0880018
-0.037498
-0.0119356
-0.0101841
0.00297725
0.00588139
-0.0193737
-0.135175
-0.0388076
0.0201561
0.00164733
0.047254
-0.0150373
-0.0291714
-0.0237033
0.160855
0.0428972
0.0305914
0.0317693
0.0158804
0.0120038
0.00484426
0.00899064
0.0166612
0.0252674
0.00184217
-0.0561222
0.47489
0.476717
0.0460796
0.0190999
0.0146173
0.0246143
0.0319008
0.158857
0.0567771
-0.0140932
-0.0186497
-0.0274836
-0.0015225
0.0693475
0.00358663
-0.0482862
0.284842
-0.0655203
0.0906661
0.0763726
0.0728279
-0.00903429
0.0604487
0.138181
-0.00729517
0.0208374
0.0408583
0.0561108
-0.00347382
0.0852852
-0.0400645
0.00589312
0.073155
0.0682892
0.0506119
0.0183618
0.0196213
0.159436
0.111517
0.0679594
0.0574752
-0.00781807
0.0367364
0.0625589
0.0633921
0.101859
0.194342
0.511601
0.163243
-0.0902006
-0.0285713
0.00676232
0.0256794
0.0851699
0.00120183
-0.0783605
0.17213
-0.364849
0.0440177
0.094567
0.00733773
0.00883394
0.126309
-0.0579249
0.0452577
-0.0188075
0.00554237
0.194939
-0.212768
0.204705
0.171086
-0.0647954
0.0571284
-0.00145227
0.0314061
0.0618893
0.109631
0.159073
0.309709
-0.0554686
-0.0151319
0.114605
0.122273
0.034508
0.0501272
-0.0248415
-0.0134604
0.235057
0.122818
0.081381
0.303364
0.262796
-0.0311097
0.0231819
0.031894
0.0449103
0.131427
0.187639
1.65482
0.510167
-0.230731
-0.0885471
-0.0527327
0.0392286
-0.0146972
-0.0300886
0.0846251
-0.0661651
0.0247212
-0.0664451
-0.0284063
0.0996791
0.0410631
0.0147275
0.152019
0.127834
0.256368
-0.177861
-1.52767
-0.188729
-0.0656883
0.0369907
0.0349733
0.0356267
0.0280386
-0.158408
-0.22425
-0.0609974
-0.0539343
-0.202743
0.0602747
0.0721526
0.0151286
-0.0220336
-0.10784
-0.00881899
0.0417132
0.121357
-0.2934
-0.0737533
-0.0823226
-0.0113503
0.00515433
0.0175857
-0.0192548
0.147559
-0.127756
-0.192787
0.209002
-0.161265
0.0354239
0.100051
0.0475432
0.0363407
-0.0770537
-0.00490157
0.0321454
-0.0650995
0.142147
0.40189
-0.106363
0.0529426
0.055989
-0.0112977
0.0607422
0.0796786
-0.0524037
0.068521
-0.135503
-0.475538
-0.120203
-0.0739058
0.0265953
0.0114703
0.00221777
0.0232893
-0.00650859
-0.00135719
-0.00451353
-0.0353389
0.0531071
0.0657355
-0.0404759
0.00218291
0.0319028
0.0410798
0.064363
-0.00894939
0.0218052
0.0757253
0.0889336
-0.0045059
0.0177043
-0.0107606
-0.0823841
-0.0044656
0.00707629
-0.0616389
0.0854611
0.0608615
-0.0399374
0.0465875
-0.0477736
-0.0597188
0.0134983
0.0320297
0.0262558
-0.0378377
-0.00421762
0.0761482
0.0731162
-0.0549507
-0.0501977
0.136418
-0.0432185
0.208693
-0.119293
0.052648
-0.0776154
-0.0683477
-0.156704
-0.174435
0.0624902
0.234445
0.124465
-0.0990678
-0.0140074
0.191955
0.0241075
-0.0180683
0.155496
0.10908
0.0309228
0.020081
-0.0571086
0.0857554
0.0973467
0.129357
0.0755432
0.0504301
-0.0749012
-0.0846979
0.0784291
0.0240883
0.0540603
-0.166479
-0.112751
-0.0535493
0.0659808
0.307481
0.119817
0.0789316
-0.00588604
0.113539
0.0902035
-0.053802
0.139743
0.155351
0.28838
-0.0211796
0.0332984
0.0744917
-0.0215189
0.137297
-0.0406663
0.00922784
0.104729
0.0328371
0.00545519
-0.0869088
0.191231
0.220454
-0.732397
-1.34245
-0.161694
0.322728
-0.163799
0.0103178
0.127674
-0.0775308
-0.153933
-0.0549414
-0.152
-0.133785
-0.0594902
0.144813
0.251436
0.0104377
-0.357554
-0.645845
0.126584
-0.705669
0.246829
-0.18127
0.451769
0.16292
-0.259123
-0.327009
-0.179279
-0.0619557
0.154914
0.205822
-0.14764
0.160221
-0.0786425
-0.00768401
0.370558
1.0966
0.680127
-0.528838
0.268146
0.271072
0.209839
0.19244
0.142763
0.0712433
-0.250432
0.0772015
-0.0557284
0.0517169
-0.0594859
0.024263
0.62963
-0.323729
-1.452
0.309394
-0.336349
0.0891442
0.177764
0.0657812
-0.17597
-0.129538
-0.0231834
-0.054103
-0.0106689
0.0329996
0.140954
0.154284
0.149941
0.135851
-0.882409
2.05391
-0.722833
-0.117702
0.0875386
-0.254359
-0.232952
-0.190676
0.0925185
0.0799705
0.0414278
-0.0149892
0.0971281
-0.00556287
-0.184493
-0.233908
-0.277795
-0.0366849
-4.24529
-0.461728
-2.1868
0.890766
0.374638
0.296389
0.239005
0.0934785
0.0745921
0.104809
0.0860782
0.306711
-0.0466714
0.0326305
0.0751585
0.0150364
0.0351571
0.0424449
-0.00537699
0.0459942
0.200634
0.0536364
-0.120656
-0.0318514
0.0387843
0.00999935
-0.0971903
-0.126274
0.126663
-0.259861
-0.553341
0.867302
-2.07793
-2.20106
-1.59249
0.457088
0.304092
0.240277
0.158576
0.115476
0.0524188
0.0398426
0.00210071
-0.0218811
0.202283
0.640641
-0.325961
0.0554531
0.323515
0.256707
0.259372
0.251946
0.191405
-0.129706
-0.0465068
-0.116752
0.00954903
0.0831448
0.164163
0.0382195
0.341948
0.0815806
-0.117951
-0.0479611
-0.14204
-0.232356
0.372567
-0.598758
-1.8687
-0.0405904
0.341919
0.134555
-0.0167663
0.0923535
0.170883
0.0609133
-0.0159733
0.201918
0.390846
0.359026
0.308353
0.00196533
-0.181285
0.658903
-0.308489
0.528515
0.261546
0.193705
-0.0585598
0.166009
-0.0693278
0.137091
0.25173
0.144036
-0.00220221
0.134231
0.354596
0.403163
-0.279942
0.206871
-0.382659
0.926121
0.479508
-0.48695
-0.210151
0.012936
0.22189
0.109064
0.00441765
-0.0573145
-0.089077
-0.0654893
0.0225585
0.222884
0.0180507
-0.0580092
0.279948
-0.293029
-1.05248
-0.333409
0.455327
0.280521
-0.066166
0.179662
0.128279
0.030037
0.0310895
0.109748
0.108281
0.0144935
0.0674421
0.0520084
0.0316317
0.033118
0.186139
0.132908
0.164068
0.110634
0.109457
-0.0795027
0.105458
0.109379
0.0810652
0.0391636
-0.0887028
-0.0562853
0.0523721
0.212709
-0.00794249
0.0105661
0.0227551
0.100201
0.0505681
0.0572223
0.096261
0.101113
0.083762
0.162359
0.209198
0.241708
0.293949
0.0457411
0.075376
0.239493
0.0341501
0.171339
0.0169313
-0.0689388
0.0250014
0.192435
0.098404
-0.212995
-0.0213511
0.0294834
0.0564675
0.21782
-0.00597267
0.0621891
-0.30715
0.138449
-0.0233742
-0.038542
0.0495491
0.111834
0.0627814
-0.0126724
-0.046649
0.011708
-0.00133074
0.0647745
0.0492963
0.115523
0.01148
0.0389988
0.0666563
-0.0467966
0.0778821
0.0502602
0.0455377
-0.0425131
-0.815413
0.0829817
0.0660876
0.0643524
0.0511531
0.113032
0.0583216
0.0541823
0.0662587
0.0761776
0.0537564
0.0283527
0.0962627
-0.0512886
0.206627
0.12605
0.104455
0.0637661
0.0701239
0.104789
0.176687
0.0698588
0.227354
0.0604738
0.048588
0.0742024
0.0554657
0.0472476
0.212878
0.0631723
0.100224
0.10654
-0.0336471
0.0803384
0.0144392
0.179237
-0.022234
0.043472
0.0594288
0.0737955
0.107092
-0.0365066
0.0136698
0.191517
-0.0267552
0.0414845
0.0196292
0.0661546
0.0459032
0.0841963
0.113427
-0.0365607
0.0226149
0.0392428
0.0181718
-0.0933741
0.0583115
0.0848895
0.0199911
0.0510614
0.0927684
0.0285779
0.0808881
0.173611
0.0694548
0.0231656
0.0467983
0.0533206
0.102161
0.0312294
0.078068
0.137547
0.000886435
0.0528001
0.0712624
0.0392463
0.140456
0.164095
0.0554423
0.0547346
-0.123108
0.099433
-0.0765481
0.0806449
0.0423033
0.0953426
0.112923
0.071653
0.0970932
0.0628361
0.065885
0.0749813
0.10977
0.0270815
0.0894528
0.0244932
0.0699755
0.0723459
0.0480235
0.0559575
0.111011
0.0828446
0.0295619
0.0721985
0.0495915
0.0628603
0.074735
0.0784611
0.0240847
0.0355972
0.091826
0.04538
0.0767024
0.0613068
0.0740329
0.0788014
0.0750578
0.0349487
0.066029
0.0846933
0.0430396
0.0790987
0.0130701
0.0714617
0.0551546
0.0588577
0.0958856
0.0625828
0.0554598
0.0851572
0.0539342
0.0604463
0.043745
0.0602771
0.0839402
0.0612627
0.0490956
0.0582045
0.0567
0.0615989
0.0660737
0.0683295
0.0638673
0.0653835
0.0630183
0.0688547
0.0677345
0.0694033
0.0672256
0.0690686
0.0676741
0.0689021
0.065562
0.0696379
0.0656193
0.0661551
0.0677834
0.0710309
0.0731204
0.0656796
0.0684097
0.0805122
0.061956
0.06791
0.0652495
0.0660744
0.0728603
0.0675945
0.065351
0.0613303
0.0811778
0.0718369
0.0640777
0.0670886
0.0676007
0.0697949
0.0800624
0.0674475
0.0734136
0.0700455
0.0675975
0.0631648
0.0338341
0.0235864
0.138811
0.0637741
-0.0160008
0.0915639
0.150335
-0.0126913
0.155035
0.221408
-0.301731
0.0320358
0.0652997
-0.0936881
0.404085
-0.1422
0.47401
-0.0245773
-0.33621
0.148761
-0.323804
0.928866
-0.19343
1.26377
-0.0181188
0.131504
-0.562537
0.422748
-0.295877
0.209539
-0.624665
0.71244
0.00534235
0.186573
-0.143582
0.184371
0.0701897
-0.117472
0.198008
0.170147
0.525452
-0.0233217
-0.0873094
-0.267366
0.279273
-0.0633645
-0.349858
0.445131
0.27251
-0.205886
-0.311576
1.12175
-0.590706
0.0934075
0.449554
0.415765
-0.741794
0.43488
0.405848
-0.414288
0.566321
0.473847
-0.563806
0.0682314
0.320372
-0.401212
0.435101
-0.581898
0.985802
-0.172174
0.178235
-0.287531
0.228347
0.112034
-0.678308
-0.042826
0.23733
0.18028
-0.251738
0.190123
0.733611
-0.263246
0.160275
-0.411512
0.102805
0.0297905
0.382166
-0.431531
0.543233
-0.361883
0.377971
-0.602713
0.147347
0.794982
-0.790959
0.29464
-0.29345
0.491693
0.276803
-0.0537397
0.413377
-0.321936
0.120833
0.0507507
0.444059
0.410153
-0.614943
1.31332
-0.356911
0.197669
0.441797
-0.398609
-0.295161
0.679268
-0.402055
0.180067
0.144394
-0.226461
-0.118016
-0.106202
0.463839
-0.372345
0.369549
-0.181533
-0.119008
0.584366
0.130693
-0.0822769
0.504549
-0.0622358
-0.11594
0.211629
-0.181358
0.046036
0.548641
-0.467431
0.741577
0.0233409
0.793981
-0.982215
0.281999
0.247369
0.0890395
0.926194
-0.345944
0.659346
-1.065
0.936937
-0.195612
0.380108
0.567089
-0.169166
0.871426
-1.13516
1.03826
-0.920896
0.573211
1.49236
1.70728
-0.926642
1.02466
-1.82302
0.331257
1.37786
-2.26538
2.4964
-0.599108
0.252375
-0.104877
0.579182
-2.188
2.17368
-1.6143
1.30329
0.391684
0.0204141
0.742249
-1.03627
-1.71934
0.467672
-0.235398
-0.00789947
0.346305
0.514498
-1.04266
0.665488
-2.62238
2.45049
0.217935
-0.89811
1.71334
0.548031
-0.634692
-1.57283
0.932668
-1.64622
-0.0274012
2.11537
0.208046
-0.789786
-1.14487
1.45629
-0.564476
-1.63797
-0.0280602
2.5115
0.729942
-0.976673
0.0472008
-0.092234
-0.596091
-0.208044
0.213914
0.080594
0.765464
-0.541525
-0.2702
1.16681
-0.119529
-0.323688
0.254619
0.679197
0.300665
-0.62099
-0.617972
0.549936
-0.0334546
0.374824
-0.465935
0.119058
0.304159
0.0605523
0.763743
-0.0847993
-0.0725937
-0.299188
0.826888
0.0838502
0.533361
0.271164
0.334436
-0.724249
0.37945
0.936378
-0.533885
0.356929
0.632701
0.710621
-0.342596
-0.268622
0.0576497
-0.258113
0.13717
0.242635
0.427156
0.0872941
-0.56608
0.472793
0.687264
-0.0487161
0.29187
-0.754591
0.0982979
0.949974
-0.276896
-0.120826
0.679669
0.808769
-0.101247
-0.311705
-0.668526
0.736203
0.710595
0.10897
0.0658709
0.219185
-0.216325
0.449937
0.881327
0.0884315
-0.574334
-0.225724
0.224354
0.1076
0.480939
-0.108883
-0.493155
-0.000668797
0.683161
0.0750629
-0.205252
0.0826847
0.428554
-0.0752363
-0.125
0.66104
-0.242274
0.154066
0.0696168
0.363186
0.148885
-0.297577
0.0345919
0.686917
0.209271
0.0133582
0.0191544
0.20297
0.631332
-0.472286
-0.305998
0.628344
0.273073
0.348098
-0.340573
-0.0739912
0.300028
0.392779
0.139493
0.147937
-0.21274
-0.368289
0.262911
0.77205
-0.0114061
0.0291918
0.260589
-0.12052
-0.1234
0.176145
0.555097
-0.252768
0.306695
0.651441
0.292268
-0.164305
0.287014
0.238379
0.01294
-0.144303
0.185498
0.289464
-0.11667
0.32817
0.17062
-0.167587
0.121579
-0.137308
0.329128
0.340059
-0.194266
-0.0335092
0.29646
0.335421
0.216746
-0.484409
-0.205231
0.685349
0.275673
-0.356526
-0.216178
-0.104789
0.35592
0.505993
0.0750618
0.174701
-0.148265
-0.310832
0.559044
0.387628
0.499803
0.275722
-0.228404
-0.328815
-0.164772
-0.149235
-0.36615
0.217324
0.54781
0.128066
0.321491
0.356972
0.904788
-0.185679
0.173328
-0.242465
0.135874
-0.070582
0.0974915
0.319891
0.472193
0.841179
-0.243793
0.171377
0.297685
-0.620856
0.519188
-0.0275412
-0.511357
0.0916053
0.054561
0.25393
0.65642
0.382443
-0.766106
0.483549
0.0638514
0.543041
0.179481
-0.173473
1.42518
-0.959507
-1.06742
1.39417
-0.809145
1.09506
-0.0145673
0.762681
0.459114
-0.149633
1.29269
-0.987094
0.0765647
-0.737318
0.549216
-0.466666
0.62969
0.10096
0.744357
0.0641682
0.0816542
0.49608
-0.0352132
0.487136
-0.498188
1.55946
-0.386428
-0.376179
-1.77589
0.0957352
1.85129
0.751811
0.0749261
-0.0641385
0.0175945
0.975234
-0.295615
-0.438117
-0.179945
0.0855521
0.988235
0.617813
0.0185451
0.555131
-0.758653
0.355518
1.01094
0.350937
0.552189
0.533017
-0.994882
-1.13333
0.61772
0.709864
-0.97106
1.31964
0.457155
0.802445
0.615793
1.67043
0.215867
-1.34061
1.65318
-0.133978
-1.61674
-2.60779
1.79983
2.16749
-1.02108
-2.42615
2.11656
5.91223
0.0649488
-3.16941
-4.10919
3.50951
2.58361
1.16695
-2.16986
-4.78156
1.01261
0.990083
3.46705
3.66369
-3.16111
-0.845947
-0.253946
-0.0972957
2.74536
-1.21759
0.737718
2.44888
-3.00282
0.242844
5.09497
-2.10839
-4.76039
4.59082
2.9603
-4.20251
-0.940971
4.57907
0.641412
-5.6704
-0.763036
5.79024
-2.63835
-2.50899
1.81049
3.38758
-1.68729
-2.81361
0.714636
2.68027
0.594238
-4.48344
1.20378
2.52171
0.161382
-0.147236
-2.58154
2.93211
0.140769
2.21007
-2.88264
-0.156854
0.710121
-2.60814
6.8239
-2.59945
-2.33558
5.01678
-5.82295
0.457295
3.89561
-3.71919
2.25736
2.35681
-2.65924
0.363026
0.996889
0.441696
-1.86622
0.901866
1.26964
-1.58749
1.73133
0.380389
-1.36906
0.483066
1.5698
-0.552743
0.347653
-1.51602
1.89494
1.45063
-2.82971
3.00833
-0.874504
1.08006
-1.13283
-1.2137
1.82714
0.486229
-1.03439
1.10173
-2.79291
5.08587
-3.9915
3.40462
-1.10353
-2.43104
3.76134
-2.59911
1.35544
2.72006
-3.04418
2.81508
-1.32225
-0.576906
1.4571
-1.68826
1.31446
1.30379
-1.67654
1.32534
0.820123
-1.3373
2.08118
-1.39603
1.57058
-1.99213
3.2147
-2.31459
1.02059
1.70696
-1.80968
2.80366
-2.80769
1.57669
2.80917
-2.30899
-2.71716
3.08689
2.41277
-4.21871
4.54495
-3.33327
1.51934
-0.399566
-1.025
1.70194
-0.202262
1.52907
-0.237857
0.329494
-0.398093
-0.0441396
0.76599
-0.138807
1.93509
-1.25402
1.65638
-1.16952
1.43248
-1.41652
1.78101
-1.29718
0.873692
0.457499
0.00346747
0.778267
0.500182
-0.754415
1.91987
-1.36705
2.33816
-1.26094
1.28484
0.296443
-0.870439
3.12637
-3.64469
5.43142
-6.57992
6.50061
-2.0771
-4.55467
11.97
-20.9286
23.9915
-9.6736
-18.0995
37.5518
-29.732
9.39584
4.96679
-10.0449
11.6696
-9.20674
9.55094
-6.67864
4.71669
-3.60895
1.89052
-0.60151
0.0919285
0.855486
-2.0702
5.08628
-3.31225
3.20188
-0.966416
-2.17962
5.38578
-3.04178
0.447722
3.17648
-3.76482
0.78946
4.34959
-3.14697
-1.00297
4.2792
-1.67574
-2.88309
2.7393
1.92124
-1.24251
-3.08865
4.61146
1.75137
-6.16558
-0.540764
6.08596
-0.0244257
-6.84275
3.71266
10.2664
-14.346
-8.64629
19.5877
12.7055
-27.1453
-1.84912
25.9528
-24.8455
20.5658
-10.134
6.43173
-5.78643
3.6767
-4.42425
6.69045
-8.42293
11.8707
-11.9098
10.7971
-1.69369
-3.46644
8.66579
-9.83899
8.09003
1.55764
-7.88681
8.81143
-1.29141
-6.78371
5.91521
1.65531
-6.05306
0.735854
4.94544
-4.06668
-3.58556
2.96621
3.34626
-4.50446
-2.75752
-0.423137
4.20156
2.12142
-3.51511
-3.61637
-2.2854
-0.709384
3.4048
4.35259
-1.48442
1.45285
5.98596
-5.92943
-9.32662
13.2924
27.4112
-29.8351
-10.6647
12.3888
-16.7343
17.4294
-7.23606
15.5541
-5.97881
16.662
-4.61178
-0.315069
4.1424
-7.51884
7.41355
-6.16875
-5.56611
8.83177
-4.29868
-4.67932
9.39889
-1.38258
-3.43259
5.1717
3.58485
-0.998042
-1.14119
5.60304
8.21462
-0.410198
-2.96306
-1.51435
3.97794
5.9584
2.6758
0.875323
-1.34492
-0.25887
-0.0591127
2.14182
2.57344
1.98989
-0.217689
0.509995
8.29567
2.2055
-16.9013
-2.46066
34.0962
10.0044
-55.3264
-0.473439
41.3444
-17.2495
20.9389
-7.96641
9.35043
-7.10913
10.1492
-7.56204
8.67466
-3.1917
-4.97438
7.04139
-3.95287
-1.67605
7.12207
-0.851453
-3.39498
4.63337
5.42469
0.72492
-0.0762201
4.52156
8.34407
6.20088
1.69353
0.132036
0.48764
2.56004
3.3381
2.82441
2.03006
1.31456
0.320914
-0.36425
-0.782994
-0.887615
-3.08284
-4.45183
-4.16802
-3.29629
-2.24654
-2.11272
-2.56448
-4.85138
-6.17487
-2.85058
4.20373
17.022
25.5138
4.45652
-57.4525
-55.5945
6.99152
1.08025
21.3751
6.57878
22.8689
4.03579
8.9252
18.9289
-1.61619
1.61223
19.533
9.47835
-11.6429
-11.7215
4.87147
15.4528
14.7359
6.98449
2.24971
-0.852598
-1.30117
-2.97539
-2.31714
-1.75618
-1.74412
-0.495048
-0.0387854
-0.168351
0.637789
1.30851
0.759003
2.72845
0.596721
3.18272
2.9495
2.39214
3.77744
3.01366
4.97877
5.15361
6.8088
8.06985
7.38824
9.77111
8.8551
11.5966
6.85931
2.5887
-41.7159
62.3552
120.729
-70.6696
33.5212
18.5399
-58.3081
32.9226
62.0997
18.8533
-14.2945
-23.5197
-18.5667
-13.372
-10.0713
-8.92624
-6.65035
-5.73066
-2.90981
-3.94522
-3.72666
-3.29669
-3.58003
-2.3332
-2.65666
-1.38451
-1.50682
-0.956552
-1.65267
-1.34238
-0.880769
-0.864621
-0.903915
-1.51064
-1.26136
-3.32739
-2.57318
-2.56089
-0.169544
-0.496584
-0.315185
-0.597781
1.35872
-0.00724451
-0.568468
0.064067
-0.186566
0.215972
-0.693343
-0.257125
0.00391731
-0.0448703
