1.22628
3.04761
-0.789412
1.93803
-0.164787
-0.89228
-0.004637
-0.0013701
-0.0892591
-0.103855
-0.0713265
-0.0855697
-0.0935426
-0.0994812
-0.104563
-0.0961502
-0.092611
-0.108514
-0.0983474
-0.0879302
-0.102474
-0.115137
-0.103883
-0.0883129
-0.112469
-0.0948938
-0.0924356
-0.0951603
-0.0902916
-0.0996109
-0.0906333
-0.0840152
-0.0885179
-0.0918926
-0.0870758
-0.0881858
-0.0879
-0.0943917
-0.0895606
-0.0930765
-0.0855117
-0.0860339
-0.0874235
-0.0940877
-0.0874601
-0.0885171
-0.0899252
-0.0859682
-0.0869374
-0.0892922
-0.0880977
-0.0892918
-0.0869367
-0.0794816
-0.0899251
-0.0886444
-0.0874519
-0.0940818
-0.0874236
-0.0925177
-0.0855129
-0.0930938
-0.0895357
-0.0943717
-0.087898
-0.0852341
-0.0870822
-0.0896456
-0.0884938
-0.0839935
-0.0906242
-0.0953967
-0.0903038
-0.0932552
-0.092388
-0.0984115
-0.112456
-0.0925257
-0.103937
-0.112932
-0.102388
-0.0814035
-0.098332
-0.10431
-0.0926956
-0.0933813
-0.104466
-0.105875
-0.0935684
-0.0855635
-0.0713082
-0.10591
-0.089056
0.00532943
-0.00460345
-0.892758
-0.16522
1.93927
-0.789272
3.04523
