-5.45236
-3.17926
-7.70741
-19.1004
5.86816
2.55237
-33.6662
-8.98237
23.1272
-28.401
0.366871
-3.17644
13.9015
-27.4972
-15.7029
38.3122
8.64407
-13.7077
13.1175
-3.87521
-28.2647
-17.8383
7.764
-11.4091
6.30645
2.58097
18.0984
-17.1802
-1.88437
-0.748715
11.0482
5.54139
15.1248
-10.1967
-8.62347
10.1889
1.52226
10.4606
15.2007
-19.1673
-1.59808
-13.7749
16.8766
-13.3516
26.8786
38.3818
-2.17442
-11.5595
-16.8971
14.4197
15.3309
-6.24569
20.0267
19.6078
-16.66
10.7293
-10.2799
-9.45342
-13.2949
7.52666
-42.7526
11.2448
-10.8546
5.73935
-12.2624
-14.1992
5.52217
17.1901
20.9592
-32.0968
-15.4804
-5.44309
48.6759
5.69247
1.55638
-40.4162
3.69405
-8.88609
-17.4825
-24.7748
20.8493
-0.2119
12.9035
36.3141
7.73972
-11.5147
-23.4052
46.9374
6.64179
7.71455
18.0344
6.64907
-6.79306
-14.918
23.5648
6.85327
-34.3177
-23.713
25.4751
-7.03119
-17.1587
13.224
-9.04336
-20.6011
-2.92823
6.22086
-25.8448
-3.84316
-7.0582
-18.0725
-18.2683
26.5851
9.54841
-1.39515
13.9342
21.2469
6.37667
-11.6442
-11.1884
-6.7484
-5.66854
22.0154
-5.43417
-7.99561
-7.08561
-12.956
-26.2834
-9.05842
-16.4639
-19.2102
22.4433
25.5398
14.144
-12.2023
5.35995
-28.5303
-25.6087
-13.1246
-7.40467
36.3321
-8.3849
11.095
4.50735
-15.3787
-29.5661
-13.428
8.50805
-0.847318
14.1782
-9.83476
0.632529
-17.5165
10.8138
1.03593
19.0603
13.778
-9.45968
-12.451
22.9117
6.16672
-0.811104
15.246
0.45145
-25.7219
20.6889
11.7881
-3.78938
-1.1915
-13.9924
4.4122
-2.76423
4.80964
46.1125
4.16216
6.51209
25.8038
18.2576
7.16936
-2.76346
13.7888
-25.4844
-4.49469
7.4576
10.0269
32.1154
13.5692
9.93429
-9.78653
-1.43972
24.4415
-12.243
13.4165
42.4202
-18.6292
-28.7771
12.4419
5.91371
-60.4637
-4.59886
0.0097816
-1.32815
-7.48233
-12.9961
20.5699
19.3098
-21.3749
-3.76573
0.133123
-7.65221
5.57487
-6.07833
23.9253
3.94315
19.273
0.234339
5.90498
14.7381
-2.93068
18.2763
46.5229
-17.3118
17.6997
-31.0116
-11.9214
-3.20055
15.7988
-5.38734
-17.3471
13.9319
34.642
24.6526
-22.9168
17.1832
15.1595
10.1621
-10.2977
1.39658
12.0095
-1.89151
8.90366
-16.3736
-12.6423
-21.5439
-1.29695
-6.5519
-9.74924
-7.01974
-20.7278
-5.21307
45.0698
-9.53014
44.766
-25.4899
-0.288935
-4.50625
-16.5542
17.668
12.3676
-23.829
-34.9374
-2.75329
8.33162
5.53793
-17.6649
-8.48448
-16.3537
14.7323
13.2805
16.7556
-3.03729
-23.9588
11.3052
42.7176
8.47427
3.28571
-25.9302
-13.8741
-17.6371
-9.25082
-8.88363
0.414368
-9.59033
23.0551
22.7501
-31.2009
42.0157
0.084021
-7.97005
-21.5258
-24.3193
-2.3441
-0.402221
21.3218
9.30443
22.5255
7.11346
-11.6762
13.3257
16.1862
11.7471
-4.61694
41.5482
-12.577
27.0977
-7.87989
-24.961
18.9999
21.0541
-17.0739
-4.90293
-16.9922
-10.5658
-7.75393
4.80153
16.3961
-2.91939
18.3973
42.3971
-3.59984
29.8313
-24.6347
6.62886
-27.6013
17.3392
19.8235
35.7316
-16.3589
-18.5494
-8.56667
-24.1756
-5.59981
-12.399
3.71237
22.1554
7.13123
-13.6257
9.24662
4.09983
0.0929335
23.092
25.5581
-21.4264
-9.57475
24.9312
16.694
-3.49558
-9.19102
3.99853
21.3435
3.78964
27.163
26.0536
22.9232
-28.7145
21.3298
9.92703
26.795
-17.2966
-22.0078
37.8943
-6.4091
-23.8412
-21.4576
2.00226
-11.8611
14.8413
-12.9025
-25.5874
10.6813
16.3112
-11.543
15.1827
-3.71283
-17.4417
-14.635
49.1386
20.075
-20.6517
-15.0433
-24.5065
23.1158
13.2048
18.3104
8.73995
9.04671
-31.9848
10.7392
-52.0729
-24.3704
7.07862
-9.48508
-25.7671
-1.56303
14.8239
-9.86687
-1.7424
-21.2811
24.4657
4.47845
10.8181
0.555349
-21.1747
-4.26421
-8.62233
-4.97683
-0.422991
2.44185
-11.3589
26.9598
-4.41038
28.5698
-26.2407
19.4894
-6.04232
-5.87592
1.9588
-8.68316
28.8947
-14.9258
-12.4818
-0.535912
-13.2095
14.1773
4.89813
-29.2939
17.8454
-4.99901
12.4713
-27.4028
15.2849
43.3339
3.64764
-0.778123
-4.33808
-4.35001
-40.518
-9.07187
3.6918
-29.0941
11.3871
-6.98859
0.65836
-16.1514
-31.2201
-0.580681
19.0484
-19.4945
5.42704
-3.86627
-26.8156
-10.6244
5.64645
-9.41517
35.4457
-25.3168
-42.8052
-8.93719
-21.592
18.461
22.4462
-0.878789
-7.30963
10.5152
21.2662
-18.5047
6.13804
-25.1985
-7.62881
18.5159
5.46115
-0.247662
24.2687
14.0826
14.5362
-6.37748
34.1216
-28.0368
5.49928
-16.8202
5.37011
-25.2058
13.7054
13.8626
28.1694
13.716
-8.12196
1.57051
-20.9364
-9.17244
-7.11399
-29.256
-2.60959
31.7542
23.9508
-28.9984
6.58219
-5.80341
-8.61092
8.32671
-1.87685
-0.388411
-17.9185
-28.6051
2.38452
-4.73044
-17.7763
12.5575
0.0459983
6.05794
-3.25429
-18.1013
12.0437
-13.4704
8.31421
17.7311
15.2299
-8.44718
15.5699
20.8762
9.82171
14.5006
23.0649
4.61909
7.15189
-4.68184
-10.4878
-26.5479
-30.2868
12.6086
3.82352
47.6799
-23.8706
-6.97939
14.2363
11.2957
-16.4451
-4.36316
2.89513
0.956385
17.1726
24.0838
15.4509
-8.67932
14.4182
-14.6852
-4.13446
31.347
-18.9612
30.3241
-11.292
26.2279
-14.8706
11.1281
41.4931
-41.3539
-10.2027
20.0915
-26.2735
9.20966
-22.0314
-27.1814
18.0234
10.7314
-15.5939
-1.61177
-26.9444
2.32144
2.82447
-8.08119
19.1302
15.8635
1.00117
19.0963
17.7459
-11.4466
1.81833
-8.62587
-1.23571
19.5818
-24.4003
-9.57992
2.41128
1.76682
-36.901
-21.0002
0.259625
-5.93724
-4.2494
-1.44939
31.3234
-0.0635982
-8.2966
-6.24929
-9.22892
-16.6041
-2.23938
-11.6352
-29.922
18.8225
3.10258
-6.79678
-30.1065
40.2286
32.1633
-5.96972
-18.993
-29.7451
6.45139
-10.1572
27.8391
-39.2782
8.1782
8.56236
8.23239
-1.02881
4.42626
7.91293
7.47435
-3.99314
-22.557
-34.1595
-2.8794
-13.4279
-3.13499
-17.9248
17.0701
-12.2893
13.5168
15.7782
-1.4511
9.30066
16.1314
1.56752
-47.9622
-15.9794
-11.2918
11.0593
-2.00849
11.1087
-1.6228
-22.3998
-6.28362
-20.5308
14.4868
7.53968
-1.40207
-27.0454
3.44482
2.74689
-7.87524
-22.4847
-9.77607
-12.0108
1.44076
-9.34223
-32.2217
12.6606
23.6552
-1.69203
29.7576
8.29758
10.0264
-32.5323
8.67033
-9.92527
2.51726
8.65227
37.2861
-62.6316
-21.3002
-11.0102
17.2549
19.7045
-5.06288
6.91963
-25.7225
31.4912
11.7788
3.72665
-6.29694
12.8841
8.42889
-9.5992
-7.58729
-16.126
-28.9291
-2.61394
14.5879
5.95813
1.09745
3.63354
12.3885
12.7497
16.911
-17.4228
7.58613
-17.3289
7.90384
19.2989
-14.3624
8.10389
-16.3558
3.54306
5.0201
5.64245
-13.4157
-31.1165
20.9828
20.2506
-29.1145
2.27279
13.0173
6.24508
14.8903
24.2509
12.0581
-3.62299
-1.86005
14.2208
-1.20409
20.3049
7.93383
-12.0096
13.4779
-12.1677
-3.75448
13.0305
2.00874
1.3296
23.4641
19.3892
-9.24077
2.98231
15.3016
6.23611
-1.79452
-20.4205
-4.6851
11.1631
13.7839
-29.3204
29.8499
-24.1418
17.5132
-1.04512
12.2945
-5.08083
26.6825
-16.375
13.0778
-10.7946
-11.4475
-3.88722
-28.502
1.62343
-25.2334
-31.3592
-37.7831
-6.34317
-28.5142
4.99693
-1.4329
-24.0325
15.6622
2.07336
-8.96252
2.81227
20.1441
6.19125
0.361169
-38.8859
-23.6353
-9.20574
3.98091
6.63739
11.9777
-9.20856
-3.86563
5.73581
-12.2748
-32.3055
12.2334
-37.0318
15.1701
-9.10961
10.8928
-16.6926
17.8916
-3.54875
12.0381
11.4974
-2.31623
3.65994
21.965
-12.2682
19.0699
-43.8625
-6.69076
17.7152
17.288
2.73446
-22.0242
16.7073
-0.166131
-17.2295
18.0348
-1.17696
5.17845
-3.92145
25.4058
6.34012
-9.78535
0.583593
-13.9449
8.54441
6.67765
-19.3706
-25.3194
-6.76308
-7.0735
12.7799
-26.0099
-5.30186
-0.236454
-9.41083
-30.1147
14.0171
7.52478
12.5183
-9.29915
12.2118
3.53305
11.4013
1.06562
1.65265
10.474
-15.0561
-12.7493
1.70356
-2.95472
38.1779
9.32366
9.15692
-8.96918
11.7963
-3.16941
7.79805
6.67683
-48.2288
30.2723
21.5799
0.2794
24.1472
-6.34653
-24.3785
-37.5399
-7.13083
3.41225
7.89725
12.7696
-12.4731
-5.39305
-12.1523
1.6145
-14.6173
-18.9439
12.2189
19.3192
22.4262
31.8094
12.3351
-6.06255
-1.15583
4.39632
20.5774
7.63118
12.6772
-4.4086
-14.2544
-3.37183
6.35087
-10.6089
-4.39265
22.9763
35.4124
4.78138
-11.6025
-22.8159
37.3283
-2.60851
10.4189
-50.0819
14.4152
5.79269
-20.1604
18.7938
-7.35311
3.42348
16.8843
7.25249
7.17229
-17.2193
-4.56593
-11.6415
-34.876
25.8213
-2.34618
7.51821
9.34872
-11.3366
27.2725
-5.14936
45.287
-38.3452
10.2817
-10.8674
-3.3436
18.1304
-6.37603
-19.983
2.83901
6.79072
25.7103
-11.8325
2.99841
-31.1407
34.0382
-13.3568
19.5633
-12.3864
20.2722
11.5245
18.3805
14.3786
2.59489
34.6872
-12.3905
-1.29367
-22.8213
1.23491
-16.8522
-21.6114
8.87563
1.68259
-2.92358
10.3247
14.2944
34.3511
-18.1789
-0.939269
-4.37162
5.51572
6.5103
6.37723
-21.4464
-12.6732
5.90058
20.9193
17.9431
-27.6547
-16.7085
-25.4096
-49.9343
-5.02446
1.7166
-0.232648
6.20274
-17.7106
19.4474
-17.6791
-17.0355
6.20041
2.99793
22.7322
-12.1279
-42.223
12.486
-8.61769
19.504
-34.3774
9.77824
-2.06563
-26.3714
-30.1851
18.0217
7.9716
-13.1499
-15.9051
-30.3633
45.276
8.85592
2.44198
-18.539
12.6536
-19.0736
-15.8528
7.40276
-18.0592
-9.4568
18.8622
-38.0138
8.30316
29.5305
-27.5906
13.9262
-43.7492
-20.4038
22.5395
-7.11103
-17.9716
-7.39666
10.5217
40.9187
12.37
-10.3347
17.9893
-0.750108
-35.7091
34.3611
6.69366
3.93537
9.82359
32.4829
0.00945687
4.08586
2.47368
-14.9261
3.19716
-17.1352
-17.3686
3.57124
-2.87362
10.8129
-8.38096
-16.5776
17.1922
11.9168
7.3593
-11.5777
15.7328
-27.8712
-16.1485
-8.88984
-30.2244
22.4854
-23.6494
20.7211
-17.4927
-10.7297
-6.36468
-2.93772
-22.8682
-10.2776
6.71824
-15.589
-7.19868
-1.18556
11.6966
1.64355
-11.1756
-16.6553
-5.92647
-45.4466
-7.10538
-13.7663
22.8519
-41.4423
45.4456
27.1569
-12.3968
25.564
4.54733
2.71304
-27.8995
-11.6606
-24.2872
2.99581
16.9681
30.6659
7.93751
-12.5229
8.11293
24.5193
-38.5311
-28.3354
2.28337
-24.882
0.784517
16.7012
-41.7531
-11.7577
9.33877
33.5564
28.2868
2.94167
-18.0591
-39.138
19.0294
-12.6772
-16.5172
30.3648
16.7476
-18.0177
18.8351
28.1307
-2.86139
-13.7778
5.81789
5.52829
3.8471
3.80773
-16.3719
28.9896
-9.99462
10.4093
-11.1523
-0.946168
34.4853
17.6943
-5.66204
14.1949
-5.39098
25.6897
9.19431
-4.33946
-3.64787
21.9553
7.8408
-18.3965
4.21541
27.7964
-0.0451101
10.8913
27.0396
38.6889
18.6774
-19.3268
-2.83581
17.4935
-11.0829
-27.4612
-10.0177
22.2568
9.17718
-16.8088
-26.0547
-30.28
4.20844
-9.25391
3.97451
11.8921
0.211639
-31.0359
-6.37258
-19.2028
10.7279
-2.94764
2.12963
-1.73745
10.1726
-13.4447
5.48814
-4.75521
5.72438
6.71073
8.88561
11.442
-5.57495
31.5198
-6.33081
-2.85386
-19.6313
4.4556
-17.6962
-6.34404
0.125181
12.0339
16.3201
-22.5626
-45.0984
-18.6576
-5.44516
-17.8669
12.3966
-10.2064
-6.03491
18.9256
-9.34064
-33.0668
4.9992
-24.9659
3.17701
4.6477
-7.0088
-1.54319
23.7883
16.0281
46.3523
-0.780429
-5.67043
24.1905
28.3959
5.8824
-17.9951
0.833352
17.3182
12.2108
1.8955
-7.24522
36.106
-9.63273
19.2781
-1.20483
4.19144
3.49314
4.16294
-10.3897
3.19461
-24.302
-10.0133
4.87947
-15.5874
28.4638
-11.2265
-5.51481
21.5496
5.25076
-10.3804
-0.13669
-22.3364
2.24833
17.8309
-14.3809
12.0999
1.15108
29.6738
1.82588
-32.7197
-9.45354
-23.524
-25.6963
3.28892
10.1204
-25.4017
-26.939
-0.568866
4.34204
1.03705
-4.19251
5.04732
-7.40544
2.07545
-18.2719
-0.879455
12.5229
-2.2324
14.9324
-4.84154
-4.02829
35.6084
-19.2842
16.6417
-38.0578
-18.9722
-18.1545
-4.59012
-5.44675
4.06137
-2.90662
-1.69556
1.49132
-4.23216
14.1657
2.72801
3.38817
16.506
-7.25239
-5.26193
-18.7505
17.4927
-17.2428
5.87218
-3.65495
25.4127
-14.8835
32.5725
-23.0317
14.2444
-23.467
16.0688
0.896013
5.47721
26.8724
-22.2668
-25.7303
-6.36026
-26.8981
26.9024
-10.3411
-48.1909
15.0325
-8.53126
35.5226
-6.60419
-18.6033
15.9898
-33.1202
8.85033
-14.2143
13.6624
4.92664
13.0087
4.02901
-25.8206
-12.8623
-39.2104
7.90264
9.2654
15.3215
27.9113
0.509846
5.13802
-7.43077
17.7263
61.1373
-9.43079
-27.1518
-34.3681
10.7683
1.28134
5.37346
-33.6742
-13.1293
25.084
-14.0718
-15.7011
18.0652
4.13121
-13.9931
29.9654
6.1874
2.28471
27.0408
18.804
-11.4255
-32.4454
24.5172
-1.44903
-13.9405
26.7143
-3.83961
-19.3573
-4.02414
-6.12833
-1.96696
-31.0113
31.4065
-27.3747
-10.4613
7.94707
-7.59286
-1.66766
9.72659
31.9376
16.8465
2.1025
-13.0649
-28.8655
-7.86584
-6.8083
-9.50665
-1.02979
17.1629
-2.43
-6.28955
-23.4006
-53.0193
36.5573
19.2435
-20.8079
-13.0206
7.99992
-48.8732
12.7719
8.06293
-10.1623
-17.9766
23.5612
18.3148
-8.42967
-11.3299
3.93333
9.36971
20.3359
-13.1837
4.40096
-0.667073
5.88927
6.84634
-1.116
-12.1186
19.1718
4.68391
-27.777
13.1314
16.9597
-24.6449
5.57182
-8.99577
-13.9186
4.15316
3.7034
-1.67065
-5.65803
7.34119
31.4819
-22.4523
-16.5962
-5.14632
-4.22556
9.44363
-15.1002
33.3754
-6.49961
-27.2908
7.74492
0.585513
21.6012
8.20462
-10.7052
10.9317
16.0522
-3.76773
-23.0669
-19.1803
-19.6114
-19.2957
-5.56636
-11.8265
14.0844
4.24078
-7.7168
16.1425
-6.64078
-15.9337
-17.0847
-25.1321
44.0913
-2.72754
-24.0169
4.16212
-30.8419
22.2733
2.75103
-15.1554
1.4465
10.445
31.0339
-0.61275
11.0482
4.52171
-26.043
-11.9118
-8.95641
12.7046
-6.12492
-4.10846
-2.86415
-13.2027
-4.58146
40.1975
-1.48394
-30.0404
-43.6729
-2.11351
5.35968
27.244
21.9473
28.8248
-12.5131
11.1541
16.7167
-15.9877
-6.27474
26.0003
10.2357
-14.0976
-3.21038
-26.2755
20.8309
-6.75668
16.6834
18.6255
-1.31498
15.6344
-2.15067
39.168
-11.9855
-19.3306
-13.9228
-2.15732
-25.1247
-11.3724
3.81593
-30.9378
0.903212
21.2338
20.2868
19.2302
20.2923
10.5338
-15.944
-9.92399
-30.9645
8.48101
2.19154
1.1491
4.903
-26.4539
10.9043
6.01281
16.5966
-2.32397
1.77081
-9.1304
-7.45622
-26.8068
-7.85406
2.9352
16.4427
-11.8608
6.30986
11.5195
-15.5349
-18.5879
-3.82076
-18.9049
25.6802
-9.72351
-0.368577
-9.1302
24.8445
-29.6624
-16.016
17.0356
-57.0582
-24.4832
16.3456
-21.0049
3.15294
-4.1806
-7.2844
4.40189
-25.3991
-9.90451
-14.8455
-6.21301
-39.6403
-11.4132
-1.64811
2.16783
-14.3281
-22.3092
14.793
7.19876
-24.7554
-28.3824
-5.08783
-21.8441
-23.3182
28.4549
31.5438
16.6363
-8.67834
24.5432
10.9749
5.25087
-27.601
11.4299
-18.5971
5.78679
-34.2595
21.5918
27.1978
-17.4349
-0.260236
6.97575
16.253
-23.4618
-19.0823
20.1567
-4.73766
15.4821
-14.7454
11.7471
9.70687
-13.6166
1.86882
-17.2624
-4.74958
6.99101
0.469938
-2.04359
19.4302
-3.81219
-9.00014
9.55477
2.29126
-34.8944
-25.5361
-0.301935
-14.4454
-12.6459
-4.87901
7.77511
18.4119
17.5027
2.74779
-20.4038
-18.0773
-20.2311
-47.3479
-44.0441
37.632
3.75163
23.5228
-17.8267
-3.14033
0.64773
10.9107
-10.6773
4.73982
9.39067
9.8598
15.4705
-3.49997
-4.23649
4.10624
-1.69365
-13.3644
-12.3895
0.340678
36.2442
-0.111592
14.3259
-2.80049
14.4545
-3.77428
8.7432
-4.75601
-6.00096
-1.0568
-7.08756
16.6173
10.8443
3.3374
23.3142
14.1088
-12.6693
-13.9377
-23.3117
-3.64912
-0.148417
-1.18887
12.7597
-18.7647
-26.562
8.18742
28.3398
12.201
-11.4182
12.6836
5.07768
-44.5007
-20.4534
-4.99274
1.18414
12.7353
1.40983
1.55341
27.0636
7.13967
8.08862
-5.4446
-7.18043
22.9558
37.2848
-3.21065
6.53324
-35.6116
2.44339
0.407057
-11.1221
-16.5974
2.23948
-21.1209
13.9124
15.0646
24.2328
22.1234
5.42367
4.15516
-0.685463
30.9699
10.885
22.8169
-7.81499
-12.2225
31.6651
9.83308
9.49139
-12.4799
-22.3142
-8.78027
-3.8639
3.1306
-14.3782
15.6364
20.3389
2.9635
-5.31319
-19.889
3.12681
-26.973
-18.4449
5.11486
15.1336
20.8573
45.8803
-5.34743
-26.0377
13.8506
-5.50163
2.23765
3.77325
16.9009
0.534638
-1.65674
23.7887
-24.0262
4.80243
-15.2864
11.1481
44.6548
5.62815
-20.4998
-20.6118
-9.59664
-26.6737
14.0239
0.349344
12.4248
-24.5941
13.156
-51.6968
-9.62051
-9.44356
12.7886
10.165
-21.1439
-7.34644
-19.5915
-21.6678
10.8249
12.1541
25.5537
9.90765
23.4894
14.313
4.39704
31.2462
39.0656
33.5433
-14.5414
-3.63136
3.81707
-0.0988533
34.925
-10.7094
24.7124
-8.18511
-5.9493
1.07721
5.63286
17.6389
-9.38467
1.97568
-44.8746
-10.7717
4.7807
30.3905
8.19086
36.2773
-0.747616
-6.40226
-14.0987
-6.59663
7.68485
-9.59471
-10.695
-10.9796
-7.00729
-2.44417
14.431
25.2413
-4.82332
-32.1578
52.3561
29.5558
0.357661
31.0612
3.82373
-1.05638
1.8439
-2.91901
36.0995
21.1172
-21.0851
-10.1519
-8.34562
-10.548
-8.60388
-36.9584
11.4307
27.1906
8.34425
20.6534
8.23988
49.0726
-9.08146
-15.6815
7.33174
-18.3354
7.54166
-28.3745
12.2445
-16.2091
2.49255
-18.7356
0.870211
1.94706
-5.73826
14.272
24.308
4.63018
25.7762
16.3485
-9.37778
15.3121
-11.1974
23.7917
-18.7525
19.1166
-22.4557
-25.7149
-12.5604
-30.8706
9.65262
-1.08851
1.21201
-30.5986
-4.35804
19.8535
28.198
-8.5815
9.62046
-20.7986
-12.4545
7.01419
-18.1908
37.6377
-28.8181
15.3924
-13.6858
-6.70683
3.52526
-8.16216
9.44908
-24.4677
20.9181
2.38935
-6.38655
-14.818
26.6343
12.6384
17.6335
14.2608
-1.74328
21.6242
35.2438
-12.3636
-11.9179
-20.4919
-17.2081
-20.367
28.7866
-6.47918
17.3277
-44.343
8.28971
-29.7544
11.4483
-24.8689
-17.254
-37.7697
-23.4901
19.6125
-3.95675
9.57885
-1.47026
20.125
-4.72966
22.1891
13.4902
-6.76552
34.726
15.8296
4.69534
22.9576
0.4725
25.3957
-27.4142
-19.4823
-42.9034
22.5012
-1.42913
10.6341
13.8298
16.0774
-7.89873
9.60286
-16.168
18.5507
39.6019
5.97122
-18.1175
25.4839
19.9524
27.3872
-3.12177
-36.4095
23.0826
2.50092
-22.0644
1.0499
16.8316
-11.5155
6.18563
30.5175
26.9346
14.371
12.4876
-26.6681
0.958617
-16.112
31.5556
-1.84818
-29.6873
-11.1959
18.4802
2.16488
15.1214
30.6465
7.97576
-14.6207
25.8287
0.858348
-0.750279
10.6794
2.11121
18.8555
11.1024
-14.9573
4.62154
-27.2456
9.35264
4.80044
-5.18225
-5.72583
10.0951
-4.26234
42.3437
-28.1768
-14.0905
8.67609
29.917
-12.0645
-12.6317
12.5214
3.5441
18.3641
-13.9966
49.8887
-0.226973
-51.5907
20.0755
-12.2771
-15.8451
-11.8441
13.832
