0.139035
0.285117
0.224093
0.172877
0.0337414
0.410517
0.416078
0.551037
0.154073
0.440851
1.04283
0.178505
0.473963
0.11769
0.546159
-0.378821
0.0724152
0.265186
0.43876
0.728028
0.0728447
0.609504
0.300856
0.432205
0.238261
0.0586791
0.117114
0.588285
0.477942
0.239747
-0.183417
-0.307167
0.419469
0.268058
-0.129665
0.503039
-0.401289
-0.658016
-1.99247
-3.7391
-7.91234
-18.7237
-37.4143
-48.015
-11.246
55.6528
16.291
-53.5379
75.2587
-38.4634
122.422
-120.793
-16.1471
4.36211
2.08681
0.593368
-1.24845
-1.42828
-3.67651
-0.758587
-0.999993
-1.66167
-0.588705
-1.34344
-2.51885
-1.80991
-2.09731
-2.28117
-2.41022
-2.5304
-1.86649
-2.23194
-2.06804
-2.44309
-1.03332
-1.04399
-2.26592
-2.53796
-3.6594
-3.97082
-6.30216
-6.04952
-6.58929
-5.80814
-0.452165
9.10958
18.5184
12.0391
-6.5576
-11.6973
7.14887
15.1269
-4.81488
-3.05412
12.5371
-6.96293
-1.50685
-4.24961
-20.1559
-18.5598
-38.583
-38.4258
34.1962
43.0124
13.8664
-6.36206
-10.6922
-7.77076
-3.01617
0.123189
1.09015
0.45755
-0.106514
-0.332788
0.444965
2.22007
3.06227
2.63075
1.97956
2.33486
3.0894
3.7189
4.2087
5.28518
6.46524
5.19898
5.19978
3.84235
-0.696024
-1.12359
1.41009
6.18134
4.84927
-2.75101
-3.17555
2.68542
3.59889
-5.59092
-0.0266215
6.81411
-4.2027
-0.926318
7.17702
-5.35131
7.8374
0.966727
-1.28256
8.77034
-7.68997
17.3862
-9.43828
8.81786
10.1954
-50.9337
8.28129
42.3233
-5.83588
-24.5729
-0.160311
11.1473
-0.977455
-3.12004
0.296856
1.26277
1.32471
1.39709
1.85348
0.9508
0.361156
-1.83187
-2.46952
0.821085
4.86649
4.64358
-0.973908
-4.79953
-1.96154
2.36416
4.68297
-4.47113
-3.43258
3.53107
0.200176
-6.80636
-1.11108
6.68135
-9.36506
-1.18424
9.58829
-9.49121
3.20314
4.41342
-5.23392
12.4155
-6.01601
7.13874
-0.253843
-2.27195
-2.50906
-2.70122
-13.421
9.00438
-25.2736
25.6169
16.5399
-16.5138
-9.13523
5.60753
2.86906
-4.01867
-3.29465
1.95984
-1.46831
-0.285304
2.06274
1.2518
-3.99684
-6.19142
-0.167319
3.12007
1.46847
-3.30727
-1.59438
1.32644
3.5918
-3.3081
-2.17537
5.92785
1.19875
-8.08929
4.09755
4.95361
-6.77743
4.5672
3.71501
-8.07593
6.13324
0.985872
-6.12666
10.4899
-9.164
7.30719
-3.83643
-3.26547
7.7491
-10.3513
9.62346
-14.9407
18.3839
-16.6416
17.1559
-9.23895
2.72715
14.6037
-31.2272
9.37913
19.864
-11.978
-14.3388
10.8714
11.0989
-10.2872
-5.81918
4.95252
4.51095
-3.84346
-2.21327
4.18152
-1.97068
0.584793
0.665612
-1.77212
2.53343
-0.627927
0.946641
-0.76656
0.183912
1.46923
-2.05593
2.56296
-1.51838
1.23927
0.0895789
-1.53222
1.50425
1.80464
-3.42972
3.56167
-2.02074
0.0373052
2.30673
-4.59358
6.63596
-6.95383
5.70984
-3.09506
3.24534
-2.64653
4.58452
-6.6973
8.63412
-15.3434
21.0608
-25.6505
17.2347
9.6327
-29.9948
27.3305
-12.2431
-2.17844
11.5226
-11.3056
6.6695
-3.57939
1.54468
1.11316
-2.4332
3.28237
-2.65764
2.83775
-2.49926
2.22752
-1.20781
0.602219
0.146378
-0.87942
1.19375
-1.08059
0.143796
0.40516
-0.398759
0.212233
-0.703347
0.262734
-0.706745
0.302153
-0.648745
-0.585226
0.638322
-0.73491
1.14792
-0.0620528
0.730407
-0.644348
0.418969
-0.926727
0.886332
-0.685388
0.103072
-0.371705
-0.930933
0.70696
1.6021
-2.75563
4.73388
-3.51209
-1.88549
4.27661
-1.70678
0.821439
-0.335123
-0.047459
1.82243
-3.79746
5.25276
-3.99934
2.36583
-1.4425
1.22796
-1.81364
1.22138
0.167531
-1.811
2.11999
-1.37948
-0.233895
0.869149
0.229728
-1.15117
2.5376
-3.02144
1.246
0.95643
-3.67136
4.37444
-2.17003
0.207067
3.7211
-4.73494
2.93696
-1.5535
-0.576274
2.79059
-2.50902
2.27628
-3.63098
2.90281
0.0867617
-0.225027
0.172888
-0.868623
1.68156
-0.188253
-1.07945
0.458208
0.291196
0.273204
0.918838
-0.870282
0.0596574
1.23432
-1.72764
1.25043
0.674263
-1.92378
2.256
0.0970923
-1.38594
0.0595332
1.2137
-0.113015
-3.15249
3.40663
-0.574678
-2.61368
5.97427
-2.65686
-2.43045
4.82196
-6.03569
0.919488
3.52777
-2.13117
2.97019
-2.06215
-1.04769
-0.343019
0.996446
2.23815
-2.49278
0.146954
-1.89728
4.75566
-0.688935
-2.035
-1.34511
4.58352
-0.483373
-1.16365
-2.77837
4.68828
0.550813
-3.5683
-0.0428911
3.67146
0.538688
-4.87313
0.101471
3.37769
-2.15718
-4.29162
3.97497
3.02418
-5.0995
-1.39476
4.10828
-1.62836
-2.0666
2.35156
-1.38491
-0.153094
1.90158
0.0770552
1.23319
-2.41995
-3.53652
2.18187
1.59837
3.56106
1.85747
-3.65687
-1.79732
-1.67309
3.5965
2.71484
-2.58532
-4.41714
-1.63844
4.68652
1.16771
-1.17412
-1.32574
3.21891
1.33661
-0.679427
-2.26976
0.984882
-0.679463
-1.06617
-1.26517
0.990955
-0.773839
0.518872
0.950139
0.294231
0.386459
0.26652
0.622222
-0.567105
-0.735201
-0.2433
-0.348657
-0.0103716
0.943051
-0.00719664
-0.512362
0.0401118
-0.435052
0.419803
0.720601
0.247117
0.261328
-0.667598
-0.328573
0.807832
-0.533937
-0.15615
-0.74615
0.403431
2.3862
0.0104952
-0.748073
-1.03686
-0.0477171
0.549632
-0.687237
0.658927
-0.386327
0.704881
-0.65097
0.50132
0.0524229
1.01237
-0.165618
0.160077
0.397421
-0.148578
-1.23091
-0.113838
-0.27895
0.48895
-0.924107
1.40459
-0.24769
-0.0908332
0.80323
-0.608808
0.157321
0.0804104
-0.267622
-0.0315171
0.209863
0.532283
0.123894
0.417321
-0.695935
0.205877
0.426345
0.24718
0.350874
0.284169
-0.506712
0.429784
0.192561
-0.336962
0.209851
-0.128717
-0.0929284
0.350527
-0.135243
0.4831
0.134657
0.395511
-0.0888846
0.128048
-0.329777
-0.308381
0.0885457
0.12011
0.0303008
0.0716071
0.727164
0.309507
0.11583
0.0950898
-0.00227594
-0.403825
-0.272472
0.00448668
-0.0232287
0.517218
0.192887
-0.0754644
-0.347283
-0.0257545
0.0336888
0.251692
0.644598
0.00312246
-0.528903
-0.207324
0.231492
0.462827
-0.19384
-0.462375
0.0352699
0.378004
0.165798
-0.0967884
-0.21207
0.227109
0.0939845
0.104195
0.0485664
-0.284797
0.101818
0.217096
-0.167789
0.223856
0.124673
-0.118704
-0.211383
0.31953
-0.0278669
-0.591604
0.109559
0.575929
-0.37802
-0.0792694
0.71002
0.0689501
0.0439097
0.0325273
0.214208
-0.255338
0.00495631
0.690402
0.509759
-0.251055
-0.150463
-0.126371
0.0199908
0.338487
0.128489
-0.0648566
-0.15806
-0.128142
0.665827
0.0962161
-0.502366
0.461211
0.360262
-0.436259
-0.108143
0.0958882
0.18419
0.60224
-0.0410064
-0.290698
0.18608
0.0352055
0.270433
-0.145403
-0.0378644
0.447268
-0.339199
0.224174
-0.0544828
0.139092
-0.528756
0.0256399
0.477868
0.0589785
-0.510124
-0.1207
0.249657
0.0081159
0.212396
-0.0152106
-0.641393
-0.140562
0.90328
0.339323
0.00835023
-0.0988522
-0.146399
-0.483221
0.615089
0.14079
-0.182876
-0.728759
-0.0574255
0.845008
0.649728
-0.505159
-0.113404
0.750948
-0.434927
-0.662807
-0.00184756
0.927762
0.284433
-1.12349
-0.35086
1.32397
0.174462
-0.439096
-0.294534
0.0656209
0.864153
-0.834371
-0.336221
0.0206718
-0.0105746
0.15955
0.0867224
0.669764
-0.302752
0.148028
-0.0790063
0.240853
-0.128378
0.10135
1.14256
-0.0823001
0.0414208
-0.50782
0.295854
0.105945
0.654027
-0.0532867
0.243009
0.0391379
0.966783
0.319595
-0.624093
-0.594904
0.883216
0.998073
0.0549392
-1.56644
1.12427
0.359324
-0.53273
0.219361
0.274645
0.653777
0.79805
-0.785595
0.16872
-0.456107
-1.13841
1.62152
0.236614
-1.07355
0.663373
1.94303
0.697085
-2.82597
0.311338
1.58902
-0.972699
0.269319
1.38028
1.68325
-2.93411
0.681337
1.0259
-2.53849
0.98946
0.0810007
0.944192
-0.328449
1.75867
-1.56949
0.164785
-0.222368
0.511566
-0.740803
0.744333
0.91279
-0.6355
0.720133
-1.14823
0.771999
-0.5403
1.56646
-0.84212
0.623469
-0.61311
0.427181
-0.897264
-0.095049
1.74589
-1.86207
1.76151
-0.497147
-0.205698
0.974741
-1.45602
1.10232
0.625216
-1.38938
1.06976
0.456431
-0.291183
0.66305
-1.28792
1.07567
-0.405252
0.447892
-0.083427
0.0947625
0.455447
-1.42848
1.06588
0.0670959
-0.325213
0.657907
0.0366529
-0.562223
-0.0869164
0.285652
-0.268154
0.390253
-0.124854
0.115516
0.453704
0.223767
-0.274285
-0.211659
0.135481
0.101008
-0.328122
0.438121
0.00587539
0.0214597
-0.32253
0.0252125
0.287839
0.26339
-0.28883
0.75372
-0.493412
0.220936
-0.135407
0.259214
0.210067
-0.239126
-0.154115
0.853493
-0.0968588
-0.991385
1.18379
-0.309002
0.0381007
0.304703
0.100174
-0.250097
0.0267938
-0.0860186
0.122951
0.433904
-0.147052
0.0882586
-0.408036
0.528814
-0.282793
-0.0379058
-0.0869805
0.220933
-0.30178
0.342719
0.23664
0.240774
0.0932575
0.16115
0.178451
-0.503609
0.416123
0.0487534
-0.0712642
-0.0421609
0.271767
-0.170771
0.24306
-0.242894
0.416842
0.0341944
0.0957696
-0.206479
0.333535
0.239455
-0.382408
0.201757
0.18676
0.352207
0.158577
-0.256753
0.29663
0.209387
-0.401365
0.188889
0.796157
-0.964954
-0.108857
0.636461
-0.236414
-0.221268
0.407807
-0.042433
-0.377014
0.524585
-0.125361
0.162776
0.252122
-0.352883
0.297124
-0.52567
0.825205
-0.53658
0.822441
-0.324343
0.221586
0.0240037
0.385886
-0.531373
0.325407
-0.559027
0.892691
-0.456895
0.587459
0.414849
0.223533
0.279459
0.31426
-0.280143
0.461969
-1.15936
0.753976
-0.600757
0.661116
-0.492031
0.42086
-0.108127
-0.201777
0.0832103
-0.0892908
0.228122
0.0793595
0.0532881
0.0193066
0.22042
0.00492465
-0.0165677
0.125183
0.033954
-0.0192595
0.0408833
0.0252596
0.100036
0.0172282
0.0881801
0.0612931
0.0553931
0.0416486
0.0405235
0.0675697
0.0494837
0.081641
0.0447428
0.0338758
0.0539871
0.0419104
0.0619485
0.059646
0.0436336
0.0552937
0.0631187
0.0568626
0.0637528
0.0736994
0.0516851
0.0336528
0.0501279
0.0501207
0.042701
0.056611
0.0439618
0.0499746
0.0551071
0.0528316
0.0572608
0.0525838
0.0636323
0.061563
0.0233139
0.0503737
0.0262452
0.0534616
0.0350875
0.0407939
0.0561081
0.0549681
0.00127041
0.0693353
0.0570995
0.0503335
0.0461995
0.0224283
0.0654703
0.042153
0.0483725
0.0190111
0.0404373
0.0454569
0.0397637
0.0485948
0.0366838
0.107754
-0.070938
0.042627
0.0265945
0.0133623
0.0667569
0.0483345
0.0580004
0.04766
0.0470132
-0.00945373
0.0855457
0.0703885
0.0876269
0.057677
0.0263381
0.0613969
0.046471
0.0660002
0.046175
0.0490832
-0.0159157
0.0681158
0.060053
0.0631245
0.045763
0.00230694
0.063202
0.0699737
-0.0023441
0.0322009
0.12449
0.0169193
0.0171993
0.0041306
0.0587715
0.0627565
0.0604068
0.0396357
0.0552096
0.0896571
-0.186198
0.050957
0.112428
0.0653058
0.0761669
0.0719187
0.0636093
0.074344
0.00113165
0.0446297
0.0928068
0.0203945
0.0984361
0.00919366
0.0604631
0.0908544
0.0622895
0.118954
0.0646019
0.0467501
0.00206851
0.0755229
0.0508786
0.048119
0.0901322
-0.116138
0.049346
0.0765061
0.0552231
0.0148143
0.0996622
0.0540335
0.043452
0.0564069
-0.0142475
0.0290053
0.10027
0.131574
0.0161666
0.0538689
0.0388151
0.0679382
0.0884748
0.0715205
0.188229
0.042704
-0.00729392
0.0315371
0.162286
0.0734433
0.0576724
0.214313
0.215667
0.0223336
-0.0274738
0.0457504
0.0223747
0.0698456
0.00864463
0.0360313
0.101573
0.0619162
0.0891086
0.0643216
0.0619263
0.0566452
-0.162448
0.121433
0.122377
0.0518573
0.0827086
0.0654522
0.0258364
0.0477983
0.0669175
0.125203
0.0507431
0.0694963
0.059086
0.160437
-0.388154
0.0428788
0.0633559
0.0818199
0.0689015
0.0282175
0.0674577
0.0916632
0.0230299
0.0846071
0.0219383
0.0308476
0.0960309
0.0412891
0.104059
-0.0603331
0.0280567
0.0161904
0.093333
0.0510954
0.110113
0.0761983
-0.00946264
0.0458135
-0.0810127
0.074003
0.0823826
0.0415843
0.0501855
-0.0368419
0.037806
0.0117883
0.0457703
0.0325364
0.0557376
0.104601
0.0063238
0.0945043
0.0533128
0.00615778
0.0386016
0.05287
0.0671913
0.0628631
0.0900354
0.064773
0.0471653
0.0275578
0.0711848
0.0641992
0.0594514
0.0696331
0.0255153
0.0408591
0.0703399
0.0667104
0.0184332
0.053022
0.0786415
0.110868
0.0752836
0.0168456
0.0575201
0.0711132
0.0982101
0.0330786
0.0304155
0.0582095
0.0356333
-0.00729704
0.0589816
0.0682919
0.0661049
0.0224393
0.03268
0.0611272
0.0266936
-0.0389457
0.0883524
0.0772378
0.0459068
-0.0482357
-0.0372342
0.0644639
-0.0344216
0.0656113
0.00636548
0.0491451
0.0349312
0.0210879
0.0844446
0.065296
0.0607756
0.0215115
0.0690353
0.058955
0.0557833
0.0178401
-0.00672506
-0.0113925
-0.0272239
0.087381
0.0247369
0.0448452
0.100946
0.0153291
0.0593898
0.0958536
0.120585
0.0274883
0.0669037
0.0788801
0.0543594
0.0626084
0.0814284
0.109053
0.134242
0.0830252
0.0575534
0.0162901
0.065274
0.0186337
0.052011
0.0544642
0.0543894
0.0889548
-0.005565
0.045508
0.168623
0.0671718
0.0528005
0.146407
0.216591
0.0145143
-0.0054139
0.0732594
0.00846863
-0.0163835
0.022363
0.157828
0.0739689
0.0408297
0.0598804
0.0603622
0.068118
0.0448013
0.0991621
0.064484
0.107771
-0.0674202
0.179277
0.0356439
-0.0211314
-0.0143589
0.116042
0.0477161
0.111809
0.0451034
0.0708839
0.0977901
-0.0115842
0.0901063
0.0582139
0.0343076
0.0840822
0.0552227
0.0717741
0.239044
0.0115387
0.178946
0.084295
0.0744302
0.15672
-0.0275916
0.0508299
0.0362612
0.0272051
0.0542953
0.251418
0.0579531
-0.144927
-0.026861
0.0650089
0.036178
0.0325544
-0.000316435
0.0740845
0.0629721
-0.0734425
-0.212705
0.107927
0.0414163
0.0354255
0.134959
0.068056
0.0494815
0.055905
0.166392
0.081412
0.231001
-0.446897
0.0819651
0.0743669
0.04949
0.0158093
0.0912147
0.118295
0.0673867
0.0496484
0.0763657
0.0550792
0.0363632
-0.0237306
0.141495
0.0484808
0.0778572
0.148376
0.0654329
0.0318059
0.0672942
-0.0144866
0.0739094
0.0580736
0.0327416
0.0430697
0.0402402
0.0620738
0.0129159
0.100159
0.0555185
0.0660462
-0.0007776
0.0391185
0.0059884
0.0191475
-0.0550638
0.00370511
0.078815
0.0760481
0.0631074
0.0260332
0.056377
0.093809
0.0857544
0.0495539
0.0395645
0.0341455
0.0156531
0.0651531
0.0592656
0.15341
-0.0184782
0.104495
0.0875545
0.052473
0.0476437
0.0351283
0.0705597
0.0464744
-0.0528594
0.0719464
0.0373827
0.0147468
0.0460518
0.0499113
0.0745584
-0.00640026
0.050797
0.176334
0.113326
0.00514801
0.0878526
0.0557836
0.113091
0.0827417
0.0578235
0.0641367
0.104397
0.0504663
0.0624627
0.0740295
0.00969936
-0.00637634
0.00874257
-0.0261134
0.0173041
0.0175891
0.083365
0.202138
0.0613137
0.061441
0.0163074
0.203172
0.0412139
0.00885193
0.0720412
0.00595615
0.0503432
0.0322536
0.0173569
-0.105308
0.0571451
0.0584009
-0.0406396
0.0244023
0.0480248
0.118004
0.0634085
0.0805275
0.14584
0.0414842
0.08032
0.0824929
0.0367384
0.0402557
0.0715509
0.0567153
0.0718056
0.0842077
0.0971032
0.0352507
0.173575
0.0500078
0.0155669
0.0677894
0.0547189
0.0204149
0.0536205
0.075451
0.120934
0.0424836
0.0627678
0.00140636
0.0947227
0.0739204
0.0866933
-0.0169836
-0.0496126
0.076206
0.029436
0.0743647
0.0417091
0.0541197
0.0516135
0.0126964
0.0390593
0.0578046
0.0490161
0.0522753
0.0538449
0.0505982
0.0585799
0.0493246
0.0604721
0.0503859
0.0671415
0.0874968
0.0943868
0.0491766
0.0298989
0.122965
0.0531172
0.063358
0.0609578
0.0622931
0.0726628
0.0746623
0.0651352
0.0568853
-0.0103402
0.0248642
0.0405219
0.0639711
0.124395
0.0481665
0.0484061
0.0332986
0.059109
0.0616077
0.070963
0.0570515
0.0956663
0.0658975
0.117982
0.0446619
0.130458
0.0789812
0.0551093
0.123869
0.107508
0.0755415
0.0670782
0.0685146
0.0265464
0.0320278
0.0814824
-0.00986972
0.0691944
0.124055
0.0744331
-0.0313798
0.0471423
0.0428152
0.0606281
0.0331703
0.0660647
0.0844301
0.0923659
-0.0213489
0.00696983
0.0296309
0.0620573
-0.00646785
0.210519
0.0502672
0.0351705
0.0367369
0.103592
0.0792274
0.182162
0.0286203
0.0385214
0.0366961
0.0633133
0.0884581
0.0753232
0.0502465
0.0338682
0.0522842
-0.0146886
-0.0819804
0.0172284
0.0883341
0.0711092
0.096956
0.0505492
0.0655319
0.0592016
0.0417459
0.0389195
0.47407
0.201941
0.0167228
0.0777279
0.0266001
0.0746554
0.0248633
-0.019437
0.174944
0.0805368
0.0551878
0.0885028
0.203464
-0.0307941
0.0307469
0.0711476
0.0185918
0.089756
0.00853648
0.231995
0.51462
0.0563762
0.0741099
0.0461387
0.0403478
0.0566235
0.0070007
0.0911896
0.0940377
0.0116315
-0.0999349
0.0344262
0.0553566
-0.0253045
0.060187
0.0743558
0.07972
0.0662583
0.0873203
0.0482047
0.000342211
0.196368
0.0981907
0.0895446
0.047844
0.00576312
0.0484886
0.105582
0.0518819
0.0704628
-0.00562091
0.0187733
0.0919919
0.0465341
0.0465743
0.041632
0.0228878
0.0288011
-0.000460612
0.0247399
0.338579
0.0923513
0.091631
0.0418803
-0.00114155
0.034428
0.087911
0.060902
0.0214702
0.0720739
0.084683
0.0884502
0.0409244
0.0123466
0.0521428
0.0726875
0.0348577
0.0482007
0.0531173
0.0378915
-0.0227609
0.154681
0.0460972
0.0565179
0.0900451
0.0639441
0.0994661
0.0831689
0.123329
0.176239
0.091649
0.0375646
0.118609
0.045901
0.0327277
0.158324
0.0898665
0.0263673
0.0709919
0.00983526
0.164594
0.0536959
0.0786108
-0.00676536
0.0293957
0.0501115
0.0400869
0.0212515
0.0723335
0.0584139
0.151342
0.0783799
-0.033236
0.0766346
0.05456
0.0716284
0.0240407
0.336609
0.141069
0.0295678
0.0673538
0.0479108
0.150161
0.028051
0.0584113
0.0282732
0.0401339
0.0449
0.0398678
0.0458874
0.113223
0.221097
0.0619453
0.0122477
0.0912713
0.0447552
0.0554882
0.0734233
0.0346305
-0.0956347
0.0824661
0.00391818
0.0437386
0.0382564
0.060332
0.092395
0.0122009
0.0658467
0.020702
0.0527726
0.059397
0.122104
0.0850149
0.0720457
0.112852
0.0454325
0.0582506
0.065702
0.0051011
0.107769
0.090818
0.102793
0.0223982
0.0804721
0.0746818
0.0371464
0.000555504
0.0795922
0.291058
0.0790912
0.0687598
0.0970993
0.216417
0.0219946
0.020233
0.0718504
0.020803
0.052624
0.0099599
0.0720249
0.0937187
0.0983047
0.0308865
-0.0773507
0.0227098
0.0502129
-0.000916328
0.0785854
0.0583385
0.0292869
0.0555588
0.0537654
0.047175
-0.0820735
0.0457962
0.0457709
0.0557626
0.0941232
0.0440829
-0.0151961
0.0461929
0.0698477
0.0502853
0.0355036
0.0654615
0.160337
0.0343765
0.0696311
0.0733843
0.0616233
-0.0150828
0.0623175
0.0351139
0.0981876
0.0770152
-0.0327199
-0.0543777
0.0353097
-0.00062346
0.129562
0.023258
0.0642901
0.0422534
0.0414156
-0.029376
0.0454127
0.0829762
0.0499767
0.0581166
0.00161807
0.0580484
0.0545003
0.142335
0.0067724
0.068918
0.068872
0.0172532
0.0511505
0.0703362
0.0979868
-0.056432
0.0632517
0.0431864
0.0210179
0.0911
0.040251
0.0635569
0.0653797
0.0259256
0.0300843
0.0640485
0.0606875
0.0949689
0.0110527
0.0515891
0.0402956
0.109321
0.0565947
0.0682716
0.0484878
0.33076
0.0515336
0.0562793
0.0618676
0.118351
0.0787548
0.048926
0.0712745
0.0839327
0.0636175
0.129742
0.0623448
0.0443655
0.0607272
0.0519095
0.0494063
-0.0169879
0.040413
0.0800416
0.0815291
-0.16182
0.0953864
0.0854697
0.0723458
0.0541036
0.0522577
0.00254548
-0.011574
0.0543775
0.047775
0.0941673
0.080195
0.0302937
0.0716216
0.0234234
0.141746
0.0652367
0.0185081
0.0626476
0.0647122
0.0340167
0.0807531
0.0518544
0.0117416
0.0400434
0.026641
0.0329576
0.0904143
0.0755329
0.0856148
0.0697563
0.0593792
0.0912427
0.11214
0.0304595
0.0351415
0.0579973
-0.00176399
0.0296845
0.0758004
0.0394635
0.131823
0.0513859
0.0555846
0.0416976
-0.00488807
0.0486735
0.00561531
0.175817
0.0627298
0.0595213
0.0609109
0.194863
0.0599243
0.0174518
0.0579117
0.0432423
0.034963
0.0442978
0.044696
0.135459
0.0469111
0.0639811
0.0760779
0.0534388
0.0796255
0.102972
0.0971176
0.088943
0.0546505
0.0957955
0.0698786
0.0921742
0.0467111
0.078772
0.0805681
0.0811036
0.0281015
0.0694162
0.0542024
-0.041954
0.0577237
0.0528691
0.0398002
0.0596435
0.0818999
0.0446855
0.0351728
0.0407523
0.082692
0.0292189
0.0617213
0.0635688
0.0390872
0.0642803
0.0800093
0.0196172
0.0575212
0.0962793
0.0829548
0.116865
0.0546179
0.0499227
0.0468258
0.0179544
0.0565809
0.0736784
0.05513
0.0606497
0.0512946
0.0535421
0.0468095
0.0525421
0.0446576
0.0600062
0.0647752
0.0584476
0.0504709
0.0428092
0.06491
0.0373585
0.0613608
0.0473645
0.0367191
0.0681882
0.0563941
0.0685906
0.0565058
0.0555607
0.0570281
0.056268
0.0551152
0.0641009
0.047624
0.0499901
0.0607979
0.0662418
0.0433934
0.0615785
0.0573351
0.0659067
0.0736062
0.0655158
0.0564955
0.0527847
0.0407632
0.0596515
0.0549367
0.0485657
0.0472937
0.0583931
0.0394013
0.021328
0.0456552
0.0493303
0.0482122
0.0377606
0.0485357
0.0701708
0.062407
0.086587
0.0881952
0.0973514
0.0302873
0.0433144
0.0729231
0.0501572
0.0393481
0.0505824
0.0522786
0.0795261
0.0781886
0.0471607
0.0368143
0.0485867
0.0829862
0.04837
0.0462653
0.0513387
0.0642685
0.12912
0.054727
0.0569516
0.024903
0.0784257
0.0642704
0.0502496
0.0567728
0.0973157
0.0815208
0.0908252
0.0611225
0.0531286
0.126638
0.106128
0.0859133
0.0756501
0.0724721
0.0744903
0.0459765
0.0913343
0.0526711
0.0517636
0.0571311
0.0580689
0.0660551
0.0466795
0.0663624
0.183349
0.0460645
0.0594126
0.0585142
0.169928
0.0082561
0.0237847
0.0221423
0.0401012
0.0507332
0.041997
0.11647
0.0751828
0.0454833
0.0499484
-0.0194355
0.03812
0.0296265
0.0282338
0.102545
0.120857
0.0528108
0.0598666
0.0800872
0.0690349
0.100417
0.0453066
0.0277615
0.0566733
0.0517617
0.0983524
0.100196
-0.00730151
0.0648967
0.0648931
0.0179908
0.0409011
0.114647
0.0255581
0.0690607
0.0429431
0.0771917
0.0437171
0.0258266
0.0665719
0.00344863
0.0563555
0.0557167
0.0226943
0.0752084
0.0814528
0.0897573
-0.128156
0.0614953
0.0594037
0.0438516
-0.0288036
0.0241083
0.0707606
0.0397802
0.0539341
0.0534533
0.124719
0.0479181
0.0664662
0.0589537
0.0438046
0.0911143
0.130498
0.0740523
0.0442405
0.0495524
0.160058
0.0925029
0.0605386
0.05068
0.127453
0.0177334
0.0684084
0.0176888
0.069805
0.0661009
0.0637629
0.0281827
0.0287268
0.0423167
0.0539349
0.0508979
0.0798518
0.0381688
0.0488322
0.0744031
-0.0213656
0.0760413
0.0857852
0.039236
0.0100421
0.0771817
0.0727935
0.0264218
0.141852
0.0262757
0.0628198
0.0243514
0.0394695
0.0466593
0.0712022
0.0542581
-0.00417523
0.0388093
0.0633176
0.0660093
-0.0146049
0.130996
0.00775697
0.0248468
-0.0245686
-0.0561354
0.0795417
0.0893003
0.0182242
0.0520696
0.113545
0.069168
0.0917315
0.0758125
0.0426011
0.176339
0.0564769
0.044045
0.0488581
0.0713671
0.0759763
0.0141239
0.0237057
0.0744209
0.0324992
0.0332223
0.0189612
-0.0936969
0.0700092
0.0398694
0.0498605
0.0284504
0.0312825
0.0800727
-0.0252554
0.0419582
0.0224881
-0.0685513
0.0366269
0.100211
0.0689735
0.0548202
0.00815715
0.0453762
0.014042
0.0609703
0.0282249
0.00964468
0.216957
0.0888204
0.0686594
0.0793057
0.289986
0.0962583
-0.00650212
0.063936
0.0801652
0.0672578
0.00406887
0.095952
-0.00552358
0.101774
0.0511122
0.0679303
0.0492663
0.0534519
0.111489
0.0423151
0.096308
0.149214
0.0633027
0.0548592
0.00915375
0.0727556
0.0130526
0.104457
0.0549617
0.0320932
0.0645307
-0.000973025
0.0497378
-0.0853533
0.0334431
0.0698475
0.0555603
0.0524246
0.078984
0.0266165
0.0528276
0.218937
0.0654436
0.0390011
0.0630014
0.0477251
0.0554283
0.0440305
0.0470533
0.00142706
0.165776
0.0494326
0.0992766
0.0593083
0.0943923
0.337439
0.0186967
0.0552892
0.0483163
0.0508144
-0.0220935
0.0574547
0.161502
0.0701793
0.0539235
0.0308931
0.0399268
0.0553559
0.0210045
0.0200613
0.0664082
0.048523
0.132451
0.00425261
0.0520641
0.0429771
0.0768554
0.119455
0.0515301
0.0510076
0.104896
0.041642
0.0911222
0.164498
0.139861
0.0796345
0.0390388
0.0555654
0.0768132
0.0464955
0.0433791
0.141681
0.0114313
0.0655787
0.0733806
0.0475644
0.036152
0.0560713
0.0512776
0.0254363
0.0445778
0.0805534
0.0896916
0.0779675
0.0191457
0.0510768
0.0766776
0.0422609
0.0104135
0.0302611
0.10664
0.0952424
0.16715
0.0387648
0.0106145
0.0284126
0.0268846
0.0198449
0.0374061
0.0709308
0.0908568
0.0189764
0.0426295
0.0764491
0.0872874
0.108652
0.0613639
0.0138672
0.0405864
0.0856886
0.0986863
0.197535
0.0320675
0.050187
0.0261234
0.0761528
0.0636615
0.070185
0.0448378
-0.0103992
0.0666207
0.0284358
-0.104603
0.0238558
0.0580195
0.074024
-0.00739107
0.0544223
0.0466667
0.0526559
0.04471
0.0328341
0.492153
0.213219
0.0177941
0.0981695
0.049524
0.0653095
0.0392754
-0.0119627
0.18092
0.0616154
0.0544225
0.086051
0.191142
-0.0327834
0.0276521
0.0686234
0.0354923
0.0649926
-0.00104013
0.226388
0.508128
0.0635251
0.0935162
0.0484857
0.0419364
0.0341659
0.0936347
0.0814375
0.105521
0.00943344
-0.0793748
-0.00982806
0.0460449
0.0501568
0.061781
0.0656228
0.0985461
0.0659528
0.0563884
0.0440559
-0.00833167
0.176629
0.0838087
0.102101
0.0199153
0.0317974
0.0370214
0.209281
-0.00960906
0.0594194
-0.0209499
-0.00134095
-0.0236691
0.0591479
0.0917445
0.0760135
0.0107832
0.0601724
0.0328186
0.0308885
0.139747
0.0713744
0.103617
0.0405213
-0.0369066
0.0513356
0.0368824
0.0266173
0.105542
0.0614237
0.0691892
0.109612
0.102709
0.0709896
0.0723354
0.162506
0.0608626
0.112811
0.0789318
0.0920106
0.0229765
0.066191
0.0462218
0.0542073
0.0761172
0.0560323
0.0600434
0.116736
0.0495482
0.0379721
0.0235008
-0.0108721
0.0588036
0.0811309
0.0579273
0.100902
0.0529611
0.0592013
0.0852775
0.0723089
0.171279
0.0352343
0.048352
0.0949689
0.070572
0.0449713
0.0582055
0.0554955
0.0605261
0.0495695
0.0597316
0.0616812
0.0281869
0.0638725
0.0453853
0.0717981
0.0514363
0.0538367
0.0697998
0.0128276
0.0359333
0.0235341
0.0632173
-0.0387175
-0.00204102
0.0734052
0.0536407
0.0887585
0.0258565
0.0495017
0.0914168
0.113349
0.101073
0.0643209
0.0646264
0.0456952
0.0665905
-0.0114656
0.0577253
0.168358
0.0664058
0.066581
0.0685346
0.0770387
0.0233899
0.0551119
0.0221402
0.0483567
0.086903
0.0732905
0.0356698
0.153799
0.066229
0.0694878
0.117873
0.0827162
0.0428703
-0.0451661
0.0672867
0.0593075
-0.276337
0.0241955
0.0376396
0.0473152
0.0230013
0.0579951
0.0107218
0.0549478
0.188782
0.0127389
0.0605542
0.0471441
0.210313
0.0755079
0.00201438
0.0182687
-0.0244475
0.0147065
-0.026422
0.00295074
0.102982
0.060942
0.0672565
0.103585
0.0453452
0.0640364
0.0852178
0.0992726
0.0678582
0.111408
0.00874161
0.1114
0.174344
0.0362379
0.00159908
0.0755835
0.0608064
0.0287433
0.0505986
0.0357441
0.0375716
-0.0436899
0.0378472
0.0393666
0.0278702
0.0307863
0.0479915
0.0925382
0.0880323
-0.0130861
0.0246411
0.067961
0.0899174
0.0250234
0.0425654
0.0599846
0.0399293
0.0771328
0.092618
0.0471069
0.0524285
0.0390081
0.08184
0.0644679
0.001813
-0.0560031
0.023139
0.00107403
0.0805776
-0.00837133
0.060626
0.0435761
0.0899075
0.0338924
0.0675192
0.042667
0.0782171
0.0352606
0.0280278
0.0590593
-0.0445973
0.0667615
0.0190412
0.0450151
0.146356
0.0458942
0.0688939
0.138105
-0.0255161
0.0342638
0.0532076
0.0648482
0.0493496
0.0630548
0.104509
0.107309
0.0102378
0.0585958
0.0794554
0.0852968
-0.281999
0.217514
0.0989536
0.159582
0.0500017
0.0300384
0.065275
0.108313
0.0522247
0.036928
0.112422
-0.215629
-0.072263
0.0886911
0.0622557
0.0616114
0.049624
0.0664913
0.0961823
-0.0358412
-0.179285
0.0585212
0.248829
0.05408
0.0502255
0.0423036
0.0512159
-0.0184649
0.166988
0.0653349
0.127891
0.181386
0.0164175
0.21729
0.0751287
0.0776523
0.0640075
0.0294639
0.0577642
0.072225
0.0218359
0.0943108
0.0477503
0.0206125
0.0972976
0.0414724
0.099302
-0.0233143
-0.0133732
0.0474467
0.189806
-0.0950997
0.103877
0.0447908
0.111148
0.0586874
0.0858745
0.0496059
0.0489612
0.0524837
0.0403067
0.14944
0.031491
-0.0269613
-0.00664783
0.0323956
0.0283314
0.0159128
0.185308
0.145616
0.0521335
0.0692918
0.183284
0.0448381
-0.0395348
0.0792974
0.040371
0.0582856
0.0405808
0.00629885
0.107644
0.021365
0.0698179
0.0830588
0.142874
0.0834068
0.076564
0.0812641
0.030106
0.0976746
0.0692855
0.0313844
0.100536
0.081377
0.0793758
0.0327149
0.124123
0.0485379
0.0211813
0.0971648
0.0670635
-0.0247212
-0.0123775
0.0150993
0.0722458
0.0592129
0.0486592
0.0294837
0.0485803
0.0602073
0.0319136
0.0474232
0.043322
0.0431423
0.00957411
0.081511
-0.0459569
0.074602
-0.0239324
-0.039919
0.0824556
0.0756878
0.0478427
-0.0595104
0.0140423
0.0698147
0.048006
0.0217326
0.103392
0.063245
0.0530914
-0.0398543
0.0453392
0.0190118
0.0316387
0.0406019
0.104983
0.102007
0.0358973
0.0322666
0.0422024
0.0945013
0.0706337
0.0490722
0.0299678
0.0417665
0.0810634
0.05146
0.0387189
0.0697146
0.0585286
0.0657077
0.0822703
0.0462027
0.0393555
0.0879158
0.0945997
0.0590523
0.0781055
0.0484713
0.0727284
0.00769713
0.100414
0.0722531
-0.0176246
0.0992892
0.0593827
0.0540179
0.0509449
0.0261267
0.0424783
-0.0553597
0.0432761
0.0330747
0.0623139
0.0656712
-0.0659264
0.0453157
0.00894403
0.0748144
0.0756626
0.076918
0.0926298
0.0266393
0.0394227
-0.0599608
0.0704524
0.0372345
0.0677803
0.0303437
0.0694701
0.0689858
0.0254807
0.102358
0.0801377
0.0391369
0.0548093
0.0774733
0.0628259
0.0431744
-0.223874
0.193772
0.0505348
0.0563918
0.0405412
0.107558
0.0535857
0.0462167
0.0412593
0.0369012
0.0760716
0.0418496
0.129333
0.129733
-0.165025
0.0753868
0.0603057
0.0900515
0.0765872
0.0500489
0.0624797
0.0436615
0.00256414
0.0516002
0.0190778
0.0409135
-0.00743671
0.0224008
0.170761
0.204422
0.0565062
0.0634152
0.187566
0.0393266
-0.0192996
0.0589704
0.158923
0.0581843
0.0732217
0.0656933
0.0678849
0.0531977
0.0310889
0.13954
0.0887041
-0.00911312
0.0101766
0.0537908
0.0881604
0.0555442
0.0885096
0.0144611
0.067094
0.0614472
0.0582178
-0.0782418
0.0984118
0.0351768
0.0646959
0.060506
-0.032726
0.0597521
0.0657147
0.103479
0.0471615
0.0596263
-0.00167936
0.0115824
0.101641
0.0243623
0.0411019
0.0390334
0.0117657
0.0702019
0.0750709
0.0611548
0.0789886
0.0295819
0.117099
0.0444543
-0.153972
0.0848088
0.0151078
0.0552984
0.0476591
0.0489661
0.0742495
0.00209099
0.0274098
0.0279623
0.119046
0.0204354
-0.0294946
0.0819412
0.0586554
0.0221661
0.0445856
0.0936497
0.0450264
0.054681
-0.189437
0.0523346
0.0511149
0.0512137
0.0578486
0.0541694
0.042269
0.0659345
0.0892865
0.0733161
0.0832988
-0.0345572
0.0565149
0.0411194
0.0391703
0.0460187
0.0405139
0.0103506
0.038089
0.0644215
-0.0433299
0.102012
0.0397841
0.0154506
0.0384593
0.0526418
0.0324252
0.0143878
0.0440467
0.0270077
0.0681902
0.0324843
0.0462059
0.0355327
0.04929
0.0744966
0.0153624
0.0368631
0.0752452
0.0346336
-0.00621094
0.0491075
0.0225742
0.0387594
0.0467532
0.035563
0.0485573
0.0468846
0.0456682
0.0553641
0.0515475
0.0567498
0.0485699
0.0680834
0.0570647
0.0657116
0.0422722
0.0624483
0.0553951
0.0716664
0.0967604
0.0454007
0.0471856
0.0451302
0.032577
0.0437742
0.067335
0.0212696
0.0714262
0.0384524
0.0383599
0.0610977
0.0263647
0.0727284
0.0720192
0.0307378
0.0829044
0.0620601
0.061113
-0.000396644
0.0637812
0.0249984
0.0586385
-0.0121958
0.0211342
0.111342
0.0326359
-0.00748653
0.198062
0.00833863
0.0513802
0.085579
0.235914
-0.0891289
0.0825143
-0.211804
-0.107172
0.419035
-0.512981
0.662867
-0.429467
0.751027
-1.1332
0.476956
-0.28322
0.290563
0.276274
0.219203
0.416124
0.583714
-0.451585
0.876016
-0.539951
0.29345
-0.524625
0.402496
0.0506314
0.246106
-0.289437
0.816578
-0.57255
0.817341
-0.542203
0.300715
-0.326446
0.262963
0.142283
-0.124436
0.510584
-0.393627
-0.0945967
0.39238
-0.215765
-0.216202
0.647842
-0.0989505
-0.97004
0.796036
0.189197
-0.413797
0.235805
0.284643
-0.277249
0.151263
0.360689
0.170952
0.209058
-0.383538
0.223863
0.343625
-0.210286
0.0885807
0.0351302
0.432705
-0.25036
0.247861
-0.164039
0.299814
-0.0504505
-0.0767108
0.0178047
0.386527
-0.525431
0.187149
0.18123
0.0855407
0.290077
0.23479
0.311058
-0.295762
0.216196
-0.0639434
-0.0303417
-0.283933
0.516404
-0.405905
0.089897
-0.165855
0.447662
0.121977
-0.0657345
0.0255833
-0.221273
0.09799
0.293182
0.0181803
-0.317083
1.165
-0.956909
-0.104932
0.862647
-0.14101
-0.259446
0.21198
0.244178
-0.138569
0.254491
-0.475572
0.78651
-0.298461
0.0919655
0.302597
0.0235585
-0.315823
0.0629952
-0.0189942
0.414279
-0.339647
0.106577
0.135642
-0.168839
-0.284311
0.22616
0.441704
0.110542
-0.127382
0.361919
-0.276532
0.274822
-0.0934422
-0.530055
0.0453417
0.634395
-0.331847
0.0226872
1.06332
-1.44431
0.462438
0.117188
-0.0930281
0.443077
-0.448156
1.03557
-1.30622
0.659373
-0.276149
0.471392
1.06704
-1.40163
0.627365
1.03947
-1.46342
0.986921
-0.192083
-0.46559
1.71961
-1.82624
1.74464
-0.10618
-0.950229
0.428214
-0.610834
0.668818
-0.841215
1.56404
-0.527306
0.743666
-1.15538
0.683871
-0.627607
0.954769
0.727125
-0.725323
0.498153
-0.214224
0.15403
-1.55969
1.76152
-0.304489
0.913828
0.0723154
0.975522
-2.56947
1.01345
0.693727
-2.92677
1.69513
1.39172
0.277985
-1.00328
1.54787
0.300086
-2.8146
0.683615
1.95275
0.648597
-1.15211
0.196415
1.57685
-1.1551
-0.502065
0.147157
-0.751279
0.782674
0.669237
0.298543
0.199518
-0.495796
0.363354
1.10556
-1.66468
0.0711511
0.981841
0.875916
-0.610056
-0.60679
0.352768
0.966002
0.0334701
0.251707
-0.0575349
0.634194
0.0868243
0.296021
-0.532142
0.0709008
-0.0824305
1.17078
0.0609543
-0.144743
0.19562
-0.0958453
0.128788
-0.308441
0.667239
0.0787061
0.166302
-0.0175721
0.0271334
-0.341771
-0.831108
0.854574
0.0649409
-0.29204
-0.461701
0.196264
1.28945
-0.35149
-1.09763
0.290154
0.958693
-0.00807121
-0.645323
-0.438271
0.743878
-0.149253
-0.495587
0.657409
0.834947
-0.0564844
-0.73888
-0.166393
0.164801
0.579831
-0.515902
-0.116843
-0.0671561
0.00867813
0.347647
0.90481
-0.202427
-0.649182
-0.0110673
0.237991
0.0294521
0.218541
-0.16416
-0.516682
0.0491016
0.511841
0.0554017
-0.516838
0.150358
-0.0338995
0.227084
-0.347543
0.428139
-0.0428576
-0.132314
0.244799
0.055039
0.168785
-0.314298
-0.0249308
0.590825
0.156354
0.0804701
-0.108562
-0.432991
0.3751
0.440965
-0.500101
0.088944
0.668939
-0.141582
-0.144958
-0.0575128
0.137885
0.307767
0.0237188
-0.302535
-0.159044
-0.241046
0.516508
0.709106
-0.0162655
-0.226962
0.200554
-0.00784583
0.051794
0.0687776
0.696991
-0.083443
-0.35988
0.559961
0.0823153
-0.627573
-0.018976
0.293466
-0.231207
-0.0827821
0.128053
0.235726
-0.183622
0.193133
0.0870401
-0.305364
0.0628793
0.115205
0.0884408
0.224656
-0.235052
-0.106115
0.171297
0.38222
0.00628223
-0.471556
-0.209627
0.533513
0.184871
-0.245618
-0.513927
0.00375015
0.622554
0.236357
-0.00625294
-0.0480594
-0.356494
-0.0731795
0.194581
0.382571
-0.0219784
0.0200221
-0.277373
-0.390542
0.0158379
0.0786412
0.117843
0.306802
0.704268
0.0994697
0.0539738
0.0993167
0.050662
-0.327309
-0.335961
0.130118
-0.119186
0.407621
0.142775
0.470985
-0.150883
0.31893
-0.111537
-0.125873
0.196263
-0.347754
0.208307
0.404968
-0.492131
0.243154
0.359371
0.242461
0.41191
0.19591
-0.726227
0.446039
0.108975
0.528577
0.1843
-0.041779
-0.280466
0.0657004
0.155384
-0.629656
0.799215
-0.108203
-0.248264
1.38481
-0.955044
0.645014
-0.292645
-0.113274
-1.21639
-0.155189
0.381536
0.157062
-0.184322
0.996642
0.0614205
0.490353
-0.647976
0.700621
-0.392813
0.642889
-0.686119
0.56094
-0.0623097
-1.01348
-0.72366
-5.81299e-05
2.39213
0.356555
-0.778886
-0.149441
-0.525386
0.800203
-0.351328
-0.654762
0.282936
0.299694
0.711307
0.421087
-0.422547
0.0596702
-0.493981
-0.0304551
0.956597
-0.0377412
-0.354211
-0.222804
-0.747515
-0.570507
0.620818
0.252652
0.369585
0.288629
0.904831
0.507812
-0.8104
0.968627
-1.30128
-1.09233
-0.658326
0.916353
-2.25273
-0.610736
1.36486
3.15951
-1.35237
-1.19821
1.17965
4.67429
-1.82886
-4.41913
-2.5079
2.81474
3.52005
-1.75406
-1.82114
-3.63449
1.88923
3.59745
1.54652
2.05658
-3.61361
-2.36661
1.27222
0.0824109
1.87763
-0.134915
-1.38636
2.38495
-2.11552
-1.58236
4.0715
-1.486
-5.08304
3.073
3.94923
-4.38836
-2.05395
3.38352
0.0116266
-4.85907
0.634399
3.6859
-0.108765
-3.51807
0.556524
4.48352
-2.85975
-1.13504
-0.4439
4.55353
-1.43272
-2.06558
-0.651445
4.74145
-1.96795
0.0787403
-2.4727
2.30729
0.945106
-0.359707
-1.05382
-2.05892
2.97372
-2.07952
3.5828
0.843533
-6.01848
4.82329
-2.49373
-2.61404
5.98344
-2.61364
-0.514028
3.37906
-3.20267
-0.0824017
1.22422
0.0225518
-1.40279
0.113505
2.26598
-1.95511
0.694367
1.20581
-1.74771
1.21795
0.074705
-0.885199
0.914856
0.280354
0.272343
0.450619
-1.09819
-0.178886
1.6565
-0.872912
0.13002
-0.188888
0.100594
2.86323
-3.60994
2.2671
-2.51659
2.81601
-0.659428
-1.48885
2.93689
-4.71145
3.72488
0.102802
-2.13641
4.32698
-3.70592
0.980743
1.21711
-3.01128
2.5302
-1.18013
0.238607
0.834266
-0.26473
-1.33053
2.07677
-1.81217
0.156196
1.16925
-1.80357
1.22677
-1.43772
2.35278
-3.99879
5.2258
-3.83245
1.84286
-0.0530494
-0.279442
0.814595
-1.72916
4.33653
-1.87213
-3.4854
4.68713
-2.71728
1.57824
0.688697
-0.764002
-0.36665
0.0929028
-0.71377
0.862459
-0.945174
0.391893
-0.6434
0.740432
-0.0567525
1.1211
-0.774479
0.570341
-0.607354
-0.678652
0.322375
-0.717542
0.263781
-0.730267
0.235791
-0.453489
0.38861
0.134533
-1.09002
1.18096
-0.869203
0.150663
0.582507
-1.21431
2.23094
-2.51476
2.84445
-2.64214
3.20911
-2.42183
1.10308
1.57187
-3.60141
6.62928
-11.2479
11.4731
-2.12056
-12.4389
27.373
-29.9008
9.49563
17.2776
-25.7866
21.0291
-15.2925
8.56092
-6.69493
4.47568
-2.62081
3.23273
-3.0639
5.66368
-6.95256
6.64966
-4.60407
2.29532
-0.0185708
-2.0027
3.54154
-3.42844
1.82989
1.41295
-1.52274
0.0810012
1.20997
-1.53285
2.53952
-2.06028
1.46207
0.204045
-0.836705
0.952317
-0.5631
2.50256
-1.76196
0.700689
0.589478
-2.01326
4.18223
-2.1694
-3.83018
4.48758
4.8868
-5.82214
-10.2752
11.0743
10.8931
-14.347
-12.0981
19.7905
9.43006
-31.1916
14.5565
2.91405
-9.36486
17.2853
-16.6595
18.4518
-15.0728
9.66521
-10.4564
7.8519
-3.41294
-3.72628
7.23345
-9.1555
10.4874
-6.28078
1.12635
5.98323
-8.09792
3.81428
4.46881
-6.75374
4.98047
4.10257
-8.16553
1.33065
5.88959
-2.29414
-3.25076
3.62368
1.26867
-1.61853
-3.29258
1.55296
3.11003
-0.325653
-6.23654
-3.93761
1.34232
2.12355
-0.288299
-1.47069
1.83442
-3.34114
-4.04215
2.8416
5.59469
-9.08786
-16.5341
16.426
25.66
-25.3277
8.86202
-13.197
-2.79436
-2.43396
-2.36211
-0.122306
7.06073
-6.01449
12.4167
-5.32436
4.51814
3.10062
-9.4322
9.65202
-1.35629
-9.36427
6.6858
-1.14316
-6.78294
0.297422
3.46243
-3.51144
-4.41898
4.695
2.31282
-2.04991
-4.80447
-0.824421
4.71527
4.74445
0.674291
-2.5439
-1.83267
0.388575
0.954689
1.86338
1.29271
1.26417
1.17821
0.232564
-3.1252
-1.03478
11.1307
-0.104828
-24.5467
-5.86681
42.2915
8.40857
-50.9572
10.1015
9.01149
-9.38773
17.4309
-7.70359
8.77252
-1.47755
1.05463
7.7288
-5.33792
7.20257
-1.00741
-4.17957
6.81886
-0.0777154
-5.59368
3.69167
2.59551
-3.24807
-2.72533
4.89064
6.14888
1.32447
-1.17873
-0.69925
3.90098
5.20278
5.16772
6.36841
5.20178
4.09775
3.68058
2.98572
2.20914
1.94136
2.55145
3.05797
2.19381
0.443339
-0.384915
-0.131599
0.44044
1.12278
0.115494
-3.0816
-7.80138
-10.7374
-6.42859
13.7912
42.9774
34.2434
-38.4127
-38.7781
-18.5238
-20.2994
-4.23168
-1.69109
-6.90042
12.5075
-3.18488
-4.81917
15.1569
6.55576
-11.8975
-6.29468
12.225
18.3728
8.89514
-0.790869
-5.85268
-6.81437
-6.1703
-6.31942
-3.94986
-3.6366
-2.52114
-2.27089
-1.05585
-1.04926
-2.48645
-2.12187
-2.27079
-1.89727
-2.55501
-2.46146
-2.33033
-2.18223
-1.84079
-2.56488
-1.44985
-0.678877
-1.82822
-1.08568
-0.996591
-3.75588
-1.59611
-1.30202
0.48331
1.74763
4.07794
-16.3661
-120.803
121.791
-37.9533
74.8248
-53.7191
16.461
54.3233
-13.117
-49.1339
-37.2149
-18.0971
-7.54217
-3.30786
-1.8903
-0.462839
0.0156864
0.695531
0.0901106
0.371824
0.546341
-0.252262
-0.0447816
0.26651
0.517034
0.588414
0.161614
0.144719
0.274915
0.489069
0.326717
0.649916
0.081338
0.771712
0.429202
0.304213
0.108628
-0.342236
0.586114
0.133892
0.48499
0.18266
1.02026
0.443832
0.181442
0.549745
0.436379
0.358992
0.0718492
0.214882
0.205441
0.291343
