0
-0.181375
-0.968283
-4.41394
0.143263
2.43582
-5.99462
2.56149
-1.0027
0.769336
-0.124521
-0.896928
0.922899
0.383868
0.960162
0.0861852
0.174098
0.479401
0.105567
0.0751349
0.253869
0.0630009
0.118846
0.141703
0.171931
0.154346
0.0799649
0.118607
0.110277
0.0747093
0.0825606
0.084761
0.063712
0.081803
0.0844551
0.0709037
0.082312
0.0718155
0.080641
0.0677026
0.0588058
0.0865748
0.0541811
0.0182147
0.0901266
0.0635057
0.0975581
0.0359659
0.0620114
0.0718356
0.0238711
0.0393097
0.0736552
0.0479882
0.0445512
0.0551062
0.0599633
0.060436
0.00406196
0.0842887
0.0781892
0.0204784
0.0251009
0.0272709
0.0280845
0.0283297
0.0282766
0.0280551
0.0277212
0.0273103
0.0268617
0.0263737
0.0258704
0.025339
0.0248009
0.0242818
0.0237359
0.0231978
0.0226561
0.0221259
0.0215838
0.0210575
0.0205079
0.0201199
0.0194798
0.0189289
0.018509
0.0178149
0.017483
0.0169822
0.016388
0.0159355
0.015458
0.0149853
0.0145225
0.0140494
0.0135794
0.0131109
0.0126425
0.0121949
0.011743
0.011287
0.010873
0.0103931
0.0099711
0.0095411
0.0091045
0.00867527
0.00824399
0.00781316
0.00739962
0.00697361
0.00655403
0.00614016
0.00571634
0.00530535
0.00488943
0.00448324
0.00406605
0.00365567
0.00324259
0.00283521
0.00243337
0.00202876
0.00161939
0.00121378
0.000810809
0.000405314
0
-0.000405314
-0.000810809
-0.00121378
-0.00161939
-0.00202876
-0.00243337
-0.00283521
-0.00324259
-0.00365567
-0.00406605
-0.00448324
-0.00488943
-0.00530535
-0.00571634
-0.00614016
-0.00655403
-0.00697361
-0.00739962
-0.00781316
-0.00824399
-0.00867527
-0.0091045
-0.0095411
-0.0099711
-0.0103931
-0.010873
-0.011287
-0.011743
-0.0121949
-0.0126425
-0.0131109
-0.0135794
-0.0140494
-0.0145225
-0.0149853
-0.015458
-0.0159355
-0.016388
-0.0169822
-0.017483
-0.0178149
-0.018509
-0.0189289
-0.0194798
-0.0201199
-0.0205079
-0.0210575
-0.0215838
-0.0221259
-0.0226561
-0.0231978
-0.0237359
-0.0242818
-0.0248009
-0.025339
-0.0258704
-0.0263737
-0.0268617
-0.0273103
-0.0277212
-0.0280551
-0.0282766
-0.0283297
-0.0280845
-0.0272709
-0.0251009
-0.0204784
-0.0781892
-0.0842887
-0.00406196
-0.060436
-0.0599633
-0.0551062
-0.0445512
-0.0479882
-0.0736552
-0.0393097
-0.0238711
-0.0718356
-0.0620114
-0.0359659
-0.0975581
-0.0635057
-0.0901266
-0.0182147
-0.0541811
-0.0865748
-0.0588058
-0.0677026
-0.080641
-0.0718155
-0.082312
-0.0709037
-0.0844551
-0.081803
-0.063712
-0.084761
-0.0825606
-0.0747093
-0.110277
-0.118607
-0.0799649
-0.154346
-0.171931
-0.141703
-0.118846
-0.0630009
-0.253869
-0.0751349
-0.105567
-0.479401
-0.174098
-0.0861852
-0.960162
-0.383868
-0.922899
0.896928
0.124521
-0.769336
1.0027
-2.56149
5.99462
-2.43582
-0.143263
4.41394
0.968283
0.181375
