2.71565
2.94365
2.84839
3.53421
3.52849
5.70965
18.1381
-5.16322
-3.13821
-2.23835
-0.238225
4.42079
5.51244
-0.216436
-7.9527
-0.238596
1.31563
-1.72603
-1.35616
1.28208
-0.050503
-0.0720983
-0.238581
-1.54435
-1.0024
1.0032
1.46876
-1.40502
-1.36279
-0.278666
-0.226747
-0.728293
0.653305
-0.340888
-0.382712
-0.125115
-0.535135
-0.385529
-0.0986614
-0.184431
0.460341
-0.144394
-0.452618
-0.280625
-0.514242
-0.050739
-0.255326
-0.242904
-0.139182
-0.131092
-0.330986
-0.0192778
-0.0461993
-0.19108
-0.357894
-0.16216
0.333815
-0.081145
-0.347829
-0.160849
-0.0923426
-0.177728
-0.350834
-0.133049
0.556214
-0.182365
-0.337642
-0.16023
0.0680956
-0.15695
-0.417185
-0.206079
0.377425
-0.154224
-0.345739
-0.130589
0.00784159
-0.170353
-0.31802
-0.158743
-0.0295949
-0.153497
-0.3195
-0.120866
0.120381
-0.134161
-0.159306
-0.207515
0.605305
-0.22554
-0.0346041
0.212083
0.10764
-0.0923636
-0.0690358
-0.168468
0.063956
-0.143697
-0.130128
-0.115705
0.127007
-0.163137
-0.212863
-0.14823
0.400369
-0.0927072
-0.174896
-0.119931
0.0594286
-0.131785
-0.12205
-0.119102
-0.0677207
-0.108645
-0.214301
-0.032352
-0.0210274
-0.142312
-0.172546
-0.115233
-0.0799345
-0.0739071
-0.0966197
-0.0670345
-0.0682619
-0.0945599
-0.0983336
-0.110372
1.30942
-0.110436
-0.105325
-0.115491
-0.0864201
-0.117548
-0.109905
-0.116602
0.0378412
-0.0889678
-0.110103
-0.0971911
-0.0992029
-0.107269
-0.105628
-0.108657
-0.0132835
-0.104041
-0.085049
-0.0997375
-0.105875
-0.126217
-0.109183
-0.107054
0.368005
-0.0997884
-0.104487
-0.10907
-0.0961758
-0.104587
-0.107588
-0.0974499
0.0984912
-0.121373
-0.120969
-0.105528
-0.0973418
-0.119827
-0.0814472
-0.123872
0.377211
-0.114156
-0.0708354
-0.106426
-0.0996971
-0.082688
-0.106495
-0.0812016
-0.305817
-0.121137
-0.109833
-0.112411
-0.0891716
-0.110938
-0.103364
-0.104455
0.362909
-0.108029
-0.093359
-0.0894542
-0.0625141
-0.0781295
-0.099071
-0.100805
0.659463
-0.0974298
-0.096087
-0.1105
-0.0854433
-0.104124
-0.101503
-0.105155
0.290462
-0.100031
-0.105711
-0.110581
-0.0465391
-0.114631
-0.0774586
-0.0896108
-0.76176
-0.104311
-0.100031
-0.106803
-0.0926909
-0.101963
-0.102386
-0.125495
0.284375
-0.100361
-0.0985892
-0.102226
-0.0729997
-0.115476
-0.0994582
-0.10276
0.101101
-0.106998
-0.106768
-0.120077
-0.0796905
-0.149459
-0.0885773
-0.0830669
0.292919
-0.100033
-0.104727
-0.100399
-0.0768237
-0.0920713
-0.0907054
-0.00211716
-0.169652
-0.0867174
-0.0953205
-0.0996981
-0.0821404
-0.0870252
-0.0857775
-0.0878282
0.465044
-0.345702
-0.0740991
-0.0887787
-0.0692494
-0.101707
-0.0903397
-0.0920229
2.71565
-0.096945
-0.0952511
-0.0907831
-0.0803134
-0.0938976
-0.0883648
-0.0734749
0.360344
-0.0849349
-0.0938377
-0.0291398
-0.0658443
-0.112504
-0.0815361
-0.0912495
-0.335283
-0.0889428
-0.080636
-0.0963449
-0.0846648
-0.0797305
-0.0942721
-0.0863593
0.356751
-0.0960765
-0.0871255
-0.0838051
-0.0554719
-0.0878637
-0.0646377
-0.0927014
0.101101
-0.155736
-0.106526
-0.0562358
-0.101749
-0.102144
-0.0813744
0.264777
0.354039
-0.0847735
-0.0810139
-0.0982878
-0.0662289
-0.0681549
-0.0669827
-0.0913465
-0.358469
-0.0892996
-0.0308537
-0.0656161
-0.0619397
-0.0758773
-0.114352
-0.0705223
0.371676
-0.0980144
-0.0892435
-0.0829399
-0.0512046
-0.0866485
-0.0689548
-0.0867431
0.659463
-0.0882987
-0.086506
-0.0569121
-0.0848151
-0.0757698
-0.0740116
-0.0380797
0.363967
-0.0857714
-0.479766
-0.0971391
-0.0817119
-0.074097
-0.052628
-0.0997146
-0.710339
-0.0972205
-0.0948298
-0.0740196
-0.115265
-0.0433428
-0.0607927
-0.0682122
0.39603
-0.114616
0.309325
-0.0656106
-0.186296
-0.0822767
-0.0758861
-0.0459001
-0.243001
-0.110437
-0.064665
-0.0418851
-0.0860851
-0.0664918
-0.0675141
-0.036943
0.360907
-0.0689774
-0.0274481
-0.0978422
0.0974215
-0.026942
-0.0266727
-0.0615271
-0.554126
-0.24418
-0.100286
-0.0831852
-0.0744746
-0.0728695
-0.0727361
-0.0507581
0.814974
-0.106632
-0.10242
0.344185
-0.0342383
-0.0645852
-0.0362508
-0.0247242
1.30942
-0.0708632
-0.0578687
-0.0222538
-0.0712521
-0.0128671
-0.0349193
-0.0427721
0.345109
-0.053792
-0.0719163
-0.0733852
-0.287151
0.0197077
-0.093843
0.195539
-0.627166
-0.0321841
-0.0786607
-0.0300481
-0.089689
0.0077033
-0.150078
0.0141414
0.414773
0.206714
-0.11275
-0.0946536
-0.0554657
-0.0817773
-0.0662942
-0.0559306
-0.141499
-0.0578425
0.0340066
0.0678763
-0.101212
-0.0529034
-0.00262332
-0.136446
0.379083
0.309449
0.0169752
-0.105205
-0.0390217
-0.0467544
0.00317669
-0.0584843
-0.199
4.79221e-05
-0.125952
-0.105366
-0.0256619
0.0126612
-0.061928
0.000709772
0.18137
-0.175073
-0.164745
-0.323059
0.004457
-0.281231
0.0101497
0.0366156
0.556214
-0.0460916
-0.0364063
0.0351028
-0.0395141
0.034482
0.104975
0.242593
0.0676486
-0.027226
0.0188115
-0.0344057
0.104581
0.259901
0.139989
-0.0580494
-0.320338
-0.0066328
-0.013515
0.199354
0.0531049
0.070219
-0.209788
0.0261276
0.39096
-0.0302854
0.249495
-0.106266
0.296765
-0.0479679
0.0422444
0.0260861
0.793438
-0.522945
0.40789
0.48367
-0.899441
-0.852177
1.93115
-0.430676
-1.30388
-1.25166
0.579111
-0.211408
0.620955
0.671263
-0.864334
-1.4667
1.84717
2.25844
-7.55663
3.59988
5.27222
3.794
-0.190502
-1.8048
-1.70948
-5.33852
18.9288
4.61813
2.84422
2.91523
2.24641
1.86475
