1.22628
3.06106
-0.784158
1.92712
-0.167577
-0.885127
-0.00124128
0.00172712
-0.0924961
-0.0927155
-0.0714876
-0.0968584
-0.0966938
-0.100558
-0.11221
-0.0978073
-0.0962882
-0.115941
-0.104432
-0.0800273
-0.115124
-0.0955946
-0.0972984
-0.100198
-0.11496
-0.0925438
-0.095793
-0.0812351
-0.0944109
-0.0794443
-0.0903416
-0.0944608
-0.0931504
-0.0776256
-0.097282
-0.0974484
-0.0913698
-0.0859839
-0.0872089
-0.0724819
-0.0985795
-0.0912607
-0.0903136
-0.0638339
-0.0898116
-0.0862547
-0.084351
-0.0930273
-0.0905708
-0.0943145
-0.0880976
-0.0809731
-0.0905684
-0.106367
-0.0843471
-0.0880434
-0.0898102
-0.0771675
-0.0903082
-0.0779073
-0.0985709
-0.085816
-0.0871942
-0.0726345
-0.0913614
-0.0956387
-0.0972702
-0.0642722
-0.093115
-0.107779
-0.0903246
-0.0660721
-0.0944023
-0.0945439
-0.0957555
-0.0991615
-0.114924
-0.113494
-0.0972854
-0.0822219
-0.115065
-0.0933524
-0.104391
-0.102534
-0.0962763
-0.0959653
-0.112135
-0.0870881
-0.0966351
-0.110092
-0.0713263
-0.079313
-0.0923517
-0.0114177
-0.00116219
-0.886719
-0.167081
1.91403
-0.783937
3.07438
