-5.45228
-3.24493
-7.51031
-19.06
5.89612
2.83289
-34.027
-8.65964
23.1341
-28.241
0.160676
-3.80046
13.6502
-27.1561
-15.9818
38.0811
8.83396
-13.6958
13.2351
-2.48102
-27.9908
-18.4653
7.3319
-11.3408
6.28253
2.47963
17.6991
-17.1944
-2.11115
0.0151622
11.1919
5.5237
15.4552
-9.96724
-8.54507
9.87887
1.51969
11.1406
16.5441
-19.2077
-2.91184
-14.0412
16.2646
-13.6456
26.2625
39.197
-2.29881
-9.9775
-17.395
14.5273
15.5688
-6.1809
19.4899
19.646
-16.3723
11.9929
-10.4279
-9.12135
-10.8983
8.40214
-43.4608
11.4408
-9.50427
5.4831
-11.3995
-17.9315
3.86051
16.3872
20.5979
-30.5971
-15.1548
-6.30405
48.6424
8.86964
3.03566
-40.293
2.53183
-10.8213
-16.9925
-25.2691
16.0976
-2.41769
10.2672
36.2768
9.95483
-9.68377
-24.1165
42.3311
6.35789
6.3076
17.209
6.08001
-7.29501
-15.6937
23.9146
7.88184
-32.7697
-22.9392
27.3511
-3.89509
-17.1412
13.9349
-6.88714
-15.4708
-3.27219
7.95187
-26.1499
-3.6215
-5.97298
-16.2436
-19.4886
26.1865
7.66447
-2.38294
13.7101
22.7033
9.43048
-9.29384
-14.4736
-6.8745
-5.51943
21.8337
-4.8678
-3.78967
-7.9821
-13.1711
-26.2948
-10.43
-16.5223
-20.7393
19.3376
19.3273
14.3651
-12.6854
7.41849
-27.4047
-27.2216
-13.281
-14.1585
28.8925
-8.37115
13.1988
6.67961
-13.8128
-29.6631
-16.4966
3.0297
0.0406948
18.2493
-9.94094
2.73356
-17.9238
9.70135
-1.76959
19.4551
14.7396
-9.12896
-13.3121
22.2136
5.3923
-4.22974
11.2965
-2.13818
-24.6211
17.3795
11.9758
-9.73235
-0.921623
-16.2443
3.41216
-5.43848
1.83935
46.4164
3.21928
0.479262
23.1849
22.6022
7.14205
-5.08566
14.7267
-24.1698
-7.46603
4.0815
9.27695
34.4836
17.8316
9.26791
-5.99471
-0.247814
27.87
-5.83979
11.8731
50.0608
-14.7158
-31.7127
15.2617
10.6524
-61.0082
-10.8654
-8.89757
-2.55728
-10.1924
-14.6434
18.1379
12.9982
-20.8787
-4.58203
0.3508
-7.49952
5.37254
-9.42021
15.0705
1.14168
14.8396
3.21518
7.4761
15.6722
-1.94659
12.7345
45.8831
-6.56477
23.0881
-20.6198
-10.847
-5.71101
17.0349
-3.94374
-19.0904
15.4375
34.3582
24.3283
-26.2494
19.1631
17.6012
14.3601
-7.79286
-5.0294
10.9917
-5.61584
12.1629
-10.5357
-9.75708
-20.6984
-4.81791
-9.88387
-12.947
-9.36744
-17.9691
-21.3599
35.6855
-9.49181
45.3776
-25.9106
-3.95615
-5.92236
-11.211
19.5687
17.3024
-23.186
-45.4888
-18.0064
2.70688
12.0125
-17.694
-16.0796
-17.0804
8.29891
8.53005
9.77973
-4.59098
-27.2191
7.16269
45.9548
13.3118
3.11237
-28.3084
-22.5142
-22.6198
-8.40842
-11.874
-0.43421
-11.8979
18.4427
20.6701
-33.9398
37.4981
2.31089
-5.70327
-21.3635
-24.1002
-4.06996
-5.94456
13.6532
6.39406
22.565
12.1862
-10.4879
2.61709
11.6766
12.3587
-4.186
38.6444
-12.6068
23.8163
-7.39011
-32.306
0.969462
19.1837
-13.6987
-1.76186
-16.4038
-19.6673
-5.6151
0.462723
14.8244
-16.8792
15.1671
42.3792
4.19707
34.8047
-8.69164
5.78874
-26.4634
14.459
13.6482
38.0852
-12.3407
-16.2223
0.975265
-25.0138
-7.84028
-12.8587
-5.42963
8.47574
-11.3608
-15.2138
4.35114
-1.72099
-6.03929
23.1044
23.2142
-11.6223
-7.08097
30.995
17.7321
-3.01289
-9.68613
-2.40202
12.9508
3.34227
19.4159
23.2219
32.1485
-28.6489
21.634
7.53491
27.1511
-9.69066
-22.7657
31.7344
2.3652
-3.01994
-8.99035
4.78657
-14.8995
9.20978
-7.12673
-25.7407
3.25635
14.4125
-7.22466
23.2201
-2.43811
-15.2216
-20.5417
36.6054
16.178
-17.0875
-39.8724
-30.0989
10.617
9.49749
17.878
14.5626
20.6993
2.53583
18.7743
-46.2213
-27.7565
3.88515
-7.47071
-30.6743
-7.90152
20.7248
-3.92817
-2.38911
-17.3766
22.6514
3.35432
17.493
2.35829
-19.3457
-7.89272
-2.47874
-5.08721
2.0731
-6.40949
-21.4544
6.68442
-10.0781
29.6222
-18.8838
20.7222
18.736
-3.94939
0.588893
-15.2988
31.4102
-15.426
-23.2111
5.31317
-12.1725
13.714
3.18608
-22.3798
14.7049
10.0559
10.8292
-24.3758
3.73095
33.4191
19.0014
4.25086
3.32332
6.66441
-26.5722
-12.8596
1.9351
-35.5179
1.8183
-5.94495
9.12637
-13.2497
-34.0007
1.99488
23.7657
-18.2138
5.03055
9.23804
-19.2939
-12.1013
6.31912
-13.1535
37.9764
-12.4614
-36.0947
-1.47633
-33.4086
4.46991
39.9438
0.514371
-4.62433
4.41621
29.6469
-14.9956
11.1808
-24.1224
-20.9835
3.85775
5.39757
-8.93561
28.5302
20.5578
25.2602
-5.71007
46.1206
-15.9115
14.8844
2.83456
9.526
-20.1006
10.1358
-4.35993
28.8295
14.8353
4.05339
5.88281
-23.7999
-3.7065
-4.3999
-18.3538
-13.528
32.759
32.741
-18.6861
-5.59561
-8.05103
-8.05094
6.59521
-0.891467
22.4636
-4.65237
-28.0457
5.09881
9.61247
-24.0691
5.64815
-1.74004
2.02274
-3.78964
-35.2706
6.10625
-19.6766
-8.34042
4.2742
19.902
-11.2138
5.6711
18.8247
23.9839
24.2044
29.5762
18.1658
13.0848
2.37336
-10.5062
-32.1272
-41.7641
-12.3851
2.55495
48.035
-24.5157
-13.1777
1.82679
8.29704
-16.6833
-9.54658
-7.202
-5.22699
9.57649
24.8888
22.9917
-8.32963
36.0514
-8.62096
-7.82153
19.157
-7.74647
30.2996
-19.6794
27.5624
-9.57828
19.1675
44.3348
-30.2269
-6.96627
25.5477
-7.43701
11.7271
-12.5056
-19.258
2.46481
8.42134
-12.7767
-10.3353
-25.8752
-15.5521
-1.43147
-4.49967
24.8173
19.2557
6.78823
25.4859
23.3374
2.1318
13.488
-9.163
8.02674
28.4445
-10.2409
18.9578
5.17955
21.8412
-25.9647
-35.4332
10.36
-8.23347
-12.5143
-5.18034
25.5351
5.8055
-7.35241
8.50736
2.22196
-29.782
4.87321
-8.18709
-36.6224
23.6244
3.05404
-19.5881
-30.4377
12.874
32.3293
-5.15801
-15.6518
-31.7486
-9.81402
-35.4922
22.7117
-31.4551
0.626006
13.319
5.22104
-5.83177
11.0139
15.3623
20.019
2.49255
-9.50769
-37.3001
-14.3313
-11.0275
-16.881
-37.3628
17.7618
5.3893
13.5251
25.5502
-2.22391
8.4816
30.8945
3.74161
-36.0298
-14.0671
-0.530096
28.0234
4.71815
1.59242
-1.17289
-17.7771
-2.36454
-22.121
7.99195
29.8701
-26.3971
-27.6193
-0.364348
8.71708
-0.713327
-15.4334
-3.36635
-17.8177
4.77691
1.27925
-33.5956
-9.16368
19.1372
-3.29091
6.34826
8.68092
25.3039
-31.0889
-4.45057
-17.91
-5.03839
1.92107
40.2859
-36.9654
-21.9018
-6.79172
-1.23162
10.3703
-14.8115
11.3049
-18.5045
39.231
-5.9525
2.94227
-7.82076
7.2683
33.6075
6.83649
-5.6651
-17.5792
-36.8311
-15.9502
2.95279
9.62621
9.08519
4.7219
-4.8768
-3.7417
14.8958
-22.6946
15.0831
-23.4635
3.46358
24.2902
-23.0836
4.80047
-37.42
5.08639
12.5422
-10.0316
-0.422749
-31.7427
5.45785
30.0156
-21.4461
-9.05231
11.8406
-14.4317
14.9408
2.05472
33.5174
-9.35242
4.30152
-0.915814
-0.604821
14.3215
11.9838
-19.4375
9.29912
4.20158
1.74638
9.01084
3.14638
-1.80396
15.8381
27.0965
-4.50584
2.37238
16.2095
5.48071
3.98429
-18.2022
-8.40861
11.7106
18.1345
-23.6375
35.6868
-9.91611
23.4822
7.41649
14.2587
10.2162
1.92282
-22.9951
11.529
-4.50752
-7.61782
14.171
-5.55788
7.21459
-7.03318
-27.9904
-34.3755
-0.996738
-25.5564
-28.6407
-0.935718
-23.435
-7.14759
6.5111
1.64695
-19.6269
19.0339
10.306
16.3859
-25.3943
-27.398
-6.86215
-9.61023
6.33228
15.3696
-14.8789
-6.26247
32.8374
3.30341
-36.5853
-1.08058
-33.9085
-8.17982
-29.5592
9.84694
-21.4531
9.06356
0.699134
11.8208
8.92757
14.7349
-4.64713
24.4018
8.42093
20.0251
-33.7921
-17.0081
15.3548
26.2954
4.93834
-38.0031
-0.788099
37.11
-14.7051
14.6604
-15.1149
-4.68066
-8.20495
1.49508
-7.18632
5.66146
-8.7094
-12.7362
12.1722
3.23811
-3.3901
-20.1982
-13.2819
-18.3488
-2.09031
-15.2021
7.66144
10.4004
2.0225
-22.6846
-30.037
-14.4223
7.22477
-15.4648
8.21625
18.6824
30.8234
1.09265
23.5645
33.7391
-13.5577
-15.9435
-4.13578
-11.9687
11.6102
10.9609
10.4561
-2.37006
-7.99011
-11.6273
1.94974
24.9764
-34.8147
-4.23331
14.1279
-0.754676
13.5431
3.84206
-29.9465
-38.8548
-10.5396
11.3755
9.86797
-7.07654
-20.0944
-4.91536
5.27269
-7.67113
-13.214
-4.31501
13.3823
-14.845
-18.3735
20.3421
36.8936
-0.324212
-12.0295
6.51635
19.1362
-3.01844
7.35935
24.8372
0.755058
-7.0763
2.82188
-19.1389
-14.6351
-3.32424
12.0416
8.13421
2.61352
-23.123
26.7938
-11.2734
26.8943
-26.6409
12.9002
12.8927
-16.322
18.5557
19.5837
3.78747
-3.01133
15.6096
20.3508
-19.614
-3.77732
8.04878
-39.8171
-6.5911
2.04615
12.5127
0.469655
-36.6752
-12.5483
-39.6874
37.4856
-10.229
-2.25001
-15.8485
-41.2335
-5.41725
45.5512
-9.80362
1.42077
23.4799
32.8513
4.91197
-5.64834
-36.48
0.409908
-19.0956
27.6638
-1.15851
20.7945
-10.6234
19.7471
6.06526
-42.8975
26.7347
-18.1731
-16.9787
-23.2416
14.4186
-11.4575
-8.02253
10.3534
2.78467
-19.1939
-3.17442
4.60123
43.4368
-15.5346
-13.1548
-2.84413
8.80912
5.56432
3.22156
10.9335
-21.7703
21.3853
2.65261
17.2287
5.9935
1.89756
20.595
-26.6747
-0.72385
-2.95476
-11.5386
0.281779
-12.0023
16.5358
-9.3709
-21.0285
-1.717
6.62664
23.2255
19.8002
-11.8591
17.4986
18.9541
33.4058
-10.8363
10.665
6.84086
2.20057
-42.7391
11.7682
21.4393
-7.79873
5.74172
-11.0524
-13.3159
-23.2286
-12.0126
-9.43865
11.5477
-20.6543
-30.9558
16.0321
-13.2088
23.092
17.0474
-38.7985
17.0194
23.1382
-13.2765
15.9893
-31.1682
-20.6773
11.5765
-9.43397
-12.1281
-23.1364
-13.2991
-10.8816
5.85836
-7.7265
21.502
11.7517
-42.8158
2.32248
6.85389
10.745
-10.6382
33.5581
18.9936
17.4107
-11.9559
19.7165
23.1945
6.49504
-1.89601
-21.2244
-9.34783
16.4887
-12.009
0.102182
-11.5065
-2.85603
-0.741999
-26.5058
20.642
1.85886
6.03162
17.0779
2.40537
21.3331
-21.845
11.0393
3.23555
5.50629
8.70492
-2.28083
-13.2145
-15.5097
43.3887
4.57533
-3.25596
-19.2591
2.71432
10.2907
-8.03153
-11.4624
14.3053
-23.3593
-17.0772
-18.2132
26.6028
-43.2411
6.10727
19.7668
-10.6753
20.6528
-1.0257
27.5748
-19.1317
0.237005
-36.2753
-5.65629
5.09044
32.9761
23.5558
1.31698
-9.78569
45.4246
-5.45887
-41.3148
-15.8121
-2.22954
-10.1536
37.3277
-39.92
-12.3808
-36.6319
0.469045
12.6172
2.15121
-6.64381
-39.7177
8.16968
-3.83271
-19.5938
20.204
15.5345
-3.02355
3.85303
19.7283
18.5033
-16.391
12.8365
12.8245
-26.623
26.6313
-11.3519
26.6848
-23.1605
2.55967
8.07417
11.8467
-3.40336
-14.5588
-19.1819
2.82981
-7.16389
0.722969
24.9478
7.27437
-2.6147
19.221
6.54136
-12.0389
-0.342395
37.1246
20.2187
-18.5682
-14.8988
13.5345
-4.21405
-13.2244
-7.70216
5.28864
-4.89677
-20.1375
-7.15808
9.98491
11.4134
-10.5638
-38.8717
-30.0059
3.90492
13.4489
-0.842091
13.4404
-4.2716
-34.7622
24.9234
1.77151
-11.6183
-8.0198
-2.31284
10.5553
11.0086
11.5446
-11.9451
-4.17754
-15.8938
-13.3007
33.8325
23.6486
1.09783
30.8712
18.521
8.33864
-15.4349
7.16029
-14.4855
-30.008
-22.4729
2.14673
10.4518
7.59961
-15.2493
-2.29167
-18.4153
-13.2326
-20.076
-3.33482
3.16224
12.1234
-12.6524
-8.78581
5.63332
-7.469
1.3722
-8.2054
-4.72041
-15.1914
14.6793
-14.6625
37.1429
-0.823286
-37.981
5.00048
26.2671
15.2351
-17.093
-33.7396
19.9923
8.58159
24.3779
-4.71129
14.7814
9.02539
11.8393
0.7234
8.97177
-21.3795
9.80182
-29.6338
-8.2258
-33.8844
-1.06136
-36.4548
3.39912
33.008
-6.266
-14.9365
15.2047
6.25582
-9.59676
-6.82159
-27.3844
-25.4441
16.5317
10.2508
18.9584
-19.7433
1.71517
6.51085
-7.32175
-23.3063
-0.918048
-28.7469
-25.5105
-1.04841
-34.2534
-27.8843
-6.89034
7.35937
-5.36879
14.1381
-7.65101
-3.33945
11.4578
-23.0651
1.86945
10.359
14.3205
7.59749
23.4261
-9.97662
35.7871
-23.6326
18.2336
11.7169
-8.37883
-18.2064
3.94453
5.39596
16.1688
2.32198
-4.51347
26.8679
15.7509
-1.80765
3.13314
8.89254
1.96694
4.228
9.18894
-19.3947
12.0308
14.2581
-0.644236
-1.10975
4.3718
-9.41088
33.5319
1.90103
14.8763
-14.4716
11.7737
-8.87907
-21.3659
30.087
5.21254
-31.6753
-0.361718
-10.0769
12.5208
4.98434
-37.4739
5.01624
-23.1305
24.3848
3.47327
-23.4616
15.0784
-22.8152
14.908
-3.87276
-4.88535
4.56259
9.13548
9.68382
2.84677
-16.1031
-36.8334
-17.5159
-5.64147
6.94546
33.6145
7.19917
-7.88328
2.77874
-5.95958
39.376
-18.6524
11.3739
-14.8814
10.2712
-1.32022
-6.52748
-21.888
-36.9508
40.2451
1.9754
-5.15174
-17.9139
-4.57677
-31.1192
25.5126
8.65286
6.26973
-3.2517
19.1309
-9.30859
-33.6929
1.4121
4.84642
-17.856
-3.35761
-15.978
-0.573045
8.73899
-0.510788
-27.6213
-26.3842
29.9976
7.91896
-22.036
-2.2876
-17.7088
-1.15744
1.5195
4.85514
28.0232
-0.498908
-13.9643
-35.798
3.83643
30.8823
8.63339
-2.19326
25.6364
13.5067
5.57994
17.2075
-37.6903
-16.8902
-11.079
-14.2887
-37.2407
-9.39668
2.5661
20.0991
15.403
10.9655
-5.97917
5.23726
13.3291
0.472229
-31.5937
22.6139
-35.6781
-9.86684
-31.8229
-15.5318
-5.1442
32.369
12.8267
-30.342
-19.6052
3.04055
23.5983
-36.5602
-8.05338
4.91648
-29.6378
2.37326
8.54103
-7.38963
6.05672
25.5089
-5.2096
-12.5641
-8.16408
10.4194
-35.4024
-25.9459
21.8968
5.2937
19.1425
-10.161
28.6774
8.07399
-9.17394
13.3839
2.09977
23.4222
25.4632
6.67375
19.0609
24.8449
-4.48935
-1.52921
-15.7605
-25.8337
-10.3624
-12.6964
8.48823
2.48106
-19.2164
-12.4084
11.711
-7.32638
25.4994
-6.95345
-30.0976
44.4021
19.1374
-9.65381
28.1169
-19.7446
30.3197
-7.77116
19.1817
-7.82567
-8.56994
36.0697
-8.42238
23.0474
24.8818
9.50178
-5.14012
-7.26959
-9.59477
-16.7316
8.0981
1.78335
-13.1698
-24.5335
47.8479
2.49155
-12.5074
-41.9013
-32.1824
-10.2834
2.41528
13.0748
18.4197
29.6209
24.2249
24.0089
18.6435
5.50291
-11.1873
19.8186
4.23003
-8.45906
-19.7475
6.08082
-35.0963
-3.75615
2.00558
-1.77718
5.70842
-23.9713
9.84198
5.15854
-27.933
-4.4738
20.2451
-0.895106
6.6452
-7.92303
-8.07382
-5.73427
-18.6705
32.7977
32.7084
-13.6688
-18.3927
-4.33739
-3.61854
-23.8519
5.82687
4.1497
14.8918
28.7573
-4.38125
10.1689
-20.0049
9.52179
2.8644
14.9353
-15.7605
45.9739
-5.60495
25.277
20.5017
28.4793
-8.79012
5.33588
3.78103
-21.1452
-24.0348
11.3383
-14.9686
29.6352
4.2924
-4.55745
0.566232
39.9601
4.29116
-33.4099
-1.44549
-36.0871
-12.521
37.9787
-13.1633
6.26144
-12.7172
-19.108
9.30664
4.97213
-18.1842
23.8035
1.9665
-34.0565
-13.1058
9.14807
-5.95774
1.64329
-35.6527
2.05394
-12.786
-26.3745
6.80397
3.39609
4.34362
18.8904
33.418
3.64955
-24.369
10.7687
10.1466
14.8389
-22.3533
3.06133
13.6103
-12.2357
5.30595
-23.4714
-15.385
31.4401
-15.3789
0.548644
-3.92685
18.8768
20.6485
-18.8092
29.4262
-10.1879
6.53834
-21.5997
-6.51773
2.14153
-5.07481
-2.49129
-7.85028
-19.2882
2.43333
17.3982
3.19869
22.6664
-17.3818
-2.43413
-3.84231
20.88
-7.95609
-30.8117
-7.26295
3.80599
-27.7472
-46.2136
19.0296
2.7275
20.7566
14.5094
17.6587
9.36814
10.5414
-30.2068
-39.9715
-16.93
16.1114
36.9267
-20.6708
-15.1807
-2.36462
23.129
-7.40112
14.4125
3.07734
-25.7401
-7.21418
9.19792
-14.926
4.86804
-8.81679
-2.77913
2.41716
31.5506
-22.9032
-9.66043
27.1576
7.47291
21.6655
-28.6176
32.1998
23.2034
20.0177
3.31378
12.8565
-2.45204
-9.59755
-2.94072
17.8042
30.9842
-7.14633
-11.5655
23.1545
23.0203
-6.02463
-1.76172
4.11833
-15.3649
-11.526
8.37269
-5.49065
-13.0016
-8.1157
-24.98
1.13269
-16.246
-12.3479
38.231
13.5921
14.3873
-26.4357
5.7311
-8.65165
34.7846
4.14062
42.3995
14.9634
-17.0363
14.9101
0.246835
-5.60333
-19.7257
-16.193
-1.63558
-13.6398
19.0715
0.774246
-32.3238
-7.38753
23.6664
-12.7045
38.7173
-3.91852
12.3299
11.544
2.63022
-10.4508
12.2146
22.464
6.3201
13.5943
-6.08676
-4.2896
-24.0967
-21.3665
-5.62674
2.25015
37.4082
-34.0385
20.4834
18.4683
-11.873
-0.472943
-12.0074
-8.4
-22.6434
-22.6848
-28.5185
3.19818
13.3871
45.9838
7.05747
-27.1268
-4.63203
9.65791
8.48539
8.18617
-17.0908
-16.125
-17.7142
12.066
2.61915
-18.1755
-45.5935
-23.0961
17.3908
19.648
-11.2112
-6.02181
-4.0157
-25.9463
45.3337
-10.6665
35.6223
-21.6191
-17.9991
-9.47756
-12.9379
-9.8814
-4.88966
-20.5916
-9.67371
-10.4651
12.1376
-5.84846
10.8816
-5.09202
-7.8094
14.4787
17.7038
19.1663
-26.3515
24.5159
34.4941
15.4879
-19.1599
-3.84302
17.2453
-5.69844
-10.6113
-20.5423
23.1412
-6.38873
45.8363
12.7296
-1.97259
15.7953
7.46296
3.14972
14.7828
1.15115
14.8281
-9.68398
5.31463
-7.43608
0.338639
-4.68447
-20.8548
12.8684
18.0842
-14.7836
-10.1983
-2.67173
-9.02052
-10.985
-60.9931
10.757
15.2667
-31.7084
-14.3843
50.2425
11.8577
-5.54844
27.9333
-0.199806
-5.89476
9.29396
17.9303
34.4878
9.26456
3.9549
-7.47875
-24.1567
14.8347
-5.01945
7.25882
22.6438
22.9857
0.375179
3.19351
46.4091
1.74771
-5.76923
3.4737
-16.2772
-0.874027
-9.85769
12.0374
17.3158
-24.5794
-2.1395
11.3196
-4.29886
5.33522
22.0105
-13.2847
-9.10016
14.7321
19.6243
-1.83772
9.69103
-17.93
3.41117
-9.98995
18.3362
0.0076847
3.00069
-16.509
-29.7009
-13.8121
6.72085
13.2715
-8.37298
28.7564
-14.1167
-13.4255
-27.2467
-27.3288
7.37059
-12.7254
14.4019
19.2525
19.1146
-20.7423
-16.5452
-10.4792
-26.3
-13.6086
-8.00098
-3.75198
-4.78433
21.9029
-5.51526
-6.90001
-14.6844
-9.1534
9.51689
22.6852
13.7985
-2.38249
7.63602
26.1731
-19.3625
-16.2416
-5.97518
-3.6394
-26.0958
8.0777
-3.26946
-15.3338
-6.92287
14.0235
-17.3216
-3.82005
27.5652
-22.8957
-32.7304
7.86156
23.9583
-15.6824
-7.32563
6.01068
17.0106
6.23093
6.34792
42.0769
-24.2927
-9.59307
10.0726
36.2337
10.1534
-2.45281
15.9179
-25.3252
-17.0647
-10.8512
2.46378
-40.4525
3.12909
9.05319
48.6422
-6.32586
-14.9612
-30.5475
20.5787
16.3178
3.89601
-18.0047
-11.2601
5.40224
-9.55501
11.4416
-43.477
8.37683
-10.7348
-8.96062
-10.4346
11.9617
-16.372
19.6852
19.4309
-6.20945
15.1098
14.5713
-17.4186
-9.96038
-2.37723
39.3435
26.1983
-13.7481
16.2732
-13.9705
-2.96434
-19.2008
16.5913
11.188
1.40553
9.77924
-8.50989
-9.92296
15.4587
5.36052
11.4031
0.117303
-2.14604
-17.2133
17.6614
2.619
6.24233
-11.3922
7.12157
-18.5004
-27.9825
-2.42473
13.2858
-13.7619
8.82552
38.0473
-16.0718
-27.1205
13.6022
-4.04073
-0.0774109
-28.2294
23.1513
-8.62046
-34.1472
2.93458
5.88946
-19.0706
-7.44099
-3.2608
