-0.316268
0.855345
0.373646
0.187347
-0.721739
-0.645138
-0.898466
0.713468
0.125025
0.438075
-1.14415
1.05349
0.673139
-0.703301
-0.657778
-0.813637
-0.493374
0.028715
-0.115551
-0.44255
0.225762
-0.80749
-0.403114
-0.229992
-0.124074
0.580834
-0.592092
-0.00498022
0.242302
-0.864281
0.371795
-0.66366
-0.953279
0.963481
0.937465
0.61033
-0.481796
-0.87732
0.491657
-0.0857577
-0.867364
-0.0753447
-1.00294
0.900584
-0.449368
0.465938
-0.264884
0.0885595
0.125596
-0.548227
1.06798
0.667437
0.843825
0.765661
0.117843
0.823242
-0.859529
-0.657792
-1.05005
-0.455643
-0.16274
-0.497558
0.773173
-0.306711
-0.422236
0.0537654
-0.828695
0.710178
-0.837506
1.0707
0.616841
-0.594729
-0.957352
0.61556
0.447488
0.371591
0.472807
-0.98461
-0.364611
-0.710626
0.722094
0.18751
-0.463433
-0.953539
-0.350271
-0.363888
0.61152
0.315694
0.865655
-0.165672
-0.852157
0.570466
0.5702
0.0406056
0.468701
-0.120678
0.106527
-0.180641
-1.11868
-0.742084
-0.918436
0.359658
-0.321068
0.0803434
0.840731
-0.507769
-0.124757
0.595313
-0.57287
-0.850733
-0.34268
-0.486746
1.07604
0.719376
0.288084
0.835265
0.489701
-0.690968
0.946109
0.0186963
0.624531
0.634912
-0.454748
-0.811253
-0.461897
-0.036865
0.719823
0.709123
