-0.00193972
0.193492
0.383302
0.561814
0.723349
0.86223
0.97278
1.04932
1.08618
1.05017
0.974174
0.864085
0.725581
0.564339
0.386038
0.196353
0.000963154
-0.194454
-0.384221
-0.562662
-0.724099
-0.862854
-0.973244
-1.0496
-1.08625
-1.04989
-0.973711
-0.863469
-0.72484
-0.563501
-0.38513
-0.195403
0
0.195403
0.38513
0.563501
0.72484
0.863469
0.973711
1.04989
1.08625
1.0496
0.973244
0.862854
0.724099
0.562662
0.384221
0.194454
-0.000963154
-0.196353
-0.386038
-0.564339
-0.725581
-0.864085
-0.974174
-1.05017
-1.08618
-1.04932
-0.97278
-0.86223
-0.723349
-0.561814
-0.383302
-0.193492
