0
3.52218
6.38555
2.68106
8.40608
6.77961
3.42253
-10.2159
7.02037
6.3648
1.09618
0.299294
-12.3002
6.96433
12.0839
-4.20185
-6.21411
-10.0771
-1.49102
9.45555
3.34144
-2.85513
8.38838
2.02549
2.78206
-14.9944
-6.39504
-3.56515
-3.21897
6.18231
-11.06
-8.83006
-7.94667
-7.84541
-1.80951
-10.3703
13.2448
10.7169
3.99643
-15.1931
12.5111
-1.02844
-2.71312
-5.43968
2.87696
-7.41247
-7.34627
-10.3149
-18.7544
-1.81252
1.61287
-4.16551
-4.2891
0.420335
1.61121
-6.95435
-4.85936
7.05131
1.94811
5.33114
7.26925
1.57395
-12.5606
4.77304
5.09597
-0.875598
6.49028
-19.1436
-1.71766
7.26295
-3.53094
-3.57052
-7.20405
8.92826
2.79628
4.91938
0.33441
-5.53096
7.97629
-5.35332
15.1757
3.57076
-4.03005
1.39891
1.68232
-4.5434
5.73857
-5.26716
10.8195
-1.6457
2.10305
5.39985
-5.49678
1.28248
-9.92283
3.38935
-12.1207
-1.3307
1.1037
7.41859
4.45258
9.99782
3.13027
-1.68919
-2.22125
2.06539
12.9223
-1.79486
-9.01095
-15.5347
0.268972
5.33614
0.577242
-1.70598
-0.442271
-11.1716
0.803356
-0.189186
-2.99353
0.758918
-5.28521
-1.52615
3.60724
-0.434347
-0.237358
0.774531
-3.17716
-5.67154
-1.25282
7.47334
3.38809
-1.31415
2.02321
4.98381
-2.7574
-1.34734
10.9102
-5.02951
-0.504309
2.27558
-2.45513
7.02581
2.7891
1.36552
-3.12428
-10.2135
-3.27291
13.6632
10.4179
5.66167
-7.49558
2.42877
6.45993
1.61701
-0.20503
-11.8478
-1.53191
-7.984
-4.77333
3.76936
14.022
-5.50742
10.9953
-1.83348
6.14412
-5.844
1.15912
5.12916
-9.62511
1.53475
-5.51149
4.93163
-3.84219
0.282164
5.13748
3.08669
-11.8624
4.89978
-4.25648
1.79604
2.91941
-3.87329
-3.00763
-15.7253
4.95067
3.80256
2.53059
-8.98779
-3.52899
14.2459
-5.53718
-1.00457
-2.75563
-9.497
9.10776
-0.0019073
-5.97585
-10.1795
-0.883474
-6.52689
3.98318
4.77495
2.19334
-4.8268
1.41652
1.07042
0.560939
0.591288
12.4032
10.6549
12.2065
6.84714
-3.27471
9.35487
7.47339
2.92478
-11.1841
15.8355
-2.98359
-4.51052
-15.7713
3.71701
-1.98613
5.60974
5.09613
10.666
8.15276
-9.5725
-1.08032
1.73483
7.10006
16.0067
-0.705405
3.82297
-9.81802
4.38459
-5.9147
-10.2677
-1.14619
7.60031
10.0809
6.45299
-7.84275
-8.4212
17.611
0.141605
3.88986
-4.68152
-7.79933
9.10821
-0.554399
-4.52309
-10.2791
-2.74029
-6.96674
-6.39601
