0
2.06528
4.70099
2.32092
3.90965
1.06609
-8.41719
5.12229
-4.16452
-1.55507
-0.400155
2.61714
4.1459
-1.27777
2.27027
-11.266
-3.63123
0.372007
0.748132
2.93583
7.67591
-4.30673
6.50648
-5.44278
-8.76459
4.9831
1.11954
-0.575997
-3.61418
6.94793
2.92231
-2.63979
2.54224
4.23188
-2.49287
-4.38837
0.0880392
-3.64158
-1.17729
-2.01272
2.05993
-1.4789
2.72602
6.38282
2.49174
4.10728
-2.64631
-6.04507
-13.2864
4.2762
5.22056
-0.491545
-7.44433
8.67884
-2.70271
5.64129
-0.69418
-0.131695
-3.84981
2.64805
-7.69916
-5.30558
0.811146
-5.37927
-0.0683967
4.5295
-0.543295
4.83388
9.30054
-2.53763
4.47433
0.410557
-0.208804
-4.2119
1.87881
-8.9272
7.26499
-0.241929
-4.49676
-5.12029
12.7433
7.08866
3.50554
-1.64081
-1.44927
-5.97823
-4.17614
1.14135
-1.35357
2.30597
0.675264
2.89151
1.08446
3.91327
4.25109
-4.89612
-2.81066
2.3505
-2.71467
-6.28343
4.81316
1.72852
-0.504923
-4.08562
8.34275
7.29985
-6.32316
5.10485
-6.32533
-5.38181
-0.74154
-1.54091
2.25538
8.83256
-2.02426
2.68189
-5.44717
-4.12061
-2.31019
1.85469
4.35631
-6.12227
9.70114
-0.0472504
-2.93678
-3.31352
-5.68108
-2.89282
