-5.4523
-3.37272
-6.70162
-18.6434
5.85651
2.54833
-34.7723
-8.57435
23.1913
-27.5216
0.420666
-3.85388
13.1938
-27.0454
-16.3933
36.9491
9.22393
-13.8278
13.833
-2.59511
-27.796
-18.0614
7.30502
-10.9401
5.93807
2.91075
18.1812
-17.7218
-2.60655
-0.848805
11.0091
5.58862
15.8207
-9.59376
-8.1028
10.1544
1.77932
11.4483
15.7602
-19.5229
-2.47146
-13.9766
16.1506
-14.0202
26.2012
40.2569
-2.04624
-10.2613
-17.4709
14.0521
14.8267
-5.84511
20.3446
19.4097
-15.9703
12.0756
-10.2136
-8.5764
-11.3457
8.05503
-43.395
11.4735
-9.90413
4.64775
-12.0972
-16.9898
3.88603
16.9829
21.113
-30.9536
-14.3828
-6.05356
48.5758
8.25549
2.53872
-40.3762
2.81353
-10.3164
-17.5448
-25.45
16.7574
-1.91777
10.5637
36.2443
9.9742
-9.96356
-23.5065
42.4877
6.27197
6.49691
17.185
5.57755
-7.29783
-15.4263
24.1453
7.69205
-33.2787
-22.4714
26.5211
-4.14687
-17.247
13.0125
-7.30449
-15.7865
-2.76177
7.35574
-25.9868
-4.16246
-5.70093
-16.3916
-19.393
25.9579
7.92762
-3.15017
14.2663
22.5356
9.82553
-9.41093
-14.844
-6.60281
-5.79589
21.5057
-4.80503
-4.44509
-8.37136
-13.6935
-25.8821
-10.483
-17.4148
-20.711
19.6247
19.4811
14.5214
-12.2951
7.08705
-28.1614
-27.333
-13.6236
-13.6576
29.7775
-8.71123
13.2033
6.22928
-14.0025
-29.6967
-15.8656
3.67796
0.0647525
17.4788
-10.0765
2.68797
-18.5164
9.71494
-2.25055
19.0384
14.638
-9.78107
-13.4051
23.1937
5.90987
-3.84154
11.4864
-2.59576
-25.0371
17.0874
11.9473
-8.56618
-0.489191
-15.8153
3.4081
-4.70335
1.3903
46.3788
2.92819
1.6364
23.4529
22.2674
7.52483
-4.55922
14.5497
-24.2203
-7.73856
3.81775
9.2972
34.3529
17.0524
8.98139
-6.30704
-0.624657
27.9354
-6.98003
11.5362
49.8082
-15.2832
-31.3103
14.3458
10.332
-61.7487
-10.0516
-8.04033
-2.24131
-10.8664
-14.4595
18.2888
13.7018
-20.8003
-4.74626
0.228702
-7.46232
5.51625
-8.88037
15.7506
0.902353
16.3138
2.90224
7.29824
15.2698
-2.27743
13.1526
45.7788
-6.92747
22.5625
-21.9431
-11.4415
-5.33249
17.0229
-3.988
-19.2286
15.3115
33.983
24.3291
-26.6537
19.2808
17.487
14.3319
-9.005
-5.19209
11.4513
-5.5431
12.1458
-11.4979
-10.1187
-21.1952
-4.64538
-9.65271
-13.3116
-9.37911
-18.6444
-20.4052
37.9717
-9.98193
45.5688
-25.6091
-2.90222
-5.00797
-11.8339
19.5704
17.5929
-23.6028
-45.2677
-15.5161
3.8841
11.2896
-18.6899
-15.3786
-16.882
9.17271
9.00445
11.5966
-4.60508
-26.742
8.1507
45.7492
12.9304
2.78602
-27.2249
-22.5114
-22.3414
-9.19683
-10.5973
-0.630513
-11.8926
19.0349
21.419
-33.1886
38.2411
2.38805
-6.16144
-21.3736
-24.1211
-4.00173
-5.92267
14.2146
7.40875
23.3512
11.3159
-11.6444
4.11395
12.8123
11.8698
-4.27299
39.1606
-13.2107
24.5621
-7.55874
-30.6385
1.64138
20.4367
-13.724
-2.05389
-16.573
-18.9408
-5.88297
-0.0638228
14.9281
-15.135
18.064
42.4453
3.70935
34.5457
-9.74462
5.97506
-26.9646
15.111
13.8787
39.4425
-13.8739
-16.0172
0.488057
-26.1919
-6.73375
-13.1897
-4.16731
10.3866
-9.95261
-14.1626
5.55591
-0.819756
-5.33288
23.4064
23.3213
-12.1129
-7.39757
31.4468
16.7429
-2.94673
-9.77476
-1.79484
13.2672
3.64879
20.0504
23.7429
32.1254
-28.9281
22.9597
7.92146
26.8648
-9.74539
-21.7951
32.4972
1.44756
-5.97083
-10.8868
4.48354
-15.224
10.7459
-8.00238
-26.0882
3.65912
15.4468
-7.73946
23.7541
-4.0854
-15.8852
-20.2472
37.1004
17.4056
-16.9408
-37.7869
-28.9459
13.0133
10.4776
18.6088
14.8593
20.4558
0.531579
18.0675
-48.2086
-27.6943
4.06066
-8.0855
-29.0488
-6.9399
21.2319
-4.39088
-1.96571
-17.8615
23.2277
3.88541
16.4644
1.99598
-19.9398
-7.29631
-3.53109
-5.75618
1.97478
-5.26646
-20.9542
9.95006
-7.47002
29.6769
-19.2918
20.5544
17.6117
-4.62359
0.469294
-14.286
30.8414
-15.3367
-20.2191
5.92616
-12.2204
13.4082
4.08763
-22.8527
15.739
8.65775
10.579
-25.2427
4.50193
36.669
19.1957
4.05647
3.92385
4.71567
-28.9597
-13.3276
2.23392
-34.5903
3.09316
-6.12946
9.63427
-14.0865
-34.2361
2.23316
23.7927
-18.8542
5.26827
7.52438
-21.0432
-12.5389
5.92317
-12.3641
37.9445
-12.8811
-37.4997
-3.41532
-32.4046
5.21315
38.8977
0.725805
-5.10111
5.64944
29.078
-15.2169
11.3426
-25.1579
-20.4078
5.15717
5.49769
-6.02482
29.1658
21.1835
25.2156
-6.3508
46.1542
-16.3884
13.2226
0.92318
8.00139
-21.7775
10.9122
-2.404
28.8842
13.3383
3.05514
5.68898
-24.545
-4.40245
-4.70643
-19.9921
-12.3577
33.3097
31.445
-20.1203
-4.28335
-7.3868
-8.69092
6.86779
-1.08789
18.9768
-6.61511
-29.0565
5.2928
7.99857
-24.9866
5.83425
-2.03218
2.26918
-4.22078
-34.9141
6.91748
-19.9459
-5.64689
7.18328
21.4488
-10.1472
8.57899
20.3228
24.3397
23.4638
28.9319
15.9096
11.8802
0.735102
-11.2072
-32.4029
-38.8304
-8.96177
3.22713
47.5924
-25.2229
-12.2377
2.82906
8.21407
-16.6517
-8.64657
-6.15507
-3.97852
11.6
25.2968
23.6293
-8.09511
35.1224
-9.64994
-7.15392
21.9539
-8.76779
30.1151
-16.6247
28.7092
-8.97588
18.9531
42.7166
-30.7795
-7.78179
25.2633
-9.54748
10.6129
-13.9113
-21.2078
2.81926
8.50768
-13.5713
-9.63066
-26.5821
-14.1773
0.271522
-3.95031
25.4409
19.6639
7.24603
25.1634
22.7147
1.30258
12.408
-9.62395
8.42203
26.688
-11.0527
16.8556
2.32865
19.1074
-28.4809
-35.1185
8.07595
-7.8259
-11.8947
-4.75718
26.5618
4.65401
-7.01726
5.48523
-0.950392
-30.9948
3.4961
-9.65794
-36.9523
22.9017
2.7522
-18.7701
-29.9245
15.38
33.4417
-5.74967
-16.0597
-31.8382
-9.17212
-33.2384
25.0463
-33.324
1.60476
13.4333
5.74453
-3.52176
11.4311
15.0072
19.4701
2.42616
-12.3282
-37.506
-12.2138
-12.1843
-15.1809
-34.2962
19.7633
4.99778
13.31
23.5822
-2.1644
9.54086
30.7663
1.56864
-36.7797
-14.1073
-1.01748
25.1137
0.79674
1.81507
-1.68643
-18.8742
-2.3388
-21.8163
9.50299
26.4422
-26.7433
-29.448
0.612197
8.2376
-1.17947
-19.0234
-5.45164
-17.997
4.55229
-1.31522
-32.5743
-8.99801
21.7125
-3.48852
8.93424
9.62645
23.969
-31.6355
-4.79574
-17.5955
-1.10459
3.91663
40.7987
-40.6248
-22.0987
-7.98265
-1.27699
12.647
-12.3228
11.3482
-20.8785
37.5483
-5.81415
3.04668
-7.08627
8.9003
32.8823
5.06216
-6.86154
-18.3588
-37.1012
-13.2674
4.75373
8.5769
7.95801
3.76425
-5.08456
-2.13644
16.7414
-21.2886
14.3843
-23.5583
4.70826
23.381
-23.3023
5.22438
-34.8427
5.47312
11.2831
-8.80275
-1.00932
-31.6613
6.14727
28.2098
-23.9028
-8.77487
12.2362
-12.2204
14.6508
3.00316
33.1259
-8.30097
4.33318
0.204229
0.661794
15.6671
12.2735
-18.5181
11.003
3.62795
1.72219
9.88892
4.05334
-1.64205
20.0551
27.6798
-5.29826
2.62075
16.7474
5.74308
5.201
-18.283
-7.12596
12.88
16.3989
-23.8774
36.1298
-10.6239
23.8486
2.52494
12.5262
7.35262
3.13613
-22.6853
12.3302
-3.85864
-7.5827
13.7539
-9.01147
5.30379
-9.43848
-29.7276
-34.5363
-3.12172
-27.8819
-26.6768
-1.41059
-24.9353
-4.95277
6.33164
2.03565
-17.2703
20.1884
11.1517
13.9403
-27.8131
-27.7032
-7.43103
-9.12609
7.42139
14.2538
-13.7544
-4.85772
32.5965
2.3694
-43.4583
-1.44038
-35.5571
-8.10592
-27.7249
10.5601
-20.5769
11.8153
0.897467
12.9208
10.143
13.823
-4.08846
25.6654
4.73803
18.4544
-36.9598
-15.9304
15.9168
25.0342
4.41758
-38.146
3.05483
34.3823
-16.5758
15.4819
-14.5125
-4.53828
-8.26291
6.31025
-2.92723
6.14653
-6.39796
-13.8368
12.1133
2.88276
-5.87972
-22.6627
-11.4701
-16.5815
0.120712
-13.8506
7.69621
6.45321
-1.86404
-25.8714
-28.5804
-12.788
8.07462
-14.3867
11.0478
20.0202
28.988
1.5428
23.3448
31.5995
-15.7373
-17.4666
-4.8239
-13.165
14.5663
9.61084
10.6979
-3.20035
-7.96264
-9.92595
6.23354
23.5902
-36.9689
-3.25805
14.16
-0.919926
17.5054
2.46818
-30.4169
-39.0739
-9.76256
11.4569
9.93925
-5.03164
-18.9081
-4.07552
3.47692
-7.43434
-12.6614
-5.36495
13.373
-13.4713
-11.6136
23.8242
36.397
-0.94335
-12.5113
6.63571
19.04
-1.41042
8.77534
22.341
-1.5555
-6.87784
2.9396
-18.5817
-13.353
-0.717516
17.0002
10.3202
2.35071
-23.6702
30.3873
-7.93493
28.6603
-29.5654
13.8576
12.8212
-16.5425
22.1884
14.752
2.94329
-1.44702
14.2404
19.0498
-20.0649
-4.45636
2.89376
-41.8419
-5.31832
1.70449
10.3804
-0.135204
-37.502
-6.77126
-34.4527
41.8263
-12.4461
-0.58615
-16.8979
-38.8737
6.30776
46.0928
-8.97635
3.29212
23.0172
32.4037
2.7719
-9.34542
-37.7878
4.87053
-17.4682
30.4272
-2.48614
20.2962
-11.4416
20.4617
6.67471
-37.9359
28.7451
-18.0484
-14.78
-23.6142
17.5714
-10.367
-8.23785
10.8552
2.65106
-17.4341
-3.36724
10.2799
45.2661
-17.152
-10.8817
-1.86632
10.4301
5.97848
4.87387
7.51014
-19.7769
22.585
6.59559
18.6927
6.0148
2.45984
16.5556
-30.9535
-2.83541
-4.38293
-12.2575
1.35639
-10.6317
18.3958
-9.71735
-19.4694
1.00758
9.27886
23.8788
19.7998
-15.5204
19.243
17.8976
32.7447
-17.3378
10.7847
4.68762
-7.23086
-42.0849
13.5396
19.7479
-8.7652
4.78656
-13.6757
-11.2633
-20.1821
-8.41254
-9.593
11.6783
-19.6864
-28.4472
18.2548
-10.9907
19.1259
16.6531
-38.8778
15.9711
24.7832
-12.9826
14.0468
-37.8089
-22.2474
11.0765
-8.77245
-14.3498
-23.5609
-13.7597
-2.41743
8.60785
-6.78377
22.1577
10.7127
-42.5828
10.0253
9.33675
13.3053
-3.14511
35.0573
19.573
16.48
-8.33035
18.0536
21.4265
2.65614
-4.9808
-22.4987
-9.32601
16.7633
-11.9166
-3.20525
-12.5223
-1.51279
1.65255
-25.4048
22.1175
-1.54665
5.89904
13.4887
-2.13251
19.2849
-22.6396
11.3901
-0.619236
3.67642
4.9107
-3.50665
-17.1365
-15.2327
42.046
-3.39649
-6.89786
-21.1422
3.6746
10.3887
-7.8279
-13.1403
8.20346
-30.4356
-21.9769
-18.8536
23.3863
-47.0266
6.20381
20.3127
-13.7012
22.8626
-0.237794
24.5525
-19.3234
-2.94582
-36.614
-2.4677
11.8045
33.7302
22.4213
-0.687714
-10.4266
45.4681
-16.2705
-47.1161
-13.1294
-3.15957
-9.09716
32.954
-41.2134
-14.9627
-34.38
3.94476
15.4094
3.23892
-9.12046
-39.0372
14.4639
-3.92079
-20.6031
23.5576
16.1365
-5.29881
4.51897
20.9225
16.4703
-15.8678
12.6107
11.3889
-23.7545
26.0303
-14.3168
21.2534
-24.6583
4.98493
7.02343
6.46895
-3.79918
-14.1416
-18.6508
4.31236
-5.77316
4.32138
26.4504
6.33433
-3.76134
20.7612
7.9431
-13.7289
1.16946
37.8737
17.9367
-23.153
-14.8086
16.1608
1.76536
-13.5408
-8.21395
6.77888
-4.58287
-20.9087
-8.21436
12.4303
12.326
-12.8072
-38.3936
-29.5633
3.97764
8.30971
-2.90605
12.3474
-4.88627
-31.3859
25.0625
1.93804
-11.0167
-7.03531
0.878789
12.4583
12.183
8.36762
-11.5947
-3.78292
-9.56969
-8.78518
39.1562
24.6657
-0.604791
31.0024
17.4406
4.03725
-16.3781
4.95721
-18.4978
-31.9501
-22.1386
4.27702
14.3928
7.86773
-21.0907
-6.59249
-19.3771
-14.0715
-18.2511
-0.357749
0.895406
13.7588
-12.3047
-12.9506
5.68617
-11.043
-3.75834
-6.93937
-4.36195
-14.4561
14.8726
-14.2227
39.8485
-0.980236
-37.0431
9.4133
27.7049
13.2321
-17.3361
-30.0022
20.0915
10.9891
21.0102
-6.4892
19.7324
7.66261
11.9162
0.621349
5.11235
-20.883
7.61378
-32.3924
-8.51708
-30.9299
-1.83369
-28.298
10.8384
35.4457
-8.85809
-16.3395
14.7991
6.97779
-12.0006
-4.4064
-27.6086
-17.7356
18.3225
8.57675
18.0591
-20.9308
7.73687
7.22299
-12.9321
-21.5547
-1.52686
-29.8999
-23.7405
5.0961
-32.5317
-23.3522
-2.63735
10.727
-3.85085
13.7812
-10.1426
-4.29008
10.2194
-23.9025
1.80732
11.9643
16.0874
14.7471
23.6833
-7.8672
35.8926
-22.3589
20.7096
8.92534
-13.8844
-18.3861
4.35429
5.07747
14.9204
2.1087
-3.80617
27.1979
11.494
-3.29958
3.7875
6.85451
3.19986
3.69253
8.8648
-20.7979
14.625
10.751
-3.42446
-3.23184
6.17145
-9.40688
35.9034
-6.92632
14.8504
-18.2363
12.2457
-9.15151
-20.9178
32.1357
-2.11436
-31.8553
2.75421
-13.6281
14.6884
5.34219
-39.5895
4.57396
-23.6593
27.059
3.25216
-23.06
15.5941
-23.9317
12.5777
-8.19772
-3.55769
5.45477
12.2351
10.4541
0.189009
-18.2353
-38.7324
-13.4633
-3.91799
11.8577
34.7668
4.72378
-10.8215
-1.16777
-8.27253
41.9219
-14.6696
11.0669
-18.5296
5.11255
-3.75249
-2.58677
-22.5205
-30.5041
39.9325
-2.14328
-4.88949
-17.3708
-4.76745
-29.6133
29.5571
9.01443
2.13899
-3.17797
18.1363
-15.3591
-35.6173
9.56106
6.59498
-18.4167
-2.30164
-12.1633
2.37984
9.29315
-2.131
-25.9065
-25.905
30.8264
5.12607
-20.4236
0.265771
-15.0687
-1.64388
2.94884
5.70691
31.0963
1.60927
-13.0636
-30.7059
6.31516
31.0216
7.81343
-1.92303
27.5616
13.4204
6.73973
13.9584
-46.9226
-17.2537
-9.94631
-16.2557
-34.6479
0.055564
2.05675
20.7851
16.4901
8.78579
-13.8062
3.90668
12.8606
-1.78634
-29.8076
21.1775
-40.4107
-10.2149
-30.9786
-10.9787
-3.80698
29.8664
10.9972
-30.0846
-19.945
6.64796
28.3112
-35.5311
-3.4991
6.8939
-28.5064
2.13591
12.3596
-4.74399
8.31654
21.3685
-4.96703
-11.9913
-7.25582
16.0377
-31.546
-21.8061
29.4167
7.02234
25.5242
-9.3395
31.3145
9.10782
-10.7501
15.6758
3.12553
25.0125
25.6241
4.23097
18.2194
24.9312
-3.80838
-3.62864
-20.5691
-26.439
-11.4332
-9.05813
7.09535
1.96962
-15.854
-8.97358
13.2081
-4.27675
22.7292
-5.81211
-26.3124
47.4445
16.028
-10.5224
25.244
-26.5338
29.5777
-7.61679
16.159
-10.2431
-8.06304
36.8081
-11.46
22.7121
21.8355
5.00051
-10.4037
-9.27328
-10.7042
-17.6903
5.6119
-2.31656
-13.6769
-23.5606
47.3489
-0.940118
-12.9401
-43.9098
-28.5232
-9.74668
8.51831
13.8421
23.5823
30.1625
24.1018
27.0577
15.8936
-0.736146
-11.2194
17.7138
3.93018
-11.9684
-24.1679
5.87758
-34.2649
-3.59303
3.23361
-2.07008
8.82881
-17.0996
16.4144
6.23114
-26.1768
1.30349
22.5397
-1.44747
2.96985
-4.95413
-9.38559
-7.60448
-11.9817
34.4146
31.5617
-15.2065
-13.3315
-1.63763
-1.19487
-24.8463
6.88782
6.86577
16.5896
28.9377
-11.4035
10.8936
-14.6372
11.8669
7.61328
15.1147
-9.93101
47.1607
-5.75947
23.9627
20.0629
26.9846
-9.73962
0.205234
-3.54215
-22.543
-22.0414
13.6577
-12.9435
30.0133
0.864325
-1.75298
1.33305
42.1622
1.33804
-34.0095
-0.500736
-33.9455
-9.34392
38.4469
-16.1316
6.05436
-12.203
-19.7789
13.7724
-0.595568
-15.1854
23.3253
2.69622
-35.7896
-13.5997
8.22405
-9.53874
-1.3912
-39.3897
2.26843
-9.16288
-25.0464
9.71599
12.4433
7.82327
13.9661
29.6071
-2.60173
-24.8741
10.4139
15.5332
11.4774
-20.2814
-1.00377
10.0167
-12.6747
4.81186
-36.5977
-17.1837
31.0744
-17.034
0.445348
-3.03525
24.003
15.1068
-16.5751
25.3719
-14.6387
-3.94932
-22.6923
-6.91338
6.57151
-5.91833
1.8318
-9.29495
-16.8693
3.33185
17.0677
3.50149
22.1064
-14.9604
-2.89732
-1.97665
21.832
-12.2148
-30.9483
-5.71709
2.00951
-28.4608
-37.5405
23.5126
10.0218
21.363
11.6473
11.6256
1.54812
-2.02637
-31.3622
-50.1311
-18.2435
12.1782
29.8428
-22.2344
-10.9476
-1.84105
26.1161
-7.35198
12.9192
-6.59234
-28.0803
-3.05725
7.8088
-14.5121
7.59538
-3.72365
8.95439
3.96632
22.2595
-24.777
-8.93313
26.3247
6.06706
19.6607
-29.0856
32.9779
21.1247
13.2908
1.66855
8.68032
-6.21816
-8.58119
-0.726227
19.6578
33.0907
-7.11396
-9.04242
15.7779
18.4076
-16.8008
-4.9073
-1.92676
-17.9128
-20.6732
8.51652
-7.50334
-12.8463
-10.336
-18.9909
3.98425
-14.5238
-12.4602
35.0727
6.90171
12.5322
-25.0085
5.7623
-1.61054
34.6535
6.71492
36.5436
4.03355
-23.0788
15.2938
-2.44608
-5.88409
-23.6712
-14.3276
-0.0976061
-12.3034
15.3442
-10.5313
-31.7709
-6.98935
18.6423
-13.9731
36.5179
-2.6926
10.6323
9.66269
1.4324
-5.91067
16.1911
20.2107
0.802882
8.80057
-7.24561
-4.48244
-24.0466
-21.5205
-4.80586
3.27932
32.5345
-36.1072
19.6307
11.7817
-12.7211
-2.68342
-16.1451
-8.68477
-23.965
-27.399
-26.3554
5.29306
17.5421
47.2289
1.59111
-30.8515
-7.41667
10.4862
5.59728
0.261484
-20.1441
-16.6668
-18.3381
14.484
1.302
-21.679
-48.8374
-20.8558
25.0557
23.1371
-9.85448
-5.38465
-5.16058
-25.6704
44.5131
-12.731
31.6447
-30.0888
-19.3422
-8.85032
-14.5567
-13.0786
-5.79263
-18.275
-3.56149
-9.45085
12.053
-13.2129
6.88484
-5.30105
-6.24607
19.176
19.9285
19.4869
-29.7885
24.2121
35.2682
18.5538
-17.9294
-3.09072
17.8593
-3.89066
-0.491014
-6.38233
25.5368
0.285078
44.4509
7.75308
-1.79106
18.134
7.18117
4.92252
4.82087
-0.197119
9.22405
-14.3274
-0.370546
-1.79424
0.19758
-6.56294
-21.7714
6.54418
17.7922
-19.971
-12.1336
-6.83501
-16.5063
-13.5987
-57.2261
12.9551
20.4166
-33.0217
-7.73174
58.3959
11.7739
1.14537
28.5364
1.03535
4.29665
8.88577
21.7838
35.8522
6.76613
1.54052
-9.70469
-18.5083
18.6883
-9.24781
7.72596
24.038
22.79
-2.62678
-0.269207
45.8746
-5.59878
-7.42484
2.68339
-17.8852
-1.41086
-18.0403
13.9939
9.86744
-26.0594
-8.69271
9.68903
-5.57656
6.37517
17.8747
-12.0479
-8.74246
16.4991
19.7607
-5.28022
6.96623
-20.1404
8.786
-9.05397
23.0356
0.216288
-1.47469
-20.0562
-30.7567
-5.24957
9.08343
14.5091
-10.711
17.1956
-14.1078
-15.3293
-28.2923
-22.6505
11.3872
-12.3161
15.0972
16.154
17.5752
-27.3119
-17.0903
-11.2293
-25.6143
-11.0787
-8.45128
1.08139
-4.25693
22.2439
-4.79862
-5.83781
-18.5512
-6.68925
16.468
30.9042
14.507
-6.26444
6.06293
26.9379
-19.7707
-12.2755
-1.39107
-2.11267
-26.9337
9.6916
-3.80971
-9.68526
-0.976147
21.0927
-16.6259
7.34713
31.4411
-21.4081
-32.2542
8.13126
20.3505
-22.4816
-11.6498
4.24006
16.5915
3.60283
3.01327
30.5577
-27.6644
2.25122
14.3213
29.617
8.15294
-6.2675
5.39276
-30.6817
-13.8218
-13.4248
0.121896
-38.9715
8.73621
19.6305
47.9691
-11.8085
-13.6494
-25.469
19.5823
14.9668
1.70273
-24.5911
-0.0701625
2.65302
-4.35102
12.9736
-43.9227
8.28888
-6.00378
-9.32648
-9.29416
18.0251
-15.0469
18.4484
18.835
-3.71921
25.8222
15.4665
-18.409
-7.38438
0.211114
41.0733
22.4409
-19.7475
10.2571
-15.6088
-4.46531
-15.0969
19.9052
12.4295
-7.61286
8.17258
-9.01446
-9.91127
18.1615
5.20329
12.2759
4.36395
-2.54342
-13.3691
15.9916
-2.23436
3.00706
-15.6349
0.913564
-20.5917
-23.7956
7.55648
13.2046
-14.2214
9.72949
36.5942
-18.5364
-22.8562
12.4245
-10.5625
-3.59152
-31.9904
30.2494
-2.68474
-37.4162
7.70781
6.13596
-17.4907
-8.53347
-3.25685
