0
3.88521
6.62426
2.56107
9.61628
7.27465
3.58108
-10.9383
7.5885
6.83313
1.67646
0.60975
-13.6711
8.00568
12.9504
-4.19096
-5.65093
-10.6588
-1.58728
9.82472
3.46002
-3.30583
8.72995
1.76623
3.17921
-16.2486
-7.10521
-4.14674
-3.57476
6.74403
-12.1162
-9.745
-7.86338
-8.91735
-2.07345
-11.1951
14.6729
11.2828
4.12448
-16.2008
13.6272
-1.02613
-2.59468
-6.07546
2.83505
-7.72934
-7.85777
-11.2138
-20.0095
-2.39482
2.08905
-4.64861
-4.51408
0.494253
1.51276
-7.15801
-4.90486
7.41254
1.89309
5.39508
7.69139
2.2394
-13.5549
4.52641
5.70477
-0.902929
6.95103
-20.9234
-1.78972
7.84727
-4.33852
-4.1793
-7.15668
9.63466
3.08999
4.78087
0.461219
-6.39714
8.95004
-5.25462
15.9732
4.33875
-4.38848
1.29562
2.34122
-4.7389
5.96147
-5.90981
11.538
-1.63023
1.80402
5.9901
-5.98032
1.186
-10.3043
3.52342
-12.7361
-0.905247
0.947552
8.00342
4.91913
11.0551
3.00602
-1.58823
-2.11866
2.21271
14.3162
-1.6357
-9.57432
-16.623
0.285197
6.23417
-0.220772
-2.2485
-0.422246
-12.1733
0.846853
-0.31609
-3.21659
0.652459
-5.63419
-1.74075
3.73665
-0.351556
-0.219834
0.975904
-3.57086
-6.09635
-1.26014
8.2815
3.47683
-1.1637
2.1964
5.31109
-2.70542
-1.7102
11.2665
-4.93789
-0.115973
2.49822
-2.86002
6.96642
3.13409
1.32142
-3.20438
-10.8915
-3.55489
14.5587
11.2383
6.32152
-8.29272
2.99421
6.74077
1.97788
-0.297955
-13.0718
-1.37716
-8.63944
-5.12004
4.1968
14.8984
-5.3232
11.5541
-2.30874
6.81785
-6.26826
1.44182
5.49695
-10.2186
1.32269
-5.71262
5.23653
-4.1271
0.705923
5.31894
3.42238
-12.9972
5.06139
-4.72795
2.22812
3.22585
-4.0525
-2.95837
-17.3591
5.26567
3.89574
2.69478
-9.36007
-3.69114
15.536
-6.1403
-1.24627
-3.19889
-9.77377
10.3366
0.361879
-6.57373
-10.4733
-0.947154
-6.96501
4.03933
4.89242
2.42239
-5.22597
1.19183
1.45588
-0.100137
0.636322
13.4688
11.9182
13.4848
7.63698
-3.93224
9.86291
8.02585
2.68978
-12.6714
16.9119
-3.29534
-4.29727
-16.8779
3.90502
-2.39421
6.05709
4.91468
11.3201
8.77939
-10.0836
-0.909844
1.46631
7.21514
16.9632
-0.502621
4.25788
-10.3918
5.0307
-6.33034
-10.7856
-1.55703
8.41534
10.969
6.98772
-8.7613
-9.62701
19.0851
-0.0688234
4.23825
-4.89338
-8.17319
9.4588
-0.379082
-5.05546
-11.898
-3.16678
-7.50079
-6.78508
