0.255743
0.0822511
0.508932
-0.0361249
0.307991
-0.891341
0.410229
0.301613
0.748956
0.846973
1.06034
0.693958
0.43938
0.138564
0.224729
0.413144
0.397479
1.01828
0.072097
0.479076
0.9956
1.34052
1.93193
3.88718
16.6246
99.2525
-18.3315
2.74052
-1.21462
-3.38219
-3.19782
-2.52647
-2.4009
-2.11154
-2.51552
-2.65469
-2.67144
-1.68361
-1.89768
-1.9003
-1.08724
-0.0944934
1.10184
1.51766
1.75955
1.69504
0.901256
-0.521028
-5.32946
-18.6777
-36.8597
33.5178
14.3375
-10.1202
-3.08852
1.00661
-0.06365
0.814346
3.60125
2.82346
3.44426
3.67265
3.99929
2.72614
1.73258
0.145351
0.955822
-1.65636
-0.665393
-1.38806
-1.29077
-1.18747
0.436476
-1.97275
-4.59578
-5.22776
12.73
10.1413
-3.77423
2.00878
0.51953
1.30573
1.89246
1.26893
1.70513
0.80136
0.980473
0.601011
1.4032
1.35718
-0.0311511
-1.41088
-0.898233
-0.553524
1.74204
2.46389
3.08005
5.34458
1.73489
-1.97688
-12.5256
-26.7412
17.6171
-8.87277
2.98216
-1.03831
-2.76536
-0.138934
-0.616663
-1.02182
-0.296206
1.23738
0.691819
0.59891
1.7065
1.22885
1.8153
0.762788
0.67738
1.0915
2.90657
1.19592
3.64688
4.63939
10.7832
12.4749
-1.16223
-33.1926
17.714
-17.5611
7.73083
-4.75609
0.80234
-1.65751
-3.35454
1.25883
-0.439935
1.50614
-2.47576
-0.727606
-0.881669
-2.40351
0.609122
-0.366172
-1.19758
-1.25236
0.910607
0.190455
-0.568236
1.81279
6.49619
19.4727
16.2888
-31.1388
-13.0282
10.378
8.1745
1.40533
-2.30638
-3.57413
-2.80438
-1.80202
-0.00868213
0.65274
-0.512993
-1.4097
-0.910282
-0.544649
-0.261701
0.610069
0.709894
0.496459
0.44003
0.0526886
-1.30656
-1.49615
0.667382
4.46101
-1.91837
0.420262
0.399352
0.196999
0.823848
0.816358
0.984082
0.838789
0.150722
-0.354634
-0.272148
-0.000367418
-0.147618
0.273797
0.536158
0.402554
-0.0937323
0.0753801
0.155476
0.335072
0.616829
0.401201
-0.0918375
-1.11527
-1.32674
-0.0869724
-0.387682
0.208863
-0.0685392
-0.444535
-0.239027
-0.110189
0.163908
0.123826
-0.264102
-0.0645129
-0.0596032
-0.173552
-0.0412214
0.087823
0.0659738
0.0898588
0.134187
0.132678
0.543147
0.987622
0.914227
-0.0799533
0.0462837
-1.29933
-0.373471
-0.465323
-0.245277
-0.199555
-0.316248
-0.262725
-0.0328164
-0.195662
-0.157799
-0.0813485
-0.0574788
-0.621747
-0.138043
-0.527939
-0.0921251
-0.147537
-0.0982018
-0.219976
-0.0521323
0.0637906
0.177364
0.391853
0.306507
0.15615
-0.339049
-0.666901
-0.0367566
-0.157239
-0.175072
-0.136731
-0.0669026
-0.232312
-0.248952
-0.11428
-0.0617629
-0.279979
-0.110631
0.249785
-0.243274
-0.11908
-0.0880827
-0.210672
-0.430289
-0.170941
-0.242056
-0.190957
0.263416
0.483348
0.814434
-0.141596
-1.16324
-0.059363
-0.0750522
-0.0250297
-0.292033
-0.146483
-0.197195
0.00886659
-0.236072
-0.055012
-0.0524785
-0.146809
-0.248565
-0.133473
-0.112478
0.343355
-0.125111
-0.142589
-0.306192
-0.115538
-0.234516
-0.13797
-0.0799347
-0.116873
0.00607488
-0.253392
-0.01492
0.0243994
-0.162311
-0.106117
0.000436291
-0.17503
-0.087034
-0.0751974
-0.000856981
-0.0718851
-0.260588
-0.113315
-0.155918
-0.123602
-0.0460443
-0.373822
-0.16398
-0.508607
0.0756899
-0.0227489
-0.0823036
-0.121845
-0.0330122
-0.0286553
-0.208925
-0.409787
0.221096
-0.390261
0.0598684
-0.0760687
-0.119566
-0.151466
-0.148048
-0.243409
0.011448
-0.0670997
-0.196267
-0.136642
-0.177675
-0.149986
-0.142771
-0.0284474
0.0667001
-0.0482416
-0.244016
-0.370741
-0.201056
-0.0231361
-0.0692471
-0.278483
-0.354776
0.466414
-0.869147
0.510483
-0.478359
0.280522
-0.255705
-0.243206
0.0750154
-0.370467
0.0798927
-0.0941792
-0.295681
-0.0659002
-0.207327
-0.0586192
-0.344592
-0.157135
-0.236985
-0.167986
-0.102532
-0.740099
-0.441905
-0.0600116
0.0459174
-0.429293
-0.237948
1.43107
-1.64746
1.4347
-1.95424
1.25962
-1.07455
0.785835
0.839566
-1.38634
1.58033
-0.579423
-1.16033
-0.439537
-0.506087
-1.48502
0.557969
0.85102
1.06452
-0.684665
-0.143692
-0.132683
-1.76237
-1.89526
0.117741
-0.568342
-1.61544
-0.195883
0.458777
0.663203
0.779794
-0.148793
-0.998289
-0.829415
-0.35039
-0.314254
-0.117196
0.269676
-0.00130428
-0.325787
-0.110557
0.136346
-0.171613
-0.303272
-0.0805081
-0.247369
0.171079
0.176001
-0.308112
0.0917995
0.293924
-0.937714
-0.489103
-0.134208
-0.292725
-0.0725624
-0.123214
-0.0014676
-0.462191
-0.123444
-0.133931
0.0409044
-0.160278
-0.0155606
-0.234566
-0.295953
-0.31571
-0.357701
-0.361358
-0.14811
-0.0766221
0.151965
0.159619
0.191668
-0.534742
0.203913
0.12788
-0.611238
0.44466
-0.537059
-0.125909
-0.165277
-0.138025
-0.122102
-0.262621
-0.499908
-0.176051
0.049947
-0.204103
-0.616973
-0.357018
0.0188835
0.22625
-0.504606
-1.14332
-0.977157
-0.550687
-0.251074
-0.191902
-0.378361
-0.195555
-0.387073
-0.0578359
-0.155992
-0.106253
-0.217313
-0.199997
-0.1507
-0.123489
-0.124054
-0.110927
-0.147946
-0.182495
-0.109464
-0.177881
-0.245998
-0.0946561
-0.154422
-0.151816
-0.146985
-0.164877
-0.171703
-0.165109
-0.118289
-0.0617981
-0.0964838
-0.242676
-0.138145
-0.155745
-0.173698
-0.216023
-0.136827
-0.111784
-0.0930936
-0.172729
0.0644028
-0.1343
-0.190909
-0.0774374
-0.141682
-0.131882
-0.186527
-0.132492
-0.107824
-0.138614
0.277169
-0.161689
-0.118959
-0.180516
-0.0467503
-0.322742
-0.198443
-0.205048
-0.278314
-0.150476
0.339076
-0.203394
-0.207923
-0.159406
-0.121143
-0.172963
-0.286513
-0.115087
-0.168849
-0.162969
-0.0585354
-0.22015
-0.171815
-0.109645
-0.169133
-0.46314
-0.166074
-0.0827411
-0.301267
-0.0977076
-0.201105
-0.0897021
-0.627857
-0.021394
-0.290755
-0.149356
-0.314912
-0.0376824
-0.109434
-0.0496255
-0.245314
-0.217133
-0.211814
0.00776638
-0.218645
-0.209061
-0.135219
-0.0982892
-0.106675
-0.0667381
0.609815
-0.181811
-0.156102
-0.205635
-0.182571
-0.130898
-0.148984
-0.123211
-0.150535
-0.1234
-0.115552
-0.0513919
-0.135619
-0.132057
-0.0872743
-0.0456641
-0.117468
-0.120434
0.0170759
-0.201154
-0.0993979
-0.106487
-0.143245
-0.174233
-0.193502
-0.129261
-0.0460959
-0.104325
-0.129825
-0.148302
-0.10471
-0.110507
-0.151192
-0.112899
-0.183594
-0.236851
-0.197996
-0.113684
-0.205487
-0.246758
0.0281301
-0.0472254
-0.0357104
-0.010165
-0.0409729
-0.181442
-0.0829986
-0.175837
-0.225677
0.119
0.172099
-0.105891
-0.190949
-0.0904558
-0.21077
-0.163151
-0.0629236
-0.128388
-0.544933
-0.0707439
-0.159702
0.00212155
-0.188856
-0.0400515
-0.244846
-0.152841
-0.180533
0.045025
-0.118768
-0.139545
-0.217739
-0.339531
-0.128335
-0.0466834
-0.266788
-0.550401
-0.154495
-0.0805138
-0.163204
-0.178751
-0.231025
-0.189674
-0.235895
-0.380478
-0.0336083
-0.233463
-0.351232
-0.127622
-0.13568
-0.288491
0.336583
-0.242321
-0.162891
-0.103365
-0.189543
-0.167206
-0.106858
-0.0775665
-0.0472031
-0.101545
1.004
-0.158874
-0.0507216
-0.339125
-0.152689
-0.123895
-0.0597256
-0.0513522
-0.35853
-0.0159123
-0.0571326
-0.1444
0.0362231
-0.0227668
-0.24075
-0.207789
-0.188409
0.0185591
0.001325
-0.21988
-0.124423
-0.154099
-0.223706
-0.154668
-0.120722
-0.360462
-0.263672
-0.14128
-0.0438833
-0.155377
-0.117099
-0.109624
-0.0821737
0.0340352
-0.517216
0.00438556
-0.14032
-0.145789
-0.0872152
-0.19688
-0.157077
-0.0917515
0.0595985
-0.033593
-0.379097
-0.138144
-0.405709
-0.0244391
-0.0727132
-0.139106
0.347126
-0.16398
-0.143227
-0.314992
-0.137443
-0.0760305
-0.0990638
-0.0325264
-0.0714682
-0.158818
-0.176116
-0.0515249
-0.164028
-0.101443
-0.265676
-0.0826855
-0.00790881
-0.104487
-0.0812036
-0.201968
-0.138674
-0.152041
-0.173785
-0.133793
-0.110985
-0.132951
-0.126247
-0.197557
-0.105372
-0.135276
-0.107934
-0.129195
-0.0959892
-0.0969889
-0.104891
-0.144129
-0.151428
-0.189854
-0.160515
-0.138698
-0.126899
-0.196326
-0.116215
-0.184444
-0.186111
-0.195574
-0.154808
-0.0950619
-0.0234299
-0.336741
-0.071368
-0.124852
-0.107105
-0.0849129
0.014595
0.0530789
-0.0724879
-0.100302
-0.093296
-0.176677
-0.00257699
-0.0747812
-0.196681
-0.0757993
-0.119995
0.248037
-0.103825
0.0158229
-0.079872
-0.132701
-1.37018
-0.0913627
-0.157447
-0.00921725
-0.337944
-0.132678
-0.452275
-0.0683277
0.0297514
-0.1902
-1.27179
-0.0892576
-0.0722237
-0.164305
-0.126979
0.417435
-0.266226
-0.283019
-0.162236
-0.180737
-0.0989764
-0.269632
-0.123531
-0.180649
-0.0809171
0.0524641
-0.114358
-0.202443
-0.148982
-0.168614
-0.595279
-0.273603
-0.159403
-0.22148
-0.073111
-0.215795
-0.128328
-0.11599
-0.196288
-0.21557
-0.0980033
-0.108459
-0.212895
-0.113975
-0.371077
-0.123706
-0.175626
-0.0918489
-0.0815368
-0.12677
-0.113464
-0.0613601
0.00515302
-0.11255
-0.144211
-0.52449
-0.0790836
-0.143966
-0.166094
-0.153131
-0.0476493
-0.149475
-0.113813
-0.0784123
-0.133977
-0.110762
-0.0478123
-0.155473
-0.144289
-0.0954244
-0.0890655
-0.0947512
-0.0826834
0.0152695
-0.152144
-0.0825571
-0.127725
-0.244636
-0.110378
-0.0722647
0.056989
-0.0408918
-0.158015
0.0128201
-0.521594
-0.161989
-0.221314
0.017994
-0.017574
-0.143339
-0.103902
-0.281568
0.010328
-0.178668
-0.0628603
-0.118742
-0.0963813
-0.112322
-0.114536
-0.160941
-0.176552
-0.193868
-0.158552
-0.114734
-0.121571
0.0437199
-0.108843
-0.174931
0.0999049
-0.0963573
-0.0644631
-0.20433
-0.0333043
-0.116973
-0.141056
-0.228657
-0.134998
-0.0868825
-0.101604
-0.146149
-0.0595111
-0.0470151
-0.0796786
-0.172285
-0.10781
-0.0803992
-0.0994398
-0.110245
-0.317196
-0.12374
-0.389861
-0.152275
-0.258458
-0.101835
-0.137328
-0.35885
-0.102762
-0.2583
-0.087695
-0.16786
0.241823
-0.15889
-0.0784671
-0.0482673
-0.12265
-0.143486
-0.18826
-0.019787
-0.103803
-0.115068
-0.141834
-0.279869
-0.0848917
-0.123791
-0.17893
-0.111608
-0.141152
-0.110331
-0.0878852
-0.0628406
-0.176538
0.0618711
-0.100079
-0.021235
-0.220792
-0.150734
-0.238844
-0.181368
-0.20787
-0.0983866
-0.272752
-0.13117
-0.0464645
-0.196817
0.036176
-0.170385
-0.118177
-0.12485
-0.180445
-0.142537
-0.218516
-0.160707
-0.186563
-0.108708
-0.104934
-0.171615
-0.14099
0.0361766
-0.0832472
-0.238328
-0.146329
-0.182544
-0.0298254
-0.0412444
-0.113583
-0.162575
-0.117468
-0.14104
-0.142847
-0.156787
-0.123041
-0.130283
-0.0980744
-0.12181
-0.142665
-0.128107
-0.134541
-0.136881
-0.110836
-0.17424
-0.149871
-0.0869813
-0.0961709
-0.115449
-0.164065
-0.151173
-0.12703
-0.0620725
-0.185091
-0.227207
-0.141492
-0.16038
-0.144478
-0.100233
-0.0898748
-0.165481
-0.107566
-0.210917
-0.0706584
-0.103584
0.0846128
-0.114816
-0.164212
-0.0993884
-0.101896
-0.210777
-0.16283
-0.13538
-0.180944
-0.0872454
-0.0659776
-0.212587
-0.163723
-0.353923
-0.174215
-0.112848
-0.144612
0.0586339
-0.157277
-0.0992681
-0.182976
-0.0810488
-0.111547
-0.0677826
-0.186311
0.0506683
-0.13796
-0.107085
-0.016136
-0.0998311
-0.274793
-0.133925
-0.135457
0.0035564
-0.185687
-0.141889
-0.155647
-0.0992163
-0.122996
-0.183263
0.134247
-0.152986
-0.0541696
-0.180724
-0.10168
-0.318966
-0.07026
-0.0503778
-0.261562
-0.137384
-0.460029
-0.110068
-0.34376
-0.127433
-0.370157
-0.117514
-0.0836039
-0.0838601
-0.2051
0.0237077
-0.00919156
-0.158121
-0.0850386
-0.115032
-0.143278
-0.157492
-0.111623
-0.112555
-0.202673
-0.0690254
-0.054992
-0.198057
0.0297131
-0.192242
-0.0874712
-0.0390831
-0.142192
-0.180372
-0.170375
-0.205694
-0.0426132
-0.156732
-0.0936584
-0.24081
-0.19761
-0.0777211
-0.135645
-0.182651
-0.034003
-0.218909
-0.107379
-0.109943
0.0126108
-0.0455454
-0.466393
-0.104989
-0.416662
0.00489737
-0.0770349
-0.0864148
-0.343171
-0.0220494
-0.169708
-0.339265
-0.113691
-0.175946
-0.153152
-0.0295808
-0.124377
-0.126335
-0.131648
-0.100915
-0.0608725
-0.107888
-0.370098
-0.124991
-0.157322
-0.168636
-0.121026
-0.211339
-0.0839323
-0.210776
-0.119638
-0.131137
-0.0463887
-0.628526
-0.158699
-0.115695
-0.114947
-0.125353
-0.243189
-0.139437
-0.215625
-0.113884
-0.0646563
-0.108549
-0.346633
-0.159319
-0.195548
-0.0608949
-0.0381467
-0.0376157
-0.0822271
-0.0653227
-0.330734
-0.194264
-0.0709708
-0.225318
-0.125617
-0.252528
-0.519279
-0.206766
-0.144791
0.0677112
-0.088933
-0.120237
-0.156541
-0.105584
-0.0746775
-0.208789
0.0368827
-0.114739
-0.0867444
-0.190003
-0.187475
0.332479
-0.135132
-0.0266792
-0.0582326
-0.07876
-1.25788
-0.0923404
-0.166661
-0.107455
-0.214014
-0.13441
-0.208926
-0.0556061
-0.224002
-0.179406
-1.40018
-0.126627
-0.138523
-0.186692
-0.141489
0.287639
-0.0862019
-0.12288
-0.0942113
-0.0132962
-0.159056
-0.0629932
-0.081191
-0.154974
-0.0217274
0.147922
0.104083
-0.147791
-0.0928295
-0.422371
-0.476331
-0.273061
-0.0664152
-0.102915
-0.0596124
-0.200251
-0.269087
-0.240904
-0.0832859
-0.122148
-0.0727856
-0.112872
-0.27954
-0.139216
-0.13586
-0.133991
-0.173634
-0.138086
-0.150494
0.0449607
-0.103078
-0.162963
-0.127402
-0.216659
-0.127752
-0.136191
-0.0614844
-0.142507
-0.119481
-0.143597
-0.065773
-0.0915226
-0.0274403
-0.191599
-0.0170255
-0.0783204
-0.148029
-0.0561254
-0.220918
-0.0318423
-0.1678
-0.212104
-0.0499335
-0.0623421
-0.191101
-0.0938906
-0.132467
-0.0699481
-0.212571
-0.202699
0.422914
-0.00700492
-0.106848
0.00581832
-0.251688
-0.125046
-0.0238333
-0.0579303
0.145545
-0.00768435
-0.037807
-0.115997
-0.142424
-0.177467
-0.104774
0.0406718
-0.515172
0.20063
-0.0990515
-0.119257
-0.113697
-0.028583
-0.0382093
0.110661
-0.197927
-0.365083
-0.101077
-0.107791
-0.0970307
-0.173167
-0.136962
-0.176734
-0.197421
-0.0114978
-0.184364
-0.00707688
-0.111903
-0.0574095
-0.0756079
-0.0469959
-0.11007
-0.0372913
-0.373437
-0.0959321
0.0496124
-0.210454
-0.143455
-0.221903
-0.124544
-0.156503
0.98051
-0.0508655
-0.119819
-0.104896
-0.136459
-0.180726
0.08414
-0.110206
-0.0670017
-0.272789
0.391795
-0.390399
-0.191564
-0.225348
-0.373171
-0.165166
-0.18951
-0.353425
-0.243306
-0.175022
-0.177971
-0.129774
-0.17452
-0.199579
-0.142932
-0.430492
-0.261826
-0.183307
-0.174708
-0.0856091
-0.13618
-0.171004
-0.118191
0.00622872
-0.147419
-0.0616321
-0.0564904
-0.00398879
-0.180019
-0.120948
-0.0911996
-0.12515
-0.483454
-0.111331
-0.112683
-0.283541
-0.216226
-0.0951799
-0.180764
-0.239714
-0.0857053
0.133274
-0.205866
-0.159483
-0.0930127
-0.0612544
-0.113562
-0.013878
-0.229925
0.102335
-0.0872576
-0.136609
-0.209737
-0.188915
-0.26209
-0.121684
-0.140212
-0.0976261
-0.169789
-0.0552086
-0.132248
-0.0568341
-0.120488
-0.0784291
-0.0799184
-0.140648
-0.0610185
-0.108978
-0.0215869
-0.100151
-0.108643
-0.190032
-0.0173935
-0.171656
-0.0985703
-0.0844623
-0.0706487
-0.141043
-0.300847
-0.115445
-0.158604
-0.210805
-0.163064
-0.182154
-0.148416
-0.0883265
-0.17767
-0.117533
-0.196149
-0.10511
0.689943
-0.076256
-0.116172
-0.222096
-0.0596357
-0.246446
-0.116584
-0.219573
-0.233283
-0.121468
-0.113269
0.0433991
-0.126902
0.0392991
0.0132748
-0.0766608
-0.166355
-0.0253665
-0.541741
-0.165143
-0.112788
-0.044599
-0.205779
-0.0990193
-0.0528001
-0.230994
-0.0752232
-0.0237196
-0.107582
-0.143109
-0.14448
-0.147006
-0.0487938
-0.149959
-0.253952
-0.186609
-0.0526227
-0.186094
-0.110487
-0.29376
0.309667
-0.242822
-0.232734
-0.0672741
-0.181242
-0.234842
-0.0788584
-0.199497
-0.102435
-0.184426
-0.0199121
-0.180412
-0.0687887
-0.14147
-0.22095
-0.1592
-0.127226
-0.123655
-0.0613469
-0.159099
-0.208715
-0.17471
-0.139832
-0.219243
-0.0278648
-0.177082
-0.141051
-0.107989
-0.227248
-0.205013
-0.194287
-0.102414
-0.114797
-0.187721
-0.163661
-0.134829
-0.173608
-0.128315
-0.092191
-0.146934
-0.102434
-0.149214
-0.211046
-0.145664
-0.153765
-0.0976265
-0.186602
-0.0958749
-0.169842
-0.158583
-0.194085
-0.0424304
-0.140957
-0.144446
-0.341593
-0.253344
-0.288319
0.0432453
-0.241975
-0.60504
-0.80886
-1.11535
-0.500624
0.426685
-0.0468311
-0.336399
-0.545375
-0.213425
-0.0049754
-0.211036
-0.445096
-0.437651
-0.129246
-0.13781
-0.155724
-0.0982796
-0.593201
0.459468
-0.579034
0.0256203
0.28536
-0.470519
0.172591
0.246068
0.0785069
-0.166263
-0.14631
-0.344928
-0.316779
-0.256236
-0.173974
-0.220357
-0.0206722
-0.12291
0.10291
-0.159221
-0.143744
-0.453532
0.0348389
-0.0562205
-0.0529143
-0.298643
-0.0469942
-0.533716
-1.15327
0.438005
-0.0725236
-0.384058
-0.0193798
0.166294
-0.258079
-0.0726864
-0.223347
-0.221005
0.152463
-0.00200158
-0.254178
-0.0547268
0.314547
-0.218574
-0.360508
-0.366152
-0.663867
-1.09108
0.0373288
0.814801
0.626077
0.561621
-0.144533
-1.58847
-0.666978
-0.0943016
-1.82855
-1.5973
-0.0705831
-0.231218
-0.656702
1.08291
0.862882
0.56075
-1.3499
-0.401144
-0.424529
-1.17099
-0.693108
1.42288
-1.35969
1.05411
0.844448
-1.04083
1.34577
-1.98337
1.61999
-1.51839
1.4917
-0.392254
-0.495765
0.0324147
-0.0290147
-0.69294
-0.741855
-0.127765
-0.340345
-0.21839
-0.206155
-0.294891
0.119521
-0.232198
-0.0989861
-1.11384
-0.135092
0.201883
-0.286727
-0.196421
-0.270511
-0.170476
0.333256
-0.504506
0.481073
-0.763557
0.482523
-0.312238
-0.273319
-0.144966
0.0564719
-0.202963
-0.323706
-0.319348
0.0528227
0.102177
0.0663347
-0.1808
-0.167731
-0.110541
-0.167276
-0.132298
-0.129402
-0.128474
-0.172846
-0.201439
-0.146262
-0.231704
-0.0806284
0.141036
-0.358173
0.249222
-0.410808
-0.0953635
-0.0604353
-0.0200964
-0.0259269
-0.0606571
0.0397006
0.0568871
-0.201128
-0.292713
-0.445789
0.0338517
-0.335567
-0.0513322
-0.115058
-0.0849768
-0.0592929
-0.183538
0.000206634
-0.0524368
-0.182563
-0.0722644
-0.109876
-0.172513
0.0602382
0.0970795
-0.221792
-0.0452466
-0.0408673
-0.0503161
-0.175036
-0.174778
-0.290098
-0.435109
-0.121323
-0.143995
0.191948
-0.257725
-0.174532
-0.361263
-0.263425
-0.0486469
-0.14956
-0.0847224
-0.106544
-0.290094
-0.319067
-0.208042
-0.0413647
0.0398818
-0.158404
-1.29439
-0.0166395
0.727364
0.921907
0.170611
-0.233973
-0.254431
-0.220489
-0.557759
-0.185046
-0.044564
-0.0976378
-0.206024
0.149616
0.0751453
-0.0597195
-0.233593
-0.221267
-0.33731
-0.244795
-0.0198699
-0.0149292
-0.144163
-0.265626
-0.145931
-0.551255
-0.239485
0.142633
0.222748
0.424906
0.268243
0.000912607
-0.101465
-0.19773
-0.176239
-0.15003
-0.127246
-0.30917
-0.0978067
-0.0270381
0.0629135
-0.0730578
-0.144452
-0.078226
-0.0411633
-0.337352
-0.390404
-0.21588
-0.0980296
-0.429611
-0.596123
-1.4965
0.12565
0.0550567
1.10072
1.02325
0.479861
0.242143
0.0933149
-0.123693
-0.0700484
0.0389156
0.0615307
-0.0147355
-0.0794383
-0.128616
-0.105401
0.0557748
0.220128
-0.145124
-0.221508
-0.33819
-0.0827923
0.193042
-0.497969
-0.0834602
-1.14867
-0.877106
-0.19863
0.182634
0.74127
0.360855
-0.0405138
0.0559207
-0.165404
0.496564
0.565204
0.0937636
-0.246947
0.127005
-0.237902
-0.239155
0.122852
0.710002
0.786987
0.804182
0.831797
0.193772
0.351308
0.362603
-2.03977
4.41736
0.948027
-1.79464
-1.03694
0.122976
0.376844
0.423706
0.716119
0.600132
-0.10144
-0.461119
-0.886552
-1.13454
-0.573138
0.585246
0.0337968
-1.39998
-2.81817
-2.89733
-2.61165
0.547908
8.5326
10.3609
-13.8847
-34.0643
15.3045
19.7519
6.96102
2.34791
0.115587
0.0419716
1.03848
-1.6382
-1.16821
-0.292231
0.266144
-2.41592
-0.665812
-0.689588
-2.44651
1.57633
-0.44026
1.06906
-3.14334
-1.41329
1.19405
-4.89848
6.91143
-18.045
17.205
-32.077
-1.15198
9.93356
10.9117
4.21805
3.63019
1.16157
3.05735
0.859068
0.826203
0.707416
1.90859
1.00537
1.54295
0.647661
0.728794
1.35209
-0.417842
-1.18059
-0.653125
-0.146505
-2.48819
-0.942948
3.43421
-7.61864
21.3517
-26.718
-10.2197
-0.987521
1.06181
4.80222
3.2343
2.48963
2.11648
-0.656083
-0.994157
-1.08463
0.134486
1.13289
1.42551
0.568072
1.0696
1.00483
1.38133
1.07219
2.04098
1.61625
0.728643
2.49862
-2.63941
11.1459
13.0946
-4.15354
-3.80522
-1.93947
0.717017
-1.05335
-1.49627
-1.55626
-0.542863
-1.7323
0.707889
0.0601016
1.60848
3.01063
4.20114
3.49513
3.14993
2.84627
4.04765
1.02077
-0.2176
0.833443
-2.64116
-10.0783
13.0702
34.9819
-35.7842
-18.6356
-5.67437
-0.60525
0.674757
2.06211
2.26496
1.88766
0.844311
-0.394164
-0.775787
-1.64407
-2.54885
-2.50944
-2.85667
-1.84318
-1.92455
-2.74265
-3.2999
-2.0999
-2.72667
-1.60868
-2.33682
0.643409
-9.54813
99.9106
20.387
8.14509
2.28495
-0.322379
-0.323346
1.37445
0.568385
0.753089
0.266968
-0.0181563
0.186081
0.343825
0.295067
0.343824
1.2738
0.809134
0.749578
0.175052
0.124378
-0.524343
0.181587
-0.123817
0.613236
0.577255
