0
0.0190136
0.0183025
0.046067
-0.00304356
-0.0364735
-0.00740109
0.0401296
0.216634
0.32958
-0.54193
0.0921344
0.134807
-0.15392
0.149321
-0.157528
-0.28394
0.0739491
-0.0477824
0.618881
-0.408069
-0.607041
-0.0838984
-0.11732
-0.180762
-0.107006
0.754218
0.415885
-0.676565
-1.1805
1.14557
0.851422
0.748325
-1.3602
1.42495
-0.417661
0.226114
0.161179
-0.0275322
-0.396218
0.0266196
0.414221
-0.524959
-0.387713
-0.320675
-0.156444
-0.652471
-0.136312
0.31254
-0.074306
-0.523234
-0.593429
-0.0961827
0.844708
-0.632941
-0.813922
0.304806
0.130082
0.249582
-1.09133
1.38725
0.821293
-0.723164
0.674815
0.0360809
0.840934
-0.475393
-1.50527
-0.753891
3.20996
1.54808
-2.11182
-1.45591
-4.47362
-0.0275803
11.3412
12.1649
-22.0478
-24.1776
66.5646
-40.934
-11.5851
39.654
-34.7881
28.9892
-14.758
-7.13395
40.8984
-53.4083
51.8919
-17.1117
-22.938
64.8229
-43.649
-11.9486
74.0505
-27.0671
-62.2558
74.3956
66.236
-114.363
-165.988
-58.2936
41.582
43.9284
21.3699
3.39752
6.50477
-5.27866
-1.28924
-7.02856
-1.13965
-6.285
-4.44662
-6.50958
0.16623
-5.03608
-1.7975
-5.87953
1.95957
-3.73028
-2.74311
-3.34965
0.585349
-3.43334
-4.24901
-1.10292
-0.924238
-2.20245
-3.45142
-2.23441
0.294922
0.272479
-2.1242
-0.827933
1.10191
2.06562
-0.251787
-2.33795
0.138624
0.786912
-0.265298
-1.08289
0.883688
1.09788
-0.674503
0.989328
2.79883
2.3169
-1.64365
-0.387745
1.53208
5.06761
-2.92499
2.6298
-2.39688
5.89602
-0.790049
2.21547
1.28131
-1.24797
8.17608
-5.68735
9.42982
-6.70116
12.1377
-11.3938
15.9605
-13.941
15.9946
-13.8237
11.8861
-1.54213
-6.35633
12.9304
-17.7998
12.6022
-5.6406
-8.73125
12.5415
-17.5938
3.65595
-0.144725
-15.9908
3.58876
-3.34085
-18.2693
4.08605
-6.82448
-18.2104
-2.7054
-5.74716
-20.7505
-11.7855
-5.92409
-17.9382
-19.6598
-5.52686
0.188281
-7.3377
-5.70852
20.7296
55.311
71.8497
57.7822
24.9153
-3.15166
-17.9418
-23.808
-21.6708
-15.6612
-8.72485
-3.19788
1.40129
4.28115
6.27859
7.11109
6.41273
5.59544
5.12921
3.6791
2.95761
2.92877
3.25101
3.5593
3.20605
3.99629
4.84232
5.51907
3.79167
5.65265
5.24337
3.13743
2.37372
2.91493
2.77147
-0.289957
3.92388
3.94768
-1.54913
3.88195
2.16473
-1.10106
4.67805
-3.82936
5.46058
-4.74266
4.73971
-5.30667
1.70823
-3.52589
0.0355424
-0.545113
-1.97678
-0.602299
-4.00777
-2.11314
-1.58541
-5.77148
2.03592
-7.48578
2.84768
-3.7255
-2.56309
0.467253
-7.63551
-0.141565
-2.18995
-4.87986
2.88266
-3.68721
0.00351187
4.00774
-6.50728
1.50331
3.49444
-6.26291
4.51675
1.94219
-6.58117
3.95374
1.90911
-6.53586
5.41194
5.71947
-6.45198
3.86985
7.91619
-7.74603
-3.87988
7.90925
-1.78199
-9.51717
4.63631
7.36836
-9.5738
-8.62596
11.83
8.68747
-17.4863
-20.2548
5.8457
17.6644
-7.61825
-39.6078
-38.8509
0.531231
42.127
54.8983
26.3952
-8.72973
-33.8934
-32.4597
-19.2554
3.29732
15.6033
16.3139
10.8977
-1.48013
-7.65523
-6.57112
-3.43937
0.426336
1.80968
0.615987
1.73511
-1.75442
0.907422
-2.6197
0.34451
-2.10263
0.216847
0.303479
-1.479
0.463974
-1.70557
1.73103
-2.51489
-0.758325
-0.504611
-2.32483
2.85698
-5.14979
2.91323
-3.0183
-1.63516
2.41375
-6.54604
3.35278
-4.72439
0.856015
1.32792
-7.71468
3.09061
-4.97226
0.238579
1.78252
-7.58184
1.37173
-0.644953
-3.05628
3.4624
-4.32101
-3.52826
4.08483
-5.44025
1.57529
3.64633
-8.75013
4.42048
5.4331
-9.74298
4.76872
5.63499
-8.19141
7.23468
6.1809
-10.7579
6.10735
7.69935
-6.90758
1.7664
7.74982
-4.62841
-3.9415
9.45999
0.666315
-11.182
4.77281
5.04773
-15.7645
-6.70845
6.22759
-4.9997
-14.9169
-3.32943
7.55254
-2.87363
-16.6122
-5.9283
16.5616
13.2367
-11.4084
-13.9605
10.5035
34.6412
29.6887
-4.89288
-26.4849
-25.8325
-12.5667
1.32245
9.56466
10.5303
6.31154
-0.79966
-5.40771
-5.31568
-0.996873
0.0701713
1.81498
3.62823
-3.72104
-1.24617
-2.89927
0.994543
1.12567
1.63785
2.73925
-1.53492
3.79412
-4.50654
3.55695
-1.15885
-1.9077
5.72117
-3.6343
4.06403
1.17362
-0.590252
3.49999
-3.02164
4.75098
1.70349
-2.84001
3.22865
-2.4267
1.79064
4.07506
-4.11442
4.28377
1.44961
-4.41286
5.85763
-0.0341924
-3.20083
6.42253
-5.52843
-1.60945
8.35042
-5.37736
1.20341
7.00889
-6.73705
1.40136
6.85726
-8.15356
-0.680125
8.31455
-6.9292
-1.29534
8.48305
-7.21715
-2.75106
10.147
-3.96872
-8.31851
9.159
3.99754
-11.1175
2.01078
8.24789
-10.0287
-6.83199
12.0562
0.0921717
-11.2715
5.94797
8.72451
-10.1112
-6.47068
10.3129
4.789
-11.8967
-3.77389
18.9397
6.06561
-17.8922
-6.01738
18.1023
10.533
-14.5088
-19.7381
5.98802
24.6524
3.71334
-24.9865
-27.616
1.89237
26.0998
27.0361
8.63806
-11.9125
-22.1
-19.0391
-2.58342
8.7764
18.269
14.4205
0.899288
-9.62431
-15.066
-3.38555
1.91947
7.12271
8.71508
0.442442
0.579967
-5.35778
-5.80513
0.771925
1.00509
6.29899
4.09524
-1.26956
-3.28261
-4.14673
1.43087
3.27983
0.476884
1.35776
-1.23541
-1.52795
2.76297
-2.32183
-1.737
3.2046
0.458204
2.04303
-0.855213
-3.87156
0.547836
1.30985
0.674837
3.13743
-1.86807
-4.05911
2.26583
-0.465248
-2.24334
3.90816
1.40072
-2.89657
-0.611113
-0.296525
-1.01463
3.29801
1.91494
-4.97756
-0.218266
2.73308
-3.43792
1.35199
3.55561
-2.63222
-3.34192
3.62048
1.05756
-4.70761
1.28922
2.39181
-3.54442
-0.643665
5.93404
0.205631
-7.28398
0.631127
6.86635
-1.22489
-4.4685
3.67696
3.15443
-4.43607
-3.24314
6.55352
3.35293
-9.01919
-6.27442
9.10486
7.5275
-11.0866
-12.3761
9.78991
19.2981
-4.28968
-25.0156
-9.45407
25.2207
29.3081
-5.08237
-36.5865
-23.2797
17.7127
32.8959
10.0211
-21.089
-23.5438
4.84755
20.7747
8.2823
-11.5211
-13.0349
4.63009
9.28637
2.22379
-4.80637
-5.88949
2.54505
6.87267
0.131828
-5.26582
-1.94193
4.10688
2.73424
-2.80764
-3.09297
0.787922
2.79804
0.210197
-3.20624
-0.795507
2.40793
1.46867
-1.87683
-2.10766
0.914554
1.61103
-0.46323
-1.53212
-0.804758
0.971279
1.07909
-0.413316
-1.30672
-0.591622
0.707276
0.244387
0.151623
-0.280796
-0.607992
-0.51188
0.279484
1.37765
-0.552967
-1.49955
0.464283
1.75718
-0.527574
-1.11694
0.491116
1.43968
-0.448629
-1.30497
-0.0275628
1.59883
0.941026
-1.58635
-0.393574
0.401129
1.18291
-0.456649
-0.598323
0.363636
0.281955
0.673603
-0.851716
-0.175371
0.256134
0.411148
-0.70063
-1.18417
0.990524
0.510676
-0.714453
-1.45326
0.447538
1.29744
-0.186642
0.571673
0.129029
-1.22779
1.29421
3.5095
0.82629
-4.64473
-2.1543
4.53045
3.6659
-2.03125
-4.72485
-2.98837
1.15855
2.87769
4.23219
2.73159
-3.46857
-2.49762
0.811033
-1.37883
-0.513694
2.97442
0.285361
-2.67698
0.805823
1.99938
-2.85624
-1.60488
5.0541
-0.469824
-5.457
2.67128
3.07667
-2.93037
-1.71381
1.72808
1.52525
-1.49261
-1.47491
1.2287
1.73764
-1.63495
-0.697836
1.59803
-1.09906
-0.522543
2.24098
-0.942316
-2.12841
1.96519
0.473395
-1.15358
0.895762
-1.08586
-0.295486
1.94944
-0.802795
-1.16758
1.86444
0.807699
-3.13652
1.42816
2.47343
-2.52778
-0.0710956
3.13044
-2.18819
-2.53498
4.70305
-0.984107
-3.42462
2.66866
1.35138
-3.35356
1.69944
2.68182
-4.99671
1.18983
4.13044
-3.18209
-2.40102
4.15966
0.573308
-4.7174
2.05149
2.98711
-2.98212
-0.922259
2.27161
1.19128
-2.98198
-0.512234
4.04805
-1.6259
-1.02023
1.38015
-0.326926
1.25092
-0.0421524
-0.961825
-0.360336
1.00551
1.65606
-2.75777
-1.23527
2.82999
-0.633116
-1.39823
1.06294
-1.48182
0.27711
1.71365
0.0269264
-0.288675
0.236172
0.889277
-1.05976
-1.41806
0.347685
-0.360951
0.490869
1.54077
-1.4513
-0.11564
1.76303
-1.5951
-0.474603
1.7381
-1.36057
-1.01086
2.60566
-0.583642
-1.29144
1.93935
-1.2927
-0.350176
0.911325
-0.909339
0.753016
-0.209144
-1.26139
2.76821
-1.4643
-2.22142
3.95097
-1.8642
-2.22666
3.91904
-0.680619
-3.57253
4.88103
0.0516525
-5.31333
5.6216
-0.703696
-4.75471
3.76713
1.96228
-6.23872
2.93644
4.34676
-6.86797
3.01253
3.20822
-3.34546
-0.518463
2.50446
0.0245209
-3.17445
2.66249
-0.102288
-1.94699
0.756531
-0.531107
2.06362
-2.6433
0.325522
3.18977
-2.91131
0.0429632
1.12067
-0.0869396
-0.0495402
-2.68735
4.03803
-0.778972
-3.91402
4.7686
-1.34063
-0.754956
1.2677
-2.63921
3.87509
-0.228822
-3.51027
2.76965
-1.57852
1.81654
-0.773466
-3.46869
5.08295
-1.53886
-2.13193
2.31398
-2.56671
2.1504
3.07609
-5.94698
3.30861
0.574007
-2.66179
5.82021
-4.02299
-0.850596
3.49754
-4.55096
2.61443
1.18386
-3.95121
4.27907
-1.18776
-2.61293
5.26013
-4.11302
-0.788773
5.03204
-5.92024
2.40722
2.03881
-4.33005
3.68644
0.268518
-3.40061
3.74082
-0.480667
-2.29725
3.03058
0.198626
-1.87441
1.3434
1.54869
-2.3574
1.2585
0.503116
-1.04598
0.294594
-0.212289
1.04228
-3.08718
3.30541
-0.530447
-3.55947
5.21651
-3.37057
1.18412
-0.288618
1.02005
-0.278564
-2.10088
5.36374
-5.3577
2.65797
0.127594
-1.07713
0.947359
-2.62615
4.35739
-3.26582
-0.942664
4.63935
-5.08985
3.51772
-2.10808
0.208996
2.97978
-5.56087
5.47246
-1.80732
-1.27386
2.33995
-1.72348
0.957536
0.288698
-1.98842
3.03072
-1.51983
-1.24791
2.69613
-2.38319
1.85213
-1.85287
0.584772
1.34864
-1.41843
-1.15539
1.53563
-0.51218
-0.118201
0.0591726
-1.45231
1.89539
-0.553763
-0.620732
-0.496792
1.13902
-0.151625
0.564903
-0.896551
-0.373434
1.2246
-0.103966
-0.464426
-0.313789
-0.386785
-0.0671777
1.26438
-1.18395
1.18509
-0.480503
-0.414262
0.395913
-0.341104
-0.0662245
-0.0629164
0.458802
-0.699151
0.753502
-1.39412e-05
-0.637163
0.896184
-0.497572
-0.354385
0.254869
0.164387
-0.108722
-0.430808
0.76567
-0.913809
0.410467
0.0534603
-0.20943
0.391271
-0.344282
0.784815
-0.920551
0.579022
0.0444793
-0.864759
0.781902
0.0760724
-0.678277
0.134032
0.146683
0.262317
0.0338665
-0.574275
1.23536
-1.67182
1.34545
0.0397153
-1.79694
1.99195
-1.38977
0.466273
-0.670872
0.416502
0.706707
-1.29059
0.432707
0.53142
-0.497859
-0.299665
0.562548
0.224287
-0.431595
-0.421519
0.642435
0.120173
-0.656995
0.162769
0.673663
-0.66487
0.116896
-0.00310136
0.499415
-0.326654
-0.924042
0.775102
0.000325416
-0.575878
0.0696382
0.973628
-0.990457
-0.012807
-0.781886
0.898927
0.657216
-1.05474
0.169812
0.015555
1.02551
-0.320138
-0.313734
-0.604707
1.51074
0.330887
-0.827473
-0.942761
-0.149514
1.42264
0.445255
-1.31848
-0.637415
1.08536
0.382534
0.90238
-0.00450582
-0.938082
-0.446282
0.366107
0.417991
-0.158882
0.266008
-0.296762
0.32652
0.197768
-0.328241
-0.320156
0.208484
0.735304
-0.794741
0.155771
0.203621
-0.383432
0.0634208
0.0807709
0.115916
-0.131101
0.339027
-0.355554
0.0559409
0.571306
-0.477164
0.316063
0.20575
-0.27392
-0.355949
0.992398
-0.473531
0.0409658
-0.0472504
0.312466
-0.650899
0.890904
-0.140441
-0.405248
0.328039
0.0486701
-0.423052
-0.0502266
0.0894971
0.176786
-0.0873962
0.0463278
0.0447275
0.0680244
-0.607361
0.611367
-0.215317
-0.166696
-0.190793
0.211417
0.110314
-0.51068
0.379518
-0.262207
0.0561575
0.000343836
-0.0539514
-0.0313543
0.157117
-0.303796
0.262275
-0.0569954
-0.359448
0.505675
-0.279736
0.411743
-0.352207
0.386141
-0.331291
0.406193
-0.352526
0.306643
0.0265468
-0.333418
0.315129
-0.303894
0.130456
-0.287125
0.329567
-0.286012
-0.141255
0.451744
-0.415101
0.36755
-0.226714
-0.179801
0.311651
0.00100567
0.230605
-0.421053
0.198093
-0.083017
0.0615419
0.296762
-0.432152
0.267566
-0.630252
0.433444
0.223662
-0.201609
0.417569
-0.513513
0.282082
0.218842
-0.520017
0.612884
-0.238722
-0.0660481
0.342851
-0.428267
0.409954
-0.123296
-0.0405513
-0.0461301
-0.0964835
0.301783
0.0251394
-0.199235
0.354985
-0.159362
-0.216414
0.310136
-0.0562579
-0.0264586
-0.144727
0.204419
-0.210333
-0.145447
0.296541
-0.207216
0.0295323
0.349467
-0.24173
-0.213639
0.261955
-0.0969885
-0.0908296
0.14256
-0.260836
0.248626
-0.204096
-0.10257
0.437767
-0.322077
-0.129432
0.248829
-0.391469
0.0317251
0.316077
-0.64632
0.607966
-0.18625
-0.572951
0.481592
0.115913
-0.556639
0.779237
-0.115732
-0.353617
0.20805
-0.00930498
0.172947
0.0126056
0.0201499
-0.0165907
0.232195
-0.111839
0.172238
0.487088
-0.613857
0.640873
-0.129259
-0.103595
0.46867
-0.681683
0.331779
-0.178231
0.00309052
-0.0960455
-0.0559913
0.184742
-0.159437
0.129027
-0.0596006
-0.2323
0.23962
-0.20315
0.493341
-0.0784401
-0.257811
0.24336
-0.0289835
0.284987
-0.353978
-0.268688
0.36231
-0.616519
0.65618
0.797917
-0.796253
-0.0331248
-0.0212224
-0.630991
0.063476
0.3228
0.0373287
0.275287
-0.104565
0.286936
-0.654378
0.174465
0.314543
-0.609323
0.316486
-0.392284
-0.171501
0.556647
-0.387422
0.0372489
-0.0622014
0.027019
0.0428094
-0.388682
0.617725
-0.193505
-0.810609
0.434864
0.292148
-0.655797
0.273333
0.376242
-0.483589
0.15072
-0.181209
-0.061694
0.586301
-0.626451
-0.00381932
0.340352
-0.457918
0.313834
0.190214
-0.220726
0.517986
-0.398024
0.250626
0.119158
-0.426366
0.516274
-0.26563
-0.201528
0.231111
-0.0910391
0.346626
-0.225337
0.828144
-0.524947
0.102894
0.814974
-0.98121
1.12655
-0.713411
-0.117186
0.344955
-0.419773
0.0530951
-0.314287
0.38625
-0.566451
-0.025638
0.0520281
-0.363839
0.299391
-0.269661
-0.155877
0.4661
-0.372759
0.689015
-0.594871
0.185707
0.895088
-0.575121
0.908518
-0.484584
-0.442819
0.563116
-1.42239
0.866017
0.418303
-1.46751
0.664637
-0.255339
-0.613867
1.0322
-0.448016
0.0441852
0.525971
0.333572
0.486552
-0.719172
-0.0826374
-0.936348
-0.913356
1.41724
0.394058
-1.11049
2.21754
0.0305244
-1.81094
0.778785
-0.523366
-0.176084
0.447899
-0.320168
0.428475
0.202424
0.512525
-0.169992
-0.602884
0.481244
0.0349773
-0.38399
0.467498
-0.509605
0.0613266
0.254226
0.0468821
0.208319
1.41865
-1.9934
1.41872
-0.91012
-0.175351
0.729603
-0.286172
0.360128
-0.802219
0.500078
0.0495463
-0.547138
0.130614
-0.223208
0.537434
-0.553659
0.849602
0.286553
-0.450476
-0.304196
0.298461
0.0436717
-0.687933
-0.390413
0.260054
0.0868554
-0.0812607
0.13871
0.0568749
0.249777
-0.637598
0.824147
0.279807
-0.187982
0.159258
0.204152
0.405515
-0.101186
-0.881375
0.988746
-1.03071
0.55238
0.27925
-0.395023
1.33221
-0.670414
0.184295
-0.195047
-1.02349
0.758902
-1.15499
0.242003
1.95959
-1.17878
-0.284104
0.439621
-0.409483
0.348964
0.578023
-0.748438
0.361114
-0.0577843
0.287711
-0.171455
-0.102069
0.245242
-1.07924
0.773591
0.359323
-0.0517338
-0.467337
0.315208
-0.222885
0.903143
1.79836
-0.573019
-0.784457
-2.35143
-0.613599
0.0691824
1.41965
1.55306
0.956211
0.555403
-1.36913
-1.41929
-2.59842
0.953327
1.80429
0.682758
1.33724
-0.297082
-1.36352
-2.05711
0.879527
0.274999
0.633691
1.75207
-0.313568
-0.935679
-3.10119
1.55169
1.95392
0.675799
0.214559
-0.391043
-2.06705
-1.63621
2.35608
0.741563
-0.0340128
-0.179362
0.540148
-2.26592
-0.746887
2.56638
0.961589
-0.645581
-2.24038
1.11784
0.764684
-0.379962
-0.0918231
-0.335172
0.403472
0.0945818
-0.573105
0.245266
0.926696
-0.455802
-0.315462
0.950014
-1.25206
0.900547
0.766733
-0.258755
-1.09828
0.202052
1.1267
-0.200314
-0.415233
-1.17559
1.24953
1.67416
-1.46624
-2.08222
0.35069
2.17598
-0.789374
-0.53575
0.461262
0.196144
-0.734046
-0.17475
0.69093
0.7619
1.33478
-2.38822
-1.95189
2.25093
1.97199
-1.23672
-1.23357
-0.237213
-0.061705
1.8975
0.593903
-1.33345
-1.61858
1.31341
1.80889
-0.589517
0.18972
-1.31333
-1.10888
-0.445507
1.52254
1.03892
-0.263553
-0.911054
-0.557583
1.1815
0.333706
-0.800282
-1.10609
0.405916
1.29208
-0.277787
-0.566059
-0.275559
0.505472
0.327071
-0.226918
-0.747111
0.0473615
1.1064
-0.00867408
-0.665807
-1.07768
0.380051
1.58132
-0.829063
-0.503978
0.102787
-0.262084
-0.138301
0.641555
-0.191867
-0.49554
0.970466
-0.524624
-0.591044
-0.00627748
0.125613
0.49099
-0.590517
-0.192765
0.542884
0.501982
-0.450007
-0.174754
0.051907
0.216983
0.290111
0.178387
-0.0774887
-0.186523
0.313246
-0.340287
0.283756
0.0423662
-0.568275
0.483266
0.243079
-0.0197409
-0.0128937
-0.24911
-0.489939
0.508805
0.198514
-0.143245
0.217538
-0.0636662
-0.218434
-0.1028
0.400515
0.265525
-0.407755
0.216006
0.251742
-0.0561016
0.161987
-0.161805
0.118795
0.617743
0.0312648
-0.612022
-0.0627203
0.382394
0.482653
-0.173581
-0.691726
0.227908
0.34174
0.00416611
0.428919
-0.224389
-0.38254
0.140153
-0.101806
0.585671
0.513036
-0.829258
-0.998771
-0.686717
0.816434
1.3346
-0.274028
-0.730785
-0.316381
0.188604
0.0750706
0.232615
-0.0135098
-0.166378
0.328908
-0.289839
-0.28463
0.212599
0.17983
0.0610518
-0.184927
0.198746
-0.354544
0.130598
0.244241
-0.422944
-0.197838
0.0392024
0.869389
-0.304004
-0.70141
0.546609
-0.0544947
-0.38828
0.650014
0.140478
-0.379946
0.0321323
0.353936
0.136403
-0.427653
-0.238936
0.475901
0.448989
-0.275473
0.0726268
0.066785
0.130812
-0.152061
-0.254719
0.464336
-0.011932
-0.0496165
-0.137075
0.385532
-0.365846
-0.70099
0.530606
-0.0455534
-0.205403
0.377882
0.00618667
-0.161586
0.0822462
-0.20311
0.236743
0.112002
-0.205716
0.630414
0.105678
0.0447879
-0.128227
-0.138246
0.51911
0.346775
-0.185139
-0.12464
-0.0333004
0.258519
-0.142138
-0.932234
0.266519
0.674475
-0.0119556
-0.325219
-0.311099
0.491694
0.333642
-0.236804
0.169658
-0.00233096
0.0913436
0.435839
-0.228379
-0.372874
-0.368476
-0.447997
0.301808
0.497246
-0.137533
-0.288583
-0.405861
-0.29136
0.321856
0.782199
0.225548
-0.31268
-1.16989
-0.338956
0.460679
0.0151245
0.503059
0.650946
-0.552616
-0.984776
0.0140289
0.406012
0.402719
0.285524
-0.254008
-0.179176
-0.151607
-0.3202
0.56757
0.463169
-0.330407
0.135357
0.244946
-0.196499
0.076299
0.359227
-0.272753
0.170622
0.46304
0.136712
-0.492821
-0.433786
0.76577
-0.0736384
-0.754228
-0.106807
0.699079
0.176079
-0.541867
-0.00375337
0.299259
-0.0726728
-0.0834899
0.261115
0.103597
-0.0725653
-0.518691
0.0525794
0.376294
-0.643528
-0.3166
0.691852
0.928462
-0.122466
-0.613004
0.344579
0.633738
-0.325282
-0.116739
0.60747
-0.177115
-0.0639571
-0.128639
0.127594
-0.150356
-1.16489
-0.456038
0.269772
0.180352
-0.817415
-1.07716
0.340678
1.02735
-0.0980635
-0.680843
0.354978
0.70024
0.104547
-0.651686
-0.381138
0.448498
0.221989
-0.322913
-0.343557
-0.0951214
0.131531
0.169312
-0.0151168
-0.0534143
0.0459085
0.131929
0.312488
0.0456398
-0.127211
-0.0191224
-0.0846457
-0.0319508
0.0978955
0.0676101
-0.0110314
-0.0439849
-0.0273867
0.0421613
0.0701162
0.0540109
0.0187361
-0.0146529
-0.0549293
-0.0330897
0.0148929
0.0384184
0.0312794
-0.00921269
-0.0105116
0.00486411
0.00720755
-1.03244e-05
0.00189379
0.00258272
0.00426879
0.0105904
0.00407812
0.00450054
0.00355337
0.000523662
0.000353059
0.000835166
0.00600902
0.00392041
0.00453689
-0.000121703
0.00501484
0.00115346
0.00203916
0.0023817
-0.00205038
0.00738484
0.00490236
0.000642454
0.00439912
0.00293997
0.00321752
0.00318723
0.0025474
-0.00195629
0.00347102
-0.000235637
0.00311662
0.00350232
0.00225539
0.000297462
0.00487243
0.00346238
-0.00220556
-0.00355143
0.00427733
0.00564836
0.00385322
0.00456976
0.00150236
0.00222447
0.00235896
0.00284136
0.00356533
0.0035551
0.00288801
0.00282656
0.00322832
0.0028522
0.00267748
0.00239402
0.00302527
0.00275083
0.00265654
0.00267824
0.00270018
0.00272013
0.00266114
0.00258001
0.0027283
0.00275802
0.00264772
0.00247236
0.00243976
0.00298466
0.00156715
0.00295685
0.00406879
0.00337499
0.00287737
0.000241093
0.00344299
0.00408845
0.0018175
0.00239579
0.00163441
0.00328149
0.00399197
0.00193972
0.00705745
0.00339952
0.00548126
0.00212005
0.010107
0.00293274
0.00656049
-0.00452157
-0.00680621
0.0149642
0.00253271
-0.0186126
0.012041
-0.00212327
0.00402502
-0.00157858
0.0107528
0.0206593
-0.0109819
-0.00743041
0.0087398
0.00697914
0.00519093
-0.0106239
-0.0101597
0.014011
0.0073281
0.00974002
0.0111439
-0.00269864
0.00323009
0.00495398
0.0248499
0.00905544
-0.00353182
0.0124888
0.00146891
0.00841751
-0.00828671
0.00165451
-0.000794796
-0.00226972
0.0182558
0.00552348
-0.00211516
0.0172331
0.000688995
-0.00573428
-0.00247744
0.00941156
0.00248712
-0.00510327
-0.00227389
-0.00847434
0.00827225
0.0143337
-0.00507167
0.00220218
0.0150349
0.0108104
0.0232411
-0.00399251
-0.00438628
0.00233055
-0.00384166
0.00617883
0.00423283
-0.00291957
0.0183745
-0.0263183
0.000840871
-0.00809588
0.019473
-0.00467185
-0.00292252
0.0112579
-0.0223006
0.00467513
0.0102916
-0.00381904
0.00766153
-0.00393288
0.00314354
0.00524607
0.00488764
0.0109946
0.00824667
0.0135262
-0.0118742
-0.00995806
0.0286004
0.0226493
-0.0108934
0.0419476
-0.0082356
0.00650649
0.00669654
-0.00629607
0.0083813
0.0102966
-0.0169976
0.0262415
-0.0138405
0.0762163
-0.0422954
-0.000837334
-0.0194775
-0.0382446
0.0193375
-0.0123645
-0.00686037
0.0105235
0.0580723
-0.0210009
-0.00337303
0.0286387
0.0533319
0.0176778
0.00330356
0.00660684
0.0206897
0.0552132
-0.0531651
-0.0148719
-0.0358204
0.00435955
0.0295217
-0.00530725
0.00583059
-0.00750666
0.00981814
-0.0551312
0.0217811
0.022454
-0.04625
0.0355584
0.010931
0.017296
0.0115468
0.00307294
-0.0152766
-0.0117229
-0.0108813
-0.017069
0.000488176
0.0332114
0.018963
-0.0184111
0.00473051
-0.0493582
0.00269855
0.000158378
-0.0080144
0.0150264
0.0123377
0.013
-0.0159375
-0.0178044
0.0140909
0.0305825
0.0127038
0.00239537
-0.00333013
-0.00747035
0.0114964
-0.0450685
0.0371588
0.184061
0.0374806
0.00218579
0.0122659
-0.0109852
0.00788487
-0.0329371
0.0415654
0.0935094
-0.0135503
-0.00721841
-0.00481161
0.0064312
0.0139352
-0.00575418
-0.0128955
0.0179822
0.0206672
0.0186355
0.00384643
0.0119309
0.0338147
0.0647083
-0.038054
0.0485695
0.00868553
0.0179171
0.0221299
0.0127949
-0.0142871
0.0280771
0.000221713
-9.64773e-05
0.00490857
0.0149313
0.00895063
0.0376076
0.0350258
0.00107847
-0.0378858
-0.0126247
0.0142635
0.0192891
-0.00487745
-0.00530241
0.0316912
-0.00262505
-0.00798478
0.00500062
-0.00692884
-0.0258317
0.0101053
-0.0215484
-0.0367418
-0.0163545
0.00233631
-0.00396038
0.00143751
-0.00805074
-0.00924403
0.00832982
0.00121325
0.00501683
0.00296939
0.0153836
-0.0508732
0.0552715
0.00317151
0.0215331
-0.0362033
-0.0261852
-0.01556
0.0106754
0.00972787
-0.007333
0.00657941
0.0118139
-0.0137676
0.00110593
-0.00694878
0.083939
-0.0469041
0.123738
0.0894897
0.0282153
-0.0162947
-0.00257422
0.0139202
0.00432311
0.00660937
-0.0161408
-0.00121195
-0.00485813
0.00283849
-0.00606791
0.00835974
0.00435517
0.00285996
0.00465035
0.000405071
0.00626126
0.00950144
0.00766235
0.0121314
-0.000859804
0.0284413
-0.138298
-0.00163001
0.133029
0.253588
-0.00990752
0.0358899
-0.00988918
-0.00624268
-0.0157283
0.00290075
0.0205918
-0.00930252
-0.0302785
0.0292713
0.0237403
0.00430447
-0.0139816
0.00258735
-0.0310493
0.0182353
-0.0158835
-0.0270679
-0.0242069
-0.00325308
-0.000580031
-0.00397371
-0.00742011
0.0287077
0.0112244
0.0160915
0.0213171
0.0468371
0.0167794
0.0159412
-0.031782
-0.00189443
-0.0127608
-0.0274987
0.00742282
-0.00772189
-0.0384455
0.0579657
0.0609323
0.034677
-0.0222343
-0.0784946
-0.0780377
0.162353
0.098143
-0.0113074
-0.0541715
-0.00422415
0.0259031
-0.0828369
-0.0504816
0.00590453
0.00928867
0.0213476
0.0657201
0.0708029
0.041211
0.108372
0.0573506
-0.0321397
-0.0838845
-0.0894223
-0.0770013
0.00874572
0.0790924
0.0587787
0.108495
0.0324882
-0.0871925
-0.0610657
0.00170965
-0.00457461
0.0550221
-0.0499736
0.0239125
-0.0140827
-0.00375885
-2.0086e-05
-0.0648138
-0.14516
-0.135451
-0.103887
-0.107396
-0.078024
-0.0487114
-0.0530633
-0.0102785
-0.0134981
-0.0176376
-0.0176303
-0.0209087
-0.0315659
-0.0306532
-0.00685009
-0.0193848
-0.00150583
0.0146689
-0.0265793
-0.020967
0.0212712
-0.00189611
0.0285837
0.0889628
0.0302137
-0.066639
-0.0912672
-0.056578
0.0187873
0.0456412
0.0644844
0.10878
0.0736163
0.0453211
0.015394
-0.00543324
-0.0161418
0.00476475
-0.0250528
-0.0212276
-0.0289714
-0.0247401
0.0519603
0.0768003
-0.0245437
-0.0683701
-0.0445287
-0.00153169
-0.0480444
0.0903454
-0.0548688
0.0907101
-0.0934799
0.0348149
0.0127432
0.0128603
0.0127525
-0.0051373
0.000943423
0.021272
-0.00809389
-0.00533416
0.037533
-0.00345529
-0.0263646
0.00874418
0.000892175
0.0035107
0.00657412
-0.0325545
0.0221356
-0.00584438
-0.0435942
0.0539583
-0.0368458
-0.0568796
0.0880433
0.00278102
-0.122678
0.203654
-0.241954
0.103377
0.216968
-0.493525
0.630963
-0.53363
0.213059
0.163068
-0.175094
-0.101595
0.0770146
0.151797
0.0122052
-0.0760309
-0.103636
-0.0793309
0.0298153
0.00597609
0.0777699
-0.0069694
0.0939014
0.0501366
0.0668016
0.00846781
0.0397265
-0.0583707
-0.0325315
0.0128309
-0.0901352
0.0857507
0.0192924
0.0136189
0.159877
-0.336329
0.31022
-0.0518411
-0.250775
0.563592
-0.525561
0.131298
0.239805
-0.393925
-0.0769906
0.224105
0.186083
0.0185956
-0.208423
-0.226226
-0.172354
-0.053466
-0.028437
-0.0166793
0.0319199
0.024215
-0.0317822
-0.0670263
-0.0996245
-0.096666
-0.0509561
0.0392023
0.077352
0.0481041
-0.028379
-0.090611
0.0610963
0.023132
-0.0778757
0.00135667
-0.11365
0.226405
-0.267261
-0.117801
0.228418
0.286647
-0.353149
-0.0694949
0.138789
0.0918209
0.017433
-0.0951246
-0.145669
-0.225071
-0.177598
-0.210613
-0.189589
-0.115527
-0.0885546
-0.0112288
0.0394177
0.0702247
0.0182112
-0.136801
-0.0651455
0.0723736
-0.0143198
-0.0334543
0.0249817
0.00893471
-0.0404686
0.0484899
-0.139851
0.229953
0.070638
-0.721707
1.15719
-0.833221
0.383632
-0.374744
-0.179293
0.101392
0.169656
0.165231
0.116312
0.0412536
0.0445054
0.078148
0.0915252
0.0625687
0.00523084
-0.0514171
-0.160514
-0.032105
-0.00929626
0.00310213
-0.116937
0.11754
-0.0190664
-0.0312289
-0.00220219
0.0526634
0.12403
0.10629
0.0813585
0.0642962
0.120602
0.135163
-0.0657782
-0.458736
-0.0832446
1.54506
-0.111269
-0.11939
-0.123109
-0.12605
-0.145111
-0.0693531
-0.00241449
0.27681
0.277159
-0.133828
-0.315734
0.357167
-0.145622
0.181253
0.041189
-0.0571907
0.104628
-0.0331527
0.0224068
0.0206304
0.0200586
-0.00548295
-0.00573844
0.0134978
-0.0429468
-0.0973761
-0.0828612
0.0518426
-0.106627
-0.092855
-0.148257
0.143176
0.965526
-3.54395
1.58625
1.5909
1.39245
1.11366
-0.146437
-0.744377
-0.87359
-0.471578
-0.00172352
-0.041248
-0.0595758
0.0343912
-0.00168994
-0.0215259
0.0230336
0.0184773
-0.00958244
-0.00240933
-0.0127469
0.0176289
0.00490889
-0.0305991
0.0376627
-0.0692205
0.0374214
-0.00694743
-0.0455962
-0.00190517
-0.00572902
0.0141512
0.0119871
-0.000706641
0.00269376
0.00182965
0.00437153
-9.42795e-05
0.0163837
-0.00072891
0.0207889
-0.038095
0.0053789
0.0115261
0.0400901
-0.0485018
-0.0712914
-0.00206205
0.00130442
0.00640367
0.009633
0.00453909
0.0111635
0.0261278
0.00921788
-0.0161615
-0.0137063
0.0482926
-0.0451272
0.10521
-0.251391
-1.41872
-0.847608
0.315262
1.14127
0.488408
0.252347
1.332
2.43362
-0.865759
-0.0721943
0.0322636
0.13621
-0.000611561
0.123477
0.0660576
0.0838641
0.0247079
0.0379046
0.0410895
-0.0649063
-0.00572389
0.0265077
0.0211648
-0.0495697
-0.0271112
-0.0498006
0.0270725
0.029716
-0.208111
0.24205
-0.362068
0.0436812
0.388177
0.188219
-0.075078
-0.0738787
-0.0856521
0.0635318
0.253866
0.421071
0.152255
-1.19129
-0.548099
0.513382
0.192336
-0.0912996
-0.135749
-0.0859861
-0.0695795
-0.0828871
-0.0817952
-0.0635919
-0.0597928
-0.0802497
-0.0431016
0.0767955
-0.0989839
0.076164
0.0432671
0.0476629
-0.0397811
0.0810632
0.162136
0.111057
-0.000391191
-0.0309325
-0.0958706
-0.0815933
-0.112682
-0.0686279
0.0797092
0.211369
0.2084
-0.181075
-0.125388
0.849614
-0.899436
0.188855
0.414026
-0.34781
0.161634
-0.00994961
-0.0348721
0.0598238
-0.00628543
-0.00997939
0.0493841
0.0509281
-0.0614041
-0.0512985
0.104092
0.165852
-0.00306547
-0.0221542
-0.0385868
-0.0826839
-0.0802812
-0.113809
-0.116747
-0.128785
-0.165391
-0.155835
-0.198186
-0.113089
0.144902
0.321321
0.0666497
-0.366461
0.302017
-0.632886
0.557169
-0.204585
0.0141212
0.0204165
-0.0759249
0.06093
-0.0392105
-0.0808952
0.0265886
0.086646
0.0100265
-0.10002
-0.0674181
-0.0865909
-0.0302622
0.0052172
0.123443
0.11477
0.145337
0.189209
0.147024
0.156381
0.0830496
-0.0892847
-0.178494
-0.252802
-0.136613
0.133978
0.261331
-0.131836
-0.384548
0.422754
-0.0864057
-0.0335201
-0.181795
0.400701
-0.385798
0.214761
-0.0348295
-0.000342067
0.130507
-0.132618
0.0720334
-0.06912
0.0247769
0.0508551
-0.00672787
0.0892922
-0.0132922
0.0968932
0.0491793
0.058341
0.0182336
0.106016
0.078859
0.0566899
-0.0110761
-0.0548025
-0.131218
-0.00180307
0.0769394
0.100567
-0.0704139
-0.183916
0.261615
0.0954166
-0.545122
0.791589
-0.70074
0.482098
-0.182869
-0.102251
0.103891
-0.124466
0.0370978
0.0646112
-0.0650281
0.0131224
0.0601402
-0.0181328
0.0329644
-0.0129222
-0.01629
0.00934525
-0.0081045
0.035839
0.0266519
-0.0504888
-0.00627994
0.029645
-0.015599
-0.0237887
0.0216951
-0.0067456
-0.0163324
0.0302691
0.00582527
-0.0686584
0.0266741
-0.1182
0.100458
-0.0653939
0.0749751
0.0343233
-0.0078526
-0.0381124
-0.107523
-0.0456022
0.0380943
0.0273352
-0.0378491
-0.0364787
-0.0559924
-0.0495467
-0.0490599
-0.0946015
-0.0331339
-0.0297716
-0.00105525
0.054547
0.0779324
0.0835111
0.124462
0.092996
-0.00781241
-0.0431783
-0.0497113
0.00478626
0.0163158
-0.0280413
0.0114214
0.0625279
0.019343
0.0453516
-0.0351238
-0.0174272
-0.00385845
-0.0299673
-0.0358187
-0.0437912
-0.0684487
-0.038755
-0.017484
-0.01595
0.0370842
0.0390558
0.0116936
-0.00193453
0.0156081
-0.021076
-0.0863118
-0.0635274
-0.0508824
-0.0602697
-0.00739174
0.0418467
0.0666815
-0.00372286
-0.0850463
-0.102448
-0.0255195
0.00644795
0.0533926
0.0771973
0.0473194
-0.0467872
-0.0736418
-0.126551
-0.0707255
-0.0262797
0.024077
0.0925132
0.130071
0.0978819
0.0757712
0.0537074
0.0552766
0.053759
0.0176903
-0.0240098
0.0148978
0.0797583
-0.0241177
-0.117863
0.00177924
0.0477085
0.0140485
-0.0724339
-0.0626789
0.0391799
0.0363329
0.0462581
0.0234956
-0.0374569
-0.0203127
-0.0305829
-0.00152987
0.0174398
-0.0185176
0.0192938
0.00975724
0.00129559
-0.00426582
-0.00441786
-0.0177383
0.00217032
0.00549326
0.0301937
0.00886371
0.0346584
-0.0107757
-0.0175337
0.0311067
0.0168638
-0.0115684
-0.0139504
-0.0423936
-0.0288279
0.0216135
0.0416546
0.0289125
-0.000610566
-0.0150599
0.00723345
-0.0139908
0.0416644
-0.0253943
0.000794285
0.0523375
0.0100535
-0.0298155
0.01669
0.0234955
-0.0406954
0.0198477
-0.0257878
0.0222785
-0.00173979
-0.00463924
0.0126617
0.0463307
-0.0154692
0.0212311
0.000867795
0.0191048
-0.00234658
0.0149597
-0.000901593
-0.00764772
0.0195203
0.010399
-0.0155855
0.0310386
-0.00871169
0.0146586
0.026065
0.0110617
0.0101153
0.0159742
0.00461929
0.0116836
0.00571036
-0.00996284
0.00286663
0.00213483
-0.000281331
-0.0330648
0.0139089
0.00928835
-0.00291856
0.0129689
0.0399999
0.0361753
0.0598386
0.103558
0.188892
0.129852
0.0596594
-0.0148358
-0.0222884
0.0697927
0.0203056
0.0238799
-0.021184
0.0104846
-0.0115056
0.018274
0.0234829
0.0146674
-0.00626589
0.0137367
-0.0060071
-0.0415007
0.0434441
0.00107631
-0.146322
-0.0100098
-0.0464238
-0.109932
0.0282192
0.00399726
-0.00905064
0.0233151
-0.00251996
-0.0392694
0.0335654
0.00512964
-0.0031139
-0.000752014
-0.00802769
-0.0317297
-0.0240865
0.0116097
-0.0118169
-0.0130724
0.0697072
-0.162599
-0.0675582
0.0258985
0.0762114
-0.0512831
0.0435507
-0.0354939
-0.0391426
0.0170723
0.00743669
0.00596005
-0.0031185
0.00327688
0.00190087
0.0210039
0.0183263
-0.000630301
0.0173527
-0.0922044
0.0232286
0.18945
0.120151
0.0673694
-0.0134449
0.0758461
-0.00874772
-0.0290929
0.0221929
0.0364321
0.0530041
0.0213341
0.058617
-0.0235493
-0.0282078
-0.015964
-0.020253
-0.0337297
-0.0116458
-0.0106445
0.076406
-0.131103
0.011453
0.084891
0.0179367
0.0404428
0.100318
0.0853914
0.0604262
-0.0968825
0.00115658
0.00399506
0.00182183
0.00822242
-0.019948
0.0104527
-0.0096062
0.0400146
0.020104
-0.020721
0.0688693
-0.144135
0.587241
-0.398434
0.0492168
0.144562
0.195798
-0.0146063
-0.025613
-0.0190198
-0.0622169
0.0533407
0.0119231
-0.00488697
-0.00451219
0.0201682
-0.0292455
0.0284951
0.0197614
-0.0237105
0.0533501
0.0150804
-0.00272692
-0.0181354
0.0502555
-0.0415473
-0.0115373
-0.0115683
-0.0153786
-0.00762537
0.0113116
0.00923345
-0.0239787
0.0237736
0.0167474
-0.00193602
0.0254104
0.0596334
-0.214019
-0.0627939
-0.0826181
0.390675
-0.567549
0.0987284
-0.0467139
0.00362697
-0.0270579
-0.0183744
-0.0129026
-0.00783562
0.00377329
-0.0158089
-0.00659341
-0.0109497
0.00475029
0.0610742
-0.0776357
-0.0762792
-0.101612
-0.0220249
-0.0213212
-0.090599
-0.0389833
0.150428
-0.0742567
0.028685
0.0185566
0.0233279
0.0224703
0.0129673
0.0102705
0.0272412
-0.00262464
-0.00945114
-0.0304386
-0.0391732
-0.0311064
0.0162611
0.017207
-0.0307551
0.0300641
-0.0578836
-0.112299
-0.199417
-0.0461711
0.0967996
-0.0246223
0.00605581
-0.0180931
-0.0121582
-0.00270886
-0.0158117
0.00595537
0.0108261
-0.00771172
-0.0226968
0.038806
0.0335344
-0.0422184
0.0359512
-0.0581524
-0.0223717
0.0852845
0.164211
-0.0654621
0.00169777
0.00599745
0.0188137
0.0192259
0.0195702
0.000329445
0.00115021
0.0313369
-0.0207939
-0.0424934
0.0468786
0.00225402
-0.0103838
0.000862223
0.0232919
-0.0253284
0.072281
0.00488883
0.0252238
0.143941
-0.00884329
-0.0542418
0.0461321
0.0333446
-0.0195162
0.00503114
-0.00875919
-0.0221606
-0.00194873
0.00519121
-0.00885845
0.00887241
-0.0160355
0.0163997
-0.0347132
0.0372689
0.0339709
-0.0515674
-0.126933
-0.183409
-0.0995752
-0.0637125
-0.0276439
-0.0303501
-0.0136364
-0.0139004
0.00382322
-0.00801031
0.00748537
-0.00440575
0.00409432
0.0114323
0.00425847
-0.00991705
0.000240914
-0.0145156
0.00923522
-0.0310057
0.0594137
-0.0418452
-0.0013165
0.00364944
-0.0303314
0.0030273
0.0041584
-0.0079187
0.019952
-0.0149769
0.00618571
-0.0168963
-0.0238084
0.00781058
-0.0311699
0.0243038
-0.04486
-0.0171382
0.0175182
0.0104884
-0.00853208
-0.0100937
0.024829
0.00480564
0.00459524
0.00072478
-0.00333933
0.0109666
-0.0228995
-0.0284586
-0.00901098
-0.0164228
0.0141798
0.00638521
0.0195179
-0.016823
-0.011618
-0.0232569
-0.0260709
-0.0182906
0.0127219
0.0319049
-0.00426084
-0.0841552
-0.117378
0.0241018
0.0103038
0.0024238
0.0120425
-0.0230861
0.00613362
0.00908065
0.0269742
0.018311
0.0351959
0.0144499
-0.016507
0.0141552
-0.0375392
-0.011207
-0.0256377
-0.0418054
0.0206976
-0.0064262
0.0277803
-0.00066874
0.00727546
0.00444846
-0.00302784
-0.0011239
0.00536763
-0.00283657
0.00114309
-0.130882
0.172831
-0.122741
-0.0289771
0.00575348
-0.00269821
0.00364659
-0.00324496
-0.00673566
-0.000704142
0.00556736
-0.00330238
-0.000280582
0.0039082
0.0032941
-0.00142971
0.00354386
0.00303007
0.000751725
-0.0131062
-0.000296411
0.00280045
0.000709021
0.000869267
0.0041228
0.0130621
0.0915759
-0.0932254
0.0245073
0.370409
0.0114637
-0.00342694
0.00477954
0.0098388
-0.0149565
-0.00108327
0.00545466
0.00534288
0.012378
-0.0322029
0.0188072
0.00240883
0.0448066
0.0161475
0.00709506
-0.00431578
0.000958816
-0.00582376
-0.00517942
-0.0056108
0.0117148
0.00793627
0.00557094
-0.00845061
0.0146446
-0.00893695
-0.0201039
-0.0254446
0.0881253
0.0747401
0.0124699
0.00076122
-0.00110304
-0.00686479
-0.00591766
-0.00686822
0.00972557
-0.0111167
0.0149061
-0.00144524
-0.0108192
0.0133136
0.0385867
0.0515414
-0.0236658
-0.00592948
-0.0232397
-0.0052626
-0.000110491
0.00243124
0.00112187
-0.0129347
0.0334323
0.0261857
0.012031
-0.00741498
-0.0415758
0.0460173
0.0555825
0.0318004
0.0117232
0.0114636
0.0145419
-0.0124114
0.0073541
0.00482913
0.019394
-0.0294236
-0.00913866
0.0056334
-0.0116983
0.0613214
-0.0227029
-0.0183201
0.0097412
-0.00350257
0.0111399
0.0509834
-0.0254703
-0.000816617
-0.0183193
0.00113508
0.00629993
0.0107407
0.00568587
0.001438
-0.00539776
-4.30024e-05
-0.00580246
-0.0997338
0.00585894
-0.000563602
-0.0138425
-0.0154881
0.00594177
0.00073636
-0.00599447
-0.00811298
-0.00127958
0.00162611
-0.0530277
-0.0846583
0.0104644
0.0255909
0.00776924
-0.0113516
-0.00570197
0.0142166
-0.00806526
-0.00337014
-0.000961972
0.00620289
0.00172002
-0.00864533
0.0163664
-0.00605192
0.00337605
-0.00379212
0.00333456
-0.00781834
0.00774945
-0.0190093
-0.00928439
0.0622462
-0.00505539
-0.0152122
0.00210994
-0.00167226
-0.000975261
0.000275969
-0.0129162
-0.0251361
0.00550776
-0.0154109
0.0689272
-0.0162524
-0.00389733
0.000370348
0.0160358
0.0170033
0.0013593
-0.0110399
0.00663224
0.00825842
-0.00533708
-0.00575159
0.0109786
0.00536424
0.00362792
0.00647792
-0.00223101
-0.00143842
0.00737809
0.00294737
0.00556823
-0.00865307
0.0429661
-0.0286135
0.00391953
0.0101111
-0.00376708
0.00370073
0.000308216
-0.0057611
-0.0330574
0.0144293
-0.00126012
0.0152893
-0.00137582
0.0205384
-0.00349699
-0.00274485
0.00428918
0.00204166
0.0436292
-0.00564404
-0.0104136
0.00569143
0.0173228
0.0376515
-0.0240914
-0.0101978
-0.0121741
0.028905
0.0538151
-0.012411
0.00680896
-0.00148089
-0.00311631
-0.000415729
0.00900107
-0.00585449
0.00618771
-0.00145802
0.000568076
0.00579736
8.46288e-05
-0.00142302
-0.00332489
0.00376888
-0.0238582
-0.0467461
-0.0096245
0.00396879
0.000357954
-0.00403484
-0.000259878
-0.00703955
-0.00589189
0.00496779
0.0158382
-0.020092
-0.00182567
-0.00543528
-0.00196776
-0.00478437
0.0107655
0.00232268
0.0225234
-0.00558503
0.0336338
-0.0151507
0.00679193
0.00490032
-0.0129922
0.0062905
-0.00968367
-0.0019748
-0.00612164
0.0100781
-0.00906386
-0.00401912
0.00212912
-0.00140554
0.0109748
0.00982176
0.000455297
-0.0137963
0.0169829
0.0197384
-0.00203881
-0.0416041
-0.0273654
-0.00438457
0.00563245
-0.00220633
-0.004415
0.00901798
-0.0205891
-0.017862
0.00372134
-0.00395083
0.00135336
0.00127913
0.000553629
0.0244237
-0.0632968
-0.0030021
0.0015169
0.00545787
0.00398429
0.00369767
-0.00813318
-0.00865649
0.0295365
0.00238048
0.00222574
0.00186581
-0.00596501
-0.0176035
0.00152735
-0.00370087
0.0254069
0.00111094
0.00492184
-0.00321575
-0.00167568
0.00389091
-0.00403903
-0.0056253
0.00915522
-0.00648622
-0.00660243
0.0327198
-0.015424
-0.00133527
-0.00425138
0.000590426
0.00435338
-0.00338666
-0.00265649
0.00075614
-0.0060565
-0.00571454
0.00245241
0.0189887
0.039656
0.00825242
0.00278958
0.00343242
0.00127461
0.00580643
0.00356519
-0.0122494
-0.00324344
-0.00478558
0.00151262
0.00220383
-0.000963706
0.00432776
0.00319348
-0.00397192
-0.00112909
-0.00209568
-0.00061583
0.0166392
0.00874593
-0.00284095
-0.0050376
0.00151845
0.00891684
0.00288501
0.0062865
-0.00230467
-0.00245382
0.00156477
-0.00224574
0.00340526
-0.00305474
-0.00891136
0.0186316
-0.000811128
-0.00693654
-0.00677221
0.0017747
-0.000253907
-0.00695644
0.0030498
0.00337616
-0.0116204
0.0140096
-0.00313247
0.000152597
0.00556489
0.00344365
0.00374166
0.00323263
0.000846704
0.00248129
0.00647183
-0.00263433
0.00619309
0.00358233
-0.000511678
0.00110972
0.00405252
-0.00162463
-0.00376424
-0.000237567
0.00331276
0.00228087
-0.0134749
0.00205185
-0.000838575
0.000129901
0.00244022
0.00640047
0.00916504
-0.000546969
-0.000532756
0.000389661
0.00154087
-0.0010723
-0.00323617
-0.0062057
-0.00254879
-0.00262416
-0.00222421
-0.0103908
0.000465725
-0.0091832
-0.000200025
0.00145369
0.00037442
0.00503178
-0.00458011
0.00560048
0.00156654
-0.0022413
0.00355177
-0.00607759
-0.00495286
0.0158186
-0.00121723
0.00158675
-0.000158518
-7.12849e-05
0.00295211
-0.000583524
-9.31274e-05
-0.0183332
-0.00405589
0.000777163
-0.00300583
0.00328139
-0.00261039
0.000215778
0.00133516
-0.00130427
0.000832562
-0.000457509
0.00157881
0.00207795
-0.000217882
0.00173029
-0.00555367
-0.000207721
0.00252005
-0.00125663
0.000507774
-0.00146225
-0.00240985
-0.00274999
0.00324496
0.00607126
0.00161542
0.00067023
-0.00160162
4.00665e-05
0.0015873
-0.000252886
0.00325998
-0.00554381
-0.00444016
-1.51784e-05
0.00173499
-0.00195997
0.00445185
0.00117705
0.00827148
0.00068996
0.00211592
0.00099817
0.00107316
1.28038e-05
-0.000929306
-0.000641406
0.00070577
-0.000800769
-0.000884038
-0.00358012
0.0067549
-0.000965125
-0.00223498
-0.0001723
-0.000273215
0.0121035
-8.25371e-06
0.000628013
0.00236676
0.000693144
0.00143127
-2.74154e-05
-0.00106544
-0.00149458
-0.00549709
0.00103569
0.000792611
0.00232941
0.000334895
-0.000524986
-0.00123712
0.000187677
-0.00297432
-0.000495395
-9.91662e-05
-0.00261099
-0.00172786
-0.000569135
0.000657954
-0.00014519
0.00038614
-0.000471993
0.00110737
-0.00116775
-0.002963
7.0048e-05
-0.000141049
7.74885e-05
-0.00215188
-0.000843035
0.00057024
0.000134631
-0.0025871
-0.000132766
0.000744659
-0.0018335
-0.00055493
0.000304965
0.000407689
0.00171309
-0.00128667
-0.000379395
3.63508e-05
0.00170444
5.51873e-05
-0.000113932
0.000310031
0.000222278
-7.01159e-05
-0.000252683
0.000960149
-0.000475556
-0.000938192
0.000275721
0.000419866
0.000254001
-0.000731503
0.000398305
0.000132886
0.000211847
-0.000807676
0.000481471
6.50353e-05
1.79355e-05
-8.82233e-05
-0.000367816
3.75435e-05
9.69403e-05
-0.000116159
7.01433e-05
1.63482e-06
0.000304792
6.61433e-05
0.000139881
0.000470059
0.000474558
-3.02904e-05
3.32856e-05
6.49795e-05
-6.52257e-05
-7.16367e-05
4.06721e-05
0.000119193
-0.000117414
-0.000123044
0.000125771
0.000119721
-9.8284e-05
-9.46115e-05
1.26768e-05
2.26008e-05
3.60323e-05
-2.80952e-05
-8.38918e-07
1.04898e-05
-4.72811e-12
-1.04898e-05
8.38917e-07
2.80952e-05
-3.60323e-05
-2.26008e-05
-1.26768e-05
9.46115e-05
9.82841e-05
-0.000119721
-0.000125771
0.000123044
0.000117414
-0.000119193
-4.06721e-05
7.16367e-05
6.52257e-05
-6.49795e-05
-3.32856e-05
3.02904e-05
-0.000474558
-0.000470059
-0.000139881
-6.61433e-05
-0.000304792
-1.63481e-06
-7.01432e-05
0.000116159
-9.69403e-05
-3.75436e-05
0.000367816
8.82233e-05
-1.79355e-05
-6.50353e-05
-0.000481471
0.000807676
-0.000211847
-0.000132886
-0.000398305
0.000731503
-0.000254001
-0.000419866
-0.000275721
0.000938192
0.000475556
-0.000960149
0.000252683
7.01159e-05
-0.000222278
-0.000310031
0.000113932
-5.51873e-05
-0.00170444
-3.63509e-05
0.000379395
0.00128667
-0.00171309
-0.000407689
-0.000304965
0.00055493
0.0018335
-0.000744659
0.000132766
0.0025871
-0.000134631
-0.00057024
0.000843035
0.00215188
-7.74885e-05
0.000141049
-7.0048e-05
0.002963
0.00116775
-0.00110737
0.000471993
-0.00038614
0.00014519
-0.000657954
0.000569135
0.00172786
0.00261099
9.91662e-05
0.000495395
0.00297432
-0.000187677
0.00123712
0.000524986
-0.000334895
-0.00232941
-0.000792611
-0.00103569
0.00549709
0.00149458
0.00106544
2.74154e-05
-0.00143127
-0.000693144
-0.00236676
-0.000628013
8.25372e-06
-0.0121035
0.000273215
0.0001723
0.00223498
0.000965125
-0.0067549
0.00358012
0.000884038
0.000800769
-0.00070577
0.000641406
0.000929307
-1.28035e-05
-0.00107316
-0.00099817
-0.00211592
-0.00068996
-0.00827148
-0.00117705
-0.00445185
0.00195997
-0.00173498
1.51782e-05
0.00444016
0.00554381
-0.00325998
0.000252886
-0.0015873
-4.00665e-05
0.00160162
-0.00067023
-0.00161542
-0.00607126
-0.00324496
0.00274999
0.00240985
0.00146225
-0.000507774
0.00125663
-0.00252005
0.000207721
0.00555367
-0.00173029
0.000217882
-0.00207795
-0.00157881
0.000457509
-0.000832562
0.00130427
-0.00133516
-0.000215778
0.00261039
-0.00328139
0.00300583
-0.000777163
0.00405589
0.0183332
9.31274e-05
0.000583524
-0.00295211
7.12849e-05
0.000158518
-0.00158675
0.00121723
-0.0158186
0.00495286
0.00607759
-0.00355177
0.0022413
-0.00156654
-0.00560048
0.00458011
-0.00503178
-0.00037442
-0.00145369
0.000200025
0.0091832
-0.000465725
0.0103908
0.00222421
0.00262416
0.00254879
0.0062057
0.00323617
0.0010723
-0.00154087
-0.000389661
0.000532756
0.000546969
-0.00916504
-0.00640047
-0.00244022
-0.000129901
0.000838575
-0.00205185
0.0134749
-0.00228087
-0.00331276
0.000237567
0.00376424
0.00162463
-0.00405252
-0.00110972
0.000511678
-0.00358233
-0.00619309
0.00263433
-0.00647183
-0.00248129
-0.000846704
-0.00323263
-0.00374166
-0.00344365
-0.00556489
-0.000152597
0.00313247
-0.0140096
0.0116204
-0.00337616
-0.0030498
0.00695644
0.000253907
-0.0017747
0.00677221
0.00693654
0.000811128
-0.0186316
0.00891136
0.00305474
-0.00340526
0.00224574
-0.00156477
0.00245382
0.00230467
-0.0062865
-0.00288501
-0.00891684
-0.00151845
0.0050376
0.00284095
-0.00874593
-0.0166392
0.00061583
0.00209568
0.00112909
0.00397192
-0.00319348
-0.00432776
0.000963706
-0.00220383
-0.00151262
0.00478558
0.00324344
0.0122494
-0.00356519
-0.00580643
-0.00127461
-0.00343242
-0.00278958
-0.00825242
-0.039656
-0.0189887
-0.00245241
0.00571454
0.0060565
-0.00075614
0.00265649
0.00338666
-0.00435338
-0.000590426
0.00425138
0.00133527
0.015424
-0.0327198
0.00660243
0.00648622
-0.00915522
0.0056253
0.00403903
-0.00389091
0.00167568
0.00321575
-0.00492184
-0.00111094
-0.0254069
0.00370087
-0.00152735
0.0176035
0.00596501
-0.00186581
-0.00222574
-0.00238048
-0.0295365
0.00865649
0.00813318
-0.00369767
-0.00398429
-0.00545787
-0.0015169
0.0030021
0.0632968
-0.0244237
-0.000553629
-0.00127913
-0.00135336
0.00395083
-0.00372134
0.017862
0.0205891
-0.00901798
0.004415
0.00220633
-0.00563245
0.00438457
0.0273654
0.0416041
0.00203881
-0.0197384
-0.0169829
0.0137963
-0.000455297
-0.00982176
-0.0109748
0.00140554
-0.00212912
0.00401912
0.00906386
-0.0100781
0.00612164
0.0019748
0.00968367
-0.0062905
0.0129922
-0.00490032
-0.00679193
0.0151507
-0.0336338
0.00558503
-0.0225234
-0.00232268
-0.0107655
0.00478437
0.00196776
0.00543528
0.00182567
0.020092
-0.0158382
-0.00496779
0.00589189
0.00703955
0.000259878
0.00403484
-0.000357954
-0.00396879
0.0096245
0.0467461
0.0238582
-0.00376888
0.00332489
0.00142302
-8.46287e-05
-0.00579736
-0.000568076
0.00145802
-0.00618771
0.00585449
-0.00900107
0.000415729
0.00311631
0.00148089
-0.00680896
0.012411
-0.0538151
-0.028905
0.0121741
0.0101978
0.0240914
-0.0376515
-0.0173228
-0.00569143
0.0104136
0.00564404
-0.0436292
-0.00204166
-0.00428918
0.00274485
0.00349699
-0.0205384
0.00137582
-0.0152893
0.00126012
-0.0144293
0.0330574
0.0057611
-0.000308216
-0.00370073
0.00376708
-0.0101111
-0.00391953
0.0286135
-0.0429661
0.00865307
-0.00556823
-0.00294737
-0.00737809
0.00143842
0.00223101
-0.00647792
-0.00362792
-0.00536424
-0.0109786
0.00575159
0.00533708
-0.00825842
-0.00663224
0.0110399
-0.0013593
-0.0170033
-0.0160358
-0.000370348
0.00389733
0.0162524
-0.0689272
0.0154109
-0.00550776
0.0251361
0.0129162
-0.000275969
0.000975261
0.00167226
-0.00210994
0.0152122
0.00505539
-0.0622462
0.00928439
0.0190093
-0.00774945
0.00781834
-0.00333456
0.00379212
-0.00337605
0.00605192
-0.0163664
0.00864533
-0.00172002
-0.00620289
0.000961972
0.00337014
0.00806526
-0.0142166
0.00570197
0.0113516
-0.00776924
-0.0255909
-0.0104644
0.0846583
0.0530277
-0.00162611
0.00127958
0.00811298
0.00599447
-0.00073636
-0.00594177
0.0154881
0.0138425
0.000563602
-0.00585894
0.0997338
0.00580246
4.30024e-05
0.00539776
-0.001438
-0.00568587
-0.0107407
-0.00629993
-0.00113508
0.0183193
0.000816617
0.0254703
-0.0509834
-0.0111399
0.00350257
-0.0097412
0.0183201
0.0227029
-0.0613214
0.0116983
-0.0056334
0.00913866
0.0294236
-0.019394
-0.00482913
-0.0073541
0.0124114
-0.0145419
-0.0114636
-0.0117232
-0.0318004
-0.0555825
-0.0460173
0.0415758
0.00741498
-0.012031
-0.0261857
-0.0334323
0.0129347
-0.00112187
-0.00243124
0.000110491
0.0052626
0.0232397
0.00592948
0.0236658
-0.0515414
-0.0385867
-0.0133136
0.0108192
0.00144524
-0.0149061
0.0111167
-0.00972557
0.00686822
0.00591766
0.00686479
0.00110304
-0.00076122
-0.0124699
-0.0747401
-0.0881253
0.0254446
0.0201039
0.00893695
-0.0146446
0.00845061
-0.00557094
-0.00793627
-0.0117148
0.0056108
0.00517942
0.00582376
-0.000958816
0.00431578
-0.00709506
-0.0161475
-0.0448066
-0.00240883
-0.0188072
0.0322029
-0.012378
-0.00534288
-0.00545466
0.00108327
0.0149565
-0.0098388
-0.00477954
0.00342694
-0.0114637
-0.370409
-0.0245073
0.0932254
-0.0915759
-0.0130621
-0.0041228
-0.000869267
-0.000709021
-0.00280045
0.000296411
0.0131062
-0.000751725
-0.00303007
-0.00354386
0.00142971
-0.0032941
-0.0039082
0.000280581
0.00330238
-0.00556736
0.000704142
0.00673566
0.00324496
-0.00364659
0.00269821
-0.00575348
0.0289771
0.122741
-0.172831
0.130882
-0.00114309
0.00283657
-0.00536763
0.0011239
0.00302784
-0.00444846
-0.00727546
0.00066874
-0.0277803
0.0064262
-0.0206976
0.0418054
0.0256377
0.011207
0.0375392
-0.0141552
0.016507
-0.0144499
-0.0351959
-0.018311
-0.0269742
-0.00908065
-0.00613362
0.0230861
-0.0120425
-0.0024238
-0.0103038
-0.0241018
0.117378
0.0841552
0.00426084
-0.0319049
-0.0127219
0.0182906
0.0260709
0.0232569
0.011618
0.016823
-0.0195179
-0.00638521
-0.0141798
0.0164228
0.00901098
0.0284586
0.0228995
-0.0109666
0.00333933
-0.00072478
-0.00459524
-0.00480564
-0.024829
0.0100937
0.00853208
-0.0104884
-0.0175182
0.0171382
0.04486
-0.0243038
0.0311699
-0.00781058
0.0238084
0.0168963
-0.00618571
0.0149769
-0.019952
0.0079187
-0.0041584
-0.0030273
0.0303314
-0.00364944
0.0013165
0.0418452
-0.0594137
0.0310057
-0.00923522
0.0145156
-0.000240914
0.00991705
-0.00425847
-0.0114323
-0.00409432
0.00440575
-0.00748537
0.00801031
-0.00382322
0.0139004
0.0136364
0.0303501
0.0276439
0.0637125
0.0995752
0.183409
0.126933
0.0515674
-0.0339709
-0.0372689
0.0347132
-0.0163997
0.0160355
-0.00887241
0.00885845
-0.00519121
0.00194873
0.0221606
0.00875919
-0.00503114
0.0195162
-0.0333446
-0.0461321
0.0542418
0.00884329
-0.143941
-0.0252238
-0.00488883
-0.072281
0.0253284
-0.0232919
-0.000862222
0.0103838
-0.00225402
-0.0468786
0.0424934
0.0207939
-0.0313369
-0.00115021
-0.000329445
-0.0195702
-0.0192259
-0.0188137
-0.00599745
-0.00169777
0.0654621
-0.164211
-0.0852845
0.0223717
0.0581524
-0.0359512
0.0422184
-0.0335344
-0.038806
0.0226968
0.00771172
-0.0108261
-0.00595537
0.0158117
0.00270886
0.0121582
0.0180931
-0.00605581
0.0246223
-0.0967996
0.0461711
0.199417
0.112299
0.0578836
-0.0300641
0.0307551
-0.017207
-0.0162611
0.0311064
0.0391732
0.0304386
0.00945114
0.00262464
-0.0272412
-0.0102705
-0.0129673
-0.0224703
-0.0233279
-0.0185566
-0.028685
0.0742567
-0.150428
0.0389833
0.090599
0.0213212
0.0220249
0.101612
0.0762792
0.0776357
-0.0610742
-0.00475029
0.0109497
0.00659341
0.0158089
-0.00377329
0.00783562
0.0129026
0.0183744
0.0270579
-0.00362697
0.0467139
-0.0987284
0.567549
-0.390675
0.0826181
0.0627939
0.214019
-0.0596334
-0.0254104
0.00193602
-0.0167474
-0.0237736
0.0239787
-0.00923345
-0.0113116
0.00762537
0.0153786
0.0115683
0.0115373
0.0415473
-0.0502555
0.0181354
0.00272692
-0.0150804
-0.0533501
0.0237105
-0.0197614
-0.0284951
0.0292455
-0.0201682
0.00451219
0.00488697
-0.0119231
-0.0533407
0.0622169
0.0190198
0.025613
0.0146063
-0.195798
-0.144562
-0.0492168
0.398434
-0.587241
0.144135
-0.0688693
0.020721
-0.020104
-0.0400146
0.0096062
-0.0104527
0.019948
-0.00822242
-0.00182184
-0.00399506
-0.00115658
0.0968825
-0.0604262
-0.0853914
-0.100318
-0.0404428
-0.0179367
-0.084891
-0.011453
0.131103
-0.076406
0.0106445
0.0116458
0.0337297
0.020253
0.015964
0.0282078
0.0235493
-0.058617
-0.0213341
-0.0530041
-0.0364321
-0.0221929
0.0290929
0.00874772
-0.0758461
0.0134449
-0.0673694
-0.120151
-0.18945
-0.0232286
0.0922044
-0.0173527
0.000630301
-0.0183263
-0.0210039
-0.00190087
-0.00327688
0.0031185
-0.00596005
-0.00743669
-0.0170723
0.0391426
0.0354939
-0.0435507
0.0512831
-0.0762114
-0.0258985
0.0675582
0.162599
-0.0697072
0.0130724
0.0118169
-0.0116097
0.0240865
0.0317297
0.00802769
0.000752014
0.0031139
-0.00512964
-0.0335654
0.0392694
0.00251996
-0.0233151
0.00905064
-0.00399726
-0.0282192
0.109932
0.0464238
0.0100098
0.146322
-0.00107631
-0.0434441
0.0415007
0.0060071
-0.0137367
0.00626589
-0.0146674
-0.0234829
-0.018274
0.0115056
-0.0104846
0.021184
-0.0238799
-0.0203056
-0.0697927
0.0222884
0.0148358
-0.0596594
-0.129852
-0.188892
-0.103558
-0.0598386
-0.0361753
-0.0399999
-0.0129689
0.00291856
-0.00928835
-0.0139089
0.0330648
0.000281331
-0.00213483
-0.00286663
0.00996284
-0.00571036
-0.0116836
-0.00461929
-0.0159742
-0.0101153
-0.0110617
-0.026065
-0.0146586
0.00871169
-0.0310386
0.0155855
-0.010399
-0.0195203
0.00764772
0.000901593
-0.0149597
0.00234658
-0.0191048
-0.000867795
-0.0212311
0.0154692
-0.0463307
-0.0126617
0.00463924
0.00173979
-0.0222785
0.0257878
-0.0198477
0.0406954
-0.0234955
-0.01669
0.0298155
-0.0100535
-0.0523375
-0.000794285
0.0253943
-0.0416644
0.0139908
-0.00723345
0.0150599
0.000610566
-0.0289125
-0.0416546
-0.0216135
0.0288279
0.0423936
0.0139504
0.0115684
-0.0168638
-0.0311067
0.0175337
0.0107757
-0.0346584
-0.00886371
-0.0301937
-0.00549326
-0.00217032
0.0177383
0.00441786
0.00426582
-0.00129559
-0.00975724
-0.0192938
0.0185176
-0.0174398
0.00152987
0.0305829
0.0203127
0.0374569
-0.0234956
-0.0462581
-0.0363329
-0.0391799
0.0626789
0.0724339
-0.0140485
-0.0477085
-0.00177924
0.117863
0.0241177
-0.0797583
-0.0148978
0.0240098
-0.0176903
-0.053759
-0.0552766
-0.0537074
-0.0757712
-0.0978819
-0.130071
-0.0925132
-0.024077
0.0262797
0.0707255
0.126551
0.0736418
0.0467872
-0.0473194
-0.0771973
-0.0533926
-0.00644795
0.0255195
0.102448
0.0850463
0.00372286
-0.0666815
-0.0418467
0.00739174
0.0602697
0.0508824
0.0635274
0.0863118
0.021076
-0.0156081
0.00193453
-0.0116936
-0.0390558
-0.0370842
0.01595
0.017484
0.038755
0.0684487
0.0437912
0.0358187
0.0299673
0.00385845
0.0174272
0.0351238
-0.0453516
-0.019343
-0.0625279
-0.0114214
0.0280413
-0.0163158
-0.00478626
0.0497113
0.0431783
0.00781241
-0.092996
-0.124462
-0.0835111
-0.0779324
-0.054547
0.00105525
0.0297716
0.0331339
0.0946015
0.0490599
0.0495467
0.0559924
0.0364787
0.0378491
-0.0273352
-0.0380943
0.0456022
0.107523
0.0381124
0.0078526
-0.0343233
-0.0749751
0.0653939
-0.100458
0.1182
-0.0266741
0.0686584
-0.00582527
-0.0302691
0.0163324
0.0067456
-0.0216951
0.0237887
0.015599
-0.029645
0.00627994
0.0504888
-0.0266519
-0.035839
0.0081045
-0.00934525
0.01629
0.0129222
-0.0329644
0.0181328
-0.0601402
-0.0131224
0.0650281
-0.0646112
-0.0370978
0.124466
-0.103891
0.102251
0.182869
-0.482098
0.70074
-0.791589
0.545122
-0.0954166
-0.261615
0.183916
0.0704139
-0.100567
-0.0769394
0.00180307
0.131218
0.0548025
0.0110761
-0.0566899
-0.078859
-0.106016
-0.0182336
-0.058341
-0.0491793
-0.0968932
0.0132922
-0.0892922
0.00672787
-0.0508551
-0.0247769
0.06912
-0.0720334
0.132618
-0.130507
0.000342067
0.0348295
-0.214761
0.385798
-0.400701
0.181795
0.0335201
0.0864057
-0.422754
0.384548
0.131836
-0.261331
-0.133978
0.136613
0.252802
0.178494
0.0892847
-0.0830496
-0.156381
-0.147024
-0.189209
-0.145337
-0.11477
-0.123443
-0.0052172
0.0302622
0.0865909
0.0674181
0.10002
-0.0100265
-0.086646
-0.0265886
0.0808952
0.0392105
-0.06093
0.0759249
-0.0204165
-0.0141212
0.204585
-0.557169
0.632886
-0.302017
0.366461
-0.0666497
-0.321321
-0.144902
0.113089
0.198186
0.155835
0.165391
0.128785
0.116747
0.113809
0.0802812
0.0826839
0.0385868
0.0221542
0.00306547
-0.165852
-0.104092
0.0512985
0.0614041
-0.0509281
-0.0493841
0.00997939
0.00628543
-0.0598238
0.0348721
0.00994961
-0.161634
0.34781
-0.414026
-0.188855
0.899436
-0.849614
0.125388
0.181075
-0.2084
-0.211369
-0.0797092
0.0686279
0.112682
0.0815933
0.0958706
0.0309325
0.00039119
-0.111057
-0.162136
-0.0810632
0.0397811
-0.0476629
-0.0432671
-0.076164
0.0989839
-0.0767955
0.0431016
0.0802497
0.0597928
0.0635919
0.0817952
0.0828871
0.0695795
0.0859861
0.135749
0.0912996
-0.192336
-0.513382
0.548099
1.19129
-0.152255
-0.421071
-0.253866
-0.0635318
0.0856521
0.0738787
0.075078
-0.188219
-0.388177
-0.0436812
0.362068
-0.24205
0.208111
-0.029716
-0.0270725
0.0498006
0.0271112
0.0495697
-0.0211648
-0.0265077
0.00572389
0.0649063
-0.0410895
-0.0379046
-0.0247079
-0.0838641
-0.0660576
-0.123477
0.000611561
-0.13621
-0.0322636
0.0721943
0.865759
-2.43362
-1.332
-0.252347
-0.488408
-1.14127
-0.315262
0.847608
1.41872
0.251391
-0.10521
0.0451272
-0.0482926
0.0137063
0.0161615
-0.00921788
-0.0261278
-0.0111635
-0.00453909
-0.009633
-0.00640367
-0.00130442
0.00206205
0.0712914
0.0485018
-0.0400901
-0.0115261
-0.0053789
0.038095
-0.0207889
0.000728909
-0.0163837
9.42796e-05
-0.00437153
-0.00182965
-0.00269376
0.000706641
-0.0119871
-0.0141512
0.00572902
0.00190517
0.0455962
0.00694743
-0.0374214
0.0692205
-0.0376627
0.0305991
-0.00490889
-0.0176289
0.0127469
0.00240933
0.00958244
-0.0184773
-0.0230336
0.0215259
0.00168994
-0.0343912
0.0595758
0.041248
0.00172352
0.471578
0.87359
0.744377
0.146437
-1.11366
-1.39245
-1.5909
-1.58625
3.54395
-0.965526
-0.143176
0.148257
0.092855
0.106627
-0.0518426
0.0828612
0.0973761
0.0429468
-0.0134978
0.00573844
0.00548295
-0.0200586
-0.0206304
-0.0224068
0.0331527
-0.104628
0.0571907
-0.041189
-0.181253
0.145622
-0.357167
0.315734
0.133828
-0.277159
-0.27681
0.00241449
0.0693531
0.145111
0.12605
0.123109
0.11939
0.111269
-1.54506
0.0832446
0.458736
0.0657782
-0.135163
-0.120602
-0.0642962
-0.0813585
-0.10629
-0.12403
-0.0526634
0.00220219
0.0312289
0.0190664
-0.11754
0.116937
-0.00310213
0.00929626
0.032105
0.160514
0.0514171
-0.00523084
-0.0625687
-0.0915252
-0.078148
-0.0445054
-0.0412536
-0.116312
-0.165231
-0.169656
-0.101392
0.179293
0.374744
-0.383632
0.833221
-1.15719
0.721707
-0.070638
-0.229953
0.139851
-0.0484899
0.0404686
-0.00893471
-0.0249817
0.0334543
0.0143198
-0.0723736
0.0651455
0.136801
-0.0182112
-0.0702247
-0.0394177
0.0112288
0.0885546
0.115527
0.189589
0.210613
0.177598
0.225071
0.145669
0.0951246
-0.017433
-0.0918209
-0.138789
0.0694949
0.353149
-0.286647
-0.228418
0.117801
0.267261
-0.226405
0.11365
-0.00135667
0.0778757
-0.023132
-0.0610963
0.090611
0.028379
-0.0481041
-0.077352
-0.0392023
0.0509561
0.096666
0.0996245
0.0670263
0.0317822
-0.024215
-0.0319199
0.0166793
0.028437
0.053466
0.172354
0.226226
0.208423
-0.0185956
-0.186083
-0.224105
0.0769906
0.393925
-0.239805
-0.131298
0.525561
-0.563592
0.250775
0.0518411
-0.31022
0.336329
-0.159877
-0.0136189
-0.0192924
-0.0857507
0.0901352
-0.0128309
0.0325315
0.0583707
-0.0397265
-0.00846781
-0.0668016
-0.0501366
-0.0939014
0.0069694
-0.0777699
-0.00597609
-0.0298153
0.0793309
0.103636
0.0760309
-0.0122052
-0.151797
-0.0770146
0.101595
0.175094
-0.163068
-0.213059
0.53363
-0.630963
0.493525
-0.216968
-0.103377
0.241954
-0.203654
0.122678
-0.00278102
-0.0880433
0.0568796
0.0368458
-0.0539583
0.0435942
0.00584438
-0.0221356
0.0325545
-0.00657412
-0.0035107
-0.000892175
-0.00874418
0.0263646
0.00345529
-0.037533
0.00533416
0.00809389
-0.021272
-0.000943423
0.0051373
-0.0127525
-0.0128603
-0.0127432
-0.0348149
0.0934799
-0.0907101
0.0548688
-0.0903454
0.0480444
0.00153169
0.0445287
0.0683701
0.0245437
-0.0768003
-0.0519603
0.0247401
0.0289714
0.0212276
0.0250528
-0.00476475
0.0161418
0.00543324
-0.015394
-0.0453211
-0.0736163
-0.10878
-0.0644844
-0.0456412
-0.0187873
0.056578
0.0912672
0.066639
-0.0302137
-0.0889628
-0.0285837
0.00189611
-0.0212712
0.020967
0.0265793
-0.0146689
0.00150583
0.0193848
0.00685009
0.0306532
0.0315659
0.0209087
0.0176303
0.0176376
0.0134981
0.0102785
0.0530633
0.0487114
0.078024
0.107396
0.103887
0.135451
0.14516
0.0648138
2.0086e-05
0.00375885
0.0140827
-0.0239125
0.0499736
-0.0550221
0.00457461
-0.00170965
0.0610657
0.0871925
-0.0324882
-0.108495
-0.0587787
-0.0790924
-0.00874572
0.0770013
0.0894223
0.0838845
0.0321397
-0.0573506
-0.108372
-0.041211
-0.0708029
-0.0657201
-0.0213476
-0.00928867
-0.00590453
0.0504816
0.0828369
-0.0259031
0.00422415
0.0541715
0.0113074
-0.098143
-0.162353
0.0780377
0.0784946
0.0222343
-0.034677
-0.0609323
-0.0579657
0.0384455
0.00772189
-0.00742282
0.0274987
0.0127608
0.00189443
0.031782
-0.0159412
-0.0167794
-0.0468371
-0.0213171
-0.0160915
-0.0112244
-0.0287077
0.00742011
0.00397371
0.000580031
0.00325308
0.0242069
0.0270679
0.0158835
-0.0182353
0.0310493
-0.00258735
0.0139816
-0.00430447
-0.0237403
-0.0292713
0.0302785
0.00930252
-0.0205918
-0.00290075
0.0157283
0.00624268
0.00988918
-0.0358899
0.00990752
-0.253588
-0.133029
0.00163001
0.138298
-0.0284413
0.000859804
-0.0121314
-0.00766235
-0.00950144
-0.00626126
-0.000405072
-0.00465035
-0.00285996
-0.00435517
-0.00835974
0.00606791
-0.00283849
0.00485813
0.00121195
0.0161408
-0.00660937
-0.00432311
-0.0139202
0.00257422
0.0162947
-0.0282153
-0.0894897
-0.123738
0.0469041
-0.083939
0.00694878
-0.00110593
0.0137676
-0.0118139
-0.00657941
0.007333
-0.00972787
-0.0106754
0.01556
0.0261852
0.0362033
-0.0215331
-0.00317151
-0.0552715
0.0508732
-0.0153836
-0.00296939
-0.00501683
-0.00121325
-0.00832982
0.00924403
0.00805074
-0.00143751
0.00396038
-0.00233631
0.0163545
0.0367418
0.0215484
-0.0101053
0.0258317
0.00692884
-0.00500061
0.00798478
0.00262505
-0.0316912
0.00530241
0.00487745
-0.0192891
-0.0142635
0.0126247
0.0378858
-0.00107847
-0.0350258
-0.0376076
-0.00895063
-0.0149313
-0.00490857
9.64774e-05
-0.000221713
-0.0280771
0.0142871
-0.0127949
-0.0221299
-0.0179171
-0.00868553
-0.0485695
0.038054
-0.0647083
-0.0338147
-0.0119309
-0.00384643
-0.0186355
-0.0206672
-0.0179822
0.0128955
0.00575418
-0.0139352
-0.0064312
0.00481161
0.00721841
0.0135503
-0.0935094
-0.0415654
0.0329371
-0.00788487
0.0109852
-0.0122659
-0.00218579
-0.0374806
-0.184061
-0.0371588
0.0450685
-0.0114964
0.00747035
0.00333013
-0.00239537
-0.0127038
-0.0305825
-0.0140909
0.0178044
0.0159375
-0.013
-0.0123377
-0.0150264
0.0080144
-0.000158378
-0.00269855
0.0493582
-0.00473051
0.0184111
-0.018963
-0.0332114
-0.000488175
0.017069
0.0108813
0.0117229
0.0152766
-0.00307294
-0.0115468
-0.017296
-0.010931
-0.0355584
0.04625
-0.022454
-0.0217811
0.0551312
-0.00981814
0.00750666
-0.00583059
0.00530725
-0.0295217
-0.00435955
0.0358204
0.0148719
0.0531651
-0.0552132
-0.0206897
-0.00660684
-0.00330356
-0.0176778
-0.0533319
-0.0286387
0.00337303
0.0210009
-0.0580723
-0.0105235
0.00686037
0.0123645
-0.0193375
0.0382446
0.0194775
0.000837334
0.0422954
-0.0762163
0.0138405
-0.0262415
0.0169976
-0.0102966
-0.0083813
0.00629607
-0.00669654
-0.00650649
0.0082356
-0.0419476
0.0108934
-0.0226493
-0.0286004
0.00995806
0.0118742
-0.0135262
-0.00824667
-0.0109946
-0.00488764
-0.00524607
-0.00314354
0.00393288
-0.00766153
0.00381904
-0.0102916
-0.00467513
0.0223006
-0.0112579
0.00292252
0.00467185
-0.019473
0.00809588
-0.000840871
0.0263183
-0.0183745
0.00291957
-0.00423283
-0.00617883
0.00384166
-0.00233055
0.00438628
0.00399251
-0.0232411
-0.0108104
-0.0150349
-0.00220218
0.00507167
-0.0143337
-0.00827225
0.00847434
0.00227389
0.00510327
-0.00248712
-0.00941156
0.00247744
0.00573428
-0.000688995
-0.0172331
0.00211516
-0.00552348
-0.0182558
0.00226971
0.000794796
-0.00165451
0.00828671
-0.00841751
-0.00146891
-0.0124888
0.00353182
-0.00905544
-0.0248499
-0.00495398
-0.00323009
0.00269864
-0.0111439
-0.00974002
-0.0073281
-0.014011
0.0101597
0.0106239
-0.00519093
-0.00697914
-0.0087398
0.00743041
0.0109819
-0.0206593
-0.0107528
0.00157858
-0.00402502
0.00212327
-0.012041
0.0186126
-0.00253271
-0.0149642
0.00680621
0.00452157
-0.00656049
-0.00293274
-0.010107
-0.00212005
-0.00548126
-0.00339952
-0.00705745
-0.00193972
-0.00399197
-0.00328149
-0.00163441
-0.00239579
-0.0018175
-0.00408845
-0.00344299
-0.000241093
-0.00287737
-0.00337499
-0.00406879
-0.00295684
-0.00156715
-0.00298466
-0.00243976
-0.00247236
-0.00264772
-0.00275802
-0.0027283
-0.00258001
-0.00266114
-0.00272013
-0.00270018
-0.00267824
-0.00265654
-0.00275083
-0.00302527
-0.00239402
-0.00267748
-0.0028522
-0.00322832
-0.00282656
-0.00288801
-0.0035551
-0.00356533
-0.00284136
-0.00235896
-0.00222447
-0.00150236
-0.00456976
-0.00385322
-0.00564836
-0.00427733
0.00355143
0.00220556
-0.00346238
-0.00487243
-0.000297462
-0.00225539
-0.00350232
-0.00311662
0.000235637
-0.00347102
0.00195629
-0.0025474
-0.00318723
-0.00321752
-0.00293997
-0.00439912
-0.000642454
-0.00490236
-0.00738484
0.00205038
-0.0023817
-0.00203916
-0.00115346
-0.00501484
0.000121703
-0.00453689
-0.00392041
-0.00600902
-0.000835166
-0.000353059
-0.000523662
-0.00355336
-0.00450054
-0.00407812
-0.0105904
-0.00426879
-0.00258272
-0.00189379
1.03244e-05
-0.00720755
-0.00486411
0.0105116
0.00921269
-0.0312794
-0.0384184
-0.0148929
0.0330897
0.0549293
0.0146529
-0.0187361
-0.0540109
-0.0701162
-0.0421613
0.0273867
0.0439849
0.0110314
-0.0676101
-0.0978955
0.0319508
0.0846457
0.0191224
0.127211
-0.0456398
-0.312488
-0.131929
-0.0459085
0.0534143
0.0151168
-0.169312
-0.131531
0.0951214
0.343557
0.322913
-0.221989
-0.448498
0.381138
0.651686
-0.104547
-0.70024
-0.354978
0.680844
0.0980635
-1.02735
-0.340678
1.07716
0.817415
-0.180352
-0.269772
0.456038
1.16489
0.150356
-0.127594
0.128639
0.0639571
0.177115
-0.60747
0.116739
0.325282
-0.633738
-0.344579
0.613004
0.122466
-0.928462
-0.691852
0.3166
0.643528
-0.376294
-0.0525794
0.518691
0.0725653
-0.103597
-0.261115
0.0834899
0.0726728
-0.299259
0.00375337
0.541867
-0.176079
-0.699079
0.106807
0.754228
0.0736384
-0.76577
0.433786
0.492821
-0.136712
-0.46304
-0.170622
0.272753
-0.359227
-0.076299
0.196499
-0.244946
-0.135357
0.330407
-0.463169
-0.56757
0.3202
0.151607
0.179176
0.254008
-0.285524
-0.402719
-0.406012
-0.0140289
0.984776
0.552616
-0.650946
-0.503059
-0.0151245
-0.460679
0.338956
1.16989
0.31268
-0.225548
-0.782199
-0.321856
0.29136
0.405861
0.288583
0.137533
-0.497246
-0.301808
0.447997
0.368476
0.372874
0.228379
-0.435839
-0.0913436
0.00233096
-0.169658
0.236804
-0.333642
-0.491694
0.311099
0.325219
0.0119556
-0.674475
-0.266519
0.932234
0.142138
-0.258519
0.0333004
0.12464
0.185139
-0.346775
-0.51911
0.138246
0.128227
-0.0447879
-0.105678
-0.630414
0.205716
-0.112002
-0.236743
0.20311
-0.0822462
0.161586
-0.00618667
-0.377882
0.205403
0.0455534
-0.530606
0.70099
0.365846
-0.385532
0.137075
0.0496165
0.011932
-0.464336
0.254719
0.152061
-0.130812
-0.066785
-0.0726268
0.275473
-0.448989
-0.475901
0.238936
0.427653
-0.136403
-0.353936
-0.0321323
0.379946
-0.140478
-0.650014
0.38828
0.0544947
-0.546609
0.70141
0.304004
-0.869389
-0.0392024
0.197838
0.422944
-0.244241
-0.130598
0.354544
-0.198746
0.184927
-0.0610518
-0.17983
-0.212599
0.28463
0.289839
-0.328908
0.166378
0.0135098
-0.232615
-0.0750706
-0.188604
0.316381
0.730785
0.274028
-1.3346
-0.816434
0.686717
0.998771
0.829258
-0.513036
-0.585671
0.101806
-0.140153
0.38254
0.224389
-0.428919
-0.00416611
-0.34174
-0.227908
0.691726
0.173581
-0.482653
-0.382394
0.0627203
0.612022
-0.0312648
-0.617743
-0.118795
0.161805
-0.161987
0.0561016
-0.251742
-0.216006
0.407755
-0.265525
-0.400515
0.1028
0.218434
0.0636662
-0.217538
0.143245
-0.198514
-0.508805
0.489939
0.24911
0.0128937
0.0197409
-0.243079
-0.483266
0.568275
-0.0423662
-0.283756
0.340287
-0.313246
0.186523
0.0774887
-0.178387
-0.290111
-0.216983
-0.051907
0.174754
0.450007
-0.501982
-0.542884
0.192765
0.590517
-0.49099
-0.125613
0.00627748
0.591044
0.524624
-0.970466
0.49554
0.191867
-0.641555
0.138301
0.262084
-0.102787
0.503978
0.829063
-1.58132
-0.380051
1.07768
0.665807
0.00867408
-1.1064
-0.0473615
0.747111
0.226918
-0.327071
-0.505472
0.275559
0.566059
0.277787
-1.29208
-0.405916
1.10609
0.800282
-0.333706
-1.1815
0.557583
0.911054
0.263553
-1.03892
-1.52254
0.445507
1.10888
1.31333
-0.18972
0.589517
-1.80889
-1.31341
1.61858
1.33345
-0.593903
-1.8975
0.061705
0.237213
1.23357
1.23672
-1.97199
-2.25093
1.95189
2.38822
-1.33478
-0.7619
-0.69093
0.17475
0.734046
-0.196144
-0.461262
0.53575
0.789374
-2.17598
-0.35069
2.08222
1.46624
-1.67416
-1.24953
1.17559
0.415233
0.200314
-1.1267
-0.202052
1.09828
0.258755
-0.766733
-0.900547
1.25206
-0.950014
0.315462
0.455802
-0.926696
-0.245266
0.573105
-0.0945818
-0.403472
0.335172
0.0918231
0.379962
-0.764684
-1.11784
2.24038
0.645581
-0.961589
-2.56638
0.746887
2.26592
-0.540148
0.179362
0.0340128
-0.741563
-2.35608
1.63621
2.06705
0.391043
-0.214559
-0.675799
-1.95392
-1.55169
3.10119
0.935679
0.313568
-1.75207
-0.633691
-0.274999
-0.879527
2.05711
1.36352
0.297082
-1.33724
-0.682758
-1.80429
-0.953327
2.59842
1.41929
1.36913
-0.555403
-0.956211
-1.55306
-1.41965
-0.0691824
0.613599
2.35143
0.784457
0.573019
-1.79836
-0.903143
0.222885
-0.315208
0.467337
0.0517338
-0.359323
-0.773591
1.07924
-0.245242
0.102069
0.171455
-0.287711
0.0577843
-0.361114
0.748438
-0.578023
-0.348964
0.409483
-0.439621
0.284104
1.17878
-1.95959
-0.242003
1.15499
-0.758902
1.02349
0.195047
-0.184295
0.670414
-1.33221
0.395023
-0.27925
-0.55238
1.03071
-0.988746
0.881375
0.101186
-0.405515
-0.204152
-0.159258
0.187982
-0.279807
-0.824147
0.637598
-0.249777
-0.0568749
-0.13871
0.0812607
-0.0868554
-0.260054
0.390413
0.687933
-0.0436717
-0.298461
0.304196
0.450476
-0.286553
-0.849602
0.553659
-0.537434
0.223208
-0.130614
0.547138
-0.0495463
-0.500078
0.802219
-0.360128
0.286172
-0.729603
0.175351
0.91012
-1.41872
1.9934
-1.41865
-0.208319
-0.0468821
-0.254226
-0.0613266
0.509605
-0.467498
0.38399
-0.0349773
-0.481244
0.602884
0.169992
-0.512525
-0.202424
-0.428475
0.320168
-0.447899
0.176084
0.523366
-0.778785
1.81094
-0.0305244
-2.21754
1.11049
-0.394058
-1.41724
0.913356
0.936348
0.0826374
0.719172
-0.486552
-0.333572
-0.525971
-0.0441852
0.448016
-1.0322
0.613867
0.255339
-0.664637
1.46751
-0.418303
-0.866017
1.42239
-0.563116
0.442819
0.484584
-0.908518
0.575121
-0.895088
-0.185707
0.594871
-0.689015
0.372759
-0.4661
0.155877
0.269661
-0.299391
0.363839
-0.0520281
0.025638
0.566451
-0.38625
0.314287
-0.0530951
0.419773
-0.344955
0.117186
0.713411
-1.12655
0.98121
-0.814974
-0.102894
0.524947
-0.828144
0.225337
-0.346626
0.0910391
-0.231111
0.201528
0.26563
-0.516274
0.426366
-0.119158
-0.250626
0.398024
-0.517986
0.220726
-0.190214
-0.313834
0.457918
-0.340352
0.00381932
0.626451
-0.586301
0.061694
0.181209
-0.15072
0.483589
-0.376242
-0.273333
0.655797
-0.292148
-0.434864
0.810609
0.193505
-0.617725
0.388682
-0.0428094
-0.027019
0.0622014
-0.0372489
0.387422
-0.556647
0.171501
0.392284
-0.316486
0.609323
-0.314543
-0.174465
0.654378
-0.286936
0.104565
-0.275287
-0.0373287
-0.3228
-0.063476
0.630991
0.0212224
0.0331248
0.796253
-0.797917
-0.65618
0.616519
-0.36231
0.268688
0.353978
-0.284987
0.0289835
-0.24336
0.257811
0.0784401
-0.493341
0.20315
-0.23962
0.2323
0.0596006
-0.129027
0.159437
-0.184742
0.0559913
0.0960455
-0.00309052
0.178231
-0.331779
0.681683
-0.46867
0.103595
0.129259
-0.640873
0.613857
-0.487088
-0.172238
0.111839
-0.232195
0.0165907
-0.0201499
-0.0126056
-0.172947
0.00930498
-0.20805
0.353617
0.115732
-0.779237
0.556639
-0.115913
-0.481592
0.572951
0.18625
-0.607966
0.64632
-0.316077
-0.0317251
0.391469
-0.248829
0.129432
0.322077
-0.437767
0.10257
0.204096
-0.248626
0.260836
-0.14256
0.0908296
0.0969885
-0.261955
0.213639
0.24173
-0.349467
-0.0295323
0.207216
-0.296541
0.145447
0.210333
-0.204419
0.144727
0.0264586
0.0562579
-0.310136
0.216414
0.159362
-0.354985
0.199235
-0.0251394
-0.301783
0.0964835
0.0461301
0.0405513
0.123296
-0.409954
0.428267
-0.342851
0.0660481
0.238722
-0.612884
0.520017
-0.218842
-0.282082
0.513513
-0.417569
0.201609
-0.223662
-0.433444
0.630252
-0.267566
0.432152
-0.296762
-0.0615419
0.083017
-0.198093
0.421053
-0.230605
-0.00100567
-0.311651
0.179801
0.226714
-0.36755
0.415101
-0.451744
0.141255
0.286012
-0.329567
0.287125
-0.130456
0.303894
-0.315129
0.333418
-0.0265468
-0.306643
0.352526
-0.406193
0.331291
-0.386141
0.352207
-0.411743
0.279736
-0.505675
0.359448
0.0569954
-0.262275
0.303796
-0.157117
0.0313543
0.0539514
-0.000343836
-0.0561575
0.262207
-0.379518
0.51068
-0.110314
-0.211417
0.190793
0.166696
0.215317
-0.611367
0.607361
-0.0680244
-0.0447275
-0.0463278
0.0873962
-0.176786
-0.0894971
0.0502266
0.423052
-0.0486701
-0.328039
0.405248
0.140441
-0.890904
0.650899
-0.312466
0.0472504
-0.0409658
0.473531
-0.992398
0.355949
0.27392
-0.20575
-0.316063
0.477164
-0.571306
-0.0559409
0.355554
-0.339027
0.131101
-0.115916
-0.0807709
-0.0634208
0.383432
-0.203621
-0.155771
0.794741
-0.735304
-0.208484
0.320156
0.328241
-0.197768
-0.32652
0.296762
-0.266008
0.158882
-0.417991
-0.366107
0.446282
0.938082
0.00450582
-0.90238
-0.382534
-1.08536
0.637415
1.31848
-0.445255
-1.42264
0.149514
0.942761
0.827473
-0.330887
-1.51074
0.604707
0.313734
0.320138
-1.02551
-0.015555
-0.169812
1.05474
-0.657216
-0.898927
0.781886
0.012807
0.990457
-0.973628
-0.0696382
0.575878
-0.000325415
-0.775102
0.924042
0.326654
-0.499415
0.00310136
-0.116896
0.66487
-0.673663
-0.162769
0.656995
-0.120173
-0.642435
0.421519
0.431595
-0.224287
-0.562548
0.299665
0.497859
-0.53142
-0.432707
1.29059
-0.706707
-0.416502
0.670872
-0.466273
1.38977
-1.99195
1.79694
-0.0397153
-1.34545
1.67182
-1.23536
0.574275
-0.0338665
-0.262317
-0.146683
-0.134032
0.678277
-0.0760724
-0.781902
0.864759
-0.0444793
-0.579022
0.920551
-0.784815
0.344282
-0.391271
0.20943
-0.0534603
-0.410467
0.913809
-0.76567
0.430808
0.108722
-0.164387
-0.254869
0.354385
0.497572
-0.896184
0.637163
1.39414e-05
-0.753502
0.699151
-0.458802
0.0629164
0.0662245
0.341104
-0.395913
0.414262
0.480503
-1.18509
1.18395
-1.26438
0.0671777
0.386785
0.313789
0.464426
0.103966
-1.2246
0.373434
0.896551
-0.564903
0.151625
-1.13902
0.496792
0.620732
0.553763
-1.89539
1.45231
-0.0591726
0.118201
0.51218
-1.53563
1.15539
1.41843
-1.34864
-0.584772
1.85287
-1.85213
2.38319
-2.69613
1.24791
1.51983
-3.03072
1.98842
-0.288698
-0.957536
1.72348
-2.33995
1.27386
1.80732
-5.47246
5.56087
-2.97978
-0.208996
2.10808
-3.51772
5.08985
-4.63935
0.942664
3.26582
-4.35739
2.62615
-0.947359
1.07713
-0.127595
-2.65797
5.3577
-5.36374
2.10088
0.278564
-1.02005
0.288618
-1.18412
3.37057
-5.21651
3.55947
0.530447
-3.30541
3.08718
-1.04228
0.212289
-0.294594
1.04598
-0.503116
-1.2585
2.3574
-1.54869
-1.3434
1.87441
-0.198626
-3.03058
2.29725
0.480667
-3.74082
3.40061
-0.268518
-3.68644
4.33005
-2.03881
-2.40722
5.92024
-5.03204
0.788773
4.11302
-5.26013
2.61293
1.18776
-4.27907
3.95121
-1.18386
-2.61443
4.55096
-3.49754
0.850596
4.02299
-5.82021
2.66179
-0.574007
-3.30861
5.94698
-3.07609
-2.1504
2.56671
-2.31398
2.13193
1.53886
-5.08295
3.46869
0.773466
-1.81654
1.57852
-2.76965
3.51027
0.228822
-3.87509
2.63921
-1.2677
0.754956
1.34063
-4.7686
3.91402
0.778972
-4.03803
2.68735
0.0495402
0.0869396
-1.12067
-0.0429632
2.91131
-3.18977
-0.325522
2.6433
-2.06362
0.531107
-0.756531
1.94699
0.102288
-2.66249
3.17445
-0.0245209
-2.50446
0.518463
3.34546
-3.20822
-3.01253
6.86797
-4.34676
-2.93644
6.23872
-1.96228
-3.76713
4.75471
0.703696
-5.6216
5.31333
-0.0516525
-4.88103
3.57253
0.680619
-3.91904
2.22666
1.8642
-3.95097
2.22142
1.4643
-2.76821
1.26139
0.209144
-0.753016
0.909339
-0.911325
0.350176
1.2927
-1.93935
1.29144
0.583642
-2.60566
1.01086
1.36057
-1.7381
0.474603
1.5951
-1.76303
0.11564
1.4513
-1.54077
-0.490869
0.360951
-0.347685
1.41806
1.05976
-0.889277
-0.236172
0.288675
-0.0269264
-1.71365
-0.27711
1.48182
-1.06294
1.39823
0.633116
-2.82999
1.23527
2.75777
-1.65606
-1.00551
0.360336
0.961825
0.0421524
-1.25092
0.326926
-1.38015
1.02023
1.6259
-4.04805
0.512234
2.98198
-1.19128
-2.27161
0.922259
2.98212
-2.98711
-2.05149
4.7174
-0.573308
-4.15966
2.40102
3.18209
-4.13044
-1.18983
4.99671
-2.68182
-1.69944
3.35356
-1.35138
-2.66866
3.42462
0.984107
-4.70305
2.53498
2.18819
-3.13044
0.0710956
2.52778
-2.47343
-1.42816
3.13652
-0.807699
-1.86444
1.16758
0.802795
-1.94944
0.295486
1.08586
-0.895762
1.15358
-0.473395
-1.96519
2.12841
0.942316
-2.24098
0.522543
1.09906
-1.59803
0.697836
1.63495
-1.73764
-1.2287
1.47491
1.49261
-1.52525
-1.72808
1.71381
2.93037
-3.07667
-2.67128
5.457
0.469824
-5.0541
1.60488
2.85624
-1.99938
-0.805823
2.67698
-0.285361
-2.97442
0.513694
1.37883
-0.811033
2.49762
3.46857
-2.73159
-4.23219
-2.87769
-1.15855
2.98837
4.72485
2.03125
-3.6659
-4.53045
2.1543
4.64473
-0.82629
-3.5095
-1.29421
1.22779
-0.129029
-0.571673
0.186642
-1.29744
-0.447538
1.45326
0.714453
-0.510676
-0.990524
1.18417
0.70063
-0.411148
-0.256134
0.175371
0.851716
-0.673603
-0.281955
-0.363636
0.598323
0.456649
-1.18291
-0.401129
0.393574
1.58635
-0.941026
-1.59883
0.0275628
1.30497
0.448629
-1.43968
-0.491116
1.11694
0.527574
-1.75718
-0.464283
1.49955
0.552967
-1.37765
-0.279484
0.51188
0.607992
0.280796
-0.151623
-0.244387
-0.707276
0.591622
1.30672
0.413316
-1.07909
-0.971279
0.804758
1.53212
0.46323
-1.61103
-0.914554
2.10766
1.87683
-1.46867
-2.40793
0.795507
3.20624
-0.210197
-2.79804
-0.787922
3.09297
2.80764
-2.73424
-4.10688
1.94193
5.26582
-0.131828
-6.87267
-2.54505
5.88949
4.80637
-2.22379
-9.28637
-4.63009
13.0349
11.5211
-8.2823
-20.7747
-4.84755
23.5438
21.089
-10.0211
-32.8959
-17.7127
23.2797
36.5865
5.08237
-29.3081
-25.2207
9.45407
25.0156
4.28968
-19.2981
-9.78991
12.3761
11.0866
-7.5275
-9.10486
6.27442
9.01919
-3.35293
-6.55352
3.24314
4.43607
-3.15443
-3.67696
4.4685
1.22489
-6.86635
-0.631127
7.28398
-0.205631
-5.93404
0.643665
3.54442
-2.39181
-1.28922
4.70761
-1.05756
-3.62048
3.34192
2.63222
-3.55561
-1.35199
3.43792
-2.73308
0.218266
4.97756
-1.91494
-3.29801
1.01463
0.296525
0.611113
2.89657
-1.40072
-3.90816
2.24334
0.465248
-2.26583
4.05911
1.86807
-3.13743
-0.674837
-1.30985
-0.547836
3.87156
0.855213
-2.04303
-0.458204
-3.2046
1.737
2.32183
-2.76297
1.52795
1.23541
-1.35776
-0.476884
-3.27983
-1.43087
4.14673
3.28261
1.26956
-4.09524
-6.29899
-1.00509
-0.771925
5.80513
5.35778
-0.579967
-0.442442
-8.71508
-7.12271
-1.91947
3.38555
15.066
9.62431
-0.899288
-14.4205
-18.269
-8.7764
2.58342
19.0391
22.1
11.9125
-8.63806
-27.0361
-26.0998
-1.89237
27.616
24.9865
-3.71334
-24.6524
-5.98802
19.7381
14.5088
-10.533
-18.1023
6.01738
17.8922
-6.06561
-18.9397
3.77389
11.8967
-4.789
-10.3129
6.47068
10.1112
-8.72451
-5.94797
11.2715
-0.0921717
-12.0562
6.83199
10.0287
-8.24789
-2.01078
11.1175
-3.99754
-9.159
8.31851
3.96872
-10.147
2.75106
7.21715
-8.48305
1.29534
6.9292
-8.31455
0.680125
8.15356
-6.85726
-1.40136
6.73705
-7.00889
-1.20341
5.37736
-8.35042
1.60945
5.52843
-6.42253
3.20083
0.0341924
-5.85763
4.41286
-1.44961
-4.28377
4.11442
-4.07506
-1.79064
2.4267
-3.22865
2.84001
-1.70349
-4.75098
3.02164
-3.49999
0.590252
-1.17362
-4.06403
3.6343
-5.72117
1.9077
1.15885
-3.55695
4.50654
-3.79412
1.53492
-2.73925
-1.63785
-1.12567
-0.994543
2.89927
1.24617
3.72104
-3.62823
-1.81498
-0.0701713
0.996873
5.31568
5.40771
0.79966
-6.31154
-10.5303
-9.56466
-1.32245
12.5667
25.8325
26.4849
4.89288
-29.6887
-34.6412
-10.5035
13.9605
11.4084
-13.2367
-16.5616
5.9283
16.6122
2.87363
-7.55254
3.32943
14.9169
4.9997
-6.22759
6.70845
15.7645
-5.04773
-4.77281
11.182
-0.666315
-9.45999
3.9415
4.62841
-7.74982
-1.7664
6.90758
-7.69935
-6.10735
10.7579
-6.1809
-7.23468
8.19141
-5.63499
-4.76872
9.74298
-5.4331
-4.42048
8.75013
-3.64633
-1.57529
5.44025
-4.08483
3.52826
4.32101
-3.4624
3.05628
0.644953
-1.37173
7.58184
-1.78252
-0.238579
4.97226
-3.09061
7.71468
-1.32792
-0.856015
4.72439
-3.35278
6.54604
-2.41375
1.63516
3.0183
-2.91323
5.14979
-2.85698
2.32483
0.504611
0.758325
2.51489
-1.73103
1.70557
-0.463974
1.479
-0.303479
-0.216847
2.10263
-0.34451
2.6197
-0.907422
1.75442
-1.73511
-0.615987
-1.80968
-0.426336
3.43937
6.57112
7.65523
1.48013
-10.8977
-16.3139
-15.6033
-3.29732
19.2554
32.4597
33.8934
8.72973
-26.3952
-54.8983
-42.127
-0.531231
38.8509
39.6078
7.61825
-17.6644
-5.8457
20.2548
17.4863
-8.68747
-11.83
8.62596
9.5738
-7.36836
-4.63631
9.51717
1.78199
-7.90925
3.87988
7.74603
-7.91619
-3.86985
6.45198
-5.71947
-5.41194
6.53586
-1.90911
-3.95374
6.58117
-1.94219
-4.51675
6.26291
-3.49444
-1.50331
6.50728
-4.00774
-0.00351187
3.68721
-2.88266
4.87986
2.18995
0.141565
7.63551
-0.467253
2.56309
3.7255
-2.84768
7.48578
-2.03592
5.77148
1.58541
2.11314
4.00777
0.602299
1.97678
0.545113
-0.0355424
3.52589
-1.70823
5.30667
-4.73971
4.74266
-5.46058
3.82936
-4.67805
1.10106
-2.16473
-3.88195
1.54913
-3.94768
-3.92388
0.289957
-2.77147
-2.91493
-2.37372
-3.13743
-5.24337
-5.65265
-3.79167
-5.51907
-4.84232
-3.99629
-3.20605
-3.5593
-3.25101
-2.92877
-2.95761
-3.6791
-5.12921
-5.59544
-6.41273
-7.11109
-6.27859
-4.28115
-1.40129
3.19788
8.72485
15.6612
21.6708
23.808
17.9418
3.15166
-24.9153
-57.7822
-71.8497
-55.311
-20.7296
5.70852
7.3377
-0.188281
5.52686
19.6598
17.9382
5.92409
11.7855
20.7505
5.74716
2.7054
18.2104
6.82448
-4.08605
18.2693
3.34085
-3.58876
15.9908
0.144725
-3.65595
17.5938
-12.5415
8.73125
5.6406
-12.6022
17.7998
-12.9304
6.35633
1.54213
-11.8861
13.8237
-15.9946
13.941
-15.9605
11.3938
-12.1377
6.70116
-9.42982
5.68735
-8.17608
1.24797
-1.28131
-2.21547
0.790049
-5.89602
2.39688
-2.6298
2.92499
-5.06761
-1.53208
0.387745
1.64365
-2.3169
-2.79883
-0.989328
0.674503
-1.09788
-0.883688
1.08289
0.265298
-0.786912
-0.138624
2.33795
0.251787
-2.06562
-1.10191
0.827933
2.1242
-0.272479
-0.294922
2.23441
3.45142
2.20245
0.924238
1.10292
4.24901
3.43334
-0.585349
3.34965
2.74311
3.73028
-1.95957
5.87953
1.7975
5.03608
-0.16623
6.50958
4.44662
6.285
1.13965
7.02856
1.28924
5.27866
-6.50477
-3.39752
-21.3699
-43.9284
-41.582
58.2936
165.988
114.363
-66.236
-74.3956
62.2558
27.0671
-74.0505
11.9486
43.649
-64.8229
22.938
17.1117
-51.8919
53.4083
-40.8984
7.13395
14.758
-28.9892
34.7881
-39.654
11.5851
40.934
-66.5646
24.1776
22.0478
-12.1649
-11.3412
0.0275803
4.47362
1.45591
2.11182
-1.54808
-3.20996
0.753891
1.50527
0.475393
-0.840934
-0.0360809
-0.674815
0.723164
-0.821293
-1.38725
1.09133
-0.249582
-0.130082
-0.304806
0.813922
0.632941
-0.844708
0.0961827
0.593429
0.523234
0.074306
-0.31254
0.136312
0.652471
0.156444
0.320675
0.387713
0.524959
-0.414221
-0.0266196
0.396218
0.0275322
-0.161179
-0.226114
0.417661
-1.42495
1.3602
-0.748325
-0.851422
-1.14557
1.1805
0.676565
-0.415885
-0.754218
0.107006
0.180762
0.11732
0.0838984
0.607041
0.408069
-0.618881
0.0477824
-0.0739491
0.28394
0.157528
-0.149321
0.15392
-0.134807
-0.0921344
0.54193
-0.32958
-0.216634
-0.0401296
0.00740109
0.0364735
0.00304356
-0.046067
-0.0183025
-0.0190136
