0.33718
-0.609571
1.14433
-0.351034
0.0477041
0.167783
-0.152431
0.1716
0.0715849
0.148739
-0.150292
0.151685
0.0307106
0.165992
-0.152359
0.17787
0.164801
0.161431
-0.134549
0.16736
0.0243178
0.160735
-0.128452
0.164835
0.0846158
0.171688
-0.157975
0.160453
0.0246902
0.162519
-0.142742
0.167334
0.33718
0.167334
-0.142742
0.162519
0.0246902
0.160453
-0.157975
0.171688
0.0846158
0.164835
-0.128452
0.160735
0.0243178
0.16736
-0.134549
0.161431
0.164801
0.17787
-0.152359
0.165992
0.0307106
0.151685
-0.150292
0.148739
0.0715849
0.1716
-0.152431
0.167783
0.0477041
-0.351034
1.14433
-0.609571
