0
3.71153
6.60006
2.64753
9.14839
7.15225
3.57223
-10.7035
7.37499
6.71636
1.42547
0.480527
-13.1997
7.64008
12.7142
-4.23117
-6.00028
-10.4985
-1.57644
9.76202
3.39733
-3.12399
8.65917
1.9141
3.0556
-15.8514
-6.87399
-3.88447
-3.43693
6.5748
-11.7246
-9.38693
-8.00047
-8.48151
-1.98064
-10.9314
14.1546
11.1366
4.14756
-15.9249
13.2641
-1.05022
-2.7078
-5.86307
2.90717
-7.69207
-7.69709
-10.9511
-19.6216
-2.18704
1.88484
-4.45607
-4.45546
0.421046
1.52276
-7.14104
-4.90274
7.30893
1.92534
5.43585
7.57284
1.98654
-13.2385
4.67873
5.46114
-0.903695
6.82181
-20.2841
-1.79982
7.64156
-4.01445
-3.95336
-7.26973
9.43203
2.98755
4.89274
0.39579
-6.11535
8.60465
-5.35806
15.7348
4.00198
-4.28999
1.31331
2.04722
-4.66357
5.92488
-5.68261
11.3004
-1.67444
1.92018
5.82031
-5.8037
1.21977
-10.2751
3.50183
-12.5531
-1.06651
1.04126
7.81553
4.70813
10.6757
3.12555
-1.65055
-2.19752
2.16153
13.8414
-1.7675
-9.36819
-16.2726
0.290532
5.87715
0.181197
-1.97157
-0.499534
-11.8029
0.874007
-0.238674
-3.11907
0.689643
-5.54084
-1.67651
3.74279
-0.400226
-0.217385
0.916045
-3.41098
-5.95955
-1.2569
7.96581
3.50095
-1.23774
2.15511
5.20237
-2.75509
-1.55281
11.2108
-5.01283
-0.304811
2.4563
-2.71103
7.10738
3.01942
1.37539
-3.17996
-10.6925
-3.4564
14.2763
11.0141
6.06487
-7.99641
2.80788
6.68882
1.84299
-0.263207
-12.6384
-1.46931
-8.45844
-4.99927
4.02044
14.6605
-5.47522
11.4172
-2.116
6.60348
-6.15396
1.31454
5.37122
-10.0106
1.50542
-5.66637
5.17388
-4.03687
0.512916
5.27478
3.25032
-12.6134
5.00582
-4.52659
2.04228
3.12248
-4.00452
-3.01484
-16.7893
5.13217
3.8885
2.62666
-9.2991
-3.63704
15.1197
-5.95925
-1.17015
-3.03997
-9.69213
9.82602
0.199904
-6.36326
-10.4568
-0.93336
-6.82729
4.0738
4.90665
2.37109
-5.13352
1.29991
1.29094
0.191328
0.665615
13.1318
11.4776
13.0071
7.35972
-3.62245
9.75879
7.82666
2.81608
-12.169
16.5508
-3.21613
-4.41968
-16.5597
3.81793
-2.21449
5.93507
5.02459
11.1728
8.54343
-9.95554
-0.97857
1.59877
7.23425
16.6915
-0.660634
4.08128
-10.2366
4.8079
-6.19437
-10.6815
-1.40678
8.14165
10.6689
6.77577
-8.47333
-9.16275
18.5846
0.0470583
4.06451
-4.81959
-8.0938
9.40826
-0.461126
-4.83918
-11.2614
-2.97875
-7.353
-6.68253
